OA,ts0380001,ts0380002,ts0380003,ts0380004,ts0380005,ts0380006,ts0380007,ts0380002_PCT,ts0380003_PCT,ts0380004_PCT,ts0380005_PCT,ts0380006_PCT,ts0380007_PCT
E00026945,506,73,36,37,433,12,421,14.42687747035573,7.114624505928854,7.312252964426877,85.57312252964427,2.371541501976284,83.20158102766798
E00026946,399,84,37,47,315,16,299,21.052631578947366,9.273182957393484,11.779448621553884,78.94736842105263,4.010025062656641,74.93734335839599
E00026948,134,35,18,17,99,4,95,26.119402985074625,13.432835820895523,12.686567164179104,73.88059701492537,2.9850746268656714,70.8955223880597
E00026949,482,98,69,29,384,9,375,20.33195020746888,14.315352697095435,6.016597510373444,79.66804979253112,1.8672199170124482,77.80082987551867
E00026950,345,60,36,24,285,11,274,17.391304347826086,10.434782608695652,6.956521739130435,82.6086956521739,3.1884057971014492,79.42028985507247
E00026952,497,57,26,31,440,9,431,11.468812877263582,5.23138832997988,6.237424547283702,88.53118712273643,1.8108651911468814,86.72032193158954
E00026953,544,97,50,47,447,11,436,17.830882352941178,9.191176470588236,8.63970588235294,82.16911764705883,2.0220588235294117,80.14705882352942
E00026954,548,48,23,25,500,9,491,8.75912408759124,4.197080291970803,4.562043795620438,91.24087591240875,1.6423357664233578,89.59854014598541
E00026957,336,120,74,46,216,17,199,35.714285714285715,22.023809523809522,13.690476190476192,64.28571428571429,5.059523809523809,59.226190476190474
E00026958,408,51,24,27,357,18,339,12.5,5.88235294117647,6.61764705882353,87.5,4.411764705882353,83.08823529411765
E00026959,437,100,50,50,337,24,313,22.883295194508012,11.441647597254006,11.441647597254006,77.11670480549199,5.491990846681922,71.62471395881008
E00026960,362,52,29,23,310,11,299,14.3646408839779,8.011049723756907,6.353591160220995,85.6353591160221,3.0386740331491713,82.59668508287292
E00026961,139,22,10,12,117,12,105,15.827338129496402,7.1942446043165464,8.633093525179856,84.17266187050359,8.633093525179856,75.53956834532374
E00026962,376,66,34,32,310,18,292,17.5531914893617,9.042553191489363,8.51063829787234,82.4468085106383,4.787234042553192,77.6595744680851
E00026963,440,97,51,46,343,19,324,22.045454545454547,11.59090909090909,10.454545454545453,77.95454545454545,4.318181818181818,73.63636363636363
E00026964,317,80,31,49,237,15,222,25.236593059936908,9.779179810725552,15.457413249211358,74.76340694006309,4.73186119873817,70.03154574132492
E00026965,267,67,39,28,200,15,185,25.0936329588015,14.606741573033707,10.486891385767791,74.90636704119851,5.617977528089887,69.28838951310861
E00026966,258,70,29,41,188,18,170,27.131782945736433,11.24031007751938,15.891472868217054,72.86821705426357,6.976744186046512,65.89147286821705
E00026967,406,97,49,48,309,24,285,23.891625615763548,12.068965517241379,11.822660098522167,76.10837438423646,5.911330049261084,70.19704433497537
E00026968,267,47,23,24,220,13,207,17.60299625468165,8.614232209737828,8.98876404494382,82.39700374531836,4.868913857677903,77.52808988764045
E00026969,377,141,75,66,236,16,220,37.40053050397878,19.893899204244033,17.50663129973475,62.59946949602122,4.244031830238726,58.355437665782496
E00026970,371,80,47,33,291,16,275,21.563342318059302,12.668463611859837,8.89487870619946,78.4366576819407,4.31266846361186,74.12398921832884
E00026971,423,96,46,50,327,23,304,22.69503546099291,10.874704491725769,11.82033096926714,77.30496453900709,5.4373522458628845,71.8676122931442
E00026972,367,97,52,45,270,16,254,26.430517711171664,14.168937329700274,12.26158038147139,73.56948228882834,4.35967302452316,69.20980926430518
E00026973,593,141,84,57,452,10,442,23.77740303541315,14.165261382799327,9.612141652613827,76.22259696458684,1.6863406408094435,74.53625632377741
E00026974,590,83,47,36,507,10,497,14.067796610169491,7.966101694915253,6.101694915254238,85.9322033898305,1.694915254237288,84.23728813559322
E00026975,427,57,31,26,370,11,359,13.348946135831383,7.259953161592506,6.0889929742388755,86.65105386416862,2.576112412177986,84.07494145199064
E00026976,547,65,44,21,482,12,470,11.882998171846435,8.043875685557587,3.8391224862888484,88.11700182815356,2.1937842778793417,85.92321755027422
E00026977,238,32,13,19,206,20,186,13.445378151260504,5.46218487394958,7.9831932773109235,86.5546218487395,8.403361344537815,78.15126050420169
E00026978,317,48,24,24,269,25,244,15.141955835962145,7.570977917981073,7.570977917981073,84.85804416403786,7.886435331230284,76.97160883280758
E00026979,258,37,13,24,221,23,198,14.34108527131783,5.038759689922481,9.30232558139535,85.65891472868216,8.914728682170542,76.74418604651163
E00026980,373,46,18,28,327,24,303,12.332439678284182,4.825737265415549,7.506702412868632,87.66756032171583,6.434316353887399,81.23324396782841
E00026981,366,47,17,30,319,19,300,12.841530054644808,4.644808743169399,8.19672131147541,87.1584699453552,5.191256830601093,81.9672131147541
E00026983,334,57,19,38,277,21,256,17.065868263473057,5.688622754491018,11.377245508982035,82.93413173652695,6.287425149700598,76.64670658682635
E00026984,512,70,29,41,442,27,415,13.671875,5.6640625,8.0078125,86.328125,5.2734375,81.0546875
E00026985,338,80,41,39,258,13,245,23.668639053254438,12.1301775147929,11.538461538461538,76.33136094674556,3.8461538461538463,72.48520710059172
E00026986,330,74,44,30,256,6,250,22.424242424242426,13.333333333333334,9.090909090909092,77.57575757575758,1.8181818181818181,75.75757575757575
E00026987,295,53,24,29,242,18,224,17.966101694915253,8.135593220338983,9.830508474576272,82.03389830508473,6.101694915254238,75.9322033898305
E00026988,299,56,25,31,243,30,213,18.729096989966553,8.361204013377927,10.367892976588628,81.27090301003345,10.033444816053512,71.23745819397993
E00026989,293,61,37,24,232,4,228,20.819112627986346,12.627986348122866,8.19112627986348,79.18088737201366,1.3651877133105803,77.81569965870307
E00026990,310,39,9,30,271,25,246,12.580645161290322,2.903225806451613,9.67741935483871,87.41935483870968,8.064516129032258,79.35483870967742
E00026991,315,49,21,28,266,24,242,15.555555555555555,6.666666666666667,8.88888888888889,84.44444444444444,7.6190476190476195,76.82539682539684
E00026992,260,48,23,25,212,15,197,18.461538461538463,8.846153846153847,9.615384615384617,81.53846153846153,5.769230769230769,75.76923076923077
E00026993,284,73,38,35,211,12,199,25.704225352112676,13.380281690140844,12.323943661971832,74.29577464788733,4.225352112676056,70.07042253521126
E00026994,317,57,22,35,260,19,241,17.981072555205046,6.940063091482649,11.041009463722396,82.01892744479495,5.993690851735016,76.02523659305994
E00026995,281,77,36,41,204,8,196,27.402135231316727,12.811387900355871,14.590747330960854,72.59786476868328,2.8469750889679712,69.7508896797153
E00026996,231,47,26,21,184,15,169,20.346320346320347,11.255411255411255,9.090909090909092,79.65367965367966,6.493506493506493,73.16017316017316
E00026997,352,93,48,45,259,16,243,26.420454545454547,13.636363636363635,12.784090909090908,73.57954545454545,4.545454545454546,69.0340909090909
E00026998,254,61,27,34,193,11,182,24.015748031496063,10.62992125984252,13.385826771653544,75.98425196850394,4.330708661417323,71.65354330708661
E00026999,265,51,26,25,214,21,193,19.245283018867926,9.811320754716983,9.433962264150944,80.75471698113208,7.9245283018867925,72.83018867924528
E00027000,453,66,31,35,387,29,358,14.56953642384106,6.843267108167771,7.72626931567329,85.43046357615894,6.401766004415011,79.02869757174393
E00027001,283,51,26,25,232,12,220,18.021201413427562,9.187279151943462,8.8339222614841,81.97879858657244,4.240282685512367,77.73851590106007
E00027002,421,64,31,33,357,19,338,15.201900237529692,7.363420427553444,7.8384798099762465,84.798099762470315,4.513064133016627,80.28503562945369
E00027003,274,49,20,29,225,11,214,17.88321167883212,7.2992700729927,10.583941605839415,82.11678832116789,4.014598540145985,78.1021897810219
E00027004,303,49,19,30,254,21,233,16.17161716171617,6.270627062706271,9.900990099009901,83.82838283828383,6.9306930693069315,76.89768976897689
E00027005,258,55,23,32,203,14,189,21.31782945736434,8.914728682170542,12.4031007751938,78.68217054263566,5.426356589147287,73.25581395348837
E00027006,578,97,49,48,481,29,452,16.782006920415224,8.477508650519031,8.304498269896193,83.21799307958477,5.017301038062284,78.20069204152249
E00027007,516,122,62,60,394,28,366,23.643410852713178,12.015503875968992,11.627906976744185,76.35658914728683,5.426356589147287,70.93023255813954
E00027008,323,70,30,40,253,20,233,21.671826625387,9.287925696594428,12.38390092879257,78.328173374613,6.191950464396285,72.13622291021672
E00027009,267,68,42,26,199,11,188,25.468164794007492,15.730337078651685,9.737827715355806,74.53183520599251,4.119850187265917,70.4119850187266
E00027010,353,71,27,44,282,18,264,20.113314447592067,7.64872521246459,12.464589235127479,79.88668555240793,5.099150141643059,74.78753541076487
E00027011,334,56,23,33,278,27,251,16.766467065868262,6.88622754491018,9.880239520958083,83.23353293413174,8.08383233532934,75.1497005988024
E00027012,283,50,21,29,233,27,206,17.6678445229682,7.420494699646643,10.247349823321555,82.3321554770318,9.540636042402827,72.79151943462897
E00027013,245,54,25,29,191,17,174,22.040816326530614,10.204081632653061,11.83673469387755,77.9591836734694,6.938775510204081,71.0204081632653
E00027014,370,55,13,42,315,21,294,14.864864864864865,3.5135135135135136,11.351351351351353,85.13513513513513,5.675675675675676,79.45945945945945
E00027015,283,53,28,25,230,20,210,18.727915194346288,9.89399293286219,8.8339222614841,81.2720848056537,7.06713780918728,74.20494699646643
E00027016,284,97,62,35,187,15,172,34.154929577464785,21.830985915492956,12.323943661971832,65.84507042253522,5.28169014084507,60.56338028169014
E00027017,389,76,37,39,313,16,297,19.53727506426735,9.511568123393316,10.025706940874036,80.46272493573264,4.113110539845758,76.34961439588689
E00027018,262,68,33,35,194,15,179,25.954198473282442,12.595419847328243,13.358778625954198,74.04580152671755,5.7251908396946565,68.32061068702289
E00027019,276,51,31,20,225,14,211,18.478260869565215,11.231884057971014,7.246376811594203,81.52173913043478,5.072463768115942,76.44927536231883
E00027020,347,48,15,33,299,31,268,13.8328530259366,4.322766570605188,9.510086455331413,86.1671469740634,8.93371757925072,77.23342939481267
E00027021,381,86,46,40,295,14,281,22.57217847769029,12.073490813648293,10.498687664041995,77.42782152230971,3.674540682414698,73.75328083989501
E00027022,320,57,21,36,263,24,239,17.8125,6.5625,11.25,82.1875,7.5,74.6875
E00027023,298,49,17,32,249,17,232,16.44295302013423,5.704697986577181,10.738255033557047,83.55704697986577,5.704697986577181,77.85234899328859
E00027024,275,41,13,28,234,19,215,14.909090909090908,4.7272727272727275,10.181818181818182,85.0909090909091,6.909090909090909,78.18181818181819
E00027025,320,42,16,26,278,21,257,13.125,5,8.125,86.875,6.5625,80.3125
E00027026,350,66,25,41,284,20,264,18.857142857142858,7.142857142857142,11.714285714285715,81.14285714285714,5.714285714285714,75.42857142857143
E00027027,281,54,15,39,227,17,210,19.217081850533805,5.338078291814947,13.87900355871886,80.78291814946618,6.049822064056939,74.73309608540926
E00027029,330,52,22,30,278,23,255,15.757575757575756,6.666666666666667,9.090909090909092,84.24242424242424,6.969696969696971,77.27272727272727
E00027030,461,46,16,30,415,13,402,9.97830802603037,3.470715835140998,6.507592190889371,90.02169197396964,2.8199566160520604,87.20173535791757
E00027031,324,71,40,31,253,20,233,21.91358024691358,12.345679012345679,9.5679012345679,78.08641975308642,6.172839506172839,71.91358024691358
E00027032,384,59,28,31,325,20,305,15.364583333333334,7.291666666666667,8.072916666666668,84.63541666666666,5.208333333333334,79.42708333333334
E00027033,343,32,11,21,311,23,288,9.329446064139942,3.206997084548105,6.122448979591836,90.67055393586006,6.705539358600583,83.96501457725948
E00027034,322,50,17,33,272,26,246,15.527950310559005,5.279503105590062,10.248447204968944,84.472049689441,8.074534161490684,76.3975155279503
E00027035,270,46,13,33,224,24,200,17.037037037037038,4.814814814814815,12.222222222222221,82.96296296296296,8.88888888888889,74.07407407407408
E00027036,363,58,26,32,305,15,290,15.977961432506888,7.162534435261708,8.81542699724518,84.02203856749311,4.132231404958678,79.88980716253444
E00027037,407,58,29,29,349,5,344,14.250614250614252,7.125307125307126,7.125307125307126,85.74938574938575,1.2285012285012284,84.52088452088452
E00027038,279,76,46,30,203,10,193,27.24014336917563,16.48745519713262,10.75268817204301,72.75985663082437,3.584229390681003,69.17562724014337
E00027039,332,45,13,32,287,18,269,13.55421686746988,3.91566265060241,9.63855421686747,86.44578313253012,5.421686746987952,81.02409638554217
E00027040,349,29,11,18,320,20,300,8.30945558739255,3.151862464183381,5.157593123209169,91.69054441260745,5.730659025787966,85.95988538681948
E00027041,298,46,15,31,252,28,224,15.436241610738255,5.033557046979865,10.40268456375839,84.56375838926175,9.395973154362416,75.16778523489933
E00027043,364,85,54,31,279,12,267,23.35164835164835,14.835164835164836,8.516483516483516,76.64835164835165,3.296703296703297,73.35164835164835
E00027044,281,50,24,26,231,17,214,17.793594306049823,8.540925266903916,9.252669039145907,82.20640569395017,6.049822064056939,76.15658362989323
E00027045,303,38,14,24,265,30,235,12.541254125412541,4.62046204620462,7.920792079207921,87.45874587458746,9.900990099009901,77.55775577557755
E00027046,397,37,14,23,360,37,323,9.319899244332493,3.5264483627204033,5.793450881612091,90.6801007556675,9.319899244332493,81.36020151133502
E00027047,401,75,34,41,326,14,312,18.703241895261847,8.478802992518704,10.224438902743142,81.29675810473816,3.4912718204488775,77.80548628428927
E00027048,269,60,25,35,209,16,193,22.304832713754646,9.293680297397769,13.011152416356877,77.69516728624535,5.947955390334572,71.74721189591078
E00027049,286,52,22,30,234,25,209,18.181818181818183,7.6923076923076925,10.48951048951049,81.81818181818183,8.741258741258742,73.07692307692307
E00027050,380,57,21,36,323,24,299,15,5.526315789473684,9.473684210526317,85,6.315789473684211,78.6842105263158
E00027051,413,85,41,44,328,20,308,20.581113801452787,9.927360774818402,10.653753026634384,79.41888619854721,4.8426150121065374,74.57627118644068
E00027052,346,82,43,39,264,22,242,23.699421965317917,12.427745664739884,11.271676300578035,76.30057803468208,6.358381502890173,69.94219653179191
E00027053,239,38,15,23,201,15,186,15.899581589958158,6.2761506276150625,9.623430962343097,84.10041841004184,6.2761506276150625,77.82426778242679
E00027054,271,46,22,24,225,19,206,16.974169741697416,8.118081180811808,8.856088560885608,83.02583025830258,7.011070110701106,76.01476014760148
E00027055,336,57,18,39,279,27,252,16.964285714285715,5.357142857142857,11.607142857142858,83.03571428571429,8.035714285714286,75
E00027056,264,63,30,33,201,13,188,23.863636363636363,11.363636363636363,12.5,76.13636363636364,4.924242424242424,71.21212121212122
E00027057,357,60,28,32,297,23,274,16.80672268907563,7.8431372549019605,8.96358543417367,83.19327731092437,6.442577030812324,76.75070028011206
E00027058,297,91,48,43,206,26,180,30.63973063973064,16.161616161616163,14.47811447811448,69.36026936026936,8.754208754208754,60.60606060606061
E00027059,330,45,26,19,285,21,264,13.636363636363635,7.878787878787878,5.757575757575758,86.36363636363636,6.363636363636363,80
E00027060,295,52,28,24,243,20,223,17.627118644067796,9.491525423728813,8.135593220338983,82.37288135593221,6.779661016949152,75.59322033898304
E00027061,394,62,31,31,332,21,311,15.736040609137056,7.868020304568528,7.868020304568528,84.26395939086294,5.32994923857868,78.93401015228426
E00027062,315,77,40,37,238,20,218,24.444444444444443,12.698412698412698,11.746031746031745,75.55555555555556,6.349206349206349,69.2063492063492
E00027063,390,75,36,39,315,14,301,19.230769230769234,9.230769230769232,10,80.76923076923077,3.5897435897435894,77.17948717948718
E00027065,205,65,35,30,140,11,129,31.70731707317073,17.073170731707318,14.634146341463413,68.29268292682927,5.365853658536586,62.926829268292686
E00027066,378,56,28,28,322,30,292,14.814814814814813,7.4074074074074066,7.4074074074074066,85.18518518518519,7.936507936507936,77.24867724867724
E00027067,309,68,31,37,241,21,220,22.006472491909385,10.032362459546926,11.974110032362459,77.99352750809061,6.796116504854369,71.19741100323624
E00027068,280,46,23,23,234,31,203,16.428571428571427,8.214285714285714,8.214285714285714,83.57142857142857,11.071428571428571,72.5
E00027069,261,76,38,38,185,15,170,29.118773946360154,14.559386973180077,14.559386973180077,70.88122605363985,5.747126436781609,65.13409961685824
E00027070,266,51,24,27,215,7,208,19.172932330827066,9.022556390977442,10.150375939849624,80.82706766917293,2.631578947368421,78.19548872180451
E00027071,257,55,26,29,202,9,193,21.40077821011673,10.116731517509727,11.284046692607005,78.59922178988327,3.501945525291829,75.09727626459144
E00027072,345,76,32,44,269,25,244,22.028985507246375,9.27536231884058,12.753623188405797,77.97101449275362,7.246376811594203,70.72463768115942
E00027073,278,66,41,25,212,14,198,23.741007194244602,14.748201438848922,8.992805755395683,76.2589928057554,5.0359712230215825,71.22302158273382
E00027074,272,54,19,35,218,16,202,19.852941176470587,6.985294117647059,12.867647058823529,80.14705882352942,5.88235294117647,74.26470588235294
E00027075,341,48,22,26,293,25,268,14.076246334310852,6.451612903225806,7.624633431085044,85.92375366568915,7.331378299120235,78.59237536656892
E00027076,257,40,14,26,217,18,199,15.56420233463035,5.447470817120623,10.116731517509727,84.43579766536965,7.003891050583658,77.431906614786
E00027077,286,48,23,25,238,21,217,16.783216783216783,8.041958041958042,8.741258741258742,83.21678321678321,7.3426573426573425,75.87412587412588
E00027078,314,78,38,40,236,15,221,24.840764331210192,12.101910828025478,12.738853503184714,75.15923566878982,4.777070063694268,70.38216560509554
E00027079,267,57,31,26,210,13,197,21.34831460674157,11.610486891385769,9.737827715355806,78.65168539325843,4.868913857677903,73.78277153558052
E00027080,445,92,57,35,353,14,339,20.674157303370784,12.808988764044942,7.865168539325842,79.32584269662921,3.146067415730337,76.17977528089888
E00027081,336,91,45,46,245,15,230,27.083333333333332,13.392857142857142,13.690476190476192,72.91666666666666,4.464285714285714,68.45238095238095
E00027082,447,68,38,30,379,14,365,15.212527964205815,8.501118568232663,6.7114093959731544,84.78747203579418,3.131991051454139,81.65548098434004
E00027085,469,51,19,32,418,11,407,10.874200426439232,4.051172707889126,6.823027718550106,89.12579957356077,2.345415778251599,86.78038379530916
E00027086,547,106,57,49,441,15,426,19.378427787934186,10.420475319926874,8.957952468007313,80.62157221206581,2.742230347349177,77.87934186471664
E00027087,502,62,32,30,440,12,428,12.350597609561753,6.374501992031872,5.9760956175298805,87.64940239043824,2.3904382470119523,85.2589641434263
E00027088,218,74,45,29,144,6,138,33.94495412844037,20.642201834862387,13.302752293577983,66.05504587155964,2.7522935779816518,63.30275229357798
E00027089,375,95,46,49,280,14,266,25.333333333333336,12.266666666666666,13.066666666666665,74.66666666666667,3.733333333333334,70.93333333333334
E00027090,401,46,28,18,355,0,355,11.471321695760599,6.982543640897755,4.488778054862843,88.5286783042394,0,88.5286783042394
E00027091,256,82,48,34,174,15,159,32.03125,18.75,13.28125,67.96875,5.859375,62.109375
E00027092,382,67,36,31,315,15,300,17.539267015706805,9.424083769633508,8.115183246073299,82.4607329842932,3.926701570680628,78.53403141361257
E00027093,265,79,44,35,186,15,171,29.81132075471698,16.60377358490566,13.20754716981132,70.18867924528301,5.660377358490567,64.52830188679245
E00027094,525,91,55,36,434,16,418,17.333333333333336,10.476190476190476,6.857142857142858,82.66666666666667,3.0476190476190474,79.61904761904762
E00027095,487,67,31,36,420,10,410,13.75770020533881,6.365503080082135,7.392197125256674,86.242299794661193,2.0533880903490758,84.18891170431212
E00027097,497,90,51,39,407,28,379,18.10865191146881,10.261569416498995,7.847082494969819,81.89134808853119,5.633802816901409,76.25754527162978
E00027099,558,72,33,39,486,29,457,12.903225806451612,5.913978494623656,6.989247311827956,87.09677419354838,5.197132616487455,81.89964157706093
E00027100,304,38,21,17,266,30,236,12.5,6.907894736842106,5.592105263157895,87.5,9.868421052631579,77.63157894736842
E00027101,216,53,34,19,163,9,154,24.537037037037038,15.74074074074074,8.796296296296296,75.46296296296296,4.166666666666666,71.29629629629629
E00027102,449,75,40,35,374,32,342,16.70378619153675,8.908685968819599,7.795100222717149,83.29621380846325,7.126948775055679,76.16926503340757
E00027103,487,94,48,46,393,19,374,19.301848049281315,9.856262833675565,9.44558521560575,80.69815195071868,3.9014373716632447,76.79671457905543
E00027105,361,57,29,28,304,12,292,15.789473684210526,8.033240997229916,7.756232686980609,84.21052631578947,3.32409972299169,80.88642659279779
E00027106,612,81,38,43,531,28,503,13.23529411764706,6.209150326797386,7.026143790849673,86.76470588235294,4.57516339869281,82.18954248366013
E00027107,477,47,20,27,430,13,417,9.853249475890985,4.1928721174004195,5.660377358490567,90.14675052410901,2.7253668763102725,87.42138364779875
E00027108,471,76,34,42,395,10,385,16.13588110403397,7.218683651804671,8.9171974522293,83.86411889596603,2.1231422505307855,81.74097664543525
E00027109,218,35,22,13,183,6,177,16.055045871559635,10.091743119266056,5.963302752293578,83.94495412844036,2.7522935779816518,81.19266055045871
E00027110,472,77,37,40,395,10,385,16.3135593220339,7.838983050847458,8.47457627118644,83.6864406779661,2.11864406779661,81.5677966101695
E00027111,488,57,29,28,431,9,422,11.68032786885246,5.942622950819672,5.737704918032787,88.31967213114754,1.8442622950819672,86.47540983606558
E00027112,387,31,17,14,356,11,345,8.010335917312661,4.3927648578811365,3.6175710594315245,91.98966408268734,2.842377260981912,89.14728682170544
E00027113,384,57,16,41,327,28,299,14.84375,4.166666666666666,10.677083333333332,85.15625,7.291666666666667,77.86458333333334
E00027114,198,69,32,37,129,13,116,34.84848484848485,16.161616161616163,18.68686868686869,65.15151515151516,6.565656565656567,58.58585858585859
E00027115,338,86,39,47,252,25,227,25.443786982248522,11.538461538461538,13.905325443786982,74.55621301775149,7.396449704142012,67.15976331360946
E00027116,378,77,37,40,301,25,276,20.37037037037037,9.788359788359788,10.582010582010582,79.62962962962963,6.613756613756613,73.01587301587301
E00027117,305,61,29,32,244,14,230,20,9.508196721311474,10.491803278688524,80,4.590163934426229,75.40983606557377
E00027118,244,57,27,30,187,15,172,23.36065573770492,11.065573770491802,12.295081967213115,76.63934426229508,6.147540983606557,70.49180327868852
E00027119,325,66,31,35,259,24,235,20.307692307692307,9.538461538461538,10.76923076923077,79.6923076923077,7.384615384615385,72.3076923076923
E00027120,255,68,37,31,187,14,173,26.666666666666668,14.50980392156863,12.156862745098039,73.33333333333333,5.490196078431373,67.84313725490196
E00027121,273,59,21,38,214,29,185,21.611721611721613,7.6923076923076925,13.91941391941392,78.3882783882784,10.622710622710622,67.76556776556777
E00027122,269,43,18,25,226,21,205,15.985130111524162,6.691449814126393,9.293680297397769,84.01486988847584,7.806691449814126,76.2081784386617
E00027123,292,47,17,30,245,24,221,16.095890410958905,5.821917808219178,10.273972602739725,83.9041095890411,8.21917808219178,75.68493150684932
E00027124,305,57,23,34,248,26,222,18.688524590163937,7.540983606557377,11.147540983606557,81.31147540983606,8.524590163934425,72.78688524590164
E00027125,285,64,27,37,221,24,197,22.45614035087719,9.473684210526317,12.982456140350877,77.54385964912281,8.421052631578947,69.12280701754386
E00027126,351,57,18,39,294,31,263,16.23931623931624,5.128205128205128,11.11111111111111,83.76068376068376,8.831908831908832,74.92877492877493
E00027127,233,45,20,25,188,17,171,19.313304721030043,8.583690987124463,10.72961373390558,80.68669527896995,7.296137339055794,73.39055793991416
E00027128,209,42,21,21,167,17,150,20.095693779904305,10.047846889952153,10.047846889952153,79.90430622009569,8.133971291866029,71.77033492822966
E00027129,263,61,31,30,202,22,180,23.193916349809886,11.787072243346007,11.406844106463879,76.80608365019012,8.365019011406844,68.44106463878326
E00027130,258,52,23,29,206,25,181,20.155038759689923,8.914728682170542,11.24031007751938,79.84496124031007,9.689922480620156,70.15503875968993
E00027131,272,62,34,28,210,17,193,22.794117647058822,12.5,10.294117647058822,77.20588235294117,6.25,70.95588235294117
E00027132,307,68,25,43,239,29,210,22.149837133550488,8.143322475570033,14.006514657980457,77.85016286644951,9.446254071661238,68.40390879478826
E00027133,254,74,37,37,180,16,164,29.133858267716533,14.566929133858267,14.566929133858267,70.86614173228347,6.299212598425196,64.56692913385827
E00027134,270,60,35,25,210,22,188,22.22222222222222,12.962962962962962,9.25925925925926,77.77777777777779,8.148148148148149,69.62962962962963
E00027135,207,47,19,28,160,21,139,22.705314009661837,9.178743961352657,13.526570048309178,77.29468599033817,10.144927536231885,67.14975845410628
E00027136,231,45,15,30,186,20,166,19.480519480519483,6.493506493506493,12.987012987012985,80.51948051948052,8.658008658008658,71.86147186147186
E00027137,192,47,22,25,145,13,132,24.479166666666664,11.458333333333332,13.020833333333334,75.52083333333334,6.770833333333333,68.75
E00027138,288,50,17,33,238,21,217,17.36111111111111,5.902777777777778,11.458333333333332,82.63888888888889,7.291666666666667,75.34722222222221
E00027139,201,32,12,20,169,11,158,15.92039800995025,5.970149253731343,9.950248756218906,84.07960199004975,5.472636815920398,78.60696517412936
E00027140,276,53,28,25,223,18,205,19.202898550724637,10.144927536231885,9.057971014492754,80.79710144927536,6.521739130434782,74.27536231884058
E00027141,319,54,22,32,265,19,246,16.927899686520377,6.896551724137931,10.031347962382444,83.07210031347962,5.956112852664576,77.11598746081505
E00027142,312,69,29,40,243,25,218,22.115384615384613,9.294871794871796,12.82051282051282,77.88461538461539,8.012820512820513,69.87179487179486
E00027143,259,43,21,22,216,17,199,16.602316602316602,8.108108108108109,8.494208494208493,83.3976833976834,6.563706563706563,76.83397683397683
E00027144,318,50,19,31,268,25,243,15.723270440251572,5.9748427672955975,9.748427672955975,84.27672955974843,7.861635220125786,76.41509433962264
E00027145,323,48,14,34,275,29,246,14.860681114551083,4.3343653250774,10.526315789473683,85.13931888544892,8.978328173374612,76.16099071207431
E00027146,276,45,17,28,231,24,207,16.304347826086957,6.159420289855073,10.144927536231885,83.69565217391305,8.695652173913043,75
E00027147,239,38,16,22,201,21,180,15.899581589958158,6.694560669456067,9.205020920502092,84.10041841004184,8.786610878661087,75.31380753138075
E00027148,272,44,17,27,228,26,202,16.176470588235293,6.25,9.926470588235293,83.82352941176471,9.558823529411764,74.26470588235294
E00027149,340,61,32,29,279,24,255,17.941176470588236,9.411764705882353,8.529411764705882,82.05882352941177,7.0588235294117645,75
E00027150,217,53,26,27,164,12,152,24.42396313364055,11.981566820276496,12.442396313364055,75.57603686635944,5.529953917050691,70.04608294930875
E00027151,432,159,69,90,273,12,261,36.80555555555556,15.972222222222221,20.833333333333336,63.19444444444444,2.7777777777777777,60.416666666666664
E00027152,433,53,26,27,380,29,351,12.240184757505773,6.0046189376443415,6.235565819861432,87.75981524249423,6.697459584295612,81.06235565819861
E00027153,297,85,44,41,212,25,187,28.619528619528616,14.814814814814813,13.804713804713806,71.38047138047138,8.417508417508419,62.96296296296296
E00027154,283,37,20,17,246,27,219,13.074204946996467,7.06713780918728,6.007067137809187,86.92579505300353,9.540636042402827,77.3851590106007
E00027155,319,78,40,38,241,23,218,24.45141065830721,12.539184952978054,11.912225705329153,75.54858934169279,7.210031347962382,68.3385579937304
E00027156,295,46,26,20,249,26,223,15.593220338983052,8.813559322033898,6.779661016949152,84.40677966101696,8.813559322033898,75.59322033898304
E00027157,333,62,29,33,271,19,252,18.61861861861862,8.708708708708707,9.90990990990991,81.38138138138137,5.7057057057057055,75.67567567567568
E00027158,322,63,28,35,259,21,238,19.565217391304348,8.695652173913043,10.869565217391305,80.43478260869566,6.521739130434782,73.91304347826086
E00027159,266,68,39,29,198,18,180,25.563909774436087,14.661654135338345,10.902255639097744,74.43609022556392,6.7669172932330826,67.66917293233082
E00027160,360,63,22,41,297,21,276,17.5,6.111111111111111,11.38888888888889,82.5,5.833333333333333,76.66666666666667
E00027161,259,56,31,25,203,18,185,21.62162162162162,11.96911196911197,9.652509652509652,78.37837837837837,6.94980694980695,71.42857142857143
E00027162,273,57,27,30,216,18,198,20.87912087912088,9.89010989010989,10.989010989010989,79.12087912087912,6.593406593406594,72.52747252747253
E00027163,282,55,18,37,227,20,207,19.50354609929078,6.382978723404255,13.120567375886525,80.49645390070921,7.092198581560284,73.40425531914893
E00027164,318,70,37,33,248,21,227,22.0125786163522,11.635220125786164,10.377358490566039,77.9874213836478,6.60377358490566,71.38364779874213
E00027165,308,88,36,52,220,14,206,28.57142857142857,11.688311688311687,16.883116883116884,71.42857142857143,4.545454545454546,66.88311688311688
E00027166,245,38,16,22,207,15,192,15.510204081632653,6.530612244897959,8.979591836734693,84.48979591836735,6.122448979591836,78.36734693877551
E00027167,304,46,26,20,258,21,237,15.131578947368421,8.552631578947368,6.578947368421052,84.86842105263158,6.907894736842106,77.96052631578947
E00027168,275,45,15,30,230,23,207,16.363636363636363,5.454545454545454,10.909090909090908,83.63636363636363,8.363636363636363,75.27272727272727
E00027169,243,40,24,16,203,12,191,16.46090534979424,9.876543209876543,6.584362139917696,83.53909465020575,4.938271604938271,78.60082304526749
E00027170,324,61,26,35,263,18,245,18.82716049382716,8.024691358024691,10.802469135802468,81.17283950617285,5.555555555555555,75.61728395061729
E00027171,268,44,17,27,224,18,206,16.417910447761194,6.343283582089552,10.074626865671641,83.5820895522388,6.7164179104477615,76.86567164179104
E00027172,196,54,29,25,142,13,129,27.55102040816326,14.795918367346939,12.755102040816327,72.44897959183673,6.63265306122449,65.81632653061224
E00027173,284,43,10,33,241,17,224,15.140845070422534,3.5211267605633805,11.619718309859154,84.85915492957746,5.985915492957746,78.87323943661971
E00027174,221,51,25,26,170,11,159,23.076923076923077,11.312217194570136,11.76470588235294,76.92307692307693,4.97737556561086,71.94570135746606
E00027175,402,72,36,36,330,26,304,17.91044776119403,8.955223880597014,8.955223880597014,82.08955223880598,6.467661691542288,75.62189054726367
E00027176,295,43,19,24,252,23,229,14.576271186440678,6.440677966101695,8.135593220338983,85.42372881355932,7.796610169491526,77.62711864406779
E00027177,170,87,57,30,83,6,77,51.17647058823529,33.52941176470588,17.647058823529413,48.8235294117647,3.5294117647058822,45.294117647058826
E00027178,244,45,18,27,199,13,186,18.442622950819672,7.377049180327869,11.065573770491802,81.55737704918032,5.327868852459016,76.22950819672131
E00027179,425,67,33,34,358,25,333,15.764705882352942,7.764705882352942,8,84.23529411764706,5.88235294117647,78.3529411764706
E00027180,254,36,16,20,218,8,210,14.173228346456693,6.299212598425196,7.874015748031496,85.8267716535433,3.149606299212598,82.67716535433071
E00027181,326,42,20,22,284,26,258,12.883435582822086,6.134969325153374,6.748466257668712,87.11656441717791,7.975460122699387,79.14110429447852
E00027182,220,52,21,31,168,11,157,23.636363636363637,9.545454545454547,14.09090909090909,76.36363636363637,5,71.36363636363636
E00027183,299,60,30,30,239,20,219,20.066889632107024,10.033444816053512,10.033444816053512,79.93311036789298,6.688963210702341,73.24414715719062
E00027184,216,47,23,24,169,21,148,21.75925925925926,10.648148148148149,11.11111111111111,78.24074074074075,9.722222222222223,68.51851851851852
E00027185,373,45,17,28,328,31,297,12.064343163538874,4.557640750670242,7.506702412868632,87.93565683646113,8.310991957104557,79.62466487935657
E00027186,282,58,28,30,224,19,205,20.56737588652482,9.929078014184398,10.638297872340425,79.43262411347519,6.73758865248227,72.69503546099291
E00027187,306,67,35,32,239,20,219,21.895424836601308,11.437908496732026,10.457516339869281,78.10457516339869,6.535947712418301,71.56862745098039
E00027189,279,55,20,35,224,18,206,19.71326164874552,7.168458781362006,12.544802867383511,80.28673835125448,6.451612903225806,73.83512544802868
E00027190,349,53,20,33,296,22,274,15.18624641833811,5.730659025787966,9.455587392550143,84.81375358166189,6.303724928366762,78.51002865329512
E00027191,337,119,85,34,218,15,203,35.311572700296736,25.222551928783382,10.089020771513352,64.68842729970326,4.451038575667656,60.23738872403561
E00027192,372,52,18,34,320,17,303,13.978494623655912,4.838709677419355,9.13978494623656,86.02150537634408,4.56989247311828,81.45161290322581
E00027193,266,67,33,34,199,8,191,25.18796992481203,12.406015037593985,12.781954887218044,74.81203007518798,3.007518796992481,71.80451127819549
E00027194,343,64,32,32,279,19,260,18.658892128279884,9.329446064139942,9.329446064139942,81.34110787172013,5.539358600583091,75.80174927113703
E00027195,219,62,29,33,157,12,145,28.31050228310502,13.24200913242009,15.068493150684931,71.68949771689498,5.47945205479452,66.21004566210046
E00027196,267,55,27,28,212,17,195,20.59925093632959,10.112359550561797,10.486891385767791,79.40074906367042,6.367041198501873,73.03370786516854
E00027197,271,48,28,20,223,13,210,17.712177121771216,10.33210332103321,7.380073800738007,82.28782287822878,4.797047970479705,77.49077490774908
E00027198,182,70,34,36,112,0,112,38.46153846153847,18.681318681318682,19.78021978021978,61.53846153846154,0,61.53846153846154
E00027199,301,52,19,33,249,22,227,17.275747508305646,6.312292358803987,10.96345514950166,82.72425249169434,7.308970099667775,75.41528239202658
E00027200,339,57,26,31,282,26,256,16.8141592920354,7.669616519174041,9.144542772861357,83.1858407079646,7.669616519174041,75.51622418879056
E00027201,304,86,40,46,218,18,200,28.289473684210524,13.157894736842104,15.131578947368421,71.71052631578947,5.921052631578947,65.78947368421053
E00027202,305,42,17,25,263,25,238,13.77049180327869,5.573770491803279,8.19672131147541,86.22950819672131,8.19672131147541,78.0327868852459
E00027203,315,66,37,29,249,17,232,20.952380952380953,11.746031746031745,9.206349206349207,79.04761904761905,5.396825396825397,73.65079365079366
E00027204,282,50,18,32,232,17,215,17.73049645390071,6.382978723404255,11.347517730496454,82.26950354609929,6.028368794326241,76.24113475177306
E00027205,237,70,39,31,167,14,153,29.535864978902953,16.455696202531644,13.080168776371309,70.46413502109705,5.9071729957805905,64.55696202531645
E00027206,327,55,22,33,272,31,241,16.819571865443425,6.727828746177369,10.091743119266056,83.18042813455658,9.480122324159021,73.70030581039755
E00027207,246,55,27,28,191,21,170,22.35772357723577,10.975609756097562,11.38211382113821,77.64227642276423,8.536585365853659,69.10569105691057
E00027208,292,63,31,32,229,16,213,21.575342465753426,10.616438356164384,10.95890410958904,78.42465753424658,5.47945205479452,72.94520547945206
E00027209,297,40,23,17,257,14,243,13.468013468013467,7.744107744107744,5.723905723905724,86.53198653198653,4.713804713804714,81.81818181818183
E00027210,332,54,25,29,278,27,251,16.265060240963855,7.530120481927711,8.734939759036145,83.73493975903614,8.132530120481928,75.6024096385542
E00027211,301,48,25,23,253,17,236,15.946843853820598,8.305647840531561,7.641196013289036,84.0531561461794,5.647840531561462,78.40531561461795
E00027212,310,70,31,39,240,22,218,22.58064516129032,10,12.580645161290322,77.41935483870968,7.096774193548387,70.3225806451613
E00027213,433,69,29,40,364,28,336,15.935334872979215,6.697459584295612,9.237875288683602,84.06466512702079,6.466512702078522,77.59815242494227
E00027214,420,63,28,35,357,40,317,15,6.666666666666667,8.333333333333332,85,9.523809523809524,75.47619047619048
E00027215,433,86,40,46,347,18,329,19.861431870669747,9.237875288683602,10.623556581986143,80.13856812933025,4.157043879907621,75.98152424942263
E00027216,267,62,39,23,205,23,182,23.220973782771537,14.606741573033707,8.614232209737828,76.77902621722846,8.614232209737828,68.16479400749064
E00027217,325,64,24,40,261,19,242,19.692307692307693,7.384615384615385,12.307692307692308,80.3076923076923,5.846153846153846,74.46153846153845
E00027218,302,66,26,40,236,12,224,21.85430463576159,8.609271523178808,13.245033112582782,78.1456953642384,3.9735099337748347,74.17218543046357
E00027219,401,40,10,30,361,27,334,9.975062344139651,2.493765586034913,7.4812967581047385,90.02493765586036,6.733167082294264,83.29177057356608
E00027220,306,65,33,32,241,7,234,21.241830065359476,10.784313725490197,10.457516339869281,78.75816993464052,2.287581699346405,76.47058823529412
E00027221,313,67,39,28,246,16,230,21.405750798722046,12.460063897763577,8.945686900958465,78.59424920127796,5.111821086261981,73.48242811501598
E00027222,308,75,36,39,233,22,211,24.350649350649352,11.688311688311687,12.662337662337661,75.64935064935064,7.142857142857142,68.5064935064935
E00027223,234,84,42,42,150,19,131,35.8974358974359,17.94871794871795,17.94871794871795,64.1025641025641,8.11965811965812,55.98290598290598
E00027224,387,82,38,44,305,9,296,21.188630490956072,9.819121447028424,11.369509043927648,78.81136950904393,2.3255813953488373,76.48578811369508
E00027225,250,58,30,28,192,14,178,23.200000000000003,12,11.200000000000001,76.8,5.6000000000000005,71.2
E00027226,396,90,50,40,306,26,280,22.727272727272727,12.626262626262626,10.1010101010101,77.27272727272727,6.565656565656567,70.70707070707071
E00027227,355,89,46,43,266,28,238,25.070422535211268,12.957746478873238,12.112676056338028,74.92957746478874,7.887323943661972,67.04225352112675
E00027228,316,76,29,47,240,25,215,24.050632911392405,9.177215189873419,14.873417721518987,75.9493670886076,7.9113924050632916,68.0379746835443
E00027229,271,51,21,30,220,12,208,18.81918819188192,7.7490774907749085,11.07011070110701,81.18081180811808,4.428044280442804,76.75276752767527
E00027230,287,48,21,27,239,16,223,16.72473867595819,7.317073170731707,9.40766550522648,83.27526132404182,5.574912891986063,77.70034843205575
E00027231,287,71,28,43,216,19,197,24.738675958188153,9.75609756097561,14.982578397212542,75.26132404181185,6.620209059233449,68.6411149825784
E00027232,310,63,36,27,247,14,233,20.32258064516129,11.612903225806452,8.709677419354838,79.6774193548387,4.516129032258064,75.16129032258064
E00027233,424,93,38,55,331,15,316,21.933962264150946,8.962264150943396,12.971698113207546,78.06603773584906,3.5377358490566038,74.52830188679245
E00027234,302,74,36,38,228,15,213,24.503311258278146,11.920529801324504,12.582781456953644,75.49668874172185,4.966887417218543,70.52980132450331
E00027235,310,60,32,28,250,15,235,19.35483870967742,10.32258064516129,9.032258064516128,80.64516129032258,4.838709677419355,75.80645161290323
E00027236,416,106,44,62,310,16,294,25.48076923076923,10.576923076923077,14.903846153846153,74.51923076923077,3.8461538461538463,70.67307692307693
E00027237,290,63,34,29,227,14,213,21.72413793103448,11.724137931034482,10,78.27586206896552,4.827586206896552,73.44827586206897
E00027238,379,78,41,37,301,16,285,20.58047493403694,10.817941952506596,9.762532981530343,79.41952506596306,4.221635883905013,75.19788918205805
E00027239,270,66,24,42,204,8,196,24.444444444444443,8.88888888888889,15.555555555555555,75.55555555555556,2.9629629629629632,72.5925925925926
E00027240,497,101,50,51,396,22,374,20.321931589537222,10.06036217303823,10.261569416498995,79.67806841046277,4.426559356136821,75.25150905432596
E00027241,456,92,45,47,364,22,342,20.175438596491226,9.868421052631579,10.307017543859649,79.82456140350878,4.824561403508771,75
E00027242,292,83,50,33,209,14,195,28.424657534246577,17.123287671232877,11.301369863013697,71.57534246575342,4.794520547945205,66.78082191780823
E00027243,287,62,31,31,225,26,199,21.602787456445995,10.801393728222997,10.801393728222997,78.397212543554,9.059233449477352,69.33797909407666
E00027244,358,88,43,45,270,22,248,24.581005586592177,12.011173184357542,12.569832402234638,75.41899441340783,6.145251396648044,69.27374301675978
E00027245,463,125,60,65,338,18,320,26.997840172786177,12.958963282937367,14.038876889848812,73.00215982721382,3.8876889848812093,69.11447084233261
E00027246,224,79,52,27,145,9,136,35.267857142857146,23.214285714285715,12.053571428571429,64.73214285714286,4.017857142857143,60.71428571428571
E00027247,542,94,53,41,448,24,424,17.343173431734318,9.778597785977858,7.564575645756458,82.65682656826569,4.428044280442804,78.22878228782287
E00027248,360,58,23,35,302,19,283,16.11111111111111,6.388888888888888,9.722222222222223,83.88888888888889,5.277777777777778,78.61111111111111
E00027249,295,78,41,37,217,13,204,26.440677966101696,13.898305084745763,12.54237288135593,73.5593220338983,4.406779661016949,69.15254237288136
E00027250,538,93,54,39,445,31,414,17.286245353159853,10.037174721189592,7.24907063197026,82.71375464684016,5.762081784386617,76.95167286245353
E00027253,532,82,37,45,450,21,429,15.413533834586465,6.954887218045112,8.458646616541353,84.58646616541353,3.9473684210526314,80.6390977443609
E00027254,295,78,35,43,217,16,201,26.440677966101696,11.864406779661017,14.576271186440678,73.5593220338983,5.423728813559322,68.13559322033899
E00027255,258,28,8,20,230,24,206,10.852713178294573,3.10077519379845,7.751937984496124,89.14728682170544,9.30232558139535,79.84496124031007
E00027259,214,64,37,27,150,9,141,29.906542056074763,17.289719626168225,12.616822429906541,70.09345794392523,4.205607476635514,65.88785046728972
E00027260,309,79,38,41,230,7,223,25.5663430420712,12.297734627831716,13.268608414239482,74.4336569579288,2.26537216828479,72.168284789644
E00027261,127,27,13,14,100,9,91,21.25984251968504,10.236220472440944,11.023622047244094,78.74015748031496,7.086614173228346,71.65354330708661
E00027262,236,60,29,31,176,14,162,25.423728813559322,12.288135593220339,13.135593220338984,74.57627118644068,5.932203389830509,68.64406779661016
E00027263,297,54,31,23,243,10,233,18.181818181818183,10.437710437710438,7.744107744107744,81.81818181818183,3.3670033670033668,78.45117845117845
E00027264,263,67,34,33,196,19,177,25.475285171102662,12.927756653992395,12.547528517110266,74.52471482889734,7.224334600760455,67.30038022813687
E00027265,473,69,33,36,404,22,382,14.587737843551796,6.976744186046512,7.6109936575052854,85.41226215644821,4.651162790697675,80.76109936575054
E00027266,272,65,38,27,207,13,194,23.897058823529413,13.970588235294118,9.926470588235293,76.10294117647058,4.779411764705882,71.32352941176471
E00027267,265,69,36,33,196,12,184,26.037735849056602,13.584905660377359,12.452830188679245,73.9622641509434,4.528301886792453,69.43396226415094
E00027268,346,77,30,47,269,24,245,22.254335260115607,8.670520231213873,13.583815028901732,77.74566473988439,6.9364161849710975,70.8092485549133
E00027269,295,76,44,32,219,12,207,25.76271186440678,14.915254237288137,10.847457627118644,74.23728813559322,4.067796610169491,70.16949152542374
E00027270,213,69,38,31,144,14,130,32.3943661971831,17.84037558685446,14.553990610328638,67.6056338028169,6.572769953051644,61.03286384976526
E00027271,243,52,30,22,191,12,179,21.39917695473251,12.345679012345679,9.053497942386832,78.60082304526749,4.938271604938271,73.66255144032921
E00027272,316,56,27,29,260,16,244,17.72151898734177,8.544303797468354,9.177215189873419,82.27848101265823,5.063291139240507,77.21518987341773
E00027273,313,47,12,35,266,16,250,15.015974440894569,3.8338658146964857,11.182108626198083,84.98402555910543,5.111821086261981,79.87220447284345
E00027274,349,50,15,35,299,13,286,14.326647564469914,4.297994269340974,10.028653295128938,85.67335243553008,3.7249283667621778,81.9484240687679
E00027275,248,38,16,22,210,13,197,15.32258064516129,6.451612903225806,8.870967741935484,84.67741935483872,5.241935483870968,79.43548387096774
E00027276,275,46,18,28,229,21,208,16.727272727272727,6.545454545454546,10.181818181818182,83.27272727272728,7.636363636363637,75.63636363636364
E00027277,273,64,27,37,209,18,191,23.44322344322344,9.89010989010989,13.553113553113553,76.55677655677655,6.593406593406594,69.96336996336996
E00027278,291,66,30,36,225,21,204,22.68041237113402,10.309278350515463,12.371134020618557,77.31958762886599,7.216494845360824,70.10309278350515
E00027279,264,49,23,26,215,21,194,18.560606060606062,8.712121212121213,9.848484848484848,81.43939393939394,7.954545454545454,73.48484848484848
E00027280,235,78,40,38,157,17,140,33.191489361702125,17.02127659574468,16.170212765957448,66.80851063829788,7.234042553191489,59.57446808510638
E00027281,305,43,18,25,262,29,233,14.098360655737704,5.901639344262295,8.19672131147541,85.90163934426229,9.508196721311474,76.39344262295083
E00027282,622,97,43,54,525,38,487,15.594855305466238,6.913183279742766,8.681672025723474,84.40514469453376,6.109324758842444,78.29581993569131
E00027283,281,41,15,26,240,18,222,14.590747330960854,5.338078291814947,9.252669039145907,85.40925266903915,6.405693950177936,79.00355871886121
E00027285,344,101,57,44,243,32,211,29.360465116279073,16.569767441860463,12.790697674418606,70.63953488372093,9.30232558139535,61.337209302325576
E00027286,239,37,17,20,202,15,187,15.481171548117153,7.112970711297072,8.368200836820083,84.51882845188284,6.2761506276150625,78.24267782426779
E00027287,275,77,42,35,198,14,184,28.000000000000004,15.272727272727273,12.727272727272727,72,5.090909090909091,66.9090909090909
E00027288,298,52,21,31,246,28,218,17.449664429530202,7.046979865771812,10.40268456375839,82.5503355704698,9.395973154362416,73.15436241610739
E00027289,290,46,18,28,244,16,228,15.862068965517242,6.206896551724138,9.655172413793103,84.13793103448276,5.517241379310345,78.62068965517241
E00027290,338,106,44,62,232,9,223,31.360946745562128,13.017751479289942,18.34319526627219,68.63905325443787,2.6627218934911245,65.97633136094674
E00027291,313,30,8,22,283,36,247,9.584664536741213,2.5559105431309903,7.0287539936102235,90.41533546325878,11.501597444089457,78.91373801916933
E00027292,328,80,36,44,248,20,228,24.390243902439025,10.975609756097562,13.414634146341465,75.60975609756098,6.097560975609756,69.51219512195121
E00027293,307,64,27,37,243,29,214,20.846905537459286,8.794788273615636,12.052117263843648,79.15309446254072,9.446254071661238,69.70684039087948
E00027294,310,46,13,33,264,20,244,14.838709677419354,4.193548387096775,10.64516129032258,85.16129032258064,6.451612903225806,78.70967741935485
E00027295,298,68,30,38,230,15,215,22.818791946308725,10.06711409395973,12.751677852348994,77.18120805369128,5.033557046979865,72.14765100671141
E00027296,309,50,14,36,259,20,239,16.181229773462782,4.53074433656958,11.650485436893204,83.81877022653723,6.472491909385113,77.34627831715211
E00027297,277,47,18,29,230,25,205,16.967509025270758,6.4981949458483745,10.469314079422382,83.03249097472924,9.025270758122744,74.0072202166065
E00027298,338,46,18,28,292,34,258,13.609467455621301,5.325443786982249,8.284023668639055,86.3905325443787,10.059171597633137,76.33136094674556
E00027299,310,43,16,27,267,24,243,13.870967741935484,5.161290322580645,8.709677419354838,86.12903225806451,7.741935483870968,78.38709677419354
E00027300,252,71,30,41,181,19,162,28.174603174603174,11.904761904761903,16.26984126984127,71.82539682539682,7.5396825396825395,64.28571428571429
E00027301,277,44,14,30,233,28,205,15.884476534296029,5.054151624548736,10.830324909747292,84.11552346570397,10.108303249097473,74.0072202166065
E00027302,301,40,22,18,261,18,243,13.2890365448505,7.308970099667775,5.980066445182724,86.71096345514951,5.980066445182724,80.73089700996677
E00027303,229,48,21,27,181,18,163,20.96069868995633,9.170305676855897,11.790393013100436,79.03930131004367,7.860262008733625,71.17903930131004
E00027304,314,52,16,36,262,15,247,16.560509554140125,5.095541401273886,11.464968152866243,83.43949044585987,4.777070063694268,78.6624203821656
E00027305,311,51,13,38,260,25,235,16.39871382636656,4.180064308681672,12.218649517684888,83.60128617363344,8.038585209003216,75.56270096463022
E00027306,296,48,19,29,248,20,228,16.216216216216218,6.418918918918918,9.797297297297296,83.78378378378379,6.756756756756757,77.02702702702703
E00027307,243,52,23,29,191,20,171,21.39917695473251,9.465020576131687,11.934156378600823,78.60082304526749,8.23045267489712,70.37037037037037
E00027308,272,61,25,36,211,15,196,22.426470588235293,9.191176470588236,13.23529411764706,77.57352941176471,5.514705882352941,72.05882352941177
E00027309,259,31,10,21,228,22,206,11.96911196911197,3.861003861003861,8.108108108108109,88.03088803088804,8.494208494208493,79.53667953667953
E00027310,284,44,17,27,240,29,211,15.492957746478872,5.985915492957746,9.507042253521126,84.50704225352112,10.211267605633804,74.29577464788733
E00027311,297,54,21,33,243,24,219,18.181818181818183,7.07070707070707,11.11111111111111,81.81818181818183,8.080808080808081,73.73737373737373
E00027312,305,55,24,31,250,25,225,18.0327868852459,7.868852459016394,10.163934426229508,81.9672131147541,8.19672131147541,73.77049180327869
E00027313,257,36,12,24,221,8,213,14.007782101167315,4.669260700389105,9.33852140077821,85.99221789883269,3.11284046692607,82.87937743190662
E00027314,323,67,33,34,256,20,236,20.743034055727556,10.21671826625387,10.526315789473683,79.25696594427245,6.191950464396285,73.06501547987617
E00027315,230,42,19,23,188,24,164,18.26086956521739,8.26086956521739,10,81.73913043478261,10.434782608695652,71.30434782608695
E00027316,148,78,54,24,70,6,64,52.702702702702695,36.486486486486484,16.216216216216218,47.2972972972973,4.054054054054054,43.24324324324324
E00027317,289,46,17,29,243,23,220,15.916955017301039,5.88235294117647,10.034602076124568,84.08304498269896,7.958477508650519,76.12456747404845
E00027318,296,46,16,30,250,24,226,15.54054054054054,5.405405405405405,10.135135135135135,84.45945945945947,8.108108108108109,76.35135135135135
E00027319,280,50,15,35,230,19,211,17.857142857142858,5.357142857142857,12.5,82.14285714285714,6.785714285714286,75.35714285714286
E00027320,361,73,36,37,288,14,274,20.221606648199447,9.97229916897507,10.249307479224377,79.77839335180056,3.8781163434903045,75.90027700831024
E00027321,322,69,36,33,253,31,222,21.428571428571427,11.180124223602485,10.248447204968944,78.57142857142857,9.627329192546584,68.94409937888199
E00027322,176,49,25,24,127,3,124,27.84090909090909,14.204545454545455,13.636363636363635,72.1590909090909,1.7045454545454544,70.45454545454545
E00027323,293,79,45,34,214,13,201,26.96245733788396,15.358361774744028,11.604095563139932,73.03754266211604,4.436860068259386,68.60068259385666
E00027324,343,29,12,17,314,24,290,8.454810495626822,3.498542274052478,4.956268221574344,91.54518950437318,6.997084548104956,84.54810495626822
E00027325,324,58,22,36,266,26,240,17.901234567901234,6.790123456790123,11.11111111111111,82.09876543209876,8.024691358024691,74.07407407407408
E00027326,448,92,46,46,356,17,339,20.535714285714285,10.267857142857142,10.267857142857142,79.46428571428571,3.7946428571428568,75.66964285714286
E00027327,367,39,13,26,328,42,286,10.626702997275205,3.5422343324250685,7.084468664850137,89.3732970027248,11.444141689373296,77.9291553133515
E00027328,365,65,31,34,300,20,280,17.80821917808219,8.493150684931507,9.315068493150685,82.1917808219178,5.47945205479452,76.71232876712328
E00027329,266,44,25,19,222,15,207,16.541353383458645,9.398496240601503,7.142857142857142,83.45864661654136,5.639097744360902,77.81954887218046
E00027330,316,70,29,41,246,23,223,22.151898734177212,9.177215189873419,12.974683544303797,77.84810126582279,7.2784810126582276,70.56962025316456
E00027331,263,68,34,34,195,16,179,25.85551330798479,12.927756653992395,12.927756653992395,74.1444866920152,6.083650190114068,68.06083650190115
E00027332,325,73,35,38,252,25,227,22.46153846153846,10.76923076923077,11.692307692307692,77.53846153846153,7.6923076923076925,69.84615384615384
E00027333,226,89,41,48,137,16,121,39.38053097345133,18.141592920353983,21.238938053097346,60.61946902654868,7.079646017699115,53.53982300884957
E00027334,267,78,41,37,189,13,176,29.213483146067414,15.355805243445692,13.857677902621724,70.78651685393258,4.868913857677903,65.91760299625467
E00027335,269,49,23,26,220,26,194,18.21561338289963,8.550185873605948,9.66542750929368,81.78438661710037,9.66542750929368,72.11895910780669
E00027336,234,53,34,19,181,26,155,22.64957264957265,14.529914529914532,8.11965811965812,77.35042735042735,11.11111111111111,66.23931623931624
E00027337,253,55,27,28,198,13,185,21.73913043478261,10.67193675889328,11.067193675889328,78.26086956521739,5.138339920948617,73.12252964426878
E00027338,287,66,32,34,221,20,201,22.99651567944251,11.149825783972126,11.846689895470384,77.00348432055749,6.968641114982578,70.03484320557492
E00027339,223,85,47,38,138,9,129,38.11659192825112,21.076233183856502,17.040358744394617,61.88340807174888,4.0358744394618835,57.847533632286996
E00027340,239,56,25,31,183,18,165,23.430962343096233,10.460251046025103,12.97071129707113,76.56903765690377,7.531380753138076,69.0376569037657
E00027341,260,42,18,24,218,22,196,16.153846153846153,6.923076923076923,9.230769230769232,83.84615384615385,8.461538461538462,75.38461538461539
E00027342,242,46,19,27,196,13,183,19.00826446280992,7.851239669421488,11.15702479338843,80.99173553719008,5.371900826446281,75.6198347107438
E00027343,291,56,20,36,235,20,215,19.243986254295535,6.872852233676976,12.371134020618557,80.75601374570446,6.872852233676976,73.8831615120275
E00027344,262,34,11,23,228,19,209,12.977099236641221,4.198473282442748,8.778625954198473,87.02290076335878,7.251908396946565,79.77099236641222
E00027345,274,56,28,28,218,27,191,20.437956204379564,10.218978102189782,10.218978102189782,79.56204379562044,9.854014598540147,69.7080291970803
E00027346,390,38,13,25,352,19,333,9.7435897435897445,3.3333333333333335,6.41025641025641,90.25641025641026,4.871794871794872,85.38461538461539
E00027347,379,78,33,45,301,31,270,20.58047493403694,8.70712401055409,11.87335092348285,79.41952506596306,8.179419525065963,71.2401055408971
E00027348,269,42,13,29,227,25,202,15.613382899628252,4.83271375464684,10.780669144981413,84.38661710037175,9.293680297397769,75.09293680297398
E00027349,350,61,20,41,289,24,265,17.42857142857143,5.714285714285714,11.714285714285715,82.57142857142857,6.857142857142858,75.71428571428571
E00027350,297,45,19,26,252,25,227,15.151515151515152,6.397306397306397,8.754208754208754,84.84848484848484,8.417508417508419,76.43097643097643
E00027351,340,83,40,43,257,11,246,24.41176470588235,11.76470588235294,12.647058823529411,75.58823529411765,3.2352941176470593,72.35294117647058
E00027352,240,47,25,22,193,23,170,19.583333333333332,10.416666666666668,9.166666666666666,80.41666666666667,9.583333333333334,70.83333333333334
E00027353,375,46,21,25,329,14,315,12.266666666666666,5.6000000000000005,6.666666666666667,87.73333333333333,3.733333333333334,84
E00027354,219,62,34,28,157,16,141,28.31050228310502,15.52511415525114,12.785388127853881,71.68949771689498,7.30593607305936,64.38356164383562
E00027355,317,52,16,36,265,24,241,16.40378548895899,5.047318611987381,11.35646687697161,83.59621451104101,7.570977917981073,76.02523659305994
E00027357,330,62,23,39,268,22,246,18.787878787878785,6.969696969696971,11.818181818181818,81.21212121212122,6.666666666666667,74.54545454545455
E00027358,336,73,32,41,263,20,243,21.726190476190478,9.523809523809524,12.202380952380953,78.27380952380952,5.952380952380952,72.32142857142857
E00027359,295,25,9,16,270,21,249,8.47457627118644,3.050847457627119,5.423728813559322,91.52542372881356,7.118644067796611,84.40677966101696
E00027360,465,71,24,47,394,44,350,15.268817204301074,5.161290322580645,10.10752688172043,84.73118279569893,9.46236559139785,75.26881720430107
E00027361,229,35,11,24,194,18,176,15.283842794759824,4.8034934497816595,10.480349344978166,84.71615720524017,7.860262008733625,76.85589519650655
E00027362,273,40,13,27,233,34,199,14.652014652014653,4.761904761904762,9.89010989010989,85.34798534798534,12.454212454212454,72.89377289377289
E00027363,252,31,10,21,221,27,194,12.3015873015873,3.968253968253968,8.333333333333332,87.6984126984127,10.714285714285714,76.98412698412699
E00027364,217,34,12,22,183,23,160,15.668202764976957,5.529953917050691,10.138248847926267,84.33179723502305,10.599078341013826,73.73271889400922
E00027365,237,58,17,41,179,17,162,24.47257383966245,7.172995780590717,17.29957805907173,75.52742616033755,7.172995780590717,68.35443037974683
E00027366,111,27,8,19,84,8,76,24.324324324324326,7.207207207207207,17.117117117117118,75.67567567567568,7.207207207207207,68.46846846846847
E00027367,319,77,27,50,242,23,219,24.137931034482758,8.463949843260188,15.673981191222571,75.86206896551724,7.210031347962382,68.65203761755487
E00027368,311,46,12,34,265,36,229,14.790996784565916,3.858520900321544,10.932475884244374,85.20900321543408,11.57556270096463,73.63344051446946
E00027369,265,59,27,32,206,23,183,22.264150943396228,10.18867924528302,12.075471698113208,77.73584905660378,8.679245283018867,69.0566037735849
E00027370,355,68,26,42,287,32,255,19.154929577464788,7.323943661971831,11.830985915492958,80.84507042253522,9.014084507042254,71.83098591549296
E00027371,220,45,17,28,175,25,150,20.454545454545457,7.727272727272727,12.727272727272727,79.54545454545455,11.363636363636363,68.18181818181817
E00027372,320,45,18,27,275,30,245,14.0625,5.625,8.4375,85.9375,9.375,76.5625
E00027373,248,48,21,27,200,31,169,19.35483870967742,8.46774193548387,10.887096774193548,80.64516129032258,12.5,68.14516129032258
E00027374,271,34,18,16,237,31,206,12.546125461254611,6.642066420664207,5.904059040590406,87.4538745387454,11.439114391143912,76.01476014760148
E00027375,236,58,31,27,178,12,166,24.576271186440678,13.135593220338984,11.440677966101696,75.42372881355932,5.084745762711865,70.33898305084746
E00027376,267,42,23,19,225,16,209,15.730337078651685,8.614232209737828,7.116104868913857,84.26966292134831,5.992509363295881,78.27715355805243
E00027377,250,61,20,41,189,19,170,24.4,8,16.400000000000002,75.6,7.6,68
E00027378,260,41,16,25,219,26,193,15.769230769230768,6.153846153846154,9.615384615384617,84.23076923076923,10,74.23076923076923
E00027379,279,40,16,24,239,14,225,14.336917562724013,5.734767025089606,8.60215053763441,85.66308243727599,5.017921146953405,80.64516129032258
E00027380,287,41,14,27,246,21,225,14.285714285714285,4.878048780487805,9.40766550522648,85.71428571428571,7.317073170731707,78.397212543554
E00027381,528,68,22,46,460,40,420,12.878787878787879,4.166666666666666,8.712121212121213,87.12121212121212,7.575757575757576,79.54545454545455
E00027382,359,43,15,28,316,32,284,11.977715877437326,4.178272980501393,7.7994428969359335,88.02228412256268,8.913649025069638,79.10863509749304
E00027383,298,38,11,27,260,39,221,12.751677852348994,3.691275167785235,9.060402684563758,87.24832214765101,13.087248322147651,74.16107382550335
E00027384,276,43,18,25,233,23,210,15.579710144927535,6.521739130434782,9.057971014492754,84.42028985507247,8.333333333333332,76.08695652173914
E00027385,304,57,16,41,247,28,219,18.75,5.263157894736842,13.486842105263158,81.25,9.210526315789473,72.03947368421053
E00027386,218,54,15,39,164,22,142,24.770642201834864,6.8807339449541285,17.889908256880734,75.22935779816514,10.091743119266056,65.13761467889908
E00027387,365,32,6,26,333,30,303,8.767123287671232,1.643835616438356,7.123287671232877,91.23287671232877,8.21917808219178,83.01369863013699
E00027388,294,37,13,24,257,32,225,12.585034013605442,4.421768707482993,8.16326530612245,87.41496598639455,10.884353741496598,76.53061224489795
E00027389,404,68,26,42,336,31,305,16.831683168316832,6.435643564356436,10.396039603960396,83.16831683168317,7.673267326732673,75.4950495049505
E00027390,322,39,21,18,283,19,264,12.111801242236025,6.521739130434782,5.590062111801243,87.88819875776397,5.900621118012422,81.98757763975155
E00027391,304,37,13,24,267,28,239,12.171052631578947,4.276315789473684,7.894736842105263,87.82894736842105,9.210526315789473,78.61842105263158
E00027392,227,34,9,25,193,20,173,14.977973568281937,3.9647577092511015,11.013215859030836,85.02202643171806,8.81057268722467,76.2114537444934
E00027393,274,36,12,24,238,28,210,13.138686131386862,4.37956204379562,8.75912408759124,86.86131386861314,10.218978102189782,76.64233576642336
E00027394,351,38,14,24,313,36,277,10.826210826210826,3.9886039886039883,6.837606837606838,89.17378917378917,10.256410256410255,78.91737891737893
E00027395,133,19,12,7,114,14,100,14.285714285714285,9.022556390977442,5.263157894736842,85.71428571428571,10.526315789473683,75.18796992481202
E00027396,287,36,7,29,251,21,230,12.543554006968641,2.4390243902439024,10.104529616724738,87.45644599303137,7.317073170731707,80.13937282229965
E00027397,280,27,6,21,253,25,228,9.642857142857144,2.142857142857143,7.5,90.35714285714286,8.928571428571429,81.42857142857143
E00027398,285,43,20,23,242,17,225,15.087719298245613,7.017543859649122,8.070175438596491,84.91228070175438,5.964912280701754,78.94736842105263
E00027399,294,54,27,27,240,17,223,18.367346938775512,9.183673469387756,9.183673469387756,81.63265306122449,5.782312925170068,75.85034013605441
E00027400,258,43,18,25,215,27,188,16.666666666666664,6.976744186046512,9.689922480620156,83.33333333333334,10.465116279069768,72.86821705426357
E00027401,235,34,18,16,201,21,180,14.468085106382977,7.659574468085106,6.808510638297872,85.53191489361703,8.936170212765958,76.59574468085107
E00027402,299,47,21,26,252,27,225,15.719063545150503,7.023411371237458,8.695652173913043,84.2809364548495,9.03010033444816,75.25083612040135
E00027403,212,37,9,28,175,15,160,17.452830188679243,4.245283018867925,13.20754716981132,82.54716981132076,7.0754716981132075,75.47169811320755
E00027404,152,52,23,29,100,12,88,34.21052631578947,15.131578947368421,19.078947368421055,65.78947368421053,7.894736842105263,57.89473684210527
E00027405,262,39,11,28,223,23,200,14.885496183206106,4.198473282442748,10.687022900763358,85.1145038167939,8.778625954198473,76.33587786259542
E00027406,390,44,11,33,346,24,322,11.282051282051283,2.8205128205128207,8.461538461538462,88.71794871794872,6.153846153846154,82.564102564102555
E00027407,293,47,18,29,246,32,214,16.040955631399317,6.143344709897611,9.897610921501707,83.95904436860067,10.921501706484642,73.03754266211604
E00027408,385,80,38,42,305,28,277,20.77922077922078,9.87012987012987,10.909090909090908,79.22077922077922,7.2727272727272725,71.94805194805195
E00027409,280,60,29,31,220,22,198,21.428571428571427,10.357142857142858,11.071428571428571,78.57142857142857,7.857142857142857,70.71428571428572
E00027410,364,86,39,47,278,39,239,23.626373626373624,10.714285714285714,12.912087912087914,76.37362637362637,10.714285714285714,65.65934065934066
E00027411,325,67,28,39,258,30,228,20.615384615384617,8.615384615384615,12,79.38461538461539,9.230769230769232,70.15384615384616
E00027412,344,55,30,25,289,30,259,15.988372093023257,8.720930232558139,7.267441860465117,84.01162790697676,8.720930232558139,75.29069767441861
E00027413,397,32,11,21,365,31,334,8.060453400503778,2.770780856423174,5.289672544080604,91.93954659949623,7.8085642317380355,84.1309823677582
E00027414,242,56,22,34,186,19,167,23.140495867768596,9.090909090909092,14.049586776859504,76.85950413223141,7.851239669421488,69.00826446280992
E00027415,365,68,27,41,297,32,265,18.63013698630137,7.397260273972603,11.232876712328768,81.36986301369863,8.767123287671232,72.6027397260274
E00027416,349,54,23,31,295,32,263,15.472779369627506,6.59025787965616,8.882521489971348,84.5272206303725,9.169054441260744,75.35816618911176
E00027417,257,48,16,32,209,19,190,18.67704280155642,6.22568093385214,12.45136186770428,81.32295719844358,7.392996108949417,73.92996108949417
E00027418,291,47,15,32,244,25,219,16.151202749140893,5.154639175257731,10.996563573883162,83.8487972508591,8.59106529209622,75.25773195876289
E00027419,313,63,15,48,250,27,223,20.12779552715655,4.792332268370607,15.335463258785943,79.87220447284345,8.626198083067091,71.24600638977637
E00027420,329,30,7,23,299,29,270,9.118541033434651,2.127659574468085,6.990881458966565,90.88145896656535,8.814589665653495,82.06686930091185
E00027421,245,58,24,34,187,17,170,23.6734693877551,9.795918367346939,13.877551020408163,76.32653061224491,6.938775510204081,69.38775510204081
E00027422,351,48,14,34,303,45,258,13.675213675213676,3.9886039886039883,9.686609686609685,86.32478632478633,12.82051282051282,73.50427350427351
E00027423,340,46,18,28,294,27,267,13.529411764705882,5.294117647058823,8.235294117647058,86.47058823529412,7.941176470588235,78.52941176470588
E00027424,348,41,16,25,307,33,274,11.781609195402298,4.597701149425287,7.183908045977011,88.2183908045977,9.482758620689655,78.73563218390804
E00027425,318,63,26,37,255,36,219,19.81132075471698,8.176100628930817,11.635220125786164,80.18867924528303,11.320754716981133,68.86792452830188
E00027426,294,64,37,27,230,17,213,21.768707482993197,12.585034013605442,9.183673469387756,78.2312925170068,5.782312925170068,72.44897959183673
E00027427,264,42,12,30,222,31,191,15.909090909090908,4.545454545454546,11.363636363636363,84.0909090909091,11.742424242424242,72.34848484848484
E00027428,236,84,51,33,152,8,144,35.59322033898305,21.610169491525426,13.983050847457626,64.40677966101694,3.389830508474576,61.016949152542374
E00027429,264,37,10,27,227,24,203,14.015151515151514,3.787878787878788,10.227272727272728,85.98484848484848,9.090909090909092,76.89393939393939
E00027430,522,55,17,38,467,43,424,10.53639846743295,3.256704980842912,7.2796934865900385,89.46360153256705,8.237547892720306,81.22605363984674
E00027431,384,85,45,40,299,23,276,22.135416666666664,11.71875,10.416666666666668,77.86458333333334,5.989583333333334,71.875
E00027432,269,42,16,26,227,16,211,15.613382899628252,5.947955390334572,9.66542750929368,84.38661710037175,5.947955390334572,78.43866171003717
E00027433,220,30,12,18,190,15,175,13.636363636363635,5.454545454545454,8.181818181818182,86.36363636363636,6.8181818181818175,79.54545454545455
E00027434,290,33,8,25,257,27,230,11.379310344827587,2.7586206896551726,8.620689655172415,88.62068965517241,9.310344827586208,79.3103448275862
E00027435,268,51,24,27,217,16,201,19.029850746268657,8.955223880597014,10.074626865671641,80.97014925373134,5.970149253731343,75
E00027436,390,60,21,39,330,29,301,15.384615384615385,5.384615384615385,10,84.61538461538461,7.435897435897436,77.17948717948718
E00027437,289,42,11,31,247,26,221,14.53287197231834,3.8062283737024223,10.726643598615917,85.46712802768167,8.996539792387544,76.47058823529412
E00027438,275,46,20,26,229,26,203,16.727272727272727,7.2727272727272725,9.454545454545455,83.27272727272728,9.454545454545455,73.81818181818181
E00027439,307,45,16,29,262,27,235,14.65798045602606,5.211726384364821,9.446254071661238,85.34201954397395,8.794788273615636,76.54723127035831
E00027440,267,48,15,33,219,19,200,17.97752808988764,5.617977528089887,12.359550561797752,82.02247191011236,7.116104868913857,74.90636704119851
E00027441,285,45,10,35,240,19,221,15.789473684210526,3.508771929824561,12.280701754385964,84.21052631578947,6.666666666666667,77.54385964912281
E00027442,274,44,22,22,230,20,210,16.05839416058394,8.02919708029197,8.02919708029197,83.94160583941606,7.2992700729927,76.64233576642336
E00027443,130,71,40,31,59,7,52,54.61538461538461,30.76923076923077,23.846153846153847,45.38461538461539,5.384615384615385,40
E00027444,209,44,16,28,165,17,148,21.052631578947366,7.655502392344498,13.397129186602871,78.94736842105263,8.133971291866029,70.81339712918661
E00027445,310,43,8,35,267,20,247,13.870967741935484,2.5806451612903225,11.29032258064516,86.12903225806451,6.451612903225806,79.6774193548387
E00027446,447,76,39,37,371,17,354,17.002237136465325,8.724832214765101,8.277404921700224,82.99776286353467,3.803131991051454,79.19463087248322
E00027447,354,36,11,25,318,26,292,10.16949152542373,3.1073446327683616,7.062146892655368,89.83050847457628,7.344632768361582,82.485875706214685
E00027448,362,45,23,22,317,20,297,12.430939226519337,6.353591160220995,6.077348066298343,87.56906077348067,5.524861878453039,82.04419889502762
E00027450,386,47,11,36,339,18,321,12.176165803108809,2.849740932642487,9.32642487046632,87.8238341968912,4.66321243523316,83.16062176165802
E00027451,359,91,47,44,268,23,245,25.348189415041784,13.09192200557103,12.256267409470752,74.65181058495823,6.406685236768802,68.24512534818942
E00027455,291,57,20,37,234,27,207,19.587628865979383,6.872852233676976,12.714776632302405,80.41237113402062,9.278350515463918,71.1340206185567
E00027457,413,104,50,54,309,24,285,25.181598062954,12.106537530266344,13.075060532687651,74.818401937046,5.811138014527845,69.00726392251816
E00027458,441,84,39,45,357,19,338,19.047619047619047,8.843537414965986,10.204081632653061,80.95238095238095,4.308390022675737,76.64399092970523
E00027459,351,73,32,41,278,26,252,20.7977207977208,9.116809116809117,11.68091168091168,79.2022792022792,7.4074074074074066,71.7948717948718
E00027460,233,52,26,26,181,15,166,22.317596566523605,11.158798283261802,11.158798283261802,77.6824034334764,6.437768240343347,71.24463519313305
E00027461,353,75,36,39,278,19,259,21.246458923512748,10.198300283286118,11.048158640226628,78.75354107648725,5.382436260623229,73.37110481586402
E00027463,302,59,23,36,243,14,229,19.5364238410596,7.6158940397351,11.920529801324504,80.4635761589404,4.635761589403973,75.82781456953643
E00027464,179,43,21,22,136,11,125,24.022346368715084,11.731843575418994,12.290502793296088,75.97765363128491,6.145251396648044,69.83240223463687
E00027465,321,126,86,40,195,21,174,39.25233644859813,26.791277258566975,12.461059190031152,60.747663551401864,6.5420560747663545,54.20560747663551
E00027466,363,52,26,26,311,23,288,14.325068870523417,7.162534435261708,7.162534435261708,85.67493112947659,6.336088154269973,79.33884297520662
E00027467,239,34,19,15,205,27,178,14.225941422594143,7.949790794979079,6.2761506276150625,85.77405857740585,11.297071129707113,74.47698744769873
E00027468,158,34,17,17,124,8,116,21.518987341772153,10.759493670886076,10.759493670886076,78.48101265822784,5.063291139240507,73.41772151898735
E00027469,312,61,36,25,251,12,239,19.55128205128205,11.538461538461538,8.012820512820513,80.44871794871796,3.8461538461538463,76.6025641025641
E00027470,281,70,39,31,211,14,197,24.91103202846975,13.87900355871886,11.032028469750891,75.08896797153025,4.98220640569395,70.1067615658363
E00027472,249,50,14,36,199,12,187,20.080321285140563,5.622489959839357,14.457831325301203,79.91967871485943,4.819277108433735,75.1004016064257
E00027473,318,43,19,24,275,20,255,13.522012578616351,5.9748427672955975,7.547169811320755,86.47798742138365,6.289308176100629,80.18867924528303
E00027478,340,75,35,40,265,17,248,22.058823529411764,10.294117647058822,11.76470588235294,77.94117647058823,5,72.94117647058823
E00027479,593,88,47,41,505,7,498,14.839797639123104,7.925801011804384,6.913996627318718,85.16020236087691,1.1804384485666104,83.97976391231029
E00027480,458,83,31,52,375,20,355,18.12227074235808,6.768558951965066,11.353711790393014,81.87772925764192,4.366812227074235,77.51091703056768
E00027481,221,76,46,30,145,7,138,34.38914027149321,20.81447963800905,13.574660633484163,65.61085972850678,3.167420814479638,62.44343891402715
E00027483,549,89,45,44,460,26,434,16.21129326047359,8.19672131147541,8.014571948998178,83.7887067395264,4.735883424408015,79.05282331511839
E00027485,434,44,23,21,390,18,372,10.138248847926267,5.299539170506913,4.838709677419355,89.86175115207374,4.147465437788019,85.71428571428571
E00027487,585,62,31,31,523,14,509,10.598290598290598,5.299145299145299,5.299145299145299,89.40170940170941,2.3931623931623935,87.00854700854701
E00027488,581,66,30,36,515,19,496,11.359724612736661,5.163511187607573,6.196213425129088,88.64027538726333,3.2702237521514634,85.37005163511188
E00027489,372,63,25,38,309,11,298,16.93548387096774,6.720430107526881,10.21505376344086,83.06451612903226,2.956989247311828,80.10752688172043
E00027490,448,85,48,37,363,8,355,18.973214285714285,10.714285714285714,8.258928571428571,81.02678571428571,1.7857142857142856,79.24107142857143
E00027491,368,48,28,20,320,14,306,13.043478260869565,7.608695652173914,5.434782608695652,86.95652173913044,3.804347826086957,83.15217391304348
E00027493,476,69,34,35,407,10,397,14.495798319327733,7.142857142857142,7.352941176470589,85.50420168067227,2.100840336134454,83.40336134453781
E00027495,348,60,28,32,288,24,264,17.24137931034483,8.045977011494253,9.195402298850574,82.75862068965517,6.896551724137931,75.86206896551724
E00027496,480,62,35,27,418,18,400,12.916666666666668,7.291666666666667,5.625,87.08333333333333,3.75,83.33333333333334
E00027497,382,102,57,45,280,20,260,26.701570680628272,14.921465968586386,11.780104712041885,73.29842931937172,5.2356020942408374,68.06282722513089
E00027498,540,66,36,30,474,14,460,12.222222222222221,6.666666666666667,5.555555555555555,87.77777777777777,2.5925925925925926,85.18518518518519
E00027499,498,61,29,32,437,10,427,12.248995983935743,5.8232931726907635,6.425702811244979,87.75100401606426,2.0080321285140563,85.7429718875502
E00027500,383,60,22,38,323,25,298,15.66579634464752,5.7441253263707575,9.921671018276761,84.33420365535248,6.527415143603134,77.80678851174935
E00027501,396,67,46,21,329,9,320,16.91919191919192,11.616161616161616,5.303030303030303,83.08080808080808,2.272727272727273,80.8080808080808
E00027502,376,51,19,32,325,25,300,13.563829787234042,5.053191489361701,8.51063829787234,86.43617021276596,6.648936170212766,79.7872340425532
E00027504,365,69,35,34,296,8,288,18.904109589041095,9.58904109589041,9.315068493150685,81.0958904109589,2.191780821917808,78.9041095890411
E00027505,446,71,44,27,375,26,349,15.919282511210762,9.865470852017937,6.053811659192825,84.08071748878923,5.829596412556054,78.25112107623319
E00027506,442,95,49,46,347,19,328,21.49321266968326,11.085972850678733,10.407239819004525,78.50678733031674,4.298642533936651,74.2081447963801
E00027507,343,67,30,37,276,12,264,19.533527696793,8.746355685131196,10.787172011661808,80.466472303207,3.498542274052478,76.96793002915452
E00027508,403,69,40,29,334,18,316,17.121588089330025,9.925558312655088,7.196029776674938,82.87841191066998,4.466501240694789,78.41191066997519
E00027510,532,80,38,42,452,16,436,15.037593984962406,7.142857142857142,7.894736842105263,84.9624060150376,3.007518796992481,81.95488721804512
E00027512,290,71,36,35,219,14,205,24.482758620689655,12.413793103448276,12.068965517241379,75.51724137931033,4.827586206896552,70.6896551724138
E00027513,563,120,59,61,443,29,414,21.314387211367674,10.479573712255773,10.8348134991119,78.68561278863233,5.1509769094138544,73.53463587921847
E00027514,300,58,24,34,242,23,219,19.333333333333332,8,11.333333333333332,80.66666666666666,7.666666666666666,73
E00027515,326,60,20,40,266,30,236,18.404907975460123,6.134969325153374,12.269938650306749,81.59509202453987,9.202453987730062,72.39263803680981
E00027516,345,63,31,32,282,14,268,18.26086956521739,8.985507246376812,9.27536231884058,81.73913043478261,4.057971014492753,77.68115942028986
E00027517,342,57,25,32,285,24,261,16.666666666666664,7.309941520467836,9.35672514619883,83.33333333333334,7.017543859649122,76.31578947368422
E00027518,282,38,22,16,244,25,219,13.47517730496454,7.801418439716312,5.673758865248227,86.52482269503547,8.865248226950355,77.6595744680851
E00027519,304,95,53,42,209,10,199,31.25,17.434210526315788,13.815789473684212,68.75,3.289473684210526,65.46052631578947
E00027520,186,42,20,22,144,22,122,22.58064516129032,10.75268817204301,11.827956989247312,77.41935483870968,11.827956989247312,65.59139784946237
E00027521,336,72,32,40,264,17,247,21.428571428571427,9.523809523809524,11.904761904761903,78.57142857142857,5.059523809523809,73.51190476190477
E00027522,238,65,33,32,173,7,166,27.310924369747898,13.865546218487395,13.445378151260504,72.68907563025209,2.941176470588235,69.74789915966386
E00027523,212,57,29,28,155,4,151,26.88679245283019,13.679245283018867,13.20754716981132,73.11320754716981,1.8867924528301887,71.22641509433963
E00027524,346,63,28,35,283,7,276,18.20809248554913,8.092485549132949,10.115606936416185,81.79190751445087,2.023121387283237,79.76878612716763
E00027526,324,60,40,20,264,9,255,18.51851851851852,12.345679012345679,6.172839506172839,81.48148148148148,2.7777777777777777,78.70370370370371
E00027527,616,86,41,45,530,10,520,13.96103896103896,6.6558441558441555,7.305194805194805,86.03896103896103,1.6233766233766231,84.4155844155844
E00027528,443,48,29,19,395,11,384,10.835214446952596,6.5462753950338595,4.288939051918736,89.1647855530474,2.4830699774266365,86.68171557562077
E00027529,267,33,15,18,234,12,222,12.359550561797752,5.617977528089887,6.741573033707865,87.64044943820225,4.49438202247191,83.14606741573034
E00027530,444,73,37,36,371,16,355,16.441441441441444,8.333333333333332,8.108108108108109,83.55855855855856,3.6036036036036037,79.95495495495496
E00027531,511,67,30,37,444,15,429,13.111545988258316,5.870841487279844,7.240704500978473,86.88845401174167,2.935420743639922,83.95303326810176
E00027532,391,41,20,21,350,10,340,10.485933503836318,5.115089514066496,5.3708439897698215,89.51406649616368,2.557544757033248,86.95652173913044
E00027535,447,72,32,40,375,25,350,16.10738255033557,7.158836689038031,8.94854586129754,83.89261744966443,5.592841163310962,78.29977628635348
E00027536,591,86,44,42,505,14,491,14.551607445008461,7.4450084602368864,7.1065989847715745,85.44839255499154,2.3688663282571913,83.07952622673434
E00027537,463,66,26,40,397,15,382,14.254859611231103,5.615550755939525,8.639308855291576,85.7451403887689,3.2397408207343417,82.50539956803455
E00027538,497,36,17,19,461,18,443,7.2434607645875255,3.420523138832998,3.8229376257545273,92.75653923541248,3.6217303822937628,89.13480885311871
E00027539,326,38,18,20,288,19,269,11.65644171779141,5.521472392638037,6.134969325153374,88.34355828220859,5.828220858895705,82.51533742331289
E00027540,294,41,17,24,253,19,234,13.945578231292515,5.782312925170068,8.16326530612245,86.05442176870748,6.462585034013606,79.59183673469387
E00027541,497,53,24,29,444,12,432,10.663983903420524,4.82897384305835,5.8350100603621735,89.33601609657947,2.414486921529175,86.92152917505031
E00027542,447,52,24,28,395,13,382,11.6331096196868,5.369127516778524,6.263982102908278,88.36689038031321,2.9082774049217,85.4586129753915
E00027543,410,50,14,36,360,15,345,12.195121951219512,3.414634146341464,8.780487804878048,87.8048780487805,3.6585365853658534,84.14634146341463
E00027544,419,49,14,35,370,22,348,11.694510739856803,3.341288782816229,8.353221957040573,88.3054892601432,5.250596658711217,83.05489260143199
E00027545,454,179,126,53,275,29,246,39.4273127753304,27.75330396475771,11.674008810572687,60.57268722466961,6.387665198237885,54.18502202643172
E00027546,260,58,15,43,202,24,178,22.30769230769231,5.769230769230769,16.538461538461537,77.6923076923077,9.230769230769232,68.46153846153847
E00027547,254,75,39,36,179,17,162,29.527559055118108,15.354330708661418,14.173228346456693,70.47244094488188,6.692913385826772,63.77952755905512
E00027548,292,74,31,43,218,19,199,25.34246575342466,10.616438356164384,14.726027397260275,74.65753424657534,6.506849315068493,68.15068493150685
E00027549,299,44,26,18,255,16,239,14.715719063545151,8.695652173913043,6.0200668896321075,85.28428093645485,5.351170568561873,79.93311036789298
E00027550,308,53,15,38,255,20,235,17.20779220779221,4.870129870129871,12.337662337662337,82.79220779220779,6.493506493506493,76.2987012987013
E00027551,317,53,21,32,264,25,239,16.7192429022082,6.624605678233439,10.094637223974763,83.2807570977918,7.886435331230284,75.39432176656152
E00027552,287,45,16,29,242,25,217,15.6794425087108,5.574912891986063,10.104529616724738,84.3205574912892,8.710801393728223,75.60975609756098
E00027553,207,39,13,26,168,13,155,18.84057971014493,6.280193236714976,12.560386473429952,81.15942028985508,6.280193236714976,74.8792270531401
E00027554,265,55,26,29,210,12,198,20.754716981132077,9.811320754716983,10.943396226415095,79.24528301886792,4.528301886792453,74.71698113207546
E00027555,296,62,29,33,234,22,212,20.945945945945947,9.797297297297296,11.14864864864865,79.05405405405406,7.4324324324324325,71.62162162162163
E00027556,320,48,20,28,272,20,252,15,6.25,8.75,85,6.25,78.75
E00027557,234,82,42,40,152,20,132,35.04273504273504,17.94871794871795,17.094017094017094,64.95726495726495,8.547008547008547,56.41025641025641
E00027558,197,40,9,31,157,19,138,20.304568527918782,4.568527918781726,15.736040609137056,79.69543147208121,9.644670050761421,70.05076142131979
E00027559,269,43,15,28,226,24,202,15.985130111524162,5.5762081784386615,10.408921933085502,84.01486988847584,8.921933085501859,75.09293680297398
E00027560,216,62,33,29,154,10,144,28.703703703703702,15.277777777777779,13.425925925925927,71.29629629629629,4.62962962962963,66.66666666666666
E00027561,286,84,44,40,202,14,188,29.37062937062937,15.384615384615385,13.986013986013987,70.62937062937063,4.895104895104895,65.73426573426573
E00027562,239,82,47,35,157,13,144,34.30962343096235,19.665271966527197,14.644351464435147,65.69037656903765,5.439330543933055,60.25104602510461
E00027563,293,33,12,21,260,32,228,11.262798634812286,4.09556313993174,7.167235494880546,88.73720136518772,10.921501706484642,77.81569965870307
E00027564,301,70,25,45,231,22,209,23.25581395348837,8.305647840531561,14.950166112956811,76.74418604651163,7.308970099667775,69.43521594684385
E00027565,295,51,11,40,244,28,216,17.28813559322034,3.728813559322034,13.559322033898304,82.71186440677965,9.491525423728813,73.22033898305085
E00027566,251,34,5,29,217,22,195,13.545816733067728,1.9920318725099602,11.553784860557768,86.45418326693228,8.764940239043826,77.68924302788844
E00027567,283,28,11,17,255,16,239,9.89399293286219,3.8869257950530036,6.007067137809187,90.10600706713781,5.6537102473498235,84.45229681978799
E00027568,307,44,14,30,263,13,250,14.332247557003258,4.5602605863192185,9.77198697068404,85.66775244299674,4.234527687296417,81.43322475570032
E00027569,240,65,27,38,175,15,160,27.083333333333332,11.25,15.833333333333332,72.91666666666666,6.25,66.66666666666666
E00027570,274,49,32,17,225,12,213,17.88321167883212,11.678832116788321,6.204379562043796,82.11678832116789,4.37956204379562,77.73722627737226
E00027571,289,40,18,22,249,24,225,13.84083044982699,6.228373702422145,7.612456747404845,86.159169550173,8.304498269896193,77.85467128027682
E00027572,298,58,21,37,240,16,224,19.463087248322147,7.046979865771812,12.416107382550337,80.53691275167785,5.369127516778524,75.16778523489933
E00027573,296,47,19,28,249,33,216,15.878378378378377,6.418918918918918,9.45945945945946,84.12162162162163,11.14864864864865,72.97297297297297
E00027574,282,44,18,26,238,22,216,15.602836879432624,6.382978723404255,9.219858156028367,84.39716312056737,7.801418439716312,76.59574468085107
E00027575,239,75,46,29,164,17,147,31.380753138075313,19.246861924686193,12.133891213389122,68.6192468619247,7.112970711297072,61.50627615062761
E00027576,441,92,40,52,349,23,326,20.861678004535147,9.070294784580499,11.791383219954648,79.13832199546485,5.215419501133787,73.92290249433107
E00027577,259,64,29,35,195,22,173,24.71042471042471,11.196911196911197,13.513513513513514,75.2895752895753,8.494208494208493,66.79536679536679
E00027578,207,93,52,41,114,5,109,44.927536231884055,25.120772946859905,19.806763285024154,55.072463768115945,2.4154589371980677,52.65700483091788
E00027579,212,62,32,30,150,11,139,29.245283018867923,15.09433962264151,14.150943396226415,70.75471698113208,5.188679245283019,65.56603773584906
E00027580,286,85,29,56,201,11,190,29.72027972027972,10.13986013986014,19.58041958041958,70.27972027972028,3.8461538461538463,66.43356643356644
E00027581,341,58,27,31,283,17,266,17.008797653958943,7.9178885630498534,9.090909090909092,82.99120234604106,4.9853372434017595,78.00586510263929
E00027582,335,47,18,29,288,29,259,14.029850746268657,5.3731343283582085,8.656716417910449,85.97014925373134,8.656716417910449,77.31343283582089
E00027583,464,69,23,46,395,37,358,14.870689655172415,4.956896551724138,9.913793103448276,85.12931034482759,7.974137931034483,77.15517241379311
E00027584,275,58,26,32,217,19,198,21.09090909090909,9.454545454545455,11.636363636363637,78.9090909090909,6.909090909090909,72
E00027585,269,81,41,40,188,16,172,30.111524163568777,15.241635687732341,14.869888475836431,69.88847583643123,5.947955390334572,63.94052044609665
E00027586,310,60,26,34,250,20,230,19.35483870967742,8.38709677419355,10.967741935483872,80.64516129032258,6.451612903225806,74.19354838709677
E00027587,321,60,21,39,261,32,229,18.69158878504673,6.5420560747663545,12.149532710280374,81.30841121495327,9.968847352024921,71.33956386292834
E00027588,447,41,15,26,406,30,376,9.172259507829978,3.3557046979865772,5.8165548098434,90.82774049217002,6.7114093959731544,84.11633109619687
E00027589,245,43,18,25,202,15,187,17.551020408163264,7.346938775510205,10.204081632653061,82.44897959183673,6.122448979591836,76.32653061224491
E00027590,304,71,32,39,233,22,211,23.355263157894736,10.526315789473683,12.828947368421053,76.64473684210526,7.236842105263158,69.4078947368421
E00027591,272,41,21,20,231,13,218,15.073529411764705,7.720588235294118,7.352941176470589,84.92647058823529,4.779411764705882,80.14705882352942
E00027592,309,49,19,30,260,17,243,15.857605177993527,6.148867313915858,9.70873786407767,84.14239482200647,5.501618122977346,78.64077669902912
E00027593,273,34,17,17,239,17,222,12.454212454212454,6.227106227106227,6.227106227106227,87.54578754578755,6.227106227106227,81.31868131868131
E00027594,293,65,29,36,228,25,203,22.18430034129693,9.897610921501707,12.286689419795222,77.81569965870307,8.532423208191126,69.28327645051195
E00027596,266,44,21,23,222,16,206,16.541353383458645,7.894736842105263,8.646616541353383,83.45864661654136,6.015037593984962,77.44360902255639
E00027597,374,34,15,19,340,31,309,9.090909090909092,4.0106951871657754,5.080213903743315,90.9090909090909,8.288770053475936,82.62032085561498
E00027598,241,35,21,14,206,19,187,14.522821576763487,8.71369294605809,5.809128630705394,85.47717842323651,7.883817427385892,77.59336099585063
E00027599,225,52,24,28,173,18,155,23.11111111111111,10.666666666666668,12.444444444444445,76.88888888888889,8,68.88888888888889
E00027600,236,68,35,33,168,10,158,28.8135593220339,14.83050847457627,13.983050847457626,71.1864406779661,4.23728813559322,66.94915254237289
E00027601,289,63,33,30,226,17,209,21.79930795847751,11.418685121107266,10.380622837370241,78.20069204152249,5.88235294117647,72.31833910034602
E00027602,273,90,47,43,183,10,173,32.967032967032964,17.216117216117215,15.75091575091575,67.03296703296702,3.6630036630036633,63.369963369963365
E00027604,347,107,57,50,240,24,216,30.835734870317005,16.42651296829971,14.409221902017292,69.164265129683,6.9164265129683,62.2478386167147
E00027605,324,61,30,31,263,24,239,18.82716049382716,9.25925925925926,9.5679012345679,81.17283950617285,7.4074074074074066,73.76543209876543
E00027606,360,87,52,35,273,21,252,24.166666666666668,14.444444444444443,9.722222222222223,75.83333333333333,5.833333333333333,70
E00027607,321,54,28,26,267,13,254,16.822429906542055,8.722741433021806,8.09968847352025,83.17757009345794,4.049844236760125,79.12772585669782
E00027608,336,72,29,43,264,21,243,21.428571428571427,8.630952380952381,12.797619047619047,78.57142857142857,6.25,72.32142857142857
E00027609,170,57,35,22,113,11,102,33.52941176470588,20.588235294117645,12.941176470588237,66.47058823529412,6.470588235294119,60
E00027610,256,72,39,33,184,9,175,28.125,15.234375,12.890625,71.875,3.515625,68.359375
E00027611,362,69,33,36,293,8,285,19.060773480662984,9.116022099447514,9.94475138121547,80.93922651933701,2.209944751381215,78.72928176795581
E00027612,577,92,51,41,485,31,454,15.944540727902945,8.838821490467938,7.105719237435008,84.05545927209705,5.37261698440208,78.68284228769498
E00027613,277,66,28,38,211,4,207,23.826714801444044,10.108303249097473,13.718411552346572,76.17328519855594,1.444043321299639,74.72924187725631
E00027614,380,46,26,20,334,13,321,12.105263157894736,6.842105263157896,5.263157894736842,87.89473684210526,3.421052631578948,84.47368421052632
E00027615,346,56,30,26,290,11,279,16.184971098265898,8.670520231213873,7.514450867052023,83.8150289017341,3.1791907514450863,80.63583815028902
E00027616,504,71,30,41,433,11,422,14.087301587301587,5.952380952380952,8.134920634920634,85.9126984126984,2.1825396825396823,83.73015873015873
E00027617,549,64,40,24,485,12,473,11.657559198542804,7.285974499089254,4.371584699453552,88.34244080145719,2.185792349726776,86.15664845173042
E00027618,453,61,32,29,392,17,375,13.46578366445916,7.06401766004415,6.401766004415011,86.53421633554083,3.7527593818984544,82.78145695364239
E00027619,401,49,13,36,352,26,326,12.219451371571072,3.2418952618453867,8.977556109725686,87.78054862842892,6.483790523690773,81.29675810473816
E00027620,410,65,29,36,345,13,332,15.853658536585366,7.073170731707316,8.780487804878048,84.14634146341463,3.1707317073170733,80.97560975609757
E00027621,282,51,18,33,231,22,209,18.085106382978726,6.382978723404255,11.702127659574469,81.91489361702128,7.801418439716312,74.11347517730496
E00027622,314,57,25,32,257,28,229,18.152866242038215,7.961783439490445,10.191082802547772,81.84713375796179,8.9171974522293,72.92993630573248
E00027623,352,42,16,26,310,40,270,11.931818181818182,4.545454545454546,7.386363636363637,88.06818181818183,11.363636363636363,76.70454545454545
E00027624,290,53,22,31,237,30,207,18.275862068965516,7.586206896551724,10.689655172413794,81.72413793103448,10.344827586206897,71.37931034482759
E00027625,491,91,54,37,400,13,387,18.533604887983707,10.9979633401222,7.535641547861507,81.4663951120163,2.6476578411405294,78.81873727087576
E00027627,437,103,47,56,334,14,320,23.569794050343248,10.755148741418765,12.814645308924485,76.43020594965675,3.203661327231121,73.22654462242562
E00027628,427,79,42,37,348,6,342,18.501170960187356,9.836065573770492,8.665105386416862,81.49882903981265,1.405152224824356,80.09367681498829
E00027629,267,19,10,9,248,9,239,7.116104868913857,3.7453183520599254,3.3707865168539324,92.88389513108615,3.3707865168539324,89.51310861423221
E00027630,595,65,29,36,530,15,515,10.92436974789916,4.873949579831933,6.050420168067227,89.07563025210085,2.5210084033613445,86.5546218487395
E00027631,564,72,34,38,492,14,478,12.76595744680851,6.028368794326241,6.73758865248227,87.2340425531915,2.4822695035460995,84.75177304964538
E00027633,250,49,20,29,201,5,196,19.6,8,11.600000000000001,80.4,2,78.4
E00027634,606,79,36,43,527,19,508,13.036303630363037,5.9405940594059405,7.095709570957095,86.96369636963696,3.1353135313531353,83.82838283828383
E00027635,468,72,36,36,396,20,376,15.384615384615385,7.6923076923076925,7.6923076923076925,84.61538461538461,4.273504273504273,80.34188034188034
E00027638,413,91,59,32,322,8,314,22.033898305084744,14.285714285714285,7.74818401937046,77.96610169491525,1.937046004842615,76.02905569007264
E00027639,379,48,29,19,331,6,325,12.66490765171504,7.651715039577836,5.013192612137203,87.33509234828496,1.58311345646438,85.75197889182058
E00027641,125,30,18,12,95,3,92,24,14.399999999999999,9.6,76,2.4,73.6
E00027642,553,76,33,43,477,21,456,13.743218806509946,5.967450271247739,7.775768535262206,86.25678119349006,3.79746835443038,82.45931283905968
E00027643,428,69,32,37,359,9,350,16.121495327102803,7.476635514018691,8.644859813084112,83.8785046728972,2.102803738317757,81.77570093457945
E00027644,525,79,42,37,446,15,431,15.04761904761905,8,7.0476190476190474,84.95238095238096,2.857142857142857,82.0952380952381
E00027646,502,60,32,28,442,17,425,11.952191235059761,6.374501992031872,5.577689243027888,88.04780876494024,3.386454183266932,84.66135458167331
E00027647,406,61,24,37,345,9,336,15.024630541871922,5.911330049261084,9.113300492610838,84.97536945812809,2.2167487684729066,82.75862068965517
E00027649,366,65,38,27,301,17,284,17.759562841530055,10.382513661202186,7.377049180327869,82.24043715846994,4.644808743169399,77.59562841530054
E00027651,576,58,31,27,518,11,507,10.069444444444445,5.381944444444445,4.6875,89.93055555555556,1.9097222222222223,88.02083333333334
E00027653,560,59,35,24,501,18,483,10.535714285714286,6.25,4.285714285714286,89.46428571428572,3.214285714285714,86.25
E00027654,524,63,27,36,461,21,440,12.022900763358779,5.152671755725191,6.870229007633588,87.97709923664122,4.007633587786259,83.96946564885496
E00165778,242,41,14,27,201,19,182,16.94214876033058,5.785123966942149,11.15702479338843,83.05785123966942,7.851239669421488,75.20661157024794
E00165779,343,74,34,40,269,31,238,21.574344023323615,9.912536443148689,11.661807580174926,78.4256559766764,9.037900874635568,69.38775510204081
E00165780,356,76,35,41,280,26,254,21.34831460674157,9.831460674157304,11.51685393258427,78.65168539325843,7.303370786516854,71.34831460674157
E00165781,243,57,25,32,186,15,171,23.456790123456788,10.2880658436214,13.168724279835391,76.5432098765432,6.172839506172839,70.37037037037037
E00165782,226,52,21,31,174,7,167,23.008849557522122,9.29203539823009,13.716814159292035,76.99115044247787,3.0973451327433628,73.89380530973452
E00165783,316,46,22,24,270,18,252,14.556962025316455,6.962025316455696,7.59493670886076,85.44303797468355,5.69620253164557,79.74683544303798
E00165784,394,102,41,61,292,27,265,25.888324873096447,10.406091370558377,15.48223350253807,74.11167512690355,6.852791878172589,67.25888324873097
E00165785,241,49,19,30,192,15,177,20.33195020746888,7.883817427385892,12.448132780082988,79.66804979253112,6.224066390041494,73.44398340248964
E00165786,213,71,38,33,142,10,132,33.33333333333333,17.84037558685446,15.492957746478872,66.66666666666666,4.694835680751173,61.97183098591549
E00168605,275,111,87,24,164,9,155,40.36363636363636,31.636363636363633,8.727272727272728,59.63636363636363,3.272727272727273,56.36363636363636
E00168606,420,76,36,40,344,11,333,18.095238095238095,8.571428571428571,9.523809523809524,81.9047619047619,2.619047619047619,79.28571428571428
E00168607,201,34,17,17,167,3,164,16.91542288557214,8.45771144278607,8.45771144278607,83.08457711442786,1.4925373134328357,81.59203980099502
E00168608,277,38,9,29,239,8,231,13.718411552346572,3.2490974729241873,10.469314079422382,86.28158844765343,2.888086642599278,83.39350180505414
E00168609,405,138,95,43,267,32,235,34.074074074074076,23.456790123456788,10.617283950617285,65.92592592592592,7.901234567901234,58.0246913580247
E00168610,460,62,30,32,398,12,386,13.478260869565217,6.521739130434782,6.956521739130435,86.52173913043478,2.608695652173913,83.91304347826087
E00168611,241,37,21,16,204,4,200,15.352697095435685,8.71369294605809,6.639004149377594,84.64730290456431,1.6597510373443984,82.98755186721992
E00168612,318,35,12,23,283,22,261,11.0062893081761,3.7735849056603774,7.232704402515723,88.9937106918239,6.918238993710692,82.0754716981132
E00168613,377,65,28,37,312,30,282,17.24137931034483,7.427055702917771,9.814323607427056,82.75862068965517,7.957559681697612,74.80106100795756
E00168614,367,35,11,24,332,25,307,9.536784741144414,2.997275204359673,6.539509536784741,90.46321525885558,6.811989100817439,83.65122615803816
E00168615,106,32,15,17,74,9,65,30.18867924528302,14.150943396226415,16.037735849056602,69.81132075471697,8.49056603773585,61.32075471698113
E00168616,418,53,32,21,365,8,357,12.679425837320574,7.655502392344498,5.023923444976076,87.32057416267942,1.9138755980861244,85.4066985645933
E00168617,322,142,87,55,180,11,169,44.099378881987576,27.018633540372672,17.080745341614907,55.90062111801242,3.4161490683229814,52.484472049689444
E00168618,518,74,37,37,444,8,436,14.285714285714285,7.142857142857142,7.142857142857142,85.71428571428571,1.5444015444015444,84.16988416988417
E00168619,292,31,10,21,261,10,251,10.616438356164384,3.4246575342465753,7.191780821917808,89.38356164383562,3.4246575342465753,85.95890410958904
E00168620,316,65,34,31,251,6,245,20.569620253164558,10.759493670886076,9.81012658227848,79.43037974683544,1.89873417721519,77.53164556962025
E00168621,442,61,26,35,381,4,377,13.800904977375566,5.88235294117647,7.918552036199094,86.19909502262443,0.904977375565611,85.29411764705883
E00168623,301,120,65,55,181,14,167,39.8671096345515,21.59468438538206,18.272425249169437,60.13289036544851,4.651162790697675,55.48172757475083
E00168624,584,95,45,50,489,20,469,16.267123287671232,7.705479452054795,8.561643835616438,83.73287671232876,3.4246575342465753,80.3082191780822
E00168625,394,62,28,34,332,9,323,15.736040609137056,7.1065989847715745,8.629441624365482,84.26395939086294,2.284263959390863,81.97969543147208
E00181717,488,59,35,24,429,15,414,12.09016393442623,7.172131147540983,4.918032786885246,87.90983606557377,3.0737704918032787,84.8360655737705
E00181720,487,64,23,41,423,24,399,13.141683778234087,4.722792607802875,8.41889117043121,86.85831622176592,4.9281314168377826,81.93018480492813
E00181721,149,34,20,14,115,3,112,22.818791946308725,13.422818791946309,9.395973154362416,77.18120805369128,2.013422818791946,75.16778523489933
E00181722,357,46,19,27,311,12,299,12.885154061624648,5.322128851540616,7.563025210084033,87.11484593837535,3.361344537815126,83.75350140056022
E00181727,398,68,35,33,330,8,322,17.08542713567839,8.793969849246231,8.291457286432161,82.91457286432161,2.0100502512562812,80.90452261306532
E00181728,187,21,10,11,166,13,153,11.229946524064172,5.347593582887701,5.88235294117647,88.77005347593582,6.951871657754011,81.81818181818183
E00181729,335,22,5,17,313,20,293,6.567164179104477,1.4925373134328357,5.074626865671641,93.43283582089552,5.970149253731343,87.46268656716418
E00181732,183,25,10,15,158,3,155,13.661202185792352,5.46448087431694,8.19672131147541,86.33879781420765,1.639344262295082,84.69945355191257
E00181733,266,16,3,13,250,8,242,6.015037593984962,1.1278195488721803,4.887218045112782,93.98496240601504,3.007518796992481,90.97744360902256
E00181734,515,102,56,46,413,15,398,19.80582524271845,10.87378640776699,8.932038834951456,80.19417475728156,2.912621359223301,77.28155339805825
E00181737,403,69,39,30,334,1,333,17.121588089330025,9.67741935483871,7.444168734491314,82.87841191066998,0.24813895781637718,82.6302729528536
E00181738,305,56,29,27,249,3,246,18.360655737704917,9.508196721311474,8.852459016393443,81.63934426229508,0.9836065573770493,80.65573770491802
E00181739,193,42,21,21,151,4,147,21.761658031088082,10.880829015544041,10.880829015544041,78.23834196891191,2.072538860103627,76.16580310880829
E00181742,516,56,25,31,460,18,442,10.852713178294573,4.844961240310078,6.007751937984496,89.14728682170544,3.488372093023256,85.65891472868216
E00181744,396,57,38,19,339,10,329,14.393939393939394,9.595959595959595,4.797979797979798,85.60606060606061,2.525252525252525,83.08080808080808
E00181751,449,42,18,24,407,13,394,9.35412026726058,4.008908685968819,5.3452115812917596,90.64587973273942,2.89532293986637,87.75055679287304
E00181753,367,56,28,28,311,6,305,15.258855585831062,7.629427792915531,7.629427792915531,84.74114441416893,1.6348773841961852,83.10626702997274
E00181754,309,62,28,34,247,17,230,20.06472491909385,9.06148867313916,11.003236245954692,79.93527508090615,5.501618122977346,74.4336569579288
E00181755,254,31,16,15,223,11,212,12.204724409448819,6.299212598425196,5.905511811023622,87.79527559055119,4.330708661417323,83.46456692913385
E00181756,439,55,28,27,384,13,371,12.52847380410023,6.378132118451026,6.150341685649203,87.47152619589977,2.9612756264236904,84.51025056947609
E00181758,332,48,25,23,284,11,273,14.457831325301203,7.530120481927711,6.927710843373494,85.54216867469879,3.313253012048193,82.2289156626506
E00181762,458,78,40,38,380,14,366,17.03056768558952,8.73362445414847,8.296943231441048,82.96943231441048,3.056768558951965,79.91266375545851
E00181765,238,38,19,19,200,4,196,15.966386554621847,7.9831932773109235,7.9831932773109235,84.03361344537815,1.680672268907563,82.35294117647058
E00181771,340,38,17,21,302,11,291,11.176470588235295,5,6.176470588235294,88.8235294117647,3.2352941176470593,85.58823529411764
E00181773,284,38,9,29,246,7,239,13.380281690140844,3.169014084507042,10.211267605633804,86.61971830985915,2.464788732394366,84.15492957746478
E00181774,238,38,19,19,200,2,198,15.966386554621847,7.9831932773109235,7.9831932773109235,84.03361344537815,0.8403361344537815,83.19327731092437
E00181775,399,62,30,32,337,10,327,15.538847117794486,7.518796992481203,8.020050125313283,84.46115288220551,2.506265664160401,81.95488721804512
E00181776,473,61,31,30,412,10,402,12.896405919661733,6.553911205073996,6.342494714587738,87.10359408033827,2.1141649048625792,84.98942917547568
E00181777,207,27,15,12,180,6,174,13.043478260869565,7.246376811594203,5.797101449275362,86.95652173913044,2.898550724637681,84.05797101449275
E00181778,373,67,36,31,306,6,300,17.962466487935657,9.651474530831099,8.310991957104557,82.03753351206434,1.6085790884718498,80.42895442359249
E00181779,370,43,26,17,327,12,315,11.621621621621623,7.027027027027027,4.594594594594595,88.37837837837837,3.2432432432432434,85.13513513513513
E00181786,195,45,16,29,150,14,136,23.076923076923077,8.205128205128204,14.871794871794872,76.92307692307693,7.179487179487179,69.74358974358974
E00181790,271,29,12,17,242,10,232,10.70110701107011,4.428044280442804,6.273062730627306,89.2988929889299,3.6900369003690034,85.60885608856088
E00181791,413,48,23,25,365,11,354,11.62227602905569,5.569007263922518,6.053268765133172,88.37772397094432,2.663438256658596,85.71428571428571
E00181792,363,54,26,28,309,22,287,14.87603305785124,7.162534435261708,7.7134986225895315,85.12396694214877,6.0606060606060606,79.06336088154269
E00181793,135,40,18,22,95,10,85,29.629629629629626,13.333333333333334,16.296296296296298,70.37037037037037,7.4074074074074066,62.96296296296296
E00181794,424,51,26,25,373,12,361,12.028301886792454,6.132075471698113,5.89622641509434,87.97169811320755,2.8301886792452833,85.14150943396226
E00181795,320,59,23,36,261,16,245,18.4375,7.187499999999999,11.25,81.5625,5,76.5625
E00181796,208,36,18,18,172,4,168,17.307692307692307,8.653846153846153,8.653846153846153,82.6923076923077,1.9230769230769231,80.76923076923077
E00181797,301,55,31,24,246,17,229,18.272425249169437,10.299003322259136,7.973421926910299,81.72757475083057,5.647840531561462,76.0797342192691
E00181800,235,37,18,19,198,7,191,15.74468085106383,7.659574468085106,8.085106382978724,84.25531914893617,2.9787234042553195,81.27659574468085
E00181801,546,101,57,44,445,14,431,18.4981684981685,10.43956043956044,8.058608058608058,81.5018315018315,2.564102564102564,78.93772893772893
E00181804,312,29,17,12,283,6,277,9.294871794871796,5.448717948717949,3.8461538461538463,90.7051282051282,1.9230769230769231,88.78205128205127
E00181808,275,42,19,23,233,10,223,15.272727272727273,6.909090909090909,8.363636363636363,84.72727272727273,3.6363636363636362,81.0909090909091
E00181809,461,87,39,48,374,20,354,18.872017353579178,8.459869848156181,10.412147505422993,81.12798264642083,4.3383947939262475,76.78958785249458
E00181811,324,54,24,30,270,23,247,16.666666666666664,7.4074074074074066,9.25925925925926,83.33333333333334,7.098765432098765,76.23456790123457
E00181812,319,43,24,19,276,23,253,13.479623824451412,7.523510971786834,5.956112852664576,86.52037617554859,7.210031347962382,79.3103448275862
E00181813,159,22,11,11,137,1,136,13.836477987421384,6.918238993710692,6.918238993710692,86.16352201257862,0.628930817610063,85.53459119496856
E00181815,531,100,58,42,431,15,416,18.832391713747647,10.922787193973635,7.909604519774012,81.16760828625236,2.824858757062147,78.3427495291902
E00181817,284,34,18,16,250,8,242,11.971830985915492,6.338028169014084,5.633802816901409,88.02816901408451,2.8169014084507045,85.2112676056338
E00181819,468,44,14,30,424,22,402,9.401709401709402,2.9914529914529915,6.41025641025641,90.5982905982906,4.700854700854701,85.8974358974359
E00181820,410,40,15,25,370,21,349,9.75609756097561,3.6585365853658534,6.097560975609756,90.2439024390244,5.121951219512195,85.1219512195122
