OA,ts0590001,ts0590002,ts0590003,ts0590004,ts0590005,ts0590006,ts0590007,ts0590002_PCT,ts0590003_PCT,ts0590004_PCT,ts0590005_PCT,ts0590006_PCT,ts0590007_PCT
E00153723,36,20,10,10,16,11,5,55.55555555555556,27.77777777777778,27.77777777777778,44.44444444444444,30.555555555555557,13.88888888888889
E00153724,33,12,7,5,21,11,10,36.36363636363637,21.21212121212121,15.151515151515152,63.63636363636363,33.33333333333333,30.303030303030305
E00153725,47,20,10,10,27,20,7,42.5531914893617,21.27659574468085,21.27659574468085,57.446808510638306,42.5531914893617,14.893617021276595
E00153726,75,44,26,18,31,24,7,58.666666666666664,34.66666666666667,24,41.333333333333336,32,9.333333333333334
E00153727,58,22,8,14,36,29,7,37.93103448275862,13.793103448275861,24.137931034482758,62.06896551724138,50,12.068965517241379
E00153728,50,20,7,13,30,21,9,40,14.000000000000002,26,60,42,18
E00153729,63,27,15,12,36,27,9,42.857142857142854,23.809523809523807,19.047619047619047,57.14285714285714,42.857142857142854,14.285714285714285
E00153730,80,43,19,24,37,30,7,53.75,23.75,30,46.25,37.5,8.75
E00153731,74,26,14,12,48,39,9,35.13513513513514,18.91891891891892,16.216216216216218,64.86486486486487,52.702702702702695,12.162162162162163
E00153732,105,39,11,28,66,55,11,37.142857142857146,10.476190476190476,26.666666666666668,62.857142857142854,52.38095238095239,10.476190476190476
E00153733,164,66,31,35,98,92,6,40.243902439024396,18.902439024390244,21.341463414634145,59.756097560975604,56.09756097560976,3.6585365853658534
E00153734,100,43,16,27,57,51,6,43,16,27,56.99999999999999,51,6
E00153735,92,32,14,18,60,40,20,34.78260869565217,15.217391304347828,19.565217391304348,65.21739130434783,43.47826086956522,21.73913043478261
E00153736,72,25,10,15,47,41,6,34.72222222222222,13.88888888888889,20.833333333333336,65.27777777777779,56.94444444444444,8.333333333333332
E00153737,115,44,18,26,71,54,17,38.26086956521739,15.65217391304348,22.608695652173914,61.73913043478261,46.95652173913044,14.782608695652174
E00153738,124,40,18,22,84,54,30,32.25806451612903,14.516129032258066,17.741935483870968,67.74193548387096,43.54838709677419,24.193548387096776
E00153739,158,57,21,36,101,72,29,36.075949367088604,13.291139240506327,22.78481012658228,63.92405063291139,45.56962025316456,18.354430379746837
E00153740,85,34,16,18,51,41,10,40,18.823529411764707,21.176470588235293,60,48.23529411764706,11.76470588235294
E00153741,200,75,34,41,125,92,33,37.5,17,20.5,62.5,46,16.5
E00153742,186,65,29,36,121,97,24,34.946236559139784,15.591397849462366,19.35483870967742,65.05376344086021,52.1505376344086,12.903225806451612
E00153743,129,50,21,29,79,55,24,38.759689922480625,16.27906976744186,22.48062015503876,61.240310077519375,42.63565891472868,18.6046511627907
E00153744,65,26,14,12,39,28,11,40,21.53846153846154,18.461538461538463,60,43.07692307692308,16.923076923076923
E00153745,65,29,9,20,36,22,14,44.61538461538462,13.846153846153847,30.76923076923077,55.38461538461539,33.84615384615385,21.53846153846154
E00153746,117,52,19,33,65,58,7,44.44444444444444,16.23931623931624,28.205128205128204,55.55555555555556,49.572649572649574,5.982905982905983
E00153747,112,42,15,27,70,59,11,37.5,13.392857142857142,24.107142857142858,62.5,52.67857142857143,9.821428571428571
E00153748,119,45,18,27,74,57,17,37.81512605042017,15.126050420168067,22.689075630252102,62.18487394957983,47.89915966386555,14.285714285714285
E00153749,170,47,8,39,123,105,18,27.647058823529413,4.705882352941177,22.941176470588236,72.35294117647058,61.76470588235294,10.588235294117647
E00153750,125,40,11,29,85,71,14,32,8.799999999999999,23.200000000000003,68,56.8,11.200000000000001
E00153751,131,37,14,23,94,78,16,28.24427480916031,10.687022900763358,17.557251908396946,71.7557251908397,59.541984732824424,12.213740458015266
E00153752,163,51,16,35,112,96,16,31.28834355828221,9.815950920245399,21.472392638036812,68.71165644171779,58.895705521472394,9.815950920245399
E00153753,127,44,19,25,83,65,18,34.645669291338585,14.960629921259844,19.68503937007874,65.35433070866141,51.181102362204726,14.173228346456693
E00153754,128,55,23,32,73,62,11,42.96875,17.96875,25,57.03125,48.4375,8.59375
E00153755,59,21,5,16,38,28,10,35.59322033898305,8.47457627118644,27.11864406779661,64.40677966101694,47.45762711864407,16.94915254237288
E00153756,119,44,14,30,75,63,12,36.97478991596639,11.76470588235294,25.210084033613445,63.02521008403361,52.94117647058824,10.084033613445378
E00153757,74,27,10,17,47,39,8,36.486486486486484,13.513513513513514,22.972972972972975,63.51351351351351,52.702702702702695,10.81081081081081
E00153758,84,32,14,18,52,33,19,38.095238095238095,16.666666666666664,21.428571428571427,61.904761904761905,39.285714285714285,22.61904761904762
E00153759,100,45,16,29,55,48,7,45,16,28.999999999999996,55.00000000000001,48,7.000000000000001
E00153760,50,23,13,10,27,22,5,46,26,20,54,44,10
E00153761,115,44,17,27,71,57,14,38.26086956521739,14.782608695652174,23.47826086956522,61.73913043478261,49.56521739130435,12.173913043478262
E00153762,120,39,14,25,81,70,11,32.5,11.666666666666666,20.833333333333336,67.5,58.333333333333336,9.166666666666666
E00153763,70,29,13,16,41,36,5,41.42857142857143,18.571428571428573,22.857142857142858,58.57142857142858,51.42857142857142,7.142857142857142
E00153764,11,8,2,6,3,0,3,72.72727272727273,18.181818181818183,54.54545454545454,27.27272727272727,0,27.27272727272727
E00153765,87,42,10,32,45,34,11,48.275862068965516,11.494252873563218,36.7816091954023,51.724137931034484,39.08045977011494,12.643678160919542
E00153766,147,48,15,33,99,82,17,32.6530612244898,10.204081632653061,22.448979591836736,67.3469387755102,55.78231292517006,11.564625850340136
E00153767,67,22,9,13,45,34,11,32.83582089552239,13.432835820895523,19.402985074626866,67.16417910447761,50.74626865671642,16.417910447761194
E00153768,178,50,16,34,128,101,27,28.08988764044944,8.98876404494382,19.101123595505616,71.91011235955057,56.74157303370787,15.168539325842698
E00153769,101,29,9,20,72,62,10,28.71287128712871,8.91089108910891,19.801980198019802,71.28712871287128,61.386138613861384,9.900990099009901
E00153770,131,48,17,31,83,67,16,36.6412213740458,12.977099236641221,23.66412213740458,63.358778625954194,51.14503816793893,12.213740458015266
E00153771,131,50,19,31,81,62,19,38.16793893129771,14.50381679389313,23.66412213740458,61.832061068702295,47.32824427480916,14.50381679389313
E00153772,15,5,0,5,10,9,1,33.33333333333333,0,33.33333333333333,66.66666666666666,60,6.666666666666667
E00153773,70,26,10,16,44,36,8,37.142857142857146,14.285714285714285,22.857142857142858,62.857142857142854,51.42857142857142,11.428571428571429
E00153774,95,41,11,30,54,45,9,43.15789473684211,11.578947368421053,31.57894736842105,56.84210526315789,47.368421052631575,9.473684210526317
E00153775,128,34,12,22,94,66,28,26.5625,9.375,17.1875,73.4375,51.5625,21.875
E00153776,133,42,16,26,91,62,29,31.57894736842105,12.030075187969924,19.548872180451127,68.42105263157895,46.616541353383454,21.804511278195488
E00153777,160,49,14,35,111,91,20,30.625000000000004,8.75,21.875,69.375,56.875,12.5
E00153778,296,82,34,48,214,170,44,27.7027027027027,11.486486486486488,16.216216216216218,72.2972972972973,57.432432432432435,14.864864864864865
E00153779,155,45,12,33,110,90,20,29.03225806451613,7.741935483870968,21.29032258064516,70.96774193548387,58.06451612903226,12.903225806451612
E00153780,113,44,19,25,69,55,14,38.93805309734513,16.8141592920354,22.123893805309734,61.06194690265486,48.67256637168141,12.389380530973451
E00153781,148,57,29,28,91,75,16,38.513513513513516,19.594594594594593,18.91891891891892,61.48648648648649,50.67567567567568,10.81081081081081
E00153782,177,39,14,25,138,123,15,22.033898305084744,7.909604519774012,14.124293785310735,77.96610169491525,69.49152542372882,8.47457627118644
E00153783,209,59,15,44,150,127,23,28.22966507177033,7.177033492822966,21.052631578947366,71.77033492822966,60.76555023923444,11.004784688995215
E00153784,150,48,21,27,102,84,18,32,14.000000000000002,18,68,56.00000000000001,12
E00153785,132,51,18,33,81,64,17,38.63636363636363,13.636363636363635,25,61.36363636363637,48.484848484848484,12.878787878787879
E00153786,135,40,19,21,95,77,18,29.629629629629626,14.074074074074074,15.555555555555555,70.37037037037037,57.03703703703704,13.333333333333334
E00153787,121,43,17,26,78,60,18,35.53719008264463,14.049586776859504,21.487603305785125,64.46280991735537,49.586776859504134,14.87603305785124
E00153788,111,36,9,27,75,60,15,32.432432432432435,8.108108108108109,24.324324324324326,67.56756756756756,54.054054054054056,13.513513513513514
E00153789,113,34,12,22,79,61,18,30.08849557522124,10.619469026548673,19.469026548672566,69.91150442477876,53.98230088495575,15.929203539823009
E00153790,66,28,13,15,38,32,6,42.42424242424242,19.696969696969695,22.727272727272727,57.57575757575758,48.484848484848484,9.090909090909092
E00153791,117,42,20,22,75,65,10,35.8974358974359,17.094017094017094,18.803418803418804,64.1025641025641,55.55555555555556,8.547008547008547
E00153792,166,41,12,29,125,92,33,24.69879518072289,7.228915662650602,17.46987951807229,75.30120481927712,55.42168674698795,19.879518072289155
E00153793,157,47,23,24,110,89,21,29.936305732484076,14.64968152866242,15.286624203821656,70.06369426751591,56.68789808917197,13.375796178343949
E00153794,167,46,18,28,121,95,26,27.54491017964072,10.778443113772456,16.766467065868262,72.45508982035929,56.886227544910184,15.568862275449103
E00153795,154,47,21,26,107,74,33,30.519480519480517,13.636363636363635,16.883116883116884,69.48051948051948,48.05194805194805,21.428571428571427
E00153796,140,50,20,30,90,73,17,35.714285714285715,14.285714285714285,21.428571428571427,64.28571428571429,52.142857142857146,12.142857142857142
E00153797,176,61,17,44,115,85,30,34.659090909090914,9.659090909090908,25,65.3409090909091,48.29545454545455,17.045454545454543
E00153798,190,72,23,49,118,103,15,37.89473684210527,12.105263157894736,25.789473684210527,62.10526315789474,54.21052631578947,7.894736842105263
E00153799,124,35,14,21,89,77,12,28.225806451612907,11.29032258064516,16.93548387096774,71.7741935483871,62.096774193548384,9.67741935483871
E00153800,154,47,16,31,107,84,23,30.519480519480517,10.38961038961039,20.12987012987013,69.48051948051948,54.54545454545454,14.935064935064934
E00153801,164,56,20,36,108,85,23,34.146341463414636,12.195121951219512,21.951219512195124,65.85365853658537,51.829268292682926,14.02439024390244
E00153802,55,21,13,8,34,25,9,38.18181818181819,23.636363636363637,14.545454545454545,61.81818181818181,45.45454545454545,16.363636363636363
E00153803,130,32,9,23,98,80,18,24.615384615384617,6.923076923076923,17.692307692307693,75.38461538461539,61.53846153846154,13.846153846153847
E00153804,90,30,10,20,60,46,14,33.33333333333333,11.11111111111111,22.22222222222222,66.66666666666666,51.11111111111111,15.555555555555555
E00153805,175,55,14,41,120,93,27,31.428571428571427,8,23.42857142857143,68.57142857142857,53.142857142857146,15.428571428571427
E00153806,112,37,16,21,75,56,19,33.035714285714285,14.285714285714285,18.75,66.96428571428571,50,16.964285714285715
E00153807,82,31,11,20,51,44,7,37.80487804878049,13.414634146341465,24.390243902439025,62.19512195121951,53.65853658536586,8.536585365853659
E00153808,105,57,34,23,48,34,14,54.285714285714285,32.38095238095238,21.904761904761905,45.714285714285715,32.38095238095238,13.333333333333334
E00153809,135,55,27,28,80,60,20,40.74074074074074,20,20.74074074074074,59.25925925925925,44.44444444444444,14.814814814814813
E00153810,90,36,16,20,54,38,16,40,17.77777777777778,22.22222222222222,60,42.22222222222222,17.77777777777778
E00153811,78,35,17,18,43,31,12,44.871794871794876,21.794871794871796,23.076923076923077,55.12820512820513,39.743589743589745,15.384615384615385
E00153812,111,35,15,20,76,56,20,31.53153153153153,13.513513513513514,18.01801801801802,68.46846846846847,50.45045045045045,18.01801801801802
E00153813,124,31,16,15,93,78,15,25,12.903225806451612,12.096774193548388,75,62.903225806451616,12.096774193548388
E00153814,106,38,12,26,68,56,12,35.84905660377358,11.320754716981133,24.528301886792452,64.15094339622641,52.83018867924528,11.320754716981133
E00153815,94,28,7,21,66,56,10,29.78723404255319,7.446808510638298,22.340425531914892,70.2127659574468,59.57446808510638,10.638297872340425
E00153816,197,35,12,23,162,138,24,17.766497461928935,6.091370558375635,11.6751269035533,82.23350253807106,70.05076142131979,12.18274111675127
E00153817,117,36,10,26,81,68,13,30.76923076923077,8.547008547008547,22.22222222222222,69.23076923076923,58.119658119658126,11.11111111111111
E00153818,168,47,11,36,121,97,24,27.976190476190478,6.547619047619048,21.428571428571427,72.02380952380952,57.738095238095234,14.285714285714285
E00153819,138,36,11,25,102,78,24,26.08695652173913,7.971014492753622,18.115942028985508,73.91304347826086,56.52173913043478,17.391304347826086
E00153820,126,39,15,24,87,65,22,30.952380952380953,11.904761904761903,19.047619047619047,69.04761904761905,51.587301587301596,17.46031746031746
E00153821,140,42,9,33,98,81,17,30,6.428571428571428,23.57142857142857,70,57.85714285714286,12.142857142857142
E00153822,154,38,20,18,116,89,27,24.675324675324674,12.987012987012985,11.688311688311687,75.32467532467533,57.7922077922078,17.532467532467532
E00153823,87,43,21,22,44,36,8,49.42528735632184,24.137931034482758,25.287356321839084,50.57471264367817,41.37931034482759,9.195402298850574
E00153824,163,44,18,26,119,91,28,26.993865030674847,11.042944785276074,15.950920245398773,73.00613496932516,55.828220858895705,17.177914110429448
E00153825,165,42,22,20,123,96,27,25.454545454545453,13.333333333333334,12.121212121212121,74.54545454545455,58.18181818181818,16.363636363636363
E00153826,113,43,16,27,70,50,20,38.05309734513274,14.15929203539823,23.893805309734514,61.94690265486725,44.24778761061947,17.699115044247787
E00153827,122,39,16,23,83,68,15,31.967213114754102,13.114754098360656,18.852459016393443,68.0327868852459,55.73770491803278,12.295081967213115
E00153828,126,42,21,21,84,61,23,33.33333333333333,16.666666666666664,16.666666666666664,66.66666666666666,48.41269841269841,18.253968253968253
E00153829,126,43,19,24,83,62,21,34.12698412698413,15.079365079365079,19.047619047619047,65.87301587301587,49.2063492063492,16.666666666666664
E00153830,162,56,27,29,106,87,19,34.5679012345679,16.666666666666664,17.901234567901234,65.4320987654321,53.70370370370371,11.728395061728394
E00153831,102,38,13,25,64,46,18,37.254901960784316,12.745098039215685,24.509803921568626,62.745098039215684,45.09803921568628,17.647058823529413
E00153832,165,49,15,34,116,88,28,29.6969696969697,9.090909090909092,20.606060606060606,70.3030303030303,53.333333333333336,16.969696969696972
E00153833,62,34,16,18,28,22,6,54.83870967741935,25.806451612903224,29.03225806451613,45.16129032258064,35.483870967741936,9.67741935483871
E00153834,170,60,21,39,110,84,26,35.294117647058826,12.352941176470589,22.941176470588236,64.70588235294117,49.411764705882355,15.294117647058824
E00153835,75,30,8,22,45,35,10,40,10.666666666666668,29.333333333333332,60,46.666666666666664,13.333333333333334
E00153836,112,44,8,36,68,50,18,39.285714285714285,7.142857142857142,32.142857142857146,60.71428571428571,44.642857142857146,16.071428571428573
E00153837,139,32,14,18,107,87,20,23.021582733812952,10.071942446043165,12.949640287769784,76.97841726618705,62.589928057553955,14.388489208633093
E00153838,122,44,18,26,78,56,22,36.0655737704918,14.754098360655737,21.311475409836063,63.934426229508205,45.90163934426229,18.0327868852459
E00153839,115,38,21,17,77,67,10,33.04347826086956,18.26086956521739,14.782608695652174,66.95652173913044,58.26086956521739,8.695652173913043
E00153840,133,44,19,25,89,64,25,33.08270676691729,14.285714285714285,18.796992481203006,66.9172932330827,48.1203007518797,18.796992481203006
E00153841,118,51,13,38,67,53,14,43.22033898305085,11.016949152542372,32.20338983050847,56.779661016949156,44.91525423728814,11.864406779661017
E00153843,100,37,16,21,63,58,5,37,16,21,63,57.99999999999999,5
E00153844,175,50,19,31,125,89,36,28.57142857142857,10.857142857142858,17.71428571428571,71.42857142857143,50.857142857142854,20.57142857142857
E00153845,205,69,29,40,136,98,38,33.65853658536586,14.146341463414632,19.51219512195122,66.34146341463415,47.80487804878049,18.536585365853657
E00153846,131,53,22,31,78,69,9,40.458015267175576,16.793893129770993,23.66412213740458,59.541984732824424,52.67175572519084,6.870229007633588
E00153847,140,50,11,39,90,69,21,35.714285714285715,7.857142857142857,27.857142857142858,64.28571428571429,49.28571428571429,15
E00153848,156,63,23,40,93,77,16,40.38461538461539,14.743589743589745,25.64102564102564,59.61538461538461,49.358974358974365,10.256410256410255
E00153850,164,56,21,35,108,87,21,34.146341463414636,12.804878048780488,21.341463414634145,65.85365853658537,53.04878048780488,12.804878048780488
E00153851,252,76,27,49,176,137,39,30.158730158730158,10.714285714285714,19.444444444444446,69.84126984126983,54.36507936507936,15.476190476190476
E00153852,140,50,20,30,90,59,31,35.714285714285715,14.285714285714285,21.428571428571427,64.28571428571429,42.142857142857146,22.142857142857142
E00153853,133,54,24,30,79,52,27,40.6015037593985,18.045112781954884,22.55639097744361,59.3984962406015,39.097744360902254,20.30075187969925
E00153854,193,62,22,40,131,114,17,32.12435233160622,11.398963730569948,20.72538860103627,67.87564766839378,59.067357512953365,8.808290155440414
E00153855,133,65,25,40,68,55,13,48.87218045112782,18.796992481203006,30.075187969924812,51.127819548872175,41.35338345864661,9.774436090225564
E00153856,96,25,9,16,71,44,27,26.041666666666668,9.375,16.666666666666664,73.95833333333334,45.83333333333333,28.125
E00153857,137,48,19,29,89,71,18,35.03649635036496,13.86861313868613,21.16788321167883,64.96350364963503,51.82481751824818,13.138686131386862
E00153858,158,65,25,40,93,73,20,41.139240506329116,15.822784810126583,25.31645569620253,58.86075949367089,46.20253164556962,12.658227848101266
E00153859,208,84,31,53,124,92,32,40.38461538461539,14.903846153846153,25.48076923076923,59.61538461538461,44.230769230769226,15.384615384615385
E00153860,57,23,10,13,34,29,5,40.35087719298245,17.543859649122805,22.807017543859647,59.64912280701754,50.877192982456144,8.771929824561402
E00153861,70,23,8,15,47,38,9,32.857142857142854,11.428571428571429,21.428571428571427,67.14285714285714,54.285714285714285,12.857142857142856
E00153862,113,48,25,23,65,49,16,42.47787610619469,22.123893805309734,20.353982300884958,57.52212389380531,43.36283185840708,14.15929203539823
E00153863,196,77,23,54,119,87,32,39.285714285714285,11.73469387755102,27.55102040816326,60.71428571428571,44.38775510204081,16.3265306122449
E00153864,88,27,12,15,61,50,11,30.681818181818183,13.636363636363635,17.045454545454543,69.31818181818183,56.81818181818182,12.5
E00153865,118,30,8,22,88,58,30,25.423728813559322,6.779661016949152,18.64406779661017,74.57627118644068,49.152542372881356,25.423728813559322
E00153866,143,56,19,37,87,61,26,39.16083916083916,13.286713286713287,25.874125874125873,60.83916083916085,42.65734265734265,18.181818181818183
E00153867,94,32,13,19,62,45,17,34.04255319148936,13.829787234042554,20.212765957446805,65.95744680851064,47.87234042553192,18.085106382978726
E00153868,77,27,11,16,50,39,11,35.064935064935064,14.285714285714285,20.77922077922078,64.93506493506493,50.649350649350644,14.285714285714285
E00153869,44,12,4,8,32,24,8,27.27272727272727,9.090909090909092,18.181818181818183,72.72727272727273,54.54545454545454,18.181818181818183
E00153873,170,67,21,46,103,70,33,39.411764705882355,12.352941176470589,27.058823529411764,60.588235294117645,41.17647058823529,19.411764705882355
E00153875,127,53,19,34,74,52,22,41.732283464566926,14.960629921259844,26.77165354330709,58.26771653543307,40.94488188976378,17.322834645669293
E00153876,162,52,17,35,110,86,24,32.098765432098766,10.493827160493826,21.604938271604937,67.90123456790124,53.086419753086425,14.814814814814813
E00153877,104,38,21,17,66,47,19,36.53846153846153,20.192307692307693,16.346153846153847,63.46153846153846,45.19230769230769,18.269230769230766
E00153878,229,73,20,53,156,129,27,31.877729257641924,8.73362445414847,23.144104803493452,68.12227074235808,56.33187772925764,11.790393013100436
E00153879,152,54,25,29,98,76,22,35.526315789473685,16.447368421052634,19.078947368421055,64.47368421052632,50,14.473684210526317
E00153880,166,49,12,37,117,95,22,29.518072289156628,7.228915662650602,22.289156626506024,70.48192771084338,57.22891566265061,13.253012048192772
E00153881,145,38,12,26,107,95,12,26.20689655172414,8.275862068965518,17.93103448275862,73.79310344827587,65.51724137931035,8.275862068965518
E00153882,166,61,24,37,105,91,14,36.74698795180723,14.457831325301203,22.289156626506024,63.25301204819277,54.81927710843374,8.433734939759036
E00153883,208,57,23,34,151,124,27,27.403846153846157,11.057692307692307,16.346153846153847,72.59615384615384,59.61538461538461,12.980769230769232
E00153884,147,43,13,30,104,91,13,29.25170068027211,8.843537414965986,20.408163265306122,70.74829931972789,61.904761904761905,8.843537414965986
E00153885,132,43,16,27,89,71,18,32.57575757575758,12.121212121212121,20.454545454545457,67.42424242424242,53.78787878787878,13.636363636363635
E00153886,205,68,21,47,137,108,29,33.170731707317074,10.24390243902439,22.926829268292686,66.82926829268293,52.6829268292683,14.146341463414632
E00153887,190,59,24,35,131,118,13,31.05263157894737,12.631578947368421,18.421052631578945,68.94736842105263,62.10526315789474,6.842105263157896
E00153888,157,46,11,35,111,92,19,29.29936305732484,7.006369426751593,22.29299363057325,70.70063694267516,58.59872611464968,12.101910828025478
E00153890,163,57,16,41,106,87,19,34.96932515337423,9.815950920245399,25.153374233128833,65.03067484662577,53.37423312883436,11.65644171779141
E00153891,149,41,13,28,108,89,19,27.516778523489933,8.724832214765101,18.79194630872483,72.48322147651007,59.73154362416108,12.751677852348994
E00153892,168,57,9,48,111,95,16,33.92857142857143,5.357142857142857,28.57142857142857,66.07142857142857,56.547619047619044,9.523809523809524
E00153895,124,42,14,28,82,66,16,33.87096774193548,11.29032258064516,22.58064516129032,66.12903225806451,53.2258064516129,12.903225806451612
E00153896,138,49,17,32,89,74,15,35.507246376811594,12.318840579710146,23.18840579710145,64.4927536231884,53.62318840579711,10.869565217391305
E00153897,89,30,9,21,59,44,15,33.70786516853933,10.112359550561797,23.595505617977526,66.29213483146067,49.43820224719101,16.853932584269664
E00153898,107,32,10,22,75,67,8,29.906542056074763,9.345794392523365,20.5607476635514,70.09345794392523,62.616822429906534,7.476635514018691
E00153899,115,41,11,30,74,68,6,35.65217391304348,9.565217391304348,26.08695652173913,64.34782608695652,59.130434782608695,5.217391304347826
E00153900,91,30,9,21,61,49,12,32.967032967032964,9.89010989010989,23.076923076923077,67.03296703296702,53.84615384615385,13.186813186813188
E00153901,94,31,5,26,63,57,6,32.97872340425532,5.319148936170213,27.659574468085108,67.02127659574468,60.63829787234043,6.382978723404255
E00153902,137,42,15,27,95,81,14,30.656934306569344,10.948905109489052,19.708029197080293,69.34306569343066,59.12408759124088,10.218978102189782
E00153903,139,44,10,34,95,85,10,31.654676258992804,7.1942446043165464,24.46043165467626,68.34532374100719,61.15107913669065,7.1942446043165464
E00153904,101,41,18,23,60,54,6,40.5940594059406,17.82178217821782,22.772277227722775,59.4059405940594,53.46534653465347,5.9405940594059405
E00153905,146,46,10,36,100,93,7,31.506849315068493,6.8493150684931505,24.65753424657534,68.4931506849315,63.6986301369863,4.794520547945205
E00153906,106,34,13,21,72,66,6,32.075471698113205,12.264150943396226,19.81132075471698,67.9245283018868,62.264150943396224,5.660377358490567
E00153907,97,35,10,25,62,50,12,36.08247422680412,10.309278350515463,25.773195876288657,63.91752577319587,51.546391752577314,12.371134020618557
E00153908,103,36,6,30,67,56,11,34.95145631067961,5.825242718446602,29.126213592233007,65.0485436893204,54.36893203883495,10.679611650485436
E00153909,113,49,18,31,64,46,18,43.36283185840708,15.929203539823009,27.43362831858407,56.63716814159292,40.707964601769916,15.929203539823009
E00153910,109,50,19,31,59,46,13,45.87155963302752,17.431192660550458,28.440366972477065,54.12844036697248,42.201834862385326,11.926605504587156
E00153911,85,34,14,20,51,38,13,40,16.470588235294116,23.52941176470588,60,44.70588235294118,15.294117647058824
E00153912,107,48,20,28,59,46,13,44.85981308411215,18.69158878504673,26.168224299065418,55.140186915887845,42.99065420560748,12.149532710280374
E00153913,110,38,15,23,72,58,14,34.54545454545455,13.636363636363635,20.909090909090907,65.45454545454545,52.72727272727272,12.727272727272727
E00153914,151,56,18,38,95,84,11,37.086092715231786,11.920529801324504,25.165562913907287,62.913907284768214,55.62913907284768,7.28476821192053
E00153915,148,50,24,26,98,78,20,33.78378378378378,16.216216216216218,17.56756756756757,66.21621621621621,52.702702702702695,13.513513513513514
E00153916,100,39,10,29,61,51,10,39,10,28.999999999999996,61,51,10
E00153917,110,47,22,25,63,55,8,42.72727272727273,20,22.727272727272727,57.27272727272727,50,7.2727272727272725
E00153918,115,40,18,22,75,64,11,34.78260869565217,15.65217391304348,19.130434782608695,65.21739130434783,55.65217391304348,9.565217391304348
E00153919,196,75,27,48,121,100,21,38.265306122448976,13.77551020408163,24.489795918367346,61.73469387755102,51.02040816326531,10.714285714285714
E00153920,143,57,26,31,86,72,14,39.86013986013986,18.181818181818183,21.678321678321677,60.13986013986013,50.349650349650354,9.79020979020979
E00153921,84,31,12,19,53,42,11,36.904761904761905,14.285714285714285,22.61904761904762,63.095238095238095,50,13.095238095238097
E00153922,125,35,11,24,90,77,13,28.000000000000004,8.799999999999999,19.2,72,61.6,10.4
E00153923,68,24,7,17,44,30,14,35.294117647058826,10.294117647058822,25,64.70588235294117,44.11764705882353,20.588235294117645
E00153924,162,61,27,34,101,84,17,37.65432098765432,16.666666666666664,20.98765432098765,62.34567901234568,51.85185185185185,10.493827160493826
E00153925,138,44,17,27,94,82,12,31.88405797101449,12.318840579710146,19.565217391304348,68.11594202898551,59.42028985507246,8.695652173913043
E00153926,106,34,11,23,72,65,7,32.075471698113205,10.377358490566039,21.69811320754717,67.9245283018868,61.32075471698113,6.60377358490566
E00153927,82,25,14,11,57,48,9,30.48780487804878,17.073170731707318,13.414634146341465,69.51219512195121,58.536585365853654,10.975609756097562
E00153928,110,44,15,29,66,62,4,40,13.636363636363635,26.36363636363636,60,56.36363636363636,3.6363636363636362
E00153929,76,30,7,23,46,39,7,39.473684210526315,9.210526315789473,30.263157894736842,60.526315789473685,51.31578947368421,9.210526315789473
E00153930,130,51,20,31,79,70,9,39.23076923076923,15.384615384615385,23.846153846153847,60.76923076923077,53.84615384615385,6.923076923076923
E00153931,161,51,21,30,110,100,10,31.67701863354037,13.043478260869565,18.633540372670808,68.32298136645963,62.11180124223602,6.211180124223603
E00153932,152,50,13,37,102,88,14,32.89473684210527,8.552631578947368,24.342105263157894,67.10526315789474,57.89473684210527,9.210526315789473
E00153934,140,52,18,34,88,77,11,37.142857142857146,12.857142857142856,24.285714285714285,62.857142857142854,55.00000000000001,7.857142857142857
E00153935,115,38,20,18,77,68,9,33.04347826086956,17.391304347826086,15.65217391304348,66.95652173913044,59.130434782608695,7.82608695652174
E00153936,192,64,21,43,128,115,13,33.33333333333333,10.9375,22.395833333333336,66.66666666666666,59.895833333333336,6.770833333333333
E00153937,140,50,22,28,90,76,14,35.714285714285715,15.714285714285714,20,64.28571428571429,54.285714285714285,10
E00153938,124,48,17,31,76,60,16,38.70967741935484,13.709677419354838,25,61.29032258064516,48.38709677419355,12.903225806451612
E00153939,120,30,13,17,90,80,10,25,10.833333333333334,14.166666666666666,75,66.66666666666666,8.333333333333332
E00153941,161,58,25,33,103,81,22,36.024844720496894,15.527950310559005,20.496894409937887,63.975155279503106,50.31055900621118,13.664596273291925
E00153942,105,36,12,24,69,56,13,34.285714285714285,11.428571428571429,22.857142857142858,65.71428571428571,53.333333333333336,12.380952380952381
E00153944,94,40,16,24,54,37,17,42.5531914893617,17.02127659574468,25.53191489361702,57.446808510638306,39.361702127659576,18.085106382978726
E00153946,130,51,22,29,79,71,8,39.23076923076923,16.923076923076923,22.30769230769231,60.76923076923077,54.61538461538461,6.153846153846154
E00153947,171,71,24,47,100,79,21,41.52046783625731,14.035087719298245,27.485380116959064,58.47953216374269,46.198830409356724,12.280701754385964
E00153948,112,30,9,21,82,68,14,26.785714285714285,8.035714285714286,18.75,73.21428571428571,60.71428571428571,12.5
E00153949,133,57,28,29,76,65,11,42.857142857142854,21.052631578947366,21.804511278195488,57.14285714285714,48.87218045112782,8.270676691729323
E00153950,104,32,9,23,72,66,6,30.76923076923077,8.653846153846153,22.115384615384613,69.23076923076923,63.46153846153846,5.769230769230769
E00153951,135,44,12,32,91,80,11,32.592592592592595,8.88888888888889,23.703703703703706,67.4074074074074,59.25925925925925,8.148148148148149
E00153952,116,36,13,23,80,65,15,31.03448275862069,11.206896551724139,19.82758620689655,68.96551724137932,56.03448275862068,12.931034482758621
E00153953,95,33,12,21,62,53,9,34.73684210526316,12.631578947368421,22.105263157894736,65.26315789473685,55.78947368421052,9.473684210526317
E00153954,116,32,10,22,84,67,17,27.586206896551722,8.620689655172415,18.96551724137931,72.41379310344827,57.758620689655174,14.655172413793101
E00153955,124,42,14,28,82,67,15,33.87096774193548,11.29032258064516,22.58064516129032,66.12903225806451,54.03225806451613,12.096774193548388
E00153956,104,47,18,29,57,50,7,45.19230769230769,17.307692307692307,27.884615384615387,54.807692307692314,48.07692307692308,6.730769230769231
E00153957,153,54,18,36,99,86,13,35.294117647058826,11.76470588235294,23.52941176470588,64.70588235294117,56.209150326797385,8.49673202614379
E00153959,117,45,12,33,72,59,13,38.46153846153847,10.256410256410255,28.205128205128204,61.53846153846154,50.427350427350426,11.11111111111111
E00153960,106,32,10,22,74,60,14,30.18867924528302,9.433962264150944,20.754716981132077,69.81132075471697,56.60377358490566,13.20754716981132
E00153961,146,63,24,39,83,71,12,43.15068493150685,16.43835616438356,26.71232876712329,56.849315068493155,48.63013698630137,8.21917808219178
E00153962,119,59,24,35,60,49,11,49.57983193277311,20.168067226890756,29.411764705882355,50.42016806722689,41.17647058823529,9.243697478991598
E00153963,136,44,16,28,92,75,17,32.35294117647059,11.76470588235294,20.588235294117645,67.64705882352942,55.14705882352941,12.5
E00153964,172,55,22,33,117,92,25,31.976744186046513,12.790697674418606,19.186046511627907,68.02325581395348,53.48837209302325,14.534883720930234
E00153965,145,59,20,39,86,70,16,40.689655172413794,13.793103448275861,26.89655172413793,59.310344827586206,48.275862068965516,11.03448275862069
E00153967,97,34,16,18,63,53,10,35.051546391752574,16.49484536082474,18.556701030927837,64.94845360824742,54.63917525773196,10.309278350515463
E00153968,77,29,12,17,48,35,13,37.66233766233766,15.584415584415584,22.07792207792208,62.33766233766234,45.45454545454545,16.883116883116884
E00153969,184,79,34,45,105,82,23,42.934782608695656,18.478260869565215,24.456521739130434,57.065217391304344,44.565217391304344,12.5
E00153970,97,44,17,27,53,34,19,45.36082474226804,17.525773195876287,27.835051546391753,54.63917525773196,35.051546391752574,19.587628865979383
E00153971,167,65,30,35,102,74,28,38.92215568862276,17.964071856287426,20.958083832335326,61.07784431137725,44.31137724550898,16.766467065868262
E00153972,146,51,20,31,95,78,17,34.93150684931507,13.698630136986301,21.232876712328768,65.06849315068493,53.42465753424658,11.643835616438356
E00153973,136,57,25,32,79,67,12,41.911764705882355,18.38235294117647,23.52941176470588,58.08823529411765,49.26470588235294,8.823529411764707
E00153974,115,35,15,20,80,57,23,30.434782608695656,13.043478260869565,17.391304347826086,69.56521739130434,49.56521739130435,20
E00153975,128,49,18,31,79,62,17,38.28125,14.0625,24.21875,61.71875,48.4375,13.28125
E00153976,221,75,34,41,146,103,43,33.93665158371041,15.384615384615385,18.552036199095024,66.06334841628959,46.60633484162896,19.457013574660635
E00153977,97,46,19,27,51,35,16,47.42268041237113,19.587628865979383,27.835051546391753,52.57731958762887,36.08247422680412,16.49484536082474
E00153978,138,44,17,27,94,70,24,31.88405797101449,12.318840579710146,19.565217391304348,68.11594202898551,50.72463768115942,17.391304347826086
E00153979,122,38,12,26,84,69,15,31.147540983606557,9.836065573770492,21.311475409836063,68.85245901639344,56.557377049180324,12.295081967213115
E00153980,149,25,0,25,124,109,15,16.778523489932887,0,16.778523489932887,83.22147651006712,73.15436241610739,10.06711409395973
E00153981,124,38,11,27,86,73,13,30.64516129032258,8.870967741935484,21.774193548387096,69.35483870967742,58.87096774193549,10.483870967741936
E00153982,278,79,20,59,199,164,35,28.41726618705036,7.1942446043165464,21.223021582733814,71.58273381294964,58.992805755395686,12.589928057553957
E00153983,256,79,33,46,177,128,49,30.859375,12.890625,17.96875,69.140625,50,19.140625
E00153984,145,47,19,28,98,72,26,32.41379310344827,13.10344827586207,19.310344827586206,67.58620689655173,49.6551724137931,17.93103448275862
E00153985,80,25,9,16,55,44,11,31.25,11.25,20,68.75,55.00000000000001,13.750000000000002
E00153986,108,43,15,28,65,46,19,39.81481481481482,13.88888888888889,25.925925925925924,60.18518518518518,42.592592592592595,17.59259259259259
E00153987,77,25,19,6,52,39,13,32.467532467532465,24.675324675324674,7.792207792207792,67.53246753246754,50.649350649350644,16.883116883116884
E00153989,58,27,15,12,31,23,8,46.55172413793103,25.862068965517242,20.689655172413794,53.44827586206896,39.6551724137931,13.793103448275861
E00153990,93,32,13,19,61,54,7,34.40860215053764,13.978494623655912,20.43010752688172,65.59139784946237,58.06451612903226,7.526881720430108
E00153991,98,40,20,20,58,44,14,40.816326530612244,20.408163265306122,20.408163265306122,59.183673469387756,44.89795918367347,14.285714285714285
E00153992,147,55,28,27,92,71,21,37.41496598639456,19.047619047619047,18.367346938775512,62.585034013605444,48.29931972789115,14.285714285714285
E00153994,137,47,19,28,90,72,18,34.306569343065696,13.86861313868613,20.437956204379564,65.69343065693431,52.55474452554745,13.138686131386862
E00153995,157,50,22,28,107,78,29,31.84713375796178,14.012738853503185,17.8343949044586,68.15286624203821,49.681528662420384,18.471337579617835
E00153996,86,32,11,21,54,45,9,37.2093023255814,12.790697674418606,24.418604651162788,62.7906976744186,52.32558139534884,10.465116279069768
E00153997,147,51,20,31,96,74,22,34.69387755102041,13.60544217687075,21.08843537414966,65.3061224489796,50.34013605442177,14.965986394557824
E00153998,83,33,16,17,50,35,15,39.75903614457831,19.27710843373494,20.481927710843372,60.24096385542169,42.168674698795186,18.072289156626507
E00153999,49,20,6,14,29,24,5,40.816326530612244,12.244897959183673,28.57142857142857,59.183673469387756,48.97959183673469,10.204081632653061
E00154000,190,75,28,47,115,90,25,39.473684210526315,14.736842105263156,24.736842105263158,60.526315789473685,47.368421052631575,13.157894736842104
E00154001,132,51,21,30,81,62,19,38.63636363636363,15.909090909090908,22.727272727272727,61.36363636363637,46.96969696969697,14.393939393939394
E00154002,191,49,19,30,142,114,28,25.654450261780106,9.947643979057592,15.706806282722512,74.3455497382199,59.68586387434554,14.659685863874344
E00154005,158,64,29,35,94,65,29,40.50632911392405,18.354430379746837,22.151898734177212,59.49367088607595,41.139240506329116,18.354430379746837
E00154006,119,45,23,22,74,56,18,37.81512605042017,19.327731092436977,18.487394957983195,62.18487394957983,47.05882352941176,15.126050420168067
E00154007,68,29,18,11,39,24,15,42.64705882352941,26.47058823529412,16.176470588235293,57.35294117647059,35.294117647058826,22.058823529411764
E00154008,63,29,16,13,34,26,8,46.03174603174603,25.396825396825395,20.634920634920633,53.96825396825397,41.269841269841265,12.698412698412698
E00154009,82,30,17,13,52,40,12,36.58536585365854,20.73170731707317,15.853658536585366,63.41463414634146,48.78048780487805,14.634146341463413
E00154010,134,51,28,23,83,64,19,38.059701492537314,20.8955223880597,17.16417910447761,61.940298507462686,47.76119402985074,14.17910447761194
E00154011,96,45,24,21,51,38,13,46.875,25,21.875,53.125,39.58333333333333,13.541666666666666
E00154012,123,50,19,31,73,57,16,40.65040650406504,15.447154471544716,25.203252032520325,59.34959349593496,46.34146341463415,13.008130081300814
E00154013,195,65,27,38,130,96,34,33.33333333333333,13.846153846153847,19.48717948717949,66.66666666666666,49.23076923076923,17.435897435897434
E00154014,285,86,29,57,199,162,37,30.175438596491226,10.175438596491228,20,69.82456140350877,56.84210526315789,12.982456140350877
E00154015,189,48,13,35,141,126,15,25.396825396825395,6.878306878306878,18.51851851851852,74.60317460317461,66.66666666666666,7.936507936507936
E00154016,164,59,25,34,105,82,23,35.97560975609756,15.24390243902439,20.73170731707317,64.02439024390245,50,14.02439024390244
E00154017,193,64,20,44,129,110,19,33.160621761658035,10.362694300518134,22.797927461139896,66.83937823834198,56.994818652849744,9.844559585492227
E00154020,141,52,25,27,89,75,14,36.87943262411347,17.73049645390071,19.148936170212767,63.12056737588653,53.191489361702125,9.929078014184398
E00154021,83,29,14,15,54,39,15,34.93975903614458,16.867469879518072,18.072289156626507,65.06024096385542,46.98795180722892,18.072289156626507
E00154022,85,40,19,21,45,35,10,47.05882352941176,22.35294117647059,24.705882352941178,52.94117647058824,41.17647058823529,11.76470588235294
E00154023,94,33,11,22,61,47,14,35.1063829787234,11.702127659574469,23.404255319148938,64.8936170212766,50,14.893617021276595
E00154024,50,19,12,7,31,19,12,38,24,14.000000000000002,62,38,24
E00154025,130,54,19,35,76,68,8,41.53846153846154,14.615384615384617,26.923076923076923,58.46153846153847,52.307692307692314,6.153846153846154
E00154026,116,45,17,28,71,57,14,38.793103448275865,14.655172413793101,24.137931034482758,61.206896551724135,49.137931034482754,12.068965517241379
E00154027,187,62,25,37,125,101,24,33.155080213903744,13.368983957219251,19.786096256684495,66.84491978609626,54.01069518716578,12.834224598930483
E00154029,192,57,14,43,135,115,20,29.6875,7.291666666666667,22.395833333333336,70.3125,59.895833333333336,10.416666666666668
E00154030,153,58,20,38,95,82,13,37.908496732026144,13.071895424836603,24.836601307189543,62.091503267973856,53.59477124183007,8.49673202614379
E00154031,145,51,21,30,94,82,12,35.172413793103445,14.482758620689657,20.689655172413794,64.82758620689654,56.55172413793104,8.275862068965518
E00154032,137,42,14,28,95,80,15,30.656934306569344,10.218978102189782,20.437956204379564,69.34306569343066,58.3941605839416,10.948905109489052
E00154033,158,58,16,42,100,79,21,36.708860759493675,10.126582278481013,26.582278481012654,63.29113924050633,50,13.291139240506327
E00154034,130,50,13,37,80,67,13,38.46153846153847,10,28.46153846153846,61.53846153846154,51.53846153846153,10
E00154035,193,79,38,41,114,86,28,40.932642487046635,19.689119170984455,21.243523316062177,59.067357512953365,44.559585492227974,14.507772020725387
E00154036,142,52,20,32,90,77,13,36.61971830985916,14.084507042253522,22.535211267605636,63.38028169014085,54.22535211267606,9.15492957746479
E00154037,142,55,24,31,87,67,20,38.732394366197184,16.901408450704224,21.830985915492956,61.267605633802816,47.183098591549296,14.084507042253522
E00154038,3,2,0,2,1,1,0,66.66666666666666,0,66.66666666666666,33.33333333333333,33.33333333333333,0
E00154039,120,44,15,29,76,65,11,36.666666666666664,12.5,24.166666666666668,63.33333333333333,54.166666666666664,9.166666666666666
E00154040,134,48,19,29,86,69,17,35.82089552238806,14.17910447761194,21.641791044776117,64.17910447761194,51.49253731343284,12.686567164179104
E00154041,172,55,20,35,117,96,21,31.976744186046513,11.627906976744185,20.348837209302324,68.02325581395348,55.81395348837209,12.209302325581394
E00154042,96,34,14,20,62,39,23,35.41666666666667,14.583333333333334,20.833333333333336,64.58333333333334,40.625,23.958333333333336
E00154043,165,63,16,47,102,83,19,38.18181818181819,9.696969696969697,28.484848484848484,61.81818181818181,50.303030303030305,11.515151515151516
E00154044,130,48,15,33,82,72,10,36.92307692307693,11.538461538461538,25.384615384615383,63.07692307692307,55.38461538461539,7.6923076923076925
E00154045,205,67,28,39,138,116,22,32.6829268292683,13.658536585365855,19.024390243902438,67.31707317073172,56.58536585365853,10.731707317073171
E00154046,110,43,14,29,67,54,13,39.09090909090909,12.727272727272727,26.36363636363636,60.909090909090914,49.09090909090909,11.818181818181818
E00154047,156,60,29,31,96,77,19,38.46153846153847,18.58974358974359,19.871794871794872,61.53846153846154,49.358974358974365,12.179487179487179
E00154048,141,56,20,36,85,74,11,39.71631205673759,14.184397163120568,25.53191489361702,60.28368794326241,52.4822695035461,7.801418439716312
E00154050,77,34,12,22,43,40,3,44.15584415584416,15.584415584415584,28.57142857142857,55.84415584415584,51.94805194805194,3.896103896103896
E00154051,160,58,27,31,102,89,13,36.25,16.875,19.375,63.74999999999999,55.625,8.125
E00154054,119,37,14,23,82,66,16,31.092436974789916,11.76470588235294,19.327731092436977,68.90756302521008,55.46218487394958,13.445378151260504
E00154055,155,60,19,41,95,74,21,38.70967741935484,12.258064516129032,26.451612903225808,61.29032258064516,47.74193548387097,13.548387096774196
E00154056,82,26,8,18,56,48,8,31.70731707317073,9.75609756097561,21.951219512195124,68.29268292682927,58.536585365853654,9.75609756097561
E00154057,86,32,13,19,54,49,5,37.2093023255814,15.11627906976744,22.093023255813954,62.7906976744186,56.97674418604651,5.813953488372093
E00154058,141,48,14,34,93,76,17,34.04255319148936,9.929078014184398,24.113475177304963,65.95744680851064,53.90070921985816,12.056737588652481
E00154059,126,52,26,26,74,56,18,41.269841269841265,20.634920634920633,20.634920634920633,58.730158730158735,44.44444444444444,14.285714285714285
E00154060,146,44,18,26,102,74,28,30.136986301369863,12.32876712328767,17.80821917808219,69.86301369863014,50.68493150684932,19.17808219178082
E00154061,95,37,24,13,58,46,12,38.94736842105263,25.263157894736842,13.684210526315791,61.05263157894737,48.421052631578945,12.631578947368421
E00154062,101,43,12,31,58,48,10,42.57425742574257,11.881188118811881,30.693069306930692,57.42574257425742,47.524752475247524,9.900990099009901
E00154063,108,37,11,26,71,55,16,34.25925925925926,10.185185185185185,24.074074074074073,65.74074074074075,50.92592592592593,14.814814814814813
E00154064,109,45,19,26,64,50,14,41.284403669724774,17.431192660550458,23.853211009174313,58.71559633027523,45.87155963302752,12.844036697247708
E00154065,73,33,11,22,40,33,7,45.20547945205479,15.068493150684931,30.136986301369863,54.794520547945204,45.20547945205479,9.58904109589041
E00154066,77,23,7,16,54,48,6,29.87012987012987,9.090909090909092,20.77922077922078,70.12987012987013,62.33766233766234,7.792207792207792
E00154067,82,39,15,24,43,32,11,47.5609756097561,18.29268292682927,29.268292682926827,52.4390243902439,39.02439024390244,13.414634146341465
E00154068,126,50,17,33,76,62,14,39.682539682539684,13.492063492063492,26.190476190476193,60.317460317460316,49.2063492063492,11.11111111111111
E00154069,122,51,19,32,71,49,22,41.80327868852459,15.573770491803279,26.229508196721312,58.19672131147541,40.16393442622951,18.0327868852459
E00154070,47,12,7,5,35,24,11,25.53191489361702,14.893617021276595,10.638297872340425,74.46808510638297,51.06382978723404,23.404255319148938
E00154071,155,65,30,35,90,64,26,41.935483870967744,19.35483870967742,22.58064516129032,58.06451612903226,41.29032258064516,16.7741935483871
E00154072,127,50,34,16,77,56,21,39.37007874015748,26.77165354330709,12.598425196850393,60.629921259842526,44.09448818897638,16.535433070866144
E00154073,156,59,28,31,97,80,17,37.82051282051282,17.94871794871795,19.871794871794872,62.17948717948718,51.28205128205128,10.897435897435898
E00154074,48,20,6,14,28,23,5,41.66666666666667,12.5,29.166666666666668,58.333333333333336,47.91666666666667,10.416666666666668
E00154075,93,30,8,22,63,46,17,32.25806451612903,8.60215053763441,23.655913978494624,67.74193548387096,49.46236559139785,18.27956989247312
E00154076,211,75,34,41,136,116,20,35.54502369668246,16.113744075829384,19.431279620853083,64.45497630331754,54.976303317535546,9.47867298578199
E00154077,117,34,9,25,83,60,23,29.059829059829063,7.6923076923076925,21.367521367521366,70.94017094017094,51.28205128205128,19.65811965811966
E00154078,136,48,26,22,88,61,27,35.294117647058826,19.11764705882353,16.176470588235293,64.70588235294117,44.85294117647059,19.852941176470587
E00154079,67,21,11,10,46,28,18,31.343283582089555,16.417910447761194,14.925373134328357,68.65671641791045,41.7910447761194,26.865671641791046
E00154080,199,64,20,44,135,108,27,32.1608040201005,10.050251256281408,22.110552763819097,67.8391959798995,54.2713567839196,13.5678391959799
E00154081,147,45,23,22,102,85,17,30.612244897959183,15.646258503401361,14.965986394557824,69.38775510204081,57.82312925170068,11.564625850340136
E00154083,106,30,13,17,76,52,24,28.30188679245283,12.264150943396226,16.037735849056602,71.69811320754717,49.056603773584904,22.641509433962266
E00154084,168,61,28,33,107,83,24,36.30952380952381,16.666666666666664,19.642857142857142,63.69047619047619,49.404761904761905,14.285714285714285
E00154085,144,52,16,36,92,77,15,36.11111111111111,11.11111111111111,25,63.888888888888886,53.47222222222222,10.416666666666668
E00154086,97,33,9,24,64,51,13,34.02061855670103,9.278350515463918,24.742268041237114,65.97938144329896,52.57731958762887,13.402061855670103
E00154087,149,45,15,30,104,78,26,30.201342281879196,10.06711409395973,20.13422818791946,69.79865771812081,52.348993288590606,17.449664429530202
E00154088,122,39,13,26,83,67,16,31.967213114754102,10.655737704918032,21.311475409836063,68.0327868852459,54.91803278688525,13.114754098360656
E00154089,107,32,10,22,75,55,20,29.906542056074763,9.345794392523365,20.5607476635514,70.09345794392523,51.4018691588785,18.69158878504673
E00154090,178,46,18,28,132,114,18,25.842696629213485,10.112359550561797,15.730337078651685,74.15730337078652,64.04494382022472,10.112359550561797
E00154091,152,49,19,30,103,80,23,32.23684210526316,12.5,19.736842105263158,67.76315789473685,52.63157894736842,15.131578947368421
E00154092,187,55,17,38,132,106,26,29.411764705882355,9.090909090909092,20.32085561497326,70.58823529411765,56.68449197860963,13.903743315508022
E00154093,97,29,8,21,68,55,13,29.896907216494846,8.24742268041237,21.649484536082475,70.10309278350515,56.70103092783505,13.402061855670103
E00154094,229,62,22,40,167,136,31,27.074235807860266,9.606986899563319,17.46724890829694,72.92576419213974,59.388646288209614,13.537117903930133
E00154095,148,37,9,28,111,86,25,25,6.081081081081082,18.91891891891892,75,58.108108108108105,16.89189189189189
E00154096,182,61,18,43,121,94,27,33.51648351648351,9.89010989010989,23.626373626373624,66.48351648351648,51.64835164835166,14.835164835164836
E00154097,87,33,9,24,54,47,7,37.93103448275862,10.344827586206897,27.586206896551722,62.06896551724138,54.02298850574713,8.045977011494253
E00154098,161,56,20,36,105,87,18,34.78260869565217,12.422360248447205,22.36024844720497,65.21739130434783,54.037267080745345,11.180124223602485
E00154099,245,71,25,46,174,133,41,28.97959183673469,10.204081632653061,18.775510204081634,71.0204081632653,54.285714285714285,16.73469387755102
E00154100,162,50,16,34,112,96,16,30.864197530864196,9.876543209876543,20.98765432098765,69.1358024691358,59.25925925925925,9.876543209876543
E00154101,137,47,18,29,90,77,13,34.306569343065696,13.138686131386862,21.16788321167883,65.69343065693431,56.20437956204379,9.48905109489051
E00154102,151,45,15,30,106,85,21,29.80132450331126,9.933774834437086,19.867549668874172,70.19867549668875,56.29139072847682,13.90728476821192
E00154103,148,44,10,34,104,84,20,29.72972972972973,6.756756756756757,22.972972972972975,70.27027027027027,56.75675675675676,13.513513513513514
E00154104,86,32,12,20,54,47,7,37.2093023255814,13.953488372093023,23.25581395348837,62.7906976744186,54.65116279069767,8.13953488372093
E00154105,166,46,15,31,120,97,23,27.710843373493976,9.036144578313253,18.67469879518072,72.28915662650603,58.43373493975904,13.855421686746988
E00154106,159,54,11,43,105,87,18,33.9622641509434,6.918238993710692,27.044025157232703,66.0377358490566,54.71698113207547,11.320754716981133
E00154107,155,68,32,36,87,69,18,43.87096774193549,20.64516129032258,23.225806451612904,56.12903225806451,44.516129032258064,11.612903225806452
E00154108,140,42,22,20,98,65,33,30,15.714285714285714,14.285714285714285,70,46.42857142857143,23.57142857142857
E00154109,92,32,9,23,60,50,10,34.78260869565217,9.782608695652174,25,65.21739130434783,54.347826086956516,10.869565217391305
E00154110,39,15,10,5,24,17,7,38.46153846153847,25.64102564102564,12.82051282051282,61.53846153846154,43.58974358974359,17.94871794871795
E00154111,77,27,12,15,50,39,11,35.064935064935064,15.584415584415584,19.480519480519483,64.93506493506493,50.649350649350644,14.285714285714285
E00154112,132,63,29,34,69,59,10,47.72727272727273,21.96969696969697,25.757575757575758,52.27272727272727,44.696969696969695,7.575757575757576
E00154113,135,53,23,30,82,58,24,39.25925925925926,17.037037037037038,22.22222222222222,60.74074074074074,42.96296296296296,17.77777777777778
E00154114,78,27,10,17,51,41,10,34.61538461538461,12.82051282051282,21.794871794871796,65.38461538461539,52.56410256410257,12.82051282051282
E00154115,96,30,10,20,66,56,10,31.25,10.416666666666668,20.833333333333336,68.75,58.333333333333336,10.416666666666668
E00154116,105,31,11,20,74,62,12,29.523809523809526,10.476190476190476,19.047619047619047,70.47619047619048,59.04761904761905,11.428571428571429
E00154117,97,31,13,18,66,54,12,31.958762886597935,13.402061855670103,18.556701030927837,68.04123711340206,55.670103092783506,12.371134020618557
E00154118,108,40,9,31,68,60,8,37.03703703703704,8.333333333333332,28.703703703703702,62.96296296296296,55.55555555555556,7.4074074074074066
E00154119,102,33,13,20,69,57,12,32.35294117647059,12.745098039215685,19.607843137254903,67.64705882352942,55.88235294117647,11.76470588235294
E00154120,125,48,22,26,77,61,16,38.4,17.599999999999998,20.8,61.6,48.8,12.8
E00154121,120,38,10,28,82,68,14,31.666666666666664,8.333333333333332,23.333333333333332,68.33333333333333,56.666666666666664,11.666666666666666
E00154122,152,48,19,29,104,89,15,31.57894736842105,12.5,19.078947368421055,68.42105263157895,58.55263157894737,9.868421052631579
E00154123,122,50,22,28,72,56,16,40.98360655737705,18.0327868852459,22.950819672131146,59.01639344262295,45.90163934426229,13.114754098360656
E00154124,84,23,7,16,61,41,20,27.380952380952383,8.333333333333332,19.047619047619047,72.61904761904762,48.80952380952381,23.809523809523807
E00154125,195,49,20,29,146,121,25,25.128205128205128,10.256410256410255,14.871794871794872,74.87179487179488,62.05128205128205,12.82051282051282
E00154126,209,79,34,45,130,93,37,37.79904306220095,16.267942583732058,21.5311004784689,62.20095693779905,44.49760765550239,17.703349282296653
E00154127,141,46,12,34,95,75,20,32.62411347517731,8.51063829787234,24.113475177304963,67.37588652482269,53.191489361702125,14.184397163120568
E00154128,97,40,15,25,57,51,6,41.23711340206185,15.463917525773196,25.773195876288657,58.76288659793815,52.57731958762887,6.185567010309279
E00154129,164,46,12,34,118,88,30,28.04878048780488,7.317073170731707,20.73170731707317,71.95121951219512,53.65853658536586,18.29268292682927
E00154130,136,48,18,30,88,64,24,35.294117647058826,13.23529411764706,22.058823529411764,64.70588235294117,47.05882352941176,17.647058823529413
E00154131,127,59,26,33,68,51,17,46.45669291338583,20.47244094488189,25.984251968503933,53.54330708661418,40.15748031496063,13.385826771653544
E00154132,39,16,9,7,23,19,4,41.02564102564102,23.076923076923077,17.94871794871795,58.97435897435898,48.717948717948715,10.256410256410255
E00154133,98,39,8,31,59,43,16,39.795918367346935,8.16326530612245,31.63265306122449,60.204081632653065,43.87755102040816,16.3265306122449
E00154134,75,30,19,11,45,31,14,40,25.333333333333336,14.666666666666666,60,41.333333333333336,18.666666666666668
E00154135,68,23,5,18,45,41,4,33.82352941176471,7.352941176470589,26.47058823529412,66.17647058823529,60.29411764705882,5.88235294117647
E00154136,181,69,33,36,112,96,16,38.12154696132597,18.23204419889503,19.88950276243094,61.87845303867403,53.03867403314917,8.83977900552486
E00154137,81,30,15,15,51,32,19,37.03703703703704,18.51851851851852,18.51851851851852,62.96296296296296,39.50617283950617,23.456790123456788
E00154138,149,49,24,25,100,75,25,32.88590604026846,16.10738255033557,16.778523489932887,67.11409395973155,50.33557046979866,16.778523489932887
E00154139,95,35,16,19,60,52,8,36.84210526315789,16.842105263157894,20,63.1578947368421,54.736842105263165,8.421052631578947
E00154140,152,58,20,38,94,77,17,38.15789473684211,13.157894736842104,25,61.8421052631579,50.6578947368421,11.18421052631579
E00154141,119,44,21,23,75,62,13,36.97478991596639,17.647058823529413,19.327731092436977,63.02521008403361,52.10084033613446,10.92436974789916
E00154142,114,42,15,27,72,66,6,36.84210526315789,13.157894736842104,23.684210526315788,63.1578947368421,57.89473684210527,5.263157894736842
E00154143,107,37,16,21,70,57,13,34.57943925233645,14.953271028037381,19.626168224299064,65.42056074766354,53.271028037383175,12.149532710280374
E00154144,133,56,22,34,77,64,13,42.10526315789473,16.541353383458645,25.563909774436087,57.89473684210527,48.1203007518797,9.774436090225564
E00154145,172,53,19,34,119,98,21,30.813953488372093,11.046511627906977,19.767441860465116,69.18604651162791,56.97674418604651,12.209302325581394
E00154146,73,34,20,14,39,29,10,46.57534246575342,27.397260273972602,19.17808219178082,53.42465753424658,39.726027397260275,13.698630136986301
E00154147,141,47,19,28,94,73,21,33.33333333333333,13.47517730496454,19.858156028368796,66.66666666666666,51.77304964539007,14.893617021276595
E00154148,146,40,17,23,106,89,17,27.397260273972602,11.643835616438356,15.753424657534246,72.6027397260274,60.95890410958904,11.643835616438356
E00154149,82,36,19,17,46,33,13,43.90243902439025,23.170731707317074,20.73170731707317,56.09756097560976,40.243902439024396,15.853658536585366
E00154150,120,41,18,23,79,67,12,34.166666666666664,15,19.166666666666668,65.83333333333333,55.833333333333336,10
E00154151,106,43,11,32,63,55,8,40.56603773584906,10.377358490566039,30.18867924528302,59.43396226415094,51.886792452830186,7.547169811320755
E00154152,96,29,12,17,67,51,16,30.208333333333332,12.5,17.708333333333336,69.79166666666666,53.125,16.666666666666664
E00154153,94,22,11,11,72,63,9,23.404255319148938,11.702127659574469,11.702127659574469,76.59574468085107,67.02127659574468,9.574468085106384
E00154154,116,45,22,23,71,54,17,38.793103448275865,18.96551724137931,19.82758620689655,61.206896551724135,46.55172413793103,14.655172413793101
E00154155,93,32,14,18,61,51,10,34.40860215053764,15.053763440860216,19.35483870967742,65.59139784946237,54.83870967741935,10.75268817204301
E00154156,208,71,28,43,137,119,18,34.13461538461539,13.461538461538462,20.673076923076923,65.86538461538461,57.21153846153846,8.653846153846153
E00154157,101,33,5,28,68,59,9,32.67326732673268,4.9504950495049505,27.722772277227726,67.32673267326733,58.415841584158414,8.91089108910891
E00154158,98,34,13,21,64,58,6,34.69387755102041,13.26530612244898,21.428571428571427,65.3061224489796,59.183673469387756,6.122448979591836
E00154159,143,60,19,41,83,66,17,41.95804195804196,13.286713286713287,28.671328671328673,58.04195804195804,46.15384615384615,11.888111888111888
E00154160,130,43,15,28,87,67,20,33.07692307692307,11.538461538461538,21.53846153846154,66.92307692307692,51.53846153846153,15.384615384615385
E00154161,83,35,9,26,48,41,7,42.168674698795186,10.843373493975903,31.32530120481928,57.831325301204814,49.39759036144578,8.433734939759036
E00154162,156,55,14,41,101,79,22,35.256410256410255,8.974358974358974,26.282051282051285,64.74358974358975,50.641025641025635,14.102564102564102
E00154163,102,34,11,23,68,57,11,33.33333333333333,10.784313725490197,22.54901960784314,66.66666666666666,55.88235294117647,10.784313725490197
E00154164,113,38,13,25,75,68,7,33.6283185840708,11.504424778761061,22.123893805309734,66.3716814159292,60.17699115044248,6.1946902654867255
E00154165,108,28,9,19,80,68,12,25.925925925925924,8.333333333333332,17.59259259259259,74.07407407407408,62.96296296296296,11.11111111111111
E00154166,97,33,7,26,64,56,8,34.02061855670103,7.216494845360824,26.804123711340207,65.97938144329896,57.73195876288659,8.24742268041237
E00154167,101,41,15,26,60,53,7,40.5940594059406,14.85148514851485,25.742574257425744,59.4059405940594,52.475247524752476,6.9306930693069315
E00154168,117,37,10,27,80,71,9,31.62393162393162,8.547008547008547,23.076923076923077,68.37606837606837,60.68376068376068,7.6923076923076925
E00154169,134,52,21,31,82,69,13,38.80597014925373,15.671641791044777,23.134328358208954,61.19402985074627,51.49253731343284,9.701492537313433
E00154170,188,62,13,49,126,109,17,32.97872340425532,6.914893617021277,26.063829787234045,67.02127659574468,57.97872340425532,9.042553191489363
E00154171,136,56,19,37,80,68,12,41.17647058823529,13.970588235294118,27.205882352941174,58.82352941176471,50,8.823529411764707
E00154172,89,27,7,20,62,49,13,30.337078651685395,7.865168539325842,22.47191011235955,69.66292134831461,55.0561797752809,14.606741573033707
E00154173,77,29,16,13,48,36,12,37.66233766233766,20.77922077922078,16.883116883116884,62.33766233766234,46.75324675324675,15.584415584415584
E00154174,142,44,19,25,98,71,27,30.985915492957744,13.380281690140844,17.6056338028169,69.01408450704226,50,19.014084507042252
E00154175,115,48,16,32,67,55,12,41.73913043478261,13.91304347826087,27.82608695652174,58.26086956521739,47.82608695652174,10.434782608695652
E00154176,86,37,13,24,49,31,18,43.02325581395349,15.11627906976744,27.906976744186046,56.97674418604651,36.04651162790697,20.930232558139537
E00154177,97,41,18,23,56,44,12,42.2680412371134,18.556701030927837,23.711340206185564,57.73195876288659,45.36082474226804,12.371134020618557
E00154178,107,47,19,28,60,50,10,43.925233644859816,17.75700934579439,26.168224299065418,56.074766355140184,46.728971962616825,9.345794392523365
E00154179,41,13,6,7,28,23,5,31.70731707317073,14.634146341463413,17.073170731707318,68.29268292682927,56.09756097560976,12.195121951219512
E00154180,70,29,15,14,41,37,4,41.42857142857143,21.428571428571427,20,58.57142857142858,52.85714285714286,5.714285714285714
E00154181,162,72,37,35,90,68,22,44.44444444444444,22.839506172839506,21.604938271604937,55.55555555555556,41.9753086419753,13.580246913580247
E00154182,128,44,17,27,84,65,19,34.375,13.28125,21.09375,65.625,50.78125,14.84375
E00154183,81,22,5,17,59,47,12,27.160493827160494,6.172839506172839,20.98765432098765,72.8395061728395,58.0246913580247,14.814814814814813
E00154184,130,38,14,24,92,78,14,29.230769230769234,10.76923076923077,18.461538461538463,70.76923076923077,60,10.76923076923077
E00154185,152,41,9,32,111,93,18,26.973684210526315,5.921052631578947,21.052631578947366,73.02631578947368,61.18421052631579,11.842105263157894
E00154186,160,44,14,30,116,98,18,27.500000000000004,8.75,18.75,72.5,61.25000000000001,11.25
E00154187,136,49,20,29,87,77,10,36.029411764705884,14.705882352941178,21.323529411764707,63.970588235294116,56.61764705882353,7.352941176470589
E00154188,126,29,10,19,97,79,18,23.015873015873016,7.936507936507936,15.079365079365079,76.98412698412699,62.698412698412696,14.285714285714285
E00154189,129,42,16,26,87,72,15,32.55813953488372,12.4031007751938,20.155038759689923,67.44186046511628,55.81395348837209,11.627906976744185
E00154190,130,44,14,30,86,66,20,33.84615384615385,10.76923076923077,23.076923076923077,66.15384615384615,50.76923076923077,15.384615384615385
E00154191,87,38,6,32,49,40,9,43.67816091954023,6.896551724137931,36.7816091954023,56.32183908045977,45.97701149425287,10.344827586206897
E00154192,122,38,17,21,84,71,13,31.147540983606557,13.934426229508196,17.21311475409836,68.85245901639344,58.19672131147541,10.655737704918032
E00154193,131,49,16,33,82,70,12,37.404580152671755,12.213740458015266,25.190839694656486,62.59541984732825,53.43511450381679,9.16030534351145
E00154194,138,43,17,26,95,77,18,31.15942028985507,12.318840579710146,18.84057971014493,68.84057971014492,55.79710144927537,13.043478260869565
E00154195,123,46,22,24,77,68,9,37.39837398373984,17.88617886178862,19.51219512195122,62.601626016260155,55.28455284552846,7.317073170731707
E00154196,100,32,12,20,68,60,8,32,12,20,68,60,8
E00154197,120,44,18,26,76,70,6,36.666666666666664,15,21.666666666666668,63.33333333333333,58.333333333333336,5
E00154198,166,50,21,29,116,102,14,30.120481927710845,12.650602409638553,17.46987951807229,69.87951807228916,61.44578313253012,8.433734939759036
E00154199,141,49,20,29,92,79,13,34.751773049645394,14.184397163120568,20.56737588652482,65.24822695035462,56.02836879432624,9.219858156028367
E00154200,165,60,23,37,105,94,11,36.36363636363637,13.939393939393941,22.424242424242426,63.63636363636363,56.96969696969697,6.666666666666667
E00154201,161,51,15,36,110,101,9,31.67701863354037,9.316770186335404,22.36024844720497,68.32298136645963,62.732919254658384,5.590062111801243
E00154202,117,40,12,28,77,69,8,34.18803418803419,10.256410256410255,23.931623931623932,65.8119658119658,58.97435897435898,6.837606837606838
E00154203,149,49,19,30,100,80,20,32.88590604026846,12.751677852348994,20.13422818791946,67.11409395973155,53.691275167785236,13.422818791946309
E00154204,158,49,16,33,109,95,14,31.0126582278481,10.126582278481013,20.88607594936709,68.9873417721519,60.12658227848101,8.860759493670885
E00154205,108,34,15,19,74,64,10,31.48148148148148,13.88888888888889,17.59259259259259,68.51851851851852,59.25925925925925,9.25925925925926
E00154206,109,39,17,22,70,46,24,35.77981651376147,15.59633027522936,20.18348623853211,64.22018348623854,42.201834862385326,22.018348623853214
E00154207,97,38,16,22,59,46,13,39.175257731958766,16.49484536082474,22.68041237113402,60.824742268041234,47.42268041237113,13.402061855670103
E00154208,136,37,10,27,99,84,15,27.205882352941174,7.352941176470589,19.852941176470587,72.79411764705883,61.76470588235294,11.029411764705882
E00154209,114,40,11,29,74,64,10,35.08771929824561,9.649122807017543,25.438596491228072,64.91228070175438,56.14035087719298,8.771929824561402
E00154210,98,42,15,27,56,51,5,42.857142857142854,15.306122448979592,27.55102040816326,57.14285714285714,52.04081632653062,5.1020408163265305
E00154211,135,38,8,30,97,84,13,28.14814814814815,5.9259259259259265,22.22222222222222,71.85185185185186,62.22222222222222,9.62962962962963
E00154212,137,46,17,29,91,79,12,33.57664233576642,12.408759124087592,21.16788321167883,66.42335766423358,57.66423357664233,8.75912408759124
E00154213,135,53,20,33,82,68,14,39.25925925925926,14.814814814814813,24.444444444444443,60.74074074074074,50.37037037037037,10.37037037037037
E00154214,243,80,28,52,163,131,32,32.92181069958848,11.522633744855968,21.39917695473251,67.07818930041152,53.90946502057613,13.168724279835391
E00154216,139,47,15,32,92,83,9,33.81294964028777,10.79136690647482,23.021582733812952,66.18705035971223,59.71223021582733,6.474820143884892
E00154217,154,55,15,40,99,81,18,35.714285714285715,9.740259740259742,25.97402597402597,64.28571428571429,52.5974025974026,11.688311688311687
E00154218,95,28,9,19,67,55,12,29.47368421052631,9.473684210526317,20,70.52631578947368,57.89473684210527,12.631578947368421
E00154220,146,49,18,31,97,83,14,33.56164383561644,12.32876712328767,21.232876712328768,66.43835616438356,56.849315068493155,9.58904109589041
E00154221,147,60,28,32,87,78,9,40.816326530612244,19.047619047619047,21.768707482993197,59.183673469387756,53.06122448979592,6.122448979591836
E00154222,85,37,12,25,48,40,8,43.529411764705884,14.117647058823529,29.411764705882355,56.470588235294116,47.05882352941176,9.411764705882353
E00154223,156,50,12,38,106,89,17,32.05128205128205,7.6923076923076925,24.358974358974358,67.94871794871796,57.05128205128205,10.897435897435898
E00154225,143,42,13,29,101,86,15,29.37062937062937,9.090909090909092,20.27972027972028,70.62937062937063,60.13986013986013,10.48951048951049
E00154226,184,71,15,56,113,84,29,38.58695652173913,8.152173913043478,30.434782608695656,61.41304347826087,45.65217391304348,15.760869565217392
E00154227,107,40,8,32,67,58,9,37.38317757009346,7.476635514018691,29.906542056074763,62.616822429906534,54.20560747663551,8.411214953271028
E00154228,196,55,11,44,141,121,20,28.061224489795915,5.612244897959184,22.448979591836736,71.93877551020408,61.73469387755102,10.204081632653061
E00154229,141,53,22,31,88,74,14,37.5886524822695,15.602836879432624,21.98581560283688,62.4113475177305,52.4822695035461,9.929078014184398
E00154230,314,108,35,73,206,167,39,34.394904458598724,11.146496815286625,23.248407643312103,65.60509554140127,53.18471337579618,12.420382165605096
E00154231,162,51,18,33,111,99,12,31.48148148148148,11.11111111111111,20.37037037037037,68.51851851851852,61.111111111111114,7.4074074074074066
E00154232,102,33,12,21,69,58,11,32.35294117647059,11.76470588235294,20.588235294117645,67.64705882352942,56.86274509803921,10.784313725490197
E00154233,84,29,7,22,55,45,10,34.523809523809526,8.333333333333332,26.190476190476193,65.47619047619048,53.57142857142857,11.904761904761903
E00154234,194,64,16,48,130,108,22,32.98969072164948,8.24742268041237,24.742268041237114,67.0103092783505,55.670103092783506,11.34020618556701
E00154235,140,41,10,31,99,78,21,29.28571428571429,7.142857142857142,22.142857142857142,70.71428571428572,55.714285714285715,15
E00154236,131,43,17,26,88,65,23,32.82442748091603,12.977099236641221,19.84732824427481,67.17557251908397,49.61832061068702,17.557251908396946
E00154237,69,24,7,17,45,33,12,34.78260869565217,10.144927536231885,24.637681159420293,65.21739130434783,47.82608695652174,17.391304347826086
E00154238,93,32,14,18,61,54,7,34.40860215053764,15.053763440860216,19.35483870967742,65.59139784946237,58.06451612903226,7.526881720430108
E00154239,93,31,14,17,62,52,10,33.33333333333333,15.053763440860216,18.27956989247312,66.66666666666666,55.91397849462365,10.75268817204301
E00154240,97,36,14,22,61,47,14,37.11340206185567,14.432989690721648,22.68041237113402,62.88659793814433,48.45360824742268,14.432989690721648
E00154241,115,33,10,23,82,53,29,28.695652173913043,8.695652173913043,20,71.30434782608695,46.08695652173913,25.217391304347824
E00154242,118,38,14,24,80,67,13,32.20338983050847,11.864406779661017,20.33898305084746,67.79661016949152,56.779661016949156,11.016949152542372
E00154243,132,53,27,26,79,54,25,40.15151515151515,20.454545454545457,19.696969696969695,59.84848484848485,40.909090909090914,18.939393939393938
E00154244,97,31,12,19,66,51,15,31.958762886597935,12.371134020618557,19.587628865979383,68.04123711340206,52.57731958762887,15.463917525773196
E00154245,98,43,12,31,55,46,9,43.87755102040816,12.244897959183673,31.63265306122449,56.12244897959183,46.93877551020408,9.183673469387756
E00154246,127,43,17,26,84,74,10,33.85826771653544,13.385826771653544,20.47244094488189,66.14173228346458,58.26771653543307,7.874015748031496
E00154247,102,43,18,25,59,40,19,42.15686274509804,17.647058823529413,24.509803921568626,57.84313725490197,39.21568627450981,18.627450980392158
E00154248,162,53,23,30,109,80,29,32.71604938271605,14.19753086419753,18.51851851851852,67.28395061728395,49.382716049382715,17.901234567901234
E00154249,86,39,15,24,47,35,12,45.348837209302324,17.441860465116278,27.906976744186046,54.65116279069767,40.69767441860465,13.953488372093023
E00154250,98,35,17,18,63,47,16,35.714285714285715,17.346938775510203,18.367346938775512,64.28571428571429,47.95918367346938,16.3265306122449
E00154251,101,24,5,19,77,62,15,23.762376237623762,4.9504950495049505,18.81188118811881,76.23762376237624,61.386138613861384,14.85148514851485
E00154252,78,23,7,16,55,48,7,29.48717948717949,8.974358974358974,20.51282051282051,70.51282051282051,61.53846153846154,8.974358974358974
E00154253,88,23,7,16,65,51,14,26.136363636363637,7.954545454545454,18.181818181818183,73.86363636363636,57.95454545454546,15.909090909090908
E00154254,90,32,12,20,58,50,8,35.55555555555556,13.333333333333334,22.22222222222222,64.44444444444444,55.55555555555556,8.88888888888889
E00154255,47,14,5,9,33,25,8,29.78723404255319,10.638297872340425,19.148936170212767,70.2127659574468,53.191489361702125,17.02127659574468
E00154256,92,31,8,23,61,52,9,33.69565217391305,8.695652173913043,25,66.30434782608695,56.52173913043478,9.782608695652174
E00154257,139,52,18,34,87,71,16,37.410071942446045,12.949640287769784,24.46043165467626,62.589928057553955,51.07913669064749,11.510791366906476
E00154258,121,39,16,23,82,71,11,32.231404958677686,13.223140495867769,19.00826446280992,67.76859504132231,58.67768595041323,9.090909090909092
E00154259,133,55,25,30,78,70,8,41.35338345864661,18.796992481203006,22.55639097744361,58.64661654135338,52.63157894736842,6.015037593984962
E00154260,207,71,26,45,136,123,13,34.29951690821256,12.560386473429952,21.73913043478261,65.70048309178745,59.42028985507246,6.280193236714976
E00154261,118,44,22,22,74,58,16,37.28813559322034,18.64406779661017,18.64406779661017,62.71186440677966,49.152542372881356,13.559322033898304
E00154262,159,51,14,37,108,87,21,32.075471698113205,8.80503144654088,23.270440251572328,67.9245283018868,54.71698113207547,13.20754716981132
E00154263,113,41,15,26,72,61,11,36.283185840707965,13.274336283185843,23.008849557522122,63.716814159292035,53.98230088495575,9.734513274336283
E00154264,78,34,20,14,44,35,9,43.58974358974359,25.64102564102564,17.94871794871795,56.41025641025641,44.871794871794876,11.538461538461538
E00154265,151,69,26,43,82,72,10,45.6953642384106,17.218543046357617,28.47682119205298,54.3046357615894,47.682119205298015,6.622516556291391
E00154266,92,34,12,22,58,50,8,36.95652173913043,13.043478260869565,23.91304347826087,63.04347826086957,54.347826086956516,8.695652173913043
E00154267,129,57,26,31,72,62,10,44.18604651162791,20.155038759689923,24.031007751937985,55.81395348837209,48.06201550387597,7.751937984496124
E00154268,128,54,13,41,74,69,5,42.1875,10.15625,32.03125,57.8125,53.90625,3.90625
E00154269,133,39,12,27,94,79,15,29.32330827067669,9.022556390977442,20.30075187969925,70.67669172932331,59.3984962406015,11.278195488721805
E00154270,118,40,11,29,78,72,6,33.89830508474576,9.322033898305085,24.576271186440678,66.10169491525424,61.016949152542374,5.084745762711865
E00154271,103,40,12,28,63,55,8,38.83495145631068,11.650485436893204,27.184466019417474,61.165048543689316,53.398058252427184,7.766990291262135
E00154272,143,60,29,31,83,71,12,41.95804195804196,20.27972027972028,21.678321678321677,58.04195804195804,49.65034965034965,8.391608391608392
E00154273,106,33,9,24,73,63,10,31.132075471698112,8.49056603773585,22.641509433962266,68.86792452830188,59.43396226415094,9.433962264150944
E00154274,144,60,20,40,84,70,14,41.66666666666667,13.88888888888889,27.77777777777778,58.333333333333336,48.61111111111111,9.722222222222223
E00154275,69,37,19,18,32,22,10,53.62318840579711,27.536231884057973,26.08695652173913,46.3768115942029,31.88405797101449,14.492753623188406
E00154276,119,49,21,28,70,56,14,41.17647058823529,17.647058823529413,23.52941176470588,58.82352941176471,47.05882352941176,11.76470588235294
E00154277,128,48,15,33,80,70,10,37.5,11.71875,25.78125,62.5,54.6875,7.8125
E00154278,123,56,14,42,67,57,10,45.52845528455284,11.38211382113821,34.146341463414636,54.47154471544715,46.34146341463415,8.130081300813007
E00154279,96,31,14,17,65,54,11,32.29166666666667,14.583333333333334,17.708333333333336,67.70833333333334,56.25,11.458333333333332
E00154280,113,45,16,29,68,59,9,39.823008849557525,14.15929203539823,25.663716814159294,60.17699115044248,52.21238938053098,7.964601769911504
E00154281,129,43,16,27,86,74,12,33.33333333333333,12.4031007751938,20.930232558139537,66.66666666666666,57.36434108527132,9.30232558139535
E00154282,36,19,9,10,17,11,6,52.77777777777778,25,27.77777777777778,47.22222222222222,30.555555555555557,16.666666666666664
E00154283,117,39,11,28,78,69,9,33.33333333333333,9.401709401709402,23.931623931623932,66.66666666666666,58.97435897435898,7.6923076923076925
E00154284,156,67,15,52,89,83,6,42.94871794871795,9.615384615384617,33.33333333333333,57.05128205128205,53.205128205128204,3.8461538461538463
E00154285,79,21,7,14,58,47,11,26.582278481012654,8.860759493670885,17.72151898734177,73.41772151898735,59.49367088607595,13.924050632911392
E00154287,116,44,16,28,72,67,5,37.93103448275862,13.793103448275861,24.137931034482758,62.06896551724138,57.758620689655174,4.310344827586207
E00154288,102,40,11,29,62,60,2,39.21568627450981,10.784313725490197,28.431372549019606,60.78431372549019,58.82352941176471,1.9607843137254901
E00154289,84,30,8,22,54,44,10,35.714285714285715,9.523809523809524,26.190476190476193,64.28571428571429,52.38095238095239,11.904761904761903
E00154290,144,42,13,29,102,84,18,29.166666666666668,9.027777777777777,20.13888888888889,70.83333333333334,58.333333333333336,12.5
E00154291,115,43,10,33,72,65,7,37.391304347826086,8.695652173913043,28.695652173913043,62.60869565217392,56.52173913043478,6.086956521739131
E00154292,170,50,16,34,120,100,20,29.411764705882355,9.411764705882353,20,70.58823529411765,58.82352941176471,11.76470588235294
E00154293,128,41,10,31,87,70,17,32.03125,7.8125,24.21875,67.96875,54.6875,13.28125
E00154294,104,33,10,23,71,63,8,31.73076923076923,9.615384615384617,22.115384615384613,68.26923076923077,60.57692307692307,7.6923076923076925
E00154295,137,43,14,29,94,81,13,31.386861313868614,10.218978102189782,21.16788321167883,68.61313868613139,59.12408759124088,9.48905109489051
E00154296,116,40,10,30,76,68,8,34.48275862068966,8.620689655172415,25.862068965517242,65.51724137931035,58.620689655172406,6.896551724137931
E00154297,97,34,15,19,63,50,13,35.051546391752574,15.463917525773196,19.587628865979383,64.94845360824742,51.546391752577314,13.402061855670103
E00154298,222,72,18,54,150,123,27,32.432432432432435,8.108108108108109,24.324324324324326,67.56756756756756,55.4054054054054,12.162162162162163
E00154299,139,46,13,33,93,79,14,33.093525179856115,9.352517985611511,23.741007194244602,66.90647482014388,56.83453237410072,10.071942446043165
E00154301,69,31,8,23,38,28,10,44.927536231884055,11.594202898550725,33.33333333333333,55.072463768115945,40.57971014492754,14.492753623188406
E00154302,67,23,7,16,44,35,9,34.32835820895522,10.44776119402985,23.88059701492537,65.67164179104478,52.23880597014925,13.432835820895523
E00154303,69,22,8,14,47,38,9,31.88405797101449,11.594202898550725,20.28985507246377,68.11594202898551,55.072463768115945,13.043478260869565
E00154304,75,24,5,19,51,43,8,32,6.666666666666667,25.333333333333336,68,57.333333333333336,10.666666666666668
E00154305,119,30,10,20,89,82,7,25.210084033613445,8.403361344537815,16.80672268907563,74.78991596638656,68.90756302521008,5.88235294117647
E00154306,88,34,19,15,54,48,6,38.63636363636363,21.59090909090909,17.045454545454543,61.36363636363637,54.54545454545454,6.8181818181818175
E00154307,83,30,15,15,53,50,3,36.144578313253014,18.072289156626507,18.072289156626507,63.85542168674698,60.24096385542169,3.614457831325301
E00154308,94,35,19,16,59,52,7,37.234042553191486,20.212765957446805,17.02127659574468,62.76595744680851,55.319148936170215,7.446808510638298
E00154309,98,38,12,26,60,43,17,38.775510204081634,12.244897959183673,26.53061224489796,61.224489795918366,43.87755102040816,17.346938775510203
E00154310,139,51,18,33,88,70,18,36.69064748201439,12.949640287769784,23.741007194244602,63.30935251798561,50.35971223021583,12.949640287769784
E00154311,82,32,12,20,50,39,11,39.02439024390244,14.634146341463413,24.390243902439025,60.97560975609756,47.5609756097561,13.414634146341465
E00154312,126,40,16,24,86,80,6,31.746031746031743,12.698412698412698,19.047619047619047,68.25396825396825,63.49206349206349,4.761904761904762
E00154313,90,35,14,21,55,50,5,38.88888888888889,15.555555555555555,23.333333333333332,61.111111111111114,55.55555555555556,5.555555555555555
E00154314,115,33,12,21,82,72,10,28.695652173913043,10.434782608695652,18.26086956521739,71.30434782608695,62.60869565217392,8.695652173913043
E00154315,118,45,18,27,73,55,18,38.13559322033898,15.254237288135593,22.88135593220339,61.86440677966102,46.61016949152542,15.254237288135593
E00154316,85,26,11,15,59,46,13,30.58823529411765,12.941176470588237,17.647058823529413,69.41176470588235,54.11764705882353,15.294117647058824
E00154317,85,30,15,15,55,42,13,35.294117647058826,17.647058823529413,17.647058823529413,64.70588235294117,49.411764705882355,15.294117647058824
E00154318,130,36,12,24,94,80,14,27.692307692307693,9.230769230769232,18.461538461538463,72.3076923076923,61.53846153846154,10.76923076923077
E00154319,162,46,14,32,116,97,19,28.39506172839506,8.641975308641975,19.753086419753085,71.60493827160494,59.876543209876544,11.728395061728394
E00154320,116,46,14,32,70,54,16,39.6551724137931,12.068965517241379,27.586206896551722,60.3448275862069,46.55172413793103,13.793103448275861
E00154321,124,46,12,34,78,71,7,37.096774193548384,9.67741935483871,27.419354838709676,62.903225806451616,57.25806451612904,5.64516129032258
E00154322,162,57,25,32,105,81,24,35.18518518518518,15.432098765432098,19.753086419753085,64.81481481481481,50,14.814814814814813
E00154323,114,45,15,30,69,50,19,39.473684210526315,13.157894736842104,26.31578947368421,60.526315789473685,43.859649122807014,16.666666666666664
E00154324,99,36,15,21,63,55,8,36.36363636363637,15.151515151515152,21.21212121212121,63.63636363636363,55.55555555555556,8.080808080808081
E00154325,123,46,14,32,77,66,11,37.39837398373984,11.38211382113821,26.01626016260163,62.601626016260155,53.65853658536586,8.94308943089431
E00154326,139,46,12,34,93,81,12,33.093525179856115,8.633093525179856,24.46043165467626,66.90647482014388,58.27338129496403,8.633093525179856
E00154327,127,45,15,30,82,73,9,35.43307086614173,11.811023622047244,23.62204724409449,64.56692913385827,57.48031496062992,7.086614173228346
E00154328,118,42,12,30,76,67,9,35.59322033898305,10.16949152542373,25.423728813559322,64.40677966101694,56.779661016949156,7.627118644067797
E00154329,125,47,9,38,78,69,9,37.6,7.199999999999999,30.4,62.4,55.2,7.199999999999999
E00154330,133,57,17,40,76,64,12,42.857142857142854,12.781954887218044,30.075187969924812,57.14285714285714,48.1203007518797,9.022556390977442
E00154331,101,29,10,19,72,58,14,28.71287128712871,9.900990099009901,18.81188118811881,71.28712871287128,57.42574257425742,13.861386138613863
E00154332,119,36,10,26,83,75,8,30.252100840336134,8.403361344537815,21.84873949579832,69.74789915966386,63.02521008403361,6.722689075630252
E00154333,149,60,22,38,89,78,11,40.26845637583892,14.76510067114094,25.503355704697988,59.73154362416108,52.348993288590606,7.38255033557047
E00154334,139,50,25,25,89,69,20,35.97122302158273,17.985611510791365,17.985611510791365,64.02877697841727,49.64028776978417,14.388489208633093
E00154335,127,37,11,26,90,69,21,29.133858267716533,8.661417322834646,20.47244094488189,70.86614173228347,54.330708661417326,16.535433070866144
E00154336,68,27,7,20,41,32,9,39.705882352941174,10.294117647058822,29.411764705882355,60.29411764705882,47.05882352941176,13.23529411764706
E00154337,146,61,31,30,85,66,19,41.78082191780822,21.232876712328768,20.54794520547945,58.21917808219178,45.20547945205479,13.013698630136986
E00154338,106,36,15,21,70,53,17,33.9622641509434,14.150943396226415,19.81132075471698,66.0377358490566,50,16.037735849056602
E00154339,157,54,19,35,103,81,22,34.394904458598724,12.101910828025478,22.29299363057325,65.60509554140127,51.59235668789809,14.012738853503185
E00154340,147,44,17,27,103,84,19,29.931972789115648,11.564625850340136,18.367346938775512,70.06802721088435,57.14285714285714,12.925170068027212
E00154341,143,55,25,30,88,73,15,38.46153846153847,17.482517482517483,20.97902097902098,61.53846153846154,51.048951048951054,10.48951048951049
E00154343,161,46,17,29,115,81,34,28.57142857142857,10.559006211180124,18.012422360248447,71.42857142857143,50.31055900621118,21.11801242236025
E00154344,86,25,9,16,61,43,18,29.069767441860467,10.465116279069768,18.6046511627907,70.93023255813954,50,20.930232558139537
E00154345,85,25,11,14,60,43,17,29.411764705882355,12.941176470588237,16.470588235294116,70.58823529411765,50.588235294117645,20
E00154346,91,32,6,26,59,42,17,35.16483516483517,6.593406593406594,28.57142857142857,64.83516483516483,46.15384615384615,18.681318681318682
E00154347,134,47,20,27,87,75,12,35.07462686567165,14.925373134328357,20.149253731343283,64.92537313432835,55.970149253731336,8.955223880597014
E00154348,122,33,14,19,89,70,19,27.049180327868854,11.475409836065573,15.573770491803279,72.95081967213115,57.377049180327866,15.573770491803279
E00154349,110,53,17,36,57,48,9,48.18181818181818,15.454545454545453,32.72727272727273,51.81818181818182,43.63636363636363,8.181818181818182
E00154350,140,49,19,30,91,80,11,35,13.571428571428571,21.428571428571427,65,57.14285714285714,7.857142857142857
E00154351,126,49,15,34,77,62,15,38.88888888888889,11.904761904761903,26.984126984126984,61.111111111111114,49.2063492063492,11.904761904761903
E00154352,118,44,8,36,74,63,11,37.28813559322034,6.779661016949152,30.508474576271187,62.71186440677966,53.38983050847458,9.322033898305085
E00154353,92,32,11,21,60,58,2,34.78260869565217,11.956521739130435,22.82608695652174,65.21739130434783,63.04347826086957,2.1739130434782608
E00154354,98,30,6,24,68,58,10,30.612244897959183,6.122448979591836,24.489795918367346,69.38775510204081,59.183673469387756,10.204081632653061
E00154355,110,43,14,29,67,57,10,39.09090909090909,12.727272727272727,26.36363636363636,60.909090909090914,51.81818181818182,9.090909090909092
E00154356,155,52,20,32,103,78,25,33.5483870967742,12.903225806451612,20.64516129032258,66.45161290322581,50.32258064516129,16.129032258064516
E00154357,82,34,15,19,48,42,6,41.46341463414634,18.29268292682927,23.170731707317074,58.536585365853654,51.21951219512195,7.317073170731707
E00154358,109,42,13,29,67,50,17,38.53211009174312,11.926605504587156,26.605504587155966,61.46788990825688,45.87155963302752,15.59633027522936
E00154359,101,32,8,24,69,64,5,31.683168316831683,7.920792079207921,23.762376237623762,68.31683168316832,63.366336633663366,4.9504950495049505
E00154360,132,52,14,38,80,69,11,39.39393939393939,10.606060606060606,28.78787878787879,60.60606060606061,52.27272727272727,8.333333333333332
E00154361,136,49,17,32,87,74,13,36.029411764705884,12.5,23.52941176470588,63.970588235294116,54.41176470588235,9.558823529411764
E00154362,129,47,14,33,82,78,4,36.434108527131784,10.852713178294573,25.581395348837212,63.565891472868216,60.46511627906976,3.10077519379845
E00154363,126,40,14,26,86,77,9,31.746031746031743,11.11111111111111,20.634920634920633,68.25396825396825,61.111111111111114,7.142857142857142
E00154364,124,42,6,36,82,68,14,33.87096774193548,4.838709677419355,29.03225806451613,66.12903225806451,54.83870967741935,11.29032258064516
E00154365,108,44,15,29,64,51,13,40.74074074074074,13.88888888888889,26.851851851851855,59.25925925925925,47.22222222222222,12.037037037037036
E00154366,94,45,16,29,49,37,12,47.87234042553192,17.02127659574468,30.851063829787233,52.12765957446809,39.361702127659576,12.76595744680851
E00154367,97,33,10,23,64,49,15,34.02061855670103,10.309278350515463,23.711340206185564,65.97938144329896,50.51546391752577,15.463917525773196
E00154368,64,26,6,20,38,31,7,40.625,9.375,31.25,59.375,48.4375,10.9375
E00154369,96,33,8,25,63,53,10,34.375,8.333333333333332,26.041666666666668,65.625,55.208333333333336,10.416666666666668
E00154370,134,42,12,30,92,81,11,31.343283582089555,8.955223880597014,22.388059701492537,68.65671641791045,60.447761194029844,8.208955223880597
E00154371,127,41,16,25,86,73,13,32.28346456692913,12.598425196850393,19.68503937007874,67.71653543307087,57.48031496062992,10.236220472440944
E00154372,174,65,23,42,109,86,23,37.35632183908046,13.218390804597702,24.137931034482758,62.643678160919535,49.42528735632184,13.218390804597702
E00154373,176,62,24,38,114,97,17,35.22727272727273,13.636363636363635,21.59090909090909,64.77272727272727,55.11363636363637,9.659090909090908
E00154374,133,53,28,25,80,58,22,39.849624060150376,21.052631578947366,18.796992481203006,60.150375939849624,43.609022556390975,16.541353383458645
E00154375,122,40,16,24,82,65,17,32.78688524590164,13.114754098360656,19.672131147540984,67.21311475409836,53.278688524590166,13.934426229508196
E00154377,114,41,13,28,73,61,12,35.96491228070175,11.403508771929824,24.561403508771928,64.03508771929825,53.50877192982456,10.526315789473683
E00154378,165,49,19,30,116,98,18,29.6969696969697,11.515151515151516,18.181818181818183,70.3030303030303,59.3939393939394,10.909090909090908
E00154379,71,35,16,19,36,31,5,49.29577464788733,22.535211267605636,26.76056338028169,50.70422535211267,43.66197183098591,7.042253521126761
E00154380,219,78,34,44,141,115,26,35.61643835616438,15.52511415525114,20.091324200913242,64.38356164383562,52.51141552511416,11.87214611872146
E00154381,118,44,19,25,74,56,18,37.28813559322034,16.101694915254235,21.1864406779661,62.71186440677966,47.45762711864407,15.254237288135593
E00154382,54,16,9,7,38,33,5,29.629629629629626,16.666666666666664,12.962962962962962,70.37037037037037,61.111111111111114,9.25925925925926
E00154383,235,78,23,55,157,125,32,33.191489361702125,9.787234042553191,23.404255319148938,66.80851063829788,53.191489361702125,13.617021276595745
E00154384,110,35,10,25,75,64,11,31.818181818181817,9.090909090909092,22.727272727272727,68.18181818181817,58.18181818181818,10
E00154385,124,31,0,31,93,84,9,25,0,25,75,67.74193548387096,7.258064516129033
E00154386,126,41,12,29,85,76,9,32.53968253968254,9.523809523809524,23.015873015873016,67.46031746031747,60.317460317460316,7.142857142857142
E00154387,105,28,10,18,77,64,13,26.666666666666668,9.523809523809524,17.142857142857142,73.33333333333333,60.952380952380956,12.380952380952381
E00154388,151,48,17,31,103,86,17,31.788079470198678,11.258278145695364,20.52980132450331,68.21192052980133,56.95364238410596,11.258278145695364
E00154389,152,50,12,38,102,85,17,32.89473684210527,7.894736842105263,25,67.10526315789474,55.92105263157895,11.18421052631579
E00154390,111,41,17,24,70,40,30,36.93693693693694,15.315315315315313,21.62162162162162,63.06306306306306,36.03603603603604,27.027027027027028
E00154391,93,28,12,16,65,47,18,30.107526881720432,12.903225806451612,17.20430107526882,69.89247311827957,50.53763440860215,19.35483870967742
E00154392,64,15,4,11,49,38,11,23.4375,6.25,17.1875,76.5625,59.375,17.1875
E00154393,72,21,6,15,51,40,11,29.166666666666668,8.333333333333332,20.833333333333336,70.83333333333334,55.55555555555556,15.277777777777779
E00154394,66,26,6,20,40,34,6,39.39393939393939,9.090909090909092,30.303030303030305,60.60606060606061,51.515151515151516,9.090909090909092
E00154395,38,16,4,12,22,17,5,42.10526315789473,10.526315789473683,31.57894736842105,57.89473684210527,44.73684210526316,13.157894736842104
E00154396,112,46,13,33,66,52,14,41.07142857142857,11.607142857142858,29.464285714285715,58.92857142857143,46.42857142857143,12.5
E00154397,83,21,7,14,62,53,9,25.301204819277107,8.433734939759036,16.867469879518072,74.69879518072288,63.85542168674698,10.843373493975903
E00154398,131,41,15,26,90,64,26,31.297709923664126,11.450381679389313,19.84732824427481,68.70229007633588,48.854961832061065,19.84732824427481
E00154399,122,46,16,30,76,57,19,37.704918032786885,13.114754098360656,24.59016393442623,62.295081967213115,46.72131147540984,15.573770491803279
E00154400,113,28,7,21,85,71,14,24.778761061946902,6.1946902654867255,18.58407079646018,75.22123893805309,62.83185840707964,12.389380530973451
E00154401,122,39,15,24,83,73,10,31.967213114754102,12.295081967213115,19.672131147540984,68.0327868852459,59.83606557377049,8.19672131147541
E00154402,96,29,9,20,67,54,13,30.208333333333332,9.375,20.833333333333336,69.79166666666666,56.25,13.541666666666666
E00154403,107,31,12,19,76,65,11,28.971962616822427,11.214953271028037,17.75700934579439,71.02803738317756,60.747663551401864,10.2803738317757
E00154404,86,23,5,18,63,53,10,26.744186046511626,5.813953488372093,20.930232558139537,73.25581395348837,61.627906976744185,11.627906976744185
E00154405,129,38,13,25,91,84,7,29.457364341085274,10.077519379844961,19.379844961240313,70.54263565891473,65.11627906976744,5.426356589147287
E00154406,105,32,9,23,73,60,13,30.476190476190478,8.571428571428571,21.904761904761905,69.52380952380952,57.14285714285714,12.380952380952381
E00154407,128,46,18,28,82,67,15,35.9375,14.0625,21.875,64.0625,52.34375,11.71875
E00154408,65,24,7,17,41,37,4,36.92307692307693,10.76923076923077,26.153846153846157,63.07692307692307,56.92307692307692,6.153846153846154
E00154409,101,38,10,28,63,49,14,37.62376237623762,9.900990099009901,27.722772277227726,62.37623762376238,48.51485148514851,13.861386138613863
E00154410,82,30,10,20,52,40,12,36.58536585365854,12.195121951219512,24.390243902439025,63.41463414634146,48.78048780487805,14.634146341463413
E00154411,89,37,14,23,52,39,13,41.57303370786517,15.730337078651685,25.842696629213485,58.42696629213483,43.82022471910113,14.606741573033707
E00154412,90,38,9,29,52,43,9,42.22222222222222,10,32.22222222222222,57.77777777777777,47.77777777777778,10
E00154413,87,26,7,19,61,45,16,29.88505747126437,8.045977011494253,21.839080459770116,70.11494252873564,51.724137931034484,18.39080459770115
E00154414,64,18,7,11,46,40,6,28.125,10.9375,17.1875,71.875,62.5,9.375
E00154415,68,33,13,20,35,30,5,48.529411764705884,19.11764705882353,29.411764705882355,51.470588235294116,44.11764705882353,7.352941176470589
E00154416,118,44,9,35,74,73,1,37.28813559322034,7.627118644067797,29.66101694915254,62.71186440677966,61.86440677966102,0.847457627118644
E00154417,167,56,19,37,111,89,22,33.532934131736525,11.377245508982035,22.15568862275449,66.46706586826348,53.293413173652695,13.17365269461078
E00154418,107,33,12,21,74,63,11,30.8411214953271,11.214953271028037,19.626168224299064,69.1588785046729,58.87850467289719,10.2803738317757
E00154419,117,39,12,27,78,69,9,33.33333333333333,10.256410256410255,23.076923076923077,66.66666666666666,58.97435897435898,7.6923076923076925
E00154420,45,20,7,13,25,16,9,44.44444444444444,15.555555555555555,28.888888888888886,55.55555555555556,35.55555555555556,20
E00154421,71,34,14,20,37,31,6,47.88732394366197,19.718309859154928,28.169014084507044,52.112676056338024,43.66197183098591,8.450704225352112
E00154422,34,13,6,7,21,20,1,38.23529411764706,17.647058823529413,20.588235294117645,61.76470588235294,58.82352941176471,2.941176470588235
E00154423,136,47,18,29,89,74,15,34.55882352941176,13.23529411764706,21.323529411764707,65.44117647058823,54.41176470588235,11.029411764705882
E00154424,101,39,19,20,62,62,0,38.613861386138616,18.81188118811881,19.801980198019802,61.386138613861384,61.386138613861384,0
E00154425,132,50,20,30,82,60,22,37.878787878787875,15.151515151515152,22.727272727272727,62.121212121212125,45.45454545454545,16.666666666666664
E00154426,108,37,14,23,71,61,10,34.25925925925926,12.962962962962962,21.296296296296298,65.74074074074075,56.481481481481474,9.25925925925926
E00154427,117,45,11,34,72,58,14,38.46153846153847,9.401709401709402,29.059829059829063,61.53846153846154,49.572649572649574,11.965811965811966
E00154428,70,24,7,17,46,37,9,34.285714285714285,10,24.285714285714285,65.71428571428571,52.85714285714286,12.857142857142856
E00154429,133,46,10,36,87,75,12,34.58646616541353,7.518796992481203,27.06766917293233,65.41353383458647,56.390977443609025,9.022556390977442
E00154430,133,46,22,24,87,75,12,34.58646616541353,16.541353383458645,18.045112781954884,65.41353383458647,56.390977443609025,9.022556390977442
E00154431,144,57,18,39,87,76,11,39.58333333333333,12.5,27.083333333333332,60.416666666666664,52.77777777777778,7.638888888888889
E00154432,90,37,10,27,53,45,8,41.11111111111111,11.11111111111111,30,58.88888888888889,50,8.88888888888889
E00154433,271,93,28,65,178,144,34,34.31734317343174,10.33210332103321,23.985239852398525,65.68265682656826,53.13653136531366,12.546125461254611
E00154434,122,36,9,27,86,71,15,29.508196721311474,7.377049180327869,22.131147540983605,70.49180327868852,58.19672131147541,12.295081967213115
E00154435,139,59,20,39,80,61,19,42.44604316546763,14.388489208633093,28.05755395683453,57.55395683453237,43.884892086330936,13.66906474820144
E00154436,139,40,13,27,99,87,12,28.776978417266186,9.352517985611511,19.424460431654676,71.22302158273382,62.589928057553955,8.633093525179856
E00154437,85,24,13,11,61,55,6,28.235294117647058,15.294117647058824,12.941176470588237,71.76470588235294,64.70588235294117,7.0588235294117645
E00154438,104,38,15,23,66,54,12,36.53846153846153,14.423076923076922,22.115384615384613,63.46153846153846,51.92307692307693,11.538461538461538
E00154439,51,22,5,17,29,26,3,43.13725490196079,9.803921568627452,33.33333333333333,56.86274509803921,50.98039215686274,5.88235294117647
E00154440,117,35,9,26,82,65,17,29.914529914529915,7.6923076923076925,22.22222222222222,70.08547008547008,55.55555555555556,14.529914529914532
E00154441,83,29,13,16,54,40,14,34.93975903614458,15.66265060240964,19.27710843373494,65.06024096385542,48.19277108433735,16.867469879518072
E00154442,127,52,24,28,75,54,21,40.94488188976378,18.89763779527559,22.04724409448819,59.055118110236215,42.51968503937008,16.535433070866144
E00154443,88,32,11,21,56,50,6,36.36363636363637,12.5,23.863636363636363,63.63636363636363,56.81818181818182,6.8181818181818175
E00154444,97,29,9,20,68,58,10,29.896907216494846,9.278350515463918,20.618556701030926,70.10309278350515,59.79381443298969,10.309278350515463
E00154445,94,39,13,26,55,40,15,41.48936170212766,13.829787234042554,27.659574468085108,58.51063829787234,42.5531914893617,15.957446808510639
E00154446,132,50,14,36,82,70,12,37.878787878787875,10.606060606060606,27.27272727272727,62.121212121212125,53.03030303030303,9.090909090909092
E00154447,143,53,14,39,90,75,15,37.06293706293706,9.79020979020979,27.27272727272727,62.93706293706294,52.44755244755245,10.48951048951049
E00154448,89,35,14,21,54,49,5,39.325842696629216,15.730337078651685,23.595505617977526,60.67415730337079,55.0561797752809,5.617977528089887
E00154449,125,54,15,39,71,63,8,43.2,12,31.2,56.8,50.4,6.4
E00154450,57,18,9,9,39,36,3,31.57894736842105,15.789473684210526,15.789473684210526,68.42105263157895,63.1578947368421,5.263157894736842
E00154451,86,36,12,24,50,43,7,41.86046511627907,13.953488372093023,27.906976744186046,58.139534883720934,50,8.13953488372093
E00154453,127,54,17,37,73,55,18,42.51968503937008,13.385826771653544,29.133858267716533,57.48031496062992,43.30708661417323,14.173228346456693
E00154454,125,47,15,32,78,61,17,37.6,12,25.6,62.4,48.8,13.600000000000001
E00154455,106,41,11,30,65,53,12,38.67924528301887,10.377358490566039,28.30188679245283,61.32075471698113,50,11.320754716981133
E00154456,83,29,14,15,54,43,11,34.93975903614458,16.867469879518072,18.072289156626507,65.06024096385542,51.80722891566265,13.253012048192772
E00154457,89,36,16,20,53,46,7,40.44943820224719,17.97752808988764,22.47191011235955,59.55056179775281,51.68539325842697,7.865168539325842
E00154458,62,33,18,15,29,18,11,53.2258064516129,29.03225806451613,24.193548387096776,46.774193548387096,29.03225806451613,17.741935483870968
E00154459,117,55,26,29,62,46,16,47.008547008547005,22.22222222222222,24.786324786324787,52.991452991452995,39.31623931623932,13.675213675213676
E00154460,79,36,13,23,43,29,14,45.56962025316456,16.455696202531644,29.11392405063291,54.43037974683544,36.708860759493675,17.72151898734177
E00154461,63,25,9,16,38,30,8,39.682539682539684,14.285714285714285,25.396825396825395,60.317460317460316,47.61904761904761,12.698412698412698
E00154462,68,29,13,16,39,30,9,42.64705882352941,19.11764705882353,23.52941176470588,57.35294117647059,44.11764705882353,13.23529411764706
E00154463,52,16,5,11,36,26,10,30.76923076923077,9.615384615384617,21.153846153846153,69.23076923076923,50,19.230769230769234
E00154464,35,13,6,7,22,16,6,37.142857142857146,17.142857142857142,20,62.857142857142854,45.714285714285715,17.142857142857142
E00154465,49,23,10,13,26,14,12,46.93877551020408,20.408163265306122,26.53061224489796,53.06122448979592,28.57142857142857,24.489795918367346
E00154466,70,27,8,19,43,35,8,38.57142857142858,11.428571428571429,27.142857142857142,61.42857142857143,50,11.428571428571429
E00154467,42,19,10,9,23,19,4,45.23809523809524,23.809523809523807,21.428571428571427,54.761904761904766,45.23809523809524,9.523809523809524
E00154468,74,25,11,14,49,43,6,33.78378378378378,14.864864864864865,18.91891891891892,66.21621621621621,58.108108108108105,8.108108108108109
E00154469,166,35,20,15,131,97,34,21.084337349397593,12.048192771084338,9.036144578313253,78.91566265060241,58.43373493975904,20.481927710843372
E00154470,83,27,15,12,56,39,17,32.53012048192771,18.072289156626507,14.457831325301203,67.46987951807229,46.98795180722892,20.481927710843372
E00154471,138,49,26,23,89,65,24,35.507246376811594,18.84057971014493,16.666666666666664,64.4927536231884,47.10144927536232,17.391304347826086
E00154472,137,53,16,37,84,66,18,38.68613138686132,11.678832116788321,27.00729927007299,61.31386861313869,48.175182481751825,13.138686131386862
E00154473,89,27,16,11,62,39,23,30.337078651685395,17.97752808988764,12.359550561797752,69.66292134831461,43.82022471910113,25.842696629213485
E00154474,80,34,15,19,46,28,18,42.5,18.75,23.75,57.49999999999999,35,22.5
E00154475,84,33,8,25,51,40,11,39.285714285714285,9.523809523809524,29.761904761904763,60.71428571428571,47.61904761904761,13.095238095238097
E00154476,93,29,11,18,64,45,19,31.182795698924732,11.827956989247312,19.35483870967742,68.81720430107528,48.38709677419355,20.43010752688172
E00154477,74,24,11,13,50,38,12,32.432432432432435,14.864864864864865,17.56756756756757,67.56756756756756,51.35135135135135,16.216216216216218
E00154478,108,36,12,24,72,56,16,33.33333333333333,11.11111111111111,22.22222222222222,66.66666666666666,51.85185185185185,14.814814814814813
E00154479,100,43,18,25,57,43,14,43,18,25,56.99999999999999,43,14.000000000000002
E00154480,98,33,16,17,65,46,19,33.6734693877551,16.3265306122449,17.346938775510203,66.3265306122449,46.93877551020408,19.387755102040817
E00154481,114,39,12,27,75,61,14,34.21052631578947,10.526315789473683,23.684210526315788,65.78947368421053,53.50877192982456,12.280701754385964
E00154482,110,41,21,20,69,51,18,37.27272727272727,19.090909090909093,18.181818181818183,62.727272727272734,46.36363636363636,16.363636363636363
E00154483,61,18,7,11,43,32,11,29.508196721311474,11.475409836065573,18.0327868852459,70.49180327868852,52.459016393442624,18.0327868852459
E00154484,151,58,26,32,93,62,31,38.41059602649007,17.218543046357617,21.192052980132452,61.58940397350994,41.05960264900662,20.52980132450331
E00154485,75,21,5,16,54,38,16,28.000000000000004,6.666666666666667,21.333333333333336,72,50.66666666666667,21.333333333333336
E00154486,68,28,14,14,40,31,9,41.17647058823529,20.588235294117645,20.588235294117645,58.82352941176471,45.588235294117645,13.23529411764706
E00154487,40,14,7,7,26,23,3,35,17.5,17.5,65,57.49999999999999,7.5
E00154488,111,41,19,22,70,50,20,36.93693693693694,17.117117117117118,19.81981981981982,63.06306306306306,45.04504504504504,18.01801801801802
E00154489,61,21,7,14,40,29,11,34.42622950819672,11.475409836065573,22.950819672131146,65.57377049180327,47.540983606557376,18.0327868852459
E00154490,87,20,4,16,67,55,12,22.988505747126435,4.597701149425287,18.39080459770115,77.01149425287356,63.2183908045977,13.793103448275861
E00154491,83,31,9,22,52,45,7,37.34939759036144,10.843373493975903,26.506024096385545,62.65060240963856,54.21686746987952,8.433734939759036
E00154492,102,29,15,14,73,60,13,28.431372549019606,14.705882352941178,13.725490196078432,71.56862745098039,58.82352941176471,12.745098039215685
E00154493,121,45,10,35,76,65,11,37.1900826446281,8.264462809917356,28.92561983471074,62.8099173553719,53.71900826446281,9.090909090909092
E00154494,108,40,12,28,68,58,10,37.03703703703704,11.11111111111111,25.925925925925924,62.96296296296296,53.70370370370371,9.25925925925926
E00154495,55,17,3,14,38,35,3,30.909090909090907,5.454545454545454,25.454545454545453,69.0909090909091,63.63636363636363,5.454545454545454
E00154496,151,50,12,38,101,70,31,33.11258278145696,7.9470198675496695,25.165562913907287,66.88741721854305,46.35761589403973,20.52980132450331
E00154497,61,18,5,13,43,34,9,29.508196721311474,8.19672131147541,21.311475409836063,70.49180327868852,55.73770491803278,14.754098360655737
E00154498,132,46,13,33,86,69,17,34.84848484848485,9.848484848484848,25,65.15151515151516,52.27272727272727,12.878787878787879
E00154499,160,51,14,37,109,86,23,31.874999999999996,8.75,23.125,68.125,53.75,14.374999999999998
E00154500,100,31,8,23,69,51,18,31,8,23,69,51,18
E00154501,76,24,9,15,52,42,10,31.57894736842105,11.842105263157894,19.736842105263158,68.42105263157895,55.26315789473685,13.157894736842104
E00154502,100,39,12,27,61,55,6,39,12,27,61,55.00000000000001,6
E00154503,107,36,10,26,71,60,11,33.64485981308411,9.345794392523365,24.299065420560748,66.35514018691589,56.074766355140184,10.2803738317757
E00154504,101,41,15,26,60,53,7,40.5940594059406,14.85148514851485,25.742574257425744,59.4059405940594,52.475247524752476,6.9306930693069315
E00154505,120,47,22,25,73,61,12,39.166666666666664,18.333333333333332,20.833333333333336,60.83333333333333,50.83333333333333,10
E00154506,107,39,12,27,68,60,8,36.44859813084112,11.214953271028037,25.233644859813083,63.55140186915887,56.074766355140184,7.476635514018691
E00154507,149,56,24,32,93,71,22,37.58389261744966,16.10738255033557,21.476510067114095,62.41610738255034,47.651006711409394,14.76510067114094
E00154508,86,32,11,21,54,43,11,37.2093023255814,12.790697674418606,24.418604651162788,62.7906976744186,50,12.790697674418606
E00154509,143,54,18,36,89,76,13,37.76223776223776,12.587412587412588,25.174825174825177,62.23776223776224,53.14685314685315,9.090909090909092
E00154510,113,38,11,27,75,63,12,33.6283185840708,9.734513274336283,23.893805309734514,66.3716814159292,55.75221238938053,10.619469026548673
E00154511,99,30,10,20,69,55,14,30.303030303030305,10.1010101010101,20.2020202020202,69.6969696969697,55.55555555555556,14.14141414141414
E00154512,83,36,9,27,47,42,5,43.373493975903614,10.843373493975903,32.53012048192771,56.62650602409639,50.602409638554214,6.024096385542169
E00154513,99,31,10,21,68,56,12,31.313131313131315,10.1010101010101,21.21212121212121,68.68686868686868,56.56565656565656,12.121212121212121
E00154514,56,17,10,7,39,34,5,30.357142857142854,17.857142857142858,12.5,69.64285714285714,60.71428571428571,8.928571428571429
E00154515,130,54,27,27,76,64,12,41.53846153846154,20.76923076923077,20.76923076923077,58.46153846153847,49.23076923076923,9.230769230769232
E00154516,153,52,16,36,101,77,24,33.98692810457516,10.457516339869281,23.52941176470588,66.01307189542483,50.326797385620914,15.686274509803921
E00154517,46,15,8,7,31,26,5,32.608695652173914,17.391304347826086,15.217391304347828,67.3913043478261,56.52173913043478,10.869565217391305
E00154518,176,63,17,46,113,95,18,35.79545454545455,9.659090909090908,26.136363636363637,64.20454545454545,53.97727272727273,10.227272727272728
E00154519,147,54,19,35,93,71,22,36.734693877551024,12.925170068027212,23.809523809523807,63.26530612244898,48.29931972789115,14.965986394557824
E00154520,147,55,20,35,92,80,12,37.41496598639456,13.60544217687075,23.809523809523807,62.585034013605444,54.421768707483,8.16326530612245
E00154521,94,32,16,16,62,56,6,34.04255319148936,17.02127659574468,17.02127659574468,65.95744680851064,59.57446808510638,6.382978723404255
E00154523,102,29,8,21,73,57,16,28.431372549019606,7.8431372549019605,20.588235294117645,71.56862745098039,55.88235294117647,15.686274509803921
E00154524,87,26,12,14,61,51,10,29.88505747126437,13.793103448275861,16.091954022988507,70.11494252873564,58.620689655172406,11.494252873563218
E00154525,98,36,12,24,62,52,10,36.734693877551024,12.244897959183673,24.489795918367346,63.26530612244898,53.06122448979592,10.204081632653061
E00154526,161,50,17,33,111,91,20,31.05590062111801,10.559006211180124,20.496894409937887,68.94409937888199,56.52173913043478,12.422360248447205
E00154527,67,18,7,11,49,41,8,26.865671641791046,10.44776119402985,16.417910447761194,73.13432835820896,61.19402985074627,11.940298507462686
E00154528,136,37,12,25,99,90,9,27.205882352941174,8.823529411764707,18.38235294117647,72.79411764705883,66.17647058823529,6.61764705882353
E00154529,80,32,12,20,48,35,13,40,15,25,60,43.75,16.25
E00154530,130,35,11,24,95,84,11,26.923076923076923,8.461538461538462,18.461538461538463,73.07692307692307,64.61538461538461,8.461538461538462
E00154531,61,15,3,12,46,29,17,24.59016393442623,4.918032786885246,19.672131147540984,75.40983606557377,47.540983606557376,27.86885245901639
E00154532,180,72,22,50,108,84,24,40,12.222222222222221,27.77777777777778,60,46.666666666666664,13.333333333333334
E00154533,76,31,11,20,45,29,16,40.78947368421053,14.473684210526317,26.31578947368421,59.210526315789465,38.15789473684211,21.052631578947366
E00154534,224,88,38,50,136,99,37,39.285714285714285,16.964285714285715,22.321428571428573,60.71428571428571,44.19642857142857,16.517857142857142
E00154535,71,32,13,19,39,32,7,45.07042253521127,18.30985915492958,26.76056338028169,54.929577464788736,45.07042253521127,9.859154929577464
E00154536,67,22,5,17,45,33,12,32.83582089552239,7.462686567164178,25.37313432835821,67.16417910447761,49.25373134328358,17.91044776119403
E00154537,110,46,24,22,64,49,15,41.81818181818181,21.818181818181817,20,58.18181818181818,44.54545454545455,13.636363636363635
E00154538,127,51,19,32,76,58,18,40.15748031496063,14.960629921259844,25.196850393700785,59.84251968503938,45.66929133858268,14.173228346456693
E00154539,113,51,18,33,62,50,12,45.13274336283185,15.929203539823009,29.20353982300885,54.86725663716814,44.24778761061947,10.619469026548673
E00165669,75,23,2,21,52,39,13,30.666666666666664,2.666666666666667,28.000000000000004,69.33333333333334,52,17.333333333333336
E00173862,120,39,11,28,81,68,13,32.5,9.166666666666666,23.333333333333332,67.5,56.666666666666664,10.833333333333334
E00173863,128,31,10,21,97,83,14,24.21875,7.8125,16.40625,75.78125,64.84375,10.9375
E00173864,109,36,14,22,73,66,7,33.02752293577982,12.844036697247708,20.18348623853211,66.97247706422019,60.550458715596335,6.422018348623854
E00173865,29,14,8,6,15,10,5,48.275862068965516,27.586206896551722,20.689655172413794,51.724137931034484,34.48275862068966,17.24137931034483
E00173866,128,51,19,32,77,60,17,39.84375,14.84375,25,60.15625,46.875,13.28125
E00173867,109,26,10,16,83,72,11,23.853211009174313,9.174311926605505,14.678899082568808,76.14678899082568,66.05504587155964,10.091743119266056
E00173868,102,21,4,17,81,72,9,20.588235294117645,3.9215686274509802,16.666666666666664,79.41176470588235,70.58823529411765,8.823529411764707
E00173869,150,48,16,32,102,87,15,32,10.666666666666668,21.333333333333336,68,57.99999999999999,10
E00173870,152,46,15,31,106,90,16,30.263157894736842,9.868421052631579,20.394736842105264,69.73684210526315,59.210526315789465,10.526315789473683
E00173871,145,47,18,29,98,82,16,32.41379310344827,12.413793103448276,20,67.58620689655173,56.55172413793104,11.03448275862069
E00173872,147,45,15,30,102,88,14,30.612244897959183,10.204081632653061,20.408163265306122,69.38775510204081,59.863945578231295,9.523809523809524
E00173873,209,57,19,38,152,129,23,27.27272727272727,9.090909090909092,18.181818181818183,72.72727272727273,61.72248803827751,11.004784688995215
E00173874,171,64,27,37,107,81,26,37.42690058479532,15.789473684210526,21.637426900584796,62.57309941520468,47.368421052631575,15.204678362573098
E00173875,168,51,20,31,117,100,17,30.357142857142854,11.904761904761903,18.452380952380953,69.64285714285714,59.523809523809526,10.119047619047619
E00173876,222,72,24,48,150,129,21,32.432432432432435,10.81081081081081,21.62162162162162,67.56756756756756,58.108108108108105,9.45945945945946
E00173877,264,84,29,55,180,148,32,31.818181818181817,10.984848484848484,20.833333333333336,68.18181818181817,56.060606060606055,12.121212121212121
E00173878,134,45,17,28,89,77,12,33.582089552238806,12.686567164179104,20.8955223880597,66.4179104477612,57.46268656716418,8.955223880597014
E00173879,221,68,23,45,153,115,38,30.76923076923077,10.407239819004525,20.361990950226243,69.23076923076923,52.03619909502263,17.194570135746606
E00173880,283,51,27,24,232,155,77,18.021201413427562,9.540636042402827,8.480565371024735,81.97879858657244,54.77031802120141,27.208480565371023
E00173881,178,59,15,44,119,102,17,33.146067415730336,8.426966292134832,24.719101123595504,66.85393258426966,57.30337078651685,9.550561797752808
E00173882,118,35,13,22,83,64,19,29.66101694915254,11.016949152542372,18.64406779661017,70.33898305084746,54.23728813559322,16.101694915254235
E00173883,134,33,6,27,101,88,13,24.62686567164179,4.477611940298507,20.149253731343283,75.3731343283582,65.67164179104478,9.701492537313433
E00173884,216,61,15,46,155,131,24,28.240740740740737,6.944444444444445,21.296296296296298,71.75925925925925,60.64814814814815,11.11111111111111
E00173885,93,46,18,28,47,41,6,49.46236559139785,19.35483870967742,30.107526881720432,50.53763440860215,44.086021505376344,6.451612903225806
E00173886,254,99,52,47,155,116,39,38.976377952755904,20.47244094488189,18.503937007874015,61.023622047244096,45.66929133858268,15.354330708661418
E00173887,88,29,12,17,59,52,7,32.95454545454545,13.636363636363635,19.318181818181817,67.04545454545455,59.09090909090909,7.954545454545454
E00173888,195,60,16,44,135,105,30,30.76923076923077,8.205128205128204,22.564102564102566,69.23076923076923,53.84615384615385,15.384615384615385
E00173889,106,38,12,26,68,57,11,35.84905660377358,11.320754716981133,24.528301886792452,64.15094339622641,53.77358490566038,10.377358490566039
E00173890,122,40,17,23,82,71,11,32.78688524590164,13.934426229508196,18.852459016393443,67.21311475409836,58.19672131147541,9.01639344262295
E00173891,134,28,12,16,106,88,18,20.8955223880597,8.955223880597014,11.940298507462686,79.1044776119403,65.67164179104478,13.432835820895523
E00173892,85,25,10,15,60,50,10,29.411764705882355,11.76470588235294,17.647058823529413,70.58823529411765,58.82352941176471,11.76470588235294
E00173893,74,28,11,17,46,40,6,37.83783783783784,14.864864864864865,22.972972972972975,62.16216216216216,54.054054054054056,8.108108108108109
E00173894,128,46,17,29,82,66,16,35.9375,13.28125,22.65625,64.0625,51.5625,12.5
E00173895,113,35,10,25,78,62,16,30.973451327433626,8.849557522123893,22.123893805309734,69.02654867256636,54.86725663716814,14.15929203539823
E00173896,96,37,12,25,59,50,9,38.54166666666667,12.5,26.041666666666668,61.458333333333336,52.083333333333336,9.375
E00173897,57,17,6,11,40,34,6,29.82456140350877,10.526315789473683,19.298245614035086,70.17543859649122,59.64912280701754,10.526315789473683
E00173898,109,34,15,19,75,62,13,31.19266055045872,13.761467889908257,17.431192660550458,68.80733944954129,56.88073394495413,11.926605504587156
E00173899,220,72,20,52,148,118,30,32.72727272727273,9.090909090909092,23.636363636363637,67.27272727272727,53.63636363636364,13.636363636363635
E00173900,121,40,15,25,81,72,9,33.057851239669425,12.396694214876034,20.66115702479339,66.94214876033058,59.50413223140496,7.43801652892562
E00173901,153,50,12,38,103,79,24,32.6797385620915,7.8431372549019605,24.836601307189543,67.3202614379085,51.633986928104584,15.686274509803921
E00173902,205,61,16,45,144,126,18,29.756097560975608,7.804878048780488,21.951219512195124,70.24390243902438,61.46341463414634,8.780487804878048
E00173903,111,34,13,21,77,60,17,30.630630630630627,11.711711711711711,18.91891891891892,69.36936936936937,54.054054054054056,15.315315315315313
E00173904,142,49,22,27,93,82,11,34.50704225352113,15.492957746478872,19.014084507042252,65.49295774647888,57.74647887323944,7.746478873239436
E00173905,179,48,13,35,131,106,25,26.81564245810056,7.262569832402235,19.553072625698324,73.18435754189943,59.217877094972074,13.966480446927374
E00173906,89,40,13,27,49,43,6,44.9438202247191,14.606741573033707,30.337078651685395,55.0561797752809,48.31460674157304,6.741573033707865
E00173907,138,47,18,29,91,76,15,34.05797101449276,13.043478260869565,21.014492753623188,65.94202898550725,55.072463768115945,10.869565217391305
E00173908,175,52,22,30,123,99,24,29.714285714285715,12.571428571428573,17.142857142857142,70.28571428571428,56.57142857142857,13.714285714285715
E00173909,137,51,20,31,86,77,9,37.22627737226277,14.5985401459854,22.62773722627737,62.77372262773723,56.20437956204379,6.569343065693431
E00173910,160,53,21,32,107,91,16,33.125,13.125,20,66.875,56.875,10
E00173911,144,49,16,33,95,71,24,34.02777777777778,11.11111111111111,22.916666666666664,65.97222222222221,49.30555555555556,16.666666666666664
E00173912,177,55,20,35,122,106,16,31.07344632768362,11.299435028248588,19.774011299435028,68.92655367231639,59.887005649717516,9.03954802259887
E00173913,164,54,19,35,110,93,17,32.926829268292686,11.585365853658537,21.341463414634145,67.07317073170732,56.70731707317073,10.365853658536585
E00173914,172,52,19,33,120,99,21,30.23255813953488,11.046511627906977,19.186046511627907,69.76744186046511,57.55813953488372,12.209302325581394
E00173915,58,21,8,13,37,30,7,36.206896551724135,13.793103448275861,22.413793103448278,63.793103448275865,51.724137931034484,12.068965517241379
E00173916,102,35,8,27,67,51,16,34.31372549019608,7.8431372549019605,26.47058823529412,65.68627450980392,50,15.686274509803921
E00187866,221,69,33,36,152,111,41,31.221719457013574,14.93212669683258,16.289592760180994,68.77828054298642,50.2262443438914,18.552036199095024
E00187867,132,51,20,31,81,57,24,38.63636363636363,15.151515151515152,23.484848484848484,61.36363636363637,43.18181818181818,18.181818181818183
E00187875,109,40,17,23,69,53,16,36.69724770642202,15.59633027522936,21.100917431192663,63.30275229357798,48.62385321100918,14.678899082568808
E00187877,303,92,23,69,211,175,36,30.363036303630363,7.590759075907591,22.772277227722775,69.63696369636963,57.755775577557756,11.881188118811881
E00187881,81,19,7,12,62,49,13,23.456790123456788,8.641975308641975,14.814814814814813,76.5432098765432,60.49382716049383,16.049382716049383
E00187888,183,62,15,47,121,99,22,33.87978142076503,8.19672131147541,25.683060109289617,66.12021857923497,54.09836065573771,12.021857923497267
E00187896,117,37,13,24,80,67,13,31.62393162393162,11.11111111111111,20.51282051282051,68.37606837606837,57.26495726495726,11.11111111111111
E00187899,139,45,11,34,94,73,21,32.37410071942446,7.913669064748201,24.46043165467626,67.62589928057554,52.51798561151079,15.107913669064748
E00187904,131,40,12,28,91,76,15,30.53435114503817,9.16030534351145,21.374045801526716,69.46564885496184,58.01526717557252,11.450381679389313
E00187911,106,34,11,23,72,61,11,32.075471698113205,10.377358490566039,21.69811320754717,67.9245283018868,57.54716981132076,10.377358490566039
E00187912,48,16,8,8,32,27,5,33.33333333333333,16.666666666666664,16.666666666666664,66.66666666666666,56.25,10.416666666666668
E00187914,131,37,11,26,94,81,13,28.24427480916031,8.396946564885496,19.84732824427481,71.7557251908397,61.832061068702295,9.923664122137405
E00187918,174,68,35,33,106,85,21,39.08045977011494,20.114942528735632,18.96551724137931,60.91954022988506,48.85057471264368,12.068965517241379
E00187919,90,27,11,16,63,53,10,30,12.222222222222221,17.77777777777778,70,58.88888888888889,11.11111111111111
E00187920,138,46,17,29,92,76,16,33.33333333333333,12.318840579710146,21.014492753623188,66.66666666666666,55.072463768115945,11.594202898550725
E00187924,216,61,24,37,155,117,38,28.240740740740737,11.11111111111111,17.12962962962963,71.75925925925925,54.166666666666664,17.59259259259259
E00187931,125,30,10,20,95,83,12,24,8,16,76,66.4,9.6
E00187943,305,99,44,55,206,153,53,32.459016393442624,14.426229508196723,18.0327868852459,67.54098360655738,50.1639344262295,17.37704918032787
E00187947,175,46,15,31,129,108,21,26.285714285714285,8.571428571428571,17.71428571428571,73.71428571428571,61.71428571428571,12
E00187949,140,55,17,38,85,70,15,39.285714285714285,12.142857142857142,27.142857142857142,60.71428571428571,50,10.714285714285714
E00187952,260,77,21,56,183,153,30,29.615384615384617,8.076923076923077,21.53846153846154,70.38461538461539,58.84615384615385,11.538461538461538
E00187957,55,17,2,15,38,27,11,30.909090909090907,3.6363636363636362,27.27272727272727,69.0909090909091,49.09090909090909,20
E00187973,115,40,7,33,75,63,12,34.78260869565217,6.086956521739131,28.695652173913043,65.21739130434783,54.78260869565217,10.434782608695652
E00187976,58,18,5,13,40,32,8,31.03448275862069,8.620689655172415,22.413793103448278,68.96551724137932,55.172413793103445,13.793103448275861
E00187977,215,80,29,51,135,110,25,37.2093023255814,13.488372093023257,23.72093023255814,62.7906976744186,51.162790697674424,11.627906976744185
E00187980,185,60,22,38,125,96,29,32.432432432432435,11.891891891891893,20.54054054054054,67.56756756756756,51.891891891891895,15.675675675675677
E00187995,103,43,21,22,60,42,18,41.74757281553398,20.388349514563107,21.35922330097087,58.252427184466015,40.77669902912621,17.475728155339805
E00187997,45,14,10,4,31,28,3,31.11111111111111,22.22222222222222,8.88888888888889,68.88888888888889,62.22222222222222,6.666666666666667
