OA,ts0380001,ts0380002,ts0380003,ts0380004,ts0380005,ts0380006,ts0380007,ts0380002_PCT,ts0380003_PCT,ts0380004_PCT,ts0380005_PCT,ts0380006_PCT,ts0380007_PCT
W00000228,253,38,13,25,215,20,195,15.019762845849801,5.138339920948617,9.881422924901186,84.98023715415019,7.905138339920949,77.07509881422925
W00000229,351,43,14,29,308,14,294,12.250712250712251,3.9886039886039883,8.262108262108262,87.74928774928775,3.9886039886039883,83.76068376068376
W00000230,294,49,22,27,245,25,220,16.666666666666664,7.482993197278912,9.183673469387756,83.33333333333334,8.503401360544217,74.82993197278913
W00000231,196,30,10,20,166,15,151,15.306122448979592,5.1020408163265305,10.204081632653061,84.6938775510204,7.653061224489796,77.04081632653062
W00000232,225,41,11,30,184,14,170,18.22222222222222,4.888888888888889,13.333333333333334,81.77777777777779,6.222222222222222,75.55555555555556
W00000233,144,15,6,9,129,12,117,10.416666666666668,4.166666666666666,6.25,89.58333333333334,8.333333333333332,81.25
W00000234,117,16,5,11,101,17,84,13.675213675213676,4.273504273504273,9.401709401709402,86.32478632478633,14.529914529914532,71.7948717948718
W00000235,334,60,23,37,274,26,248,17.964071856287426,6.88622754491018,11.077844311377245,82.03592814371258,7.784431137724551,74.25149700598801
W00000236,279,42,17,25,237,13,224,15.053763440860216,6.093189964157706,8.960573476702509,84.94623655913979,4.659498207885305,80.28673835125448
W00000237,278,46,20,26,232,20,212,16.546762589928058,7.1942446043165464,9.352517985611511,83.45323741007195,7.1942446043165464,76.2589928057554
W00000238,276,51,23,28,225,13,212,18.478260869565215,8.333333333333332,10.144927536231885,81.52173913043478,4.710144927536232,76.81159420289855
W00000239,261,37,16,21,224,23,201,14.17624521072797,6.130268199233716,8.045977011494253,85.82375478927203,8.812260536398467,77.01149425287356
W00000240,176,41,23,18,135,14,121,23.295454545454543,13.068181818181818,10.227272727272728,76.70454545454545,7.954545454545454,68.75
W00000241,234,47,20,27,187,6,181,20.085470085470085,8.547008547008547,11.538461538461538,79.91452991452992,2.564102564102564,77.35042735042735
W00000242,223,52,24,28,171,10,161,23.318385650224215,10.762331838565023,12.556053811659194,76.68161434977578,4.484304932735426,72.19730941704036
W00000243,232,67,23,44,165,18,147,28.879310344827587,9.913793103448276,18.96551724137931,71.12068965517241,7.758620689655173,63.36206896551724
W00000244,249,40,20,20,209,13,196,16.06425702811245,8.032128514056225,8.032128514056225,83.93574297188755,5.220883534136546,78.714859437751
W00000245,181,24,6,18,157,10,147,13.259668508287293,3.314917127071823,9.94475138121547,86.74033149171271,5.524861878453039,81.21546961325967
W00000246,282,52,21,31,230,20,210,18.439716312056735,7.446808510638298,10.99290780141844,81.56028368794325,7.092198581560284,74.46808510638297
W00000247,323,51,27,24,272,24,248,15.789473684210526,8.359133126934983,7.430340557275541,84.21052631578947,7.430340557275541,76.78018575851394
W00000248,159,32,9,23,127,7,120,20.125786163522015,5.660377358490567,14.465408805031446,79.87421383647799,4.40251572327044,75.47169811320755
W00000249,263,49,22,27,214,20,194,18.631178707224336,8.365019011406844,10.26615969581749,81.36882129277566,7.604562737642586,73.76425855513308
W00000250,136,21,7,14,115,7,108,15.441176470588236,5.147058823529411,10.294117647058822,84.55882352941177,5.147058823529411,79.41176470588235
W00000251,141,35,21,14,106,7,99,24.822695035460992,14.893617021276595,9.929078014184398,75.177304964539,4.964539007092199,70.2127659574468
W00000252,172,23,11,12,149,13,136,13.372093023255813,6.395348837209303,6.976744186046512,86.62790697674419,7.55813953488372,79.06976744186046
W00000253,167,39,14,25,128,10,118,23.353293413173652,8.383233532934131,14.97005988023952,76.64670658682635,5.9880239520958085,70.65868263473054
W00000254,188,40,17,23,148,13,135,21.27659574468085,9.042553191489363,12.23404255319149,78.72340425531915,6.914893617021277,71.80851063829788
W00000255,330,62,24,38,268,21,247,18.787878787878785,7.2727272727272725,11.515151515151516,81.21212121212122,6.363636363636363,74.84848484848486
W00000256,250,42,17,25,208,11,197,16.8,6.800000000000001,10,83.2,4.3999999999999995,78.8
W00000257,174,36,17,19,138,8,130,20.689655172413794,9.770114942528735,10.919540229885058,79.3103448275862,4.597701149425287,74.71264367816092
W00000258,495,83,33,50,412,27,385,16.767676767676768,6.666666666666667,10.1010101010101,83.23232323232324,5.454545454545454,77.77777777777779
W00000259,295,44,19,25,251,17,234,14.915254237288137,6.440677966101695,8.47457627118644,85.08474576271186,5.762711864406779,79.3220338983051
W00000260,286,54,24,30,232,7,225,18.88111888111888,8.391608391608392,10.48951048951049,81.11888111888112,2.4475524475524475,78.67132867132867
W00000261,274,32,11,21,242,16,226,11.678832116788321,4.014598540145985,7.664233576642336,88.32116788321169,5.839416058394161,82.48175182481752
W00000262,336,46,21,25,290,19,271,13.690476190476192,6.25,7.440476190476191,86.30952380952381,5.654761904761905,80.65476190476191
W00000263,283,47,25,22,236,19,217,16.607773851590103,8.8339222614841,7.773851590106007,83.3922261484099,6.713780918727916,76.67844522968198
W00000264,257,59,25,34,198,12,186,22.957198443579767,9.72762645914397,13.229571984435799,77.04280155642024,4.669260700389105,72.37354085603113
W00000265,263,40,22,18,223,22,201,15.209125475285171,8.365019011406844,6.844106463878327,84.79087452471484,8.365019011406844,76.42585551330798
W00000266,276,45,16,29,231,24,207,16.304347826086957,5.797101449275362,10.507246376811594,83.69565217391305,8.695652173913043,75
W00000267,273,55,19,36,218,14,204,20.146520146520146,6.95970695970696,13.186813186813188,79.85347985347985,5.128205128205128,74.72527472527473
W00000268,244,51,30,21,193,17,176,20.901639344262296,12.295081967213115,8.60655737704918,79.09836065573771,6.967213114754098,72.1311475409836
W00000269,224,31,13,18,193,15,178,13.839285714285715,5.803571428571429,8.035714285714286,86.16071428571429,6.696428571428571,79.46428571428571
W00000270,299,43,13,30,256,28,228,14.381270903010032,4.3478260869565215,10.033444816053512,85.61872909698997,9.364548494983277,76.2541806020067
W00000271,299,35,19,16,264,22,242,11.705685618729097,6.354515050167224,5.351170568561873,88.2943143812709,7.357859531772576,80.93645484949833
W00000272,222,71,33,38,151,11,140,31.98198198198198,14.864864864864865,17.117117117117118,68.01801801801803,4.954954954954955,63.06306306306306
W00000273,303,43,11,32,260,17,243,14.19141914191419,3.6303630363036308,10.561056105610561,85.8085808580858,5.6105610561056105,80.19801980198021
W00000274,181,28,15,13,153,9,144,15.469613259668508,8.287292817679557,7.18232044198895,84.5303867403315,4.972375690607735,79.55801104972376
W00000275,315,44,20,24,271,12,259,13.968253968253968,6.349206349206349,7.6190476190476195,86.03174603174604,3.8095238095238098,82.22222222222221
W00000276,344,45,22,23,299,14,285,13.08139534883721,6.395348837209303,6.686046511627906,86.9186046511628,4.069767441860465,82.84883720930233
W00000277,319,31,10,21,288,11,277,9.717868338557993,3.1347962382445136,6.583072100313479,90.28213166144201,3.4482758620689653,86.83385579937304
W00000278,268,57,16,41,211,11,200,21.26865671641791,5.970149253731343,15.298507462686567,78.73134328358209,4.104477611940299,74.6268656716418
W00000279,358,65,33,32,293,23,270,18.156424581005588,9.217877094972067,8.938547486033519,81.84357541899442,6.424581005586592,75.41899441340783
W00000280,325,48,27,21,277,19,258,14.76923076923077,8.307692307692308,6.461538461538462,85.23076923076923,5.846153846153846,79.38461538461539
W00000281,302,64,31,33,238,12,226,21.192052980132452,10.264900662251655,10.927152317880795,78.80794701986756,3.9735099337748347,74.83443708609272
W00000282,247,57,31,26,190,15,175,23.076923076923077,12.550607287449392,10.526315789473683,76.92307692307693,6.0728744939271255,70.8502024291498
W00000283,280,62,25,37,218,17,201,22.142857142857142,8.928571428571429,13.214285714285715,77.85714285714286,6.071428571428571,71.78571428571429
W00000284,208,33,13,20,175,15,160,15.865384615384615,6.25,9.615384615384617,84.13461538461539,7.211538461538461,76.92307692307693
W00000285,239,44,24,20,195,20,175,18.410041841004183,10.0418410041841,8.368200836820083,81.58995815899581,8.368200836820083,73.22175732217573
W00000286,299,65,30,35,234,20,214,21.73913043478261,10.033444816053512,11.705685618729097,78.26086956521739,6.688963210702341,71.57190635451505
W00000287,164,22,6,16,142,9,133,13.414634146341465,3.6585365853658534,9.75609756097561,86.58536585365853,5.487804878048781,81.09756097560977
W00000288,157,37,16,21,120,6,114,23.56687898089172,10.191082802547772,13.375796178343949,76.43312101910828,3.821656050955414,72.61146496815286
W00000289,316,53,22,31,263,23,240,16.77215189873418,6.962025316455696,9.81012658227848,83.22784810126582,7.2784810126582276,75.9493670886076
W00000290,284,60,24,36,224,16,208,21.12676056338028,8.450704225352112,12.676056338028168,78.87323943661971,5.633802816901409,73.23943661971832
W00000291,316,62,24,38,254,14,240,19.62025316455696,7.59493670886076,12.025316455696203,80.37974683544303,4.430379746835443,75.9493670886076
W00000292,284,69,37,32,215,19,196,24.295774647887324,13.028169014084506,11.267605633802818,75.70422535211267,6.690140845070422,69.01408450704226
W00000293,287,83,48,35,204,12,192,28.9198606271777,16.72473867595819,12.195121951219512,71.0801393728223,4.181184668989547,66.89895470383276
W00000294,275,44,17,27,231,17,214,16,6.181818181818182,9.818181818181818,84,6.181818181818182,77.81818181818181
W00000295,219,61,33,28,158,10,148,27.85388127853881,15.068493150684931,12.785388127853881,72.14611872146118,4.5662100456621,67.57990867579909
W00000296,248,42,18,24,206,15,191,16.93548387096774,7.258064516129033,9.67741935483871,83.06451612903226,6.048387096774194,77.01612903225806
W00000297,283,59,29,30,224,15,209,20.848056537102476,10.247349823321555,10.60070671378092,79.15194346289752,5.30035335689046,73.85159010600707
W00000298,339,81,58,23,258,13,245,23.893805309734514,17.10914454277286,6.784660766961652,76.10619469026548,3.8348082595870205,72.27138643067846
W00000299,212,40,18,22,172,15,157,18.867924528301888,8.49056603773585,10.377358490566039,81.13207547169812,7.0754716981132075,74.05660377358491
W00000300,246,52,26,26,194,13,181,21.138211382113823,10.569105691056912,10.569105691056912,78.86178861788618,5.284552845528456,73.57723577235772
W00000301,304,70,31,39,234,19,215,23.026315789473685,10.197368421052632,12.828947368421053,76.97368421052632,6.25,70.72368421052632
W00000302,381,68,26,42,313,20,293,17.84776902887139,6.824146981627297,11.023622047244094,82.1522309711286,5.2493438320209975,76.9028871391076
W00000303,266,53,24,29,213,24,189,19.924812030075188,9.022556390977442,10.902255639097744,80.07518796992481,9.022556390977442,71.05263157894737
W00000304,342,72,22,50,270,21,249,21.052631578947366,6.432748538011696,14.619883040935672,78.94736842105263,6.140350877192982,72.80701754385966
W00000305,256,55,21,34,201,22,179,21.484375,8.203125,13.28125,78.515625,8.59375,69.921875
W00000306,296,61,30,31,235,30,205,20.60810810810811,10.135135135135135,10.472972972972974,79.3918918918919,10.135135135135135,69.25675675675676
W00000307,360,56,22,34,304,22,282,15.555555555555555,6.111111111111111,9.444444444444445,84.44444444444444,6.111111111111111,78.33333333333333
W00000308,233,42,18,24,191,13,178,18.025751072961373,7.725321888412018,10.300429184549357,81.97424892703863,5.579399141630901,76.39484978540773
W00000309,270,101,66,35,169,24,145,37.407407407407405,24.444444444444443,12.962962962962962,62.59259259259259,8.88888888888889,53.70370370370371
W00000310,306,67,30,37,239,13,226,21.895424836601308,9.803921568627452,12.091503267973856,78.10457516339869,4.248366013071895,73.8562091503268
W00000311,236,36,20,16,200,22,178,15.254237288135593,8.47457627118644,6.779661016949152,84.7457627118644,9.322033898305085,75.42372881355932
W00000312,442,90,46,44,352,23,329,20.361990950226243,10.407239819004525,9.95475113122172,79.63800904977376,5.203619909502263,74.43438914027149
W00000313,244,37,14,23,207,17,190,15.163934426229508,5.737704918032787,9.426229508196721,84.8360655737705,6.967213114754098,77.8688524590164
W00000314,334,57,26,31,277,24,253,17.065868263473057,7.784431137724551,9.281437125748502,82.93413173652695,7.18562874251497,75.74850299401199
W00000315,320,50,19,31,270,32,238,15.625,5.9375,9.6875,84.375,10,74.375
W00000316,297,54,15,39,243,36,207,18.181818181818183,5.05050505050505,13.131313131313133,81.81818181818183,12.121212121212121,69.6969696969697
W00000317,284,55,15,40,229,20,209,19.366197183098592,5.28169014084507,14.084507042253522,80.63380281690141,7.042253521126761,73.59154929577466
W00000318,368,80,34,46,288,30,258,21.73913043478261,9.239130434782608,12.5,78.26086956521739,8.152173913043478,70.1086956521739
W00000319,256,57,11,46,199,23,176,22.265625,4.296875,17.96875,77.734375,8.984375,68.75
W00000322,369,90,47,43,279,17,262,24.390243902439025,12.737127371273713,11.653116531165312,75.60975609756098,4.607046070460704,71.00271002710026
W00000323,383,73,39,34,310,19,291,19.06005221932115,10.182767624020887,8.87728459530026,80.93994778067885,4.960835509138381,75.97911227154047
W00000324,336,62,22,40,274,18,256,18.452380952380953,6.547619047619048,11.904761904761903,81.54761904761905,5.357142857142857,76.19047619047619
W00000325,275,43,16,27,232,24,208,15.636363636363637,5.818181818181818,9.818181818181818,84.36363636363636,8.727272727272728,75.63636363636364
W00000326,300,58,27,31,242,26,216,19.333333333333332,9,10.333333333333334,80.66666666666666,8.666666666666668,72
W00000327,236,40,12,28,196,16,180,16.94915254237288,5.084745762711865,11.864406779661017,83.05084745762711,6.779661016949152,76.27118644067797
W00000328,341,81,42,39,260,12,248,23.75366568914956,12.316715542521994,11.436950146627565,76.24633431085044,3.519061583577713,72.72727272727273
W00000329,296,57,28,29,239,34,205,19.256756756756758,9.45945945945946,9.797297297297296,80.74324324324324,11.486486486486488,69.25675675675676
W00000330,601,57,21,36,544,40,504,9.484193011647255,3.494176372712146,5.990016638935108,90.51580698835274,6.655574043261231,83.86023294509151
W00000331,478,67,22,45,411,27,384,14.01673640167364,4.602510460251046,9.414225941422593,85.98326359832636,5.648535564853557,80.3347280334728
W00000332,287,45,20,25,242,21,221,15.6794425087108,6.968641114982578,8.710801393728223,84.3205574912892,7.317073170731707,77.00348432055749
W00000333,251,56,26,30,195,10,185,22.31075697211155,10.358565737051793,11.952191235059761,77.68924302788844,3.9840637450199203,73.70517928286853
W00000334,284,61,25,36,223,15,208,21.47887323943662,8.80281690140845,12.676056338028168,78.52112676056338,5.28169014084507,73.23943661971832
W00000335,254,66,31,35,188,15,173,25.984251968503933,12.204724409448819,13.779527559055119,74.01574803149606,5.905511811023622,68.11023622047244
W00000336,245,44,26,18,201,9,192,17.959183673469386,10.612244897959183,7.346938775510205,82.0408163265306,3.6734693877551026,78.36734693877551
W00000337,311,69,38,31,242,23,219,22.186495176848876,12.218649517684888,9.967845659163988,77.81350482315112,7.395498392282958,70.41800643086816
W00000338,280,52,14,38,228,23,205,18.571428571428573,5,13.571428571428571,81.42857142857143,8.214285714285714,73.21428571428571
W00000339,307,50,18,32,257,17,240,16.286644951140065,5.863192182410423,10.423452768729643,83.71335504885994,5.537459283387622,78.17589576547232
W00000340,273,82,49,33,191,18,173,30.036630036630036,17.94871794871795,12.087912087912088,69.96336996336996,6.593406593406594,63.369963369963365
W00000341,250,54,23,31,196,15,181,21.6,9.2,12.4,78.4,6,72.39999999999999
W00000342,258,48,26,22,210,14,196,18.6046511627907,10.077519379844961,8.527131782945736,81.3953488372093,5.426356589147287,75.96899224806202
W00000343,264,45,13,32,219,20,199,17.045454545454543,4.924242424242424,12.121212121212121,82.95454545454545,7.575757575757576,75.37878787878788
W00000344,239,42,15,27,197,16,181,17.573221757322173,6.2761506276150625,11.297071129707113,82.42677824267783,6.694560669456067,75.73221757322176
W00000345,171,43,27,16,128,13,115,25.146198830409354,15.789473684210526,9.35672514619883,74.85380116959064,7.602339181286549,67.2514619883041
W00000346,328,56,19,37,272,15,257,17.073170731707318,5.7926829268292686,11.28048780487805,82.92682926829268,4.573170731707317,78.35365853658537
W00000347,200,52,29,23,148,10,138,26,14.499999999999998,11.5,74,5,69
W00000348,380,70,27,43,310,22,288,18.421052631578945,7.105263157894736,11.31578947368421,81.57894736842105,5.7894736842105265,75.78947368421053
W00000349,322,66,35,31,256,23,233,20.496894409937887,10.869565217391305,9.627329192546584,79.5031055900621,7.142857142857142,72.36024844720497
W00000350,182,50,27,23,132,9,123,27.472527472527474,14.835164835164836,12.637362637362637,72.52747252747253,4.945054945054945,67.58241758241759
W00000351,237,56,22,34,181,16,165,23.628691983122362,9.282700421940929,14.345991561181433,76.37130801687763,6.751054852320674,69.62025316455697
W00000352,225,41,19,22,184,19,165,18.22222222222222,8.444444444444445,9.777777777777779,81.77777777777779,8.444444444444445,73.33333333333333
W00000353,221,65,24,41,156,17,139,29.411764705882355,10.85972850678733,18.552036199095024,70.58823529411765,7.6923076923076925,62.89592760180995
W00000354,290,57,30,27,233,19,214,19.655172413793103,10.344827586206897,9.310344827586208,80.3448275862069,6.551724137931035,73.79310344827587
W00000355,260,60,25,35,200,13,187,23.076923076923077,9.615384615384617,13.461538461538462,76.92307692307693,5,71.92307692307692
W00000356,234,48,25,23,186,24,162,20.51282051282051,10.683760683760683,9.82905982905983,79.48717948717949,10.256410256410255,69.23076923076923
W00000357,478,70,30,40,408,35,373,14.644351464435147,6.2761506276150625,8.368200836820083,85.35564853556485,7.322175732217573,78.03347280334728
W00000358,284,61,27,34,223,18,205,21.47887323943662,9.507042253521126,11.971830985915492,78.52112676056338,6.338028169014084,72.1830985915493
W00000359,258,39,14,25,219,16,203,15.11627906976744,5.426356589147287,9.689922480620156,84.88372093023256,6.2015503875969,78.68217054263566
W00000360,276,48,16,32,228,16,212,17.391304347826086,5.797101449275362,11.594202898550725,82.6086956521739,5.797101449275362,76.81159420289855
W00000362,369,66,15,51,303,29,274,17.88617886178862,4.0650406504065035,13.821138211382115,82.11382113821138,7.8590785907859075,74.25474254742548
W00000363,292,51,19,32,241,19,222,17.465753424657535,6.506849315068493,10.95890410958904,82.53424657534246,6.506849315068493,76.02739726027397
W00000364,284,52,29,23,232,25,207,18.30985915492958,10.211267605633804,8.098591549295776,81.69014084507043,8.80281690140845,72.88732394366197
W00000365,316,61,31,30,255,16,239,19.303797468354432,9.81012658227848,9.49367088607595,80.69620253164557,5.063291139240507,75.63291139240506
W00000366,372,58,34,24,314,19,295,15.591397849462366,9.13978494623656,6.451612903225806,84.40860215053763,5.10752688172043,79.3010752688172
W00000367,354,68,34,34,286,31,255,19.2090395480226,9.6045197740113,9.6045197740113,80.7909604519774,8.757062146892656,72.03389830508475
W00000368,324,43,20,23,281,26,255,13.271604938271606,6.172839506172839,7.098765432098765,86.72839506172839,8.024691358024691,78.70370370370371
W00000369,297,58,25,33,239,25,214,19.52861952861953,8.417508417508419,11.11111111111111,80.47138047138047,8.417508417508419,72.05387205387206
W00000370,257,29,9,20,228,23,205,11.284046692607005,3.501945525291829,7.782101167315175,88.715953307393,8.949416342412452,79.76653696498055
W00000371,284,41,14,27,243,22,221,14.43661971830986,4.929577464788732,9.507042253521126,85.56338028169014,7.746478873239436,77.8169014084507
W00000372,298,69,31,38,229,14,215,23.154362416107382,10.40268456375839,12.751677852348994,76.84563758389261,4.697986577181208,72.14765100671141
W00000373,271,45,19,26,226,11,215,16.605166051660518,7.011070110701106,9.59409594095941,83.39483394833948,4.059040590405904,79.33579335793358
W00000374,280,39,8,31,241,16,225,13.928571428571429,2.857142857142857,11.071428571428571,86.07142857142858,5.714285714285714,80.35714285714286
W00000375,284,74,38,36,210,18,192,26.056338028169012,13.380281690140844,12.676056338028168,73.94366197183099,6.338028169014084,67.6056338028169
W00000376,252,57,19,38,195,13,182,22.61904761904762,7.5396825396825395,15.079365079365079,77.38095238095238,5.158730158730158,72.22222222222221
W00000377,256,39,18,21,217,18,199,15.234375,7.03125,8.203125,84.765625,7.03125,77.734375
W00000378,298,49,21,28,249,23,226,16.44295302013423,7.046979865771812,9.395973154362416,83.55704697986577,7.718120805369128,75.83892617449665
W00000379,327,58,17,41,269,23,246,17.737003058103976,5.198776758409786,12.538226299694188,82.26299694189603,7.033639143730887,75.22935779816514
W00000380,285,35,11,24,250,15,235,12.280701754385964,3.8596491228070176,8.421052631578947,87.71929824561403,5.263157894736842,82.45614035087719
W00000381,248,46,22,24,202,18,184,18.548387096774192,8.870967741935484,9.67741935483871,81.45161290322581,7.258064516129033,74.19354838709677
W00000382,201,64,22,42,137,17,120,31.8407960199005,10.945273631840797,20.8955223880597,68.1592039800995,8.45771144278607,59.70149253731343
W00000383,315,67,23,44,248,31,217,21.26984126984127,7.301587301587302,13.968253968253968,78.73015873015873,9.841269841269842,68.88888888888889
W00000384,282,63,30,33,219,14,205,22.340425531914892,10.638297872340425,11.702127659574469,77.6595744680851,4.964539007092199,72.69503546099291
W00000385,173,34,14,20,139,10,129,19.653179190751445,8.092485549132949,11.560693641618498,80.34682080924856,5.780346820809249,74.56647398843931
W00000386,290,54,28,26,236,21,215,18.620689655172416,9.655172413793103,8.96551724137931,81.37931034482759,7.241379310344828,74.13793103448276
W00000387,261,56,25,31,205,22,183,21.455938697318008,9.578544061302683,11.877394636015326,78.544061302682,8.42911877394636,70.11494252873564
W00000388,282,59,23,36,223,23,200,20.921985815602838,8.156028368794328,12.76595744680851,79.07801418439716,8.156028368794328,70.92198581560284
W00000389,243,57,23,34,186,16,170,23.456790123456788,9.465020576131687,13.991769547325102,76.5432098765432,6.584362139917696,69.95884773662551
W00000390,333,62,27,35,271,33,238,18.61861861861862,8.108108108108109,10.51051051051051,81.38138138138137,9.90990990990991,71.47147147147147
W00000391,220,71,28,43,149,9,140,32.27272727272727,12.727272727272727,19.545454545454547,67.72727272727272,4.090909090909091,63.63636363636363
W00000392,288,76,40,36,212,20,192,26.38888888888889,13.88888888888889,12.5,73.61111111111111,6.944444444444445,66.66666666666666
W00000393,323,69,19,50,254,27,227,21.36222910216718,5.88235294117647,15.479876160990713,78.63777089783281,8.359133126934983,70.27863777089783
W00000394,351,81,37,44,270,17,253,23.076923076923077,10.541310541310542,12.535612535612536,76.92307692307693,4.843304843304843,72.07977207977207
W00000395,378,80,28,52,298,34,264,21.164021164021165,7.4074074074074066,13.756613756613756,78.83597883597884,8.994708994708994,69.84126984126983
W00000396,349,59,25,34,290,19,271,16.9054441260745,7.163323782234957,9.742120343839542,83.0945558739255,5.444126074498568,77.65042979942693
W00000397,272,40,15,25,232,14,218,14.705882352941178,5.514705882352941,9.191176470588236,85.29411764705883,5.147058823529411,80.14705882352942
W00000398,206,76,34,42,130,3,127,36.89320388349515,16.50485436893204,20.388349514563107,63.10679611650486,1.4563106796116505,61.6504854368932
W00000399,299,61,25,36,238,18,220,20.401337792642142,8.361204013377927,12.040133779264215,79.59866220735786,6.0200668896321075,73.57859531772574
W00000400,209,52,26,26,157,9,148,24.880382775119617,12.440191387559809,12.440191387559809,75.11961722488039,4.30622009569378,70.81339712918661
W00000401,237,48,26,22,189,12,177,20.253164556962027,10.970464135021098,9.282700421940929,79.74683544303798,5.063291139240507,74.68354430379746
W00000402,306,74,34,40,232,21,211,24.183006535947712,11.11111111111111,13.071895424836603,75.81699346405229,6.862745098039216,68.95424836601308
W00000403,137,20,13,7,117,7,110,14.5985401459854,9.48905109489051,5.109489051094891,85.40145985401459,5.109489051094891,80.2919708029197
W00000404,367,69,25,44,298,24,274,18.80108991825613,6.811989100817439,11.989100817438691,81.19891008174388,6.539509536784741,74.65940054495913
W00000406,341,71,34,37,270,25,245,20.821114369501466,9.970674486803519,10.850439882697946,79.17888563049853,7.331378299120235,71.8475073313783
W00000408,280,57,19,38,223,17,206,20.357142857142858,6.785714285714286,13.571428571428571,79.64285714285714,6.071428571428571,73.57142857142858
W00000409,349,89,43,46,260,13,247,25.501432664756447,12.320916905444127,13.18051575931232,74.49856733524355,3.7249283667621778,70.77363896848138
W00000410,264,46,25,21,218,21,197,17.424242424242426,9.469696969696969,7.954545454545454,82.57575757575758,7.954545454545454,74.62121212121212
W00000411,230,52,19,33,178,13,165,22.608695652173914,8.26086956521739,14.347826086956522,77.39130434782608,5.6521739130434785,71.73913043478261
W00000412,346,67,33,34,279,20,259,19.36416184971098,9.53757225433526,9.826589595375722,80.63583815028902,5.780346820809249,74.85549132947978
W00000413,169,22,4,18,147,13,134,13.017751479289942,2.366863905325444,10.650887573964498,86.98224852071006,7.6923076923076925,79.28994082840237
W00000414,291,57,26,31,234,12,222,19.587628865979383,8.934707903780069,10.652920962199312,80.41237113402062,4.123711340206185,76.28865979381443
W00000415,301,54,23,31,247,18,229,17.940199335548172,7.641196013289036,10.299003322259136,82.05980066445183,5.980066445182724,76.0797342192691
W00000416,288,44,19,25,244,18,226,15.277777777777779,6.597222222222222,8.680555555555555,84.72222222222221,6.25,78.47222222222221
W00000417,238,44,15,29,194,14,180,18.487394957983195,6.302521008403361,12.184873949579831,81.5126050420168,5.88235294117647,75.63025210084034
W00000418,369,82,33,49,287,20,267,22.22222222222222,8.94308943089431,13.279132791327914,77.77777777777779,5.420054200542006,72.35772357723577
W00000419,387,79,34,45,308,18,290,20.41343669250646,8.785529715762273,11.627906976744185,79.58656330749353,4.651162790697675,74.93540051679587
W00000420,361,44,16,28,317,20,297,12.18836565096953,4.43213296398892,7.756232686980609,87.81163434903047,5.540166204986149,82.27146814404432
W00000421,340,64,32,32,276,31,245,18.823529411764707,9.411764705882353,9.411764705882353,81.17647058823529,9.117647058823529,72.05882352941177
W00000422,445,61,21,40,384,20,364,13.707865168539326,4.719101123595506,8.98876404494382,86.29213483146067,4.49438202247191,81.79775280898876
W00000423,268,48,14,34,220,18,202,17.91044776119403,5.223880597014925,12.686567164179104,82.08955223880598,6.7164179104477615,75.3731343283582
W00000424,289,48,25,23,241,25,216,16.608996539792386,8.650519031141869,7.958477508650519,83.39100346020761,8.650519031141869,74.74048442906575
W00000425,296,42,11,31,254,23,231,14.18918918918919,3.7162162162162162,10.472972972972974,85.8108108108108,7.77027027027027,78.04054054054053
W00000426,217,39,19,20,178,13,165,17.972350230414747,8.755760368663594,9.216589861751153,82.02764976958525,5.990783410138248,76.036866359447
W00000427,224,68,21,47,156,18,138,30.357142857142854,9.375,20.982142857142858,69.64285714285714,8.035714285714286,61.60714285714286
W00000428,233,67,33,34,166,14,152,28.75536480686695,14.163090128755366,14.592274678111588,71.24463519313305,6.008583690987124,65.23605150214593
W00000429,223,61,22,39,162,16,146,27.3542600896861,9.865470852017937,17.48878923766816,72.6457399103139,7.174887892376682,65.47085201793722
W00000430,297,68,24,44,229,23,206,22.895622895622896,8.080808080808081,14.814814814814813,77.10437710437711,7.744107744107744,69.36026936026936
W00000431,307,56,21,35,251,19,232,18.241042345276874,6.840390879478828,11.400651465798045,81.75895765472313,6.188925081433225,75.57003257328991
W00000432,267,63,24,39,204,14,190,23.595505617977526,8.98876404494382,14.606741573033707,76.40449438202246,5.2434456928838955,71.16104868913857
W00000433,249,49,19,30,200,19,181,19.67871485943775,7.630522088353414,12.048192771084338,80.32128514056225,7.630522088353414,72.69076305220884
W00000434,125,24,9,15,101,5,96,19.2,7.199999999999999,12,80.80000000000001,4,76.8
W00000435,353,51,22,29,302,23,279,14.44759206798867,6.232294617563739,8.21529745042493,85.55240793201133,6.515580736543909,79.03682719546742
W00000436,349,79,37,42,270,28,242,22.636103151862464,10.601719197707736,12.034383954154727,77.36389684813754,8.022922636103152,69.34097421203438
W00000437,317,68,32,36,249,10,239,21.451104100946374,10.094637223974763,11.35646687697161,78.54889589905363,3.1545741324921135,75.39432176656152
W00000438,206,48,21,27,158,10,148,23.300970873786408,10.194174757281553,13.106796116504855,76.69902912621359,4.854368932038835,71.84466019417476
W00000439,290,61,29,32,229,15,214,21.03448275862069,10,11.03448275862069,78.96551724137932,5.172413793103448,73.79310344827587
W00000440,286,44,19,25,242,21,221,15.384615384615385,6.643356643356643,8.741258741258742,84.61538461538461,7.3426573426573425,77.27272727272727
W00000441,302,41,19,22,261,22,239,13.57615894039735,6.291390728476822,7.28476821192053,86.42384105960265,7.28476821192053,79.13907284768213
W00000442,288,51,24,27,237,8,229,17.708333333333336,8.333333333333332,9.375,82.29166666666666,2.7777777777777777,79.51388888888889
W00000443,319,68,33,35,251,22,229,21.316614420062695,10.344827586206897,10.9717868338558,78.68338557993731,6.896551724137931,71.78683385579937
W00000444,343,51,26,25,292,10,282,14.868804664723031,7.580174927113703,7.288629737609329,85.13119533527697,2.9154518950437316,82.21574344023324
W00000445,288,30,8,22,258,15,243,10.416666666666668,2.7777777777777777,7.638888888888889,89.58333333333334,5.208333333333334,84.375
W00000446,279,44,14,30,235,25,210,15.770609318996415,5.017921146953405,10.75268817204301,84.22939068100358,8.960573476702509,75.26881720430107
W00000447,335,50,19,31,285,17,268,14.925373134328357,5.6716417910447765,9.253731343283581,85.07462686567165,5.074626865671641,80
W00000448,326,65,30,35,261,25,236,19.938650306748464,9.202453987730062,10.736196319018406,80.06134969325154,7.668711656441718,72.39263803680981
W00000449,349,59,32,27,290,19,271,16.9054441260745,9.169054441260744,7.736389684813753,83.0945558739255,5.444126074498568,77.65042979942693
W00000450,373,58,29,29,315,20,295,15.549597855227882,7.774798927613941,7.774798927613941,84.45040214477211,5.361930294906166,79.08847184986595
W00000451,307,51,20,31,256,13,243,16.612377850162865,6.514657980456026,10.097719869706841,83.38762214983714,4.234527687296417,79.15309446254072
W00000452,331,61,23,38,270,20,250,18.429003021148034,6.948640483383686,11.48036253776435,81.57099697885197,6.042296072507553,75.52870090634441
W00000453,388,59,18,41,329,35,294,15.206185567010309,4.639175257731959,10.56701030927835,84.79381443298969,9.02061855670103,75.77319587628865
W00000454,340,65,24,41,275,26,249,19.11764705882353,7.0588235294117645,12.058823529411764,80.88235294117648,7.647058823529412,73.23529411764706
W00000455,328,51,28,23,277,14,263,15.548780487804878,8.536585365853659,7.01219512195122,84.45121951219512,4.2682926829268295,80.1829268292683
W00000456,313,53,23,30,260,16,244,16.93290734824281,7.348242811501597,9.584664536741213,83.06709265175719,5.111821086261981,77.95527156549521
W00000457,308,57,18,39,251,21,230,18.506493506493506,5.844155844155844,12.662337662337661,81.4935064935065,6.8181818181818175,74.67532467532467
W00000458,299,54,21,33,245,28,217,18.06020066889632,7.023411371237458,11.036789297658862,81.93979933110369,9.364548494983277,72.5752508361204
W00000459,332,48,16,32,284,20,264,14.457831325301203,4.819277108433735,9.63855421686747,85.54216867469879,6.024096385542169,79.51807228915662
W00000460,315,68,37,31,247,15,232,21.58730158730159,11.746031746031745,9.841269841269842,78.41269841269842,4.761904761904762,73.65079365079366
W00000461,190,56,26,30,134,8,126,29.47368421052631,13.684210526315791,15.789473684210526,70.52631578947368,4.2105263157894735,66.3157894736842
W00000462,351,72,32,40,279,28,251,20.51282051282051,9.116809116809117,11.396011396011396,79.48717948717949,7.977207977207977,71.50997150997152
W00000463,286,59,35,24,227,16,211,20.62937062937063,12.237762237762238,8.391608391608392,79.37062937062937,5.594405594405594,73.77622377622379
W00000464,344,74,34,40,270,13,257,21.511627906976745,9.883720930232558,11.627906976744185,78.48837209302324,3.77906976744186,74.70930232558139
W00000465,314,59,31,28,255,16,239,18.789808917197455,9.872611464968154,8.9171974522293,81.21019108280255,5.095541401273886,76.11464968152866
W00000466,340,82,47,35,258,16,242,24.11764705882353,13.823529411764707,10.294117647058822,75.88235294117646,4.705882352941177,71.17647058823529
W00000467,328,64,42,22,264,16,248,19.51219512195122,12.804878048780488,6.707317073170732,80.48780487804879,4.878048780487805,75.60975609756098
W00000468,474,93,17,76,381,33,348,19.62025316455696,3.5864978902953584,16.033755274261605,80.37974683544303,6.962025316455696,73.41772151898735
W00000469,374,64,17,47,310,22,288,17.11229946524064,4.545454545454546,12.566844919786096,82.88770053475936,5.88235294117647,77.00534759358288
W00000470,303,52,16,36,251,37,214,17.16171617161716,5.2805280528052805,11.881188118811881,82.83828382838284,12.211221122112212,70.62706270627062
W00000472,302,44,12,32,258,23,235,14.56953642384106,3.9735099337748347,10.596026490066226,85.43046357615894,7.6158940397351,77.81456953642383
W00000473,265,62,29,33,203,14,189,23.39622641509434,10.943396226415095,12.452830188679245,76.60377358490567,5.283018867924529,71.32075471698113
W00000474,288,51,28,23,237,18,219,17.708333333333336,9.722222222222223,7.986111111111111,82.29166666666666,6.25,76.04166666666666
W00000475,343,83,46,37,260,21,239,24.198250728862973,13.411078717201166,10.787172011661808,75.80174927113703,6.122448979591836,69.67930029154519
W00000476,367,108,50,58,259,24,235,29.427792915531338,13.623978201634879,15.803814713896458,70.57220708446866,6.539509536784741,64.03269754768392
W00000477,277,38,10,28,239,27,212,13.718411552346572,3.6101083032490973,10.108303249097473,86.28158844765343,9.747292418772563,76.53429602888086
W00000478,225,28,14,14,197,19,178,12.444444444444445,6.222222222222222,6.222222222222222,87.55555555555556,8.444444444444445,79.11111111111111
W00000479,202,40,14,26,162,15,147,19.801980198019802,6.9306930693069315,12.871287128712872,80.19801980198021,7.425742574257425,72.77227722772277
W00000480,287,58,14,44,229,16,213,20.209059233449477,4.878048780487805,15.33101045296167,79.79094076655052,5.574912891986063,74.21602787456446
W00000481,407,81,38,43,326,30,296,19.901719901719904,9.336609336609335,10.565110565110565,80.0982800982801,7.371007371007371,72.72727272727273
W00000482,384,72,36,36,312,20,292,18.75,9.375,9.375,81.25,5.208333333333334,76.04166666666666
W00000483,217,32,13,19,185,15,170,14.746543778801843,5.990783410138248,8.755760368663594,85.25345622119815,6.912442396313365,78.3410138248848
W00000484,213,38,15,23,175,20,155,17.84037558685446,7.042253521126761,10.7981220657277,82.15962441314554,9.389671361502346,72.76995305164318
W00000485,269,38,10,28,231,25,206,14.12639405204461,3.717472118959108,10.408921933085502,85.87360594795538,9.293680297397769,76.57992565055763
W00000486,238,54,24,30,184,10,174,22.689075630252102,10.084033613445378,12.605042016806722,77.31092436974791,4.201680672268908,73.10924369747899
W00000487,217,42,12,30,175,9,166,19.35483870967742,5.529953917050691,13.82488479262673,80.64516129032258,4.147465437788019,76.49769585253456
W00000488,288,66,36,30,222,15,207,22.916666666666664,12.5,10.416666666666668,77.08333333333334,5.208333333333334,71.875
W00000489,281,49,25,24,232,23,209,17.437722419928825,8.896797153024911,8.540925266903916,82.56227758007117,8.185053380782918,74.37722419928826
W00000490,323,51,17,34,272,14,258,15.789473684210526,5.263157894736842,10.526315789473683,84.21052631578947,4.3343653250774,79.87616099071208
W00000491,275,59,20,39,216,12,204,21.454545454545453,7.2727272727272725,14.181818181818182,78.54545454545455,4.363636363636364,74.18181818181819
W00000492,322,67,27,40,255,16,239,20.80745341614907,8.385093167701864,12.422360248447205,79.19254658385093,4.968944099378882,74.22360248447205
W00000493,217,44,22,22,173,10,163,20.276497695852534,10.138248847926267,10.138248847926267,79.72350230414746,4.6082949308755765,75.11520737327189
W00000494,308,55,28,27,253,15,238,17.857142857142858,9.090909090909092,8.766233766233766,82.14285714285714,4.870129870129871,77.27272727272727
W00000495,257,61,23,38,196,14,182,23.73540856031128,8.949416342412452,14.785992217898833,76.26459143968872,5.447470817120623,70.8171206225681
W00000496,359,77,41,36,282,19,263,21.448467966573816,11.420612813370473,10.027855153203342,78.55153203342618,5.2924791086350975,73.25905292479109
W00000497,341,65,26,39,276,20,256,19.06158357771261,7.624633431085044,11.436950146627565,80.93841642228739,5.865102639296188,75.0733137829912
W00000498,328,59,28,31,269,14,255,17.98780487804878,8.536585365853659,9.451219512195122,82.01219512195121,4.2682926829268295,77.7439024390244
W00000499,372,74,38,36,298,20,278,19.892473118279568,10.21505376344086,9.67741935483871,80.10752688172043,5.376344086021505,74.73118279569893
W00000500,307,49,19,30,258,22,236,15.960912052117262,6.188925081433225,9.77198697068404,84.03908794788273,7.166123778501629,76.8729641693811
W00000501,367,68,34,34,299,14,285,18.52861035422343,9.264305177111716,9.264305177111716,81.47138964577657,3.8147138964577656,77.65667574931881
W00000502,567,73,40,33,494,19,475,12.874779541446207,7.054673721340388,5.82010582010582,87.12522045855378,3.3509700176366843,83.77425044091711
W00000503,300,52,34,18,248,11,237,17.333333333333336,11.333333333333332,6,82.66666666666667,3.6666666666666665,79
W00000504,316,76,38,38,240,15,225,24.050632911392405,12.025316455696203,12.025316455696203,75.9493670886076,4.746835443037975,71.20253164556962
W00000505,306,51,30,21,255,23,232,16.666666666666664,9.803921568627452,6.862745098039216,83.33333333333334,7.516339869281046,75.81699346405229
W00000506,311,58,21,37,253,18,235,18.64951768488746,6.752411575562702,11.89710610932476,81.35048231511254,5.787781350482315,75.56270096463022
W00000507,234,51,21,30,183,20,163,21.794871794871796,8.974358974358974,12.82051282051282,78.2051282051282,8.547008547008547,69.65811965811966
W00000508,439,77,38,39,362,41,321,17.539863325740317,8.656036446469248,8.88382687927107,82.46013667425967,9.339407744874716,73.12072892938497
W00000509,377,74,20,54,303,32,271,19.628647214854112,5.305039787798409,14.323607427055704,80.37135278514589,8.488063660477453,71.88328912466844
W00000510,155,35,10,25,120,10,110,22.58064516129032,6.451612903225806,16.129032258064516,77.41935483870968,6.451612903225806,70.96774193548387
W00000511,284,40,12,28,244,19,225,14.084507042253522,4.225352112676056,9.859154929577464,85.91549295774648,6.690140845070422,79.22535211267606
W00000512,297,46,16,30,251,16,235,15.488215488215488,5.387205387205387,10.1010101010101,84.51178451178451,5.387205387205387,79.12457912457911
W00000513,334,62,20,42,272,13,259,18.562874251497004,5.9880239520958085,12.574850299401197,81.437125748502993,3.8922155688622757,77.54491017964071
W00000514,247,50,21,29,197,20,177,20.242914979757085,8.502024291497975,11.740890688259109,79.75708502024291,8.097165991902834,71.65991902834008
W00000515,294,71,36,35,223,17,206,24.149659863945576,12.244897959183673,11.904761904761903,75.85034013605441,5.782312925170068,70.06802721088435
W00000516,302,46,16,30,256,17,239,15.2317880794702,5.298013245033113,9.933774834437086,84.76821192052981,5.629139072847682,79.13907284768213
W00000517,228,39,13,26,189,19,170,17.105263157894736,5.701754385964912,11.403508771929824,82.89473684210526,8.333333333333332,74.56140350877193
W00000518,283,60,23,37,223,35,188,21.20141342756184,8.12720848056537,13.074204946996467,78.79858657243817,12.36749116607774,66.43109540636041
W00000519,563,126,60,66,437,29,408,22.380106571936057,10.657193605683837,11.72291296625222,77.61989342806395,5.1509769094138544,72.46891651865009
W00000520,366,55,27,28,311,23,288,15.027322404371585,7.377049180327869,7.650273224043716,84.97267759562843,6.284153005464481,78.68852459016394
W00000521,248,51,20,31,197,13,184,20.56451612903226,8.064516129032258,12.5,79.43548387096774,5.241935483870968,74.19354838709677
W00000522,291,44,23,21,247,20,227,15.120274914089347,7.903780068728522,7.216494845360824,84.87972508591065,6.872852233676976,78.00687285223368
W00000523,263,55,26,29,208,23,185,20.912547528517113,9.885931558935361,11.02661596958175,79.08745247148289,8.745247148288973,70.34220532319392
W00000524,438,118,81,37,320,18,302,26.94063926940639,18.493150684931507,8.447488584474886,73.0593607305936,4.10958904109589,68.94977168949772
W00000526,339,79,40,39,260,17,243,23.303834808259587,11.799410029498524,11.504424778761061,76.69616519174042,5.014749262536873,71.68141592920354
W00000527,247,65,30,35,182,12,170,26.31578947368421,12.145748987854251,14.17004048582996,73.68421052631578,4.8582995951417,68.82591093117408
W00000528,316,66,29,37,250,17,233,20.88607594936709,9.177215189873419,11.708860759493671,79.11392405063292,5.379746835443038,73.73417721518987
W00000529,285,81,46,35,204,12,192,28.421052631578945,16.140350877192983,12.280701754385964,71.57894736842105,4.2105263157894735,67.36842105263158
W00000530,319,51,27,24,268,13,255,15.987460815047022,8.463949843260188,7.523510971786834,84.01253918495298,4.075235109717868,79.9373040752351
W00000531,287,50,28,22,237,13,224,17.421602787456447,9.75609756097561,7.665505226480835,82.57839721254355,4.529616724738676,78.04878048780488
W00000532,261,41,14,27,220,18,202,15.708812260536398,5.363984674329502,10.344827586206897,84.2911877394636,6.896551724137931,77.39463601532567
W00000533,273,52,19,33,221,12,209,19.047619047619047,6.95970695970696,12.087912087912088,80.95238095238095,4.395604395604396,76.55677655677655
W00000534,242,32,12,20,210,15,195,13.223140495867769,4.958677685950414,8.264462809917356,86.77685950413223,6.198347107438017,80.57851239669421
W00000535,300,86,48,38,214,16,198,28.666666666666668,16,12.666666666666668,71.33333333333334,5.333333333333334,66
W00000536,258,55,21,34,203,17,186,21.31782945736434,8.13953488372093,13.178294573643413,78.68217054263566,6.5891472868217065,72.09302325581395
W00000537,394,47,20,27,347,16,331,11.928934010152284,5.0761421319796955,6.852791878172589,88.07106598984772,4.060913705583756,84.01015228426397
W00000538,146,29,7,22,117,10,107,19.863013698630137,4.794520547945205,15.068493150684931,80.13698630136986,6.8493150684931505,73.28767123287672
W00000539,279,57,23,34,222,21,201,20.43010752688172,8.24372759856631,12.186379928315413,79.56989247311827,7.526881720430108,72.04301075268818
W00000540,127,30,13,17,97,11,86,23.62204724409449,10.236220472440944,13.385826771653544,76.37795275590551,8.661417322834646,67.71653543307087
W00000541,265,91,63,28,174,16,158,34.33962264150943,23.77358490566038,10.566037735849058,65.66037735849056,6.037735849056604,59.62264150943396
W00000542,184,41,16,25,143,13,130,22.282608695652172,8.695652173913043,13.586956521739129,77.71739130434783,7.065217391304348,70.65217391304348
W00000543,197,35,11,24,162,13,149,17.766497461928935,5.583756345177665,12.18274111675127,82.23350253807106,6.598984771573605,75.63451776649747
W00000544,308,81,42,39,227,26,201,26.2987012987013,13.636363636363635,12.662337662337661,73.7012987012987,8.441558441558442,65.25974025974025
W00000545,236,47,18,29,189,11,178,19.915254237288135,7.627118644067797,12.288135593220339,80.08474576271186,4.661016949152542,75.42372881355932
W00000546,221,40,17,23,181,9,172,18.099547511312217,7.6923076923076925,10.407239819004525,81.90045248868778,4.072398190045249,77.82805429864254
W00000549,284,72,31,41,212,13,199,25.352112676056336,10.915492957746478,14.43661971830986,74.64788732394366,4.577464788732395,70.07042253521126
W00000550,243,53,22,31,190,10,180,21.810699588477366,9.053497942386832,12.757201646090536,78.18930041152264,4.11522633744856,74.07407407407408
W00000551,330,51,27,24,279,15,264,15.454545454545453,8.181818181818182,7.2727272727272725,84.54545454545455,4.545454545454546,80
W00000552,369,66,19,47,303,15,288,17.88617886178862,5.149051490514905,12.737127371273713,82.11382113821138,4.0650406504065035,78.04878048780488
W00000553,245,42,20,22,203,16,187,17.142857142857142,8.16326530612245,8.979591836734693,82.85714285714286,6.530612244897959,76.32653061224491
W00000554,325,56,30,26,269,20,249,17.23076923076923,9.230769230769232,8,82.76923076923077,6.153846153846154,76.61538461538461
W00000555,237,57,31,26,180,12,168,24.050632911392405,13.080168776371309,10.970464135021098,75.9493670886076,5.063291139240507,70.88607594936708
W00000556,337,76,33,43,261,21,240,22.551928783382788,9.792284866468842,12.759643916913946,77.44807121661721,6.231454005934718,71.2166172106825
W00000557,308,52,37,15,256,15,241,16.883116883116884,12.012987012987013,4.870129870129871,83.11688311688312,4.870129870129871,78.24675324675324
W00000558,158,42,14,28,116,11,105,26.582278481012654,8.860759493670885,17.72151898734177,73.41772151898735,6.962025316455696,66.45569620253164
W00000559,235,45,27,18,190,13,177,19.148936170212767,11.48936170212766,7.659574468085106,80.85106382978722,5.531914893617021,75.31914893617021
W00000560,312,47,22,25,265,18,247,15.064102564102564,7.051282051282051,8.012820512820513,84.93589743589743,5.769230769230769,79.16666666666666
W00000561,287,62,26,36,225,5,220,21.602787456445995,9.059233449477352,12.543554006968641,78.397212543554,1.7421602787456445,76.65505226480836
W00000562,258,48,22,26,210,16,194,18.6046511627907,8.527131782945736,10.077519379844961,81.3953488372093,6.2015503875969,75.1937984496124
W00000563,304,67,28,39,237,8,229,22.039473684210524,9.210526315789473,12.828947368421053,77.96052631578947,2.631578947368421,75.32894736842105
W00000564,207,33,13,20,174,11,163,15.942028985507244,6.280193236714976,9.66183574879227,84.05797101449275,5.314009661835748,78.74396135265701
W00000565,161,50,20,30,111,11,100,31.05590062111801,12.422360248447205,18.633540372670808,68.94409937888199,6.832298136645963,62.11180124223602
W00000566,276,30,9,21,246,23,223,10.869565217391305,3.260869565217391,7.608695652173914,89.13043478260869,8.333333333333332,80.79710144927536
W00000567,182,31,12,19,151,9,142,17.032967032967033,6.593406593406594,10.43956043956044,82.96703296703298,4.945054945054945,78.02197802197803
W00000568,243,51,23,28,192,14,178,20.98765432098765,9.465020576131687,11.522633744855968,79.01234567901234,5.761316872427984,73.25102880658436
W00000569,402,56,30,26,346,23,323,13.930348258706468,7.462686567164178,6.467661691542288,86.06965174129353,5.721393034825871,80.34825870646766
W00000570,249,66,39,27,183,11,172,26.506024096385545,15.66265060240964,10.843373493975903,73.49397590361446,4.417670682730924,69.07630522088354
W00000571,288,38,18,20,250,13,237,13.194444444444445,6.25,6.944444444444445,86.80555555555556,4.513888888888888,82.29166666666666
W00000572,304,76,36,40,228,6,222,25,11.842105263157894,13.157894736842104,75,1.9736842105263157,73.02631578947368
W00000573,330,60,31,29,270,22,248,18.181818181818183,9.393939393939393,8.787878787878787,81.81818181818183,6.666666666666667,75.15151515151514
W00000574,272,58,22,36,214,8,206,21.323529411764707,8.088235294117647,13.23529411764706,78.67647058823529,2.941176470588235,75.73529411764706
W00000575,248,133,113,20,115,15,100,53.62903225806451,45.564516129032256,8.064516129032258,46.37096774193548,6.048387096774194,40.32258064516129
W00000576,259,69,33,36,190,19,171,26.640926640926644,12.741312741312742,13.8996138996139,73.35907335907336,7.335907335907336,66.02316602316603
W00000577,279,69,36,33,210,20,190,24.731182795698924,12.903225806451612,11.827956989247312,75.26881720430107,7.168458781362006,68.10035842293907
W00000578,321,55,30,25,266,19,247,17.133956386292834,9.345794392523365,7.78816199376947,82.86604361370716,5.919003115264798,76.94704049844236
W00000579,393,80,36,44,313,23,290,20.35623409669211,9.16030534351145,11.195928753180661,79.64376590330788,5.852417302798982,73.79134860050891
W00000580,340,91,52,39,249,15,234,26.764705882352942,15.294117647058824,11.470588235294118,73.23529411764706,4.411764705882353,68.82352941176471
W00000581,350,71,27,44,279,21,258,20.285714285714285,7.7142857142857135,12.571428571428573,79.71428571428572,6,73.71428571428571
W00000582,299,55,32,23,244,14,230,18.394648829431436,10.702341137123746,7.6923076923076925,81.60535117056857,4.682274247491638,76.92307692307693
W00000583,313,64,28,36,249,19,230,20.447284345047922,8.945686900958465,11.501597444089457,79.55271565495208,6.070287539936102,73.48242811501598
W00000584,280,62,28,34,218,11,207,22.142857142857142,10,12.142857142857142,77.85714285714286,3.9285714285714284,73.92857142857143
W00000585,360,59,30,29,301,12,289,16.38888888888889,8.333333333333332,8.055555555555555,83.61111111111111,3.3333333333333335,80.27777777777779
W00000586,319,79,45,34,240,19,221,24.76489028213166,14.106583072100312,10.658307210031348,75.23510971786834,5.956112852664576,69.27899686520375
W00000587,287,51,21,30,236,16,220,17.770034843205575,7.317073170731707,10.452961672473867,82.22996515679442,5.574912891986063,76.65505226480836
W00000588,315,53,28,25,262,19,243,16.825396825396826,8.88888888888889,7.936507936507936,83.17460317460318,6.031746031746032,77.14285714285715
W00000589,225,45,21,24,180,20,160,20,9.333333333333334,10.666666666666668,80,8.88888888888889,71.11111111111111
W00000590,317,56,28,28,261,17,244,17.665615141955836,8.832807570977918,8.832807570977918,82.33438485804416,5.3627760252365935,76.97160883280758
W00000591,295,54,23,31,241,17,224,18.305084745762713,7.796610169491526,10.508474576271185,81.69491525423729,5.762711864406779,75.9322033898305
W00000592,265,51,22,29,214,22,192,19.245283018867926,8.30188679245283,10.943396226415095,80.75471698113208,8.30188679245283,72.45283018867924
W00000593,286,67,37,30,219,11,208,23.426573426573427,12.937062937062937,10.48951048951049,76.57342657342657,3.8461538461538463,72.72727272727273
W00000594,286,52,27,25,234,23,211,18.181818181818183,9.44055944055944,8.741258741258742,81.81818181818183,8.041958041958042,73.77622377622379
W00000595,348,80,30,50,268,19,249,22.988505747126435,8.620689655172415,14.367816091954023,77.01149425287356,5.459770114942529,71.55172413793103
W00000596,336,52,18,34,284,23,261,15.476190476190476,5.357142857142857,10.119047619047619,84.52380952380952,6.845238095238096,77.67857142857143
W00000597,258,44,9,35,214,22,192,17.05426356589147,3.488372093023256,13.565891472868216,82.94573643410853,8.527131782945736,74.4186046511628
W00000598,304,42,14,28,262,23,239,13.815789473684212,4.605263157894736,9.210526315789473,86.18421052631578,7.565789473684211,78.61842105263158
W00000599,306,38,11,27,268,22,246,12.418300653594772,3.594771241830065,8.823529411764707,87.58169934640523,7.18954248366013,80.3921568627451
W00000600,303,47,20,27,256,19,237,15.51155115511551,6.6006600660066,8.91089108910891,84.48844884488449,6.270627062706271,78.21782178217822
W00000601,297,43,11,32,254,28,226,14.47811447811448,3.7037037037037033,10.774410774410773,85.52188552188552,9.427609427609427,76.0942760942761
W00000602,285,37,18,19,248,15,233,12.982456140350877,6.315789473684211,6.666666666666667,87.01754385964912,5.263157894736842,81.75438596491227
W00000603,259,46,15,31,213,20,193,17.760617760617762,5.7915057915057915,11.96911196911197,82.23938223938224,7.722007722007722,74.5173745173745
W00000604,150,26,10,16,124,9,115,17.333333333333336,6.666666666666667,10.666666666666668,82.66666666666667,6,76.66666666666667
W00000605,235,67,41,26,168,11,157,28.510638297872344,17.4468085106383,11.063829787234042,71.48936170212767,4.680851063829787,66.80851063829788
W00000606,245,62,27,35,183,19,164,25.30612244897959,11.020408163265307,14.285714285714285,74.6938775510204,7.755102040816326,66.93877551020408
W00000607,236,61,28,33,175,23,152,25.847457627118644,11.864406779661017,13.983050847457626,74.15254237288136,9.745762711864407,64.40677966101694
W00000608,277,61,26,35,216,9,207,22.021660649819495,9.386281588447654,12.63537906137184,77.9783393501805,3.2490974729241873,74.72924187725631
W00000609,202,52,17,35,150,18,132,25.742574257425744,8.415841584158416,17.326732673267326,74.25742574257426,8.91089108910891,65.34653465346535
W00000610,270,64,28,36,206,15,191,23.703703703703706,10.37037037037037,13.333333333333334,76.29629629629629,5.555555555555555,70.74074074074073
W00000611,279,49,19,30,230,19,211,17.562724014336915,6.810035842293908,10.75268817204301,82.43727598566308,6.810035842293908,75.62724014336918
W00000612,190,72,25,47,118,14,104,37.89473684210527,13.157894736842104,24.736842105263158,62.10526315789474,7.368421052631578,54.736842105263165
W00000613,309,74,21,53,235,27,208,23.948220064724918,6.796116504854369,17.15210355987055,76.05177993527508,8.737864077669903,67.31391585760518
W00000614,210,58,28,30,152,16,136,27.61904761904762,13.333333333333334,14.285714285714285,72.38095238095238,7.6190476190476195,64.76190476190476
W00000615,265,71,44,27,194,18,176,26.79245283018868,16.60377358490566,10.18867924528302,73.20754716981132,6.7924528301886795,66.41509433962264
W00000616,245,44,12,32,201,13,188,17.959183673469386,4.8979591836734695,13.061224489795919,82.0408163265306,5.3061224489795915,76.73469387755102
W00000617,246,27,13,14,219,19,200,10.975609756097562,5.284552845528456,5.691056910569105,89.02439024390245,7.723577235772358,81.30081300813008
W00000618,335,45,24,21,290,15,275,13.432835820895523,7.164179104477612,6.26865671641791,86.56716417910447,4.477611940298507,82.08955223880598
W00000619,276,59,22,37,217,27,190,21.3768115942029,7.971014492753622,13.405797101449277,78.62318840579711,9.782608695652174,68.84057971014492
W00000620,286,50,13,37,236,16,220,17.482517482517483,4.545454545454546,12.937062937062937,82.51748251748252,5.594405594405594,76.92307692307693
W00000621,319,62,21,41,257,24,233,19.435736677115987,6.583072100313479,12.852664576802509,80.56426332288402,7.523510971786834,73.04075235109718
W00000622,473,66,28,38,407,21,386,13.953488372093023,5.9196617336152215,8.0338266384778,86.04651162790698,4.439746300211417,81.60676532769557
W00000623,249,35,14,21,214,13,201,14.056224899598394,5.622489959839357,8.433734939759036,85.94377510040161,5.220883534136546,80.72289156626506
W00000624,272,42,21,21,230,20,210,15.441176470588236,7.720588235294118,7.720588235294118,84.55882352941177,7.352941176470589,77.20588235294117
W00000625,339,78,38,40,261,20,241,23.008849557522122,11.209439528023598,11.799410029498524,76.99115044247787,5.899705014749262,71.09144542772862
W00000626,336,56,26,30,280,25,255,16.666666666666664,7.738095238095238,8.928571428571429,83.33333333333334,7.440476190476191,75.89285714285714
W00000627,351,60,23,37,291,17,274,17.094017094017094,6.552706552706552,10.541310541310542,82.90598290598291,4.843304843304843,78.06267806267806
W00000628,306,53,22,31,253,23,230,17.320261437908496,7.18954248366013,10.130718954248366,82.6797385620915,7.516339869281046,75.16339869281046
W00010046,380,66,23,43,314,30,284,17.36842105263158,6.052631578947368,11.31578947368421,82.63157894736842,7.894736842105263,74.73684210526315
W00010048,168,55,19,36,113,13,100,32.73809523809524,11.30952380952381,21.428571428571427,67.26190476190477,7.738095238095238,59.523809523809526
W00010049,1474,262,39,223,1212,122,1090,17.774762550881952,2.645861601085482,15.128900949796472,82.22523744911805,8.276797829036635,73.9484396200814
W00010051,122,12,2,10,110,3,107,9.836065573770492,1.639344262295082,8.19672131147541,90.1639344262295,2.459016393442623,87.70491803278688
W00010651,240,37,12,25,203,19,184,15.416666666666668,5,10.416666666666668,84.58333333333333,7.916666666666666,76.66666666666667
W00010652,290,61,30,31,229,24,205,21.03448275862069,10.344827586206897,10.689655172413794,78.96551724137932,8.275862068965518,70.6896551724138
W00010653,452,67,24,43,385,28,357,14.823008849557523,5.3097345132743365,9.513274336283185,85.17699115044249,6.1946902654867255,78.98230088495575
W00010660,101,17,6,11,84,9,75,16.831683168316832,5.9405940594059405,10.891089108910892,83.16831683168317,8.91089108910891,74.25742574257426
W00010669,321,17,7,10,304,16,288,5.29595015576324,2.1806853582554515,3.115264797507788,94.70404984423676,4.984423676012461,89.7196261682243
W00010675,293,44,21,23,249,20,229,15.017064846416384,7.167235494880546,7.849829351535837,84.98293515358361,6.825938566552901,78.15699658703072
W00010678,322,23,5,18,299,20,279,7.142857142857142,1.5527950310559007,5.590062111801243,92.85714285714286,6.211180124223603,86.64596273291926
W00010693,738,141,32,109,597,75,522,19.10569105691057,4.336043360433604,14.769647696476964,80.89430894308943,10.16260162601626,70.73170731707317
