OA,ts0590001,ts0590002,ts0590003,ts0590004,ts0590005,ts0590006,ts0590007,ts0590002_PCT,ts0590003_PCT,ts0590004_PCT,ts0590005_PCT,ts0590006_PCT,ts0590007_PCT
E00009832,158,47,18,29,111,88,23,29.746835443037973,11.39240506329114,18.354430379746837,70.25316455696202,55.69620253164557,14.556962025316455
E00009833,150,38,17,21,112,88,24,25.333333333333336,11.333333333333332,14.000000000000002,74.66666666666667,58.666666666666664,16
E00009834,160,59,28,31,101,76,25,36.875,17.5,19.375,63.125,47.5,15.625
E00009835,187,51,21,30,136,110,26,27.27272727272727,11.229946524064172,16.042780748663102,72.72727272727273,58.82352941176471,13.903743315508022
E00009836,124,39,16,23,85,67,18,31.451612903225808,12.903225806451612,18.548387096774192,68.54838709677419,54.03225806451613,14.516129032258066
E00009837,101,32,14,18,69,56,13,31.683168316831683,13.861386138613863,17.82178217821782,68.31683168316832,55.44554455445545,12.871287128712872
E00009838,189,50,23,27,139,104,35,26.455026455026452,12.16931216931217,14.285714285714285,73.54497354497354,55.026455026455025,18.51851851851852
E00009839,168,44,17,27,124,97,27,26.190476190476193,10.119047619047619,16.071428571428573,73.80952380952381,57.738095238095234,16.071428571428573
E00009840,194,42,19,23,152,117,35,21.649484536082475,9.793814432989691,11.855670103092782,78.35051546391753,60.30927835051546,18.04123711340206
E00009841,172,51,22,29,121,82,39,29.651162790697676,12.790697674418606,16.86046511627907,70.34883720930233,47.674418604651166,22.674418604651162
E00009842,162,57,21,36,105,87,18,35.18518518518518,12.962962962962962,22.22222222222222,64.81481481481481,53.70370370370371,11.11111111111111
E00009843,176,60,25,35,116,77,39,34.090909090909086,14.204545454545455,19.886363636363637,65.9090909090909,43.75,22.15909090909091
E00009844,189,58,21,37,131,91,40,30.687830687830687,11.11111111111111,19.576719576719576,69.31216931216932,48.148148148148145,21.164021164021165
E00009845,176,47,18,29,129,107,22,26.704545454545453,10.227272727272728,16.477272727272727,73.29545454545455,60.79545454545454,12.5
E00009846,176,44,12,32,132,92,40,25,6.8181818181818175,18.181818181818183,75,52.27272727272727,22.727272727272727
E00009847,197,55,27,28,142,104,38,27.918781725888326,13.705583756345177,14.213197969543149,72.08121827411168,52.79187817258884,19.289340101522843
E00009848,169,43,23,20,126,97,29,25.443786982248522,13.609467455621301,11.834319526627219,74.55621301775149,57.396449704142015,17.159763313609467
E00009849,169,49,17,32,120,98,22,28.994082840236686,10.059171597633137,18.93491124260355,71.00591715976331,57.98816568047337,13.017751479289942
E00009850,171,44,18,26,127,91,36,25.730994152046783,10.526315789473683,15.204678362573098,74.26900584795322,53.216374269005854,21.052631578947366
E00009851,202,76,36,40,126,85,41,37.62376237623762,17.82178217821782,19.801980198019802,62.37623762376238,42.07920792079208,20.2970297029703
E00009852,164,56,29,27,108,82,26,34.146341463414636,17.682926829268293,16.463414634146343,65.85365853658537,50,15.853658536585366
E00009853,128,47,21,26,81,66,15,36.71875,16.40625,20.3125,63.28125,51.5625,11.71875
E00009854,160,48,21,27,112,85,27,30,13.125,16.875,70,53.125,16.875
E00009855,212,49,23,26,163,123,40,23.11320754716981,10.849056603773585,12.264150943396226,76.88679245283019,58.01886792452831,18.867924528301888
E00009856,176,42,22,20,134,114,20,23.863636363636363,12.5,11.363636363636363,76.13636363636364,64.77272727272727,11.363636363636363
E00009857,170,57,26,31,113,85,28,33.52941176470588,15.294117647058824,18.235294117647058,66.47058823529412,50,16.470588235294116
E00009858,131,31,15,16,100,80,20,23.66412213740458,11.450381679389313,12.213740458015266,76.33587786259542,61.06870229007634,15.267175572519085
E00009859,166,50,14,36,116,81,35,30.120481927710845,8.433734939759036,21.686746987951807,69.87951807228916,48.795180722891565,21.084337349397593
E00009860,169,55,24,31,114,82,32,32.544378698224854,14.201183431952662,18.34319526627219,67.45562130177515,48.5207100591716,18.93491124260355
E00009861,118,30,19,11,88,69,19,25.423728813559322,16.101694915254235,9.322033898305085,74.57627118644068,58.47457627118644,16.101694915254235
E00009862,156,49,23,26,107,81,26,31.41025641025641,14.743589743589745,16.666666666666664,68.58974358974359,51.92307692307693,16.666666666666664
E00009863,146,47,22,25,99,75,24,32.19178082191781,15.068493150684931,17.123287671232877,67.8082191780822,51.369863013698634,16.43835616438356
E00009864,151,65,30,35,86,73,13,43.04635761589404,19.867549668874172,23.178807947019866,56.95364238410596,48.34437086092716,8.609271523178808
E00009865,158,46,16,30,112,101,11,29.11392405063291,10.126582278481013,18.9873417721519,70.88607594936708,63.92405063291139,6.962025316455696
E00009866,176,50,25,25,126,87,39,28.40909090909091,14.204545454545455,14.204545454545455,71.5909090909091,49.43181818181818,22.15909090909091
E00009867,299,102,37,65,197,176,21,34.11371237458194,12.37458193979933,21.73913043478261,65.88628762541806,58.862876254180605,7.023411371237458
E00009868,136,47,25,22,89,79,10,34.55882352941176,18.38235294117647,16.176470588235293,65.44117647058823,58.08823529411765,7.352941176470589
E00009869,183,80,36,44,103,85,18,43.71584699453552,19.672131147540984,24.043715846994534,56.284153005464475,46.44808743169399,9.836065573770492
E00009870,117,28,10,18,89,70,19,23.931623931623932,8.547008547008547,15.384615384615385,76.06837606837607,59.82905982905983,16.23931623931624
E00009871,181,62,26,36,119,109,10,34.25414364640884,14.3646408839779,19.88950276243094,65.74585635359117,60.22099447513812,5.524861878453039
E00009872,183,64,24,40,119,113,6,34.97267759562842,13.114754098360656,21.85792349726776,65.02732240437157,61.74863387978142,3.278688524590164
E00009873,168,55,15,40,113,97,16,32.73809523809524,8.928571428571429,23.809523809523807,67.26190476190477,57.738095238095234,9.523809523809524
E00009874,132,57,20,37,75,67,8,43.18181818181818,15.151515151515152,28.030303030303028,56.81818181818182,50.75757575757576,6.0606060606060606
E00009875,181,56,26,30,125,98,27,30.939226519337016,14.3646408839779,16.574585635359114,69.06077348066299,54.14364640883977,14.917127071823206
E00009876,242,87,37,50,155,136,19,35.9504132231405,15.289256198347106,20.66115702479339,64.0495867768595,56.19834710743802,7.851239669421488
E00009877,318,116,54,62,202,171,31,36.477987421383645,16.9811320754717,19.49685534591195,63.52201257861635,53.77358490566038,9.748427672955975
E00009878,122,42,15,27,80,66,14,34.42622950819672,12.295081967213115,22.131147540983605,65.57377049180327,54.09836065573771,11.475409836065573
E00009879,148,57,20,37,91,78,13,38.513513513513516,13.513513513513514,25,61.48648648648649,52.702702702702695,8.783783783783784
E00009880,161,64,29,35,97,84,13,39.75155279503105,18.012422360248447,21.73913043478261,60.24844720496895,52.17391304347826,8.074534161490684
E00009881,186,54,21,33,132,102,30,29.03225806451613,11.29032258064516,17.741935483870968,70.96774193548387,54.83870967741935,16.129032258064516
E00009882,138,58,25,33,80,69,11,42.028985507246375,18.115942028985508,23.91304347826087,57.971014492753625,50,7.971014492753622
E00009883,150,44,17,27,106,88,18,29.333333333333332,11.333333333333332,18,70.66666666666667,58.666666666666664,12
E00009884,176,81,25,56,95,74,21,46.02272727272727,14.204545454545455,31.818181818181817,53.97727272727273,42.04545454545455,11.931818181818182
E00009885,108,44,19,25,64,51,13,40.74074074074074,17.59259259259259,23.14814814814815,59.25925925925925,47.22222222222222,12.037037037037036
E00009886,98,42,19,23,56,47,9,42.857142857142854,19.387755102040817,23.46938775510204,57.14285714285714,47.95918367346938,9.183673469387756
E00009887,108,45,16,29,63,48,15,41.66666666666667,14.814814814814813,26.851851851851855,58.333333333333336,44.44444444444444,13.88888888888889
E00009888,120,50,21,29,70,61,9,41.66666666666667,17.5,24.166666666666668,58.333333333333336,50.83333333333333,7.5
E00009889,161,44,17,27,117,84,33,27.32919254658385,10.559006211180124,16.77018633540373,72.67080745341616,52.17391304347826,20.496894409937887
E00009890,139,39,20,19,100,84,16,28.05755395683453,14.388489208633093,13.66906474820144,71.94244604316546,60.431654676258994,11.510791366906476
E00009892,175,55,24,31,120,102,18,31.428571428571427,13.714285714285715,17.71428571428571,68.57142857142857,58.285714285714285,10.285714285714285
E00009893,224,75,27,48,149,124,25,33.482142857142854,12.053571428571429,21.428571428571427,66.51785714285714,55.35714285714286,11.160714285714286
E00009894,179,59,25,34,120,101,19,32.960893854748605,13.966480446927374,18.994413407821227,67.0391061452514,56.424581005586596,10.614525139664805
E00009895,181,41,11,30,140,121,19,22.65193370165746,6.077348066298343,16.574585635359114,77.34806629834254,66.85082872928176,10.497237569060774
E00009896,209,85,40,45,124,106,18,40.66985645933015,19.138755980861244,21.5311004784689,59.33014354066985,50.717703349282296,8.61244019138756
E00009897,169,61,20,41,108,84,24,36.09467455621302,11.834319526627219,24.2603550295858,63.905325443786985,49.70414201183432,14.201183431952662
E00009898,176,52,18,34,124,99,25,29.545454545454547,10.227272727272728,19.318181818181817,70.45454545454545,56.25,14.204545454545455
E00009899,172,53,26,27,119,107,12,30.813953488372093,15.11627906976744,15.69767441860465,69.18604651162791,62.2093023255814,6.976744186046512
E00009900,290,89,40,49,201,170,31,30.689655172413794,13.793103448275861,16.896551724137932,69.3103448275862,58.620689655172406,10.689655172413794
E00009901,236,69,23,46,167,142,25,29.23728813559322,9.745762711864407,19.491525423728813,70.76271186440678,60.16949152542372,10.59322033898305
E00009902,271,101,36,65,170,130,40,37.269372693726936,13.284132841328415,23.985239852398525,62.73062730627307,47.97047970479705,14.760147601476014
E00009903,140,40,18,22,100,84,16,28.57142857142857,12.857142857142856,15.714285714285714,71.42857142857143,60,11.428571428571429
E00009904,179,56,20,36,123,100,23,31.28491620111732,11.1731843575419,20.11173184357542,68.71508379888269,55.865921787709496,12.849162011173185
E00009905,204,71,31,40,133,107,26,34.80392156862745,15.196078431372548,19.607843137254903,65.19607843137256,52.450980392156865,12.745098039215685
E00009906,171,69,31,38,102,89,13,40.35087719298245,18.128654970760234,22.22222222222222,59.64912280701754,52.046783625730995,7.602339181286549
E00009907,140,65,24,41,75,68,7,46.42857142857143,17.142857142857142,29.28571428571429,53.57142857142857,48.57142857142857,5
E00009908,159,75,25,50,84,73,11,47.16981132075472,15.723270440251572,31.446540880503143,52.83018867924528,45.911949685534594,6.918238993710692
E00009909,339,90,29,61,249,212,37,26.548672566371685,8.55457227138643,17.99410029498525,73.45132743362832,62.53687315634219,10.914454277286136
E00009910,212,68,32,36,144,125,19,32.075471698113205,15.09433962264151,16.9811320754717,67.9245283018868,58.9622641509434,8.962264150943396
E00009911,161,52,16,36,109,98,11,32.298136645962735,9.937888198757763,22.36024844720497,67.70186335403726,60.86956521739131,6.832298136645963
E00009912,162,50,16,34,112,85,27,30.864197530864196,9.876543209876543,20.98765432098765,69.1358024691358,52.46913580246913,16.666666666666664
E00009913,188,66,24,42,122,113,9,35.1063829787234,12.76595744680851,22.340425531914892,64.8936170212766,60.1063829787234,4.787234042553192
E00009914,181,44,16,28,137,121,16,24.30939226519337,8.83977900552486,15.469613259668508,75.69060773480662,66.85082872928176,8.83977900552486
E00009915,248,78,22,56,170,152,18,31.451612903225808,8.870967741935484,22.58064516129032,68.54838709677419,61.29032258064516,7.258064516129033
E00009916,194,67,25,42,127,104,23,34.5360824742268,12.886597938144329,21.649484536082475,65.4639175257732,53.608247422680414,11.855670103092782
E00009917,167,47,17,30,120,107,13,28.143712574850298,10.179640718562874,17.964071856287426,71.8562874251497,64.07185628742515,7.784431137724551
E00009918,180,52,20,32,128,109,19,28.888888888888886,11.11111111111111,17.77777777777778,71.11111111111111,60.55555555555555,10.555555555555555
E00009919,194,53,12,41,141,121,20,27.31958762886598,6.185567010309279,21.1340206185567,72.68041237113401,62.371134020618555,10.309278350515463
E00009920,188,54,28,26,134,123,11,28.723404255319153,14.893617021276595,13.829787234042554,71.27659574468085,65.42553191489363,5.851063829787234
E00009921,192,45,15,30,147,127,20,23.4375,7.8125,15.625,76.5625,66.14583333333334,10.416666666666668
E00009922,224,97,35,62,127,106,21,43.30357142857143,15.625,27.67857142857143,56.69642857142857,47.32142857142857,9.375
E00009923,193,61,22,39,132,114,18,31.606217616580313,11.398963730569948,20.207253886010363,68.39378238341969,59.067357512953365,9.32642487046632
E00009924,172,72,23,49,100,87,13,41.86046511627907,13.372093023255813,28.488372093023255,58.139534883720934,50.58139534883721,7.55813953488372
E00009925,169,58,21,37,111,94,17,34.319526627218934,12.42603550295858,21.893491124260358,65.68047337278107,55.62130177514793,10.059171597633137
E00009926,251,86,39,47,165,134,31,34.26294820717131,15.53784860557769,18.725099601593627,65.73705179282868,53.38645418326693,12.350597609561753
E00009927,214,73,31,42,141,118,23,34.112149532710276,14.485981308411214,19.626168224299064,65.88785046728972,55.140186915887845,10.74766355140187
E00009928,259,113,50,63,146,118,28,43.62934362934363,19.305019305019304,24.324324324324326,56.37065637065637,45.559845559845556,10.81081081081081
E00009929,137,51,17,34,86,74,12,37.22627737226277,12.408759124087592,24.817518248175183,62.77372262773723,54.01459854014598,8.75912408759124
E00009930,165,58,13,45,107,97,10,35.15151515151515,7.878787878787878,27.27272727272727,64.84848484848484,58.78787878787879,6.0606060606060606
E00009931,106,50,21,29,56,44,12,47.16981132075472,19.81132075471698,27.358490566037734,52.83018867924528,41.509433962264154,11.320754716981133
E00009932,191,63,16,47,128,101,27,32.98429319371728,8.37696335078534,24.60732984293194,67.01570680628272,52.879581151832454,14.136125654450263
E00009933,131,41,10,31,90,83,7,31.297709923664126,7.633587786259542,23.66412213740458,68.70229007633588,63.358778625954194,5.343511450381679
E00009934,175,66,21,45,109,95,14,37.714285714285715,12,25.71428571428571,62.28571428571429,54.285714285714285,8
E00009935,149,57,28,29,92,79,13,38.25503355704698,18.79194630872483,19.463087248322147,61.74496644295302,53.02013422818792,8.724832214765101
E00009936,134,45,16,29,89,76,13,33.582089552238806,11.940298507462686,21.641791044776117,66.4179104477612,56.71641791044776,9.701492537313433
E00009937,224,60,8,52,164,148,16,26.785714285714285,3.571428571428571,23.214285714285715,73.21428571428571,66.07142857142857,7.142857142857142
E00009938,186,64,21,43,122,103,19,34.40860215053764,11.29032258064516,23.118279569892472,65.59139784946237,55.376344086021504,10.21505376344086
E00009939,279,107,44,63,172,150,22,38.35125448028674,15.770609318996415,22.58064516129032,61.648745519713266,53.76344086021505,7.885304659498208
E00009940,195,79,22,57,116,102,14,40.51282051282051,11.282051282051283,29.230769230769234,59.48717948717949,52.307692307692314,7.179487179487179
E00009941,161,55,20,35,106,91,15,34.161490683229815,12.422360248447205,21.73913043478261,65.83850931677019,56.52173913043478,9.316770186335404
E00009942,186,57,14,43,129,112,17,30.64516129032258,7.526881720430108,23.118279569892472,69.35483870967742,60.215053763440864,9.13978494623656
E00009943,207,76,25,51,131,110,21,36.71497584541063,12.077294685990339,24.637681159420293,63.28502415458937,53.14009661835749,10.144927536231885
E00009944,200,70,36,34,130,95,35,35,18,17,65,47.5,17.5
E00009945,213,51,25,26,162,133,29,23.943661971830984,11.737089201877934,12.206572769953052,76.05633802816901,62.441314553990615,13.615023474178404
E00009946,188,49,22,27,139,110,29,26.063829787234045,11.702127659574469,14.361702127659576,73.93617021276596,58.51063829787234,15.425531914893616
E00009947,160,48,25,23,112,88,24,30,15.625,14.374999999999998,70,55.00000000000001,15
E00009948,150,35,16,19,115,80,35,23.333333333333332,10.666666666666668,12.666666666666668,76.66666666666667,53.333333333333336,23.333333333333332
E00009949,159,53,25,28,106,80,26,33.33333333333333,15.723270440251572,17.61006289308176,66.66666666666666,50.314465408805034,16.352201257861633
E00009950,144,34,21,13,110,93,17,23.61111111111111,14.583333333333334,9.027777777777777,76.38888888888889,64.58333333333334,11.805555555555555
E00009951,92,20,4,16,72,59,13,21.73913043478261,4.3478260869565215,17.391304347826086,78.26086956521739,64.13043478260869,14.130434782608695
E00009952,175,44,19,25,131,101,30,25.142857142857146,10.857142857142858,14.285714285714285,74.85714285714286,57.714285714285715,17.142857142857142
E00009953,148,33,15,18,115,89,26,22.2972972972973,10.135135135135135,12.162162162162163,77.7027027027027,60.13513513513513,17.56756756756757
E00009954,212,63,28,35,149,105,44,29.71698113207547,13.20754716981132,16.50943396226415,70.28301886792453,49.528301886792455,20.754716981132077
E00009955,129,24,13,11,105,83,22,18.6046511627907,10.077519379844961,8.527131782945736,81.3953488372093,64.34108527131784,17.05426356589147
E00009956,199,59,23,36,140,111,29,29.64824120603015,11.557788944723619,18.090452261306535,70.35175879396985,55.778894472361806,14.572864321608039
E00009957,163,45,17,28,118,94,24,27.607361963190186,10.429447852760736,17.177914110429448,72.39263803680981,57.668711656441715,14.723926380368098
E00009958,155,40,16,24,115,85,30,25.806451612903224,10.32258064516129,15.483870967741936,74.19354838709677,54.83870967741935,19.35483870967742
E00009959,145,40,15,25,105,81,24,27.586206896551722,10.344827586206897,17.24137931034483,72.41379310344827,55.86206896551724,16.551724137931036
E00009960,145,36,14,22,109,77,32,24.82758620689655,9.655172413793103,15.172413793103448,75.17241379310344,53.103448275862064,22.06896551724138
E00009961,131,34,14,20,97,76,21,25.954198473282442,10.687022900763358,15.267175572519085,74.04580152671755,58.01526717557252,16.030534351145036
E00009962,183,52,26,26,131,100,31,28.415300546448087,14.207650273224044,14.207650273224044,71.58469945355192,54.644808743169406,16.939890710382514
E00009963,143,24,14,10,119,84,35,16.783216783216783,9.79020979020979,6.993006993006993,83.21678321678321,58.74125874125874,24.475524475524477
E00009964,139,41,21,20,98,67,31,29.496402877697843,15.107913669064748,14.388489208633093,70.50359712230215,48.201438848920866,22.302158273381295
E00009965,149,27,12,15,122,83,39,18.120805369127517,8.053691275167784,10.06711409395973,81.87919463087249,55.70469798657718,26.174496644295303
E00009967,164,34,15,19,130,108,22,20.73170731707317,9.146341463414634,11.585365853658537,79.26829268292683,65.85365853658537,13.414634146341465
E00009968,117,22,8,14,95,76,19,18.803418803418804,6.837606837606838,11.965811965811966,81.19658119658119,64.95726495726495,16.23931623931624
E00009969,133,26,11,15,107,86,21,19.548872180451127,8.270676691729323,11.278195488721805,80.45112781954887,64.66165413533834,15.789473684210526
E00009970,203,45,18,27,158,116,42,22.167487684729064,8.866995073891626,13.30049261083744,77.83251231527095,57.14285714285714,20.689655172413794
E00009971,124,31,13,18,93,67,26,25,10.483870967741936,14.516129032258066,75,54.03225806451613,20.967741935483872
E00009972,177,38,12,26,139,102,37,21.468926553672315,6.779661016949152,14.689265536723164,78.53107344632768,57.6271186440678,20.903954802259886
E00009973,137,32,14,18,105,80,25,23.357664233576642,10.218978102189782,13.138686131386862,76.64233576642336,58.3941605839416,18.248175182481752
E00009974,148,29,10,19,119,100,19,19.594594594594593,6.756756756756757,12.837837837837837,80.4054054054054,67.56756756756756,12.837837837837837
E00009975,154,41,14,27,113,89,24,26.623376623376622,9.090909090909092,17.532467532467532,73.37662337662337,57.7922077922078,15.584415584415584
E00009976,171,41,23,18,130,96,34,23.976608187134502,13.450292397660817,10.526315789473683,76.0233918128655,56.14035087719298,19.883040935672515
E00009978,170,35,13,22,135,114,21,20.588235294117645,7.647058823529412,12.941176470588237,79.41176470588235,67.05882352941175,12.352941176470589
E00009979,131,27,9,18,104,90,14,20.610687022900763,6.870229007633588,13.740458015267176,79.38931297709924,68.70229007633588,10.687022900763358
E00009980,166,38,17,21,128,105,23,22.89156626506024,10.240963855421686,12.650602409638553,77.10843373493977,63.25301204819277,13.855421686746988
E00009982,137,41,21,20,96,75,21,29.927007299270077,15.328467153284672,14.5985401459854,70.07299270072993,54.74452554744526,15.328467153284672
E00009983,151,30,13,17,121,89,32,19.867549668874172,8.609271523178808,11.258278145695364,80.13245033112582,58.94039735099338,21.192052980132452
E00009984,166,46,14,32,120,93,27,27.710843373493976,8.433734939759036,19.27710843373494,72.28915662650603,56.024096385542165,16.265060240963855
E00009985,202,43,21,22,159,130,29,21.287128712871286,10.396039603960396,10.891089108910892,78.71287128712872,64.35643564356435,14.356435643564355
E00009986,176,57,22,35,119,84,35,32.38636363636363,12.5,19.886363636363637,67.61363636363636,47.72727272727273,19.886363636363637
E00009987,159,37,18,19,122,106,16,23.270440251572328,11.320754716981133,11.949685534591195,76.72955974842768,66.66666666666666,10.062893081761008
E00009988,175,58,13,45,117,85,32,33.14285714285714,7.428571428571429,25.71428571428571,66.85714285714286,48.57142857142857,18.285714285714285
E00009990,110,33,9,24,77,62,15,30,8.181818181818182,21.818181818181817,70,56.36363636363636,13.636363636363635
E00009991,127,29,14,15,98,79,19,22.83464566929134,11.023622047244094,11.811023622047244,77.16535433070865,62.20472440944882,14.960629921259844
E00009992,187,49,21,28,138,91,47,26.203208556149733,11.229946524064172,14.973262032085561,73.79679144385027,48.663101604278076,25.13368983957219
E00009993,167,54,25,29,113,73,40,32.33532934131736,14.97005988023952,17.365269461077844,67.66467065868264,43.712574850299404,23.952095808383234
E00009994,156,40,18,22,116,80,36,25.64102564102564,11.538461538461538,14.102564102564102,74.35897435897436,51.28205128205128,23.076923076923077
E00009995,193,53,22,31,140,106,34,27.461139896373055,11.398963730569948,16.06217616580311,72.53886010362694,54.92227979274611,17.616580310880828
E00009996,160,40,22,18,120,97,23,25,13.750000000000002,11.25,75,60.62499999999999,14.374999999999998
E00009997,207,57,26,31,150,116,34,27.536231884057973,12.560386473429952,14.975845410628018,72.46376811594203,56.038647342995176,16.425120772946862
E00009998,203,51,22,29,152,111,41,25.12315270935961,10.83743842364532,14.285714285714285,74.8768472906404,54.679802955665025,20.19704433497537
E00009999,112,39,13,26,73,58,15,34.82142857142857,11.607142857142858,23.214285714285715,65.17857142857143,51.78571428571429,13.392857142857142
E00010000,129,36,15,21,93,77,16,27.906976744186046,11.627906976744185,16.27906976744186,72.09302325581395,59.68992248062015,12.4031007751938
E00010001,153,46,14,32,107,86,21,30.065359477124183,9.15032679738562,20.915032679738562,69.93464052287581,56.209150326797385,13.725490196078432
E00010002,108,22,7,15,86,65,21,20.37037037037037,6.481481481481481,13.88888888888889,79.62962962962963,60.18518518518518,19.444444444444446
E00010003,143,27,16,11,116,90,26,18.88111888111888,11.188811188811188,7.6923076923076925,81.11888111888112,62.93706293706294,18.181818181818183
E00010004,182,43,12,31,139,111,28,23.626373626373624,6.593406593406594,17.032967032967033,76.37362637362637,60.98901098901099,15.384615384615385
E00010005,174,51,19,32,123,82,41,29.310344827586203,10.919540229885058,18.39080459770115,70.6896551724138,47.12643678160919,23.563218390804597
E00010006,167,50,20,30,117,81,36,29.94011976047904,11.976047904191617,17.964071856287426,70.05988023952095,48.50299401197605,21.55688622754491
E00010007,155,34,18,16,121,110,11,21.935483870967744,11.612903225806452,10.32258064516129,78.06451612903226,70.96774193548387,7.096774193548387
E00010008,223,59,25,34,164,116,48,26.45739910313901,11.210762331838566,15.246636771300448,73.54260089686099,52.01793721973094,21.524663677130047
E00010009,129,27,13,14,102,84,18,20.930232558139537,10.077519379844961,10.852713178294573,79.06976744186046,65.11627906976744,13.953488372093023
E00010010,131,43,20,23,88,67,21,32.82442748091603,15.267175572519085,17.557251908396946,67.17557251908397,51.14503816793893,16.030534351145036
E00010011,134,34,13,21,100,70,30,25.37313432835821,9.701492537313433,15.671641791044777,74.6268656716418,52.23880597014925,22.388059701492537
E00010012,166,47,24,23,119,76,43,28.313253012048197,14.457831325301203,13.855421686746988,71.6867469879518,45.78313253012048,25.903614457831324
E00010013,133,44,20,24,89,56,33,33.08270676691729,15.037593984962406,18.045112781954884,66.9172932330827,42.10526315789473,24.81203007518797
E00010014,98,33,15,18,65,46,19,33.6734693877551,15.306122448979592,18.367346938775512,66.3265306122449,46.93877551020408,19.387755102040817
E00010015,148,47,24,23,101,77,24,31.756756756756754,16.216216216216218,15.54054054054054,68.24324324324324,52.02702702702703,16.216216216216218
E00010016,159,51,25,26,108,77,31,32.075471698113205,15.723270440251572,16.352201257861633,67.9245283018868,48.42767295597484,19.49685534591195
E00010017,193,42,22,20,151,126,25,21.761658031088082,11.398963730569948,10.362694300518134,78.23834196891191,65.28497409326425,12.953367875647666
E00010018,220,62,32,30,158,132,26,28.18181818181818,14.545454545454545,13.636363636363635,71.81818181818181,60,11.818181818181818
E00010019,145,46,17,29,99,82,17,31.724137931034484,11.724137931034482,20,68.27586206896552,56.55172413793104,11.724137931034482
E00010021,120,42,20,22,78,70,8,35,16.666666666666664,18.333333333333332,65,58.333333333333336,6.666666666666667
E00010022,174,58,21,37,116,102,14,33.33333333333333,12.068965517241379,21.26436781609195,66.66666666666666,58.620689655172406,8.045977011494253
E00010023,146,37,21,16,109,84,25,25.34246575342466,14.383561643835616,10.95890410958904,74.65753424657534,57.534246575342465,17.123287671232877
E00010024,158,47,20,27,111,85,26,29.746835443037973,12.658227848101266,17.088607594936708,70.25316455696202,53.79746835443038,16.455696202531644
E00010026,236,94,44,50,142,124,18,39.83050847457627,18.64406779661017,21.1864406779661,60.16949152542372,52.54237288135594,7.627118644067797
E00010027,256,98,28,70,158,131,27,38.28125,10.9375,27.34375,61.71875,51.171875,10.546875
E00010029,152,45,19,26,107,80,27,29.605263157894733,12.5,17.105263157894736,70.39473684210526,52.63157894736842,17.763157894736842
E00010030,193,51,24,27,142,113,29,26.42487046632124,12.435233160621761,13.989637305699482,73.57512953367875,58.549222797927456,15.025906735751295
E00010032,171,45,18,27,126,98,28,26.31578947368421,10.526315789473683,15.789473684210526,73.68421052631578,57.30994152046783,16.374269005847953
E00010033,271,68,30,38,203,181,22,25.092250922509223,11.07011070110701,14.022140221402212,74.90774907749078,66.78966789667896,8.118081180811808
E00010035,272,63,31,32,209,170,39,23.161764705882355,11.397058823529411,11.76470588235294,76.83823529411765,62.5,14.338235294117647
E00010036,187,59,22,37,128,108,20,31.550802139037433,11.76470588235294,19.786096256684495,68.44919786096256,57.75401069518716,10.695187165775401
E00010037,210,54,21,33,156,133,23,25.71428571428571,10,15.714285714285714,74.28571428571429,63.33333333333333,10.952380952380953
E00010038,227,61,31,30,166,148,18,26.87224669603524,13.656387665198238,13.215859030837004,73.12775330396477,65.19823788546255,7.929515418502203
E00010039,154,58,23,35,96,81,15,37.66233766233766,14.935064935064934,22.727272727272727,62.33766233766234,52.5974025974026,9.740259740259742
E00010041,249,51,22,29,198,158,40,20.481927710843372,8.835341365461847,11.646586345381527,79.51807228915662,63.45381526104418,16.06425702811245
E00010042,262,79,33,46,183,152,31,30.15267175572519,12.595419847328243,17.557251908396946,69.8473282442748,58.01526717557252,11.83206106870229
E00010043,204,56,23,33,148,127,21,27.450980392156865,11.27450980392157,16.176470588235293,72.54901960784314,62.254901960784316,10.294117647058822
E00010044,192,53,20,33,139,113,26,27.604166666666668,10.416666666666668,17.1875,72.39583333333334,58.854166666666664,13.541666666666666
E00010045,189,50,19,31,139,113,26,26.455026455026452,10.052910052910052,16.402116402116402,73.54497354497354,59.78835978835979,13.756613756613756
E00010046,163,38,18,20,125,104,21,23.31288343558282,11.042944785276074,12.269938650306749,76.68711656441718,63.80368098159509,12.883435582822086
E00010047,196,39,13,26,157,134,23,19.897959183673468,6.63265306122449,13.26530612244898,80.10204081632652,68.36734693877551,11.73469387755102
E00010048,191,48,13,35,143,126,17,25.13089005235602,6.806282722513089,18.32460732984293,74.86910994764398,65.96858638743456,8.900523560209423
E00010049,278,70,30,40,208,181,27,25.179856115107913,10.79136690647482,14.388489208633093,74.82014388489209,65.10791366906474,9.712230215827338
E00010050,149,36,8,28,113,89,24,24.161073825503358,5.369127516778524,18.79194630872483,75.83892617449665,59.73154362416108,16.10738255033557
E00010051,146,39,21,18,107,93,14,26.71232876712329,14.383561643835616,12.32876712328767,73.28767123287672,63.6986301369863,9.58904109589041
E00010052,186,42,16,26,144,119,25,22.58064516129032,8.60215053763441,13.978494623655912,77.41935483870968,63.97849462365591,13.440860215053762
E00010053,173,47,17,30,126,110,16,27.167630057803464,9.826589595375722,17.341040462427745,72.83236994219652,63.58381502890174,9.248554913294797
E00010054,253,61,26,35,192,162,30,24.110671936758894,10.276679841897234,13.83399209486166,75.8893280632411,64.03162055335969,11.857707509881422
E00010055,342,101,28,73,241,207,34,29.53216374269006,8.187134502923977,21.34502923976608,70.46783625730994,60.526315789473685,9.941520467836257
E00010056,296,76,33,43,220,180,40,25.675675675675674,11.14864864864865,14.527027027027026,74.32432432432432,60.810810810810814,13.513513513513514
E00010057,193,44,15,29,149,132,17,22.797927461139896,7.772020725388601,15.025906735751295,77.2020725388601,68.39378238341969,8.808290155440414
E00010058,166,46,19,27,120,101,19,27.710843373493976,11.44578313253012,16.265060240963855,72.28915662650603,60.8433734939759,11.44578313253012
E00010059,183,37,17,20,146,130,16,20.21857923497268,9.289617486338798,10.92896174863388,79.78142076502732,71.03825136612022,8.743169398907105
E00010060,255,85,43,42,170,148,22,33.33333333333333,16.862745098039216,16.470588235294116,66.66666666666666,58.03921568627452,8.627450980392156
E00010061,180,60,23,37,120,99,21,33.33333333333333,12.777777777777777,20.555555555555554,66.66666666666666,55.00000000000001,11.666666666666666
E00010062,184,59,21,38,125,95,30,32.065217391304344,11.41304347826087,20.652173913043477,67.93478260869566,51.63043478260869,16.304347826086957
E00010064,153,50,20,30,103,60,43,32.6797385620915,13.071895424836603,19.607843137254903,67.3202614379085,39.21568627450981,28.104575163398692
E00010065,161,41,18,23,120,69,51,25.465838509316768,11.180124223602485,14.285714285714285,74.53416149068323,42.857142857142854,31.67701863354037
E00010066,171,31,14,17,140,106,34,18.128654970760234,8.187134502923977,9.941520467836257,81.87134502923976,61.98830409356725,19.883040935672515
E00010067,107,29,10,19,78,44,34,27.102803738317753,9.345794392523365,17.75700934579439,72.89719626168224,41.1214953271028,31.775700934579437
E00010068,142,35,20,15,107,70,37,24.647887323943664,14.084507042253522,10.56338028169014,75.35211267605634,49.29577464788733,26.056338028169012
E00010069,110,20,4,16,90,74,16,18.181818181818183,3.6363636363636362,14.545454545454545,81.81818181818183,67.27272727272727,14.545454545454545
E00010070,193,40,18,22,153,109,44,20.72538860103627,9.32642487046632,11.398963730569948,79.27461139896373,56.476683937823836,22.797927461139896
E00010071,187,25,15,10,162,124,38,13.368983957219251,8.0213903743315509,5.347593582887701,86.63101604278076,66.31016042780749,20.32085561497326
E00010072,121,37,16,21,84,64,20,30.57851239669421,13.223140495867769,17.355371900826448,69.42148760330579,52.892561983471076,16.528925619834713
E00010073,112,28,13,15,84,56,28,25,11.607142857142858,13.392857142857142,75,50,25
E00010074,159,38,19,19,121,89,32,23.89937106918239,11.949685534591195,11.949685534591195,76.10062893081762,55.9748427672956,20.125786163522015
E00010075,149,36,14,22,113,80,33,24.161073825503358,9.395973154362416,14.76510067114094,75.83892617449665,53.691275167785236,22.14765100671141
E00010076,173,43,19,24,130,89,41,24.85549132947977,10.982658959537572,13.872832369942195,75.14450867052022,51.445086705202314,23.699421965317917
E00010077,141,48,22,26,93,77,16,34.04255319148936,15.602836879432624,18.439716312056735,65.95744680851064,54.60992907801418,11.347517730496454
E00010078,111,27,10,17,84,56,28,24.324324324324326,9.00900900900901,15.315315315315313,75.67567567567568,50.45045045045045,25.225225225225223
E00010079,159,38,20,18,121,80,41,23.89937106918239,12.578616352201259,11.320754716981133,76.10062893081762,50.314465408805034,25.78616352201258
E00010080,146,28,10,18,118,90,28,19.17808219178082,6.8493150684931505,12.32876712328767,80.82191780821918,61.64383561643836,19.17808219178082
E00010081,80,21,8,13,59,41,18,26.25,10,16.25,73.75,51.24999999999999,22.5
E00010082,190,40,20,20,150,127,23,21.052631578947366,10.526315789473683,10.526315789473683,78.94736842105263,66.84210526315789,12.105263157894736
E00010083,152,23,10,13,129,89,40,15.131578947368421,6.578947368421052,8.552631578947368,84.86842105263158,58.55263157894737,26.31578947368421
E00010084,148,46,27,19,102,76,26,31.08108108108108,18.243243243243242,12.837837837837837,68.91891891891892,51.35135135135135,17.56756756756757
E00010085,198,59,27,32,139,104,35,29.797979797979796,13.636363636363635,16.161616161616163,70.2020202020202,52.52525252525253,17.67676767676768
E00010086,165,38,19,19,127,94,33,23.03030303030303,11.515151515151516,11.515151515151516,76.96969696969697,56.96969696969697,20
E00010087,138,29,14,15,109,78,31,21.014492753623188,10.144927536231885,10.869565217391305,78.98550724637681,56.52173913043478,22.463768115942027
E00010088,169,34,14,20,135,115,20,20.118343195266274,8.284023668639055,11.834319526627219,79.88165680473372,68.04733727810651,11.834319526627219
E00010089,75,14,8,6,61,35,26,18.666666666666668,10.666666666666668,8,81.33333333333333,46.666666666666664,34.66666666666667
E00010090,96,30,18,12,66,48,18,31.25,18.75,12.5,68.75,50,18.75
E00010091,160,29,14,15,131,95,36,18.125,8.75,9.375,81.875,59.375,22.5
E00010092,179,33,11,22,146,112,34,18.435754189944134,6.145251396648044,12.290502793296088,81.56424581005587,62.56983240223464,18.994413407821227
E00010093,131,28,16,12,103,57,46,21.374045801526716,12.213740458015266,9.16030534351145,78.62595419847328,43.51145038167939,35.11450381679389
E00010094,129,31,14,17,98,79,19,24.031007751937985,10.852713178294573,13.178294573643413,75.96899224806202,61.240310077519375,14.728682170542637
E00010095,263,43,20,23,220,189,31,16.34980988593156,7.604562737642586,8.745247148288973,83.65019011406845,71.86311787072243,11.787072243346007
E00010096,164,39,14,25,125,77,48,23.78048780487805,8.536585365853659,15.24390243902439,76.21951219512195,46.95121951219512,29.268292682926827
E00010097,121,41,23,18,80,54,26,33.88429752066116,19.00826446280992,14.87603305785124,66.11570247933885,44.62809917355372,21.487603305785125
E00010098,112,31,16,15,81,66,15,27.67857142857143,14.285714285714285,13.392857142857142,72.32142857142857,58.92857142857143,13.392857142857142
E00010099,163,30,18,12,133,102,31,18.404907975460123,11.042944785276074,7.361963190184049,81.59509202453987,62.57668711656442,19.018404907975462
E00010100,146,38,13,25,108,85,23,26.027397260273972,8.904109589041095,17.123287671232877,73.97260273972603,58.21917808219178,15.753424657534246
E00010101,190,37,16,21,153,106,47,19.473684210526315,8.421052631578947,11.052631578947368,80.52631578947368,55.78947368421052,24.736842105263158
E00010102,103,35,11,24,68,54,14,33.980582524271846,10.679611650485436,23.300970873786408,66.01941747572816,52.42718446601942,13.592233009708737
E00010103,169,50,19,31,119,90,29,29.585798816568047,11.242603550295858,18.34319526627219,70.41420118343196,53.25443786982249,17.159763313609467
E00010104,247,67,27,40,180,148,32,27.125506072874494,10.931174089068826,16.194331983805668,72.8744939271255,59.91902834008097,12.955465587044534
E00010105,236,65,24,41,171,128,43,27.54237288135593,10.16949152542373,17.372881355932204,72.45762711864407,54.23728813559322,18.220338983050848
E00010106,304,84,35,49,220,168,52,27.631578947368425,11.513157894736842,16.11842105263158,72.36842105263158,55.26315789473685,17.105263157894736
E00010107,159,32,15,17,127,102,25,20.125786163522015,9.433962264150944,10.69182389937107,79.87421383647799,64.15094339622641,15.723270440251572
E00010108,125,37,17,20,88,75,13,29.599999999999998,13.600000000000001,16,70.39999999999999,60,10.4
E00010109,161,35,11,24,126,93,33,21.73913043478261,6.832298136645963,14.906832298136646,78.26086956521739,57.7639751552795,20.496894409937887
E00010110,165,49,23,26,116,100,16,29.6969696969697,13.939393939393941,15.757575757575756,70.3030303030303,60.60606060606061,9.696969696969697
E00010111,178,46,23,23,132,96,36,25.842696629213485,12.921348314606742,12.921348314606742,74.15730337078652,53.93258426966292,20.224719101123593
E00010112,162,40,17,23,122,101,21,24.691358024691358,10.493827160493826,14.19753086419753,75.30864197530865,62.34567901234568,12.962962962962962
E00010114,94,35,12,23,59,51,8,37.234042553191486,12.76595744680851,24.46808510638298,62.76595744680851,54.25531914893617,8.51063829787234
E00010115,95,41,12,29,54,51,3,43.15789473684211,12.631578947368421,30.526315789473685,56.84210526315789,53.68421052631579,3.1578947368421053
E00010116,122,39,18,21,83,70,13,31.967213114754102,14.754098360655737,17.21311475409836,68.0327868852459,57.377049180327866,10.655737704918032
E00010117,149,50,16,34,99,80,19,33.557046979865774,10.738255033557047,22.818791946308725,66.44295302013423,53.691275167785236,12.751677852348994
E00010118,150,34,17,17,116,94,22,22.666666666666664,11.333333333333332,11.333333333333332,77.33333333333333,62.66666666666667,14.666666666666666
E00010119,126,50,7,43,76,71,5,39.682539682539684,5.555555555555555,34.12698412698413,60.317460317460316,56.34920634920635,3.968253968253968
E00010120,112,46,13,33,66,57,9,41.07142857142857,11.607142857142858,29.464285714285715,58.92857142857143,50.89285714285714,8.035714285714286
E00010121,136,35,8,27,101,82,19,25.735294117647058,5.88235294117647,19.852941176470587,74.26470588235294,60.29411764705882,13.970588235294118
E00010122,152,40,19,21,112,87,25,26.31578947368421,12.5,13.815789473684212,73.68421052631578,57.23684210526315,16.447368421052634
E00010123,164,45,12,33,119,101,18,27.439024390243905,7.317073170731707,20.121951219512198,72.5609756097561,61.58536585365854,10.975609756097562
E00010124,166,55,21,34,111,94,17,33.13253012048193,12.650602409638553,20.481927710843372,66.86746987951807,56.62650602409639,10.240963855421686
E00010125,165,43,20,23,122,91,31,26.060606060606062,12.121212121212121,13.939393939393941,73.93939393939394,55.15151515151515,18.787878787878785
E00010126,152,43,25,18,109,92,17,28.289473684210524,16.447368421052634,11.842105263157894,71.71052631578947,60.526315789473685,11.18421052631579
E00010127,146,40,19,21,106,84,22,27.397260273972602,13.013698630136986,14.383561643835616,72.6027397260274,57.534246575342465,15.068493150684931
E00010128,248,57,14,43,191,162,29,22.983870967741936,5.64516129032258,17.338709677419356,77.01612903225806,65.32258064516128,11.693548387096774
E00010130,168,34,14,20,134,108,26,20.238095238095237,8.333333333333332,11.904761904761903,79.76190476190477,64.28571428571429,15.476190476190476
E00010131,198,59,21,38,139,112,27,29.797979797979796,10.606060606060606,19.19191919191919,70.2020202020202,56.56565656565656,13.636363636363635
E00010132,169,54,21,33,115,91,24,31.952662721893493,12.42603550295858,19.526627218934912,68.04733727810651,53.84615384615385,14.201183431952662
E00010133,165,40,18,22,125,103,22,24.242424242424242,10.909090909090908,13.333333333333334,75.75757575757575,62.42424242424243,13.333333333333334
E00010134,124,32,14,18,92,76,16,25.806451612903224,11.29032258064516,14.516129032258066,74.19354838709677,61.29032258064516,12.903225806451612
E00010135,121,41,16,25,80,65,15,33.88429752066116,13.223140495867769,20.66115702479339,66.11570247933885,53.71900826446281,12.396694214876034
E00010136,129,43,13,30,86,68,18,33.33333333333333,10.077519379844961,23.25581395348837,66.66666666666666,52.71317829457365,13.953488372093023
E00010137,134,46,18,28,88,74,14,34.32835820895522,13.432835820895523,20.8955223880597,65.67164179104478,55.223880597014926,10.44776119402985
E00010138,215,62,20,42,153,125,28,28.837209302325583,9.30232558139535,19.53488372093023,71.16279069767441,58.139534883720934,13.023255813953488
E00010139,174,61,29,32,113,80,33,35.05747126436782,16.666666666666664,18.39080459770115,64.9425287356322,45.97701149425287,18.96551724137931
E00010140,154,55,21,34,99,69,30,35.714285714285715,13.636363636363635,22.07792207792208,64.28571428571429,44.8051948051948,19.480519480519483
E00010141,164,47,18,29,117,88,29,28.65853658536585,10.975609756097562,17.682926829268293,71.34146341463415,53.65853658536586,17.682926829268293
E00010142,220,62,35,27,158,129,29,28.18181818181818,15.909090909090908,12.272727272727273,71.81818181818181,58.63636363636363,13.18181818181818
E00010143,161,45,24,21,116,86,30,27.95031055900621,14.906832298136646,13.043478260869565,72.04968944099379,53.41614906832298,18.633540372670808
E00010144,156,40,17,23,116,82,34,25.64102564102564,10.897435897435898,14.743589743589745,74.35897435897436,52.56410256410257,21.794871794871796
E00010145,136,42,16,26,94,74,20,30.88235294117647,11.76470588235294,19.11764705882353,69.11764705882352,54.41176470588235,14.705882352941178
E00010146,116,39,17,22,77,56,21,33.62068965517241,14.655172413793101,18.96551724137931,66.37931034482759,48.275862068965516,18.103448275862068
E00010147,135,49,25,24,86,59,27,36.2962962962963,18.51851851851852,17.77777777777778,63.70370370370371,43.7037037037037,20
E00010148,57,22,14,8,35,19,16,38.59649122807017,24.561403508771928,14.035087719298245,61.40350877192983,33.33333333333333,28.07017543859649
E00010149,173,45,23,22,128,100,28,26.011560693641616,13.294797687861271,12.716763005780345,73.98843930635837,57.80346820809249,16.184971098265898
E00010150,207,58,31,27,149,112,37,28.019323671497588,14.975845410628018,13.043478260869565,71.98067632850241,54.106280193236714,17.874396135265698
E00010152,175,43,25,18,132,98,34,24.571428571428573,14.285714285714285,10.285714285714285,75.42857142857143,56.00000000000001,19.428571428571427
E00010153,120,41,15,26,79,67,12,34.166666666666664,12.5,21.666666666666668,65.83333333333333,55.833333333333336,10
E00010154,156,49,25,24,107,86,21,31.41025641025641,16.025641025641026,15.384615384615385,68.58974358974359,55.12820512820513,13.461538461538462
E00010155,173,42,16,26,131,107,24,24.277456647398843,9.248554913294797,15.028901734104046,75.72254335260115,61.849710982658955,13.872832369942195
E00010156,135,35,21,14,100,66,34,25.925925925925924,15.555555555555555,10.37037037037037,74.07407407407408,48.888888888888886,25.185185185185183
E00010157,139,47,20,27,92,57,35,33.81294964028777,14.388489208633093,19.424460431654676,66.18705035971223,41.007194244604314,25.179856115107913
E00010158,206,64,30,34,142,100,42,31.06796116504854,14.563106796116504,16.50485436893204,68.93203883495146,48.54368932038835,20.388349514563107
E00010159,183,55,25,30,128,98,30,30.05464480874317,13.661202185792352,16.39344262295082,69.94535519125684,53.551912568306015,16.39344262295082
E00010160,106,19,6,13,87,68,19,17.92452830188679,5.660377358490567,12.264150943396226,82.0754716981132,64.15094339622641,17.92452830188679
E00010161,144,41,15,26,103,78,25,28.47222222222222,10.416666666666668,18.055555555555554,71.52777777777779,54.166666666666664,17.36111111111111
E00010162,249,47,19,28,202,159,43,18.87550200803213,7.630522088353414,11.244979919678714,81.12449799196787,63.85542168674698,17.269076305220885
E00010163,171,54,20,34,117,82,35,31.57894736842105,11.695906432748536,19.883040935672515,68.42105263157895,47.953216374269005,20.46783625730994
E00010164,143,56,24,32,87,48,39,39.16083916083916,16.783216783216783,22.377622377622377,60.83916083916085,33.56643356643357,27.27272727272727
E00010165,169,45,23,22,124,101,23,26.627218934911244,13.609467455621301,13.017751479289942,73.37278106508876,59.76331360946746,13.609467455621301
E00010166,138,47,20,27,91,60,31,34.05797101449276,14.492753623188406,19.565217391304348,65.94202898550725,43.47826086956522,22.463768115942027
E00010167,183,47,27,20,136,102,34,25.683060109289617,14.754098360655737,10.92896174863388,74.31693989071039,55.73770491803278,18.579234972677597
E00010168,143,46,24,22,97,70,27,32.16783216783217,16.783216783216783,15.384615384615385,67.83216783216784,48.95104895104895,18.88111888111888
E00010169,191,46,24,22,145,114,31,24.083769633507853,12.56544502617801,11.518324607329843,75.91623036649214,59.68586387434554,16.230366492146597
E00010170,80,26,12,14,54,46,8,32.5,15,17.5,67.5,57.49999999999999,10
E00010171,190,60,17,43,130,85,45,31.57894736842105,8.947368421052632,22.63157894736842,68.42105263157895,44.73684210526316,23.684210526315788
E00010172,186,41,16,25,145,117,28,22.043010752688172,8.60215053763441,13.440860215053762,77.95698924731182,62.903225806451616,15.053763440860216
E00010173,123,42,20,22,81,65,16,34.146341463414636,16.260162601626014,17.88617886178862,65.85365853658537,52.84552845528455,13.008130081300814
E00010174,192,53,22,31,139,115,24,27.604166666666668,11.458333333333332,16.145833333333336,72.39583333333334,59.895833333333336,12.5
E00010176,132,61,19,42,71,60,11,46.21212121212121,14.393939393939394,31.818181818181817,53.78787878787878,45.45454545454545,8.333333333333332
E00010177,118,53,19,34,65,55,10,44.91525423728814,16.101694915254235,28.8135593220339,55.08474576271186,46.61016949152542,8.47457627118644
E00010178,157,46,17,29,111,83,28,29.29936305732484,10.828025477707007,18.471337579617835,70.70063694267516,52.86624203821656,17.8343949044586
E00010179,113,54,23,31,59,58,1,47.78761061946903,20.353982300884958,27.43362831858407,52.21238938053098,51.32743362831859,0.8849557522123894
E00010180,167,76,25,51,91,70,21,45.50898203592814,14.97005988023952,30.538922155688624,54.49101796407185,41.91616766467065,12.574850299401197
E00010181,117,42,9,33,75,67,8,35.8974358974359,7.6923076923076925,28.205128205128204,64.1025641025641,57.26495726495726,6.837606837606838
E00010182,154,56,17,39,98,87,11,36.36363636363637,11.03896103896104,25.324675324675322,63.63636363636363,56.493506493506494,7.142857142857142
E00010183,179,73,30,43,106,85,21,40.78212290502793,16.75977653631285,24.022346368715084,59.217877094972074,47.486033519553075,11.731843575418994
E00010184,217,59,25,34,158,138,20,27.188940092165897,11.52073732718894,15.668202764976957,72.81105990783409,63.594470046082954,9.216589861751153
E00010185,205,58,22,36,147,133,14,28.292682926829265,10.731707317073171,17.560975609756095,71.70731707317073,64.8780487804878,6.829268292682928
E00010186,128,54,16,38,74,64,10,42.1875,12.5,29.6875,57.8125,50,7.8125
E00010187,224,64,30,34,160,133,27,28.57142857142857,13.392857142857142,15.178571428571427,71.42857142857143,59.375,12.053571428571429
E00010188,193,43,14,29,150,128,22,22.279792746113987,7.253886010362693,15.025906735751295,77.720207253886,66.32124352331607,11.398963730569948
E00010189,184,49,17,32,135,117,18,26.6304347826087,9.239130434782608,17.391304347826086,73.36956521739131,63.58695652173913,9.782608695652174
E00010190,194,58,24,34,136,118,18,29.896907216494846,12.371134020618557,17.525773195876287,70.10309278350515,60.824742268041234,9.278350515463918
E00010191,165,47,15,32,118,104,14,28.484848484848484,9.090909090909092,19.393939393939394,71.51515151515152,63.030303030303024,8.484848484848486
E00010192,288,91,40,51,197,175,22,31.59722222222222,13.88888888888889,17.708333333333336,68.40277777777779,60.763888888888886,7.638888888888889
E00010193,183,53,23,30,130,110,20,28.96174863387978,12.568306010928962,16.39344262295082,71.03825136612022,60.10928961748634,10.92896174863388
E00010194,330,121,43,78,209,182,27,36.666666666666664,13.030303030303031,23.636363636363637,63.33333333333333,55.15151515151515,8.181818181818182
E00010195,172,50,19,31,122,108,14,29.069767441860467,11.046511627906977,18.023255813953487,70.93023255813954,62.7906976744186,8.13953488372093
E00010196,250,95,45,50,155,133,22,38,18,20,62,53.2,8.799999999999999
E00010197,153,51,15,36,102,87,15,33.33333333333333,9.803921568627452,23.52941176470588,66.66666666666666,56.86274509803921,9.803921568627452
E00010198,138,42,18,24,96,71,25,30.434782608695656,13.043478260869565,17.391304347826086,69.56521739130434,51.449275362318836,18.115942028985508
E00010199,154,57,15,42,97,82,15,37.01298701298701,9.740259740259742,27.27272727272727,62.98701298701299,53.246753246753244,9.740259740259742
E00010200,220,86,34,52,134,109,25,39.09090909090909,15.454545454545453,23.636363636363637,60.909090909090914,49.54545454545455,11.363636363636363
E00010201,170,68,24,44,102,88,14,40,14.117647058823529,25.882352941176475,60,51.76470588235295,8.235294117647058
E00010202,184,62,23,39,122,93,29,33.69565217391305,12.5,21.195652173913043,66.30434782608695,50.54347826086957,15.760869565217392
E00010204,237,102,35,67,135,117,18,43.037974683544306,14.767932489451477,28.270042194092827,56.9620253164557,49.36708860759494,7.59493670886076
E00010205,189,74,38,36,115,97,18,39.15343915343915,20.105820105820104,19.047619047619047,60.84656084656085,51.32275132275132,9.523809523809524
E00010206,116,48,13,35,68,59,9,41.37931034482759,11.206896551724139,30.17241379310345,58.620689655172406,50.86206896551724,7.758620689655173
E00010207,152,63,29,34,89,77,12,41.44736842105263,19.078947368421055,22.36842105263158,58.55263157894737,50.6578947368421,7.894736842105263
E00010208,140,44,21,23,96,89,7,31.428571428571427,15,16.428571428571427,68.57142857142857,63.57142857142857,5
E00010209,157,49,21,28,108,96,12,31.210191082802545,13.375796178343949,17.8343949044586,68.78980891719745,61.146496815286625,7.643312101910828
E00010210,162,44,18,26,118,99,19,27.160493827160494,11.11111111111111,16.049382716049383,72.8395061728395,61.111111111111114,11.728395061728394
E00010211,168,62,27,35,106,98,8,36.904761904761905,16.071428571428573,20.833333333333336,63.095238095238095,58.333333333333336,4.761904761904762
E00010212,198,69,17,52,129,115,14,34.84848484848485,8.585858585858585,26.262626262626267,65.15151515151516,58.080808080808076,7.07070707070707
E00010213,93,47,10,37,46,40,6,50.53763440860215,10.75268817204301,39.784946236559136,49.46236559139785,43.01075268817204,6.451612903225806
E00010214,138,59,24,35,79,66,13,42.7536231884058,17.391304347826086,25.36231884057971,57.2463768115942,47.82608695652174,9.420289855072465
E00010216,121,55,14,41,66,50,16,45.45454545454545,11.570247933884298,33.88429752066116,54.54545454545454,41.32231404958678,13.223140495867769
E00010217,163,67,26,41,96,88,8,41.104294478527606,15.950920245398773,25.153374233128833,58.895705521472394,53.987730061349694,4.9079754601226995
E00010218,139,83,28,55,56,45,11,59.71223021582733,20.14388489208633,39.568345323741006,40.28776978417266,32.37410071942446,7.913669064748201
E00010219,143,64,26,38,79,70,9,44.75524475524475,18.181818181818183,26.573426573426573,55.24475524475524,48.95104895104895,6.293706293706294
E00010220,146,60,17,43,86,76,10,41.0958904109589,11.643835616438356,29.45205479452055,58.9041095890411,52.054794520547944,6.8493150684931505
E00010221,124,48,24,24,76,60,16,38.70967741935484,19.35483870967742,19.35483870967742,61.29032258064516,48.38709677419355,12.903225806451612
E00010222,108,46,20,26,62,46,16,42.592592592592595,18.51851851851852,24.074074074074073,57.407407407407405,42.592592592592595,14.814814814814813
E00010223,118,60,16,44,58,48,10,50.847457627118644,13.559322033898304,37.28813559322034,49.152542372881356,40.67796610169492,8.47457627118644
E00010224,100,42,14,28,58,52,6,42,14.000000000000002,28.000000000000004,57.99999999999999,52,6
E00010225,92,37,15,22,55,44,11,40.21739130434783,16.304347826086957,23.91304347826087,59.78260869565217,47.82608695652174,11.956521739130435
E00010226,121,57,17,40,64,62,2,47.107438016528924,14.049586776859504,33.057851239669425,52.892561983471076,51.2396694214876,1.6528925619834711
E00010227,219,102,35,67,117,97,20,46.57534246575342,15.981735159817351,30.59360730593607,53.42465753424658,44.29223744292237,9.1324200913242
E00010228,106,44,14,30,62,53,9,41.509433962264154,13.20754716981132,28.30188679245283,58.490566037735846,50,8.49056603773585
E00010229,119,59,18,41,60,60,0,49.57983193277311,15.126050420168067,34.45378151260504,50.42016806722689,50.42016806722689,0
E00010230,123,65,19,46,58,47,11,52.84552845528455,15.447154471544716,37.39837398373984,47.15447154471545,38.21138211382114,8.94308943089431
E00010231,144,56,19,37,88,74,14,38.88888888888889,13.194444444444445,25.694444444444443,61.111111111111114,51.388888888888886,9.722222222222223
E00010232,141,69,29,40,72,67,5,48.93617021276596,20.56737588652482,28.368794326241137,51.06382978723404,47.5177304964539,3.546099290780142
E00010233,135,52,11,41,83,69,14,38.51851851851852,8.148148148148149,30.37037037037037,61.48148148148148,51.11111111111111,10.37037037037037
E00010234,152,65,26,39,87,75,12,42.76315789473684,17.105263157894736,25.657894736842106,57.23684210526315,49.34210526315789,7.894736842105263
E00010235,138,59,24,35,79,70,9,42.7536231884058,17.391304347826086,25.36231884057971,57.2463768115942,50.72463768115942,6.521739130434782
E00010236,222,98,35,63,124,101,23,44.14414414414414,15.765765765765765,28.37837837837838,55.85585585585585,45.4954954954955,10.36036036036036
E00010237,261,73,18,55,188,145,43,27.969348659003828,6.896551724137931,21.0727969348659,72.03065134099617,55.55555555555556,16.47509578544061
E00010238,111,47,10,37,64,57,7,42.34234234234234,9.00900900900901,33.33333333333333,57.65765765765766,51.35135135135135,6.306306306306306
E00010239,156,58,26,32,98,89,9,37.17948717948718,16.666666666666664,20.51282051282051,62.82051282051282,57.05128205128205,5.769230769230769
E00010240,126,57,12,45,69,59,10,45.23809523809524,9.523809523809524,35.714285714285715,54.761904761904766,46.82539682539682,7.936507936507936
E00010241,227,74,19,55,153,121,32,32.59911894273127,8.370044052863436,24.229074889867842,67.40088105726872,53.30396475770925,14.096916299559473
E00010242,133,51,18,33,82,75,7,38.34586466165413,13.533834586466165,24.81203007518797,61.65413533834586,56.390977443609025,5.263157894736842
E00010243,173,56,20,36,117,101,16,32.369942196531795,11.560693641618498,20.809248554913296,67.63005780346822,58.38150289017341,9.248554913294797
E00010244,112,43,16,27,69,56,13,38.392857142857146,14.285714285714285,24.107142857142858,61.60714285714286,50,11.607142857142858
E00010245,116,48,10,38,68,53,15,41.37931034482759,8.620689655172415,32.758620689655174,58.620689655172406,45.689655172413794,12.931034482758621
E00010247,146,66,19,47,80,73,7,45.20547945205479,13.013698630136986,32.19178082191781,54.794520547945204,50,4.794520547945205
E00010248,185,80,25,55,105,95,10,43.24324324324324,13.513513513513514,29.72972972972973,56.75675675675676,51.35135135135135,5.405405405405405
E00010249,173,80,32,48,93,78,15,46.24277456647399,18.497109826589593,27.74566473988439,53.75722543352601,45.08670520231214,8.670520231213873
E00010250,106,49,13,36,57,56,1,46.22641509433962,12.264150943396226,33.9622641509434,53.77358490566038,52.83018867924528,0.9433962264150944
E00010252,269,100,45,55,169,148,21,37.174721189591075,16.728624535315987,20.44609665427509,62.825278810408925,55.01858736059479,7.806691449814126
E00010253,125,63,21,42,62,55,7,50.4,16.8,33.6,49.6,44,5.6000000000000005
E00010254,183,63,27,36,120,106,14,34.42622950819672,14.754098360655737,19.672131147540984,65.57377049180327,57.92349726775956,7.650273224043716
E00010256,196,69,28,41,127,95,32,35.204081632653065,14.285714285714285,20.918367346938776,64.79591836734694,48.46938775510204,16.3265306122449
E00010257,106,42,14,28,64,59,5,39.62264150943396,13.20754716981132,26.41509433962264,60.37735849056604,55.660377358490564,4.716981132075472
E00010258,144,49,16,33,95,78,17,34.02777777777778,11.11111111111111,22.916666666666664,65.97222222222221,54.166666666666664,11.805555555555555
E00010259,220,66,28,38,154,132,22,30,12.727272727272727,17.272727272727273,70,60,10
E00010260,214,53,20,33,161,140,21,24.766355140186917,9.345794392523365,15.42056074766355,75.23364485981308,65.42056074766354,9.813084112149532
E00010261,202,57,23,34,145,126,19,28.217821782178216,11.386138613861387,16.831683168316832,71.78217821782178,62.37623762376238,9.405940594059405
E00010262,129,63,16,47,66,58,8,48.837209302325576,12.4031007751938,36.434108527131784,51.162790697674424,44.96124031007752,6.2015503875969
E00010263,231,60,22,38,171,137,34,25.97402597402597,9.523809523809524,16.450216450216452,74.02597402597402,59.307359307359306,14.71861471861472
E00010264,105,37,11,26,68,65,3,35.23809523809524,10.476190476190476,24.761904761904763,64.76190476190476,61.904761904761905,2.857142857142857
E00010265,190,60,23,37,130,121,9,31.57894736842105,12.105263157894736,19.473684210526315,68.42105263157895,63.68421052631579,4.736842105263158
E00010266,208,76,27,49,132,101,31,36.53846153846153,12.980769230769232,23.557692307692307,63.46153846153846,48.55769230769231,14.903846153846153
E00010267,149,50,21,29,99,89,10,33.557046979865774,14.093959731543624,19.463087248322147,66.44295302013423,59.73154362416108,6.7114093959731544
E00010268,210,85,36,49,125,111,14,40.476190476190474,17.142857142857142,23.333333333333332,59.523809523809526,52.85714285714286,6.666666666666667
E00010269,199,55,23,32,144,129,15,27.63819095477387,11.557788944723619,16.08040201005025,72.36180904522614,64.82412060301507,7.537688442211055
E00010270,213,72,23,49,141,111,30,33.80281690140845,10.7981220657277,23.004694835680752,66.19718309859155,52.112676056338024,14.084507042253522
E00010271,182,58,18,40,124,107,17,31.868131868131865,9.89010989010989,21.978021978021978,68.13186813186813,58.791208791208796,9.340659340659341
E00010272,185,58,17,41,127,104,23,31.351351351351354,9.18918918918919,22.162162162162165,68.64864864864865,56.21621621621622,12.432432432432433
E00010273,135,46,14,32,89,75,14,34.074074074074076,10.37037037037037,23.703703703703706,65.92592592592592,55.55555555555556,10.37037037037037
E00010274,170,61,22,39,109,91,18,35.88235294117647,12.941176470588237,22.941176470588236,64.11764705882354,53.529411764705884,10.588235294117647
E00010275,156,59,26,33,97,88,9,37.82051282051282,16.666666666666664,21.153846153846153,62.17948717948718,56.41025641025641,5.769230769230769
E00010276,194,74,29,45,120,99,21,38.144329896907216,14.948453608247423,23.195876288659793,61.855670103092784,51.03092783505154,10.824742268041238
E00010277,141,38,13,25,103,89,14,26.95035460992908,9.219858156028367,17.73049645390071,73.04964539007092,63.12056737588653,9.929078014184398
E00010278,248,82,34,48,166,128,38,33.064516129032256,13.709677419354838,19.35483870967742,66.93548387096774,51.61290322580645,15.32258064516129
E00010279,248,70,40,30,178,146,32,28.225806451612907,16.129032258064516,12.096774193548388,71.7741935483871,58.87096774193549,12.903225806451612
E00010280,206,64,23,41,142,124,18,31.06796116504854,11.165048543689322,19.902912621359224,68.93203883495146,60.19417475728155,8.737864077669903
E00010281,214,51,17,34,163,142,21,23.83177570093458,7.943925233644859,15.887850467289718,76.16822429906543,66.35514018691589,9.813084112149532
E00010282,212,65,31,34,147,129,18,30.660377358490564,14.622641509433961,16.037735849056602,69.33962264150944,60.84905660377359,8.49056603773585
E00010283,201,57,15,42,144,123,21,28.35820895522388,7.462686567164178,20.8955223880597,71.64179104477611,61.19402985074627,10.44776119402985
E00010284,192,68,22,46,124,105,19,35.41666666666667,11.458333333333332,23.958333333333336,64.58333333333334,54.6875,9.895833333333332
E00010285,239,69,27,42,170,142,28,28.870292887029287,11.297071129707113,17.573221757322173,71.1297071129707,59.41422594142259,11.715481171548117
E00010286,201,61,26,35,140,123,17,30.34825870646766,12.935323383084576,17.412935323383085,69.65174129353234,61.19402985074627,8.45771144278607
E00010287,254,67,28,39,187,161,26,26.37795275590551,11.023622047244094,15.354330708661418,73.62204724409449,63.38582677165354,10.236220472440944
E00010288,138,52,27,25,86,73,13,37.68115942028986,19.565217391304348,18.115942028985508,62.31884057971014,52.89855072463768,9.420289855072465
E00010289,155,55,26,29,100,90,10,35.483870967741936,16.7741935483871,18.70967741935484,64.51612903225806,58.06451612903226,6.451612903225806
E00010290,194,73,28,45,121,105,16,37.628865979381445,14.432989690721648,23.195876288659793,62.371134020618555,54.123711340206185,8.24742268041237
E00010291,212,61,22,39,151,132,19,28.77358490566038,10.377358490566039,18.39622641509434,71.22641509433963,62.264150943396224,8.962264150943396
E00010292,218,74,20,54,144,117,27,33.94495412844037,9.174311926605505,24.770642201834864,66.05504587155964,53.669724770642205,12.385321100917432
E00010293,160,91,22,69,69,54,15,56.875,13.750000000000002,43.125,43.125,33.75,9.375
E00010294,222,72,28,44,150,131,19,32.432432432432435,12.612612612612612,19.81981981981982,67.56756756756756,59.009009009009006,8.558558558558559
E00010295,141,58,18,40,83,75,8,41.13475177304964,12.76595744680851,28.368794326241137,58.86524822695035,53.191489361702125,5.673758865248227
E00010296,182,81,26,55,101,88,13,44.505494505494504,14.285714285714285,30.21978021978022,55.494505494505496,48.35164835164835,7.142857142857142
E00010297,124,55,20,35,69,60,9,44.354838709677416,16.129032258064516,28.225806451612907,55.64516129032258,48.38709677419355,7.258064516129033
E00010298,169,68,20,48,101,84,17,40.23668639053255,11.834319526627219,28.402366863905325,59.76331360946746,49.70414201183432,10.059171597633137
E00010299,162,97,19,78,65,59,6,59.876543209876544,11.728395061728394,48.148148148148145,40.123456790123456,36.41975308641975,3.7037037037037033
E00010300,162,86,25,61,76,69,7,53.086419753086425,15.432098765432098,37.65432098765432,46.913580246913575,42.592592592592595,4.320987654320987
E00010301,159,101,23,78,58,50,8,63.52201257861635,14.465408805031446,49.056603773584904,36.477987421383645,31.446540880503143,5.031446540880504
E00010302,112,62,20,42,50,42,8,55.35714285714286,17.857142857142858,37.5,44.642857142857146,37.5,7.142857142857142
E00010303,195,135,27,108,60,45,15,69.23076923076923,13.846153846153847,55.38461538461539,30.76923076923077,23.076923076923077,7.6923076923076925
E00010304,177,80,33,47,97,89,8,45.19774011299435,18.64406779661017,26.55367231638418,54.80225988700565,50.282485875706215,4.519774011299435
E00010305,195,80,25,55,115,96,19,41.02564102564102,12.82051282051282,28.205128205128204,58.97435897435898,49.23076923076923,9.7435897435897445
E00010306,132,65,16,49,67,57,10,49.24242424242424,12.121212121212121,37.121212121212125,50.75757575757576,43.18181818181818,7.575757575757576
E00010308,224,97,40,57,127,102,25,43.30357142857143,17.857142857142858,25.44642857142857,56.69642857142857,45.535714285714285,11.160714285714286
E00010309,145,74,32,42,71,61,10,51.03448275862069,22.06896551724138,28.965517241379313,48.96551724137931,42.06896551724138,6.896551724137931
E00010310,274,86,30,56,188,163,25,31.386861313868614,10.948905109489052,20.437956204379564,68.61313868613139,59.48905109489051,9.124087591240876
E00010311,360,116,47,69,244,200,44,32.22222222222222,13.055555555555557,19.166666666666668,67.77777777777779,55.55555555555556,12.222222222222221
E00010312,217,83,24,59,134,111,23,38.24884792626728,11.059907834101383,27.188940092165897,61.75115207373272,51.1520737327189,10.599078341013826
E00010313,141,67,25,42,74,66,8,47.5177304964539,17.73049645390071,29.78723404255319,52.4822695035461,46.808510638297875,5.673758865248227
E00010314,101,43,16,27,58,47,11,42.57425742574257,15.841584158415841,26.732673267326735,57.42574257425742,46.53465346534654,10.891089108910892
E00010315,156,69,25,44,87,76,11,44.230769230769226,16.025641025641026,28.205128205128204,55.769230769230774,48.717948717948715,7.051282051282051
E00010316,166,68,21,47,98,86,12,40.963855421686745,12.650602409638553,28.313253012048197,59.036144578313255,51.80722891566265,7.228915662650602
E00010317,168,119,26,93,49,39,10,70.83333333333334,15.476190476190476,55.35714285714286,29.166666666666668,23.214285714285715,5.952380952380952
E00010318,169,61,21,40,108,98,10,36.09467455621302,12.42603550295858,23.668639053254438,63.905325443786985,57.98816568047337,5.9171597633136095
E00010319,178,64,20,44,114,102,12,35.95505617977528,11.235955056179774,24.719101123595504,64.04494382022472,57.30337078651685,6.741573033707865
E00010320,209,138,28,110,71,57,14,66.02870813397129,13.397129186602871,52.63157894736842,33.97129186602871,27.27272727272727,6.698564593301436
E00010321,197,99,36,63,98,84,14,50.25380710659898,18.274111675126903,31.979695431472084,49.746192893401016,42.63959390862944,7.1065989847715745
E00010322,200,75,24,51,125,112,13,37.5,12,25.5,62.5,56.00000000000001,6.5
E00010324,212,116,32,84,96,79,17,54.71698113207547,15.09433962264151,39.62264150943396,45.28301886792453,37.264150943396224,8.018867924528301
E00010325,154,53,16,37,101,83,18,34.41558441558442,10.38961038961039,24.025974025974026,65.5844155844156,53.896103896103895,11.688311688311687
E00010326,276,88,28,60,188,165,23,31.88405797101449,10.144927536231885,21.73913043478261,68.11594202898551,59.78260869565217,8.333333333333332
E00010327,206,60,28,32,146,124,22,29.126213592233007,13.592233009708737,15.53398058252427,70.87378640776699,60.19417475728155,10.679611650485436
E00010328,244,76,31,45,168,139,29,31.147540983606557,12.704918032786885,18.442622950819672,68.85245901639344,56.9672131147541,11.885245901639344
E00010329,265,137,19,118,128,107,21,51.698113207547166,7.169811320754717,44.528301886792455,48.301886792452834,40.37735849056604,7.9245283018867925
E00010330,192,99,17,82,93,80,13,51.5625,8.854166666666668,42.70833333333333,48.4375,41.66666666666667,6.770833333333333
E00010331,157,78,20,58,79,74,5,49.681528662420384,12.738853503184714,36.94267515923567,50.318471337579616,47.13375796178344,3.1847133757961785
E00010332,164,84,22,62,80,67,13,51.21951219512195,13.414634146341465,37.80487804878049,48.78048780487805,40.853658536585364,7.926829268292683
E00010333,182,111,24,87,71,57,14,60.98901098901099,13.186813186813188,47.8021978021978,39.010989010989015,31.318681318681318,7.6923076923076925
E00010334,172,35,13,22,137,109,28,20.348837209302324,7.55813953488372,12.790697674418606,79.65116279069767,63.372093023255815,16.27906976744186
E00010335,144,30,15,15,114,88,26,20.833333333333336,10.416666666666668,10.416666666666668,79.16666666666666,61.111111111111114,18.055555555555554
E00010336,158,42,13,29,116,93,23,26.582278481012654,8.227848101265822,18.354430379746837,73.41772151898735,58.86075949367089,14.556962025316455
E00010337,172,40,12,28,132,105,27,23.25581395348837,6.976744186046512,16.27906976744186,76.74418604651163,61.04651162790697,15.69767441860465
E00010338,228,44,16,28,184,155,29,19.298245614035086,7.017543859649122,12.280701754385964,80.7017543859649,67.98245614035088,12.719298245614036
E00010339,166,36,13,23,130,99,31,21.686746987951807,7.83132530120482,13.855421686746988,78.3132530120482,59.63855421686747,18.67469879518072
E00010340,196,45,20,25,151,113,38,22.95918367346939,10.204081632653061,12.755102040816327,77.04081632653062,57.6530612244898,19.387755102040817
E00010341,220,66,25,41,154,112,42,30,11.363636363636363,18.636363636363637,70,50.90909090909091,19.090909090909093
E00010342,224,65,29,36,159,128,31,29.017857142857146,12.946428571428573,16.071428571428573,70.98214285714286,57.14285714285714,13.839285714285715
E00010343,124,46,18,28,78,69,9,37.096774193548384,14.516129032258066,22.58064516129032,62.903225806451616,55.64516129032258,7.258064516129033
E00010344,163,29,9,20,134,98,36,17.791411042944784,5.521472392638037,12.269938650306749,82.20858895705521,60.122699386503065,22.085889570552148
E00010345,211,43,16,27,168,120,48,20.379146919431278,7.5829383886255926,12.796208530805686,79.62085308056872,56.872037914691944,22.748815165876778
E00010346,204,48,23,25,156,123,33,23.52941176470588,11.27450980392157,12.254901960784313,76.47058823529412,60.29411764705882,16.176470588235293
E00010347,171,26,14,12,145,129,16,15.204678362573098,8.187134502923977,7.017543859649122,84.7953216374269,75.43859649122807,9.35672514619883
E00010348,150,36,13,23,114,91,23,24,8.666666666666668,15.333333333333332,76,60.66666666666667,15.333333333333332
E00010349,200,41,20,21,159,128,31,20.5,10,10.5,79.5,64,15.5
E00010350,201,45,22,23,156,117,39,22.388059701492537,10.945273631840797,11.442786069651742,77.61194029850746,58.2089552238806,19.402985074626866
E00010351,200,52,25,27,148,115,33,26,12.5,13.5,74,57.49999999999999,16.5
E00010352,162,19,6,13,143,123,20,11.728395061728394,3.7037037037037033,8.024691358024691,88.27160493827161,75.92592592592592,12.345679012345679
E00010353,118,45,19,26,73,65,8,38.13559322033898,16.101694915254235,22.033898305084744,61.86440677966102,55.08474576271186,6.779661016949152
E00010354,128,28,10,18,100,82,18,21.875,7.8125,14.0625,78.125,64.0625,14.0625
E00010355,140,39,17,22,101,84,17,27.857142857142858,12.142857142857142,15.714285714285714,72.14285714285714,60,12.142857142857142
E00010356,150,35,11,24,115,83,32,23.333333333333332,7.333333333333333,16,76.66666666666667,55.333333333333336,21.333333333333336
E00010357,202,40,17,23,162,130,32,19.801980198019802,8.415841584158416,11.386138613861387,80.19801980198021,64.35643564356435,15.841584158415841
E00010358,175,36,14,22,139,112,27,20.57142857142857,8,12.571428571428573,79.42857142857143,64,15.428571428571427
E00010359,157,33,15,18,124,95,29,21.019108280254777,9.554140127388536,11.464968152866243,78.98089171974523,60.509554140127385,18.471337579617835
E00010360,144,36,14,22,108,88,20,25,9.722222222222223,15.277777777777779,75,61.111111111111114,13.88888888888889
E00010361,209,56,22,34,153,122,31,26.794258373205743,10.526315789473683,16.267942583732058,73.20574162679426,58.3732057416268,14.832535885167463
E00010362,182,42,12,30,140,105,35,23.076923076923077,6.593406593406594,16.483516483516482,76.92307692307693,57.692307692307686,19.230769230769234
E00010363,173,33,14,19,140,103,37,19.07514450867052,8.092485549132949,10.982658959537572,80.92485549132948,59.53757225433526,21.38728323699422
E00010364,196,47,20,27,149,126,23,23.97959183673469,10.204081632653061,13.77551020408163,76.0204081632653,64.28571428571429,11.73469387755102
E00010365,126,40,11,29,86,72,14,31.746031746031743,8.73015873015873,23.015873015873016,68.25396825396825,57.14285714285714,11.11111111111111
E00010366,162,35,15,20,127,104,23,21.604938271604937,9.25925925925926,12.345679012345679,78.39506172839506,64.19753086419753,14.19753086419753
E00010367,162,35,18,17,127,96,31,21.604938271604937,11.11111111111111,10.493827160493826,78.39506172839506,59.25925925925925,19.1358024691358
E00010368,175,51,20,31,124,110,14,29.142857142857142,11.428571428571429,17.71428571428571,70.85714285714285,62.857142857142854,8
E00010369,148,37,21,16,111,98,13,25,14.18918918918919,10.81081081081081,75,66.21621621621621,8.783783783783784
E00010370,148,39,17,22,109,90,19,26.351351351351347,11.486486486486488,14.864864864864865,73.64864864864865,60.810810810810814,12.837837837837837
E00010371,207,62,30,32,145,103,42,29.951690821256037,14.492753623188406,15.458937198067632,70.04830917874396,49.75845410628019,20.28985507246377
E00010372,155,29,13,16,126,102,24,18.70967741935484,8.38709677419355,10.32258064516129,81.29032258064515,65.80645161290323,15.483870967741936
E00010373,143,59,21,38,84,72,12,41.25874125874126,14.685314685314685,26.573426573426573,58.74125874125874,50.349650349650354,8.391608391608392
E00010374,240,112,46,66,128,113,15,46.666666666666664,19.166666666666668,27.500000000000004,53.333333333333336,47.083333333333336,6.25
E00010375,187,59,13,46,128,109,19,31.550802139037433,6.951871657754011,24.598930481283425,68.44919786096256,58.288770053475936,10.16042780748663
E00010376,271,105,46,59,166,135,31,38.74538745387454,16.974169741697416,21.771217712177123,61.254612546125465,49.815498154981555,11.439114391143912
E00010377,264,97,33,64,167,143,24,36.74242424242424,12.5,24.242424242424242,63.25757575757576,54.166666666666664,9.090909090909092
E00010378,124,50,14,36,74,64,10,40.32258064516129,11.29032258064516,29.03225806451613,59.67741935483871,51.61290322580645,8.064516129032258
E00010379,155,39,12,27,116,100,16,25.161290322580644,7.741935483870968,17.419354838709676,74.83870967741936,64.51612903225806,10.32258064516129
E00010380,230,97,38,59,133,109,24,42.173913043478265,16.52173913043478,25.65217391304348,57.826086956521735,47.391304347826086,10.434782608695652
E00010381,163,57,25,32,106,86,20,34.96932515337423,15.337423312883436,19.631901840490798,65.03067484662577,52.760736196319016,12.269938650306749
E00010382,135,38,15,23,97,83,14,28.14814814814815,11.11111111111111,17.037037037037038,71.85185185185186,61.48148148148148,10.37037037037037
E00010383,187,70,25,45,117,102,15,37.4331550802139,13.368983957219251,24.06417112299465,62.56684491978609,54.54545454545454,8.0213903743315509
E00010385,155,75,30,45,80,57,23,48.38709677419355,19.35483870967742,29.03225806451613,51.61290322580645,36.774193548387096,14.838709677419354
E00010386,224,69,29,40,155,135,20,30.80357142857143,12.946428571428573,17.857142857142858,69.19642857142857,60.26785714285714,8.928571428571429
E00010387,197,66,23,43,131,116,15,33.50253807106599,11.6751269035533,21.82741116751269,66.49746192893402,58.88324873096447,7.614213197969544
E00010388,216,67,27,40,149,137,12,31.01851851851852,12.5,18.51851851851852,68.98148148148148,63.42592592592593,5.555555555555555
E00010389,197,78,32,46,119,104,15,39.59390862944163,16.243654822335024,23.3502538071066,60.40609137055838,52.79187817258884,7.614213197969544
E00010390,155,61,23,38,94,80,14,39.35483870967742,14.838709677419354,24.516129032258064,60.64516129032258,51.61290322580645,9.032258064516128
E00010391,221,61,24,37,160,135,25,27.601809954751133,10.85972850678733,16.7420814479638,72.39819004524887,61.085972850678736,11.312217194570136
E00010392,127,53,20,33,74,59,15,41.732283464566926,15.748031496062993,25.984251968503933,58.26771653543307,46.45669291338583,11.811023622047244
E00010393,132,54,15,39,78,67,11,40.909090909090914,11.363636363636363,29.545454545454547,59.09090909090909,50.75757575757576,8.333333333333332
E00010394,247,83,53,30,164,131,33,33.603238866396765,21.45748987854251,12.145748987854251,66.39676113360325,53.036437246963565,13.360323886639677
E00010395,212,82,39,43,130,110,20,38.67924528301887,18.39622641509434,20.28301886792453,61.32075471698113,51.886792452830186,9.433962264150944
E00010396,105,38,12,26,67,54,13,36.19047619047619,11.428571428571429,24.761904761904763,63.8095238095238,51.42857142857142,12.380952380952381
E00010397,144,56,25,31,88,78,10,38.88888888888889,17.36111111111111,21.52777777777778,61.111111111111114,54.166666666666664,6.944444444444445
E00010398,148,46,16,30,102,84,18,31.08108108108108,10.81081081081081,20.27027027027027,68.91891891891892,56.75675675675676,12.162162162162163
E00010399,213,66,27,39,147,127,20,30.985915492957744,12.676056338028168,18.30985915492958,69.01408450704226,59.624413145539904,9.389671361502346
E00010400,157,58,18,40,99,88,11,36.94267515923567,11.464968152866243,25.477707006369428,63.05732484076433,56.05095541401274,7.006369426751593
E00010401,122,40,15,25,82,67,15,32.78688524590164,12.295081967213115,20.491803278688526,67.21311475409836,54.91803278688525,12.295081967213115
E00010402,206,84,31,53,122,107,15,40.77669902912621,15.048543689320388,25.728155339805824,59.22330097087378,51.94174757281553,7.281553398058252
E00010403,172,80,37,43,92,82,10,46.51162790697674,21.511627906976745,25,53.48837209302325,47.674418604651166,5.813953488372093
E00010404,164,69,23,46,95,88,7,42.073170731707314,14.02439024390244,28.04878048780488,57.92682926829268,53.65853658536586,4.2682926829268295
E00010406,201,74,20,54,127,103,24,36.81592039800995,9.950248756218906,26.865671641791046,63.18407960199005,51.243781094527364,11.940298507462686
E00010407,123,36,17,19,87,64,23,29.268292682926827,13.821138211382115,15.447154471544716,70.73170731707317,52.03252032520326,18.69918699186992
E00010409,242,93,28,65,149,136,13,38.429752066115704,11.570247933884298,26.859504132231404,61.57024793388429,56.19834710743802,5.371900826446281
E00010410,102,34,11,23,68,55,13,33.33333333333333,10.784313725490197,22.54901960784314,66.66666666666666,53.92156862745098,12.745098039215685
E00010412,196,76,35,41,120,100,20,38.775510204081634,17.857142857142858,20.918367346938776,61.224489795918366,51.02040816326531,10.204081632653061
E00010413,115,43,21,22,72,63,9,37.391304347826086,18.26086956521739,19.130434782608695,62.60869565217392,54.78260869565217,7.82608695652174
E00010414,154,60,31,29,94,72,22,38.961038961038966,20.12987012987013,18.83116883116883,61.038961038961034,46.75324675324675,14.285714285714285
E00010415,202,56,17,39,146,123,23,27.722772277227726,8.415841584158416,19.306930693069308,72.27722772277228,60.89108910891089,11.386138613861387
E00010416,184,54,15,39,130,112,18,29.347826086956523,8.152173913043478,21.195652173913043,70.65217391304348,60.86956521739131,9.782608695652174
E00010417,193,59,17,42,134,124,10,30.569948186528496,8.808290155440414,21.761658031088082,69.43005181347151,64.24870466321244,5.181347150259067
E00010418,199,65,22,43,134,123,11,32.663316582914575,11.055276381909549,21.608040201005025,67.33668341708542,61.80904522613066,5.527638190954774
E00010419,172,63,18,45,109,103,6,36.627906976744185,10.465116279069768,26.16279069767442,63.372093023255815,59.883720930232556,3.488372093023256
E00010420,135,43,20,23,92,76,16,31.851851851851855,14.814814814814813,17.037037037037038,68.14814814814815,56.2962962962963,11.851851851851853
E00010421,195,62,16,46,133,112,21,31.794871794871792,8.205128205128204,23.589743589743588,68.2051282051282,57.43589743589743,10.76923076923077
E00010422,152,46,18,28,106,90,16,30.263157894736842,11.842105263157894,18.421052631578945,69.73684210526315,59.210526315789465,10.526315789473683
E00010423,176,58,20,38,118,103,15,32.95454545454545,11.363636363636363,21.59090909090909,67.04545454545455,58.52272727272727,8.522727272727272
E00010424,153,64,22,42,89,74,15,41.830065359477125,14.37908496732026,27.450980392156865,58.16993464052288,48.366013071895424,9.803921568627452
E00010426,104,46,13,33,58,54,4,44.230769230769226,12.5,31.73076923076923,55.769230769230774,51.92307692307693,3.8461538461538463
E00010427,115,40,9,31,75,64,11,34.78260869565217,7.82608695652174,26.956521739130434,65.21739130434783,55.65217391304348,9.565217391304348
E00010428,186,65,33,32,121,106,15,34.946236559139784,17.741935483870968,17.20430107526882,65.05376344086021,56.98924731182796,8.064516129032258
E00010429,191,86,25,61,105,98,7,45.0261780104712,13.089005235602095,31.93717277486911,54.973821989528794,51.30890052356021,3.664921465968586
E00010430,182,74,30,44,108,89,19,40.65934065934066,16.483516483516482,24.175824175824175,59.34065934065934,48.9010989010989,10.43956043956044
E00010431,127,60,17,43,67,63,4,47.24409448818898,13.385826771653544,33.85826771653544,52.75590551181102,49.60629921259843,3.149606299212598
E00010433,105,39,8,31,66,50,16,37.142857142857146,7.6190476190476195,29.523809523809526,62.857142857142854,47.61904761904761,15.238095238095239
E00010434,344,65,26,39,279,239,40,18.8953488372093,7.55813953488372,11.337209302325581,81.1046511627907,69.47674418604652,11.627906976744185
E00010435,163,49,15,34,114,104,10,30.061349693251532,9.202453987730062,20.858895705521473,69.93865030674846,63.80368098159509,6.134969325153374
E00010436,244,72,25,47,172,149,23,29.508196721311474,10.245901639344263,19.262295081967213,70.49180327868852,61.065573770491795,9.426229508196721
E00010437,181,61,27,34,120,100,20,33.70165745856354,14.917127071823206,18.784530386740332,66.29834254143645,55.24861878453039,11.049723756906078
E00010438,232,119,39,80,113,98,15,51.293103448275865,16.810344827586206,34.48275862068966,48.706896551724135,42.241379310344826,6.4655172413793105
E00010439,107,51,22,29,56,50,6,47.66355140186916,20.5607476635514,27.102803738317753,52.336448598130836,46.728971962616825,5.607476635514018
E00010440,191,73,22,51,118,100,18,38.21989528795812,11.518324607329843,26.701570680628272,61.78010471204188,52.35602094240838,9.424083769633508
E00010441,201,81,34,47,120,108,12,40.298507462686565,16.91542288557214,23.383084577114428,59.70149253731343,53.73134328358209,5.970149253731343
E00010442,207,86,33,53,121,110,11,41.54589371980676,15.942028985507244,25.60386473429952,58.454106280193244,53.14009661835749,5.314009661835748
E00010443,192,60,20,40,132,113,19,31.25,10.416666666666668,20.833333333333336,68.75,58.854166666666664,9.895833333333332
E00010444,157,71,30,41,86,77,9,45.22292993630573,19.10828025477707,26.11464968152866,54.77707006369427,49.044585987261144,5.7324840764331215
E00010445,221,81,31,50,140,125,15,36.65158371040724,14.027149321266968,22.624434389140273,63.348416289592755,56.56108597285068,6.787330316742081
E00010446,138,49,14,35,89,80,9,35.507246376811594,10.144927536231885,25.36231884057971,64.4927536231884,57.971014492753625,6.521739130434782
E00010448,198,64,21,43,134,122,12,32.323232323232325,10.606060606060606,21.71717171717172,67.67676767676768,61.61616161616161,6.0606060606060606
E00010449,160,61,22,39,99,85,14,38.125,13.750000000000002,24.375,61.875,53.125,8.75
E00010451,117,48,18,30,69,65,4,41.02564102564102,15.384615384615385,25.64102564102564,58.97435897435898,55.55555555555556,3.418803418803419
E00010452,222,92,43,49,130,117,13,41.44144144144144,19.36936936936937,22.07207207207207,58.55855855855856,52.702702702702695,5.8558558558558556
E00010453,122,50,14,36,72,66,6,40.98360655737705,11.475409836065573,29.508196721311474,59.01639344262295,54.09836065573771,4.918032786885246
E00010454,130,46,11,35,84,79,5,35.38461538461539,8.461538461538462,26.923076923076923,64.61538461538461,60.76923076923077,3.8461538461538463
E00010455,215,80,28,52,135,119,16,37.2093023255814,13.023255813953488,24.186046511627907,62.7906976744186,55.348837209302324,7.441860465116279
E00010456,195,71,26,45,124,108,16,36.41025641025641,13.333333333333334,23.076923076923077,63.589743589743584,55.38461538461539,8.205128205128204
E00010457,175,52,23,29,123,104,19,29.714285714285715,13.142857142857142,16.57142857142857,70.28571428571428,59.42857142857143,10.857142857142858
E00010458,155,58,21,37,97,85,12,37.41935483870968,13.548387096774196,23.870967741935484,62.58064516129033,54.83870967741935,7.741935483870968
E00010459,205,75,33,42,130,111,19,36.58536585365854,16.097560975609756,20.48780487804878,63.41463414634146,54.146341463414636,9.268292682926829
E00010460,209,70,29,41,139,116,23,33.49282296650718,13.875598086124402,19.617224880382775,66.50717703349282,55.50239234449761,11.004784688995215
E00010461,216,73,19,54,143,123,20,33.7962962962963,8.796296296296296,25,66.20370370370371,56.94444444444444,9.25925925925926
E00010462,227,86,40,46,141,125,16,37.88546255506608,17.62114537444934,20.26431718061674,62.11453744493392,55.06607929515418,7.048458149779736
E00010463,200,82,32,50,118,94,24,41,16,25,59,47,12
E00010464,213,90,30,60,123,99,24,42.25352112676056,14.084507042253522,28.169014084507044,57.74647887323944,46.478873239436616,11.267605633802818
E00010465,124,48,16,32,76,69,7,38.70967741935484,12.903225806451612,25.806451612903224,61.29032258064516,55.64516129032258,5.64516129032258
E00010466,141,59,17,42,82,69,13,41.843971631205676,12.056737588652481,29.78723404255319,58.156028368794324,48.93617021276596,9.219858156028367
E00010467,159,76,37,39,83,68,15,47.79874213836478,23.270440251572328,24.528301886792452,52.20125786163522,42.76729559748428,9.433962264150944
E00010468,116,50,15,35,66,64,2,43.103448275862064,12.931034482758621,30.17241379310345,56.896551724137936,55.172413793103445,1.7241379310344827
E00010469,113,54,15,39,59,51,8,47.78761061946903,13.274336283185843,34.51327433628318,52.21238938053098,45.13274336283185,7.079646017699115
E00010470,130,51,21,30,79,66,13,39.23076923076923,16.153846153846153,23.076923076923077,60.76923076923077,50.76923076923077,10
E00010471,185,51,12,39,134,121,13,27.56756756756757,6.486486486486487,21.08108108108108,72.43243243243244,65.4054054054054,7.027027027027027
E00010472,80,34,9,25,46,43,3,42.5,11.25,31.25,57.49999999999999,53.75,3.75
E00010473,69,31,12,19,38,38,0,44.927536231884055,17.391304347826086,27.536231884057973,55.072463768115945,55.072463768115945,0
E00010474,177,64,29,35,113,102,11,36.15819209039548,16.38418079096045,19.774011299435028,63.84180790960452,57.6271186440678,6.214689265536723
E00010475,72,23,6,17,49,48,1,31.944444444444443,8.333333333333332,23.61111111111111,68.05555555555556,66.66666666666666,1.3888888888888888
E00010476,193,61,26,35,132,110,22,31.606217616580313,13.471502590673575,18.134715025906736,68.39378238341969,56.994818652849744,11.398963730569948
E00010479,176,65,26,39,111,88,23,36.93181818181818,14.772727272727273,22.15909090909091,63.06818181818182,50,13.068181818181818
E00010480,216,55,19,36,161,132,29,25.462962962962965,8.796296296296296,16.666666666666664,74.53703703703704,61.111111111111114,13.425925925925927
E00010481,154,71,23,48,83,70,13,46.103896103896105,14.935064935064934,31.16883116883117,53.896103896103895,45.45454545454545,8.441558441558442
E00010482,236,90,38,52,146,124,22,38.13559322033898,16.101694915254235,22.033898305084744,61.86440677966102,52.54237288135594,9.322033898305085
E00010483,308,60,20,40,248,216,32,19.480519480519483,6.493506493506493,12.987012987012985,80.51948051948052,70.12987012987013,10.38961038961039
E00010484,207,57,26,31,150,125,25,27.536231884057973,12.560386473429952,14.975845410628018,72.46376811594203,60.38647342995169,12.077294685990339
E00010485,182,59,24,35,123,105,18,32.417582417582416,13.186813186813188,19.230769230769234,67.58241758241759,57.692307692307686,9.89010989010989
E00010486,251,70,27,43,181,158,23,27.88844621513944,10.756972111553784,17.131474103585656,72.11155378486056,62.94820717131474,9.163346613545817
E00010487,161,53,25,28,108,96,12,32.91925465838509,15.527950310559005,17.391304347826086,67.08074534161491,59.62732919254658,7.453416149068323
E00010488,180,73,29,44,107,93,14,40.55555555555556,16.11111111111111,24.444444444444443,59.44444444444444,51.66666666666667,7.777777777777778
E00010489,222,65,16,49,157,131,26,29.27927927927928,7.207207207207207,22.07207207207207,70.72072072072072,59.009009009009006,11.711711711711711
E00010490,172,39,17,22,133,110,23,22.674418604651162,9.883720930232558,12.790697674418606,77.32558139534885,63.95348837209303,13.372093023255813
E00010491,249,96,42,54,153,135,18,38.55421686746988,16.867469879518072,21.686746987951807,61.44578313253012,54.21686746987952,7.228915662650602
E00010492,188,56,24,32,132,117,15,29.78723404255319,12.76595744680851,17.02127659574468,70.2127659574468,62.23404255319149,7.9787234042553195
E00010493,144,52,20,32,92,69,23,36.11111111111111,13.88888888888889,22.22222222222222,63.888888888888886,47.91666666666667,15.972222222222221
E00010494,134,49,13,36,85,72,13,36.56716417910448,9.701492537313433,26.865671641791046,63.43283582089553,53.73134328358209,9.701492537313433
E00010495,142,58,13,45,84,78,6,40.845070422535215,9.15492957746479,31.690140845070424,59.154929577464785,54.929577464788736,4.225352112676056
E00010496,164,64,28,36,100,84,16,39.02439024390244,17.073170731707318,21.951219512195124,60.97560975609756,51.21951219512195,9.75609756097561
E00010497,129,65,16,49,64,57,7,50.3875968992248,12.4031007751938,37.98449612403101,49.6124031007752,44.18604651162791,5.426356589147287
E00010498,192,65,21,44,127,109,18,33.85416666666667,10.9375,22.916666666666664,66.14583333333334,56.770833333333336,9.375
E00010499,168,75,23,52,93,84,9,44.642857142857146,13.690476190476192,30.952380952380953,55.35714285714286,50,5.357142857142857
E00010500,150,61,25,36,89,80,9,40.666666666666664,16.666666666666664,24,59.333333333333336,53.333333333333336,6
E00010501,152,67,26,41,85,77,8,44.07894736842105,17.105263157894736,26.973684210526315,55.92105263157895,50.6578947368421,5.263157894736842
E00010502,132,48,13,35,84,76,8,36.36363636363637,9.848484848484848,26.515151515151516,63.63636363636363,57.57575757575758,6.0606060606060606
E00010503,144,45,8,37,99,85,14,31.25,5.555555555555555,25.694444444444443,68.75,59.02777777777778,9.722222222222223
E00010504,166,65,21,44,101,86,15,39.1566265060241,12.650602409638553,26.506024096385545,60.8433734939759,51.80722891566265,9.036144578313253
E00010505,142,57,24,33,85,76,9,40.140845070422536,16.901408450704224,23.239436619718308,59.859154929577464,53.52112676056338,6.338028169014084
E00010506,141,46,7,39,95,83,12,32.62411347517731,4.964539007092199,27.659574468085108,67.37588652482269,58.86524822695035,8.51063829787234
E00010507,156,44,15,29,112,97,15,28.205128205128204,9.615384615384617,18.58974358974359,71.7948717948718,62.17948717948718,9.615384615384617
E00010508,162,50,15,35,112,102,10,30.864197530864196,9.25925925925926,21.604938271604937,69.1358024691358,62.96296296296296,6.172839506172839
E00010509,147,53,16,37,94,86,8,36.054421768707485,10.884353741496598,25.170068027210885,63.94557823129252,58.50340136054422,5.442176870748299
E00010510,128,43,13,30,85,72,13,33.59375,10.15625,23.4375,66.40625,56.25,10.15625
E00010511,263,74,35,39,189,162,27,28.13688212927757,13.307984790874524,14.82889733840304,71.86311787072243,61.59695817490495,10.26615969581749
E00010512,168,62,25,37,106,85,21,36.904761904761905,14.880952380952381,22.023809523809522,63.095238095238095,50.595238095238095,12.5
E00010513,141,54,16,38,87,75,12,38.297872340425535,11.347517730496454,26.95035460992908,61.702127659574465,53.191489361702125,8.51063829787234
E00010514,174,64,26,38,110,99,11,36.7816091954023,14.942528735632186,21.839080459770116,63.2183908045977,56.896551724137936,6.321839080459771
E00010515,241,88,24,64,153,129,24,36.51452282157676,9.95850622406639,26.556016597510375,63.48547717842323,53.52697095435685,9.95850622406639
E00010516,146,61,28,33,85,74,11,41.78082191780822,19.17808219178082,22.602739726027394,58.21917808219178,50.68493150684932,7.534246575342466
E00010517,116,52,14,38,64,59,5,44.827586206896555,12.068965517241379,32.758620689655174,55.172413793103445,50.86206896551724,4.310344827586207
E00010518,104,42,19,23,62,56,6,40.38461538461539,18.269230769230766,22.115384615384613,59.61538461538461,53.84615384615385,5.769230769230769
E00010519,129,51,14,37,78,72,6,39.53488372093023,10.852713178294573,28.68217054263566,60.46511627906976,55.81395348837209,4.651162790697675
E00010520,159,67,15,52,92,83,9,42.138364779874216,9.433962264150944,32.70440251572327,57.861635220125784,52.20125786163522,5.660377358490567
E00010521,117,63,16,47,54,50,4,53.84615384615385,13.675213675213676,40.17094017094017,46.15384615384615,42.73504273504273,3.418803418803419
E00010522,182,82,29,53,100,88,12,45.05494505494506,15.934065934065933,29.120879120879124,54.94505494505495,48.35164835164835,6.593406593406594
E00010523,135,58,20,38,77,70,7,42.96296296296296,14.814814814814813,28.14814814814815,57.03703703703704,51.85185185185185,5.185185185185185
E00010524,118,43,11,32,75,73,2,36.440677966101696,9.322033898305085,27.11864406779661,63.559322033898304,61.86440677966102,1.694915254237288
E00010525,176,75,24,51,101,88,13,42.61363636363637,13.636363636363635,28.97727272727273,57.38636363636363,50,7.386363636363637
E00010526,231,66,23,43,165,151,14,28.57142857142857,9.956709956709958,18.614718614718615,71.42857142857143,65.36796536796537,6.0606060606060606
E00010527,162,69,27,42,93,78,15,42.592592592592595,16.666666666666664,25.925925925925924,57.407407407407405,48.148148148148145,9.25925925925926
E00010528,101,44,10,34,57,51,6,43.56435643564357,9.900990099009901,33.663366336633665,56.43564356435643,50.495049504950494,5.9405940594059405
E00010529,133,61,23,38,72,66,6,45.86466165413533,17.293233082706767,28.57142857142857,54.13533834586466,49.62406015037594,4.511278195488721
E00010530,154,60,15,45,94,89,5,38.961038961038966,9.740259740259742,29.22077922077922,61.038961038961034,57.7922077922078,3.2467532467532463
E00010531,197,53,24,29,144,124,20,26.903553299492383,12.18274111675127,14.720812182741117,73.09644670050761,62.944162436548226,10.152284263959391
E00010532,176,62,25,37,114,97,17,35.22727272727273,14.204545454545455,21.022727272727273,64.77272727272727,55.11363636363637,9.659090909090908
E00010533,210,75,27,48,135,118,17,35.714285714285715,12.857142857142856,22.857142857142858,64.28571428571429,56.19047619047619,8.095238095238095
E00010534,181,68,23,45,113,96,17,37.569060773480665,12.70718232044199,24.861878453038674,62.430939226519335,53.03867403314917,9.392265193370166
E00010535,164,60,25,35,104,97,7,36.58536585365854,15.24390243902439,21.341463414634145,63.41463414634146,59.14634146341463,4.2682926829268295
E00010536,170,52,15,37,118,101,17,30.58823529411765,8.823529411764707,21.764705882352942,69.41176470588235,59.411764705882355,10
E00010537,199,57,20,37,142,114,28,28.643216080402013,10.050251256281408,18.592964824120603,71.35678391959799,57.286432160804026,14.07035175879397
E00010538,219,66,29,37,153,136,17,30.136986301369863,13.24200913242009,16.894977168949772,69.86301369863014,62.10045662100456,7.76255707762557
E00010539,225,74,32,42,151,126,25,32.88888888888889,14.222222222222221,18.666666666666668,67.11111111111111,56.00000000000001,11.11111111111111
E00010540,219,75,28,47,144,124,20,34.24657534246575,12.785388127853881,21.461187214611872,65.75342465753424,56.62100456621004,9.1324200913242
E00010541,191,86,31,55,105,87,18,45.0261780104712,16.230366492146597,28.79581151832461,54.973821989528794,45.54973821989529,9.424083769633508
E00010542,176,42,16,26,134,124,10,23.863636363636363,9.090909090909092,14.772727272727273,76.13636363636364,70.45454545454545,5.681818181818182
E00010543,194,57,29,28,137,114,23,29.381443298969074,14.948453608247423,14.432989690721648,70.61855670103093,58.76288659793815,11.855670103092782
E00010544,222,62,29,33,160,136,24,27.927927927927925,13.063063063063062,14.864864864864865,72.07207207207207,61.261261261261254,10.81081081081081
E00010545,237,68,34,34,169,147,22,28.691983122362867,14.345991561181433,14.345991561181433,71.30801687763713,62.0253164556962,9.282700421940929
E00010546,183,58,28,30,125,111,14,31.693989071038253,15.300546448087433,16.39344262295082,68.30601092896174,60.65573770491803,7.650273224043716
E00010547,232,95,34,61,137,120,17,40.94827586206897,14.655172413793101,26.29310344827586,59.05172413793104,51.724137931034484,7.327586206896551
E00010548,193,63,16,47,130,107,23,32.64248704663213,8.290155440414509,24.352331606217618,67.35751295336787,55.44041450777202,11.917098445595855
E00010549,206,66,25,41,140,119,21,32.038834951456316,12.135922330097088,19.902912621359224,67.96116504854369,57.76699029126213,10.194174757281553
E00010550,174,83,29,54,91,86,5,47.701149425287355,16.666666666666664,31.03448275862069,52.29885057471264,49.42528735632184,2.8735632183908044
E00010551,189,78,31,47,111,90,21,41.269841269841265,16.402116402116402,24.867724867724867,58.730158730158735,47.61904761904761,11.11111111111111
E00010552,167,69,26,43,98,85,13,41.31736526946108,15.568862275449103,25.748502994011975,58.68263473053892,50.898203592814376,7.784431137724551
E00010553,287,100,35,65,187,164,23,34.84320557491289,12.195121951219512,22.64808362369338,65.1567944250871,57.14285714285714,8.013937282229964
E00010554,107,49,26,23,58,52,6,45.794392523364486,24.299065420560748,21.49532710280374,54.20560747663551,48.598130841121495,5.607476635514018
E00010555,192,61,27,34,131,104,27,31.770833333333332,14.0625,17.708333333333336,68.22916666666666,54.166666666666664,14.0625
E00010556,216,69,30,39,147,111,36,31.944444444444443,13.88888888888889,18.055555555555554,68.05555555555556,51.388888888888886,16.666666666666664
E00010557,115,37,14,23,78,68,10,32.17391304347826,12.173913043478262,20,67.82608695652173,59.130434782608695,8.695652173913043
E00010558,223,73,29,44,150,134,16,32.73542600896861,13.004484304932735,19.730941704035875,67.2645739910314,60.0896860986547,7.174887892376682
E00010559,243,98,36,62,145,133,12,40.32921810699588,14.814814814814813,25.514403292181072,59.67078189300411,54.73251028806584,4.938271604938271
E00010560,141,36,11,25,105,90,15,25.53191489361702,7.801418439716312,17.73049645390071,74.46808510638297,63.829787234042556,10.638297872340425
E00010561,143,49,15,34,94,86,8,34.26573426573427,10.48951048951049,23.776223776223777,65.73426573426573,60.13986013986013,5.594405594405594
E00010562,179,64,21,43,115,97,18,35.754189944134076,11.731843575418994,24.022346368715084,64.24581005586593,54.18994413407822,10.05586592178771
E00010563,185,64,21,43,121,105,16,34.5945945945946,11.351351351351353,23.243243243243246,65.4054054054054,56.75675675675676,8.64864864864865
E00010564,216,63,19,44,153,140,13,29.166666666666668,8.796296296296296,20.37037037037037,70.83333333333334,64.81481481481481,6.018518518518518
E00010565,165,41,13,28,124,104,20,24.848484848484848,7.878787878787878,16.969696969696972,75.15151515151514,63.030303030303024,12.121212121212121
E00010566,201,74,37,37,127,108,19,36.81592039800995,18.407960199004975,18.407960199004975,63.18407960199005,53.73134328358209,9.45273631840796
E00010567,195,51,19,32,144,112,32,26.153846153846157,9.7435897435897445,16.41025641025641,73.84615384615385,57.43589743589743,16.41025641025641
E00010568,204,57,25,32,147,130,17,27.941176470588236,12.254901960784313,15.686274509803921,72.05882352941177,63.725490196078425,8.333333333333332
E00165800,168,74,35,39,94,84,10,44.047619047619044,20.833333333333336,23.214285714285715,55.952380952380956,50,5.952380952380952
E00170297,205,40,16,24,165,127,38,19.51219512195122,7.804878048780488,11.707317073170733,80.48780487804879,61.951219512195124,18.536585365853657
E00170298,161,34,7,27,127,104,23,21.11801242236025,4.3478260869565215,16.77018633540373,78.88198757763976,64.59627329192547,14.285714285714285
E00170300,137,28,11,17,109,82,27,20.437956204379564,8.02919708029197,12.408759124087592,79.56204379562044,59.854014598540154,19.708029197080293
E00170302,122,47,14,33,75,67,8,38.52459016393443,11.475409836065573,27.049180327868854,61.47540983606557,54.91803278688525,6.557377049180328
E00170303,214,68,21,47,146,113,33,31.775700934579437,9.813084112149532,21.962616822429908,68.22429906542055,52.80373831775701,15.42056074766355
E00170304,171,43,13,30,128,115,13,25.146198830409354,7.602339181286549,17.543859649122805,74.85380116959064,67.2514619883041,7.602339181286549
E00170305,152,59,32,27,93,85,8,38.81578947368421,21.052631578947366,17.763157894736842,61.18421052631579,55.92105263157895,5.263157894736842
E00170306,118,34,17,17,84,74,10,28.8135593220339,14.40677966101695,14.40677966101695,71.1864406779661,62.71186440677966,8.47457627118644
E00170309,168,54,15,39,114,87,27,32.142857142857146,8.928571428571429,23.214285714285715,67.85714285714286,51.78571428571429,16.071428571428573
E00170310,129,43,23,20,86,74,12,33.33333333333333,17.829457364341085,15.503875968992247,66.66666666666666,57.36434108527132,9.30232558139535
E00170311,234,66,20,46,168,130,38,28.205128205128204,8.547008547008547,19.65811965811966,71.7948717948718,55.55555555555556,16.23931623931624
E00170312,185,43,16,27,142,121,21,23.243243243243246,8.64864864864865,14.594594594594595,76.75675675675676,65.4054054054054,11.351351351351353
E00170313,203,26,13,13,177,151,26,12.807881773399016,6.403940886699508,6.403940886699508,87.192118226601,74.38423645320196,12.807881773399016
E00170314,266,40,21,19,226,179,47,15.037593984962406,7.894736842105263,7.142857142857142,84.9624060150376,67.29323308270678,17.669172932330827
E00170316,221,37,12,25,184,146,38,16.7420814479638,5.429864253393665,11.312217194570136,83.2579185520362,66.06334841628959,17.194570135746606
E00170317,164,66,24,42,98,84,14,40.243902439024396,14.634146341463413,25.609756097560975,59.756097560975604,51.21951219512195,8.536585365853659
E00170318,140,64,23,41,76,66,10,45.714285714285715,16.428571428571427,29.28571428571429,54.285714285714285,47.14285714285714,7.142857142857142
E00170319,161,64,19,45,97,84,13,39.75155279503105,11.801242236024844,27.95031055900621,60.24844720496895,52.17391304347826,8.074534161490684
E00170320,165,28,16,12,137,108,29,16.969696969696972,9.696969696969697,7.2727272727272725,83.03030303030303,65.45454545454545,17.575757575757574
E00170321,106,27,10,17,79,59,20,25.471698113207548,9.433962264150944,16.037735849056602,74.52830188679245,55.660377358490564,18.867924528301888
E00170322,154,58,18,40,96,82,14,37.66233766233766,11.688311688311687,25.97402597402597,62.33766233766234,53.246753246753244,9.090909090909092
E00170323,133,47,23,24,86,78,8,35.338345864661655,17.293233082706767,18.045112781954884,64.66165413533834,58.64661654135338,6.015037593984962
E00170324,181,59,17,42,122,112,10,32.59668508287293,9.392265193370166,23.204419889502763,67.40331491712708,61.87845303867403,5.524861878453039
E00178901,179,64,25,39,115,103,12,35.754189944134076,13.966480446927374,21.787709497206702,64.24581005586593,57.54189944134078,6.70391061452514
E00178902,237,65,29,36,172,131,41,27.42616033755274,12.236286919831224,15.18987341772152,72.57383966244726,55.27426160337553,17.29957805907173
E00178903,189,67,33,34,122,108,14,35.44973544973545,17.46031746031746,17.989417989417987,64.55026455026454,57.14285714285714,7.4074074074074066
E00178911,120,46,18,28,74,68,6,38.333333333333336,15,23.333333333333332,61.66666666666667,56.666666666666664,5
E00178912,75,26,9,17,49,43,6,34.66666666666667,12,22.666666666666664,65.33333333333333,57.333333333333336,8
E00178917,223,64,21,43,159,122,37,28.699551569506728,9.417040358744394,19.282511210762333,71.30044843049326,54.7085201793722,16.591928251121075
E00178931,54,21,5,16,33,28,5,38.88888888888889,9.25925925925926,29.629629629629626,61.111111111111114,51.85185185185185,9.25925925925926
E00178932,72,28,7,21,44,37,7,38.88888888888889,9.722222222222223,29.166666666666668,61.111111111111114,51.388888888888886,9.722222222222223
E00178934,104,61,15,46,43,33,10,58.65384615384615,14.423076923076922,44.230769230769226,41.34615384615385,31.73076923076923,9.615384615384617
E00178935,156,40,14,26,116,91,25,25.64102564102564,8.974358974358974,16.666666666666664,74.35897435897436,58.333333333333336,16.025641025641026
E00178940,149,56,15,41,93,80,13,37.58389261744966,10.06711409395973,27.516778523489933,62.41610738255034,53.691275167785236,8.724832214765101
E00178944,79,31,8,23,48,43,5,39.24050632911392,10.126582278481013,29.11392405063291,60.75949367088608,54.43037974683544,6.329113924050633
E00178947,374,100,27,73,274,242,32,26.737967914438503,7.219251336898395,19.518716577540108,73.2620320855615,64.70588235294117,8.55614973262032
E00178948,169,70,16,54,99,89,10,41.42011834319527,9.467455621301776,31.952662721893493,58.57988165680473,52.662721893491124,5.9171597633136095
E00178949,123,70,41,29,53,51,2,56.91056910569105,33.33333333333333,23.577235772357724,43.08943089430895,41.46341463414634,1.6260162601626018
E00178950,241,77,31,46,164,138,26,31.950207468879665,12.863070539419086,19.08713692946058,68.04979253112033,57.26141078838174,10.78838174273859
E00178951,238,90,23,67,148,107,41,37.81512605042017,9.663865546218489,28.15126050420168,62.18487394957983,44.957983193277315,17.22689075630252
E00178959,134,72,44,28,62,58,4,53.73134328358209,32.83582089552239,20.8955223880597,46.26865671641791,43.28358208955223,2.9850746268656714
E00178963,285,85,21,64,200,170,30,29.82456140350877,7.368421052631578,22.45614035087719,70.17543859649122,59.64912280701754,10.526315789473683
E00178964,132,47,22,25,85,73,12,35.60606060606061,16.666666666666664,18.939393939393938,64.39393939393939,55.3030303030303,9.090909090909092
E00178972,199,70,27,43,129,85,44,35.175879396984925,13.5678391959799,21.608040201005025,64.82412060301507,42.71356783919598,22.110552763819097
E00178973,237,44,15,29,193,163,30,18.565400843881857,6.329113924050633,12.236286919831224,81.43459915611815,68.77637130801688,12.658227848101266
E00178975,165,48,20,28,117,101,16,29.09090909090909,12.121212121212121,16.969696969696972,70.9090909090909,61.212121212121204,9.696969696969697
E00178979,57,13,6,7,44,37,7,22.807017543859647,10.526315789473683,12.280701754385964,77.19298245614034,64.91228070175438,12.280701754385964
E00178980,225,31,7,24,194,159,35,13.777777777777779,3.111111111111111,10.666666666666668,86.22222222222223,70.66666666666667,15.555555555555555
E00178981,180,68,24,44,112,81,31,37.77777777777778,13.333333333333334,24.444444444444443,62.22222222222222,45,17.22222222222222
E00178985,226,45,18,27,181,156,25,19.911504424778762,7.964601769911504,11.946902654867257,80.08849557522124,69.02654867256636,11.061946902654867
E00178987,75,29,8,21,46,38,8,38.666666666666664,10.666666666666668,28.000000000000004,61.33333333333333,50.66666666666667,10.666666666666668
E00178990,261,81,30,51,180,153,27,31.03448275862069,11.494252873563218,19.54022988505747,68.96551724137932,58.620689655172406,10.344827586206897
E00178992,143,40,11,29,103,97,6,27.972027972027973,7.6923076923076925,20.27972027972028,72.02797202797203,67.83216783216784,4.195804195804196
E00178996,359,72,31,41,287,239,48,20.055710306406684,8.635097493036211,11.420612813370473,79.94428969359332,66.57381615598887,13.370473537604457
E00178998,155,32,13,19,123,104,19,20.64516129032258,8.38709677419355,12.258064516129032,79.35483870967742,67.0967741935484,12.258064516129032
E00178999,127,49,17,32,78,73,5,38.582677165354326,13.385826771653544,25.196850393700785,61.417322834645674,57.48031496062992,3.937007874015748
E00179011,151,52,17,35,99,84,15,34.437086092715234,11.258278145695364,23.178807947019866,65.56291390728477,55.62913907284768,9.933774834437086
E00179013,267,90,42,48,177,138,39,33.70786516853933,15.730337078651685,17.97752808988764,66.29213483146067,51.68539325842697,14.606741573033707
E00179015,170,72,25,47,98,83,15,42.35294117647059,14.705882352941178,27.647058823529413,57.647058823529406,48.8235294117647,8.823529411764707
E00179016,134,21,7,14,113,92,21,15.671641791044777,5.223880597014925,10.44776119402985,84.32835820895522,68.65671641791045,15.671641791044777
E00179017,226,43,32,11,183,154,29,19.02654867256637,14.15929203539823,4.867256637168142,80.97345132743364,68.14159292035397,12.831858407079647
E00179018,189,83,28,55,106,95,11,43.91534391534391,14.814814814814813,29.100529100529098,56.08465608465608,50.264550264550266,5.82010582010582
E00179022,119,84,20,64,35,26,9,70.58823529411765,16.80672268907563,53.78151260504202,29.411764705882355,21.84873949579832,7.563025210084033
E00179023,165,35,13,22,130,109,21,21.21212121212121,7.878787878787878,13.333333333333334,78.78787878787878,66.06060606060606,12.727272727272727
E00179024,164,54,18,36,110,83,27,32.926829268292686,10.975609756097562,21.951219512195124,67.07317073170732,50.609756097560975,16.463414634146343
E00179026,74,14,3,11,60,55,5,18.91891891891892,4.054054054054054,14.864864864864865,81.08108108108108,74.32432432432432,6.756756756756757
E00179027,283,103,58,45,180,153,27,36.39575971731448,20.49469964664311,15.901060070671377,63.60424028268551,54.06360424028268,9.540636042402827
E00179029,150,37,16,21,113,82,31,24.666666666666668,10.666666666666668,14.000000000000002,75.33333333333333,54.666666666666664,20.666666666666668
E00179031,141,52,16,36,89,78,11,36.87943262411347,11.347517730496454,25.53191489361702,63.12056737588653,55.319148936170215,7.801418439716312
E00179033,101,20,7,13,81,64,17,19.801980198019802,6.9306930693069315,12.871287128712872,80.19801980198021,63.366336633663366,16.831683168316832
E00179042,79,17,8,9,62,54,8,21.518987341772153,10.126582278481013,11.39240506329114,78.48101265822784,68.35443037974683,10.126582278481013
E00179045,303,41,20,21,262,217,45,13.531353135313532,6.6006600660066,6.9306930693069315,86.46864686468648,71.61716171617162,14.85148514851485
E00179052,174,54,17,37,120,100,20,31.03448275862069,9.770114942528735,21.26436781609195,68.96551724137932,57.47126436781609,11.494252873563218
E00179057,310,114,49,65,196,148,48,36.774193548387096,15.806451612903224,20.967741935483872,63.2258064516129,47.74193548387097,15.483870967741936
E00179063,139,21,11,10,118,92,26,15.107913669064748,7.913669064748201,7.1942446043165464,84.89208633093526,66.18705035971223,18.705035971223023
