OA,ts0380001,ts0380002,ts0380003,ts0380004,ts0380005,ts0380006,ts0380007,ts0380002_PCT,ts0380003_PCT,ts0380004_PCT,ts0380005_PCT,ts0380006_PCT,ts0380007_PCT
E00117973,442,81,32,49,361,34,327,18.32579185520362,7.239819004524888,11.085972850678733,81.67420814479638,7.6923076923076925,73.98190045248869
E00117974,466,46,15,31,420,39,381,9.871244635193133,3.2188841201716736,6.652360515021459,90.12875536480686,8.369098712446352,81.75965665236052
E00117975,363,83,32,51,280,54,226,22.865013774104685,8.81542699724518,14.049586776859504,77.13498622589532,14.87603305785124,62.25895316804407
E00117976,226,34,7,27,192,19,173,15.04424778761062,3.0973451327433628,11.946902654867257,84.95575221238938,8.4070796460177,76.54867256637168
E00117977,348,50,14,36,298,31,267,14.367816091954023,4.022988505747127,10.344827586206897,85.63218390804597,8.908045977011495,76.72413793103449
E00117978,359,54,20,34,305,34,271,15.041782729805014,5.571030640668524,9.47075208913649,84.958217270195,9.47075208913649,75.4874651810585
E00117979,351,95,36,59,256,41,215,27.065527065527068,10.256410256410255,16.80911680911681,72.93447293447294,11.68091168091168,61.25356125356125
E00117980,347,67,30,37,280,29,251,19.30835734870317,8.645533141210375,10.662824207492795,80.69164265129683,8.357348703170029,72.3342939481268
E00117981,475,83,25,58,392,35,357,17.473684210526315,5.263157894736842,12.210526315789473,82.52631578947368,7.368421052631578,75.1578947368421
E00117982,306,46,15,31,260,31,229,15.032679738562091,4.901960784313726,10.130718954248366,84.9673202614379,10.130718954248366,74.83660130718954
E00117983,265,70,27,43,195,23,172,26.41509433962264,10.18867924528302,16.22641509433962,73.58490566037736,8.679245283018867,64.90566037735849
E00117984,293,64,14,50,229,20,209,21.843003412969285,4.778156996587031,17.064846416382252,78.15699658703072,6.825938566552901,71.33105802047781
E00117985,488,82,28,54,406,38,368,16.80327868852459,5.737704918032787,11.065573770491802,83.19672131147541,7.786885245901639,75.40983606557377
E00117986,277,34,11,23,243,26,217,12.274368231046932,3.9711191335740073,8.303249097472925,87.72563176895306,9.386281588447654,78.33935018050542
E00117987,375,50,15,35,325,48,277,13.333333333333334,4,9.333333333333334,86.66666666666667,12.8,73.86666666666667
E00117988,249,49,15,34,200,18,182,19.67871485943775,6.024096385542169,13.654618473895583,80.32128514056225,7.228915662650602,73.09236947791165
E00117989,226,44,19,25,182,29,153,19.469026548672566,8.4070796460177,11.061946902654867,80.53097345132744,12.831858407079647,67.69911504424779
E00117990,197,53,19,34,144,9,135,26.903553299492383,9.644670050761421,17.258883248730964,73.09644670050761,4.568527918781726,68.52791878172589
E00117991,271,32,6,26,239,28,211,11.808118081180812,2.214022140221402,9.59409594095941,88.19188191881919,10.33210332103321,77.85977859778598
E00117992,320,63,21,42,257,35,222,19.6875,6.5625,13.125,80.3125,10.9375,69.375
E00117993,317,20,4,16,297,33,264,6.309148264984227,1.2618296529968454,5.047318611987381,93.69085173501577,10.410094637223976,83.2807570977918
E00117994,551,141,76,65,410,47,363,25.58983666061706,13.793103448275861,11.796733212341199,74.41016333938293,8.52994555353902,65.88021778584393
E00117995,292,63,29,34,229,21,208,21.575342465753426,9.931506849315069,11.643835616438356,78.42465753424658,7.191780821917808,71.23287671232876
E00117997,469,41,18,23,428,29,399,8.742004264392325,3.8379530916844353,4.904051172707889,91.25799573560768,6.183368869936034,85.07462686567165
E00117998,232,40,17,23,192,9,183,17.24137931034483,7.327586206896551,9.913793103448276,82.75862068965517,3.8793103448275863,78.87931034482759
E00117999,415,53,19,34,362,40,322,12.771084337349398,4.578313253012048,8.19277108433735,87.2289156626506,9.63855421686747,77.59036144578313
E00118000,308,40,11,29,268,23,245,12.987012987012985,3.571428571428571,9.415584415584416,87.01298701298701,7.467532467532467,79.54545454545455
E00118001,270,41,12,29,229,16,213,15.185185185185185,4.444444444444445,10.74074074074074,84.81481481481481,5.9259259259259265,78.88888888888889
E00118002,393,39,11,28,354,31,323,9.923664122137405,2.7989821882951653,7.124681933842239,90.07633587786259,7.888040712468193,82.1882951653944
E00118003,358,46,19,27,312,25,287,12.849162011173185,5.307262569832402,7.5418994413407825,87.15083798882681,6.983240223463687,80.16759776536313
E00118004,244,34,7,27,210,31,179,13.934426229508196,2.8688524590163933,11.065573770491802,86.0655737704918,12.704918032786885,73.36065573770492
E00118005,235,22,4,18,213,14,199,9.361702127659575,1.702127659574468,7.659574468085106,90.63829787234042,5.957446808510639,84.68085106382979
E00118007,287,22,7,15,265,23,242,7.665505226480835,2.4390243902439024,5.2264808362369335,92.33449477351915,8.013937282229964,84.3205574912892
E00118008,306,47,12,35,259,35,224,15.359477124183007,3.9215686274509802,11.437908496732026,84.640522875817,11.437908496732026,73.20261437908496
E00118009,460,52,12,40,408,36,372,11.304347826086957,2.608695652173913,8.695652173913043,88.69565217391305,7.82608695652174,80.8695652173913
E00118010,195,24,8,16,171,17,154,12.307692307692308,4.102564102564102,8.205128205128204,87.6923076923077,8.717948717948717,78.97435897435898
E00118011,285,47,14,33,238,21,217,16.49122807017544,4.912280701754386,11.578947368421053,83.50877192982456,7.368421052631578,76.14035087719299
E00118012,265,62,26,36,203,25,178,23.39622641509434,9.811320754716983,13.584905660377359,76.60377358490567,9.433962264150944,67.16981132075472
E00118013,428,80,30,50,348,34,314,18.69158878504673,7.009345794392523,11.682242990654206,81.30841121495327,7.943925233644859,73.36448598130842
E00118014,287,60,28,32,227,29,198,20.905923344947734,9.75609756097561,11.149825783972126,79.09407665505228,10.104529616724738,68.98954703832753
E00118015,218,32,9,23,186,13,173,14.678899082568808,4.128440366972478,10.550458715596331,85.3211009174312,5.963302752293578,79.35779816513761
E00118017,391,51,20,31,340,27,313,13.043478260869565,5.115089514066496,7.928388746803069,86.95652173913044,6.905370843989769,80.05115089514067
E00118018,316,37,13,24,279,21,258,11.708860759493671,4.113924050632911,7.59493670886076,88.29113924050634,6.6455696202531636,81.64556962025317
E00118019,484,61,24,37,423,36,387,12.603305785123966,4.958677685950414,7.644628099173553,87.39669421487604,7.43801652892562,79.9586776859504
E00118020,364,38,5,33,326,32,294,10.43956043956044,1.3736263736263736,9.065934065934066,89.56043956043956,8.791208791208792,80.76923076923077
E00118021,273,47,12,35,226,14,212,17.216117216117215,4.395604395604396,12.82051282051282,82.78388278388277,5.128205128205128,77.65567765567766
E00118022,358,45,15,30,313,23,290,12.569832402234638,4.189944134078212,8.379888268156424,87.43016759776536,6.424581005586592,81.00558659217877
E00118023,208,21,4,17,187,19,168,10.096153846153847,1.9230769230769231,8.173076923076923,89.90384615384616,9.134615384615383,80.76923076923077
E00118024,417,33,16,17,384,37,347,7.913669064748201,3.8369304556354913,4.07673860911271,92.08633093525181,8.872901678657074,83.21342925659472
E00118025,382,64,24,40,318,31,287,16.75392670157068,6.282722513089005,10.471204188481675,83.24607329842932,8.115183246073299,75.13089005235602
E00118026,508,54,15,39,454,39,415,10.62992125984252,2.952755905511811,7.677165354330709,89.37007874015748,7.677165354330709,81.69291338582677
E00118027,416,71,35,36,345,40,305,17.067307692307693,8.413461538461538,8.653846153846153,82.9326923076923,9.615384615384617,73.3173076923077
E00118028,283,18,3,15,265,31,234,6.36042402826855,1.0600706713780919,5.30035335689046,93.63957597173145,10.954063604240282,82.68551236749117
E00118029,199,35,17,18,164,24,140,17.587939698492463,8.542713567839195,9.045226130653267,82.41206030150754,12.060301507537687,70.35175879396985
E00118030,454,49,12,37,405,34,371,10.79295154185022,2.643171806167401,8.149779735682818,89.20704845814979,7.488986784140969,81.71806167400881
E00118031,329,44,13,31,285,31,254,13.37386018237082,3.951367781155015,9.422492401215806,86.62613981762918,9.422492401215806,77.20364741641338
E00118032,283,34,11,23,249,25,224,12.014134275618375,3.8869257950530036,8.12720848056537,87.98586572438163,8.8339222614841,79.15194346289752
E00118033,325,58,25,33,267,16,251,17.846153846153847,7.6923076923076925,10.153846153846153,82.15384615384616,4.923076923076923,77.23076923076924
E00118034,312,39,25,14,273,27,246,12.5,8.012820512820513,4.487179487179487,87.5,8.653846153846153,78.84615384615384
E00118035,315,37,11,26,278,39,239,11.746031746031745,3.492063492063492,8.253968253968253,88.25396825396825,12.380952380952381,75.87301587301587
E00118036,332,46,13,33,286,19,267,13.855421686746988,3.91566265060241,9.939759036144578,86.14457831325302,5.72289156626506,80.42168674698796
E00118037,336,52,15,37,284,36,248,15.476190476190476,4.464285714285714,11.011904761904761,84.52380952380952,10.714285714285714,73.80952380952381
E00118038,277,46,15,31,231,28,203,16.60649819494585,5.415162454873646,11.191335740072201,83.39350180505414,10.108303249097473,73.28519855595668
E00118039,383,51,17,34,332,38,294,13.315926892950392,4.43864229765013,8.87728459530026,86.68407310704961,9.921671018276761,76.76240208877284
E00118040,431,71,27,44,360,37,323,16.473317865429234,6.2645011600928076,10.208816705336426,83.52668213457076,8.584686774941995,74.94199535962876
E00118041,330,44,10,34,286,27,259,13.333333333333334,3.0303030303030303,10.303030303030303,86.66666666666667,8.181818181818182,78.48484848484848
E00118043,221,29,8,21,192,16,176,13.122171945701359,3.619909502262444,9.502262443438914,86.87782805429865,7.239819004524888,79.63800904977376
E00118044,320,41,13,28,279,30,249,12.812499999999998,4.0625,8.75,87.1875,9.375,77.8125
E00118045,325,44,15,29,281,35,246,13.538461538461538,4.615384615384616,8.923076923076923,86.46153846153845,10.76923076923077,75.6923076923077
E00118046,444,134,89,45,310,37,273,30.180180180180184,20.045045045045047,10.135135135135135,69.81981981981981,8.333333333333332,61.48648648648649
E00118047,553,66,22,44,487,39,448,11.934900542495479,3.9783001808318263,7.956600361663653,88.06509945750453,7.05244122965642,81.0126582278481
E00118048,410,69,28,41,341,41,300,16.82926829268293,6.829268292682928,10,83.17073170731707,10,73.17073170731707
E00118049,404,90,36,54,314,26,288,22.277227722772277,8.91089108910891,13.366336633663368,77.72277227722772,6.435643564356436,71.28712871287128
E00118050,410,78,30,48,332,23,309,19.024390243902438,7.317073170731707,11.707317073170733,80.97560975609757,5.609756097560976,75.36585365853658
E00118051,239,55,25,30,184,18,166,23.01255230125523,10.460251046025103,12.552301255230125,76.98744769874477,7.531380753138076,69.4560669456067
E00118052,313,43,15,28,270,23,247,13.738019169329075,4.792332268370607,8.945686900958465,86.26198083067092,7.348242811501597,78.91373801916933
E00118053,360,69,31,38,291,31,260,19.166666666666668,8.61111111111111,10.555555555555555,80.83333333333333,8.61111111111111,72.22222222222221
E00118054,262,75,32,43,187,17,170,28.62595419847328,12.213740458015266,16.412213740458014,71.37404580152672,6.488549618320611,64.8854961832061
E00118055,379,42,11,31,337,37,300,11.081794195250659,2.9023746701846966,8.179419525065963,88.91820580474933,9.762532981530343,79.15567282321899
E00118056,339,38,16,22,301,39,262,11.209439528023598,4.71976401179941,6.489675516224189,88.79056047197639,11.504424778761061,77.28613569321534
E00118057,346,47,17,30,299,24,275,13.583815028901732,4.913294797687861,8.670520231213873,86.41618497109826,6.9364161849710975,79.47976878612717
E00118058,321,58,14,44,263,31,232,18.06853582554517,4.361370716510903,13.707165109034266,81.93146417445483,9.657320872274143,72.27414330218068
E00118059,245,35,17,18,210,20,190,14.285714285714285,6.938775510204081,7.346938775510205,85.71428571428571,8.16326530612245,77.55102040816327
E00118060,462,60,24,36,402,36,366,12.987012987012985,5.194805194805195,7.792207792207792,87.01298701298701,7.792207792207792,79.22077922077922
E00118061,390,47,10,37,343,35,308,12.051282051282051,2.564102564102564,9.487179487179487,87.94871794871794,8.974358974358974,78.97435897435898
E00118062,221,12,5,7,209,16,193,5.429864253393665,2.262443438914027,3.167420814479638,94.57013574660633,7.239819004524888,87.33031674208145
E00118063,322,57,19,38,265,29,236,17.70186335403727,5.900621118012422,11.801242236024844,82.29813664596274,9.006211180124224,73.29192546583852
E00118064,359,32,8,24,327,26,301,8.913649025069638,2.2284122562674096,6.685236768802229,91.08635097493037,7.242339832869081,83.84401114206128
E00118065,351,39,15,24,312,16,296,11.11111111111111,4.273504273504273,6.837606837606838,88.88888888888889,4.5584045584045585,84.33048433048434
E00118066,277,24,4,20,253,18,235,8.664259927797833,1.444043321299639,7.2202166064981945,91.33574007220217,6.4981949458483745,84.83754512635379
E00118067,244,38,13,25,206,21,185,15.573770491803279,5.327868852459016,10.245901639344263,84.42622950819673,8.60655737704918,75.81967213114754
E00118068,246,21,9,12,225,17,208,8.536585365853659,3.6585365853658534,4.878048780487805,91.46341463414635,6.910569105691057,84.5528455284553
E00118069,347,63,18,45,284,30,254,18.155619596541786,5.187319884726225,12.968299711815561,81.84438040345822,8.645533141210375,73.19884726224784
E00118070,377,52,21,31,325,26,299,13.793103448275861,5.570291777188329,8.222811671087534,86.20689655172413,6.896551724137931,79.3103448275862
E00118071,387,47,17,30,340,33,307,12.144702842377262,4.3927648578811365,7.751937984496124,87.85529715762273,8.527131782945736,79.32816537467701
E00118072,363,36,7,29,327,32,295,9.917355371900827,1.9283746556473829,7.988980716253444,90.08264462809917,8.81542699724518,81.26721763085399
E00118073,320,60,23,37,260,24,236,18.75,7.187499999999999,11.5625,81.25,7.5,73.75
E00118074,298,73,28,45,225,15,210,24.496644295302016,9.395973154362416,15.100671140939598,75.50335570469798,5.033557046979865,70.46979865771812
E00118075,311,35,5,30,276,32,244,11.254019292604502,1.607717041800643,9.646302250803858,88.7459807073955,10.289389067524116,78.45659163987139
E00118077,304,64,33,31,240,34,206,21.052631578947366,10.855263157894738,10.197368421052632,78.94736842105263,11.18421052631579,67.76315789473685
E00118078,547,85,31,54,462,53,409,15.539305301645337,5.6672760511883,9.87202925045704,84.46069469835467,9.689213893967093,74.77148080438756
E00118079,292,46,13,33,246,21,225,15.753424657534246,4.4520547945205475,11.301369863013697,84.24657534246576,7.191780821917808,77.05479452054794
E00118080,314,36,6,30,278,29,249,11.464968152866243,1.910828025477707,9.554140127388536,88.53503184713377,9.235668789808917,79.29936305732484
E00118081,337,48,12,36,289,29,260,14.243323442136498,3.5608308605341246,10.682492581602373,85.7566765578635,8.605341246290802,77.1513353115727
E00118082,287,40,13,27,247,23,224,13.937282229965156,4.529616724738676,9.40766550522648,86.06271777003485,8.013937282229964,78.04878048780488
E00118083,295,44,15,29,251,27,224,14.915254237288137,5.084745762711865,9.830508474576272,85.08474576271186,9.152542372881356,75.9322033898305
E00118084,293,58,19,39,235,29,206,19.795221843003414,6.484641638225256,13.310580204778159,80.2047781569966,9.897610921501707,70.30716723549489
E00118085,312,38,13,25,274,28,246,12.179487179487179,4.166666666666666,8.012820512820513,87.82051282051282,8.974358974358974,78.84615384615384
E00118086,319,45,12,33,274,38,236,14.106583072100312,3.761755485893417,10.344827586206897,85.8934169278997,11.912225705329153,73.98119122257053
E00118087,352,39,15,24,313,23,290,11.079545454545455,4.261363636363636,6.8181818181818175,88.92045454545455,6.534090909090909,82.38636363636364
E00118088,285,56,20,36,229,22,207,19.649122807017545,7.017543859649122,12.631578947368421,80.35087719298247,7.719298245614035,72.63157894736842
E00118089,340,76,31,45,264,21,243,22.35294117647059,9.117647058823529,13.23529411764706,77.64705882352942,6.176470588235294,71.47058823529412
E00118090,297,55,18,37,242,32,210,18.51851851851852,6.0606060606060606,12.457912457912458,81.48148148148148,10.774410774410773,70.70707070707071
E00118092,368,36,5,31,332,24,308,9.782608695652174,1.358695652173913,8.423913043478262,90.21739130434783,6.521739130434782,83.69565217391305
E00118093,280,35,8,27,245,30,215,12.5,2.857142857142857,9.642857142857144,87.5,10.714285714285714,76.78571428571429
E00118094,321,39,11,28,282,28,254,12.149532710280374,3.4267912772585665,8.722741433021806,87.85046728971963,8.722741433021806,79.12772585669782
E00118095,191,38,16,22,153,21,132,19.895287958115183,8.37696335078534,11.518324607329843,80.10471204188482,10.99476439790576,69.10994764397905
E00118096,266,39,11,28,227,25,202,14.661654135338345,4.135338345864661,10.526315789473683,85.33834586466166,9.398496240601503,75.93984962406014
E00118097,280,21,7,14,259,33,226,7.5,2.5,5,92.5,11.785714285714285,80.71428571428572
E00118098,227,27,6,21,200,25,175,11.894273127753303,2.643171806167401,9.251101321585903,88.10572687224669,11.013215859030836,77.09251101321586
E00118099,276,30,1,29,246,23,223,10.869565217391305,0.36231884057971014,10.507246376811594,89.13043478260869,8.333333333333332,80.79710144927536
E00118100,315,33,7,26,282,37,245,10.476190476190476,2.2222222222222223,8.253968253968253,89.52380952380953,11.746031746031745,77.77777777777779
E00118101,305,27,7,20,278,36,242,8.852459016393443,2.2950819672131146,6.557377049180328,91.14754098360656,11.80327868852459,79.34426229508198
E00118102,291,40,13,27,251,21,230,13.745704467353953,4.4673539518900345,9.278350515463918,86.25429553264605,7.216494845360824,79.03780068728523
E00118103,360,47,11,36,313,35,278,13.055555555555557,3.0555555555555554,10,86.94444444444444,9.722222222222223,77.22222222222223
E00118104,284,43,11,32,241,33,208,15.140845070422534,3.873239436619718,11.267605633802818,84.85915492957746,11.619718309859154,73.23943661971832
E00118105,319,45,13,32,274,30,244,14.106583072100312,4.075235109717868,10.031347962382444,85.8934169278997,9.404388714733543,76.48902821316614
E00118106,331,54,17,37,277,29,248,16.314199395770395,5.13595166163142,11.178247734138973,83.68580060422961,8.761329305135952,74.92447129909365
E00118108,487,35,13,22,452,44,408,7.186858316221765,2.6694045174537986,4.517453798767967,92.81314168377823,9.034907597535934,83.77823408624229
E00118109,337,94,58,36,243,28,215,27.89317507418398,17.210682492581604,10.682492581602373,72.10682492581603,8.30860534124629,63.798219584569736
E00118110,146,21,5,16,125,24,101,14.383561643835616,3.4246575342465753,10.95890410958904,85.61643835616438,16.43835616438356,69.17808219178082
E00118111,317,35,11,24,282,30,252,11.041009463722396,3.4700315457413247,7.570977917981073,88.95899053627761,9.46372239747634,79.49526813880126
E00118112,333,54,20,34,279,26,253,16.216216216216218,6.006006006006006,10.21021021021021,83.78378378378379,7.807807807807808,75.97597597597597
E00118113,374,45,14,31,329,31,298,12.032085561497325,3.7433155080213902,8.288770053475936,87.96791443850267,8.288770053475936,79.67914438502673
E00118114,525,55,7,48,470,35,435,10.476190476190476,1.3333333333333335,9.142857142857142,89.52380952380953,6.666666666666667,82.85714285714286
E00118115,333,47,19,28,286,26,260,14.114114114114114,5.7057057057057055,8.408408408408409,85.88588588588588,7.807807807807808,78.07807807807808
E00118116,437,51,15,36,386,25,361,11.670480549199084,3.4324942791762014,8.237986270022883,88.32951945080092,5.720823798627003,82.6086956521739
E00118117,335,42,11,31,293,24,269,12.53731343283582,3.2835820895522385,9.253731343283581,87.46268656716418,7.164179104477612,80.29850746268656
E00118118,417,82,40,42,335,46,289,19.664268585131893,9.59232613908873,10.071942446043165,80.3357314148681,11.031175059952037,69.30455635491607
E00118119,245,58,29,29,187,24,163,23.6734693877551,11.83673469387755,11.83673469387755,76.32653061224491,9.795918367346939,66.53061224489795
E00118120,356,38,11,27,318,37,281,10.674157303370785,3.089887640449438,7.584269662921349,89.32584269662921,10.393258426966293,78.93258426966293
E00118121,349,74,27,47,275,20,255,21.20343839541547,7.736389684813753,13.46704871060172,78.79656160458453,5.730659025787966,73.06590257879655
E00118122,332,39,15,24,293,25,268,11.74698795180723,4.518072289156627,7.228915662650602,88.25301204819277,7.530120481927711,80.72289156626506
E00118123,514,138,67,71,376,37,339,26.848249027237355,13.03501945525292,13.813229571984436,73.15175097276264,7.198443579766536,65.95330739299611
E00118124,307,38,9,29,269,27,242,12.37785016286645,2.9315960912052117,9.446254071661238,87.62214983713355,8.794788273615636,78.82736156351791
E00118125,355,43,10,33,312,28,284,12.112676056338028,2.8169014084507045,9.295774647887324,87.88732394366198,7.887323943661972,80
E00118126,445,69,19,50,376,39,337,15.505617977528091,4.269662921348314,11.235955056179774,84.49438202247191,8.764044943820224,75.73033707865169
E00118127,340,35,12,23,305,25,280,10.294117647058822,3.5294117647058822,6.764705882352941,89.70588235294117,7.352941176470589,82.35294117647058
E00118128,259,35,10,25,224,40,184,13.513513513513514,3.861003861003861,9.652509652509652,86.48648648648648,15.444015444015443,71.04247104247105
E00118129,436,42,10,32,394,35,359,9.63302752293578,2.293577981651376,7.339449541284404,90.36697247706422,8.027522935779817,82.33944954128441
E00118130,318,46,11,35,272,39,233,14.465408805031446,3.459119496855346,11.0062893081761,85.53459119496856,12.264150943396226,73.27044025157232
E00118131,369,29,9,20,340,34,306,7.8590785907859075,2.4390243902439024,5.420054200542006,92.14092140921409,9.214092140921409,82.92682926829268
E00118132,286,56,22,34,230,37,193,19.58041958041958,7.6923076923076925,11.888111888111888,80.41958041958041,12.937062937062937,67.48251748251748
E00118133,203,49,30,19,154,18,136,24.137931034482758,14.77832512315271,9.35960591133005,75.86206896551724,8.866995073891626,66.99507389162561
E00118134,332,77,29,48,255,35,220,23.19277108433735,8.734939759036145,14.457831325301203,76.80722891566265,10.542168674698797,66.26506024096386
E00118135,402,84,29,55,318,32,286,20.8955223880597,7.213930348258707,13.681592039800993,79.1044776119403,7.960199004975125,71.14427860696517
E00118136,299,55,14,41,244,25,219,18.394648829431436,4.682274247491638,13.712374581939798,81.60535117056857,8.361204013377927,73.24414715719062
E00118137,242,50,18,32,192,28,164,20.66115702479339,7.43801652892562,13.223140495867769,79.33884297520662,11.570247933884298,67.76859504132231
E00118138,332,49,16,33,283,29,254,14.759036144578314,4.819277108433735,9.939759036144578,85.2409638554217,8.734939759036145,76.50602409638554
E00118139,262,57,17,40,205,28,177,21.755725190839694,6.488549618320611,15.267175572519085,78.2442748091603,10.687022900763358,67.55725190839695
E00118140,312,62,25,37,250,33,217,19.871794871794872,8.012820512820513,11.858974358974358,80.12820512820514,10.576923076923077,69.55128205128204
E00118141,364,75,28,47,289,33,256,20.604395604395602,7.6923076923076925,12.912087912087914,79.3956043956044,9.065934065934066,70.32967032967034
E00118142,440,81,35,46,359,46,313,18.409090909090907,7.954545454545454,10.454545454545453,81.5909090909091,10.454545454545453,71.13636363636363
E00118143,529,64,19,45,465,39,426,12.098298676748582,3.5916824196597354,8.5066162570888455,87.90170132325142,7.372400756143667,80.52930056710775
E00118144,193,24,4,20,169,18,151,12.435233160621761,2.072538860103627,10.362694300518134,87.56476683937824,9.32642487046632,78.23834196891191
E00118145,251,18,7,11,233,25,208,7.171314741035857,2.788844621513944,4.382470119521913,92.82868525896414,9.9601593625498,82.86852589641434
E00118146,352,79,39,40,273,21,252,22.443181818181817,11.079545454545455,11.363636363636363,77.55681818181817,5.965909090909091,71.5909090909091
E00118147,184,59,25,34,125,22,103,32.065217391304344,13.586956521739129,18.478260869565215,67.93478260869566,11.956521739130435,55.97826086956522
E00118148,263,40,9,31,223,18,205,15.209125475285171,3.4220532319391634,11.787072243346007,84.79087452471484,6.844106463878327,77.9467680608365
E00118149,319,51,20,31,268,31,237,15.987460815047022,6.269592476489027,9.717868338557993,84.01253918495298,9.717868338557993,74.29467084639498
E00118150,249,37,14,23,212,21,191,14.859437751004014,5.622489959839357,9.236947791164658,85.14056224899599,8.433734939759036,76.70682730923694
E00118151,291,57,30,27,234,24,210,19.587628865979383,10.309278350515463,9.278350515463918,80.41237113402062,8.24742268041237,72.16494845360825
E00118152,201,47,18,29,154,14,140,23.383084577114428,8.955223880597014,14.427860696517413,76.61691542288557,6.965174129353234,69.65174129353234
E00118153,318,52,16,36,266,36,230,16.352201257861633,5.031446540880504,11.320754716981133,83.64779874213836,11.320754716981133,72.32704402515722
E00118154,368,79,36,43,289,20,269,21.467391304347828,9.782608695652174,11.684782608695652,78.53260869565217,5.434782608695652,73.09782608695652
E00118155,177,52,26,26,125,12,113,29.37853107344633,14.689265536723164,14.689265536723164,70.62146892655367,6.779661016949152,63.84180790960452
E00118156,592,120,53,67,472,36,436,20.27027027027027,8.952702702702704,11.317567567567567,79.72972972972973,6.081081081081082,73.64864864864865
E00118157,385,51,13,38,334,27,307,13.246753246753245,3.3766233766233764,9.87012987012987,86.75324675324674,7.012987012987012,79.74025974025975
E00118158,268,45,18,27,223,27,196,16.791044776119403,6.7164179104477615,10.074626865671641,83.2089552238806,10.074626865671641,73.13432835820896
E00118159,328,37,6,31,291,34,257,11.28048780487805,1.8292682926829267,9.451219512195122,88.71951219512195,10.365853658536585,78.35365853658537
E00118160,377,76,24,52,301,25,276,20.159151193633953,6.36604774535809,13.793103448275861,79.84084880636605,6.631299734748011,73.20954907161804
E00118161,390,66,26,40,324,26,298,16.923076923076923,6.666666666666667,10.256410256410255,83.07692307692308,6.666666666666667,76.41025641025641
E00118162,521,90,26,64,431,32,399,17.274472168905948,4.990403071017274,12.284069097888676,82.72552783109404,6.142034548944338,76.58349328214972
E00118163,321,65,20,45,256,31,225,20.24922118380062,6.230529595015576,14.018691588785046,79.75077881619937,9.657320872274143,70.09345794392523
E00118164,330,63,26,37,267,35,232,19.090909090909093,7.878787878787878,11.212121212121213,80.9090909090909,10.606060606060606,70.3030303030303
E00118165,267,32,8,24,235,27,208,11.985018726591761,2.9962546816479403,8.98876404494382,88.01498127340824,10.112359550561797,77.90262172284645
E00118166,268,59,35,24,209,24,185,22.01492537313433,13.059701492537313,8.955223880597014,77.98507462686567,8.955223880597014,69.02985074626866
E00118167,234,70,29,41,164,16,148,29.914529914529915,12.393162393162394,17.52136752136752,70.08547008547008,6.837606837606838,63.24786324786324
E00118168,231,50,20,30,181,16,165,21.645021645021643,8.658008658008658,12.987012987012985,78.35497835497836,6.926406926406926,71.42857142857143
E00118169,215,28,8,20,187,24,163,13.023255813953488,3.7209302325581395,9.30232558139535,86.9767441860465,11.162790697674419,75.81395348837209
E00118170,293,51,18,33,242,28,214,17.4061433447099,6.143344709897611,11.262798634812286,82.5938566552901,9.556313993174061,73.03754266211604
E00118171,306,107,59,48,199,20,179,34.967320261437905,19.28104575163399,15.686274509803921,65.0326797385621,6.535947712418301,58.496732026143796
E00118172,206,36,15,21,170,19,151,17.475728155339805,7.281553398058252,10.194174757281553,82.52427184466019,9.223300970873787,73.30097087378641
E00118173,383,69,22,47,314,31,283,18.01566579634465,5.7441253263707575,12.27154046997389,81.98433420365535,8.093994778067886,73.89033942558747
E00118174,263,67,30,37,196,15,181,25.475285171102662,11.406844106463879,14.068441064638785,74.52471482889734,5.7034220532319395,68.8212927756654
E00118175,266,22,1,21,244,20,224,8.270676691729323,0.37593984962406013,7.894736842105263,91.72932330827066,7.518796992481203,84.21052631578947
E00118176,241,33,11,22,208,17,191,13.692946058091287,4.564315352697095,9.12863070539419,86.30705394190872,7.053941908713693,79.25311203319502
E00118177,276,64,28,36,212,22,190,23.18840579710145,10.144927536231885,13.043478260869565,76.81159420289855,7.971014492753622,68.84057971014492
E00118178,434,82,26,56,352,31,321,18.89400921658986,5.990783410138248,12.903225806451612,81.10599078341014,7.142857142857142,73.963133640553
E00118179,276,58,22,36,218,18,200,21.014492753623188,7.971014492753622,13.043478260869565,78.98550724637681,6.521739130434782,72.46376811594203
E00118180,291,87,40,47,204,25,179,29.896907216494846,13.745704467353953,16.151202749140893,70.10309278350515,8.59106529209622,61.512027491408936
E00118181,405,70,19,51,335,34,301,17.28395061728395,4.691358024691358,12.592592592592592,82.71604938271605,8.395061728395062,74.32098765432099
E00118182,405,101,32,69,304,32,272,24.938271604938272,7.901234567901234,17.037037037037038,75.06172839506173,7.901234567901234,67.1604938271605
E00118183,404,76,28,48,328,27,301,18.81188118811881,6.9306930693069315,11.881188118811881,81.1881188118812,6.683168316831684,74.5049504950495
E00118184,269,64,31,33,205,19,186,23.79182156133829,11.524163568773234,12.267657992565056,76.2081784386617,7.063197026022305,69.14498141263941
E00118186,245,62,24,38,183,20,163,25.30612244897959,9.795918367346939,15.510204081632653,74.6938775510204,8.16326530612245,66.53061224489795
E00118187,437,117,60,57,320,45,275,26.773455377574372,13.729977116704806,13.043478260869565,73.22654462242562,10.297482837528605,62.92906178489702
E00118188,365,74,22,52,291,23,268,20.273972602739725,6.027397260273973,14.246575342465754,79.72602739726027,6.301369863013699,73.42465753424658
E00118189,236,65,29,36,171,12,159,27.54237288135593,12.288135593220339,15.254237288135593,72.45762711864407,5.084745762711865,67.37288135593221
E00118190,379,66,17,49,313,37,276,17.41424802110818,4.485488126649076,12.928759894459102,82.58575197889182,9.762532981530343,72.82321899736148
E00118191,390,69,19,50,321,32,289,17.692307692307693,4.871794871794872,12.82051282051282,82.3076923076923,8.205128205128204,74.1025641025641
E00118192,428,85,25,60,343,41,302,19.859813084112147,5.841121495327103,14.018691588785046,80.14018691588785,9.579439252336448,70.56074766355141
E00118193,359,86,26,60,273,31,242,23.955431754874652,7.242339832869081,16.71309192200557,76.04456824512535,8.635097493036211,67.40947075208913
E00118194,389,82,23,59,307,32,275,21.079691516709513,5.912596401028278,15.167095115681233,78.9203084832905,8.226221079691516,70.69408740359897
E00118195,383,31,10,21,352,39,313,8.093994778067886,2.610966057441253,5.483028720626632,91.90600522193212,10.182767624020887,81.72323759791122
E00118196,339,66,27,39,273,28,245,19.469026548672566,7.964601769911504,11.504424778761061,80.53097345132744,8.259587020648967,72.27138643067846
E00118197,285,35,7,28,250,23,227,12.280701754385964,2.456140350877193,9.824561403508772,87.71929824561403,8.070175438596491,79.64912280701755
E00118198,321,44,12,32,277,19,258,13.707165109034266,3.7383177570093453,9.968847352024921,86.29283489096574,5.919003115264798,80.37383177570094
E00118199,214,41,18,23,173,23,150,19.158878504672895,8.411214953271028,10.74766355140187,80.8411214953271,10.74766355140187,70.09345794392523
E00118200,321,45,15,30,276,27,249,14.018691588785046,4.672897196261682,9.345794392523365,85.98130841121495,8.411214953271028,77.57009345794393
E00118202,252,32,4,28,220,23,197,12.698412698412698,1.5873015873015872,11.11111111111111,87.3015873015873,9.126984126984127,78.17460317460318
E00118205,279,28,4,24,251,35,216,10.03584229390681,1.4336917562724014,8.60215053763441,89.96415770609319,12.544802867383511,77.41935483870968
E00118206,582,104,13,91,478,54,424,17.869415807560138,2.2336769759450172,15.63573883161512,82.13058419243985,9.278350515463918,72.85223367697594
E00118207,426,58,9,49,368,49,319,13.615023474178404,2.112676056338028,11.502347417840376,86.3849765258216,11.502347417840376,74.88262910798123
E00118208,313,36,7,29,277,35,242,11.501597444089457,2.2364217252396164,9.26517571884984,88.49840255591054,11.182108626198083,77.31629392971246
E00118209,294,51,19,32,243,32,211,17.346938775510203,6.462585034013606,10.884353741496598,82.6530612244898,10.884353741496598,71.7687074829932
E00118210,281,50,20,30,231,28,203,17.793594306049823,7.11743772241993,10.676156583629894,82.20640569395017,9.9644128113879,72.24199288256227
E00118211,294,39,12,27,255,17,238,13.26530612244898,4.081632653061225,9.183673469387756,86.73469387755102,5.782312925170068,80.95238095238095
E00118212,278,26,4,22,252,26,226,9.352517985611511,1.4388489208633095,7.913669064748201,90.64748201438849,9.352517985611511,81.29496402877699
E00118213,256,41,14,27,215,17,198,16.015625,5.46875,10.546875,83.984375,6.640625,77.34375
E00118214,416,106,57,49,310,36,274,25.48076923076923,13.701923076923078,11.778846153846153,74.51923076923077,8.653846153846153,65.86538461538461
E00118215,295,44,19,25,251,19,232,14.915254237288137,6.440677966101695,8.47457627118644,85.08474576271186,6.440677966101695,78.64406779661017
E00118216,408,35,4,31,373,30,343,8.57843137254902,0.9803921568627451,7.598039215686274,91.42156862745098,7.352941176470589,84.06862745098039
E00118217,265,46,19,27,219,25,194,17.358490566037734,7.169811320754717,10.18867924528302,82.64150943396227,9.433962264150944,73.20754716981132
E00118218,333,33,8,25,300,31,269,9.90990990990991,2.4024024024024024,7.5075075075075075,90.09009009009009,9.30930930930931,80.78078078078079
E00118220,450,56,24,32,394,55,339,12.444444444444445,5.333333333333334,7.111111111111111,87.55555555555556,12.222222222222221,75.33333333333333
E00118221,301,42,10,32,259,22,237,13.953488372093023,3.322259136212625,10.631229235880399,86.04651162790698,7.308970099667775,78.7375415282392
E00118222,309,35,4,31,274,33,241,11.326860841423949,1.2944983818770228,10.032362459546926,88.67313915857605,10.679611650485436,77.99352750809061
E00118223,463,51,13,38,412,36,376,11.01511879049676,2.8077753779697625,8.207343412526997,88.98488120950324,7.775377969762419,81.20950323974083
E00118224,275,24,3,21,251,26,225,8.727272727272728,1.090909090909091,7.636363636363637,91.27272727272727,9.454545454545455,81.81818181818183
E00118225,344,49,13,36,295,47,248,14.244186046511627,3.77906976744186,10.465116279069768,85.75581395348837,13.662790697674417,72.09302325581395
E00118226,259,27,7,20,232,21,211,10.424710424710424,2.7027027027027026,7.722007722007722,89.57528957528957,8.108108108108109,81.46718146718148
E00118227,306,32,8,24,274,17,257,10.457516339869281,2.6143790849673203,7.8431372549019605,89.54248366013073,5.555555555555555,83.98692810457517
E00118228,277,42,7,35,235,25,210,15.162454873646208,2.527075812274368,12.63537906137184,84.83754512635379,9.025270758122744,75.81227436823104
E00118229,269,44,19,25,225,18,207,16.356877323420075,7.063197026022305,9.293680297397769,83.64312267657994,6.691449814126393,76.95167286245353
E00118232,446,81,26,55,365,31,334,18.161434977578477,5.829596412556054,12.331838565022421,81.83856502242153,6.950672645739911,74.88789237668162
E00118233,435,50,17,33,385,42,343,11.494252873563218,3.9080459770114944,7.586206896551724,88.50574712643679,9.655172413793103,78.85057471264368
E00118234,468,59,15,44,409,48,361,12.606837606837606,3.205128205128205,9.401709401709402,87.3931623931624,10.256410256410255,77.13675213675214
E00118235,440,62,27,35,378,42,336,14.09090909090909,6.136363636363637,7.954545454545454,85.9090909090909,9.545454545454547,76.36363636363637
E00118236,335,50,15,35,285,33,252,14.925373134328357,4.477611940298507,10.44776119402985,85.07462686567165,9.850746268656717,75.22388059701493
E00118237,335,69,30,39,266,26,240,20.597014925373134,8.955223880597014,11.641791044776118,79.40298507462687,7.761194029850746,71.64179104477611
E00118238,418,49,20,29,369,41,328,11.722488038277511,4.784688995215311,6.937799043062201,88.27751196172248,9.808612440191387,78.4688995215311
E00118239,331,56,22,34,275,29,246,16.91842900302115,6.646525679758309,10.27190332326284,83.08157099697885,8.761329305135952,74.32024169184291
E00118240,360,42,9,33,318,33,285,11.666666666666666,2.5,9.166666666666666,88.33333333333333,9.166666666666666,79.16666666666666
E00118241,249,50,17,33,199,11,188,20.080321285140563,6.827309236947792,13.253012048192772,79.91967871485943,4.417670682730924,75.50200803212851
E00118242,286,32,15,17,254,29,225,11.188811188811188,5.244755244755245,5.944055944055944,88.81118881118881,10.13986013986014,78.67132867132867
E00118243,424,44,9,35,380,41,339,10.377358490566039,2.1226415094339623,8.254716981132075,89.62264150943396,9.669811320754718,79.95283018867924
E00118244,128,17,7,10,111,14,97,13.28125,5.46875,7.8125,86.71875,10.9375,75.78125
E00118245,315,40,9,31,275,29,246,12.698412698412698,2.857142857142857,9.841269841269842,87.3015873015873,9.206349206349207,78.0952380952381
E00118246,392,72,34,38,320,48,272,18.367346938775512,8.673469387755102,9.693877551020408,81.63265306122449,12.244897959183673,69.38775510204081
E00118248,229,20,5,15,209,21,188,8.73362445414847,2.1834061135371177,6.550218340611353,91.26637554585153,9.170305676855897,82.09606986899564
E00118249,203,40,12,28,163,24,139,19.704433497536947,5.911330049261084,13.793103448275861,80.29556650246306,11.822660098522167,68.4729064039409
E00118250,155,22,7,15,133,13,120,14.193548387096774,4.516129032258064,9.67741935483871,85.80645161290322,8.38709677419355,77.41935483870968
E00118251,281,44,11,33,237,25,212,15.658362989323843,3.9145907473309607,11.743772241992882,84.34163701067615,8.896797153024911,75.44483985765125
E00118252,290,41,9,32,249,26,223,14.13793103448276,3.103448275862069,11.03448275862069,85.86206896551725,8.96551724137931,76.89655172413794
E00118253,304,51,17,34,253,25,228,16.776315789473685,5.592105263157895,11.18421052631579,83.22368421052632,8.223684210526317,75
E00118254,345,33,7,26,312,43,269,9.565217391304348,2.0289855072463765,7.536231884057972,90.43478260869566,12.46376811594203,77.97101449275362
E00118255,319,28,6,22,291,18,273,8.77742946708464,1.8808777429467085,6.896551724137931,91.22257053291536,5.6426332288401255,85.57993730407524
E00118256,443,87,32,55,356,27,329,19.63882618510158,7.223476297968396,12.415349887133182,80.36117381489842,6.094808126410835,74.2663656884876
E00118257,415,44,18,26,371,35,336,10.602409638554217,4.337349397590361,6.265060240963856,89.39759036144578,8.433734939759036,80.96385542168674
E00118258,533,65,23,42,468,41,427,12.195121951219512,4.315196998123827,7.879924953095685,87.8048780487805,7.6923076923076925,80.1125703564728
E00118259,450,61,14,47,389,35,354,13.555555555555557,3.111111111111111,10.444444444444445,86.44444444444444,7.777777777777778,78.66666666666666
E00118260,131,18,4,14,113,7,106,13.740458015267176,3.0534351145038165,10.687022900763358,86.25954198473282,5.343511450381679,80.91603053435115
E00118261,210,32,7,25,178,14,164,15.238095238095239,3.3333333333333335,11.904761904761903,84.76190476190476,6.666666666666667,78.0952380952381
E00118262,360,44,12,32,316,34,282,12.222222222222221,3.3333333333333335,8.88888888888889,87.77777777777777,9.444444444444445,78.33333333333333
E00118263,552,72,23,49,480,41,439,13.043478260869565,4.166666666666666,8.876811594202898,86.95652173913044,7.427536231884058,79.52898550724638
E00118264,362,38,16,22,324,39,285,10.497237569060774,4.41988950276243,6.077348066298343,89.50276243093923,10.773480662983426,78.72928176795581
E00118265,315,43,14,29,272,30,242,13.65079365079365,4.444444444444445,9.206349206349207,86.34920634920636,9.523809523809524,76.82539682539684
E00118266,291,38,10,28,253,34,219,13.058419243986256,3.436426116838488,9.621993127147768,86.94158075601375,11.683848797250858,75.25773195876289
E00118267,296,35,10,25,261,24,237,11.824324324324325,3.3783783783783785,8.445945945945946,88.17567567567568,8.108108108108109,80.06756756756756
E00118268,294,28,10,18,266,31,235,9.523809523809524,3.4013605442176873,6.122448979591836,90.47619047619048,10.54421768707483,79.93197278911565
E00118269,374,70,20,50,304,33,271,18.71657754010695,5.347593582887701,13.368983957219251,81.28342245989305,8.823529411764707,72.45989304812835
E00118270,334,59,20,39,275,38,237,17.664670658682635,5.9880239520958085,11.676646706586826,82.33532934131736,11.377245508982035,70.95808383233533
E00118271,318,61,18,43,257,38,219,19.18238993710692,5.660377358490567,13.522012578616351,80.81761006289308,11.949685534591195,68.86792452830188
E00118272,281,57,19,38,224,29,195,20.284697508896798,6.761565836298933,13.523131672597867,79.7153024911032,10.320284697508896,69.3950177935943
E00118273,236,33,14,19,203,24,179,13.983050847457626,5.932203389830509,8.050847457627118,86.01694915254238,10.16949152542373,75.84745762711864
E00118274,271,61,25,36,210,15,195,22.509225092250922,9.22509225092251,13.284132841328415,77.49077490774908,5.535055350553505,71.95571955719558
E00118275,315,30,11,19,285,35,250,9.523809523809524,3.492063492063492,6.031746031746032,90.47619047619048,11.11111111111111,79.36507936507937
E00118276,212,70,29,41,142,26,116,33.0188679245283,13.679245283018867,19.339622641509436,66.98113207547169,12.264150943396226,54.71698113207547
E00118277,302,47,17,30,255,30,225,15.562913907284766,5.629139072847682,9.933774834437086,84.43708609271523,9.933774834437086,74.50331125827815
E00118278,329,51,16,35,278,26,252,15.501519756838904,4.86322188449848,10.638297872340425,84.49848024316108,7.90273556231003,76.59574468085107
E00118279,305,45,15,30,260,28,232,14.754098360655737,4.918032786885246,9.836065573770492,85.24590163934425,9.180327868852459,76.0655737704918
E00118280,307,29,10,19,278,30,248,9.446254071661238,3.257328990228013,6.188925081433225,90.55374592833876,9.77198697068404,80.78175895765473
E00118281,303,56,21,35,247,31,216,18.48184818481848,6.9306930693069315,11.55115511551155,81.51815181518151,10.231023102310232,71.28712871287128
E00118282,267,62,27,35,205,25,180,23.220973782771537,10.112359550561797,13.108614232209737,76.77902621722846,9.363295880149813,67.41573033707866
E00118283,317,53,16,37,264,17,247,16.7192429022082,5.047318611987381,11.67192429022082,83.2807570977918,5.3627760252365935,77.91798107255521
E00118284,325,53,17,36,272,24,248,16.307692307692307,5.230769230769231,11.076923076923077,83.6923076923077,7.384615384615385,76.3076923076923
E00118285,280,73,28,45,207,16,191,26.071428571428573,10,16.071428571428573,73.92857142857143,5.714285714285714,68.21428571428572
E00118286,171,21,7,14,150,11,139,12.280701754385964,4.093567251461988,8.187134502923977,87.71929824561403,6.432748538011696,81.28654970760235
E00118287,491,62,17,45,429,37,392,12.627291242362526,3.462321792260693,9.164969450101832,87.37270875763747,7.535641547861507,79.83706720977597
E00118288,217,46,18,28,171,17,154,21.19815668202765,8.294930875576037,12.903225806451612,78.80184331797236,7.834101382488479,70.96774193548387
E00118289,241,31,10,21,210,14,196,12.863070539419086,4.149377593360995,8.71369294605809,87.13692946058092,5.809128630705394,81.32780082987551
E00118290,217,23,4,19,194,22,172,10.599078341013826,1.8433179723502304,8.755760368663594,89.40092165898618,10.138248847926267,79.26267281105991
E00118291,394,49,17,32,345,42,303,12.436548223350254,4.314720812182741,8.121827411167512,87.56345177664974,10.65989847715736,76.90355329949239
E00118292,417,51,19,32,366,36,330,12.23021582733813,4.556354916067146,7.673860911270983,87.76978417266187,8.633093525179856,79.13669064748201
E00118293,478,44,7,37,434,35,399,9.205020920502092,1.4644351464435146,7.740585774058577,90.7949790794979,7.322175732217573,83.47280334728033
E00118294,331,31,9,22,300,19,281,9.365558912386707,2.719033232628399,6.646525679758309,90.6344410876133,5.740181268882175,84.89425981873111
E00118295,259,23,3,20,236,17,219,8.880308880308881,1.1583011583011582,7.722007722007722,91.11969111969111,6.563706563706563,84.55598455598455
E00118296,320,40,12,28,280,26,254,12.5,3.75,8.75,87.5,8.125,79.375
E00118298,344,40,13,27,304,29,275,11.627906976744185,3.77906976744186,7.848837209302325,88.37209302325581,8.430232558139535,79.94186046511628
E00118299,280,29,6,23,251,29,222,10.357142857142858,2.142857142857143,8.214285714285714,89.64285714285715,10.357142857142858,79.28571428571428
E00118300,279,50,18,32,229,20,209,17.921146953405017,6.451612903225806,11.469534050179211,82.07885304659499,7.168458781362006,74.91039426523297
E00118301,318,40,13,27,278,31,247,12.578616352201259,4.088050314465408,8.49056603773585,87.42138364779875,9.748427672955975,77.67295597484278
E00118302,334,54,14,40,280,35,245,16.16766467065868,4.191616766467066,11.976047904191617,83.8323353293413,10.479041916167663,73.35329341317365
E00118304,376,82,46,36,294,36,258,21.808510638297875,12.23404255319149,9.574468085106384,78.19148936170212,9.574468085106384,68.61702127659575
E00118305,311,52,26,26,259,18,241,16.720257234726688,8.360128617363344,8.360128617363344,83.27974276527331,5.787781350482315,77.491961414791
E00118306,297,67,21,46,230,32,198,22.55892255892256,7.07070707070707,15.488215488215488,77.44107744107744,10.774410774410773,66.66666666666666
E00118307,299,39,11,28,260,21,239,13.043478260869565,3.678929765886288,9.364548494983277,86.95652173913044,7.023411371237458,79.93311036789298
E00118308,291,44,15,29,247,29,218,15.120274914089347,5.154639175257731,9.965635738831615,84.87972508591065,9.965635738831615,74.91408934707904
E00118309,291,37,9,28,254,25,229,12.714776632302405,3.0927835051546393,9.621993127147768,87.2852233676976,8.59106529209622,78.69415807560138
E00118310,319,31,11,20,288,18,270,9.717868338557993,3.4482758620689653,6.269592476489027,90.28213166144201,5.6426332288401255,84.63949843260188
E00118311,385,46,10,36,339,41,298,11.948051948051948,2.5974025974025974,9.35064935064935,88.05194805194805,10.649350649350648,77.40259740259741
E00118312,448,65,18,47,383,40,343,14.508928571428573,4.017857142857143,10.491071428571429,85.49107142857143,8.928571428571429,76.5625
E00118313,387,43,4,39,344,36,308,11.11111111111111,1.03359173126615,10.077519379844961,88.88888888888889,9.30232558139535,79.58656330749353
E00118314,358,49,13,36,309,38,271,13.687150837988826,3.6312849162011176,10.05586592178771,86.31284916201118,10.614525139664805,75.69832402234637
E00118315,414,45,7,38,369,40,329,10.869565217391305,1.6908212560386473,9.178743961352657,89.13043478260869,9.66183574879227,79.46859903381642
E00118316,358,65,15,50,293,27,266,18.156424581005588,4.189944134078212,13.966480446927374,81.84357541899442,7.5418994413407825,74.30167597765363
E00118317,371,48,13,35,323,37,286,12.93800539083558,3.5040431266846364,9.433962264150944,87.06199460916442,9.973045822102426,77.088948787062
E00118318,323,48,14,34,275,26,249,14.860681114551083,4.3343653250774,10.526315789473683,85.13931888544892,8.04953560371517,77.08978328173374
E00118319,291,16,4,12,275,13,262,5.498281786941581,1.3745704467353952,4.123711340206185,94.50171821305841,4.4673539518900345,90.03436426116839
E00118320,460,36,12,24,424,30,394,7.82608695652174,2.608695652173913,5.217391304347826,92.17391304347827,6.521739130434782,85.65217391304348
E00118321,544,95,34,61,449,31,418,17.463235294117645,6.25,11.213235294117647,82.53676470588235,5.698529411764706,76.83823529411765
E00118322,339,43,12,31,296,24,272,12.684365781710916,3.5398230088495577,9.144542772861357,87.31563421828909,7.079646017699115,80.23598820058997
E00118323,225,33,8,25,192,14,178,14.666666666666666,3.5555555555555554,11.11111111111111,85.33333333333334,6.222222222222222,79.11111111111111
E00118324,405,95,34,61,310,33,277,23.456790123456788,8.395061728395062,15.06172839506173,76.5432098765432,8.148148148148149,68.39506172839506
E00167958,752,136,29,107,616,74,542,18.085106382978726,3.856382978723404,14.22872340425532,81.91489361702128,9.840425531914894,72.07446808510637
E00167959,216,23,8,15,193,18,175,10.648148148148149,3.7037037037037033,6.944444444444445,89.35185185185185,8.333333333333332,81.01851851851852
E00167960,366,72,22,50,294,33,261,19.672131147540984,6.0109289617486334,13.661202185792352,80.32786885245902,9.01639344262295,71.31147540983606
E00167961,413,43,25,18,370,29,341,10.411622276029057,6.053268765133172,4.358353510895883,89.58837772397095,7.021791767554479,82.56658595641646
E00167962,362,38,8,30,324,38,286,10.497237569060774,2.209944751381215,8.287292817679557,89.50276243093923,10.497237569060774,79.00552486187846
E00167963,315,28,9,19,287,26,261,8.88888888888889,2.857142857142857,6.031746031746032,91.11111111111111,8.253968253968253,82.85714285714286
E00167964,374,27,5,22,347,35,312,7.219251336898395,1.3368983957219251,5.88235294117647,92.7807486631016,9.358288770053475,83.42245989304813
E00167965,238,21,6,15,217,15,202,8.823529411764707,2.5210084033613445,6.302521008403361,91.17647058823529,6.302521008403361,84.87394957983193
E00167966,384,87,36,51,297,32,265,22.65625,9.375,13.28125,77.34375,8.333333333333332,69.01041666666666
E00167967,239,29,10,19,210,29,181,12.133891213389122,4.184100418410042,7.949790794979079,87.86610878661088,12.133891213389122,75.73221757322176
E00167968,447,73,24,49,374,34,340,16.331096196868007,5.369127516778524,10.961968680089486,83.66890380313198,7.606263982102908,76.0626398210291
E00167969,228,25,7,18,203,24,179,10.964912280701753,3.070175438596491,7.894736842105263,89.03508771929825,10.526315789473683,78.50877192982456
E00167970,197,23,2,21,174,13,161,11.6751269035533,1.015228426395939,10.65989847715736,88.3248730964467,6.598984771573605,81.7258883248731
E00167971,275,26,4,22,249,31,218,9.454545454545455,1.4545454545454546,8,90.54545454545455,11.272727272727273,79.27272727272727
E00167972,182,13,3,10,169,14,155,7.142857142857142,1.6483516483516485,5.4945054945054945,92.85714285714286,7.6923076923076925,85.16483516483517
E00167973,558,47,12,35,511,38,473,8.422939068100359,2.1505376344086025,6.272401433691756,91.57706093189965,6.810035842293908,84.76702508960572
E00167974,141,15,4,11,126,10,116,10.638297872340425,2.8368794326241136,7.801418439716312,89.36170212765957,7.092198581560284,82.26950354609929
E00184857,524,155,57,98,369,55,314,29.580152671755727,10.877862595419847,18.702290076335878,70.41984732824427,10.49618320610687,59.92366412213741
E00184860,339,35,13,22,304,21,283,10.32448377581121,3.8348082595870205,6.489675516224189,89.67551622418878,6.1946902654867255,83.48082595870207
E00184865,290,39,13,26,251,35,216,13.448275862068964,4.482758620689655,8.96551724137931,86.55172413793103,12.068965517241379,74.48275862068967
E00184869,557,38,14,24,519,42,477,6.822262118491921,2.5134649910233393,4.308797127468582,93.17773788150808,7.5403949730700175,85.63734290843806
E00184874,255,31,11,20,224,21,203,12.156862745098039,4.313725490196078,7.8431372549019605,87.84313725490196,8.235294117647058,79.6078431372549
E00184901,505,104,15,89,401,58,343,20.594059405940595,2.9702970297029703,17.62376237623762,79.40594059405942,11.485148514851486,67.92079207920793
E00184906,334,41,13,28,293,24,269,12.275449101796406,3.8922155688622757,8.383233532934131,87.72455089820359,7.18562874251497,80.53892215568862
E00184908,518,60,16,44,458,49,409,11.583011583011583,3.088803088803089,8.494208494208493,88.41698841698842,9.45945945945946,78.95752895752895
E00184915,144,34,16,18,110,9,101,23.61111111111111,11.11111111111111,12.5,76.38888888888889,6.25,70.13888888888889
E00184923,343,107,80,27,236,28,208,31.195335276967928,23.323615160349853,7.871720116618077,68.80466472303208,8.16326530612245,60.64139941690962
E00184931,445,52,18,34,393,28,365,11.685393258426966,4.044943820224719,7.640449438202247,88.31460674157303,6.292134831460674,82.02247191011236
E00184932,230,38,11,27,192,21,171,16.52173913043478,4.782608695652174,11.73913043478261,83.47826086956522,9.130434782608695,74.34782608695653
E00184950,124,15,3,12,109,9,100,12.096774193548388,2.4193548387096775,9.67741935483871,87.90322580645162,7.258064516129033,80.64516129032258
E00184952,226,58,41,17,168,17,151,25.663716814159294,18.141592920353983,7.52212389380531,74.33628318584071,7.52212389380531,66.8141592920354
E00184953,476,52,17,35,424,45,379,10.92436974789916,3.571428571428571,7.352941176470589,89.07563025210085,9.453781512605042,79.62184873949579
E00184958,385,92,62,30,293,30,263,23.896103896103895,16.103896103896105,7.792207792207792,76.1038961038961,7.792207792207792,68.31168831168831
E00184962,455,52,17,35,403,31,372,11.428571428571429,3.7362637362637363,7.6923076923076925,88.57142857142857,6.813186813186813,81.75824175824175
E00184974,401,72,39,33,329,37,292,17.955112219451372,9.72568578553616,8.229426433915211,82.04488778054862,9.226932668329177,72.81795511221945
E00184979,112,20,14,6,92,7,85,17.857142857142858,12.5,5.357142857142857,82.14285714285714,6.25,75.89285714285714
E00184984,620,88,38,50,532,53,479,14.193548387096774,6.129032258064516,8.064516129032258,85.80645161290322,8.548387096774194,77.25806451612904
E00184991,555,114,24,90,441,90,351,20.54054054054054,4.324324324324325,16.216216216216218,79.45945945945945,16.216216216216218,63.24324324324324
E00184992,508,79,30,49,429,42,387,15.551181102362206,5.905511811023622,9.645669291338582,84.4488188976378,8.267716535433072,76.18110236220473
E00184995,126,10,6,4,116,8,108,7.936507936507936,4.761904761904762,3.1746031746031744,92.06349206349206,6.349206349206349,85.71428571428571
E00184998,480,66,29,37,414,33,381,13.750000000000002,6.041666666666667,7.708333333333334,86.25,6.875000000000001,79.375
E00185004,448,41,17,24,407,48,359,9.151785714285714,3.7946428571428568,5.357142857142857,90.84821428571429,10.714285714285714,80.13392857142857
E00185011,215,36,7,29,179,22,157,16.74418604651163,3.255813953488372,13.488372093023257,83.25581395348837,10.232558139534884,73.0232558139535
E00185015,356,18,3,15,338,43,295,5.056179775280898,0.8426966292134831,4.213483146067416,94.9438202247191,12.07865168539326,82.86516853932584
E00185017,118,17,6,11,101,6,95,14.40677966101695,5.084745762711865,9.322033898305085,85.59322033898306,5.084745762711865,80.50847457627118
E00185018,297,35,12,23,262,18,244,11.784511784511785,4.040404040404041,7.744107744107744,88.21548821548821,6.0606060606060606,82.15488215488216
E00185023,270,33,16,17,237,21,216,12.222222222222221,5.9259259259259265,6.296296296296296,87.77777777777777,7.777777777777778,80
E00185032,423,70,21,49,353,32,321,16.548463356973993,4.964539007092199,11.583924349881796,83.451536643026,7.5650118203309695,75.88652482269504
