OA,ts0380001,ts0380002,ts0380003,ts0380004,ts0380005,ts0380006,ts0380007,ts0380002_PCT,ts0380003_PCT,ts0380004_PCT,ts0380005_PCT,ts0380006_PCT,ts0380007_PCT
E00112065,320,28,7,21,292,28,264,8.75,2.1875,6.5625,91.25,8.75,82.5
E00112066,243,35,8,27,208,16,192,14.40329218106996,3.292181069958848,11.11111111111111,85.59670781893004,6.584362139917696,79.01234567901234
E00112067,339,58,13,45,281,31,250,17.10914454277286,3.8348082595870205,13.274336283185843,82.89085545722715,9.144542772861357,73.74631268436578
E00112068,319,27,9,18,292,44,248,8.463949843260188,2.8213166144200628,5.6426332288401255,91.53605015673982,13.793103448275861,77.74294670846395
E00112069,530,74,27,47,456,49,407,13.962264150943396,5.09433962264151,8.867924528301886,86.0377358490566,9.245283018867925,76.79245283018868
E00112070,264,55,25,30,209,22,187,20.833333333333336,9.469696969696969,11.363636363636363,79.16666666666666,8.333333333333332,70.83333333333334
E00112071,366,41,14,27,325,26,299,11.202185792349727,3.825136612021858,7.377049180327869,88.79781420765028,7.103825136612022,81.69398907103826
E00112072,292,33,10,23,259,24,235,11.301369863013697,3.4246575342465753,7.876712328767123,88.6986301369863,8.21917808219178,80.47945205479452
E00112073,380,50,12,38,330,23,307,13.157894736842104,3.1578947368421053,10,86.8421052631579,6.052631578947368,80.78947368421052
E00112074,340,39,11,28,301,18,283,11.470588235294118,3.2352941176470593,8.235294117647058,88.52941176470588,5.294117647058823,83.23529411764706
E00112076,305,48,19,29,257,27,230,15.737704918032788,6.229508196721312,9.508196721311474,84.26229508196721,8.852459016393443,75.40983606557377
E00112078,363,51,18,33,312,29,283,14.049586776859504,4.958677685950414,9.090909090909092,85.9504132231405,7.988980716253444,77.96143250688705
E00112079,411,47,21,26,364,44,320,11.435523114355231,5.109489051094891,6.326034063260341,88.56447688564477,10.70559610705596,77.85888077858881
E00112080,273,42,14,28,231,30,201,15.384615384615385,5.128205128205128,10.256410256410255,84.61538461538461,10.989010989010989,73.62637362637363
E00112081,284,60,28,32,224,27,197,21.12676056338028,9.859154929577464,11.267605633802818,78.87323943661971,9.507042253521126,69.36619718309859
E00112082,347,39,14,25,308,25,283,11.239193083573488,4.034582132564841,7.204610951008646,88.76080691642652,7.204610951008646,81.55619596541787
E00112083,356,38,12,26,318,22,296,10.674157303370785,3.3707865168539324,7.303370786516854,89.32584269662921,6.179775280898876,83.14606741573034
E00112084,321,36,14,22,285,22,263,11.214953271028037,4.361370716510903,6.853582554517133,88.78504672897196,6.853582554517133,81.93146417445483
E00112085,386,70,27,43,316,33,283,18.134715025906736,6.994818652849741,11.139896373056994,81.86528497409327,8.549222797927461,73.31606217616581
E00112086,345,38,15,23,307,23,284,11.014492753623188,4.3478260869565215,6.666666666666667,88.98550724637681,6.666666666666667,82.31884057971014
E00112087,379,63,28,35,316,30,286,16.62269129287599,7.387862796833773,9.234828496042216,83.37730870712402,7.9155672823219,75.46174142480211
E00112088,229,24,8,16,205,13,192,10.480349344978166,3.4934497816593884,6.986899563318777,89.51965065502183,5.676855895196507,83.84279475982532
E00112089,270,44,19,25,226,16,210,16.296296296296298,7.037037037037037,9.25925925925926,83.7037037037037,5.9259259259259265,77.77777777777779
E00112090,294,30,10,20,264,24,240,10.204081632653061,3.4013605442176873,6.802721088435375,89.79591836734694,8.16326530612245,81.63265306122449
E00112091,387,51,16,35,336,42,294,13.178294573643413,4.1343669250646,9.043927648578812,86.82170542635659,10.852713178294573,75.96899224806202
E00112092,391,41,13,28,350,30,320,10.485933503836318,3.324808184143223,7.161125319693094,89.51406649616368,7.672634271099745,81.84143222506394
E00112093,233,47,18,29,186,16,170,20.171673819742487,7.725321888412018,12.446351931330472,79.82832618025752,6.866952789699571,72.96137339055794
E00112094,156,18,8,10,138,14,124,11.538461538461538,5.128205128205128,6.41025641025641,88.46153846153845,8.974358974358974,79.48717948717949
E00112095,486,69,31,38,417,34,383,14.19753086419753,6.378600823045268,7.818930041152264,85.80246913580247,6.995884773662551,78.80658436213992
E00112097,432,45,17,28,387,35,352,10.416666666666668,3.935185185185185,6.481481481481481,89.58333333333334,8.101851851851851,81.48148148148148
E00112098,334,47,10,37,287,30,257,14.071856287425149,2.9940119760479043,11.077844311377245,85.92814371257485,8.982035928143713,76.94610778443113
E00112099,534,61,17,44,473,38,435,11.423220973782772,3.1835205992509366,8.239700374531834,88.57677902621724,7.116104868913857,81.46067415730337
E00112100,526,61,24,37,465,38,427,11.596958174904943,4.562737642585551,7.0342205323193925,88.40304182509506,7.224334600760455,81.1787072243346
E00112101,458,64,30,34,394,29,365,13.973799126637553,6.550218340611353,7.423580786026202,86.02620087336244,6.331877729257641,79.6943231441048
E00112102,472,51,17,34,421,42,379,10.805084745762713,3.6016949152542375,7.203389830508475,89.19491525423729,8.898305084745763,80.29661016949152
E00112103,268,33,10,23,235,26,209,12.313432835820896,3.731343283582089,8.582089552238806,87.68656716417911,9.701492537313433,77.98507462686567
E00112104,307,35,13,22,272,28,244,11.400651465798045,4.234527687296417,7.166123778501629,88.59934853420195,9.120521172638437,79.47882736156352
E00112105,325,36,15,21,289,21,268,11.076923076923077,4.615384615384616,6.461538461538462,88.92307692307693,6.461538461538462,82.46153846153847
E00112106,446,48,11,37,398,25,373,10.762331838565023,2.4663677130044843,8.295964125560538,89.23766816143498,5.605381165919283,83.6322869955157
E00112108,358,53,22,31,305,16,289,14.804469273743019,6.145251396648044,8.659217877094973,85.19553072625699,4.4692737430167595,80.72625698324022
E00112109,344,75,43,32,269,16,253,21.802325581395348,12.5,9.30232558139535,78.19767441860465,4.651162790697675,73.54651162790698
E00112110,401,51,18,33,350,19,331,12.718204488778055,4.488778054862843,8.229426433915211,87.28179551122194,4.738154613466334,82.54364089775561
E00112111,352,51,19,32,301,38,263,14.488636363636365,5.3977272727272725,9.090909090909092,85.51136363636364,10.795454545454545,74.7159090909091
E00112112,378,38,10,28,340,29,311,10.052910052910052,2.6455026455026456,7.4074074074074066,89.94708994708994,7.671957671957672,82.27513227513228
E00112113,230,40,23,17,190,14,176,17.391304347826086,10,7.391304347826087,82.6086956521739,6.086956521739131,76.52173913043478
E00112115,351,43,13,30,308,28,280,12.250712250712251,3.7037037037037033,8.547008547008547,87.74928774928775,7.977207977207977,79.77207977207978
E00112117,391,77,27,50,314,31,283,19.69309462915601,6.905370843989769,12.787723785166241,80.30690537084399,7.928388746803069,72.37851662404093
E00112119,301,35,11,24,266,17,249,11.627906976744185,3.6544850498338874,7.973421926910299,88.37209302325581,5.647840531561462,82.72425249169434
E00112120,538,69,19,50,469,27,442,12.825278810408921,3.5315985130111525,9.293680297397769,87.17472118959108,5.018587360594796,82.15613382899627
E00112121,351,37,10,27,314,25,289,10.541310541310542,2.849002849002849,7.6923076923076925,89.45868945868945,7.122507122507122,82.33618233618233
E00112122,550,60,15,45,490,36,454,10.909090909090908,2.727272727272727,8.181818181818182,89.0909090909091,6.545454545454546,82.54545454545455
E00112123,519,51,17,34,468,44,424,9.826589595375722,3.275529865125241,6.551059730250482,90.17341040462428,8.477842003853564,81.69556840077071
E00112124,329,45,13,32,284,31,253,13.677811550151976,3.951367781155015,9.72644376899696,86.32218844984803,9.422492401215806,76.89969604863222
E00112125,396,51,19,32,345,35,310,12.878787878787879,4.797979797979798,8.080808080808081,87.12121212121212,8.83838383838384,78.28282828282829
E00112126,365,121,69,52,244,18,226,33.15068493150685,18.904109589041095,14.246575342465754,66.84931506849315,4.931506849315069,61.917808219178085
E00112127,369,35,8,27,334,45,289,9.48509485094851,2.168021680216802,7.317073170731707,90.5149051490515,12.195121951219512,78.31978319783198
E00112128,315,65,24,41,250,24,226,20.634920634920633,7.6190476190476195,13.015873015873018,79.36507936507937,7.6190476190476195,71.74603174603175
E00112129,458,49,18,31,409,33,376,10.698689956331878,3.9301310043668125,6.768558951965066,89.30131004366812,7.20524017467249,82.09606986899564
E00112130,228,22,7,15,206,24,182,9.649122807017543,3.070175438596491,6.578947368421052,90.35087719298247,10.526315789473683,79.82456140350878
E00112131,262,52,26,26,210,11,199,19.84732824427481,9.923664122137405,9.923664122137405,80.1526717557252,4.198473282442748,75.95419847328245
E00112132,176,20,8,12,156,18,138,11.363636363636363,4.545454545454546,6.8181818181818175,88.63636363636364,10.227272727272728,78.4090909090909
E00112133,226,30,3,27,196,20,176,13.274336283185843,1.3274336283185841,11.946902654867257,86.72566371681415,8.849557522123893,77.87610619469027
E00112134,198,36,17,19,162,16,146,18.181818181818183,8.585858585858585,9.595959595959595,81.81818181818183,8.080808080808081,73.73737373737373
E00112135,242,50,21,29,192,13,179,20.66115702479339,8.677685950413224,11.983471074380166,79.33884297520662,5.371900826446281,73.96694214876032
E00112137,307,31,10,21,276,24,252,10.097719869706841,3.257328990228013,6.840390879478828,89.90228013029315,7.81758957654723,82.08469055374593
E00112138,284,32,14,18,252,37,215,11.267605633802818,4.929577464788732,6.338028169014084,88.73239436619718,13.028169014084506,75.70422535211267
E00112139,200,50,20,30,150,17,133,25,10,15,75,8.5,66.5
E00112140,263,67,26,41,196,20,176,25.475285171102662,9.885931558935361,15.5893536121673,74.52471482889734,7.604562737642586,66.92015209125475
E00112141,428,63,16,47,365,33,332,14.719626168224298,3.7383177570093453,10.981308411214954,85.2803738317757,7.710280373831775,77.57009345794393
E00112142,435,37,13,24,398,34,364,8.505747126436782,2.9885057471264367,5.517241379310345,91.49425287356323,7.816091954022989,83.67816091954023
E00112143,283,37,16,21,246,27,219,13.074204946996467,5.6537102473498235,7.420494699646643,86.92579505300353,9.540636042402827,77.3851590106007
E00112144,213,21,6,15,192,16,176,9.859154929577464,2.8169014084507045,7.042253521126761,90.14084507042254,7.511737089201878,82.62910798122066
E00112145,378,60,30,30,318,27,291,15.873015873015872,7.936507936507936,7.936507936507936,84.12698412698413,7.142857142857142,76.98412698412699
E00112146,375,40,10,30,335,23,312,10.666666666666668,2.666666666666667,8,89.33333333333333,6.133333333333333,83.2
E00112147,263,28,8,20,235,21,214,10.646387832699618,3.041825095057034,7.604562737642586,89.35361216730038,7.984790874524715,81.36882129277566
E00112148,252,40,11,29,212,22,190,15.873015873015872,4.365079365079365,11.507936507936508,84.12698412698413,8.73015873015873,75.39682539682539
E00112149,349,31,9,22,318,32,286,8.882521489971348,2.5787965616045847,6.303724928366762,91.11747851002865,9.169054441260744,81.9484240687679
E00112150,454,62,20,42,392,36,356,13.656387665198238,4.405286343612335,9.251101321585903,86.34361233480176,7.929515418502203,78.41409691629956
E00112151,293,45,10,35,248,18,230,15.358361774744028,3.4129692832764507,11.945392491467576,84.64163822525597,6.143344709897611,78.49829351535837
E00112152,387,32,9,23,355,30,325,8.2687338501292,2.3255813953488373,5.943152454780361,91.7312661498708,7.751937984496124,83.97932816537468
E00112153,313,37,10,27,276,38,238,11.821086261980831,3.1948881789137378,8.626198083067091,88.17891373801918,12.140575079872203,76.03833865814697
E00112154,269,71,34,37,198,18,180,26.394052044609666,12.639405204460965,13.754646840148698,73.60594795539033,6.691449814126393,66.91449814126395
E00112155,300,36,13,23,264,35,229,12,4.333333333333334,7.666666666666666,88,11.666666666666666,76.33333333333333
E00112156,495,44,15,29,451,36,415,8.88888888888889,3.0303030303030303,5.858585858585859,91.11111111111111,7.2727272727272725,83.83838383838383
E00112158,302,52,20,32,250,28,222,17.218543046357617,6.622516556291391,10.596026490066226,82.78145695364239,9.271523178807946,73.50993377483444
E00112159,394,39,13,26,355,43,312,9.898477157360407,3.2994923857868024,6.598984771573605,90.1015228426396,10.913705583756345,79.18781725888326
E00112160,496,54,12,42,442,48,394,10.887096774193548,2.4193548387096775,8.46774193548387,89.11290322580645,9.67741935483871,79.43548387096774
E00112161,351,57,23,34,294,36,258,16.23931623931624,6.552706552706552,9.686609686609685,83.76068376068376,10.256410256410255,73.50427350427351
E00112162,301,44,17,27,257,20,237,14.61794019933555,5.647840531561462,8.970099667774086,85.38205980066445,6.64451827242525,78.7375415282392
E00112163,358,42,13,29,316,35,281,11.731843575418994,3.6312849162011176,8.100558659217876,88.26815642458101,9.776536312849162,78.49162011173185
E00112164,257,54,21,33,203,21,182,21.011673151750973,8.171206225680933,12.840466926070038,78.98832684824903,8.171206225680933,70.8171206225681
E00112165,198,58,25,33,140,15,125,29.292929292929294,12.626262626262626,16.666666666666664,70.70707070707071,7.575757575757576,63.13131313131313
E00112166,271,26,3,23,245,19,226,9.59409594095941,1.107011070110701,8.487084870848708,90.40590405904058,7.011070110701106,83.39483394833948
E00112167,431,28,5,23,403,30,373,6.496519721577726,1.160092807424594,5.336426914153132,93.50348027842227,6.960556844547564,86.5429234338747
E00112168,347,43,9,34,304,33,271,12.39193083573487,2.5936599423631126,9.798270893371757,87.60806916426513,9.510086455331413,78.09798270893373
E00112169,341,39,6,33,302,39,263,11.436950146627565,1.7595307917888565,9.67741935483871,88.56304985337243,11.436950146627565,77.12609970674487
E00112170,442,98,59,39,344,26,318,22.171945701357465,13.34841628959276,8.823529411764707,77.82805429864254,5.88235294117647,71.94570135746606
E00112171,213,28,10,18,185,17,168,13.145539906103288,4.694835680751173,8.450704225352112,86.85446009389672,7.981220657276995,78.87323943661971
E00112172,265,47,14,33,218,17,201,17.735849056603772,5.283018867924529,12.452830188679245,82.26415094339623,6.415094339622642,75.84905660377359
E00112173,277,34,14,20,243,35,208,12.274368231046932,5.054151624548736,7.2202166064981945,87.72563176895306,12.63537906137184,75.09025270758123
E00112174,221,44,16,28,177,24,153,19.90950226244344,7.239819004524888,12.669683257918551,80.09049773755656,10.85972850678733,69.23076923076923
E00112175,282,48,12,36,234,22,212,17.02127659574468,4.25531914893617,12.76595744680851,82.97872340425532,7.801418439716312,75.177304964539
E00112176,249,37,11,26,212,33,179,14.859437751004014,4.417670682730924,10.441767068273093,85.14056224899599,13.253012048192772,71.8875502008032
E00112177,166,57,26,31,109,14,95,34.33734939759036,15.66265060240964,18.67469879518072,65.66265060240963,8.433734939759036,57.22891566265061
E00112178,377,58,29,29,319,20,299,15.384615384615385,7.6923076923076925,7.6923076923076925,84.61538461538461,5.305039787798409,79.3103448275862
E00112179,290,39,9,30,251,24,227,13.448275862068964,3.103448275862069,10.344827586206897,86.55172413793103,8.275862068965518,78.27586206896552
E00112181,399,57,14,43,342,26,316,14.285714285714285,3.508771929824561,10.776942355889723,85.71428571428571,6.516290726817042,79.19799498746866
E00112182,315,55,17,38,260,22,238,17.46031746031746,5.396825396825397,12.063492063492063,82.53968253968253,6.984126984126984,75.55555555555556
E00112183,289,46,15,31,243,30,213,15.916955017301039,5.190311418685121,10.726643598615917,84.08304498269896,10.380622837370241,73.70242214532871
E00112184,286,42,13,29,244,19,225,14.685314685314685,4.545454545454546,10.13986013986014,85.3146853146853,6.643356643356643,78.67132867132867
E00112185,244,35,9,26,209,16,193,14.344262295081966,3.6885245901639343,10.655737704918032,85.65573770491804,6.557377049180328,79.09836065573771
E00112186,309,65,25,40,244,18,226,21.035598705501616,8.090614886731391,12.944983818770226,78.96440129449837,5.825242718446602,73.13915857605178
E00112187,285,46,20,26,239,20,219,16.140350877192983,7.017543859649122,9.12280701754386,83.85964912280703,7.017543859649122,76.84210526315789
E00112188,406,57,18,39,349,34,315,14.039408866995073,4.433497536945813,9.60591133004926,85.96059113300493,8.374384236453201,77.58620689655173
E00112189,302,49,13,36,253,30,223,16.225165562913908,4.304635761589404,11.920529801324504,83.77483443708608,9.933774834437086,73.84105960264901
E00112190,297,44,12,32,253,23,230,14.814814814814813,4.040404040404041,10.774410774410773,85.18518518518519,7.744107744107744,77.44107744107744
E00112192,262,66,26,40,196,14,182,25.190839694656486,9.923664122137405,15.267175572519085,74.80916030534351,5.343511450381679,69.46564885496184
E00112193,279,46,16,30,233,16,217,16.48745519713262,5.734767025089606,10.75268817204301,83.51254480286738,5.734767025089606,77.77777777777779
E00112194,454,55,20,35,399,34,365,12.114537444933921,4.405286343612335,7.709251101321586,87.88546255506607,7.488986784140969,80.39647577092511
E00112195,388,54,21,33,334,42,292,13.917525773195877,5.412371134020619,8.505154639175258,86.08247422680412,10.824742268041238,75.25773195876289
E00112196,289,34,8,26,255,30,225,11.76470588235294,2.768166089965398,8.996539792387544,88.23529411764706,10.380622837370241,77.85467128027682
E00112197,324,40,8,32,284,36,248,12.345679012345679,2.4691358024691357,9.876543209876543,87.65432098765432,11.11111111111111,76.5432098765432
E00112198,301,40,10,30,261,30,231,13.2890365448505,3.322259136212625,9.966777408637874,86.71096345514951,9.966777408637874,76.74418604651163
E00112199,465,65,17,48,400,30,370,13.978494623655912,3.655913978494624,10.32258064516129,86.02150537634408,6.451612903225806,79.56989247311827
E00112200,285,49,15,34,236,27,209,17.192982456140353,5.263157894736842,11.929824561403509,82.80701754385966,9.473684210526317,73.33333333333333
E00112202,263,35,8,27,228,27,201,13.307984790874524,3.041825095057034,10.26615969581749,86.69201520912547,10.26615969581749,76.42585551330798
E00112203,314,31,3,28,283,26,257,9.872611464968154,0.9554140127388535,8.9171974522293,90.12738853503186,8.280254777070063,81.84713375796179
E00112204,346,35,11,24,311,32,279,10.115606936416185,3.1791907514450863,6.9364161849710975,89.88439306358381,9.248554913294797,80.63583815028902
E00112205,251,20,4,16,231,26,205,7.968127490039841,1.593625498007968,6.374501992031872,92.03187250996015,10.358565737051793,81.67330677290838
E00112206,316,58,21,37,258,27,231,18.354430379746837,6.6455696202531636,11.708860759493671,81.64556962025317,8.544303797468354,73.10126582278481
E00112207,326,94,71,23,232,22,210,28.834355828220858,21.779141104294478,7.05521472392638,71.16564417177914,6.748466257668712,64.41717791411043
E00112209,494,88,27,61,406,46,360,17.813765182186234,5.465587044534413,12.348178137651821,82.18623481781377,9.31174089068826,72.8744939271255
E00112210,329,75,41,34,254,26,228,22.796352583586625,12.462006079027356,10.33434650455927,77.20364741641338,7.90273556231003,69.30091185410335
E00112211,434,53,22,31,381,39,342,12.211981566820276,5.0691244239631335,7.142857142857142,87.78801843317973,8.986175115207374,78.80184331797236
E00112212,568,67,23,44,501,47,454,11.795774647887324,4.049295774647888,7.746478873239436,88.20422535211267,8.274647887323944,79.92957746478874
E00112213,278,40,13,27,238,19,219,14.388489208633093,4.676258992805756,9.712230215827338,85.61151079136691,6.83453237410072,78.77697841726618
E00112214,377,89,46,43,288,26,262,23.607427055702917,12.20159151193634,11.405835543766578,76.39257294429707,6.896551724137931,69.49602122015915
E00112215,343,55,12,43,288,30,258,16.034985422740526,3.498542274052478,12.536443148688047,83.96501457725948,8.746355685131196,75.21865889212827
E00112216,350,36,7,29,314,39,275,10.285714285714285,2,8.285714285714285,89.71428571428571,11.142857142857142,78.57142857142857
E00112217,310,44,15,29,266,25,241,14.193548387096774,4.838709677419355,9.35483870967742,85.80645161290322,8.064516129032258,77.74193548387098
E00112218,346,47,15,32,299,23,276,13.583815028901732,4.335260115606936,9.248554913294797,86.41618497109826,6.6473988439306355,79.76878612716763
E00112219,465,64,22,42,401,25,376,13.763440860215054,4.731182795698925,9.032258064516128,86.23655913978494,5.376344086021505,80.86021505376344
E00112220,214,25,5,20,189,8,181,11.682242990654206,2.336448598130841,9.345794392523365,88.3177570093458,3.7383177570093453,84.57943925233646
E00112221,301,56,25,31,245,14,231,18.6046511627907,8.305647840531561,10.299003322259136,81.3953488372093,4.651162790697675,76.74418604651163
E00112222,600,65,25,40,535,41,494,10.833333333333334,4.166666666666666,6.666666666666667,89.16666666666667,6.833333333333333,82.33333333333334
E00112223,237,35,19,16,202,14,188,14.767932489451477,8.016877637130802,6.751054852320674,85.23206751054853,5.9071729957805905,79.32489451476793
E00112224,430,55,13,42,375,37,338,12.790697674418606,3.0232558139534884,9.767441860465116,87.20930232558139,8.604651162790699,78.6046511627907
E00112225,325,34,15,19,291,30,261,10.461538461538462,4.615384615384616,5.846153846153846,89.53846153846153,9.230769230769232,80.3076923076923
E00112226,478,45,15,30,433,33,400,9.414225941422593,3.1380753138075312,6.2761506276150625,90.5857740585774,6.903765690376569,83.68200836820083
E00112227,300,29,11,18,271,21,250,9.666666666666666,3.6666666666666665,6,90.33333333333333,7.000000000000001,83.33333333333334
E00112228,435,52,11,41,383,32,351,11.954022988505747,2.528735632183908,9.425287356321839,88.04597701149424,7.35632183908046,80.6896551724138
E00112229,388,63,27,36,325,18,307,16.237113402061855,6.958762886597938,9.278350515463918,83.76288659793815,4.639175257731959,79.12371134020619
E00112230,263,38,14,24,225,21,204,14.44866920152091,5.323193916349809,9.125475285171103,85.55133079847909,7.984790874524715,77.56653992395437
E00112231,405,42,16,26,363,33,330,10.37037037037037,3.950617283950617,6.419753086419753,89.62962962962962,8.148148148148149,81.48148148148148
E00112232,315,49,11,38,266,40,226,15.555555555555555,3.492063492063492,12.063492063492063,84.44444444444444,12.698412698412698,71.74603174603175
E00112233,315,48,18,30,267,24,243,15.238095238095239,5.714285714285714,9.523809523809524,84.76190476190476,7.6190476190476195,77.14285714285715
E00112234,427,55,25,30,372,40,332,12.88056206088993,5.85480093676815,7.02576112412178,87.11943793911007,9.367681498829041,77.75175644028103
E00112235,471,62,24,38,409,36,373,13.163481953290871,5.095541401273886,8.067940552016985,86.83651804670913,7.643312101910828,79.19320594479831
E00112236,418,65,25,40,353,34,319,15.550239234449762,5.980861244019139,9.569377990430622,84.44976076555024,8.133971291866029,76.31578947368422
E00112237,347,26,8,18,321,32,289,7.492795389048991,2.3054755043227666,5.187319884726225,92.507204610951,9.221902017291066,83.28530259365994
E00112238,374,48,9,39,326,33,293,12.834224598930483,2.406417112299465,10.427807486631016,87.16577540106952,8.823529411764707,78.34224598930481
E00112239,477,55,14,41,422,46,376,11.530398322851152,2.9350104821802936,8.59538784067086,88.46960167714884,9.643605870020965,78.82599580712788
E00112241,304,47,15,32,257,20,237,15.460526315789474,4.934210526315789,10.526315789473683,84.53947368421053,6.578947368421052,77.96052631578947
E00112243,177,23,10,13,154,17,137,12.994350282485875,5.649717514124294,7.344632768361582,87.00564971751412,9.6045197740113,77.40112994350282
E00112244,348,28,11,17,320,21,299,8.045977011494253,3.1609195402298855,4.885057471264368,91.95402298850574,6.0344827586206895,85.91954022988506
E00112245,259,33,9,24,226,17,209,12.741312741312742,3.474903474903475,9.266409266409266,87.25868725868726,6.563706563706563,80.6949806949807
E00112246,570,60,20,40,510,33,477,10.526315789473683,3.508771929824561,7.017543859649122,89.47368421052632,5.7894736842105265,83.6842105263158
E00112247,206,45,25,20,161,9,152,21.844660194174757,12.135922330097088,9.70873786407767,78.15533980582524,4.368932038834951,73.7864077669903
E00112248,354,45,16,29,309,16,293,12.711864406779661,4.519774011299435,8.192090395480225,87.28813559322035,4.519774011299435,82.7683615819209
E00112250,136,40,16,24,96,9,87,29.411764705882355,11.76470588235294,17.647058823529413,70.58823529411765,6.61764705882353,63.970588235294116
E00112251,411,48,7,41,363,32,331,11.678832116788321,1.70316301703163,9.975669099756692,88.32116788321169,7.785888077858881,80.5352798053528
E00112252,256,34,11,23,222,11,211,13.28125,4.296875,8.984375,86.71875,4.296875,82.421875
E00112253,457,64,26,38,393,37,356,14.00437636761488,5.689277899343545,8.315098468271334,85.99562363238512,8.096280087527353,77.89934354485777
E00112254,306,52,19,33,254,23,231,16.99346405228758,6.209150326797386,10.784313725490197,83.00653594771242,7.516339869281046,75.49019607843137
E00112255,606,93,33,60,513,35,478,15.346534653465346,5.445544554455446,9.900990099009901,84.65346534653465,5.775577557755775,78.87788778877888
E00112256,382,60,22,38,322,32,290,15.706806282722512,5.7591623036649215,9.947643979057592,84.29319371727748,8.37696335078534,75.91623036649214
E00112257,291,56,28,28,235,18,217,19.243986254295535,9.621993127147768,9.621993127147768,80.75601374570446,6.185567010309279,74.5704467353952
E00112258,261,33,8,25,228,27,201,12.643678160919542,3.065134099616858,9.578544061302683,87.356321839080465,10.344827586206897,77.01149425287356
E00112259,308,55,19,36,253,29,224,17.857142857142858,6.1688311688311686,11.688311688311687,82.14285714285714,9.415584415584416,72.72727272727273
E00112260,330,52,22,30,278,19,259,15.757575757575756,6.666666666666667,9.090909090909092,84.24242424242424,5.757575757575758,78.48484848484848
E00112261,502,91,36,55,411,36,375,18.127490039840637,7.171314741035857,10.95617529880478,81.87250996015936,7.171314741035857,74.7011952191235
E00112262,346,36,6,30,310,31,279,10.404624277456648,1.7341040462427744,8.670520231213873,89.59537572254335,8.959537572254336,80.63583815028902
E00112263,299,33,10,23,266,18,248,11.036789297658862,3.3444816053511706,7.6923076923076925,88.96321070234113,6.0200668896321075,82.94314381270902
E00112264,258,51,19,32,207,18,189,19.767441860465116,7.3643410852713185,12.4031007751938,80.23255813953489,6.976744186046512,73.25581395348837
E00112265,463,52,20,32,411,38,373,11.23110151187905,4.319654427645788,6.911447084233262,88.76889848812095,8.207343412526997,80.56155507559394
E00112266,411,45,11,34,366,34,332,10.948905109489052,2.67639902676399,8.27250608272506,89.05109489051095,8.27250608272506,80.7785888077859
E00112267,215,24,6,18,191,16,175,11.162790697674419,2.7906976744186047,8.372093023255815,88.83720930232558,7.441860465116279,81.3953488372093
E00112268,274,43,16,27,231,27,204,15.693430656934307,5.839416058394161,9.854014598540147,84.30656934306569,9.854014598540147,74.45255474452554
E00112269,281,38,16,22,243,26,217,13.523131672597867,5.6939501779359425,7.829181494661921,86.47686832740213,9.252669039145907,77.22419928825623
E00112270,264,35,11,24,229,23,206,13.257575757575758,4.166666666666666,9.090909090909092,86.74242424242425,8.712121212121213,78.03030303030303
E00112271,482,103,61,42,379,22,357,21.369294605809127,12.655601659751037,8.71369294605809,78.63070539419087,4.564315352697095,74.06639004149378
E00112272,432,64,24,40,368,30,338,14.814814814814813,5.555555555555555,9.25925925925926,85.18518518518519,6.944444444444445,78.24074074074075
E00112273,257,38,11,27,219,22,197,14.785992217898833,4.280155642023346,10.505836575875486,85.21400778210116,8.560311284046692,76.65369649805449
E00112274,581,71,25,46,510,54,456,12.220309810671257,4.3029259896729775,7.917383820998279,87.77969018932875,9.294320137693632,78.48537005163512
E00112275,389,35,10,25,354,24,330,8.997429305912597,2.570694087403599,6.426735218508997,91.00257069408741,6.169665809768637,84.83290488431876
E00112276,332,48,17,31,284,31,253,14.457831325301203,5.120481927710843,9.33734939759036,85.54216867469879,9.33734939759036,76.20481927710844
E00112277,214,37,15,22,177,14,163,17.289719626168225,7.009345794392523,10.2803738317757,82.71028037383178,6.5420560747663545,76.16822429906543
E00112278,321,35,10,25,286,30,256,10.903426791277258,3.115264797507788,7.78816199376947,89.09657320872275,9.345794392523365,79.75077881619937
E00112279,320,45,12,33,275,32,243,14.0625,3.75,10.3125,85.9375,10,75.9375
E00112280,259,28,7,21,231,21,210,10.81081081081081,2.7027027027027026,8.108108108108109,89.1891891891892,8.108108108108109,81.08108108108108
E00112281,428,48,16,32,380,34,346,11.214953271028037,3.7383177570093453,7.476635514018691,88.78504672897196,7.943925233644859,80.8411214953271
E00112282,269,25,11,14,244,13,231,9.293680297397769,4.089219330855019,5.204460966542751,90.70631970260223,4.83271375464684,85.87360594795538
E00112283,351,74,28,46,277,14,263,21.082621082621085,7.977207977207977,13.105413105413104,78.91737891737893,3.9886039886039883,74.92877492877493
E00112284,309,53,15,38,256,29,227,17.15210355987055,4.854368932038835,12.297734627831716,82.84789644012946,9.385113268608414,73.46278317152104
E00112285,234,28,12,16,206,21,185,11.965811965811966,5.128205128205128,6.837606837606838,88.03418803418803,8.974358974358974,79.05982905982906
E00112286,340,47,9,38,293,33,260,13.823529411764707,2.6470588235294117,11.176470588235295,86.1764705882353,9.705882352941178,76.47058823529412
E00112287,285,32,11,21,253,17,236,11.228070175438596,3.8596491228070176,7.368421052631578,88.7719298245614,5.964912280701754,82.80701754385966
E00112288,327,41,13,28,286,36,250,12.538226299694188,3.9755351681957185,8.56269113149847,87.46177370030581,11.009174311926607,76.45259938837921
E00112289,376,39,9,30,337,25,312,10.372340425531915,2.393617021276596,7.9787234042553195,89.62765957446808,6.648936170212766,82.97872340425532
E00112290,471,50,13,37,421,48,373,10.615711252653929,2.7600849256900215,7.855626326963907,89.38428874734608,10.191082802547772,79.19320594479831
E00112291,320,57,16,41,263,36,227,17.8125,5,12.812499999999998,82.1875,11.25,70.9375
E00112293,463,55,14,41,408,50,358,11.879049676025918,3.023758099352052,8.855291576673865,88.12095032397409,10.799136069114471,77.32181425485962
E00112294,472,59,17,42,413,36,377,12.5,3.6016949152542375,8.898305084745763,87.5,7.627118644067797,79.87288135593221
E00169962,438,46,19,27,392,37,355,10.50228310502283,4.337899543378995,6.164383561643835,89.49771689497716,8.447488584474886,81.05022831050228
E00169964,343,54,29,25,289,21,268,15.743440233236154,8.454810495626822,7.288629737609329,84.25655976676384,6.122448979591836,78.134110787172
E00169966,355,45,14,31,310,25,285,12.676056338028168,3.943661971830986,8.732394366197182,87.32394366197182,7.042253521126761,80.28169014084507
E00169967,318,66,28,38,252,17,235,20.754716981132077,8.80503144654088,11.949685534591195,79.24528301886792,5.345911949685535,73.89937106918238
E00169968,432,36,13,23,396,25,371,8.333333333333332,3.009259259259259,5.324074074074074,91.66666666666666,5.787037037037037,85.87962962962963
E00169969,258,31,9,22,227,20,207,12.015503875968992,3.488372093023256,8.527131782945736,87.98449612403101,7.751937984496124,80.23255813953489
E00169970,348,27,8,19,321,21,300,7.758620689655173,2.2988505747126435,5.459770114942529,92.24137931034483,6.0344827586206895,86.20689655172413
E00169971,276,48,21,27,228,21,207,17.391304347826086,7.608695652173914,9.782608695652174,82.6086956521739,7.608695652173914,75
E00169972,410,46,18,28,364,35,329,11.219512195121952,4.390243902439024,6.829268292682928,88.78048780487805,8.536585365853659,80.2439024390244
E00169973,223,54,25,29,169,14,155,24.2152466367713,11.210762331838566,13.004484304932735,75.7847533632287,6.278026905829597,69.50672645739911
E00169974,323,30,8,22,293,22,271,9.287925696594428,2.476780185758514,6.811145510835913,90.71207430340557,6.811145510835913,83.90092879256966
E00169975,257,37,18,19,220,21,199,14.396887159533073,7.003891050583658,7.392996108949417,85.60311284046692,8.171206225680933,77.431906614786
E00169976,309,61,29,32,248,19,229,19.741100323624593,9.385113268608414,10.355987055016183,80.2588996763754,6.148867313915858,74.11003236245955
E00169977,421,39,10,29,382,34,348,9.263657957244655,2.375296912114014,6.88836104513064,90.73634204275535,8.076009501187649,82.6603325415677
E00169978,581,73,26,47,508,31,477,12.564543889845096,4.475043029259897,8.089500860585199,87.4354561101549,5.335628227194492,82.09982788296041
E00169979,339,24,9,15,315,22,293,7.079646017699115,2.6548672566371683,4.424778761061947,92.92035398230088,6.489675516224189,86.4306784660767
E00169981,241,28,9,19,213,13,200,11.618257261410788,3.7344398340248963,7.883817427385892,88.38174273858921,5.394190871369295,82.98755186721992
E00169982,366,30,4,26,336,19,317,8.19672131147541,1.092896174863388,7.103825136612022,91.80327868852459,5.191256830601093,86.6120218579235
E00169983,319,20,7,13,299,21,278,6.269592476489027,2.19435736677116,4.075235109717868,93.73040752351098,6.583072100313479,87.14733542319749
E00169984,281,15,4,11,266,9,257,5.338078291814947,1.4234875444839856,3.9145907473309607,94.66192170818505,3.202846975088968,91.45907473309609
E00169985,607,51,19,32,556,28,528,8.40197693574959,3.130148270181219,5.2718286655683695,91.59802306425041,4.612850082372323,86.9851729818781
E00169986,287,30,9,21,257,17,240,10.452961672473867,3.1358885017421603,7.317073170731707,89.54703832752612,5.923344947735192,83.62369337979094
E00169987,417,40,11,29,377,24,353,9.59232613908873,2.6378896882494005,6.954436450839328,90.40767386091127,5.755395683453238,84.65227817745803
E00169988,362,34,10,24,328,37,291,9.392265193370166,2.7624309392265194,6.629834254143646,90.60773480662984,10.220994475138122,80.38674033149171
E00169989,288,23,8,15,265,17,248,7.986111111111111,2.7777777777777777,5.208333333333334,92.01388888888889,5.902777777777778,86.11111111111111
E00169990,252,12,2,10,240,7,233,4.761904761904762,0.7936507936507936,3.968253968253968,95.23809523809523,2.7777777777777777,92.46031746031747
E00169991,207,19,2,17,188,9,179,9.178743961352657,0.966183574879227,8.212560386473431,90.82125603864735,4.3478260869565215,86.47342995169082
E00188021,455,38,9,29,417,35,382,8.35164835164835,1.9780219780219779,6.373626373626373,91.64835164835165,7.6923076923076925,83.95604395604396
E00188027,333,55,17,38,278,20,258,16.516516516516518,5.105105105105105,11.411411411411411,83.48348348348348,6.006006006006006,77.47747747747748
E00188034,403,33,9,24,370,30,340,8.188585607940446,2.2332506203473943,5.955334987593052,91.81141439205956,7.444168734491314,84.36724565756823
E00188035,322,28,13,15,294,20,274,8.695652173913043,4.037267080745342,4.658385093167702,91.30434782608695,6.211180124223603,85.09316770186336
E00188039,264,22,7,15,242,18,224,8.333333333333332,2.6515151515151514,5.681818181818182,91.66666666666666,6.8181818181818175,84.84848484848484
E00188040,337,25,5,20,312,14,298,7.418397626112759,1.483679525222552,5.934718100890208,92.58160237388724,4.154302670623145,88.4272997032641
E00188052,305,47,15,32,258,23,235,15.40983606557377,4.918032786885246,10.491803278688524,84.59016393442623,7.540983606557377,77.04918032786885
E00188063,408,33,6,27,375,23,352,8.088235294117647,1.4705882352941175,6.61764705882353,91.91176470588235,5.637254901960785,86.27450980392157
E00188065,178,19,6,13,159,14,145,10.674157303370785,3.3707865168539324,7.303370786516854,89.32584269662921,7.865168539325842,81.46067415730337
E00188067,420,42,12,30,378,28,350,10,2.857142857142857,7.142857142857142,90,6.666666666666667,83.33333333333334
E00188082,304,37,17,20,267,23,244,12.171052631578947,5.592105263157895,6.578947368421052,87.82894736842105,7.565789473684211,80.26315789473685
E00188090,221,19,7,12,202,20,182,8.597285067873303,3.167420814479638,5.429864253393665,91.4027149321267,9.049773755656108,82.35294117647058
E00188091,349,31,8,23,318,24,294,8.882521489971348,2.292263610315186,6.59025787965616,91.11747851002865,6.876790830945559,84.2406876790831
E00188092,345,37,11,26,308,15,293,10.72463768115942,3.1884057971014492,7.536231884057972,89.27536231884058,4.3478260869565215,84.92753623188406
E00188094,226,56,19,37,170,26,144,24.778761061946902,8.4070796460177,16.371681415929203,75.22123893805309,11.504424778761061,63.716814159292035
E00188104,258,33,12,21,225,23,202,12.790697674418606,4.651162790697675,8.13953488372093,87.20930232558139,8.914728682170542,78.29457364341084
E00188115,270,13,4,9,257,14,243,4.814814814814815,1.4814814814814816,3.3333333333333335,95.18518518518519,5.185185185185185,90
E00188117,275,30,8,22,245,21,224,10.909090909090908,2.909090909090909,8,89.0909090909091,7.636363636363637,81.45454545454545
E00188122,362,41,13,28,321,25,296,11.32596685082873,3.591160220994475,7.734806629834254,88.67403314917127,6.906077348066299,81.76795580110497
E00188127,354,38,11,27,316,27,289,10.734463276836157,3.1073446327683616,7.627118644067797,89.26553672316385,7.627118644067797,81.63841807909604
E00188134,332,52,16,36,280,17,263,15.66265060240964,4.819277108433735,10.843373493975903,84.33734939759037,5.120481927710843,79.21686746987952
E00188137,327,61,19,42,266,35,231,18.654434250764528,5.81039755351682,12.844036697247708,81.34556574923548,10.703363914373089,70.64220183486239
E00188139,139,14,3,11,125,10,115,10.071942446043165,2.158273381294964,7.913669064748201,89.92805755395683,7.1942446043165464,82.73381294964028
E00188140,328,35,14,21,293,30,263,10.670731707317072,4.2682926829268295,6.402439024390244,89.32926829268293,9.146341463414634,80.1829268292683
E00188145,183,52,20,32,131,12,119,28.415300546448087,10.92896174863388,17.48633879781421,71.58469945355192,6.557377049180328,65.02732240437157
E00188147,313,35,5,30,278,18,260,11.182108626198083,1.5974440894568689,9.584664536741213,88.81789137380191,5.7507987220447285,83.06709265175719
E00188149,360,30,5,25,330,18,312,8.333333333333332,1.3888888888888888,6.944444444444445,91.66666666666666,5,86.66666666666667
E00188165,351,44,17,27,307,32,275,12.535612535612536,4.843304843304843,7.6923076923076925,87.46438746438746,9.116809116809117,78.34757834757835
E00188169,328,32,14,18,296,42,254,9.75609756097561,4.2682926829268295,5.487804878048781,90.2439024390244,12.804878048780488,77.4390243902439
