OA,ts0590001,ts0590002,ts0590003,ts0590004,ts0590005,ts0590006,ts0590007,ts0590002_PCT,ts0590003_PCT,ts0590004_PCT,ts0590005_PCT,ts0590006_PCT,ts0590007_PCT
E00152685,178,50,16,34,128,114,14,28.08988764044944,8.98876404494382,19.101123595505616,71.91011235955057,64.04494382022472,7.865168539325842
E00152686,186,47,21,26,139,123,16,25.268817204301076,11.29032258064516,13.978494623655912,74.73118279569893,66.12903225806451,8.60215053763441
E00152688,175,42,8,34,133,123,10,24,4.571428571428571,19.428571428571427,76,70.28571428571428,5.714285714285714
E00152690,164,39,10,29,125,113,12,23.78048780487805,6.097560975609756,17.682926829268293,76.21951219512195,68.90243902439023,7.317073170731707
E00152691,160,52,17,35,108,90,18,32.5,10.625,21.875,67.5,56.25,11.25
E00152692,156,42,8,34,114,102,12,26.923076923076923,5.128205128205128,21.794871794871796,73.07692307692307,65.38461538461539,7.6923076923076925
E00152693,189,57,20,37,132,117,15,30.158730158730158,10.582010582010582,19.576719576719576,69.84126984126983,61.904761904761905,7.936507936507936
E00152694,301,88,26,62,213,187,26,29.2358803986711,8.637873754152823,20.59800664451827,70.7641196013289,62.12624584717608,8.637873754152823
E00152695,156,56,17,39,100,81,19,35.8974358974359,10.897435897435898,25,64.1025641025641,51.92307692307693,12.179487179487179
E00152696,123,29,10,19,94,80,14,23.577235772357724,8.130081300813007,15.447154471544716,76.42276422764228,65.04065040650406,11.38211382113821
E00152697,133,41,9,32,92,79,13,30.82706766917293,6.7669172932330826,24.06015037593985,69.17293233082707,59.3984962406015,9.774436090225564
E00152698,142,45,11,34,97,83,14,31.690140845070424,7.746478873239436,23.943661971830984,68.30985915492957,58.45070422535211,9.859154929577464
E00152699,192,52,12,40,140,106,34,27.083333333333332,6.25,20.833333333333336,72.91666666666666,55.208333333333336,17.708333333333336
E00152700,175,51,19,32,124,112,12,29.142857142857142,10.857142857142858,18.285714285714285,70.85714285714285,64,6.857142857142858
E00152701,175,38,14,24,137,115,22,21.714285714285715,8,13.714285714285715,78.28571428571428,65.71428571428571,12.571428571428573
E00152702,180,61,20,41,119,108,11,33.88888888888889,11.11111111111111,22.77777777777778,66.11111111111111,60,6.111111111111111
E00152703,130,19,4,15,111,97,14,14.615384615384617,3.076923076923077,11.538461538461538,85.38461538461539,74.61538461538461,10.76923076923077
E00152704,205,66,28,38,139,115,24,32.19512195121951,13.658536585365855,18.536585365853657,67.8048780487805,56.09756097560976,11.707317073170733
E00152705,189,62,17,45,127,106,21,32.804232804232804,8.994708994708994,23.809523809523807,67.1957671957672,56.08465608465608,11.11111111111111
E00152706,137,30,11,19,107,87,20,21.897810218978105,8.02919708029197,13.86861313868613,78.1021897810219,63.503649635036496,14.5985401459854
E00152707,202,63,19,44,139,129,10,31.18811881188119,9.405940594059405,21.782178217821784,68.8118811881188,63.86138613861386,4.9504950495049505
E00152708,168,44,11,33,124,108,16,26.190476190476193,6.547619047619048,19.642857142857142,73.80952380952381,64.28571428571429,9.523809523809524
E00152709,167,60,28,32,107,91,16,35.92814371257485,16.766467065868262,19.16167664670659,64.07185628742515,54.49101796407185,9.580838323353294
E00152710,158,47,12,35,111,99,12,29.746835443037973,7.59493670886076,22.151898734177212,70.25316455696202,62.65822784810127,7.59493670886076
E00152711,139,36,9,27,103,77,26,25.899280575539567,6.474820143884892,19.424460431654676,74.10071942446042,55.39568345323741,18.705035971223023
E00152712,139,36,10,26,103,95,8,25.899280575539567,7.1942446043165464,18.705035971223023,74.10071942446042,68.34532374100719,5.755395683453238
E00152713,166,50,21,29,116,97,19,30.120481927710845,12.650602409638553,17.46987951807229,69.87951807228916,58.43373493975904,11.44578313253012
E00152714,109,49,19,30,60,51,9,44.95412844036697,17.431192660550458,27.522935779816514,55.04587155963303,46.788990825688074,8.256880733944955
E00152715,149,56,15,41,93,81,12,37.58389261744966,10.06711409395973,27.516778523489933,62.41610738255034,54.36241610738255,8.053691275167784
E00152718,162,52,18,34,110,90,20,32.098765432098766,11.11111111111111,20.98765432098765,67.90123456790124,55.55555555555556,12.345679012345679
E00152719,131,47,16,31,84,74,10,35.87786259541985,12.213740458015266,23.66412213740458,64.12213740458014,56.48854961832062,7.633587786259542
E00152720,124,42,7,35,82,71,11,33.87096774193548,5.64516129032258,28.225806451612907,66.12903225806451,57.25806451612904,8.870967741935484
E00152721,81,30,10,20,51,45,6,37.03703703703704,12.345679012345679,24.691358024691358,62.96296296296296,55.55555555555556,7.4074074074074066
E00152722,133,43,15,28,90,77,13,32.33082706766917,11.278195488721805,21.052631578947366,67.66917293233082,57.89473684210527,9.774436090225564
E00152723,171,66,22,44,105,91,14,38.59649122807017,12.865497076023392,25.730994152046783,61.40350877192983,53.216374269005854,8.187134502923977
E00152724,104,41,16,25,63,52,11,39.42307692307692,15.384615384615385,24.03846153846154,60.57692307692307,50,10.576923076923077
E00152725,106,43,15,28,63,54,9,40.56603773584906,14.150943396226415,26.41509433962264,59.43396226415094,50.943396226415096,8.49056603773585
E00152726,117,32,4,28,85,65,20,27.350427350427353,3.418803418803419,23.931623931623932,72.64957264957265,55.55555555555556,17.094017094017094
E00152727,117,41,17,24,76,66,10,35.04273504273504,14.529914529914532,20.51282051282051,64.95726495726495,56.41025641025641,8.547008547008547
E00152728,113,42,19,23,71,58,13,37.16814159292036,16.8141592920354,20.353982300884958,62.83185840707964,51.32743362831859,11.504424778761061
E00152729,144,53,17,36,91,78,13,36.80555555555556,11.805555555555555,25,63.19444444444444,54.166666666666664,9.027777777777777
E00152730,123,40,14,26,83,68,15,32.52032520325203,11.38211382113821,21.138211382113823,67.47967479674797,55.28455284552846,12.195121951219512
E00152731,189,64,31,33,125,106,19,33.86243386243386,16.402116402116402,17.46031746031746,66.13756613756614,56.08465608465608,10.052910052910052
E00152732,177,55,23,32,122,110,12,31.07344632768362,12.994350282485875,18.07909604519774,68.92655367231639,62.14689265536724,6.779661016949152
E00152733,160,54,11,43,106,95,11,33.75,6.875000000000001,26.875,66.25,59.375,6.875000000000001
E00152734,168,54,18,36,114,95,19,32.142857142857146,10.714285714285714,21.428571428571427,67.85714285714286,56.547619047619044,11.30952380952381
E00152735,189,71,30,41,118,99,19,37.56613756613756,15.873015873015872,21.693121693121693,62.43386243386243,52.38095238095239,10.052910052910052
E00152736,171,49,10,39,122,104,18,28.654970760233915,5.847953216374268,22.807017543859647,71.34502923976608,60.81871345029239,10.526315789473683
E00152737,122,36,13,23,86,71,15,29.508196721311474,10.655737704918032,18.852459016393443,70.49180327868852,58.19672131147541,12.295081967213115
E00152738,139,31,18,13,108,77,31,22.302158273381295,12.949640287769784,9.352517985611511,77.6978417266187,55.39568345323741,22.302158273381295
E00152739,189,37,13,24,152,143,9,19.576719576719576,6.878306878306878,12.698412698412698,80.42328042328042,75.66137566137566,4.761904761904762
E00152740,108,25,10,15,83,72,11,23.14814814814815,9.25925925925926,13.88888888888889,76.85185185185185,66.66666666666666,10.185185185185185
E00152741,168,53,18,35,115,99,16,31.547619047619047,10.714285714285714,20.833333333333336,68.45238095238095,58.92857142857143,9.523809523809524
E00152744,155,42,11,31,113,98,15,27.09677419354839,7.096774193548387,20,72.90322580645162,63.2258064516129,9.67741935483871
E00152745,167,49,16,33,118,100,18,29.34131736526946,9.580838323353294,19.760479041916167,70.65868263473054,59.88023952095808,10.778443113772456
E00152746,146,42,14,28,104,88,16,28.767123287671232,9.58904109589041,19.17808219178082,71.23287671232876,60.273972602739725,10.95890410958904
E00152747,157,48,20,28,109,90,19,30.573248407643312,12.738853503184714,17.8343949044586,69.42675159235668,57.324840764331206,12.101910828025478
E00152748,175,66,25,41,109,84,25,37.714285714285715,14.285714285714285,23.42857142857143,62.28571428571429,48,14.285714285714285
E00152749,190,70,26,44,120,101,19,36.84210526315789,13.684210526315791,23.157894736842106,63.1578947368421,53.1578947368421,10
E00152751,139,39,17,22,100,87,13,28.05755395683453,12.23021582733813,15.827338129496402,71.94244604316546,62.589928057553955,9.352517985611511
E00152752,233,58,11,47,175,144,31,24.892703862660944,4.721030042918455,20.171673819742487,75.10729613733905,61.80257510729614,13.304721030042918
E00152753,135,34,12,22,101,83,18,25.185185185185183,8.88888888888889,16.296296296296298,74.81481481481481,61.48148148148148,13.333333333333334
E00152754,118,31,11,20,87,66,21,26.27118644067797,9.322033898305085,16.94915254237288,73.72881355932203,55.932203389830505,17.796610169491526
E00152755,130,41,9,32,89,76,13,31.538461538461537,6.923076923076923,24.615384615384617,68.46153846153847,58.46153846153847,10
E00152756,124,42,22,20,82,74,8,33.87096774193548,17.741935483870968,16.129032258064516,66.12903225806451,59.67741935483871,6.451612903225806
E00152757,129,33,9,24,96,88,8,25.581395348837212,6.976744186046512,18.6046511627907,74.4186046511628,68.21705426356588,6.2015503875969
E00152758,127,52,18,34,75,61,14,40.94488188976378,14.173228346456693,26.77165354330709,59.055118110236215,48.031496062992126,11.023622047244094
E00152759,145,55,22,33,90,79,11,37.93103448275862,15.172413793103448,22.758620689655174,62.06896551724138,54.48275862068965,7.586206896551724
E00152760,172,40,12,28,132,107,25,23.25581395348837,6.976744186046512,16.27906976744186,76.74418604651163,62.2093023255814,14.534883720930234
E00152761,199,65,25,40,134,116,18,32.663316582914575,12.562814070351758,20.100502512562816,67.33668341708542,58.291457286432156,9.045226130653267
E00152762,147,52,14,38,95,85,10,35.374149659863946,9.523809523809524,25.850340136054424,64.62585034013605,57.82312925170068,6.802721088435375
E00152763,113,42,13,29,71,64,7,37.16814159292036,11.504424778761061,25.663716814159294,62.83185840707964,56.63716814159292,6.1946902654867255
E00152764,125,39,16,23,86,73,13,31.2,12.8,18.4,68.8,58.4,10.4
E00152765,152,46,11,35,106,96,10,30.263157894736842,7.236842105263158,23.026315789473685,69.73684210526315,63.1578947368421,6.578947368421052
E00152766,150,48,21,27,102,86,16,32,14.000000000000002,18,68,57.333333333333336,10.666666666666668
E00152767,130,40,10,30,90,77,13,30.76923076923077,7.6923076923076925,23.076923076923077,69.23076923076923,59.23076923076923,10
E00152768,163,53,17,36,110,95,15,32.515337423312886,10.429447852760736,22.085889570552148,67.48466257668711,58.282208588957054,9.202453987730062
E00152769,142,52,21,31,90,78,12,36.61971830985916,14.788732394366196,21.830985915492956,63.38028169014085,54.929577464788736,8.450704225352112
E00152770,157,56,17,39,101,85,16,35.6687898089172,10.828025477707007,24.840764331210192,64.3312101910828,54.14012738853503,10.191082802547772
E00152771,157,57,17,40,100,79,21,36.30573248407643,10.828025477707007,25.477707006369428,63.69426751592356,50.318471337579616,13.375796178343949
E00152772,155,52,25,27,103,89,14,33.5483870967742,16.129032258064516,17.419354838709676,66.45161290322581,57.41935483870968,9.032258064516128
E00152773,178,53,15,38,125,102,23,29.775280898876407,8.426966292134832,21.34831460674157,70.2247191011236,57.30337078651685,12.921348314606742
E00152774,186,60,29,31,126,103,23,32.25806451612903,15.591397849462366,16.666666666666664,67.74193548387096,55.376344086021504,12.365591397849462
E00152775,153,63,27,36,90,78,12,41.17647058823529,17.647058823529413,23.52941176470588,58.82352941176471,50.98039215686274,7.8431372549019605
E00152776,140,46,9,37,94,81,13,32.857142857142854,6.428571428571428,26.42857142857143,67.14285714285714,57.85714285714286,9.285714285714286
E00152777,133,41,11,30,92,80,12,30.82706766917293,8.270676691729323,22.55639097744361,69.17293233082707,60.150375939849624,9.022556390977442
E00152778,135,46,16,30,89,68,21,34.074074074074076,11.851851851851853,22.22222222222222,65.92592592592592,50.37037037037037,15.555555555555555
E00152779,145,42,20,22,103,90,13,28.965517241379313,13.793103448275861,15.172413793103448,71.03448275862068,62.06896551724138,8.96551724137931
E00152780,181,50,14,36,131,118,13,27.624309392265197,7.734806629834254,19.88950276243094,72.37569060773481,65.19337016574586,7.18232044198895
E00152781,172,63,21,42,109,97,12,36.627906976744185,12.209302325581394,24.418604651162788,63.372093023255815,56.395348837209305,6.976744186046512
E00152782,198,66,16,50,132,110,22,33.33333333333333,8.080808080808081,25.252525252525253,66.66666666666666,55.55555555555556,11.11111111111111
E00152783,134,43,14,29,91,83,8,32.08955223880597,10.44776119402985,21.641791044776117,67.91044776119402,61.940298507462686,5.970149253731343
E00152784,113,31,5,26,82,73,9,27.43362831858407,4.424778761061947,23.008849557522122,72.56637168141593,64.60176991150442,7.964601769911504
E00152785,165,60,17,43,105,88,17,36.36363636363637,10.303030303030303,26.060606060606062,63.63636363636363,53.333333333333336,10.303030303030303
E00152786,157,63,17,46,94,75,19,40.12738853503185,10.828025477707007,29.29936305732484,59.87261146496815,47.77070063694268,12.101910828025478
E00152787,146,49,16,33,97,84,13,33.56164383561644,10.95890410958904,22.602739726027394,66.43835616438356,57.534246575342465,8.904109589041095
E00152788,159,56,16,40,103,83,20,35.22012578616352,10.062893081761008,25.157232704402517,64.77987421383648,52.20125786163522,12.578616352201259
E00152789,168,65,20,45,103,87,16,38.69047619047619,11.904761904761903,26.785714285714285,61.30952380952381,51.78571428571429,9.523809523809524
E00152790,138,40,10,30,98,81,17,28.985507246376812,7.246376811594203,21.73913043478261,71.01449275362319,58.69565217391305,12.318840579710146
E00152791,128,37,9,28,91,80,11,28.90625,7.03125,21.875,71.09375,62.5,8.59375
E00152792,161,48,14,34,113,98,15,29.81366459627329,8.695652173913043,21.11801242236025,70.1863354037267,60.86956521739131,9.316770186335404
E00152793,138,50,19,31,88,80,8,36.231884057971016,13.768115942028986,22.463768115942027,63.76811594202898,57.971014492753625,5.797101449275362
E00152794,180,60,27,33,120,101,19,33.33333333333333,15,18.333333333333332,66.66666666666666,56.111111111111114,10.555555555555555
E00152795,163,40,14,26,123,106,17,24.539877300613497,8.588957055214724,15.950920245398773,75.4601226993865,65.03067484662577,10.429447852760736
E00152796,156,64,17,47,92,83,9,41.02564102564102,10.897435897435898,30.128205128205128,58.97435897435898,53.205128205128204,5.769230769230769
E00152797,156,33,9,24,123,105,18,21.153846153846153,5.769230769230769,15.384615384615385,78.84615384615384,67.3076923076923,11.538461538461538
E00152798,52,18,3,15,34,33,1,34.61538461538461,5.769230769230769,28.846153846153843,65.38461538461539,63.46153846153846,1.9230769230769231
E00152799,143,49,18,31,94,84,10,34.26573426573427,12.587412587412588,21.678321678321677,65.73426573426573,58.74125874125874,6.993006993006993
E00152800,158,44,11,33,114,101,13,27.848101265822784,6.962025316455696,20.88607594936709,72.15189873417721,63.92405063291139,8.227848101265822
E00152801,158,57,15,42,101,80,21,36.075949367088604,9.49367088607595,26.582278481012654,63.92405063291139,50.63291139240506,13.291139240506327
E00152802,146,48,18,30,98,84,14,32.87671232876712,12.32876712328767,20.54794520547945,67.12328767123287,57.534246575342465,9.58904109589041
E00152803,154,52,15,37,102,83,19,33.76623376623377,9.740259740259742,24.025974025974026,66.23376623376623,53.896103896103895,12.337662337662337
E00152804,139,40,6,34,99,84,15,28.776978417266186,4.316546762589928,24.46043165467626,71.22302158273382,60.431654676258994,10.79136690647482
E00152805,134,48,11,37,86,79,7,35.82089552238806,8.208955223880597,27.611940298507463,64.17910447761194,58.95522388059702,5.223880597014925
E00152806,136,45,13,32,91,80,11,33.088235294117645,9.558823529411764,23.52941176470588,66.91176470588235,58.82352941176471,8.088235294117647
E00152807,98,29,9,20,69,59,10,29.591836734693878,9.183673469387756,20.408163265306122,70.40816326530613,60.204081632653065,10.204081632653061
E00152808,139,54,19,35,85,76,9,38.84892086330935,13.66906474820144,25.179856115107913,61.15107913669065,54.67625899280576,6.474820143884892
E00152809,162,60,11,49,102,92,10,37.03703703703704,6.790123456790123,30.246913580246915,62.96296296296296,56.79012345679012,6.172839506172839
E00152810,102,38,10,28,64,54,10,37.254901960784316,9.803921568627452,27.450980392156865,62.745098039215684,52.94117647058824,9.803921568627452
E00152811,146,55,11,44,91,82,9,37.67123287671233,7.534246575342466,30.136986301369863,62.328767123287676,56.16438356164384,6.164383561643835
E00152812,152,38,14,24,114,97,17,25,9.210526315789473,15.789473684210526,75,63.81578947368421,11.18421052631579
E00152813,206,72,23,49,134,120,14,34.95145631067961,11.165048543689322,23.78640776699029,65.0485436893204,58.252427184466015,6.796116504854369
E00152814,228,63,26,37,165,141,24,27.631578947368425,11.403508771929824,16.228070175438596,72.36842105263158,61.8421052631579,10.526315789473683
E00152815,161,29,5,24,132,110,22,18.012422360248447,3.1055900621118013,14.906832298136646,81.98757763975155,68.32298136645963,13.664596273291925
E00152816,132,46,13,33,86,75,11,34.84848484848485,9.848484848484848,25,65.15151515151516,56.81818181818182,8.333333333333332
E00152817,186,56,13,43,130,101,29,30.107526881720432,6.989247311827956,23.118279569892472,69.89247311827957,54.3010752688172,15.591397849462366
E00152818,109,39,12,27,70,55,15,35.77981651376147,11.009174311926607,24.770642201834864,64.22018348623854,50.45871559633027,13.761467889908257
E00152819,141,42,14,28,99,87,12,29.78723404255319,9.929078014184398,19.858156028368796,70.2127659574468,61.702127659574465,8.51063829787234
E00152820,138,46,11,35,92,82,10,33.33333333333333,7.971014492753622,25.36231884057971,66.66666666666666,59.42028985507246,7.246376811594203
E00152821,119,37,16,21,82,73,9,31.092436974789916,13.445378151260504,17.647058823529413,68.90756302521008,61.34453781512605,7.563025210084033
E00152822,160,50,14,36,110,101,9,31.25,8.75,22.5,68.75,63.125,5.625
E00152823,58,14,5,9,44,38,6,24.137931034482758,8.620689655172415,15.517241379310345,75.86206896551724,65.51724137931035,10.344827586206897
E00152824,105,30,6,24,75,69,6,28.57142857142857,5.714285714285714,22.857142857142858,71.42857142857143,65.71428571428571,5.714285714285714
E00152826,107,30,10,20,77,68,9,28.037383177570092,9.345794392523365,18.69158878504673,71.96261682242991,63.55140186915887,8.411214953271028
E00152827,170,45,13,32,125,96,29,26.47058823529412,7.647058823529412,18.823529411764707,73.52941176470588,56.470588235294116,17.058823529411764
E00152828,146,37,17,20,109,98,11,25.34246575342466,11.643835616438356,13.698630136986301,74.65753424657534,67.12328767123287,7.534246575342466
E00152829,140,51,24,27,89,79,10,36.42857142857142,17.142857142857142,19.28571428571429,63.57142857142857,56.42857142857143,7.142857142857142
E00152830,150,57,19,38,93,73,20,38,12.666666666666668,25.333333333333336,62,48.66666666666667,13.333333333333334
E00152831,137,35,9,26,102,80,22,25.547445255474454,6.569343065693431,18.97810218978102,74.45255474452554,58.3941605839416,16.05839416058394
E00152833,130,47,16,31,83,69,14,36.15384615384615,12.307692307692308,23.846153846153847,63.84615384615384,53.07692307692308,10.76923076923077
E00152834,139,44,16,28,95,78,17,31.654676258992804,11.510791366906476,20.14388489208633,68.34532374100719,56.11510791366906,12.23021582733813
E00152835,143,43,11,32,100,76,24,30.069930069930066,7.6923076923076925,22.377622377622377,69.93006993006993,53.14685314685315,16.783216783216783
E00152836,162,54,20,34,108,98,10,33.33333333333333,12.345679012345679,20.98765432098765,66.66666666666666,60.49382716049383,6.172839506172839
E00152837,127,45,10,35,82,62,20,35.43307086614173,7.874015748031496,27.559055118110237,64.56692913385827,48.818897637795274,15.748031496062993
E00152838,146,48,25,23,98,86,12,32.87671232876712,17.123287671232877,15.753424657534246,67.12328767123287,58.9041095890411,8.21917808219178
E00152839,132,44,11,33,88,76,12,33.33333333333333,8.333333333333332,25,66.66666666666666,57.57575757575758,9.090909090909092
E00152840,195,56,17,39,139,112,27,28.717948717948715,8.717948717948717,20,71.28205128205128,57.43589743589743,13.846153846153847
E00152841,147,52,19,33,95,78,17,35.374149659863946,12.925170068027212,22.448979591836736,64.62585034013605,53.06122448979592,11.564625850340136
E00152842,136,43,11,32,93,87,6,31.61764705882353,8.088235294117647,23.52941176470588,68.38235294117648,63.970588235294116,4.411764705882353
E00152843,172,42,10,32,130,111,19,24.418604651162788,5.813953488372093,18.6046511627907,75.5813953488372,64.53488372093024,11.046511627906977
E00152844,181,59,23,36,122,109,13,32.59668508287293,12.70718232044199,19.88950276243094,67.40331491712708,60.22099447513812,7.18232044198895
E00152845,147,39,12,27,108,99,9,26.53061224489796,8.16326530612245,18.367346938775512,73.46938775510205,67.3469387755102,6.122448979591836
E00152847,193,59,22,37,134,119,15,30.569948186528496,11.398963730569948,19.170984455958546,69.43005181347151,61.6580310880829,7.772020725388601
E00152848,179,61,23,38,118,103,15,34.07821229050279,12.849162011173185,21.22905027932961,65.92178770949721,57.54189944134078,8.379888268156424
E00152849,201,67,13,54,134,116,18,33.33333333333333,6.467661691542288,26.865671641791046,66.66666666666666,57.711442786069654,8.955223880597014
E00152850,164,51,16,35,113,99,14,31.097560975609756,9.75609756097561,21.341463414634145,68.90243902439023,60.36585365853659,8.536585365853659
E00152851,194,69,28,41,125,112,13,35.56701030927835,14.432989690721648,21.1340206185567,64.43298969072166,57.73195876288659,6.701030927835052
E00152852,105,25,4,21,80,69,11,23.809523809523807,3.8095238095238098,20,76.19047619047619,65.71428571428571,10.476190476190476
E00152853,214,77,25,52,137,120,17,35.981308411214954,11.682242990654206,24.299065420560748,64.01869158878505,56.074766355140184,7.943925233644859
E00152854,156,52,12,40,104,93,11,33.33333333333333,7.6923076923076925,25.64102564102564,66.66666666666666,59.61538461538461,7.051282051282051
E00152855,155,53,20,33,102,87,15,34.193548387096776,12.903225806451612,21.29032258064516,65.80645161290323,56.12903225806451,9.67741935483871
E00152856,156,50,18,32,106,94,12,32.05128205128205,11.538461538461538,20.51282051282051,67.94871794871796,60.256410256410255,7.6923076923076925
E00152857,152,39,11,28,113,102,11,25.657894736842106,7.236842105263158,18.421052631578945,74.3421052631579,67.10526315789474,7.236842105263158
E00152858,210,54,12,42,156,127,29,25.71428571428571,5.714285714285714,20,74.28571428571429,60.476190476190474,13.80952380952381
E00152859,176,60,18,42,116,102,14,34.090909090909086,10.227272727272728,23.863636363636363,65.9090909090909,57.95454545454546,7.954545454545454
E00152860,147,54,20,34,93,85,8,36.734693877551024,13.60544217687075,23.12925170068027,63.26530612244898,57.82312925170068,5.442176870748299
E00152861,162,61,28,33,101,82,19,37.65432098765432,17.28395061728395,20.37037037037037,62.34567901234568,50.617283950617285,11.728395061728394
E00152862,132,51,17,34,81,71,10,38.63636363636363,12.878787878787879,25.757575757575758,61.36363636363637,53.78787878787878,7.575757575757576
E00152863,147,62,16,46,85,74,11,42.17687074829932,10.884353741496598,31.292517006802722,57.82312925170068,50.34013605442177,7.482993197278912
E00152864,149,58,20,38,91,74,17,38.92617449664429,13.422818791946309,25.503355704697988,61.07382550335571,49.664429530201346,11.409395973154362
E00152865,142,67,20,47,75,61,14,47.183098591549296,14.084507042253522,33.098591549295776,52.816901408450704,42.95774647887324,9.859154929577464
E00152866,196,92,41,51,104,91,13,46.93877551020408,20.918367346938776,26.02040816326531,53.06122448979592,46.42857142857143,6.63265306122449
E00152867,135,57,20,37,78,63,15,42.22222222222222,14.814814814814813,27.40740740740741,57.77777777777777,46.666666666666664,11.11111111111111
E00152869,129,49,18,31,80,67,13,37.98449612403101,13.953488372093023,24.031007751937985,62.01550387596899,51.93798449612403,10.077519379844961
E00152870,105,40,11,29,65,55,10,38.095238095238095,10.476190476190476,27.61904761904762,61.904761904761905,52.38095238095239,9.523809523809524
E00152871,148,66,22,44,82,74,8,44.5945945945946,14.864864864864865,29.72972972972973,55.4054054054054,50,5.405405405405405
E00152872,138,56,14,42,82,73,9,40.57971014492754,10.144927536231885,30.434782608695656,59.42028985507246,52.89855072463768,6.521739130434782
E00152873,185,62,12,50,123,103,20,33.513513513513516,6.486486486486487,27.027027027027028,66.48648648648648,55.67567567567567,10.81081081081081
E00152874,193,78,27,51,115,93,22,40.41450777202073,13.989637305699482,26.42487046632124,59.58549222797927,48.18652849740933,11.398963730569948
E00152875,173,46,13,33,127,117,10,26.589595375722542,7.514450867052023,19.07514450867052,73.41040462427746,67.63005780346822,5.780346820809249
E00152876,141,38,12,26,103,91,12,26.95035460992908,8.51063829787234,18.439716312056735,73.04964539007092,64.53900709219859,8.51063829787234
E00152877,173,57,17,40,116,94,22,32.947976878612714,9.826589595375722,23.121387283236995,67.05202312138728,54.33526011560693,12.716763005780345
E00152878,119,34,5,29,85,63,22,28.57142857142857,4.201680672268908,24.369747899159663,71.42857142857143,52.94117647058824,18.487394957983195
E00152879,131,34,13,21,97,89,8,25.954198473282442,9.923664122137405,16.030534351145036,74.04580152671755,67.93893129770993,6.106870229007633
E00152880,184,65,18,47,119,101,18,35.32608695652174,9.782608695652174,25.543478260869566,64.67391304347827,54.891304347826086,9.782608695652174
E00152881,146,44,17,27,102,85,17,30.136986301369863,11.643835616438356,18.493150684931507,69.86301369863014,58.21917808219178,11.643835616438356
E00152882,137,53,16,37,84,78,6,38.68613138686132,11.678832116788321,27.00729927007299,61.31386861313869,56.934306569343065,4.37956204379562
E00152883,155,64,23,41,91,77,14,41.29032258064516,14.838709677419354,26.451612903225808,58.70967741935483,49.67741935483871,9.032258064516128
E00152884,253,77,30,47,176,155,21,30.434782608695656,11.857707509881422,18.57707509881423,69.56521739130434,61.26482213438735,8.300395256916996
E00152885,136,53,22,31,83,70,13,38.970588235294116,16.176470588235293,22.794117647058822,61.029411764705884,51.470588235294116,9.558823529411764
E00152886,177,57,18,39,120,105,15,32.20338983050847,10.16949152542373,22.033898305084744,67.79661016949152,59.32203389830508,8.47457627118644
E00152887,82,35,7,28,47,44,3,42.68292682926829,8.536585365853659,34.146341463414636,57.3170731707317,53.65853658536586,3.6585365853658534
E00152888,59,23,6,17,36,33,3,38.983050847457626,10.16949152542373,28.8135593220339,61.016949152542374,55.932203389830505,5.084745762711865
E00152889,182,59,18,41,123,109,14,32.417582417582416,9.89010989010989,22.52747252747253,67.58241758241759,59.89010989010989,7.6923076923076925
E00152890,187,60,14,46,127,105,22,32.085561497326204,7.4866310160427805,24.598930481283425,67.9144385026738,56.14973262032086,11.76470588235294
E00152891,173,61,15,46,112,89,23,35.26011560693642,8.670520231213873,26.589595375722542,64.73988439306359,51.445086705202314,13.294797687861271
E00152892,173,52,21,31,121,114,7,30.057803468208093,12.138728323699421,17.91907514450867,69.94219653179191,65.89595375722543,4.046242774566474
E00152893,150,51,19,32,99,82,17,34,12.666666666666668,21.333333333333336,66,54.666666666666664,11.333333333333332
E00152894,165,55,17,38,110,99,11,33.33333333333333,10.303030303030303,23.03030303030303,66.66666666666666,60,6.666666666666667
E00152895,174,58,18,40,116,102,14,33.33333333333333,10.344827586206897,22.988505747126435,66.66666666666666,58.620689655172406,8.045977011494253
E00152896,192,60,20,40,132,115,17,31.25,10.416666666666668,20.833333333333336,68.75,59.895833333333336,8.854166666666668
E00152897,155,57,12,45,98,82,16,36.774193548387096,7.741935483870968,29.03225806451613,63.2258064516129,52.903225806451616,10.32258064516129
E00152898,163,49,13,36,114,105,9,30.061349693251532,7.975460122699387,22.085889570552148,69.93865030674846,64.41717791411043,5.521472392638037
E00152899,155,48,14,34,107,91,16,30.967741935483872,9.032258064516128,21.935483870967744,69.03225806451613,58.70967741935483,10.32258064516129
E00152900,179,56,20,36,123,98,25,31.28491620111732,11.1731843575419,20.11173184357542,68.71508379888269,54.7486033519553,13.966480446927374
E00152901,37,13,5,8,24,18,6,35.13513513513514,13.513513513513514,21.62162162162162,64.86486486486487,48.64864864864865,16.216216216216218
E00152902,134,51,13,38,83,73,10,38.059701492537314,9.701492537313433,28.35820895522388,61.940298507462686,54.47761194029851,7.462686567164178
E00152903,99,25,12,13,74,64,10,25.252525252525253,12.121212121212121,13.131313131313133,74.74747474747475,64.64646464646465,10.1010101010101
E00152904,186,55,13,42,131,114,17,29.56989247311828,6.989247311827956,22.58064516129032,70.43010752688173,61.29032258064516,9.13978494623656
E00152905,179,46,15,31,133,109,24,25.69832402234637,8.379888268156424,17.318435754189945,74.30167597765363,60.893854748603346,13.40782122905028
E00152906,201,61,21,40,140,122,18,30.34825870646766,10.44776119402985,19.900497512437813,69.65174129353234,60.69651741293532,8.955223880597014
E00152907,174,57,19,38,117,107,10,32.758620689655174,10.919540229885058,21.839080459770116,67.24137931034483,61.49425287356321,5.747126436781609
E00152908,161,58,16,42,103,95,8,36.024844720496894,9.937888198757763,26.08695652173913,63.975155279503106,59.006211180124225,4.968944099378882
E00152909,165,49,16,33,116,100,16,29.6969696969697,9.696969696969697,20,70.3030303030303,60.60606060606061,9.696969696969697
E00152910,184,64,24,40,120,106,14,34.78260869565217,13.043478260869565,21.73913043478261,65.21739130434783,57.608695652173914,7.608695652173914
E00152911,146,42,13,29,104,91,13,28.767123287671232,8.904109589041095,19.863013698630137,71.23287671232876,62.328767123287676,8.904109589041095
E00152912,174,56,15,41,118,107,11,32.18390804597701,8.620689655172415,23.563218390804597,67.81609195402298,61.49425287356321,6.321839080459771
E00152913,64,20,3,17,44,35,9,31.25,4.6875,26.5625,68.75,54.6875,14.0625
E00152914,159,45,14,31,114,93,21,28.30188679245283,8.80503144654088,19.49685534591195,71.69811320754717,58.490566037735846,13.20754716981132
E00152915,204,61,12,49,143,128,15,29.901960784313726,5.88235294117647,24.019607843137255,70.09803921568627,62.745098039215684,7.352941176470589
E00152916,179,56,11,45,123,112,11,31.28491620111732,6.145251396648044,25.139664804469277,68.71508379888269,62.56983240223464,6.145251396648044
E00152917,183,46,12,34,137,124,13,25.136612021857925,6.557377049180328,18.579234972677597,74.86338797814209,67.75956284153006,7.103825136612022
E00152918,185,58,13,45,127,116,11,31.351351351351354,7.027027027027027,24.324324324324326,68.64864864864865,62.70270270270271,5.9459459459459465
E00152920,182,53,16,37,129,118,11,29.120879120879124,8.791208791208792,20.32967032967033,70.87912087912088,64.83516483516483,6.043956043956044
E00152921,103,29,8,21,74,60,14,28.155339805825243,7.766990291262135,20.388349514563107,71.84466019417476,58.252427184466015,13.592233009708737
E00152922,249,76,13,63,173,159,14,30.522088353413658,5.220883534136546,25.301204819277107,69.47791164658635,63.85542168674698,5.622489959839357
E00152923,204,56,19,37,148,140,8,27.450980392156865,9.313725490196079,18.137254901960784,72.54901960784314,68.62745098039215,3.9215686274509802
E00152925,183,66,27,39,117,104,13,36.0655737704918,14.754098360655737,21.311475409836063,63.934426229508205,56.830601092896174,7.103825136612022
E00152926,189,52,14,38,137,120,17,27.513227513227513,7.4074074074074066,20.105820105820104,72.4867724867725,63.49206349206349,8.994708994708994
E00152927,159,41,11,30,118,98,20,25.78616352201258,6.918238993710692,18.867924528301888,74.21383647798741,61.63522012578616,12.578616352201259
E00152928,229,63,17,46,166,138,28,27.510917030567683,7.423580786026202,20.087336244541483,72.48908296943232,60.26200873362445,12.22707423580786
E00152929,61,20,4,16,41,36,5,32.78688524590164,6.557377049180328,26.229508196721312,67.21311475409836,59.01639344262295,8.19672131147541
E00152930,146,46,17,29,100,63,37,31.506849315068493,11.643835616438356,19.863013698630137,68.4931506849315,43.15068493150685,25.34246575342466
E00152931,142,50,19,31,92,72,20,35.2112676056338,13.380281690140844,21.830985915492956,64.7887323943662,50.70422535211267,14.084507042253522
E00152932,167,53,20,33,114,93,21,31.736526946107784,11.976047904191617,19.760479041916167,68.26347305389223,55.688622754491014,12.574850299401197
E00152933,179,67,28,39,112,90,22,37.43016759776536,15.64245810055866,21.787709497206702,62.56983240223464,50.27932960893855,12.290502793296088
E00152934,130,51,23,28,79,65,14,39.23076923076923,17.692307692307693,21.53846153846154,60.76923076923077,50,10.76923076923077
E00152935,200,57,22,35,143,122,21,28.499999999999996,11,17.5,71.5,61,10.5
E00152936,138,51,26,25,87,63,24,36.95652173913043,18.84057971014493,18.115942028985508,63.04347826086957,45.65217391304348,17.391304347826086
E00152937,170,55,20,35,115,91,24,32.35294117647059,11.76470588235294,20.588235294117645,67.64705882352942,53.529411764705884,14.117647058823529
E00152939,185,52,27,25,133,96,37,28.10810810810811,14.594594594594595,13.513513513513514,71.89189189189189,51.891891891891895,20
E00152940,151,56,19,37,95,74,21,37.086092715231786,12.582781456953644,24.503311258278146,62.913907284768214,49.00662251655629,13.90728476821192
E00152941,162,35,18,17,127,103,24,21.604938271604937,11.11111111111111,10.493827160493826,78.39506172839506,63.580246913580254,14.814814814814813
E00152942,119,32,13,19,87,67,20,26.89075630252101,10.92436974789916,15.966386554621847,73.10924369747899,56.30252100840336,16.80672268907563
E00152943,140,44,19,25,96,76,20,31.428571428571427,13.571428571428571,17.857142857142858,68.57142857142857,54.285714285714285,14.285714285714285
E00152944,194,52,15,37,142,128,14,26.804123711340207,7.731958762886598,19.072164948453608,73.19587628865979,65.97938144329896,7.216494845360824
E00152945,156,45,22,23,111,95,16,28.846153846153843,14.102564102564102,14.743589743589745,71.15384615384616,60.89743589743589,10.256410256410255
E00152946,171,53,16,37,118,104,14,30.994152046783626,9.35672514619883,21.637426900584796,69.00584795321637,60.81871345029239,8.187134502923977
E00152947,192,67,20,47,125,111,14,34.89583333333333,10.416666666666668,24.479166666666664,65.10416666666666,57.8125,7.291666666666667
E00152948,131,41,15,26,90,80,10,31.297709923664126,11.450381679389313,19.84732824427481,68.70229007633588,61.06870229007634,7.633587786259542
E00152949,130,34,13,21,96,83,13,26.153846153846157,10,16.153846153846153,73.84615384615385,63.84615384615384,10
E00152950,151,40,17,23,111,98,13,26.490066225165563,11.258278145695364,15.2317880794702,73.50993377483444,64.90066225165563,8.609271523178808
E00152951,60,25,8,17,35,30,5,41.66666666666667,13.333333333333334,28.333333333333332,58.333333333333336,50,8.333333333333332
E00152952,178,65,20,45,113,90,23,36.51685393258427,11.235955056179774,25.280898876404496,63.48314606741573,50.56179775280899,12.921348314606742
E00152953,106,34,11,23,72,61,11,32.075471698113205,10.377358490566039,21.69811320754717,67.9245283018868,57.54716981132076,10.377358490566039
E00152954,46,19,6,13,27,24,3,41.30434782608695,13.043478260869565,28.26086956521739,58.69565217391305,52.17391304347826,6.521739130434782
E00152955,192,56,15,41,136,120,16,29.166666666666668,7.8125,21.354166666666664,70.83333333333334,62.5,8.333333333333332
E00152956,135,49,16,33,86,77,9,36.2962962962963,11.851851851851853,24.444444444444443,63.70370370370371,57.03703703703704,6.666666666666667
E00152957,70,22,10,12,48,40,8,31.428571428571427,14.285714285714285,17.142857142857142,68.57142857142857,57.14285714285714,11.428571428571429
E00152958,97,37,15,22,60,52,8,38.144329896907216,15.463917525773196,22.68041237113402,61.855670103092784,53.608247422680414,8.24742268041237
E00152959,76,24,5,19,52,46,6,31.57894736842105,6.578947368421052,25,68.42105263157895,60.526315789473685,7.894736842105263
E00152960,133,46,12,34,87,78,9,34.58646616541353,9.022556390977442,25.563909774436087,65.41353383458647,58.64661654135338,6.7669172932330826
E00152961,151,50,14,36,101,81,20,33.11258278145696,9.271523178807946,23.841059602649008,66.88741721854305,53.64238410596026,13.245033112582782
E00152962,135,40,13,27,95,86,9,29.629629629629626,9.62962962962963,20,70.37037037037037,63.70370370370371,6.666666666666667
E00152963,133,34,12,22,99,87,12,25.563909774436087,9.022556390977442,16.541353383458645,74.43609022556392,65.41353383458647,9.022556390977442
E00152964,120,40,9,31,80,68,12,33.33333333333333,7.5,25.833333333333336,66.66666666666666,56.666666666666664,10
E00152965,81,25,6,19,56,47,9,30.864197530864196,7.4074074074074066,23.456790123456788,69.1358024691358,58.0246913580247,11.11111111111111
E00152966,111,37,10,27,74,65,9,33.33333333333333,9.00900900900901,24.324324324324326,66.66666666666666,58.55855855855856,8.108108108108109
E00152967,119,34,9,25,85,80,5,28.57142857142857,7.563025210084033,21.008403361344538,71.42857142857143,67.22689075630252,4.201680672268908
E00152968,135,52,20,32,83,72,11,38.51851851851852,14.814814814814813,23.703703703703706,61.48148148148148,53.333333333333336,8.148148148148149
E00152969,112,27,10,17,85,75,10,24.107142857142858,8.928571428571429,15.178571428571427,75.89285714285714,66.96428571428571,8.928571428571429
E00152970,172,50,22,28,122,103,19,29.069767441860467,12.790697674418606,16.27906976744186,70.93023255813954,59.883720930232556,11.046511627906977
E00152971,141,52,16,36,89,74,15,36.87943262411347,11.347517730496454,25.53191489361702,63.12056737588653,52.4822695035461,10.638297872340425
E00152972,128,43,14,29,85,75,10,33.59375,10.9375,22.65625,66.40625,58.59375,7.8125
E00152973,112,32,13,19,80,73,7,28.57142857142857,11.607142857142858,16.964285714285715,71.42857142857143,65.17857142857143,6.25
E00152974,103,36,15,21,67,52,15,34.95145631067961,14.563106796116504,20.388349514563107,65.0485436893204,50.48543689320388,14.563106796116504
E00152975,162,58,26,32,104,86,18,35.80246913580247,16.049382716049383,19.753086419753085,64.19753086419753,53.086419753086425,11.11111111111111
E00152976,102,39,9,30,63,54,9,38.23529411764706,8.823529411764707,29.411764705882355,61.76470588235294,52.94117647058824,8.823529411764707
E00152977,130,45,19,26,85,68,17,34.61538461538461,14.615384615384617,20,65.38461538461539,52.307692307692314,13.076923076923078
E00152978,112,41,12,29,71,60,11,36.607142857142854,10.714285714285714,25.892857142857146,63.39285714285714,53.57142857142857,9.821428571428571
E00152979,95,38,12,26,57,51,6,40,12.631578947368421,27.368421052631582,60,53.68421052631579,6.315789473684211
E00152980,103,46,12,34,57,45,12,44.66019417475729,11.650485436893204,33.00970873786408,55.33980582524271,43.689320388349515,11.650485436893204
E00152981,170,57,17,40,113,95,18,33.52941176470588,10,23.52941176470588,66.47058823529412,55.88235294117647,10.588235294117647
E00152982,115,34,8,26,81,77,4,29.565217391304348,6.956521739130435,22.608695652173914,70.43478260869566,66.95652173913044,3.4782608695652173
E00152983,95,38,10,28,57,53,4,40,10.526315789473683,29.47368421052631,60,55.78947368421052,4.2105263157894735
E00152984,159,57,18,39,102,87,15,35.84905660377358,11.320754716981133,24.528301886792452,64.15094339622641,54.71698113207547,9.433962264150944
E00152985,151,37,9,28,114,98,16,24.503311258278146,5.960264900662252,18.543046357615893,75.49668874172185,64.90066225165563,10.596026490066226
E00152986,126,34,15,19,92,75,17,26.984126984126984,11.904761904761903,15.079365079365079,73.01587301587301,59.523809523809526,13.492063492063492
E00152987,151,51,11,40,100,89,11,33.77483443708609,7.28476821192053,26.490066225165563,66.22516556291392,58.94039735099338,7.28476821192053
E00152988,106,41,13,28,65,58,7,38.67924528301887,12.264150943396226,26.41509433962264,61.32075471698113,54.71698113207547,6.60377358490566
E00152989,103,30,9,21,73,70,3,29.126213592233007,8.737864077669903,20.388349514563107,70.87378640776699,67.96116504854369,2.912621359223301
E00152990,99,28,10,18,71,57,14,28.28282828282828,10.1010101010101,18.181818181818183,71.71717171717171,57.57575757575758,14.14141414141414
E00152991,94,31,13,18,63,56,7,32.97872340425532,13.829787234042554,19.148936170212767,67.02127659574468,59.57446808510638,7.446808510638298
E00152992,108,49,17,32,59,45,14,45.370370370370374,15.74074074074074,29.629629629629626,54.629629629629626,41.66666666666667,12.962962962962962
E00152993,109,35,12,23,74,67,7,32.11009174311927,11.009174311926607,21.100917431192663,67.88990825688074,61.46788990825688,6.422018348623854
E00152994,170,49,16,33,121,98,23,28.823529411764703,9.411764705882353,19.411764705882355,71.17647058823529,57.647058823529406,13.529411764705882
E00152995,93,30,11,19,63,55,8,32.25806451612903,11.827956989247312,20.43010752688172,67.74193548387096,59.13978494623656,8.60215053763441
E00152996,130,43,16,27,87,73,14,33.07692307692307,12.307692307692308,20.76923076923077,66.92307692307692,56.15384615384615,10.76923076923077
E00152997,106,33,16,17,73,62,11,31.132075471698112,15.09433962264151,16.037735849056602,68.86792452830188,58.490566037735846,10.377358490566039
E00152998,116,43,12,31,73,66,7,37.06896551724138,10.344827586206897,26.72413793103448,62.93103448275862,56.896551724137936,6.0344827586206895
E00152999,131,46,12,34,85,71,14,35.11450381679389,9.16030534351145,25.954198473282442,64.8854961832061,54.19847328244275,10.687022900763358
E00153000,102,42,14,28,60,52,8,41.17647058823529,13.725490196078432,27.450980392156865,58.82352941176471,50.98039215686274,7.8431372549019605
E00153001,127,39,17,22,88,78,10,30.708661417322837,13.385826771653544,17.322834645669293,69.29133858267717,61.417322834645674,7.874015748031496
E00153002,90,33,15,18,57,42,15,36.666666666666664,16.666666666666664,20,63.33333333333333,46.666666666666664,16.666666666666664
E00153003,155,48,17,31,107,92,15,30.967741935483872,10.967741935483872,20,69.03225806451613,59.354838709677416,9.67741935483871
E00153004,128,36,17,19,92,76,16,28.125,13.28125,14.84375,71.875,59.375,12.5
E00153005,136,44,14,30,92,80,12,32.35294117647059,10.294117647058822,22.058823529411764,67.64705882352942,58.82352941176471,8.823529411764707
E00153006,176,52,13,39,124,104,20,29.545454545454547,7.386363636363637,22.15909090909091,70.45454545454545,59.09090909090909,11.363636363636363
E00153007,173,48,11,37,125,109,16,27.74566473988439,6.358381502890173,21.38728323699422,72.25433526011561,63.005780346820806,9.248554913294797
E00153008,212,51,16,35,161,131,30,24.056603773584907,7.547169811320755,16.50943396226415,75.94339622641509,61.79245283018868,14.150943396226415
E00153009,187,58,23,35,129,117,12,31.016042780748666,12.299465240641712,18.71657754010695,68.98395721925134,62.56684491978609,6.417112299465241
E00153010,200,70,21,49,130,105,25,35,10.5,24.5,65,52.5,12.5
E00153011,170,45,13,32,125,106,19,26.47058823529412,7.647058823529412,18.823529411764707,73.52941176470588,62.35294117647059,11.176470588235295
E00153012,195,70,19,51,125,109,16,35.8974358974359,9.7435897435897445,26.153846153846157,64.1025641025641,55.8974358974359,8.205128205128204
E00153013,174,52,14,38,122,101,21,29.88505747126437,8.045977011494253,21.839080459770116,70.11494252873564,58.04597701149425,12.068965517241379
E00153014,154,53,20,33,101,89,12,34.41558441558442,12.987012987012985,21.428571428571427,65.5844155844156,57.7922077922078,7.792207792207792
E00153015,161,51,17,34,110,92,18,31.67701863354037,10.559006211180124,21.11801242236025,68.32298136645963,57.14285714285714,11.180124223602485
E00153016,152,39,16,23,113,100,13,25.657894736842106,10.526315789473683,15.131578947368421,74.3421052631579,65.78947368421053,8.552631578947368
E00153017,136,46,12,34,90,76,14,33.82352941176471,8.823529411764707,25,66.17647058823529,55.88235294117647,10.294117647058822
E00153019,147,48,13,35,99,87,12,32.6530612244898,8.843537414965986,23.809523809523807,67.3469387755102,59.183673469387756,8.16326530612245
E00153020,192,57,21,36,135,119,16,29.6875,10.9375,18.75,70.3125,61.979166666666664,8.333333333333332
E00153021,173,47,15,32,126,104,22,27.167630057803464,8.670520231213873,18.497109826589593,72.83236994219652,60.115606936416185,12.716763005780345
E00153022,215,49,17,32,166,152,14,22.790697674418606,7.906976744186046,14.883720930232558,77.20930232558139,70.69767441860465,6.511627906976744
E00153023,85,23,6,17,62,55,7,27.058823529411764,7.0588235294117645,20,72.94117647058823,64.70588235294117,8.235294117647058
E00153024,146,36,14,22,110,95,15,24.65753424657534,9.58904109589041,15.068493150684931,75.34246575342466,65.06849315068493,10.273972602739725
E00153025,116,45,12,33,71,63,8,38.793103448275865,10.344827586206897,28.448275862068968,61.206896551724135,54.310344827586206,6.896551724137931
E00153026,170,50,17,33,120,95,25,29.411764705882355,10,19.411764705882355,70.58823529411765,55.88235294117647,14.705882352941178
E00153027,132,33,15,18,99,83,16,25,11.363636363636363,13.636363636363635,75,62.878787878787875,12.121212121212121
E00153030,145,53,18,35,92,72,20,36.55172413793103,12.413793103448276,24.137931034482758,63.44827586206897,49.6551724137931,13.793103448275861
E00153031,104,36,8,28,68,59,9,34.61538461538461,7.6923076923076925,26.923076923076923,65.38461538461539,56.730769230769226,8.653846153846153
E00153032,133,48,17,31,85,76,9,36.09022556390977,12.781954887218044,23.308270676691727,63.90977443609023,57.14285714285714,6.7669172932330826
E00153033,181,46,10,36,135,122,13,25.41436464088398,5.524861878453039,19.88950276243094,74.58563535911603,67.40331491712708,7.18232044198895
E00153034,150,42,11,31,108,95,13,28.000000000000004,7.333333333333333,20.666666666666668,72,63.33333333333333,8.666666666666668
E00153036,128,48,17,31,80,67,13,37.5,13.28125,24.21875,62.5,52.34375,10.15625
E00153037,186,64,16,48,122,109,13,34.40860215053764,8.60215053763441,25.806451612903224,65.59139784946237,58.602150537634415,6.989247311827956
E00153038,132,45,10,35,87,73,14,34.090909090909086,7.575757575757576,26.515151515151516,65.9090909090909,55.3030303030303,10.606060606060606
E00153039,119,39,13,26,80,59,21,32.773109243697476,10.92436974789916,21.84873949579832,67.22689075630252,49.57983193277311,17.647058823529413
E00153040,144,48,13,35,96,83,13,33.33333333333333,9.027777777777777,24.305555555555554,66.66666666666666,57.638888888888886,9.027777777777777
E00153041,127,35,13,22,92,79,13,27.559055118110237,10.236220472440944,17.322834645669293,72.44094488188976,62.20472440944882,10.236220472440944
E00153042,174,60,20,40,114,94,20,34.48275862068966,11.494252873563218,22.988505747126435,65.51724137931035,54.02298850574713,11.494252873563218
E00153043,176,42,17,25,134,115,19,23.863636363636363,9.659090909090908,14.204545454545455,76.13636363636364,65.3409090909091,10.795454545454545
E00153044,254,69,24,45,185,169,16,27.165354330708663,9.448818897637794,17.716535433070867,72.83464566929135,66.53543307086615,6.299212598425196
E00153045,156,44,18,26,112,99,13,28.205128205128204,11.538461538461538,16.666666666666664,71.7948717948718,63.46153846153846,8.333333333333332
E00153048,158,66,19,47,92,83,9,41.77215189873418,12.025316455696203,29.746835443037973,58.22784810126582,52.53164556962025,5.69620253164557
E00153049,132,49,23,26,83,75,8,37.121212121212125,17.424242424242426,19.696969696969695,62.878787878787875,56.81818181818182,6.0606060606060606
E00153050,60,20,4,16,40,32,8,33.33333333333333,6.666666666666667,26.666666666666668,66.66666666666666,53.333333333333336,13.333333333333334
E00153051,126,49,18,31,77,65,12,38.88888888888889,14.285714285714285,24.6031746031746,61.111111111111114,51.587301587301596,9.523809523809524
E00153053,161,64,20,44,97,85,12,39.75155279503105,12.422360248447205,27.32919254658385,60.24844720496895,52.79503105590062,7.453416149068323
E00153054,149,52,16,36,97,85,12,34.899328859060404,10.738255033557047,24.161073825503358,65.1006711409396,57.04697986577181,8.053691275167784
E00153055,241,74,31,43,167,138,29,30.70539419087137,12.863070539419086,17.842323651452283,69.29460580912863,57.26141078838174,12.033195020746888
E00153056,115,41,11,30,74,67,7,35.65217391304348,9.565217391304348,26.08695652173913,64.34782608695652,58.26086956521739,6.086956521739131
E00153057,144,44,15,29,100,88,12,30.555555555555557,10.416666666666668,20.13888888888889,69.44444444444444,61.111111111111114,8.333333333333332
E00153058,142,59,11,48,83,72,11,41.54929577464789,7.746478873239436,33.80281690140845,58.45070422535211,50.70422535211267,7.746478873239436
E00153059,132,44,13,31,88,77,11,33.33333333333333,9.848484848484848,23.484848484848484,66.66666666666666,58.333333333333336,8.333333333333332
E00153060,105,30,9,21,75,64,11,28.57142857142857,8.571428571428571,20,71.42857142857143,60.952380952380956,10.476190476190476
E00153061,103,30,10,20,73,66,7,29.126213592233007,9.70873786407767,19.41747572815534,70.87378640776699,64.07766990291263,6.796116504854369
E00153062,190,73,24,49,117,105,12,38.421052631578945,12.631578947368421,25.789473684210527,61.578947368421055,55.26315789473685,6.315789473684211
E00153063,117,40,6,34,77,68,9,34.18803418803419,5.128205128205128,29.059829059829063,65.8119658119658,58.119658119658126,7.6923076923076925
E00153064,144,42,12,30,102,80,22,29.166666666666668,8.333333333333332,20.833333333333336,70.83333333333334,55.55555555555556,15.277777777777779
E00153065,169,49,17,32,120,109,11,28.994082840236686,10.059171597633137,18.93491124260355,71.00591715976331,64.49704142011834,6.508875739644971
E00153066,82,32,12,20,50,45,5,39.02439024390244,14.634146341463413,24.390243902439025,60.97560975609756,54.87804878048781,6.097560975609756
E00153067,144,49,11,38,95,76,19,34.02777777777778,7.638888888888889,26.38888888888889,65.97222222222221,52.77777777777778,13.194444444444445
E00153068,128,36,9,27,92,81,11,28.125,7.03125,21.09375,71.875,63.28125,8.59375
E00153069,176,64,23,41,112,99,13,36.36363636363637,13.068181818181818,23.295454545454543,63.63636363636363,56.25,7.386363636363637
E00153070,71,21,6,15,50,45,5,29.577464788732392,8.450704225352112,21.12676056338028,70.4225352112676,63.38028169014085,7.042253521126761
E00153071,104,36,12,24,68,61,7,34.61538461538461,11.538461538461538,23.076923076923077,65.38461538461539,58.65384615384615,6.730769230769231
E00153072,214,69,25,44,145,126,19,32.242990654205606,11.682242990654206,20.5607476635514,67.7570093457944,58.87850467289719,8.878504672897195
E00153073,141,42,15,27,99,84,15,29.78723404255319,10.638297872340425,19.148936170212767,70.2127659574468,59.57446808510638,10.638297872340425
E00153074,179,46,15,31,133,114,19,25.69832402234637,8.379888268156424,17.318435754189945,74.30167597765363,63.687150837988824,10.614525139664805
E00153075,174,54,10,44,120,98,22,31.03448275862069,5.747126436781609,25.287356321839084,68.96551724137932,56.32183908045977,12.643678160919542
E00153076,198,57,11,46,141,111,30,28.78787878787879,5.555555555555555,23.232323232323232,71.21212121212122,56.060606060606055,15.151515151515152
E00153077,126,36,13,23,90,75,15,28.57142857142857,10.317460317460316,18.253968253968253,71.42857142857143,59.523809523809526,11.904761904761903
E00153078,152,46,14,32,106,96,10,30.263157894736842,9.210526315789473,21.052631578947366,69.73684210526315,63.1578947368421,6.578947368421052
E00153079,152,57,15,42,95,73,22,37.5,9.868421052631579,27.631578947368425,62.5,48.026315789473685,14.473684210526317
E00153080,133,50,13,37,83,75,8,37.59398496240601,9.774436090225564,27.819548872180448,62.40601503759399,56.390977443609025,6.015037593984962
E00153081,126,44,13,31,82,65,17,34.92063492063492,10.317460317460316,24.6031746031746,65.07936507936508,51.587301587301596,13.492063492063492
E00153082,158,52,17,35,106,92,14,32.91139240506329,10.759493670886076,22.151898734177212,67.08860759493672,58.22784810126582,8.860759493670885
E00153083,159,56,15,41,103,91,12,35.22012578616352,9.433962264150944,25.78616352201258,64.77987421383648,57.23270440251572,7.547169811320755
E00153084,129,40,16,24,89,76,13,31.007751937984494,12.4031007751938,18.6046511627907,68.9922480620155,58.91472868217055,10.077519379844961
E00170838,183,53,18,35,130,111,19,28.96174863387978,9.836065573770492,19.12568306010929,71.03825136612022,60.65573770491803,10.382513661202186
E00170839,165,30,9,21,135,115,20,18.181818181818183,5.454545454545454,12.727272727272727,81.81818181818183,69.6969696969697,12.121212121212121
E00170840,50,12,5,7,38,29,9,24,10,14.000000000000002,76,57.99999999999999,18
E00170841,178,40,17,23,138,115,23,22.47191011235955,9.550561797752808,12.921348314606742,77.52808988764045,64.60674157303372,12.921348314606742
E00170842,119,34,10,24,85,74,11,28.57142857142857,8.403361344537815,20.168067226890756,71.42857142857143,62.18487394957983,9.243697478991598
E00170843,143,38,16,22,105,90,15,26.573426573426573,11.188811188811188,15.384615384615385,73.42657342657343,62.93706293706294,10.48951048951049
E00170844,90,18,6,12,72,63,9,20,6.666666666666667,13.333333333333334,80,70,10
E00170845,88,27,6,21,61,51,10,30.681818181818183,6.8181818181818175,23.863636363636363,69.31818181818183,57.95454545454546,11.363636363636363
E00170846,90,17,9,8,73,62,11,18.88888888888889,10,8.88888888888889,81.11111111111111,68.88888888888889,12.222222222222221
E00170848,119,21,12,9,98,84,14,17.647058823529413,10.084033613445378,7.563025210084033,82.35294117647058,70.58823529411765,11.76470588235294
E00170849,106,34,12,22,72,58,14,32.075471698113205,11.320754716981133,20.754716981132077,67.9245283018868,54.71698113207547,13.20754716981132
E00170850,259,61,14,47,198,177,21,23.552123552123554,5.405405405405405,18.146718146718147,76.44787644787645,68.33976833976834,8.108108108108109
E00170851,190,33,9,24,157,133,24,17.36842105263158,4.736842105263158,12.631578947368421,82.63157894736842,70,12.631578947368421
E00170852,200,42,12,30,158,149,9,21,6,15,79,74.5,4.5
E00170853,218,52,16,36,166,139,27,23.853211009174313,7.339449541284404,16.51376146788991,76.14678899082568,63.76146788990825,12.385321100917432
E00170854,123,26,3,23,97,80,17,21.138211382113823,2.4390243902439024,18.69918699186992,78.86178861788618,65.04065040650406,13.821138211382115
E00170855,183,55,21,34,128,110,18,30.05464480874317,11.475409836065573,18.579234972677597,69.94535519125684,60.10928961748634,9.836065573770492
E00170856,187,49,11,38,138,110,28,26.203208556149733,5.88235294117647,20.32085561497326,73.79679144385027,58.82352941176471,14.973262032085561
E00170857,189,65,20,45,124,114,10,34.39153439153439,10.582010582010582,23.809523809523807,65.60846560846561,60.317460317460316,5.291005291005291
E00170858,182,38,12,26,144,125,19,20.87912087912088,6.593406593406594,14.285714285714285,79.12087912087912,68.68131868131869,10.43956043956044
E00170859,148,49,17,32,99,86,13,33.108108108108105,11.486486486486488,21.62162162162162,66.8918918918919,58.108108108108105,8.783783783783784
E00170860,164,39,12,27,125,102,23,23.78048780487805,7.317073170731707,16.463414634146343,76.21951219512195,62.19512195121951,14.02439024390244
E00170861,160,52,17,35,108,92,16,32.5,10.625,21.875,67.5,57.49999999999999,10
E00170862,175,60,24,36,115,95,20,34.285714285714285,13.714285714285715,20.57142857142857,65.71428571428571,54.285714285714285,11.428571428571429
E00170863,194,38,16,22,156,132,24,19.587628865979383,8.24742268041237,11.34020618556701,80.41237113402062,68.04123711340206,12.371134020618557
E00170864,122,27,8,19,95,75,20,22.131147540983605,6.557377049180328,15.573770491803279,77.8688524590164,61.47540983606557,16.39344262295082
E00170865,146,36,9,27,110,86,24,24.65753424657534,6.164383561643835,18.493150684931507,75.34246575342466,58.9041095890411,16.43835616438356
E00170866,250,65,16,49,185,162,23,26,6.4,19.6,74,64.8,9.2
E00170867,170,44,12,32,126,102,24,25.882352941176475,7.0588235294117645,18.823529411764707,74.11764705882354,60,14.117647058823529
E00170868,145,36,15,21,109,91,18,24.82758620689655,10.344827586206897,14.482758620689657,75.17241379310344,62.758620689655174,12.413793103448276
E00170869,158,38,12,26,120,107,13,24.050632911392405,7.59493670886076,16.455696202531644,75.9493670886076,67.72151898734177,8.227848101265822
E00170870,159,43,18,25,116,104,12,27.044025157232703,11.320754716981133,15.723270440251572,72.95597484276729,65.40880503144653,7.547169811320755
E00170871,165,49,22,27,116,94,22,29.6969696969697,13.333333333333334,16.363636363636363,70.3030303030303,56.96969696969697,13.333333333333334
E00170872,124,30,12,18,94,82,12,24.193548387096776,9.67741935483871,14.516129032258066,75.80645161290323,66.12903225806451,9.67741935483871
E00170873,187,42,13,29,145,119,26,22.459893048128343,6.951871657754011,15.508021390374333,77.54010695187165,63.63636363636363,13.903743315508022
E00170874,205,87,52,35,118,98,20,42.4390243902439,25.365853658536587,17.073170731707318,57.56097560975609,47.80487804878049,9.75609756097561
E00170875,157,26,8,18,131,105,26,16.560509554140125,5.095541401273886,11.464968152866243,83.43949044585987,66.87898089171973,16.560509554140125
E00170876,203,50,25,25,153,127,26,24.63054187192118,12.31527093596059,12.31527093596059,75.36945812807882,62.5615763546798,12.807881773399016
E00170877,237,36,7,29,201,166,35,15.18987341772152,2.9535864978902953,12.236286919831224,84.81012658227847,70.042194092827,14.767932489451477
E00170878,163,54,17,37,109,97,12,33.12883435582822,10.429447852760736,22.699386503067483,66.87116564417178,59.50920245398773,7.361963190184049
E00170879,164,37,14,23,127,107,20,22.5609756097561,8.536585365853659,14.02439024390244,77.4390243902439,65.2439024390244,12.195121951219512
E00170880,147,35,13,22,112,91,21,23.809523809523807,8.843537414965986,14.965986394557824,76.19047619047619,61.904761904761905,14.285714285714285
E00170881,136,41,13,28,95,85,10,30.14705882352941,9.558823529411764,20.588235294117645,69.85294117647058,62.5,7.352941176470589
E00170882,133,29,5,24,104,91,13,21.804511278195488,3.7593984962406015,18.045112781954884,78.19548872180451,68.42105263157895,9.774436090225564
E00170883,130,32,12,20,98,78,20,24.615384615384617,9.230769230769232,15.384615384615385,75.38461538461539,60,15.384615384615385
E00170884,131,38,14,24,93,83,10,29.00763358778626,10.687022900763358,18.3206106870229,70.99236641221374,63.358778625954194,7.633587786259542
E00170885,88,39,9,30,49,44,5,44.31818181818182,10.227272727272728,34.090909090909086,55.68181818181818,50,5.681818181818182
E00170886,130,39,13,26,91,76,15,30,10,20,70,58.46153846153847,11.538461538461538
E00183325,142,45,21,24,97,89,8,31.690140845070424,14.788732394366196,16.901408450704224,68.30985915492957,62.676056338028175,5.633802816901409
E00183329,139,47,8,39,92,82,10,33.81294964028777,5.755395683453238,28.05755395683453,66.18705035971223,58.992805755395686,7.1942446043165464
E00183332,90,22,8,14,68,60,8,24.444444444444443,8.88888888888889,15.555555555555555,75.55555555555556,66.66666666666666,8.88888888888889
E00183344,124,48,14,34,76,54,22,38.70967741935484,11.29032258064516,27.419354838709676,61.29032258064516,43.54838709677419,17.741935483870968
E00183347,190,45,15,30,145,127,18,23.684210526315788,7.894736842105263,15.789473684210526,76.31578947368422,66.84210526315789,9.473684210526317
E00183350,53,9,3,6,44,40,4,16.9811320754717,5.660377358490567,11.320754716981133,83.01886792452831,75.47169811320755,7.547169811320755
E00183351,283,77,31,46,206,181,25,27.208480565371023,10.954063604240282,16.25441696113074,72.79151943462897,63.957597173144876,8.8339222614841
E00183352,74,28,10,18,46,37,9,37.83783783783784,13.513513513513514,24.324324324324326,62.16216216216216,50,12.162162162162163
E00183358,55,25,9,16,30,25,5,45.45454545454545,16.363636363636363,29.09090909090909,54.54545454545454,45.45454545454545,9.090909090909092
E00183368,252,48,13,35,204,179,25,19.047619047619047,5.158730158730158,13.88888888888889,80.95238095238095,71.03174603174604,9.920634920634921
E00183374,85,32,10,22,53,42,11,37.64705882352941,11.76470588235294,25.882352941176475,62.35294117647059,49.411764705882355,12.941176470588237
E00183376,97,23,12,11,74,65,9,23.711340206185564,12.371134020618557,11.34020618556701,76.28865979381443,67.0103092783505,9.278350515463918
E00183380,90,20,7,13,70,54,16,22.22222222222222,7.777777777777778,14.444444444444443,77.77777777777779,60,17.77777777777778
E00183382,126,20,8,12,106,89,17,15.873015873015872,6.349206349206349,9.523809523809524,84.12698412698413,70.63492063492063,13.492063492063492
E00183385,164,32,10,22,132,108,24,19.51219512195122,6.097560975609756,13.414634146341465,80.48780487804879,65.85365853658537,14.634146341463413
E00183395,160,19,7,12,141,119,22,11.875,4.375,7.5,88.125,74.375,13.750000000000002
E00183400,121,45,14,31,76,68,8,37.1900826446281,11.570247933884298,25.6198347107438,62.8099173553719,56.19834710743802,6.6115702479338845
E00183406,196,46,12,34,150,124,26,23.46938775510204,6.122448979591836,17.346938775510203,76.53061224489795,63.26530612244898,13.26530612244898
E00183408,325,82,22,60,243,210,33,25.23076923076923,6.769230769230769,18.461538461538463,74.76923076923076,64.61538461538461,10.153846153846153
E00183411,148,31,4,27,117,97,20,20.945945945945947,2.7027027027027026,18.243243243243242,79.05405405405406,65.54054054054053,13.513513513513514
E00183415,82,20,8,12,62,56,6,24.390243902439025,9.75609756097561,14.634146341463413,75.60975609756098,68.29268292682927,7.317073170731707
