OA,ts0380001,ts0380002,ts0380003,ts0380004,ts0380005,ts0380006,ts0380007,ts0380002_PCT,ts0380003_PCT,ts0380004_PCT,ts0380005_PCT,ts0380006_PCT,ts0380007_PCT
E00100629,497,108,40,68,389,38,351,21.730382293762577,8.048289738430583,13.682092555331993,78.26961770623743,7.645875251509055,70.62374245472837
E00100630,297,42,11,31,255,27,228,14.14141414141414,3.7037037037037033,10.437710437710438,85.85858585858585,9.090909090909092,76.76767676767676
E00100631,326,63,23,40,263,23,240,19.32515337423313,7.05521472392638,12.269938650306749,80.67484662576688,7.05521472392638,73.61963190184049
E00100632,323,92,48,44,231,28,203,28.482972136222912,14.860681114551083,13.622291021671826,71.51702786377709,8.6687306501548,62.848297213622295
E00100633,210,99,54,45,111,10,101,47.14285714285714,25.71428571428571,21.428571428571427,52.85714285714286,4.761904761904762,48.095238095238095
E00100635,284,55,17,38,229,27,202,19.366197183098592,5.985915492957746,13.380281690140844,80.63380281690141,9.507042253521126,71.12676056338029
E00100636,281,45,16,29,236,27,209,16.014234875444842,5.6939501779359425,10.320284697508896,83.98576512455516,9.608540925266903,74.37722419928826
E00100637,240,57,28,29,183,22,161,23.75,11.666666666666666,12.083333333333334,76.25,9.166666666666666,67.08333333333333
E00100638,316,95,38,57,221,19,202,30.063291139240505,12.025316455696203,18.037974683544302,69.9367088607595,6.012658227848101,63.92405063291139
E00100639,393,122,75,47,271,31,240,31.043256997455472,19.083969465648856,11.959287531806616,68.95674300254453,7.888040712468193,61.06870229007634
E00100640,280,61,22,39,219,22,197,21.785714285714285,7.857142857142857,13.928571428571429,78.21428571428571,7.857142857142857,70.35714285714286
E00100642,349,77,23,54,272,34,238,22.063037249283667,6.59025787965616,15.472779369627506,77.93696275071633,9.742120343839542,68.19484240687679
E00100643,269,51,14,37,218,22,196,18.95910780669145,5.204460966542751,13.754646840148698,81.04089219330855,8.178438661710038,72.86245353159852
E00100644,280,64,19,45,216,18,198,22.857142857142858,6.785714285714286,16.071428571428573,77.14285714285715,6.428571428571428,70.71428571428572
E00100645,393,65,21,44,328,33,295,16.539440203562343,5.343511450381679,11.195928753180661,83.46055979643766,8.396946564885496,75.06361323155217
E00100646,175,38,16,22,137,20,117,21.714285714285715,9.142857142857142,12.571428571428573,78.28571428571428,11.428571428571429,66.85714285714286
E00100647,267,51,21,30,216,24,192,19.101123595505616,7.865168539325842,11.235955056179774,80.89887640449437,8.98876404494382,71.91011235955057
E00100648,362,63,26,37,299,35,264,17.403314917127073,7.18232044198895,10.220994475138122,82.59668508287292,9.668508287292818,72.92817679558011
E00100649,320,64,19,45,256,29,227,20,5.9375,14.0625,80,9.0625,70.9375
E00100650,532,96,30,66,436,52,384,18.045112781954884,5.639097744360902,12.406015037593985,81.95488721804512,9.774436090225564,72.18045112781954
E00100651,110,19,4,15,91,3,88,17.272727272727273,3.6363636363636362,13.636363636363635,82.72727272727273,2.727272727272727,80
E00100652,293,51,22,29,242,26,216,17.4061433447099,7.508532423208192,9.897610921501707,82.5938566552901,8.873720136518772,73.72013651877133
E00100653,369,61,26,35,308,25,283,16.53116531165312,7.046070460704606,9.48509485094851,83.46883468834689,6.775067750677506,76.69376693766937
E00100654,219,46,19,27,173,26,147,21.00456621004566,8.67579908675799,12.32876712328767,78.99543378995433,11.87214611872146,67.12328767123287
E00100655,271,55,26,29,216,27,189,20.29520295202952,9.59409594095941,10.70110701107011,79.70479704797047,9.96309963099631,69.74169741697416
E00100656,203,44,13,31,159,30,129,21.67487684729064,6.403940886699508,15.270935960591133,78.32512315270937,14.77832512315271,63.54679802955665
E00100657,220,46,15,31,174,19,155,20.909090909090907,6.8181818181818175,14.09090909090909,79.0909090909091,8.636363636363637,70.45454545454545
E00100658,281,41,16,25,240,24,216,14.590747330960854,5.6939501779359425,8.896797153024911,85.40925266903915,8.540925266903916,76.86832740213522
E00100659,233,40,10,30,193,21,172,17.167381974248926,4.291845493562231,12.875536480686694,82.83261802575107,9.012875536480687,73.8197424892704
E00100660,272,31,13,18,241,28,213,11.397058823529411,4.779411764705882,6.61764705882353,88.60294117647058,10.294117647058822,78.30882352941177
E00100661,347,80,35,45,267,42,225,23.054755043227665,10.086455331412104,12.968299711815561,76.94524495677233,12.103746397694524,64.84149855907782
E00100662,347,47,15,32,300,27,273,13.544668587896252,4.322766570605188,9.221902017291066,86.45533141210375,7.780979827089338,78.6743515850144
E00100664,443,66,26,40,377,23,354,14.89841986455982,5.8690744920993225,9.029345372460497,85.10158013544017,5.191873589164786,79.90970654627539
E00100667,306,82,55,27,224,34,190,26.797385620915033,17.973856209150327,8.823529411764707,73.20261437908496,11.11111111111111,62.091503267973856
E00100668,252,40,18,22,212,13,199,15.873015873015872,7.142857142857142,8.73015873015873,84.12698412698413,5.158730158730158,78.96825396825396
E00100669,332,48,19,29,284,24,260,14.457831325301203,5.72289156626506,8.734939759036145,85.54216867469879,7.228915662650602,78.3132530120482
E00100670,313,58,23,35,255,38,217,18.53035143769968,7.348242811501597,11.182108626198083,81.46964856230032,12.140575079872203,69.32907348242811
E00100671,420,71,27,44,349,29,320,16.904761904761905,6.428571428571428,10.476190476190476,83.0952380952381,6.904761904761905,76.19047619047619
E00100672,309,40,15,25,269,24,245,12.944983818770226,4.854368932038835,8.090614886731391,87.05501618122977,7.766990291262135,79.28802588996764
E00100673,362,79,32,47,283,29,254,21.823204419889503,8.83977900552486,12.98342541436464,78.1767955801105,8.011049723756907,70.1657458563536
E00100674,308,55,21,34,253,21,232,17.857142857142858,6.8181818181818175,11.03896103896104,82.14285714285714,6.8181818181818175,75.32467532467533
E00100676,288,50,14,36,238,25,213,17.36111111111111,4.861111111111112,12.5,82.63888888888889,8.680555555555555,73.95833333333334
E00100677,231,73,45,28,158,19,139,31.601731601731604,19.480519480519483,12.121212121212121,68.3982683982684,8.225108225108226,60.17316017316018
E00100678,204,55,23,32,149,21,128,26.96078431372549,11.27450980392157,15.686274509803921,73.0392156862745,10.294117647058822,62.745098039215684
E00100679,262,63,15,48,199,22,177,24.045801526717558,5.7251908396946565,18.3206106870229,75.95419847328245,8.396946564885496,67.55725190839695
E00100680,272,43,17,26,229,24,205,15.808823529411764,6.25,9.558823529411764,84.19117647058823,8.823529411764707,75.36764705882352
E00100681,260,45,11,34,215,31,184,17.307692307692307,4.230769230769231,13.076923076923078,82.6923076923077,11.923076923076923,70.76923076923077
E00100682,222,60,22,38,162,31,131,27.027027027027028,9.90990990990991,17.117117117117118,72.97297297297297,13.963963963963963,59.009009009009006
E00100683,270,76,28,48,194,37,157,28.14814814814815,10.37037037037037,17.77777777777778,71.85185185185186,13.703703703703704,58.14814814814815
E00100684,259,58,23,35,201,19,182,22.393822393822393,8.880308880308881,13.513513513513514,77.60617760617761,7.335907335907336,70.27027027027027
E00100685,179,43,18,25,136,22,114,24.022346368715084,10.05586592178771,13.966480446927374,75.97765363128491,12.290502793296088,63.687150837988824
E00100686,231,78,40,38,153,10,143,33.76623376623377,17.316017316017316,16.450216450216452,66.23376623376623,4.329004329004329,61.904761904761905
E00100687,390,98,29,69,292,38,254,25.128205128205128,7.435897435897436,17.692307692307693,74.87179487179488,9.7435897435897445,65.12820512820512
E00100688,360,74,23,51,286,30,256,20.555555555555554,6.388888888888888,14.166666666666666,79.44444444444444,8.333333333333332,71.11111111111111
E00100689,234,60,27,33,174,18,156,25.64102564102564,11.538461538461538,14.102564102564102,74.35897435897436,7.6923076923076925,66.66666666666666
E00100690,281,55,16,39,226,33,193,19.572953736654807,5.6939501779359425,13.87900355871886,80.42704626334519,11.743772241992882,68.68327402135232
E00100691,300,71,29,42,229,21,208,23.666666666666668,9.666666666666666,14.000000000000002,76.33333333333333,7.000000000000001,69.33333333333334
E00100692,285,56,30,26,229,28,201,19.649122807017545,10.526315789473683,9.12280701754386,80.35087719298247,9.824561403508772,70.52631578947368
E00100693,248,58,18,40,190,27,163,23.387096774193548,7.258064516129033,16.129032258064516,76.61290322580645,10.887096774193548,65.7258064516129
E00100694,466,85,29,56,381,31,350,18.240343347639485,6.223175965665236,12.017167381974248,81.75965665236052,6.652360515021459,75.10729613733905
E00100695,216,35,14,21,181,22,159,16.203703703703702,6.481481481481481,9.722222222222223,83.79629629629629,10.185185185185185,73.61111111111111
E00100696,236,36,14,22,200,34,166,15.254237288135593,5.932203389830509,9.322033898305085,84.7457627118644,14.40677966101695,70.33898305084746
E00100697,251,58,26,32,193,16,177,23.107569721115535,10.358565737051793,12.749003984063744,76.89243027888446,6.374501992031872,70.5179282868526
E00100698,164,23,5,18,141,14,127,14.02439024390244,3.048780487804878,10.975609756097562,85.97560975609755,8.536585365853659,77.4390243902439
E00100699,474,59,27,32,415,30,385,12.447257383966246,5.69620253164557,6.751054852320674,87.55274261603375,6.329113924050633,81.22362869198312
E00100700,415,54,20,34,361,36,325,13.012048192771083,4.819277108433735,8.19277108433735,86.98795180722891,8.674698795180722,78.3132530120482
E00100701,301,30,12,18,271,26,245,9.966777408637874,3.9867109634551494,5.980066445182724,90.03322259136213,8.637873754152823,81.3953488372093
E00100702,396,49,17,32,347,38,309,12.373737373737374,4.292929292929292,8.080808080808081,87.62626262626263,9.595959595959595,78.03030303030303
E00100703,340,45,17,28,295,35,260,13.23529411764706,5,8.235294117647058,86.76470588235294,10.294117647058822,76.47058823529412
E00100704,256,80,34,46,176,18,158,31.25,13.28125,17.96875,68.75,7.03125,61.71875
E00100705,100,19,4,15,81,6,75,19,4,15,81,6,75
E00100706,495,70,23,47,425,34,391,14.14141414141414,4.646464646464646,9.494949494949495,85.85858585858585,6.8686868686868685,78.98989898989899
E00100707,241,55,25,30,186,20,166,22.821576763485478,10.37344398340249,12.448132780082988,77.17842323651453,8.29875518672199,68.87966804979253
E00100708,256,64,26,38,192,29,163,25,10.15625,14.84375,75,11.328125,63.671875
E00100709,383,71,31,40,312,36,276,18.5378590078329,8.093994778067886,10.443864229765012,81.4621409921671,9.39947780678851,72.0626631853786
E00100710,286,76,25,51,210,34,176,26.573426573426573,8.741258741258742,17.832167832167833,73.42657342657343,11.888111888111888,61.53846153846154
E00100711,434,52,17,35,382,28,354,11.981566820276496,3.9170506912442393,8.064516129032258,88.0184331797235,6.451612903225806,81.5668202764977
E00100712,233,47,17,30,186,28,158,20.171673819742487,7.296137339055794,12.875536480686694,79.82832618025752,12.017167381974248,67.81115879828327
E00100713,305,62,25,37,243,17,226,20.327868852459016,8.19672131147541,12.131147540983607,79.67213114754098,5.573770491803279,74.09836065573771
E00100714,331,95,58,37,236,22,214,28.700906344410875,17.522658610271904,11.178247734138973,71.29909365558912,6.646525679758309,64.6525679758308
E00100715,323,48,15,33,275,21,254,14.860681114551083,4.643962848297214,10.21671826625387,85.13931888544892,6.5015479876160995,78.63777089783281
E00100716,253,59,22,37,194,23,171,23.3201581027668,8.695652173913043,14.624505928853754,76.6798418972332,9.090909090909092,67.58893280632411
E00100717,232,53,23,30,179,22,157,22.844827586206897,9.913793103448276,12.931034482758621,77.15517241379311,9.482758620689655,67.67241379310344
E00100718,250,22,4,18,228,23,205,8.799999999999999,1.6,7.199999999999999,91.2,9.2,82
E00100719,148,34,14,20,114,12,102,22.972972972972975,9.45945945945946,13.513513513513514,77.02702702702703,8.108108108108109,68.91891891891892
E00100720,435,70,24,46,365,41,324,16.091954022988507,5.517241379310345,10.574712643678161,83.9080459770115,9.425287356321839,74.48275862068967
E00100721,247,39,6,33,208,20,188,15.789473684210526,2.42914979757085,13.360323886639677,84.21052631578947,8.097165991902834,76.11336032388664
E00100722,349,52,13,39,297,30,267,14.899713467048711,3.7249283667621778,11.174785100286533,85.10028653295129,8.595988538681947,76.50429799426934
E00100723,260,61,26,35,199,17,182,23.46153846153846,10,13.461538461538462,76.53846153846153,6.538461538461539,70
E00100724,297,51,22,29,246,25,221,17.17171717171717,7.4074074074074066,9.764309764309765,82.82828282828282,8.417508417508419,74.41077441077442
E00100725,317,35,8,27,282,14,268,11.041009463722396,2.5236593059936907,8.517350157728707,88.95899053627761,4.416403785488959,84.54258675078864
E00100726,351,81,35,46,270,32,238,23.076923076923077,9.971509971509972,13.105413105413104,76.92307692307693,9.116809116809117,67.80626780626781
E00100727,260,56,20,36,204,19,185,21.53846153846154,7.6923076923076925,13.846153846153847,78.46153846153847,7.307692307692308,71.15384615384616
E00100728,364,84,33,51,280,33,247,23.076923076923077,9.065934065934066,14.010989010989011,76.92307692307693,9.065934065934066,67.85714285714286
E00100729,249,52,16,36,197,22,175,20.883534136546185,6.425702811244979,14.457831325301203,79.11646586345381,8.835341365461847,70.28112449799197
E00100730,189,34,6,28,155,13,142,17.989417989417987,3.1746031746031744,14.814814814814813,82.01058201058201,6.878306878306878,75.13227513227513
E00100731,397,65,18,47,332,21,311,16.3727959697733,4.534005037783375,11.838790931989925,83.6272040302267,5.289672544080604,78.33753148614609
E00100732,552,83,31,52,469,45,424,15.03623188405797,5.615942028985507,9.420289855072465,84.96376811594203,8.152173913043478,76.81159420289855
E00100733,300,58,25,33,242,33,209,19.333333333333332,8.333333333333332,11,80.66666666666666,11,69.66666666666667
E00100734,365,57,26,31,308,31,277,15.616438356164384,7.123287671232877,8.493150684931507,84.38356164383562,8.493150684931507,75.89041095890411
E00100735,305,67,29,38,238,20,218,21.9672131147541,9.508196721311474,12.459016393442624,78.0327868852459,6.557377049180328,71.47540983606558
E00100736,234,37,12,25,197,19,178,15.81196581196581,5.128205128205128,10.683760683760683,84.1880341880342,8.11965811965812,76.06837606837607
E00100737,319,78,36,42,241,29,212,24.45141065830721,11.285266457680251,13.166144200626958,75.54858934169279,9.090909090909092,66.4576802507837
E00100738,233,85,47,38,148,18,130,36.48068669527897,20.171673819742487,16.30901287553648,63.519313304721024,7.725321888412018,55.793991416309005
E00100739,348,52,23,29,296,36,260,14.942528735632186,6.609195402298851,8.333333333333332,85.0574712643678,10.344827586206897,74.71264367816092
E00100740,335,65,18,47,270,23,247,19.402985074626866,5.3731343283582085,14.029850746268657,80.59701492537313,6.865671641791045,73.73134328358208
E00100741,248,44,14,30,204,21,183,17.741935483870968,5.64516129032258,12.096774193548388,82.25806451612904,8.46774193548387,73.79032258064517
E00100742,365,50,12,38,315,37,278,13.698630136986301,3.287671232876712,10.41095890410959,86.3013698630137,10.136986301369863,76.16438356164383
E00100743,377,86,39,47,291,24,267,22.811671087533156,10.344827586206897,12.46684350132626,77.18832891246684,6.36604774535809,70.82228116710876
E00100745,310,40,16,24,270,19,251,12.903225806451612,5.161290322580645,7.741935483870968,87.09677419354838,6.129032258064516,80.96774193548387
E00100746,298,54,20,34,244,18,226,18.120805369127517,6.7114093959731544,11.409395973154362,81.87919463087249,6.0402684563758395,75.83892617449665
E00100747,312,68,30,38,244,21,223,21.794871794871796,9.615384615384617,12.179487179487179,78.2051282051282,6.730769230769231,71.47435897435898
E00100748,257,78,37,41,179,22,157,30.35019455252918,14.396887159533073,15.953307392996107,69.64980544747081,8.560311284046692,61.08949416342413
E00100749,260,63,23,40,197,17,180,24.23076923076923,8.846153846153847,15.384615384615385,75.76923076923077,6.538461538461539,69.23076923076923
E00100750,251,54,20,34,197,22,175,21.51394422310757,7.968127490039841,13.545816733067728,78.48605577689243,8.764940239043826,69.7211155378486
E00100751,342,40,12,28,302,36,266,11.695906432748536,3.508771929824561,8.187134502923977,88.30409356725146,10.526315789473683,77.77777777777779
E00100752,307,62,22,40,245,27,218,20.195439739413683,7.166123778501629,13.029315960912053,79.80456026058633,8.794788273615636,71.00977198697068
E00100753,258,58,24,34,200,23,177,22.48062015503876,9.30232558139535,13.178294573643413,77.51937984496125,8.914728682170542,68.6046511627907
E00100754,271,53,16,37,218,24,194,19.557195571955717,5.904059040590406,13.653136531365314,80.44280442804428,8.856088560885608,71.58671586715867
E00100755,345,82,35,47,263,24,239,23.768115942028984,10.144927536231885,13.623188405797102,76.23188405797102,6.956521739130435,69.27536231884058
E00100756,322,72,39,33,250,19,231,22.36024844720497,12.111801242236025,10.248447204968944,77.63975155279503,5.900621118012422,71.73913043478261
E00100757,279,41,16,25,238,24,214,14.695340501792115,5.734767025089606,8.960573476702509,85.30465949820788,8.60215053763441,76.70250896057348
E00100758,354,50,18,32,304,30,274,14.124293785310735,5.084745762711865,9.03954802259887,85.87570621468926,8.47457627118644,77.40112994350282
E00100759,199,58,26,32,141,15,126,29.145728643216078,13.06532663316583,16.08040201005025,70.85427135678391,7.537688442211055,63.31658291457286
E00100760,276,53,18,35,223,31,192,19.202898550724637,6.521739130434782,12.681159420289855,80.79710144927536,11.231884057971014,69.56521739130434
E00100761,291,61,26,35,230,28,202,20.962199312714777,8.934707903780069,12.027491408934708,79.03780068728523,9.621993127147768,69.41580756013745
E00100762,407,80,27,53,327,42,285,19.656019656019655,6.6339066339066335,13.022113022113022,80.34398034398035,10.319410319410318,70.02457002457002
E00100763,282,63,23,40,219,26,193,22.340425531914892,8.156028368794328,14.184397163120568,77.6595744680851,9.219858156028367,68.43971631205675
E00100764,247,59,25,34,188,16,172,23.88663967611336,10.121457489878543,13.765182186234817,76.11336032388664,6.477732793522267,69.63562753036437
E00100765,333,70,26,44,263,26,237,21.02102102102102,7.807807807807808,13.213213213213212,78.97897897897897,7.807807807807808,71.17117117117117
E00100766,325,49,14,35,276,32,244,15.076923076923077,4.3076923076923075,10.76923076923077,84.92307692307692,9.846153846153847,75.07692307692308
E00100767,305,86,42,44,219,30,189,28.196721311475407,13.77049180327869,14.426229508196723,71.80327868852459,9.836065573770492,61.967213114754095
E00100768,292,70,30,40,222,24,198,23.972602739726025,10.273972602739725,13.698630136986301,76.02739726027397,8.21917808219178,67.8082191780822
E00100769,350,55,19,36,295,29,266,15.714285714285714,5.428571428571429,10.285714285714285,84.28571428571429,8.285714285714285,76
E00100770,379,72,33,39,307,41,266,18.997361477572557,8.70712401055409,10.29023746701847,81.00263852242745,10.817941952506596,70.18469656992085
E00100771,334,70,29,41,264,22,242,20.958083832335326,8.682634730538922,12.275449101796406,79.04191616766467,6.58682634730539,72.45508982035929
E00100772,512,97,45,52,415,40,375,18.9453125,8.7890625,10.15625,81.0546875,7.8125,73.2421875
E00100773,324,69,28,41,255,21,234,21.296296296296298,8.641975308641975,12.654320987654321,78.70370370370371,6.481481481481481,72.22222222222221
E00100774,281,54,18,36,227,25,202,19.217081850533805,6.405693950177936,12.811387900355871,80.78291814946618,8.896797153024911,71.88612099644128
E00100775,393,73,28,45,320,34,286,18.575063613231553,7.124681933842239,11.450381679389313,81.42493638676844,8.651399491094146,72.7735368956743
E00100776,221,50,21,29,171,13,158,22.624434389140273,9.502262443438914,13.122171945701359,77.37556561085974,5.88235294117647,71.49321266968326
E00100777,254,42,18,24,212,15,197,16.535433070866144,7.086614173228346,9.448818897637794,83.46456692913385,5.905511811023622,77.55905511811024
E00100778,228,38,15,23,190,23,167,16.666666666666664,6.578947368421052,10.087719298245613,83.33333333333334,10.087719298245613,73.24561403508771
E00100779,509,134,58,76,375,47,328,26.326129666011788,11.394891944990176,14.931237721021612,73.6738703339882,9.233791748526523,64.44007858546169
E00100780,316,59,19,40,257,26,231,18.670886075949365,6.012658227848101,12.658227848101266,81.32911392405063,8.227848101265822,73.10126582278481
E00100781,285,76,35,41,209,25,184,26.666666666666668,12.280701754385964,14.385964912280702,73.33333333333333,8.771929824561402,64.56140350877193
E00100782,260,77,45,32,183,14,169,29.615384615384617,17.307692307692307,12.307692307692308,70.38461538461539,5.384615384615385,65
E00100783,377,79,35,44,298,38,260,20.954907161803714,9.283819628647215,11.671087533156498,79.04509283819628,10.079575596816976,68.96551724137932
E00100784,335,105,59,46,230,32,198,31.343283582089555,17.611940298507463,13.73134328358209,68.65671641791045,9.55223880597015,59.1044776119403
E00100785,394,93,27,66,301,39,262,23.604060913705585,6.852791878172589,16.751269035532996,76.39593908629442,9.898477157360407,66.49746192893402
E00100786,290,104,58,46,186,20,166,35.86206896551724,20,15.862068965517242,64.13793103448275,6.896551724137931,57.24137931034483
E00100788,234,63,22,41,171,23,148,26.923076923076923,9.401709401709402,17.52136752136752,73.07692307692307,9.82905982905983,63.24786324786324
E00100789,243,53,14,39,190,35,155,21.810699588477366,5.761316872427984,16.049382716049383,78.18930041152264,14.40329218106996,63.78600823045267
E00100790,301,67,25,42,234,24,210,22.259136212624583,8.305647840531561,13.953488372093023,77.74086378737542,7.973421926910299,69.76744186046511
E00100791,339,100,52,48,239,25,214,29.49852507374631,15.339233038348082,14.15929203539823,70.50147492625368,7.374631268436578,63.12684365781711
E00100792,302,84,39,45,218,24,194,27.81456953642384,12.91390728476821,14.90066225165563,72.18543046357617,7.9470198675496695,64.23841059602648
E00100793,403,95,50,45,308,26,282,23.573200992555833,12.40694789081886,11.166253101736972,76.42679900744417,6.451612903225806,69.97518610421837
E00100794,515,136,65,71,379,37,342,26.407766990291265,12.62135922330097,13.78640776699029,73.59223300970874,7.184466019417475,66.40776699029126
E00100795,276,96,57,39,180,16,164,34.78260869565217,20.652173913043477,14.130434782608695,65.21739130434783,5.797101449275362,59.42028985507246
E00100796,336,50,20,30,286,34,252,14.880952380952381,5.952380952380952,8.928571428571429,85.11904761904762,10.119047619047619,75
E00100797,271,62,28,34,209,23,186,22.878228782287824,10.33210332103321,12.546125461254611,77.12177121771218,8.487084870848708,68.63468634686348
E00100798,256,64,26,38,192,12,180,25,10.15625,14.84375,75,4.6875,70.3125
E00100799,454,83,27,56,371,40,331,18.28193832599119,5.947136563876652,12.334801762114537,81.71806167400881,8.81057268722467,72.90748898678414
E00100800,306,70,22,48,236,27,209,22.875816993464053,7.18954248366013,15.686274509803921,77.12418300653596,8.823529411764707,68.30065359477125
E00100801,290,57,20,37,233,22,211,19.655172413793103,6.896551724137931,12.758620689655173,80.3448275862069,7.586206896551724,72.75862068965517
E00100802,291,47,20,27,244,24,220,16.151202749140893,6.872852233676976,9.278350515463918,83.8487972508591,8.24742268041237,75.60137457044674
E00100803,281,63,35,28,218,30,188,22.419928825622776,12.455516014234876,9.9644128113879,77.58007117437722,10.676156583629894,66.90391459074732
E00100804,352,67,27,40,285,26,259,19.03409090909091,7.670454545454546,11.363636363636363,80.9659090909091,7.386363636363637,73.57954545454545
E00100805,238,51,20,31,187,22,165,21.428571428571427,8.403361344537815,13.025210084033615,78.57142857142857,9.243697478991598,69.32773109243698
E00100806,222,57,17,40,165,11,154,25.675675675675674,7.657657657657657,18.01801801801802,74.32432432432432,4.954954954954955,69.36936936936937
E00100807,250,58,24,34,192,19,173,23.200000000000003,9.6,13.600000000000001,76.8,7.6,69.19999999999999
E00100808,312,58,15,43,254,21,233,18.58974358974359,4.807692307692308,13.782051282051283,81.41025641025641,6.730769230769231,74.67948717948718
E00100809,421,72,19,53,349,48,301,17.102137767220903,4.513064133016627,12.589073634204276,82.89786223277909,11.401425178147269,71.49643705463184
E00100810,274,69,29,40,205,21,184,25.18248175182482,10.583941605839415,14.5985401459854,74.81751824817519,7.664233576642336,67.15328467153284
E00100811,262,62,19,43,200,20,180,23.66412213740458,7.251908396946565,16.412213740458014,76.33587786259542,7.633587786259542,68.70229007633588
E00100812,172,64,34,30,108,11,97,37.2093023255814,19.767441860465116,17.441860465116278,62.7906976744186,6.395348837209303,56.395348837209305
E00100813,293,54,17,37,239,19,220,18.43003412969283,5.802047781569966,12.627986348122866,81.56996587030717,6.484641638225256,75.0853242320819
E00100814,360,71,29,42,289,30,259,19.72222222222222,8.055555555555555,11.666666666666666,80.27777777777779,8.333333333333332,71.94444444444444
E00100815,331,72,12,60,259,24,235,21.75226586102719,3.625377643504532,18.12688821752266,78.24773413897282,7.250755287009064,70.99697885196375
E00100816,262,58,21,37,204,22,182,22.137404580152673,8.015267175572518,14.122137404580155,77.86259541984732,8.396946564885496,69.46564885496184
E00100817,362,67,32,35,295,28,267,18.50828729281768,8.83977900552486,9.668508287292818,81.49171270718232,7.734806629834254,73.75690607734806
E00100818,303,48,14,34,255,18,237,15.841584158415841,4.62046204620462,11.221122112211221,84.15841584158416,5.9405940594059405,78.21782178217822
E00100819,337,54,18,36,283,30,253,16.023738872403563,5.341246290801187,10.682492581602373,83.97626112759644,8.902077151335313,75.07418397626114
E00100820,325,59,24,35,266,18,248,18.153846153846153,7.384615384615385,10.76923076923077,81.84615384615384,5.538461538461538,76.3076923076923
E00100821,250,47,15,32,203,21,182,18.8,6,12.8,81.2,8.4,72.8
E00100822,300,56,19,37,244,26,218,18.666666666666668,6.333333333333334,12.333333333333334,81.33333333333333,8.666666666666668,72.66666666666667
E00100823,220,49,24,25,171,19,152,22.272727272727273,10.909090909090908,11.363636363636363,77.72727272727272,8.636363636363637,69.0909090909091
E00100824,307,63,18,45,244,16,228,20.521172638436482,5.863192182410423,14.65798045602606,79.47882736156352,5.211726384364821,74.2671009771987
E00100825,255,63,25,38,192,12,180,24.705882352941178,9.803921568627452,14.901960784313726,75.29411764705883,4.705882352941177,70.58823529411765
E00100826,317,59,18,41,258,33,225,18.61198738170347,5.678233438485805,12.933753943217665,81.38801261829653,10.410094637223976,70.97791798107255
E00100827,461,70,35,35,391,41,350,15.184381778741866,7.592190889370933,7.592190889370933,84.81561822125813,8.893709327548807,75.92190889370933
E00100828,337,88,45,43,249,18,231,26.112759643916917,13.353115727002967,12.759643916913946,73.88724035608308,5.341246290801187,68.5459940652819
E00100829,315,65,16,49,250,16,234,20.634920634920633,5.079365079365079,15.555555555555555,79.36507936507937,5.079365079365079,74.28571428571429
E00100830,354,73,26,47,281,27,254,20.62146892655367,7.344632768361582,13.27683615819209,79.37853107344633,7.627118644067797,71.75141242937853
E00100831,288,41,13,28,247,25,222,14.23611111111111,4.513888888888888,9.722222222222223,85.76388888888889,8.680555555555555,77.08333333333334
E00100832,236,43,14,29,193,34,159,18.220338983050848,5.932203389830509,12.288135593220339,81.77966101694916,14.40677966101695,67.37288135593221
E00100833,189,72,32,40,117,10,107,38.095238095238095,16.93121693121693,21.164021164021165,61.904761904761905,5.291005291005291,56.613756613756614
E00100834,357,87,37,50,270,25,245,24.369747899159663,10.364145658263306,14.005602240896359,75.63025210084034,7.002801120448179,68.62745098039215
E00100835,255,69,29,40,186,16,170,27.058823529411764,11.372549019607844,15.686274509803921,72.94117647058823,6.2745098039215685,66.66666666666666
E00100836,347,51,21,30,296,17,279,14.697406340057636,6.051873198847262,8.645533141210375,85.30259365994236,4.899135446685879,80.403458213256485
E00100837,334,64,26,38,270,20,250,19.16167664670659,7.784431137724551,11.377245508982035,80.83832335329342,5.9880239520958085,74.8502994011976
E00100838,297,84,31,53,213,29,184,28.28282828282828,10.437710437710438,17.845117845117844,71.71717171717171,9.764309764309765,61.95286195286195
E00100839,262,58,28,30,204,15,189,22.137404580152673,10.687022900763358,11.450381679389313,77.86259541984732,5.7251908396946565,72.13740458015268
E00100840,394,62,20,42,332,27,305,15.736040609137056,5.0761421319796955,10.65989847715736,84.26395939086294,6.852791878172589,77.41116751269035
E00100841,301,63,29,34,238,19,219,20.930232558139537,9.634551495016613,11.295681063122924,79.06976744186046,6.312292358803987,72.75747508305648
E00100842,328,71,21,50,257,28,229,21.646341463414632,6.402439024390244,15.24390243902439,78.35365853658537,8.536585365853659,69.8170731707317
E00100843,237,32,11,21,205,21,184,13.502109704641349,4.641350210970464,8.860759493670885,86.49789029535864,8.860759493670885,77.63713080168776
E00100844,425,82,33,49,343,28,315,19.294117647058822,7.764705882352942,11.529411764705882,80.70588235294117,6.588235294117648,74.11764705882354
E00100845,365,101,52,49,264,22,242,27.671232876712327,14.246575342465754,13.424657534246576,72.32876712328768,6.027397260273973,66.3013698630137
E00100846,294,60,20,40,234,27,207,20.408163265306122,6.802721088435375,13.60544217687075,79.59183673469387,9.183673469387756,70.40816326530613
E00100847,234,48,19,29,186,28,158,20.51282051282051,8.11965811965812,12.393162393162394,79.48717948717949,11.965811965811966,67.52136752136752
E00100848,288,43,13,30,245,17,228,14.930555555555555,4.513888888888888,10.416666666666668,85.06944444444444,5.902777777777778,79.16666666666666
E00100849,321,43,11,32,278,31,247,13.395638629283487,3.4267912772585665,9.968847352024921,86.6043613707165,9.657320872274143,76.94704049844236
E00100850,258,52,31,21,206,20,186,20.155038759689923,12.015503875968992,8.13953488372093,79.84496124031007,7.751937984496124,72.09302325581395
E00100851,312,42,18,24,270,27,243,13.461538461538462,5.769230769230769,7.6923076923076925,86.53846153846155,8.653846153846153,77.88461538461539
E00100852,308,51,16,35,257,33,224,16.558441558441558,5.194805194805195,11.363636363636363,83.44155844155844,10.714285714285714,72.72727272727273
E00100853,416,62,23,39,354,26,328,14.903846153846153,5.528846153846153,9.375,85.09615384615384,6.25,78.84615384615384
E00100854,361,53,17,36,308,24,284,14.681440443213297,4.7091412742382275,9.97229916897507,85.3185595567867,6.64819944598338,78.67036011080333
E00100855,240,32,14,18,208,27,181,13.333333333333334,5.833333333333333,7.5,86.66666666666667,11.25,75.41666666666667
E00100856,330,59,18,41,271,16,255,17.87878787878788,5.454545454545454,12.424242424242424,82.12121212121211,4.848484848484849,77.27272727272727
E00100857,495,91,29,62,404,47,357,18.383838383838384,5.858585858585859,12.525252525252526,81.61616161616162,9.494949494949495,72.12121212121212
E00100858,345,103,48,55,242,29,213,29.855072463768117,13.91304347826087,15.942028985507244,70.14492753623188,8.405797101449275,61.73913043478261
E00100859,281,51,19,32,230,40,190,18.14946619217082,6.761565836298933,11.387900355871885,81.85053380782918,14.23487544483986,67.61565836298932
E00100860,235,50,16,34,185,18,167,21.27659574468085,6.808510638297872,14.468085106382977,78.72340425531915,7.659574468085106,71.06382978723404
E00100861,269,81,35,46,188,27,161,30.111524163568777,13.011152416356877,17.100371747211895,69.88847583643123,10.037174721189592,59.85130111524164
E00100862,243,77,36,41,166,24,142,31.68724279835391,14.814814814814813,16.872427983539097,68.3127572016461,9.876543209876543,58.43621399176955
E00100863,298,68,22,46,230,23,207,22.818791946308725,7.38255033557047,15.436241610738255,77.18120805369128,7.718120805369128,69.46308724832215
E00100864,210,72,27,45,138,19,119,34.285714285714285,12.857142857142856,21.428571428571427,65.71428571428571,9.047619047619047,56.666666666666664
E00100865,295,61,27,34,234,26,208,20.677966101694913,9.152542372881356,11.525423728813559,79.3220338983051,8.813559322033898,70.50847457627118
E00100866,269,42,12,30,227,19,208,15.613382899628252,4.4609665427509295,11.152416356877323,84.38661710037175,7.063197026022305,77.32342007434944
E00100867,298,44,7,37,254,27,227,14.76510067114094,2.348993288590604,12.416107382550337,85.23489932885906,9.060402684563758,76.1744966442953
E00100868,322,62,27,35,260,23,237,19.25465838509317,8.385093167701864,10.869565217391305,80.74534161490683,7.142857142857142,73.6024844720497
E00100869,279,63,30,33,216,23,193,22.58064516129032,10.75268817204301,11.827956989247312,77.41935483870968,8.24372759856631,69.17562724014337
E00100870,315,60,18,42,255,30,225,19.047619047619047,5.714285714285714,13.333333333333334,80.95238095238095,9.523809523809524,71.42857142857143
E00100871,313,80,34,46,233,19,214,25.559105431309902,10.86261980830671,14.696485623003195,74.4408945686901,6.070287539936102,68.370607028754
E00100872,234,22,7,15,212,16,196,9.401709401709402,2.9914529914529915,6.41025641025641,90.5982905982906,6.837606837606838,83.76068376068376
E00100873,337,52,21,31,285,31,254,15.43026706231454,6.231454005934718,9.198813056379821,84.56973293768546,9.198813056379821,75.37091988130564
E00100874,356,47,18,29,309,34,275,13.202247191011235,5.056179775280898,8.146067415730338,86.79775280898876,9.550561797752808,77.24719101123596
E00100875,284,33,4,29,251,27,224,11.619718309859154,1.4084507042253522,10.211267605633804,88.38028169014085,9.507042253521126,78.87323943661971
E00100876,327,44,14,30,283,24,259,13.455657492354739,4.281345565749235,9.174311926605505,86.54434250764525,7.339449541284404,79.20489296636084
E00100877,303,57,13,44,246,30,216,18.81188118811881,4.29042904290429,14.521452145214523,81.1881188118812,9.900990099009901,71.28712871287128
E00100878,283,80,44,36,203,21,182,28.26855123674912,15.547703180212014,12.7208480565371,71.73144876325088,7.420494699646643,64.31095406360424
E00100879,230,44,12,32,186,16,170,19.130434782608695,5.217391304347826,13.91304347826087,80.8695652173913,6.956521739130435,73.91304347826086
E00100880,254,41,12,29,213,21,192,16.141732283464567,4.724409448818897,11.41732283464567,83.85826771653542,8.267716535433072,75.59055118110236
E00100881,233,55,24,31,178,29,149,23.605150214592275,10.300429184549357,13.304721030042918,76.39484978540773,12.446351931330472,63.94849785407726
E00100882,239,34,9,25,205,19,186,14.225941422594143,3.765690376569038,10.460251046025103,85.77405857740585,7.949790794979079,77.82426778242679
E00100883,209,95,48,47,114,11,103,45.45454545454545,22.966507177033492,22.48803827751196,54.54545454545454,5.263157894736842,49.282296650717704
E00100884,342,62,24,38,280,43,237,18.128654970760234,7.017543859649122,11.11111111111111,81.87134502923976,12.573099415204677,69.2982456140351
E00100885,266,76,34,42,190,22,168,28.57142857142857,12.781954887218044,15.789473684210526,71.42857142857143,8.270676691729323,63.1578947368421
E00100886,490,142,64,78,348,38,310,28.97959183673469,13.061224489795919,15.918367346938775,71.0204081632653,7.755102040816326,63.26530612244898
E00100887,472,88,36,52,384,31,353,18.64406779661017,7.627118644067797,11.016949152542372,81.35593220338984,6.567796610169492,74.78813559322035
E00100888,314,77,31,46,237,29,208,24.522292993630572,9.872611464968154,14.64968152866242,75.47770700636943,9.235668789808917,66.2420382165605
E00100889,341,77,30,47,264,20,244,22.58064516129032,8.797653958944283,13.78299120234604,77.41935483870968,5.865102639296188,71.5542521994135
E00100890,161,43,11,32,118,9,109,26.70807453416149,6.832298136645963,19.875776397515526,73.29192546583852,5.590062111801243,67.70186335403726
E00100891,287,64,21,43,223,33,190,22.299651567944252,7.317073170731707,14.982578397212542,77.70034843205575,11.498257839721255,66.2020905923345
E00100892,270,72,33,39,198,23,175,26.666666666666668,12.222222222222221,14.444444444444443,73.33333333333333,8.518518518518519,64.81481481481481
E00100893,273,68,31,37,205,15,190,24.90842490842491,11.355311355311356,13.553113553113553,75.0915750915751,5.4945054945054945,69.59706959706959
E00100894,335,73,26,47,262,23,239,21.791044776119403,7.761194029850746,14.029850746268657,78.2089552238806,6.865671641791045,71.34328358208955
E00100895,274,58,22,36,216,19,197,21.16788321167883,8.02919708029197,13.138686131386862,78.83211678832117,6.934306569343065,71.8978102189781
E00100896,331,67,24,43,264,23,241,20.241691842900302,7.250755287009064,12.990936555891238,79.7583081570997,6.948640483383686,72.80966767371602
E00100897,254,62,26,36,192,17,175,24.409448818897637,10.236220472440944,14.173228346456693,75.59055118110236,6.692913385826772,68.89763779527559
E00100898,443,71,23,48,372,31,341,16.02708803611738,5.191873589164786,10.835214446952596,83.97291196388262,6.997742663656885,76.97516930022573
E00100899,298,56,24,32,242,32,210,18.79194630872483,8.053691275167784,10.738255033557047,81.20805369127517,10.738255033557047,70.46979865771812
E00100900,304,80,31,49,224,21,203,26.31578947368421,10.197368421052632,16.11842105263158,73.68421052631578,6.907894736842106,66.77631578947368
E00100901,325,58,29,29,267,23,244,17.846153846153847,8.923076923076923,8.923076923076923,82.15384615384616,7.076923076923077,75.07692307692308
E00100902,306,61,25,36,245,36,209,19.934640522875817,8.169934640522875,11.76470588235294,80.06535947712419,11.76470588235294,68.30065359477125
E00100903,256,75,39,36,181,20,161,29.296875,15.234375,14.0625,70.703125,7.8125,62.890625
E00100904,287,43,17,26,244,26,218,14.982578397212542,5.923344947735192,9.059233449477352,85.01742160278745,9.059233449477352,75.9581881533101
E00100905,316,71,33,38,245,36,209,22.468354430379748,10.443037974683545,12.025316455696203,77.53164556962025,11.39240506329114,66.13924050632912
E00100906,388,55,17,38,333,46,287,14.175257731958762,4.381443298969072,9.793814432989691,85.82474226804123,11.855670103092782,73.96907216494846
E00100907,382,65,22,43,317,40,277,17.015706806282722,5.7591623036649215,11.2565445026178,82.98429319371728,10.471204188481675,72.5130890052356
E00100908,306,79,34,45,227,22,205,25.816993464052292,11.11111111111111,14.705882352941178,74.18300653594771,7.18954248366013,66.99346405228758
E00100909,367,70,22,48,297,31,266,19.07356948228883,5.994550408719346,13.079019073569482,80.92643051771117,8.446866485013624,72.47956403269755
E00100910,223,35,12,23,188,13,175,15.695067264573993,5.381165919282512,10.31390134529148,84.30493273542601,5.829596412556054,78.47533632286996
E00100911,319,76,29,47,243,29,214,23.824451410658305,9.090909090909092,14.733542319749215,76.17554858934169,9.090909090909092,67.0846394984326
E00100912,322,54,14,40,268,25,243,16.77018633540373,4.3478260869565215,12.422360248447205,83.22981366459628,7.763975155279502,75.46583850931677
E00100913,221,42,17,25,179,21,158,19.004524886877828,7.6923076923076925,11.312217194570136,80.99547511312217,9.502262443438914,71.49321266968326
E00100914,547,84,21,63,463,33,430,15.356489945155394,3.8391224862888484,11.517367458866545,84.64351005484461,6.032906764168191,78.61060329067642
E00100915,204,30,9,21,174,14,160,14.705882352941178,4.411764705882353,10.294117647058822,85.29411764705883,6.862745098039216,78.43137254901961
E00100916,374,73,30,43,301,35,266,19.518716577540108,8.0213903743315509,11.497326203208557,80.4812834224599,9.358288770053475,71.12299465240642
E00100917,339,43,17,26,296,24,272,12.684365781710916,5.014749262536873,7.669616519174041,87.31563421828909,7.079646017699115,80.23598820058997
E00100918,443,57,18,39,386,39,347,12.866817155756207,4.063205417607223,8.803611738148984,87.13318284424379,8.803611738148984,78.3295711060948
E00100919,332,57,18,39,275,23,252,17.16867469879518,5.421686746987952,11.74698795180723,82.83132530120481,6.927710843373494,75.90361445783132
E00100920,345,55,25,30,290,28,262,15.942028985507244,7.246376811594203,8.695652173913043,84.05797101449275,8.115942028985506,75.94202898550725
E00100921,237,49,19,30,188,17,171,20.675105485232066,8.016877637130802,12.658227848101266,79.32489451476793,7.172995780590717,72.15189873417721
E00100922,392,59,22,37,333,31,302,15.051020408163266,5.612244897959184,9.438775510204081,84.94897959183673,7.908163265306123,77.04081632653062
E00100923,365,57,19,38,308,41,267,15.616438356164384,5.205479452054795,10.41095890410959,84.38356164383562,11.232876712328768,73.15068493150685
E00100924,282,59,20,39,223,25,198,20.921985815602838,7.092198581560284,13.829787234042554,79.07801418439716,8.865248226950355,70.2127659574468
E00100925,430,68,22,46,362,36,326,15.813953488372093,5.116279069767442,10.69767441860465,84.18604651162791,8.372093023255815,75.81395348837209
E00100926,466,80,26,54,386,38,348,17.167381974248926,5.579399141630901,11.587982832618025,82.83261802575107,8.15450643776824,74.67811158798283
E00100927,339,29,8,21,310,25,285,8.55457227138643,2.359882005899705,6.1946902654867255,91.44542772861357,7.374631268436578,84.070796460177
E00100928,332,47,14,33,285,41,244,14.156626506024098,4.216867469879518,9.939759036144578,85.8433734939759,12.349397590361445,73.49397590361446
E00100929,401,65,24,41,336,44,292,16.209476309226932,5.985037406483791,10.224438902743142,83.79052369077307,10.972568578553615,72.81795511221945
E00100930,262,54,20,34,208,23,185,20.610687022900763,7.633587786259542,12.977099236641221,79.38931297709924,8.778625954198473,70.61068702290076
E00100931,381,54,18,36,327,43,284,14.173228346456693,4.724409448818897,9.448818897637794,85.8267716535433,11.286089238845145,74.54068241469817
E00100932,398,100,37,63,298,26,272,25.125628140703515,9.296482412060302,15.829145728643216,74.87437185929649,6.532663316582915,68.34170854271356
E00100933,516,74,18,56,442,50,392,14.34108527131783,3.488372093023256,10.852713178294573,85.65891472868216,9.689922480620156,75.96899224806202
E00100935,306,63,23,40,243,26,217,20.588235294117645,7.516339869281046,13.071895424836603,79.41176470588235,8.49673202614379,70.91503267973856
E00100936,288,43,11,32,245,31,214,14.930555555555555,3.8194444444444446,11.11111111111111,85.06944444444444,10.76388888888889,74.30555555555556
E00100937,332,44,21,23,288,30,258,13.253012048192772,6.325301204819277,6.927710843373494,86.74698795180723,9.036144578313253,77.71084337349397
E00100938,335,46,19,27,289,34,255,13.73134328358209,5.6716417910447765,8.059701492537313,86.26865671641791,10.149253731343283,76.11940298507463
E00100939,267,46,13,33,221,24,197,17.228464419475657,4.868913857677903,12.359550561797752,82.77153558052434,8.98876404494382,73.78277153558052
E00100940,285,65,29,36,220,30,190,22.807017543859647,10.175438596491228,12.631578947368421,77.19298245614034,10.526315789473683,66.66666666666666
E00100941,317,60,17,43,257,29,228,18.92744479495268,5.3627760252365935,13.564668769716087,81.07255520504731,9.14826498422713,71.92429022082018
E00100942,339,63,31,32,276,34,242,18.58407079646018,9.144542772861357,9.43952802359882,81.41592920353983,10.029498525073747,71.38643067846607
E00100943,285,36,11,25,249,30,219,12.631578947368421,3.8596491228070176,8.771929824561402,87.36842105263159,10.526315789473683,76.84210526315789
E00100944,284,69,27,42,215,20,195,24.295774647887324,9.507042253521126,14.788732394366196,75.70422535211267,7.042253521126761,68.66197183098592
E00100945,228,60,32,28,168,13,155,26.31578947368421,14.035087719298245,12.280701754385964,73.68421052631578,5.701754385964912,67.98245614035088
E00100947,625,76,27,49,549,55,494,12.16,4.32,7.84,87.83999999999999,8.799999999999999,79.03999999999999
E00100948,212,39,4,35,173,16,157,18.39622641509434,1.8867924528301887,16.50943396226415,81.60377358490565,7.547169811320755,74.05660377358491
E00100949,404,101,48,53,303,35,268,25,11.881188118811881,13.118811881188119,75,8.663366336633663,66.33663366336634
E00100950,275,59,26,33,216,17,199,21.454545454545453,9.454545454545455,12,78.54545454545455,6.181818181818182,72.36363636363636
E00100951,318,65,25,40,253,29,224,20.440251572327046,7.861635220125786,12.578616352201259,79.55974842767296,9.119496855345911,70.44025157232704
E00100952,355,69,21,48,286,33,253,19.43661971830986,5.915492957746479,13.521126760563378,80.56338028169014,9.295774647887324,71.26760563380282
E00100953,318,53,23,30,265,23,242,16.666666666666664,7.232704402515723,9.433962264150944,83.33333333333334,7.232704402515723,76.10062893081762
E00100954,322,51,21,30,271,25,246,15.838509316770185,6.521739130434782,9.316770186335404,84.16149068322981,7.763975155279502,76.3975155279503
E00100955,294,61,24,37,233,37,196,20.74829931972789,8.16326530612245,12.585034013605442,79.25170068027211,12.585034013605442,66.66666666666666
E00100956,404,109,56,53,295,35,260,26.980198019801982,13.861386138613863,13.118811881188119,73.01980198019803,8.663366336633663,64.35643564356435
E00100957,331,94,45,49,237,34,203,28.3987915407855,13.595166163141995,14.803625377643503,71.6012084592145,10.27190332326284,61.329305135951664
E00100958,249,58,21,37,191,29,162,23.293172690763054,8.433734939759036,14.859437751004014,76.70682730923694,11.646586345381527,65.06024096385542
E00100959,249,65,27,38,184,30,154,26.104417670682732,10.843373493975903,15.261044176706829,73.89558232931726,12.048192771084338,61.84738955823293
E00100960,398,108,48,60,290,30,260,27.1356783919598,12.060301507537687,15.07537688442211,72.8643216080402,7.537688442211055,65.32663316582915
E00100961,257,54,22,32,203,18,185,21.011673151750973,8.560311284046692,12.45136186770428,78.98832684824903,7.003891050583658,71.98443579766537
E00100962,251,68,28,40,183,20,163,27.091633466135455,11.155378486055776,15.936254980079681,72.90836653386454,7.968127490039841,64.9402390438247
E00100963,269,65,24,41,204,21,183,24.1635687732342,8.921933085501859,15.241635687732341,75.8364312267658,7.806691449814126,68.02973977695167
E00100964,272,83,35,48,189,23,166,30.514705882352942,12.867647058823529,17.647058823529413,69.48529411764706,8.455882352941178,61.029411764705884
E00100966,265,60,20,40,205,17,188,22.641509433962266,7.547169811320755,15.09433962264151,77.35849056603774,6.415094339622642,70.94339622641509
E00100967,286,57,22,35,229,18,211,19.93006993006993,7.6923076923076925,12.237762237762238,80.06993006993007,6.293706293706294,73.77622377622379
E00100968,201,72,39,33,129,9,120,35.82089552238806,19.402985074626866,16.417910447761194,64.17910447761194,4.477611940298507,59.70149253731343
E00100969,238,68,20,48,170,26,144,28.57142857142857,8.403361344537815,20.168067226890756,71.42857142857143,10.92436974789916,60.50420168067227
E00100970,286,67,22,45,219,17,202,23.426573426573427,7.6923076923076925,15.734265734265735,76.57342657342657,5.944055944055944,70.62937062937063
E00100971,268,52,23,29,216,23,193,19.402985074626866,8.582089552238806,10.820895522388058,80.59701492537313,8.582089552238806,72.01492537313433
E00100972,269,53,19,34,216,27,189,19.702602230483272,7.063197026022305,12.639405204460965,80.29739776951673,10.037174721189592,70.26022304832715
E00100973,276,76,37,39,200,21,179,27.536231884057973,13.405797101449277,14.130434782608695,72.46376811594203,7.608695652173914,64.85507246376811
E00100974,253,53,18,35,200,20,180,20.948616600790515,7.114624505928854,13.83399209486166,79.05138339920948,7.905138339920949,71.14624505928853
E00100975,306,129,75,54,177,21,156,42.15686274509804,24.509803921568626,17.647058823529413,57.84313725490197,6.862745098039216,50.98039215686274
E00100976,241,62,25,37,179,26,153,25.72614107883817,10.37344398340249,15.352697095435685,74.27385892116183,10.78838174273859,63.48547717842323
E00100977,292,65,20,45,227,23,204,22.26027397260274,6.8493150684931505,15.41095890410959,77.73972602739725,7.876712328767123,69.86301369863014
E00100978,291,94,69,25,197,26,171,32.302405498281786,23.711340206185564,8.59106529209622,67.69759450171821,8.934707903780069,58.76288659793815
E00100979,308,73,25,48,235,26,209,23.7012987012987,8.116883116883116,15.584415584415584,76.2987012987013,8.441558441558442,67.85714285714286
E00100980,305,56,17,39,249,20,229,18.360655737704917,5.573770491803279,12.786885245901638,81.63934426229508,6.557377049180328,75.08196721311475
E00100981,341,55,15,40,286,39,247,16.129032258064516,4.398826979472141,11.730205278592376,83.87096774193549,11.436950146627565,72.43401759530792
E00100982,235,43,12,31,192,25,167,18.29787234042553,5.106382978723404,13.191489361702127,81.70212765957446,10.638297872340425,71.06382978723404
E00100983,206,53,17,36,153,16,137,25.728155339805824,8.25242718446602,17.475728155339805,74.27184466019418,7.766990291262135,66.50485436893204
E00100984,267,37,10,27,230,19,211,13.857677902621724,3.7453183520599254,10.112359550561797,86.14232209737828,7.116104868913857,79.02621722846442
E00100985,316,44,13,31,272,35,237,13.924050632911392,4.113924050632911,9.81012658227848,86.07594936708861,11.075949367088606,75
E00100986,329,72,32,40,257,33,224,21.88449848024316,9.72644376899696,12.158054711246201,78.11550151975683,10.030395136778116,68.08510638297872
E00100987,407,59,17,42,348,33,315,14.496314496314497,4.176904176904177,10.319410319410318,85.5036855036855,8.108108108108109,77.39557739557739
E00100988,282,61,24,37,221,24,197,21.631205673758867,8.51063829787234,13.120567375886525,78.36879432624113,8.51063829787234,69.8581560283688
E00100989,375,48,24,24,327,38,289,12.8,6.4,6.4,87.2,10.133333333333333,77.06666666666668
E00100990,356,84,23,61,272,40,232,23.595505617977526,6.460674157303371,17.134831460674157,76.40449438202246,11.235955056179774,65.1685393258427
E00100992,268,57,20,37,211,19,192,21.26865671641791,7.462686567164178,13.805970149253731,78.73134328358209,7.08955223880597,71.64179104477611
E00100993,309,73,22,51,236,36,200,23.624595469255663,7.119741100323624,16.50485436893204,76.37540453074433,11.650485436893204,64.72491909385113
E00100994,262,63,25,38,199,26,173,24.045801526717558,9.541984732824428,14.50381679389313,75.95419847328245,9.923664122137405,66.03053435114504
E00100995,342,67,22,45,275,36,239,19.5906432748538,6.432748538011696,13.157894736842104,80.4093567251462,10.526315789473683,69.88304093567251
E00100996,272,66,31,35,206,27,179,24.264705882352942,11.397058823529411,12.867647058823529,75.73529411764706,9.926470588235293,65.80882352941177
E00100997,258,56,21,35,202,23,179,21.705426356589147,8.13953488372093,13.565891472868216,78.29457364341084,8.914728682170542,69.37984496124031
E00100998,237,57,23,34,180,13,167,24.050632911392405,9.70464135021097,14.345991561181433,75.9493670886076,5.485232067510549,70.46413502109705
E00100999,295,68,25,43,227,23,204,23.050847457627118,8.47457627118644,14.576271186440678,76.94915254237287,7.796610169491526,69.15254237288136
E00101000,301,44,14,30,257,32,225,14.61794019933555,4.651162790697675,9.966777408637874,85.38205980066445,10.631229235880399,74.75083056478405
E00101001,318,69,34,35,249,37,212,21.69811320754717,10.69182389937107,11.0062893081761,78.30188679245283,11.635220125786164,66.66666666666666
E00101002,211,64,34,30,147,19,128,30.33175355450237,16.113744075829384,14.218009478672986,69.66824644549763,9.004739336492891,60.66350710900474
E00101003,254,44,18,26,210,24,186,17.322834645669293,7.086614173228346,10.236220472440944,82.67716535433071,9.448818897637794,73.22834645669292
E00101004,261,58,24,34,203,19,184,22.22222222222222,9.195402298850574,13.026819923371647,77.77777777777779,7.2796934865900385,70.49808429118774
E00101005,551,95,31,64,456,49,407,17.24137931034483,5.626134301270418,11.61524500907441,82.75862068965517,8.892921960072595,73.86569872958258
E00101006,319,86,43,43,233,16,217,26.959247648902824,13.479623824451412,13.479623824451412,73.04075235109718,5.015673981191222,68.02507836990596
E00101007,350,53,19,34,297,31,266,15.142857142857144,5.428571428571429,9.714285714285714,84.85714285714285,8.857142857142856,76
E00101008,283,58,17,41,225,28,197,20.49469964664311,6.007067137809187,14.487632508833922,79.50530035335689,9.89399293286219,69.6113074204947
E00101009,291,63,24,39,228,33,195,21.649484536082475,8.24742268041237,13.402061855670103,78.35051546391753,11.34020618556701,67.0103092783505
E00101010,296,56,19,37,240,25,215,18.91891891891892,6.418918918918918,12.5,81.08108108108108,8.445945945945946,72.63513513513513
E00101011,230,74,29,45,156,14,142,32.17391304347826,12.608695652173912,19.565217391304348,67.82608695652173,6.086956521739131,61.73913043478261
E00101012,273,62,29,33,211,22,189,22.71062271062271,10.622710622710622,12.087912087912088,77.2893772893773,8.058608058608058,69.23076923076923
E00101013,262,65,24,41,197,15,182,24.80916030534351,9.16030534351145,15.648854961832063,75.19083969465649,5.7251908396946565,69.46564885496184
E00101014,199,56,23,33,143,12,131,28.14070351758794,11.557788944723619,16.582914572864322,71.85929648241206,6.030150753768844,65.82914572864321
E00101015,256,51,22,29,205,20,185,19.921875,8.59375,11.328125,80.078125,7.8125,72.265625
E00101016,272,49,10,39,223,34,189,18.014705882352942,3.6764705882352944,14.338235294117647,81.98529411764706,12.5,69.48529411764706
E00101017,330,100,30,70,230,31,199,30.303030303030305,9.090909090909092,21.21212121212121,69.6969696969697,9.393939393939393,60.303030303030305
E00101018,183,57,16,41,126,16,110,31.147540983606557,8.743169398907105,22.404371584699454,68.85245901639344,8.743169398907105,60.10928961748634
E00101019,252,54,18,36,198,29,169,21.428571428571427,7.142857142857142,14.285714285714285,78.57142857142857,11.507936507936508,67.06349206349206
E00101020,292,56,27,29,236,34,202,19.17808219178082,9.246575342465754,9.931506849315069,80.82191780821918,11.643835616438356,69.17808219178082
E00101021,317,73,17,56,244,25,219,23.02839116719243,5.3627760252365935,17.665615141955836,76.97160883280758,7.886435331230284,69.08517350157729
E00101022,318,64,24,40,254,29,225,20.125786163522015,7.547169811320755,12.578616352201259,79.87421383647799,9.119496855345911,70.75471698113208
E00101023,325,57,14,43,268,20,248,17.53846153846154,4.3076923076923075,13.230769230769232,82.46153846153847,6.153846153846154,76.3076923076923
E00101024,285,82,41,41,203,16,187,28.771929824561404,14.385964912280702,14.385964912280702,71.2280701754386,5.614035087719298,65.6140350877193
E00101025,179,53,20,33,126,18,108,29.608938547486037,11.1731843575419,18.435754189944134,70.39106145251397,10.05586592178771,60.33519553072626
E00101026,280,53,11,42,227,37,190,18.928571428571427,3.9285714285714284,15,81.07142857142857,13.214285714285715,67.85714285714286
E00101027,218,53,19,34,165,13,152,24.31192660550459,8.715596330275229,15.59633027522936,75.68807339449542,5.963302752293578,69.72477064220183
E00101028,276,91,47,44,185,23,162,32.971014492753625,17.02898550724638,15.942028985507244,67.02898550724638,8.333333333333332,58.69565217391305
E00101029,232,52,15,37,180,25,155,22.413793103448278,6.4655172413793105,15.948275862068966,77.58620689655173,10.775862068965516,66.8103448275862
E00101030,238,46,15,31,192,19,173,19.327731092436977,6.302521008403361,13.025210084033615,80.67226890756302,7.9831932773109235,72.68907563025209
E00101031,294,35,11,24,259,23,236,11.904761904761903,3.741496598639456,8.16326530612245,88.09523809523809,7.8231292517006805,80.27210884353741
E00101032,406,56,22,34,350,28,322,13.793103448275861,5.41871921182266,8.374384236453201,86.20689655172413,6.896551724137931,79.3103448275862
E00101033,339,64,24,40,275,19,256,18.87905604719764,7.079646017699115,11.799410029498524,81.12094395280236,5.604719764011799,75.51622418879056
E00101034,421,50,17,33,371,31,340,11.87648456057007,4.038004750593824,7.8384798099762465,88.12351543942994,7.363420427553444,80.76009501187649
E00101035,364,59,16,43,305,28,277,16.208791208791208,4.395604395604396,11.813186813186812,83.79120879120879,7.6923076923076925,76.0989010989011
E00101036,308,49,18,31,259,15,244,15.909090909090908,5.844155844155844,10.064935064935066,84.0909090909091,4.870129870129871,79.22077922077922
E00101037,315,44,9,35,271,24,247,13.968253968253968,2.857142857142857,11.11111111111111,86.03174603174604,7.6190476190476195,78.41269841269842
E00101038,244,55,16,39,189,8,181,22.540983606557376,6.557377049180328,15.983606557377051,77.45901639344262,3.278688524590164,74.18032786885246
E00101039,236,36,14,22,200,24,176,15.254237288135593,5.932203389830509,9.322033898305085,84.7457627118644,10.16949152542373,74.57627118644068
E00101040,348,69,35,34,279,29,250,19.82758620689655,10.057471264367816,9.770114942528735,80.17241379310344,8.333333333333332,71.83908045977012
E00101041,353,76,29,47,277,26,251,21.529745042492916,8.21529745042493,13.314447592067987,78.47025495750708,7.365439093484419,71.10481586402267
E00101042,333,56,14,42,277,26,251,16.816816816816818,4.2042042042042045,12.612612612612612,83.18318318318319,7.807807807807808,75.37537537537537
E00101043,365,56,20,36,309,24,285,15.342465753424658,5.47945205479452,9.863013698630137,84.65753424657534,6.575342465753424,78.08219178082192
E00101044,312,54,19,35,258,39,219,17.307692307692307,6.089743589743589,11.217948717948719,82.6923076923077,12.5,70.1923076923077
E00101045,354,56,14,42,298,31,267,15.819209039548024,3.954802259887006,11.864406779661017,84.18079096045197,8.757062146892656,75.42372881355932
E00101046,320,49,14,35,271,30,241,15.312500000000002,4.375,10.9375,84.6875,9.375,75.3125
E00101048,293,44,14,30,249,29,220,15.017064846416384,4.778156996587031,10.238907849829351,84.98293515358361,9.897610921501707,75.0853242320819
E00101050,438,53,20,33,385,48,337,12.100456621004566,4.5662100456621,7.534246575342466,87.89954337899543,10.95890410958904,76.9406392694064
E00101051,345,70,31,39,275,27,248,20.28985507246377,8.985507246376812,11.304347826086957,79.71014492753623,7.82608695652174,71.8840579710145
E00101052,338,58,15,43,280,27,253,17.159763313609467,4.437869822485207,12.721893491124261,82.84023668639054,7.988165680473373,74.85207100591717
E00101053,425,93,44,49,332,38,294,21.88235294117647,10.352941176470589,11.529411764705882,78.11764705882352,8.941176470588236,69.17647058823529
E00101054,332,54,14,40,278,25,253,16.265060240963855,4.216867469879518,12.048192771084338,83.73493975903614,7.530120481927711,76.20481927710844
E00101055,279,64,23,41,215,23,192,22.939068100358423,8.24372759856631,14.695340501792115,77.06093189964157,8.24372759856631,68.81720430107528
E00101056,298,43,8,35,255,25,230,14.429530201342283,2.684563758389262,11.74496644295302,85.57046979865773,8.389261744966444,77.18120805369128
E00101057,284,43,11,32,241,24,217,15.140845070422534,3.873239436619718,11.267605633802818,84.85915492957746,8.450704225352112,76.40845070422534
E00101058,505,83,34,49,422,37,385,16.435643564356436,6.732673267326733,9.702970297029703,83.56435643564356,7.326732673267326,76.23762376237624
E00101059,379,39,14,25,340,43,297,10.29023746701847,3.6939313984168867,6.596306068601583,89.70976253298153,11.345646437994723,78.3641160949868
E00101060,341,46,13,33,295,23,272,13.48973607038123,3.812316715542522,9.67741935483871,86.51026392961877,6.744868035190615,79.76539589442815
E00101061,407,40,11,29,367,36,331,9.828009828009828,2.7027027027027026,7.125307125307126,90.17199017199017,8.845208845208845,81.32678132678133
E00101062,401,71,15,56,330,38,292,17.70573566084788,3.7406483790523692,13.96508728179551,82.29426433915212,9.476309226932669,72.81795511221945
E00101063,204,24,10,14,180,14,166,11.76470588235294,4.901960784313726,6.862745098039216,88.23529411764706,6.862745098039216,81.37254901960785
E00101064,307,54,24,30,253,33,220,17.58957654723127,7.81758957654723,9.77198697068404,82.41042345276874,10.749185667752444,71.66123778501628
E00101065,224,60,26,34,164,19,145,26.785714285714285,11.607142857142858,15.178571428571427,73.21428571428571,8.482142857142858,64.73214285714286
E00101067,328,32,8,24,296,33,263,9.75609756097561,2.4390243902439024,7.317073170731707,90.2439024390244,10.060975609756099,80.1829268292683
E00101068,262,43,18,25,219,23,196,16.412213740458014,6.870229007633588,9.541984732824428,83.58778625954199,8.778625954198473,74.80916030534351
E00101069,313,55,18,37,258,32,226,17.57188498402556,5.7507987220447285,11.821086261980831,82.42811501597444,10.223642172523961,72.20447284345049
E00101070,248,50,14,36,198,25,173,20.161290322580644,5.64516129032258,14.516129032258066,79.83870967741935,10.080645161290322,69.75806451612904
E00101071,287,51,13,38,236,23,213,17.770034843205575,4.529616724738676,13.240418118466899,82.22996515679442,8.013937282229964,74.21602787456446
E00101072,311,41,17,24,270,26,244,13.183279742765272,5.466237942122187,7.717041800643088,86.81672025723472,8.360128617363344,78.45659163987139
E00101073,215,38,7,31,177,18,159,17.674418604651162,3.255813953488372,14.418604651162791,82.32558139534883,8.372093023255815,73.95348837209302
E00101074,238,31,5,26,207,15,192,13.025210084033615,2.100840336134454,10.92436974789916,86.97478991596638,6.302521008403361,80.67226890756302
E00101075,272,31,10,21,241,21,220,11.397058823529411,3.6764705882352944,7.720588235294118,88.60294117647058,7.720588235294118,80.88235294117648
E00165903,287,63,18,45,224,14,210,21.951219512195124,6.2717770034843205,15.6794425087108,78.04878048780488,4.878048780487805,73.17073170731707
E00165904,304,44,10,34,260,21,239,14.473684210526317,3.289473684210526,11.18421052631579,85.52631578947368,6.907894736842106,78.61842105263158
E00165905,149,19,7,12,130,7,123,12.751677852348994,4.697986577181208,8.053691275167784,87.24832214765101,4.697986577181208,82.5503355704698
E00165906,832,146,52,94,686,85,601,17.548076923076923,6.25,11.298076923076923,82.45192307692307,10.216346153846153,72.23557692307693
E00180142,571,89,25,64,482,51,431,15.586690017513135,4.378283712784588,11.208406304728546,84.41330998248687,8.93169877408056,75.4816112084063
E00180145,244,52,28,24,192,19,173,21.311475409836063,11.475409836065573,9.836065573770492,78.68852459016394,7.786885245901639,70.90163934426229
E00180148,317,15,0,15,302,31,271,4.73186119873817,0,4.73186119873817,95.26813880126183,9.779179810725552,85.48895899053628
E00180149,343,38,12,26,305,25,280,11.078717201166182,3.498542274052478,7.580174927113703,88.92128279883383,7.288629737609329,81.63265306122449
E00180150,366,41,8,33,325,31,294,11.202185792349727,2.185792349726776,9.01639344262295,88.79781420765028,8.469945355191257,80.32786885245902
E00180151,359,26,4,22,333,20,313,7.242339832869081,1.1142061281337048,6.128133704735376,92.75766016713092,5.571030640668524,87.1866295264624
E00180157,446,63,21,42,383,35,348,14.125560538116591,4.708520179372197,9.417040358744394,85.87443946188341,7.847533632286996,78.02690582959642
E00180162,408,66,15,51,342,29,313,16.176470588235293,3.6764705882352944,12.5,83.82352941176471,7.107843137254902,76.7156862745098
E00180164,178,24,7,17,154,13,141,13.48314606741573,3.932584269662921,9.550561797752808,86.51685393258427,7.303370786516854,79.21348314606742
E00180165,559,74,27,47,485,35,450,13.237924865831843,4.83005366726297,8.407871198568873,86.76207513416816,6.261180679785331,80.50089445438283
E00180169,162,25,5,20,137,13,124,15.432098765432098,3.0864197530864197,12.345679012345679,84.5679012345679,8.024691358024691,76.5432098765432
E00180171,287,30,10,20,257,16,241,10.452961672473867,3.484320557491289,6.968641114982578,89.54703832752612,5.574912891986063,83.97212543554006
E00180174,290,72,33,39,218,27,191,24.82758620689655,11.379310344827587,13.448275862068964,75.17241379310344,9.310344827586208,65.86206896551724
E00180177,518,59,22,37,459,24,435,11.389961389961389,4.247104247104247,7.142857142857142,88.61003861003861,4.633204633204633,83.97683397683397
E00180178,160,32,15,17,128,8,120,20,9.375,10.625,80,5,75
E00180179,132,19,4,15,113,20,93,14.393939393939394,3.0303030303030303,11.363636363636363,85.60606060606061,15.151515151515152,70.45454545454545
E00180190,189,27,6,21,162,16,146,14.285714285714285,3.1746031746031744,11.11111111111111,85.71428571428571,8.465608465608465,77.24867724867724
E00180191,443,64,15,49,379,30,349,14.446952595936793,3.3860045146726865,11.060948081264108,85.55304740406321,6.772009029345373,78.78103837471784
E00180195,247,49,20,29,198,15,183,19.838056680161944,8.097165991902834,11.740890688259109,80.16194331983806,6.0728744939271255,74.08906882591093
E00180196,379,77,31,46,302,22,280,20.316622691292878,8.179419525065963,12.137203166226913,79.68337730870712,5.804749340369393,73.87862796833772
E00180197,581,74,26,48,507,44,463,12.736660929432015,4.475043029259897,8.2616179001721175,87.263339070568,7.573149741824441,79.69018932874354
E00180203,271,37,13,24,234,29,205,13.653136531365314,4.797047970479705,8.856088560885608,86.34686346863468,10.70110701107011,75.64575645756457
E00180205,503,66,27,39,437,36,401,13.12127236580517,5.36779324055666,7.75347912524851,86.87872763419483,7.157057654075547,79.72166998011929
E00180207,113,18,7,11,95,12,83,15.929203539823009,6.1946902654867255,9.734513274336283,84.070796460177,10.619469026548673,73.45132743362832
E00180212,579,104,41,63,475,35,440,17.962003454231436,7.081174438687392,10.880829015544041,82.03799654576856,6.0449050086355784,75.99309153713298
E00180213,404,43,16,27,361,24,337,10.643564356435643,3.9603960396039604,6.683168316831684,89.35643564356435,5.9405940594059405,83.41584158415841
E00180224,208,49,18,31,159,21,138,23.557692307692307,8.653846153846153,14.903846153846153,76.4423076923077,10.096153846153847,66.34615384615384
E00180227,367,64,34,30,303,27,276,17.43869209809264,9.264305177111716,8.174386920980927,82.56130790190736,7.3569482288828345,75.20435967302453
E00180230,582,108,32,76,474,56,418,18.556701030927837,5.498281786941581,13.058419243986256,81.44329896907216,9.621993127147768,71.8213058419244
E00180235,280,94,42,52,186,36,150,33.57142857142857,15,18.571428571428573,66.42857142857143,12.857142857142856,53.57142857142857
E00180239,209,43,15,28,166,18,148,20.574162679425836,7.177033492822966,13.397129186602871,79.42583732057416,8.61244019138756,70.81339712918661
E00180240,315,40,9,31,275,19,256,12.698412698412698,2.857142857142857,9.841269841269842,87.3015873015873,6.031746031746032,81.26984126984127
E00180242,129,24,10,14,105,1,104,18.6046511627907,7.751937984496124,10.852713178294573,81.3953488372093,0.7751937984496124,80.62015503875969
E00180246,130,58,27,31,72,9,63,44.61538461538462,20.76923076923077,23.846153846153847,55.38461538461539,6.923076923076923,48.46153846153846
E00180248,551,55,18,37,496,40,456,9.98185117967332,3.2667876588021776,6.715063520871143,90.01814882032669,7.259528130671507,82.75862068965517
E00180250,118,32,10,22,86,8,78,27.11864406779661,8.47457627118644,18.64406779661017,72.88135593220339,6.779661016949152,66.10169491525424
E00180252,200,76,44,32,124,16,108,38,22,16,62,8,54
E00180253,188,38,9,29,150,12,138,20.212765957446805,4.787234042553192,15.425531914893616,79.7872340425532,6.382978723404255,73.40425531914893
E00180256,435,79,25,54,356,40,316,18.160919540229887,5.747126436781609,12.413793103448276,81.83908045977012,9.195402298850574,72.64367816091955
E00180259,380,73,22,51,307,29,278,19.210526315789473,5.7894736842105265,13.421052631578947,80.78947368421052,7.631578947368421,73.15789473684211
E00180260,187,19,4,15,168,7,161,10.16042780748663,2.13903743315508,8.0213903743315509,89.83957219251337,3.7433155080213902,86.09625668449198
E00180261,333,22,8,14,311,23,288,6.606606606606606,2.4024024024024024,4.2042042042042045,93.3933933933934,6.906906906906906,86.48648648648648
E00180262,335,24,8,16,311,18,293,7.164179104477612,2.3880597014925375,4.776119402985075,92.83582089552239,5.3731343283582085,87.46268656716418
E00180264,339,28,6,22,311,25,286,8.259587020648967,1.7699115044247788,6.489675516224189,91.74041297935102,7.374631268436578,84.36578171091446
E00180268,278,42,12,30,236,26,210,15.107913669064748,4.316546762589928,10.79136690647482,84.89208633093526,9.352517985611511,75.53956834532374
E00180274,184,59,23,36,125,16,109,32.065217391304344,12.5,19.565217391304348,67.93478260869566,8.695652173913043,59.2391304347826
E00180278,177,33,11,22,144,10,134,18.64406779661017,6.214689265536723,12.429378531073446,81.35593220338984,5.649717514124294,75.70621468926554
E00180279,621,63,13,50,558,50,508,10.144927536231885,2.0933977455716586,8.051529790660226,89.85507246376811,8.051529790660226,81.80354267310788
E00180289,413,49,18,31,364,29,335,11.864406779661017,4.358353510895883,7.506053268765134,88.13559322033898,7.021791767554479,81.1138014527845
E00180290,268,41,13,28,227,13,214,15.298507462686567,4.850746268656716,10.44776119402985,84.70149253731343,4.850746268656716,79.8507462686567
E00180292,355,73,37,36,282,26,256,20.56338028169014,10.422535211267606,10.140845070422536,79.43661971830987,7.323943661971831,72.11267605633803
