OA,ts0380001,ts0380002,ts0380003,ts0380004,ts0380005,ts0380006,ts0380007,ts0380002_PCT,ts0380003_PCT,ts0380004_PCT,ts0380005_PCT,ts0380006_PCT,ts0380007_PCT
E00088132,302,37,10,27,265,27,238,12.251655629139073,3.3112582781456954,8.940397350993377,87.74834437086093,8.940397350993377,78.80794701986756
E00088133,286,41,15,26,245,20,225,14.335664335664337,5.244755244755245,9.090909090909092,85.66433566433567,6.993006993006993,78.67132867132867
E00088134,297,28,11,17,269,22,247,9.427609427609427,3.7037037037037033,5.723905723905724,90.57239057239057,7.4074074074074066,83.16498316498317
E00088135,294,45,17,28,249,30,219,15.306122448979592,5.782312925170068,9.523809523809524,84.6938775510204,10.204081632653061,74.48979591836735
E00088136,313,52,24,28,261,23,238,16.61341853035144,7.667731629392971,8.945686900958465,83.38658146964856,7.348242811501597,76.03833865814697
E00088137,288,34,16,18,254,26,228,11.805555555555555,5.555555555555555,6.25,88.19444444444444,9.027777777777777,79.16666666666666
E00088138,304,59,20,39,245,33,212,19.407894736842106,6.578947368421052,12.828947368421053,80.5921052631579,10.855263157894738,69.73684210526315
E00088139,275,57,22,35,218,20,198,20.727272727272727,8,12.727272727272727,79.27272727272727,7.2727272727272725,72
E00088140,280,40,17,23,240,19,221,14.285714285714285,6.071428571428571,8.214285714285714,85.71428571428571,6.785714285714286,78.92857142857143
E00088141,293,56,16,40,237,23,214,19.112627986348123,5.460750853242321,13.651877133105803,80.88737201365188,7.849829351535837,73.03754266211604
E00088142,329,46,17,29,283,34,249,13.98176291793313,5.167173252279635,8.814589665653495,86.01823708206688,10.33434650455927,75.6838905775076
E00088143,342,40,13,27,302,34,268,11.695906432748536,3.8011695906432745,7.894736842105263,88.30409356725146,9.941520467836257,78.3625730994152
E00088144,301,40,13,27,261,15,246,13.2890365448505,4.318936877076411,8.970099667774086,86.71096345514951,4.983388704318937,81.72757475083057
E00088145,251,57,26,31,194,24,170,22.709163346613543,10.358565737051793,12.350597609561753,77.29083665338645,9.56175298804781,67.729083665338635
E00088146,318,41,12,29,277,24,253,12.89308176100629,3.7735849056603774,9.119496855345911,87.10691823899371,7.547169811320755,79.55974842767296
E00088147,312,60,22,38,252,17,235,19.230769230769234,7.051282051282051,12.179487179487179,80.76923076923077,5.448717948717949,75.32051282051282
E00088148,316,44,18,26,272,19,253,13.924050632911392,5.69620253164557,8.227848101265822,86.07594936708861,6.012658227848101,80.0632911392405
E00088149,308,42,16,26,266,28,238,13.636363636363635,5.194805194805195,8.441558441558442,86.36363636363636,9.090909090909092,77.27272727272727
E00088150,308,41,20,21,267,29,238,13.311688311688311,6.493506493506493,6.8181818181818175,86.68831168831169,9.415584415584416,77.27272727272727
E00088151,309,55,22,33,254,18,236,17.79935275080906,7.119741100323624,10.679611650485436,82.20064724919094,5.825242718446602,76.37540453074433
E00088152,309,44,17,27,265,27,238,14.239482200647249,5.501618122977346,8.737864077669903,85.76051779935275,8.737864077669903,77.02265372168284
E00088153,298,42,12,30,256,14,242,14.093959731543624,4.026845637583892,10.06711409395973,85.90604026845638,4.697986577181208,81.20805369127517
E00088154,283,54,16,38,229,22,207,19.081272084805654,5.6537102473498235,13.427561837455832,80.91872791519434,7.773851590106007,73.14487632508833
E00088155,261,104,57,47,157,14,143,39.84674329501915,21.839080459770116,18.007662835249043,60.15325670498084,5.363984674329502,54.78927203065134
E00088156,239,32,12,20,207,16,191,13.389121338912133,5.02092050209205,8.368200836820083,86.61087866108787,6.694560669456067,79.9163179916318
E00088157,230,52,22,30,178,18,160,22.608695652173914,9.565217391304348,13.043478260869565,77.39130434782608,7.82608695652174,69.56521739130434
E00088158,320,47,19,28,273,22,251,14.6875,5.9375,8.75,85.3125,6.875000000000001,78.4375
E00088159,197,41,21,20,156,21,135,20.812182741116754,10.65989847715736,10.152284263959391,79.18781725888326,10.65989847715736,68.52791878172589
E00088161,323,28,5,23,295,23,272,8.6687306501548,1.5479876160990713,7.120743034055728,91.3312693498452,7.120743034055728,84.21052631578947
E00088162,357,47,14,33,310,28,282,13.165266106442578,3.9215686274509802,9.243697478991598,86.83473389355743,7.8431372549019605,78.99159663865547
E00088163,373,42,13,29,331,29,302,11.26005361930295,3.485254691689008,7.774798927613941,88.73994638069705,7.774798927613941,80.9651474530831
E00088165,344,28,6,22,316,31,285,8.13953488372093,1.744186046511628,6.395348837209303,91.86046511627907,9.011627906976743,82.84883720930233
E00088168,283,42,16,26,241,26,215,14.840989399293287,5.6537102473498235,9.187279151943462,85.15901060070671,9.187279151943462,75.97173144876325
E00088169,334,39,12,27,295,23,272,11.676646706586826,3.592814371257485,8.08383233532934,88.32335329341318,6.88622754491018,81.437125748502993
E00088171,337,40,10,30,297,33,264,11.869436201780417,2.967359050445104,8.902077151335313,88.13056379821958,9.792284866468842,78.33827893175074
E00088172,325,38,10,28,287,31,256,11.692307692307692,3.076923076923077,8.615384615384615,88.3076923076923,9.538461538461538,78.76923076923077
E00088173,344,39,7,32,305,33,272,11.337209302325581,2.0348837209302326,9.30232558139535,88.66279069767442,9.593023255813954,79.06976744186046
E00088174,280,37,9,28,243,13,230,13.214285714285715,3.214285714285714,10,86.78571428571429,4.642857142857143,82.14285714285714
E00088175,342,41,6,35,301,38,263,11.988304093567251,1.7543859649122806,10.23391812865497,88.01169590643275,11.11111111111111,76.90058479532163
E00088176,262,50,21,29,212,17,195,19.083969465648856,8.015267175572518,11.068702290076336,80.91603053435115,6.488549618320611,74.42748091603053
E00088177,252,43,17,26,209,16,193,17.063492063492063,6.746031746031746,10.317460317460316,82.93650793650794,6.349206349206349,76.5873015873016
E00088178,279,32,17,15,247,20,227,11.469534050179211,6.093189964157706,5.376344086021505,88.5304659498208,7.168458781362006,81.36200716845879
E00088179,280,67,26,41,213,22,191,23.92857142857143,9.285714285714286,14.642857142857144,76.07142857142857,7.857142857142857,68.21428571428572
E00088181,308,44,16,28,264,27,237,14.285714285714285,5.194805194805195,9.090909090909092,85.71428571428571,8.766233766233766,76.94805194805194
E00088182,335,59,21,38,276,32,244,17.611940298507463,6.26865671641791,11.343283582089553,82.38805970149254,9.55223880597015,72.83582089552239
E00088183,545,78,21,57,467,51,416,14.311926605504588,3.853211009174312,10.458715596330276,85.68807339449542,9.357798165137615,76.3302752293578
E00088184,288,57,18,39,231,30,201,19.791666666666664,6.25,13.541666666666666,80.20833333333334,10.416666666666668,69.79166666666666
E00088185,258,44,9,35,214,28,186,17.05426356589147,3.488372093023256,13.565891472868216,82.94573643410853,10.852713178294573,72.09302325581395
E00088186,378,61,13,48,317,36,281,16.137566137566136,3.439153439153439,12.698412698412698,83.86243386243386,9.523809523809524,74.33862433862434
E00088187,328,55,19,36,273,19,254,16.76829268292683,5.7926829268292686,10.975609756097562,83.23170731707317,5.7926829268292686,77.4390243902439
E00088188,374,46,12,34,328,38,290,12.299465240641712,3.2085561497326207,9.090909090909092,87.70053475935828,10.16042780748663,77.54010695187165
E00088189,196,65,28,37,131,9,122,33.16326530612245,14.285714285714285,18.877551020408163,66.83673469387756,4.591836734693878,62.244897959183675
E00088190,276,45,15,30,231,27,204,16.304347826086957,5.434782608695652,10.869565217391305,83.69565217391305,9.782608695652174,73.91304347826086
E00088191,231,28,10,18,203,29,174,12.121212121212121,4.329004329004329,7.792207792207792,87.87878787878788,12.554112554112553,75.32467532467533
E00088192,251,44,16,28,207,25,182,17.52988047808765,6.374501992031872,11.155378486055776,82.47011952191235,9.9601593625498,72.50996015936255
E00088193,329,57,27,30,272,23,249,17.325227963525837,8.206686930091186,9.118541033434651,82.67477203647417,6.990881458966565,75.6838905775076
E00088194,157,22,10,12,135,10,125,14.012738853503185,6.369426751592357,7.643312101910828,85.98726114649682,6.369426751592357,79.61783439490446
E00088195,385,86,56,30,299,29,270,22.337662337662337,14.545454545454545,7.792207792207792,77.66233766233766,7.532467532467532,70.12987012987013
E00088196,315,46,16,30,269,24,245,14.603174603174605,5.079365079365079,9.523809523809524,85.39682539682539,7.6190476190476195,77.77777777777779
E00088197,278,41,10,31,237,15,222,14.748201438848922,3.5971223021582732,11.151079136690647,85.25179856115108,5.39568345323741,79.85611510791367
E00088198,253,52,24,28,201,21,180,20.55335968379447,9.486166007905137,11.067193675889328,79.44664031620553,8.300395256916996,71.14624505928853
E00088199,353,41,17,24,312,10,302,11.614730878186968,4.815864022662889,6.79886685552408,88.38526912181302,2.8328611898017,85.55240793201133
E00088201,412,60,28,32,352,19,333,14.563106796116504,6.796116504854369,7.766990291262135,85.43689320388349,4.611650485436893,80.8252427184466
E00088202,321,39,15,24,282,32,250,12.149532710280374,4.672897196261682,7.476635514018691,87.85046728971963,9.968847352024921,77.88161993769471
E00088203,235,34,13,21,201,16,185,14.468085106382977,5.531914893617021,8.936170212765958,85.53191489361703,6.808510638297872,78.72340425531915
E00088204,327,50,14,36,277,25,252,15.29051987767584,4.281345565749235,11.009174311926607,84.70948012232415,7.64525993883792,77.06422018348624
E00088205,283,45,15,30,238,27,211,15.901060070671377,5.30035335689046,10.60070671378092,84.09893992932862,9.540636042402827,74.55830388692578
E00088206,286,29,11,18,257,22,235,10.13986013986014,3.8461538461538463,6.293706293706294,89.86013986013987,7.6923076923076925,82.16783216783216
E00088207,287,45,12,33,242,20,222,15.6794425087108,4.181184668989547,11.498257839721255,84.3205574912892,6.968641114982578,77.35191637630662
E00088208,359,35,14,21,324,34,290,9.749303621169917,3.8997214484679668,5.8495821727019495,90.25069637883009,9.47075208913649,80.77994428969359
E00088210,358,100,52,48,258,17,241,27.932960893854748,14.52513966480447,13.40782122905028,72.06703910614524,4.748603351955307,67.31843575418995
E00088211,268,55,27,28,213,11,202,20.522388059701495,10.074626865671641,10.44776119402985,79.47761194029852,4.104477611940299,75.3731343283582
E00088212,290,30,6,24,260,23,237,10.344827586206897,2.0689655172413794,8.275862068965518,89.65517241379311,7.931034482758621,81.72413793103448
E00088213,225,43,20,23,182,7,175,19.11111111111111,8.88888888888889,10.222222222222223,80.88888888888889,3.111111111111111,77.77777777777779
E00088214,343,35,6,29,308,23,285,10.204081632653061,1.749271137026239,8.454810495626822,89.79591836734694,6.705539358600583,83.09037900874635
E00088215,386,60,12,48,326,40,286,15.544041450777202,3.1088082901554404,12.435233160621761,84.4559585492228,10.362694300518134,74.09326424870466
E00088216,265,46,23,23,219,26,193,17.358490566037734,8.679245283018867,8.679245283018867,82.64150943396227,9.811320754716983,72.83018867924528
E00088217,269,32,12,20,237,23,214,11.895910780669144,4.4609665427509295,7.434944237918216,88.10408921933085,8.550185873605948,79.5539033457249
E00088218,387,35,13,22,352,17,335,9.043927648578812,3.359173126614987,5.684754521963824,90.95607235142118,4.3927648578811365,86.56330749354005
E00088219,253,30,11,19,223,20,203,11.857707509881422,4.3478260869565215,7.5098814229249005,88.14229249011858,7.905138339920949,80.23715415019763
E00088220,238,43,12,31,195,29,166,18.067226890756302,5.042016806722689,13.025210084033615,81.9327731092437,12.184873949579831,69.74789915966386
E00088221,273,69,43,26,204,22,182,25.274725274725274,15.75091575091575,9.523809523809524,74.72527472527473,8.058608058608058,66.66666666666666
E00088222,435,56,25,31,379,14,365,12.873563218390805,5.747126436781609,7.126436781609195,87.1264367816092,3.218390804597701,83.9080459770115
E00088223,147,38,20,18,109,3,106,25.850340136054424,13.60544217687075,12.244897959183673,74.14965986394559,2.0408163265306123,72.10884353741497
E00088225,392,67,37,30,325,18,307,17.091836734693878,9.438775510204081,7.653061224489796,82.90816326530613,4.591836734693878,78.31632653061224
E00088226,418,55,27,28,363,18,345,13.157894736842104,6.4593301435406705,6.698564593301436,86.8421052631579,4.30622009569378,82.53588516746412
E00088227,390,29,12,17,361,23,338,7.435897435897436,3.076923076923077,4.358974358974359,92.56410256410257,5.897435897435897,86.66666666666667
E00088228,323,51,17,34,272,21,251,15.789473684210526,5.263157894736842,10.526315789473683,84.21052631578947,6.5015479876160995,77.70897832817337
E00088229,399,49,19,30,350,16,334,12.280701754385964,4.761904761904762,7.518796992481203,87.71929824561403,4.010025062656641,83.70927318295739
E00088230,411,47,21,26,364,26,338,11.435523114355231,5.109489051094891,6.326034063260341,88.56447688564477,6.326034063260341,82.23844282238443
E00088231,353,73,32,41,280,19,261,20.679886685552407,9.06515580736544,11.614730878186968,79.3201133144476,5.382436260623229,73.93767705382436
E00088232,347,67,29,38,280,22,258,19.30835734870317,8.357348703170029,10.951008645533141,80.69164265129683,6.340057636887608,74.35158501440922
E00088233,363,57,23,34,306,15,291,15.702479338842975,6.336088154269973,9.366391184573002,84.29752066115702,4.132231404958678,80.16528925619835
E00088234,266,87,54,33,179,14,165,32.70676691729324,20.30075187969925,12.406015037593985,67.29323308270678,5.263157894736842,62.03007518796993
E00088235,376,79,32,47,297,18,279,21.01063829787234,8.51063829787234,12.5,78.98936170212765,4.787234042553192,74.20212765957447
E00088236,281,59,27,32,222,7,215,20.99644128113879,9.608540925266903,11.387900355871885,79.00355871886121,2.491103202846975,76.51245551601423
E00088237,419,78,36,42,341,22,319,18.615751789976134,8.591885441527445,10.023866348448687,81.38424821002387,5.250596658711217,76.13365155131265
E00088240,524,65,27,38,459,17,442,12.404580152671755,5.152671755725191,7.251908396946565,87.59541984732824,3.2442748091603053,84.35114503816794
E00088242,324,40,20,20,284,11,273,12.345679012345679,6.172839506172839,6.172839506172839,87.65432098765432,3.3950617283950617,84.25925925925925
E00088244,407,68,29,39,339,14,325,16.707616707616708,7.125307125307126,9.582309582309582,83.29238329238329,3.43980343980344,79.85257985257985
E00088245,216,47,36,11,169,7,162,21.75925925925926,16.666666666666664,5.092592592592593,78.24074074074075,3.2407407407407405,75
E00088246,317,49,23,26,268,11,257,15.457413249211358,7.255520504731862,8.201892744479496,84.54258675078864,3.4700315457413247,81.07255520504731
E00088247,375,47,22,25,328,16,312,12.533333333333333,5.866666666666666,6.666666666666667,87.46666666666667,4.266666666666667,83.2
E00088248,405,74,41,33,331,21,310,18.271604938271604,10.123456790123457,8.148148148148149,81.72839506172839,5.185185185185185,76.5432098765432
E00088249,509,78,38,40,431,19,412,15.324165029469548,7.465618860510806,7.858546168958743,84.67583497053045,3.732809430255403,80.94302554027504
E00088250,239,39,13,26,200,19,181,16.317991631799163,5.439330543933055,10.87866108786611,83.68200836820083,7.949790794979079,75.73221757322176
E00088252,265,43,13,30,222,13,209,16.22641509433962,4.905660377358491,11.320754716981133,83.77358490566039,4.905660377358491,78.8679245283019
E00088253,261,55,23,32,206,26,180,21.0727969348659,8.812260536398467,12.260536398467432,78.9272030651341,9.961685823754788,68.96551724137932
E00088254,254,37,16,21,217,22,195,14.566929133858267,6.299212598425196,8.267716535433072,85.43307086614173,8.661417322834646,76.77165354330708
E00088255,305,41,12,29,264,26,238,13.442622950819672,3.934426229508197,9.508196721311474,86.55737704918033,8.524590163934425,78.0327868852459
E00088256,300,49,20,29,251,26,225,16.333333333333332,6.666666666666667,9.666666666666666,83.66666666666667,8.666666666666668,75
E00088257,243,51,24,27,192,21,171,20.98765432098765,9.876543209876543,11.11111111111111,79.01234567901234,8.641975308641975,70.37037037037037
E00088258,337,67,29,38,270,25,245,19.881305637982198,8.605341246290802,11.275964391691394,80.1186943620178,7.418397626112759,72.70029673590504
E00088259,297,44,21,23,253,13,240,14.814814814814813,7.07070707070707,7.744107744107744,85.18518518518519,4.377104377104377,80.8080808080808
E00088260,269,67,24,43,202,22,180,24.907063197026023,8.921933085501859,15.985130111524162,75.09293680297398,8.178438661710038,66.91449814126395
E00088261,262,36,10,26,226,25,201,13.740458015267176,3.816793893129771,9.923664122137405,86.25954198473282,9.541984732824428,76.7175572519084
E00088262,411,52,21,31,359,31,328,12.652068126520682,5.109489051094891,7.542579075425791,87.34793187347933,7.542579075425791,79.80535279805353
E00088263,274,36,13,23,238,31,207,13.138686131386862,4.744525547445255,8.394160583941606,86.86131386861314,11.313868613138686,75.54744525547446
E00088264,373,54,16,38,319,27,292,14.47721179624665,4.289544235924933,10.187667560321715,85.52278820375335,7.238605898123325,78.28418230563003
E00088265,398,82,46,36,316,31,285,20.603015075376884,11.557788944723619,9.045226130653267,79.39698492462311,7.788944723618091,71.60804020100502
E00088266,376,53,20,33,323,15,308,14.095744680851062,5.319148936170213,8.77659574468085,85.90425531914893,3.9893617021276597,81.91489361702128
E00088267,359,70,27,43,289,35,254,19.498607242339833,7.520891364902507,11.977715877437326,80.50139275766016,9.749303621169917,70.75208913649024
E00088268,307,103,72,31,204,18,186,33.55048859934853,23.452768729641694,10.097719869706841,66.44951140065146,5.863192182410423,60.586319218241044
E00088269,258,39,14,25,219,19,200,15.11627906976744,5.426356589147287,9.689922480620156,84.88372093023256,7.3643410852713185,77.51937984496125
E00088270,368,118,84,34,250,18,232,32.065217391304344,22.82608695652174,9.239130434782608,67.93478260869566,4.891304347826087,63.04347826086957
E00088271,322,49,13,36,273,24,249,15.217391304347828,4.037267080745342,11.180124223602485,84.78260869565217,7.453416149068323,77.32919254658384
E00088272,290,82,36,46,208,21,187,28.27586206896552,12.413793103448276,15.862068965517242,71.72413793103448,7.241379310344828,64.48275862068965
E00088273,258,42,11,31,216,25,191,16.27906976744186,4.263565891472868,12.015503875968992,83.72093023255815,9.689922480620156,74.03100775193798
E00088274,223,60,20,40,163,22,141,26.905829596412556,8.968609865470851,17.937219730941703,73.09417040358744,9.865470852017937,63.22869955156951
E00088275,234,47,23,24,187,18,169,20.085470085470085,9.82905982905983,10.256410256410255,79.91452991452992,7.6923076923076925,72.22222222222221
E00088276,268,33,16,17,235,20,215,12.313432835820896,5.970149253731343,6.343283582089552,87.68656716417911,7.462686567164178,80.22388059701493
E00088277,293,43,14,29,250,14,236,14.675767918088736,4.778156996587031,9.897610921501707,85.32423208191126,4.778156996587031,80.54607508532423
E00088278,195,47,18,29,148,19,129,24.102564102564102,9.230769230769232,14.871794871794872,75.8974358974359,9.7435897435897445,66.15384615384615
E00088279,248,23,4,19,225,15,210,9.274193548387096,1.6129032258064515,7.661290322580645,90.7258064516129,6.048387096774194,84.67741935483872
E00088280,242,48,17,31,194,15,179,19.834710743801654,7.024793388429752,12.8099173553719,80.16528925619835,6.198347107438017,73.96694214876032
E00088281,385,160,102,58,225,20,205,41.55844155844156,26.49350649350649,15.064935064935064,58.44155844155844,5.194805194805195,53.246753246753244
E00088282,411,45,13,32,366,44,322,10.948905109489052,3.1630170316301705,7.785888077858881,89.05109489051095,10.70559610705596,78.34549878345499
E00088283,489,68,27,41,421,37,384,13.905930470347649,5.521472392638037,8.384458077709612,86.09406952965234,7.566462167689162,78.52760736196319
E00088285,451,47,16,31,404,50,354,10.42128603104213,3.5476718403547673,6.873614190687362,89.57871396895787,11.086474501108649,78.49223946784922
E00088286,330,47,18,29,283,33,250,14.242424242424242,5.454545454545454,8.787878787878787,85.75757575757575,10,75.75757575757575
E00088288,301,49,19,30,252,15,237,16.27906976744186,6.312292358803987,9.966777408637874,83.72093023255815,4.983388704318937,78.7375415282392
E00088289,405,72,32,40,333,34,299,17.77777777777778,7.901234567901234,9.876543209876543,82.22222222222221,8.395061728395062,73.82716049382717
E00088290,235,44,18,26,191,8,183,18.72340425531915,7.659574468085106,11.063829787234042,81.27659574468085,3.404255319148936,77.87234042553192
E00088291,563,88,25,63,475,39,436,15.630550621669629,4.440497335701599,11.190053285968029,84.36944937833037,6.927175843694494,77.44227353463587
E00088293,361,70,26,44,291,17,274,19.390581717451525,7.202216066481995,12.18836565096953,80.60941828254848,4.7091412742382275,75.90027700831024
E00088294,331,77,26,51,254,15,239,23.26283987915408,7.854984894259818,15.407854984894259,76.73716012084593,4.531722054380665,72.20543806646525
E00088295,328,54,23,31,274,19,255,16.463414634146343,7.01219512195122,9.451219512195122,83.53658536585365,5.7926829268292686,77.7439024390244
E00088296,305,52,23,29,253,16,237,17.04918032786885,7.540983606557377,9.508196721311474,82.95081967213115,5.245901639344262,77.70491803278688
E00088297,229,48,14,34,181,15,166,20.96069868995633,6.11353711790393,14.847161572052403,79.03930131004367,6.550218340611353,72.48908296943232
E00088298,376,82,39,43,294,19,275,21.808510638297875,10.372340425531915,11.436170212765957,78.19148936170212,5.053191489361701,73.13829787234043
E00088299,247,50,23,27,197,23,174,20.242914979757085,9.31174089068826,10.931174089068826,79.75708502024291,9.31174089068826,70.44534412955466
E00088300,262,56,22,34,206,16,190,21.374045801526716,8.396946564885496,12.977099236641221,78.62595419847328,6.106870229007633,72.51908396946564
E00088301,352,63,31,32,289,16,273,17.897727272727273,8.806818181818182,9.090909090909092,82.10227272727273,4.545454545454546,77.55681818181817
E00088302,280,47,17,30,233,21,212,16.785714285714285,6.071428571428571,10.714285714285714,83.21428571428572,7.5,75.71428571428571
E00088303,335,58,24,34,277,25,252,17.313432835820898,7.164179104477612,10.149253731343283,82.68656716417911,7.462686567164178,75.22388059701493
E00088304,321,55,17,38,266,20,246,17.133956386292834,5.29595015576324,11.838006230529595,82.86604361370716,6.230529595015576,76.63551401869158
E00088305,337,81,25,56,256,18,238,24.03560830860534,7.418397626112759,16.61721068249258,75.96439169139467,5.341246290801187,70.62314540059347
E00088306,289,59,30,29,230,14,216,20.415224913494807,10.380622837370241,10.034602076124568,79.58477508650519,4.844290657439446,74.74048442906575
E00088307,161,55,24,31,106,12,94,34.161490683229815,14.906832298136646,19.25465838509317,65.83850931677019,7.453416149068323,58.38509316770186
E00088308,296,68,32,36,228,17,211,22.972972972972975,10.81081081081081,12.162162162162163,77.02702702702703,5.743243243243244,71.28378378378379
E00088309,337,60,31,29,277,24,253,17.804154302670625,9.198813056379821,8.605341246290802,82.19584569732937,7.121661721068249,75.07418397626114
E00088310,319,43,18,25,276,19,257,13.479623824451412,5.6426332288401255,7.836990595611286,86.52037617554859,5.956112852664576,80.56426332288402
E00088311,335,41,17,24,294,17,277,12.238805970149254,5.074626865671641,7.164179104477612,87.76119402985074,5.074626865671641,82.68656716417911
E00088312,280,75,35,40,205,17,188,26.785714285714285,12.5,14.285714285714285,73.21428571428571,6.071428571428571,67.14285714285714
E00088313,326,50,16,34,276,23,253,15.337423312883436,4.9079754601226995,10.429447852760736,84.66257668711657,7.05521472392638,77.60736196319019
E00088314,294,44,17,27,250,20,230,14.965986394557824,5.782312925170068,9.183673469387756,85.03401360544217,6.802721088435375,78.2312925170068
E00088315,320,48,16,32,272,33,239,15,5,10,85,10.3125,74.6875
E00088316,348,56,19,37,292,26,266,16.091954022988507,5.459770114942529,10.632183908045976,83.9080459770115,7.471264367816093,76.4367816091954
E00088317,302,63,35,28,239,7,232,20.86092715231788,11.589403973509933,9.271523178807946,79.13907284768213,2.3178807947019866,76.82119205298014
E00088318,304,59,25,34,245,20,225,19.407894736842106,8.223684210526317,11.18421052631579,80.5921052631579,6.578947368421052,74.01315789473685
E00088319,289,40,16,24,249,18,231,13.84083044982699,5.536332179930796,8.304498269896193,86.159169550173,6.228373702422145,79.93079584775087
E00088320,303,51,27,24,252,16,236,16.831683168316832,8.91089108910891,7.920792079207921,83.16831683168317,5.2805280528052805,77.88778877887789
E00088321,318,42,16,26,276,33,243,13.20754716981132,5.031446540880504,8.176100628930817,86.79245283018868,10.377358490566039,76.41509433962264
E00088322,338,81,35,46,257,22,235,23.964497041420117,10.355029585798817,13.609467455621301,76.03550295857988,6.508875739644971,69.5266272189349
E00088324,311,32,10,22,279,21,258,10.289389067524116,3.215434083601286,7.07395498392283,89.71061093247589,6.752411575562702,82.95819935691318
E00088325,235,57,26,31,178,20,158,24.25531914893617,11.063829787234042,13.191489361702127,75.74468085106383,8.51063829787234,67.23404255319149
E00088326,240,22,9,13,218,23,195,9.166666666666666,3.75,5.416666666666667,90.83333333333333,9.583333333333334,81.25
E00088327,514,67,25,42,447,35,412,13.03501945525292,4.863813229571985,8.171206225680933,86.96498054474708,6.809338521400778,80.1556420233463
E00088328,322,50,18,32,272,39,233,15.527950310559005,5.590062111801243,9.937888198757763,84.472049689441,12.111801242236025,72.36024844720497
E00088329,429,70,18,52,359,43,316,16.317016317016318,4.195804195804196,12.121212121212121,83.68298368298368,10.023310023310025,73.65967365967366
E00088330,341,43,16,27,298,33,265,12.609970674486803,4.69208211143695,7.9178885630498534,87.3900293255132,9.67741935483871,77.71260997067448
E00088331,336,53,21,32,283,27,256,15.773809523809524,6.25,9.523809523809524,84.22619047619048,8.035714285714286,76.19047619047619
E00088332,303,50,19,31,253,24,229,16.5016501650165,6.270627062706271,10.231023102310232,83.4983498349835,7.920792079207921,75.57755775577559
E00088333,257,46,19,27,211,16,195,17.898832684824903,7.392996108949417,10.505836575875486,82.10116731517509,6.22568093385214,75.87548638132296
E00088334,231,39,8,31,192,18,174,16.883116883116884,3.463203463203463,13.41991341991342,83.11688311688312,7.792207792207792,75.32467532467533
E00088336,269,50,29,21,219,24,195,18.587360594795538,10.780669144981413,7.806691449814126,81.41263940520446,8.921933085501859,72.4907063197026
E00088337,342,54,24,30,288,33,255,15.789473684210526,7.017543859649122,8.771929824561402,84.21052631578947,9.649122807017543,74.56140350877193
E00088338,345,42,22,20,303,26,277,12.173913043478262,6.3768115942028984,5.797101449275362,87.82608695652175,7.536231884057972,80.28985507246377
E00088340,408,67,24,43,341,41,300,16.42156862745098,5.88235294117647,10.53921568627451,83.57843137254902,10.049019607843137,73.52941176470588
E00088341,394,69,29,40,325,25,300,17.512690355329948,7.3604060913705585,10.152284263959391,82.48730964467005,6.345177664974619,76.14213197969542
E00088342,268,69,31,38,199,22,177,25.74626865671642,11.567164179104477,14.17910447761194,74.25373134328358,8.208955223880597,66.04477611940298
E00088343,286,48,18,30,238,26,212,16.783216783216783,6.293706293706294,10.48951048951049,83.21678321678321,9.090909090909092,74.12587412587412
E00088344,241,43,8,35,198,19,179,17.842323651452283,3.319502074688797,14.522821576763487,82.15767634854771,7.883817427385892,74.27385892116183
E00088345,135,56,24,32,79,14,65,41.48148148148148,17.77777777777778,23.703703703703706,58.51851851851851,10.37037037037037,48.148148148148145
E00088346,252,58,33,25,194,14,180,23.015873015873016,13.095238095238097,9.920634920634921,76.98412698412699,5.555555555555555,71.42857142857143
E00088347,263,63,41,22,200,26,174,23.954372623574145,15.5893536121673,8.365019011406844,76.04562737642586,9.885931558935361,66.15969581749049
E00088348,252,58,23,35,194,16,178,23.015873015873016,9.126984126984127,13.88888888888889,76.98412698412699,6.349206349206349,70.63492063492063
E00088350,291,47,18,29,244,13,231,16.151202749140893,6.185567010309279,9.965635738831615,83.8487972508591,4.4673539518900345,79.38144329896907
E00088352,158,19,4,15,139,11,128,12.025316455696203,2.5316455696202533,9.49367088607595,87.9746835443038,6.962025316455696,81.0126582278481
E00088353,328,67,41,26,261,19,242,20.426829268292682,12.5,7.926829268292683,79.57317073170732,5.7926829268292686,73.78048780487805
E00088354,298,41,18,23,257,32,225,13.758389261744966,6.0402684563758395,7.718120805369128,86.24161073825503,10.738255033557047,75.50335570469798
E00088355,371,137,101,36,234,14,220,36.92722371967655,27.22371967654987,9.703504043126685,63.07277628032345,3.7735849056603774,59.299191374663074
E00088356,257,50,21,29,207,16,191,19.45525291828794,8.171206225680933,11.284046692607005,80.54474708171206,6.22568093385214,74.31906614785993
E00088357,265,95,75,20,170,11,159,35.84905660377358,28.30188679245283,7.547169811320755,64.15094339622641,4.150943396226415,60
E00088358,265,43,11,32,222,23,199,16.22641509433962,4.150943396226415,12.075471698113208,83.77358490566039,8.679245283018867,75.09433962264151
E00088359,282,41,15,26,241,24,217,14.539007092198581,5.319148936170213,9.219858156028367,85.46099290780141,8.51063829787234,76.95035460992908
E00088360,338,55,13,42,283,30,253,16.272189349112427,3.8461538461538463,12.42603550295858,83.72781065088756,8.875739644970414,74.85207100591717
E00088361,258,37,14,23,221,21,200,14.34108527131783,5.426356589147287,8.914728682170542,85.65891472868216,8.13953488372093,77.51937984496125
E00088362,306,39,9,30,267,28,239,12.745098039215685,2.941176470588235,9.803921568627452,87.25490196078431,9.15032679738562,78.10457516339869
E00088363,304,37,8,29,267,26,241,12.171052631578947,2.631578947368421,9.539473684210527,87.82894736842105,8.552631578947368,79.27631578947368
E00088364,273,39,18,21,234,21,213,14.285714285714285,6.593406593406594,7.6923076923076925,85.71428571428571,7.6923076923076925,78.02197802197803
E00088365,269,35,10,25,234,15,219,13.011152416356877,3.717472118959108,9.293680297397769,86.98884758364312,5.5762081784386615,81.41263940520446
E00088366,180,41,26,15,139,10,129,22.77777777777778,14.444444444444443,8.333333333333332,77.22222222222223,5.555555555555555,71.66666666666667
E00088367,175,45,23,22,130,14,116,25.71428571428571,13.142857142857142,12.571428571428573,74.28571428571429,8,66.28571428571428
E00088368,245,40,14,26,205,22,183,16.3265306122449,5.714285714285714,10.612244897959183,83.6734693877551,8.979591836734693,74.6938775510204
E00088369,300,24,2,22,276,23,253,8,0.6666666666666667,7.333333333333333,92,7.666666666666666,84.33333333333334
E00088370,155,65,27,38,90,13,77,41.935483870967744,17.419354838709676,24.516129032258064,58.06451612903226,8.38709677419355,49.67741935483871
E00088371,323,36,16,20,287,23,264,11.145510835913312,4.953560371517028,6.191950464396285,88.85448916408669,7.120743034055728,81.73374613003097
E00088372,161,56,31,25,105,10,95,34.78260869565217,19.25465838509317,15.527950310559005,65.21739130434783,6.211180124223603,59.006211180124225
E00088373,333,62,19,43,271,27,244,18.61861861861862,5.7057057057057055,12.912912912912914,81.38138138138137,8.108108108108109,73.27327327327328
E00088374,538,89,31,58,449,43,406,16.54275092936803,5.762081784386617,10.780669144981413,83.45724907063197,7.992565055762081,75.46468401486989
E00088375,406,49,12,37,357,40,317,12.068965517241379,2.955665024630542,9.113300492610838,87.93103448275862,9.852216748768473,78.07881773399015
E00088376,391,70,14,56,321,40,281,17.902813299232736,3.580562659846547,14.322250639386189,82.09718670076727,10.230179028132993,71.86700767263427
E00088377,285,40,12,28,245,35,210,14.035087719298245,4.2105263157894735,9.824561403508772,85.96491228070175,12.280701754385964,73.68421052631578
E00088378,384,54,18,36,330,32,298,14.0625,4.6875,9.375,85.9375,8.333333333333332,77.60416666666666
E00088379,322,58,26,32,264,22,242,18.012422360248447,8.074534161490684,9.937888198757763,81.98757763975155,6.832298136645963,75.15527950310559
E00088380,322,62,20,42,260,26,234,19.25465838509317,6.211180124223603,13.043478260869565,80.74534161490683,8.074534161490684,72.67080745341616
E00088381,356,68,26,42,288,18,270,19.101123595505616,7.303370786516854,11.797752808988763,80.89887640449437,5.056179775280898,75.84269662921348
E00088382,372,50,19,31,322,28,294,13.440860215053762,5.10752688172043,8.333333333333332,86.55913978494624,7.526881720430108,79.03225806451613
E00088383,321,48,17,31,273,16,257,14.953271028037381,5.29595015576324,9.657320872274143,85.04672897196261,4.984423676012461,80.06230529595015
E00088384,301,47,15,32,254,12,242,15.614617940199334,4.983388704318937,10.631229235880399,84.38538205980066,3.9867109634551494,80.39867109634552
E00088385,371,59,25,34,312,27,285,15.902964959568733,6.738544474393531,9.164420485175203,84.09703504043127,7.277628032345014,76.81940700808624
E00088386,315,41,18,23,274,22,252,13.015873015873018,5.714285714285714,7.301587301587302,86.98412698412699,6.984126984126984,80
E00088387,377,50,17,33,327,25,302,13.262599469496022,4.509283819628647,8.753315649867375,86.73740053050398,6.631299734748011,80.10610079575596
E00088388,343,58,20,38,285,31,254,16.909620991253643,5.830903790087463,11.078717201166182,83.09037900874635,9.037900874635568,74.05247813411079
E00088389,324,41,16,25,283,25,258,12.654320987654321,4.938271604938271,7.716049382716049,87.34567901234568,7.716049382716049,79.62962962962963
E00088390,359,64,31,33,295,25,270,17.827298050139277,8.635097493036211,9.192200557103064,82.17270194986072,6.963788300835655,75.20891364902506
E00088391,282,71,35,36,211,18,193,25.177304964539005,12.411347517730496,12.76595744680851,74.822695035461,6.382978723404255,68.43971631205675
E00088392,301,38,19,19,263,12,251,12.624584717607974,6.312292358803987,6.312292358803987,87.37541528239203,3.9867109634551494,83.38870431893687
E00088393,263,34,13,21,229,9,220,12.927756653992395,4.942965779467681,7.984790874524715,87.07224334600761,3.4220532319391634,83.65019011406845
E00088394,419,53,24,29,366,24,342,12.649164677804295,5.727923627684964,6.921241050119331,87.3508353221957,5.727923627684964,81.62291169451073
E00088395,349,44,16,28,305,19,286,12.607449856733524,4.584527220630372,8.022922636103152,87.39255014326648,5.444126074498568,81.9484240687679
E00088396,233,45,23,22,188,14,174,19.313304721030043,9.871244635193133,9.44206008583691,80.68669527896995,6.008583690987124,74.67811158798283
E00088397,304,50,16,34,254,20,234,16.447368421052634,5.263157894736842,11.18421052631579,83.55263157894737,6.578947368421052,76.97368421052632
E00088398,298,46,20,26,252,14,238,15.436241610738255,6.7114093959731544,8.724832214765101,84.56375838926175,4.697986577181208,79.86577181208054
E00088399,337,63,22,41,274,33,241,18.694362017804153,6.528189910979229,12.166172106824925,81.30563798219585,9.792284866468842,71.51335311572701
E00088400,340,54,18,36,286,23,263,15.88235294117647,5.294117647058823,10.588235294117647,84.11764705882354,6.764705882352941,77.3529411764706
E00088401,455,74,32,42,381,24,357,16.263736263736263,7.032967032967033,9.230769230769232,83.73626373626374,5.274725274725275,78.46153846153847
E00088402,331,66,23,43,265,28,237,19.939577039274926,6.948640483383686,12.990936555891238,80.06042296072508,8.459214501510575,71.6012084592145
E00088403,373,82,35,47,291,12,279,21.983914209115284,9.383378016085791,12.600536193029491,78.01608579088472,3.2171581769436997,74.79892761394102
E00088404,281,42,19,23,239,24,215,14.94661921708185,6.761565836298933,8.185053380782918,85.05338078291815,8.540925266903916,76.51245551601423
E00088405,197,45,25,20,152,20,132,22.84263959390863,12.690355329949238,10.152284263959391,77.15736040609137,10.152284263959391,67.00507614213198
E00088406,306,42,19,23,264,12,252,13.725490196078432,6.209150326797386,7.516339869281046,86.27450980392157,3.9215686274509802,82.35294117647058
E00088407,434,102,50,52,332,32,300,23.502304147465438,11.52073732718894,11.981566820276496,76.49769585253456,7.373271889400922,69.12442396313364
E00088410,344,54,20,34,290,23,267,15.69767441860465,5.813953488372093,9.883720930232558,84.30232558139535,6.686046511627906,77.61627906976744
E00088411,442,58,25,33,384,23,361,13.122171945701359,5.656108597285068,7.46606334841629,86.87782805429865,5.203619909502263,81.67420814479638
E00088412,292,52,29,23,240,18,222,17.80821917808219,9.931506849315069,7.876712328767123,82.1917808219178,6.164383561643835,76.02739726027397
E00088413,333,53,29,24,280,26,254,15.915915915915916,8.708708708708707,7.207207207207207,84.08408408408408,7.807807807807808,76.27627627627628
E00088414,249,49,19,30,200,22,178,19.67871485943775,7.630522088353414,12.048192771084338,80.32128514056225,8.835341365461847,71.4859437751004
E00088415,229,58,22,36,171,11,160,25.327510917030565,9.606986899563319,15.72052401746725,74.67248908296943,4.8034934497816595,69.86899563318777
E00088416,312,55,20,35,257,25,232,17.628205128205128,6.41025641025641,11.217948717948719,82.37179487179486,8.012820512820513,74.35897435897436
E00088417,278,44,20,24,234,21,213,15.827338129496402,7.1942446043165464,8.633093525179856,84.17266187050359,7.553956834532374,76.61870503597122
E00088418,307,38,11,27,269,18,251,12.37785016286645,3.5830618892508146,8.794788273615636,87.62214983713355,5.863192182410423,81.75895765472313
E00088419,353,48,17,31,305,23,282,13.59773371104816,4.815864022662889,8.78186968838527,86.40226628895185,6.515580736543909,79.88668555240793
E00088420,398,79,26,53,319,15,304,19.849246231155778,6.532663316582915,13.316582914572864,80.15075376884423,3.7688442211055273,76.38190954773869
E00088421,305,41,14,27,264,19,245,13.442622950819672,4.590163934426229,8.852459016393443,86.55737704918033,6.229508196721312,80.32786885245902
E00088422,379,51,23,28,328,28,300,13.456464379947231,6.068601583113456,7.387862796833773,86.54353562005277,7.387862796833773,79.15567282321899
E00088423,362,49,21,28,313,35,278,13.535911602209943,5.801104972375691,7.734806629834254,86.46408839779005,9.668508287292818,76.79558011049724
E00088424,383,49,19,30,334,25,309,12.793733681462141,4.960835509138381,7.83289817232376,87.20626631853786,6.527415143603134,80.67885117493474
E00088426,281,69,34,35,212,16,196,24.555160142348754,12.099644128113878,12.455516014234876,75.44483985765125,5.6939501779359425,69.7508896797153
E00088427,374,63,25,38,311,9,302,16.844919786096256,6.684491978609626,10.16042780748663,83.15508021390374,2.406417112299465,80.74866310160428
E00088428,363,96,51,45,267,25,242,26.446280991735538,14.049586776859504,12.396694214876034,73.55371900826447,6.887052341597796,66.66666666666666
E00088429,293,59,29,30,234,20,214,20.13651877133106,9.897610921501707,10.238907849829351,79.86348122866895,6.825938566552901,73.03754266211604
E00088430,326,38,17,21,288,19,269,11.65644171779141,5.214723926380368,6.441717791411043,88.34355828220859,5.828220858895705,82.51533742331289
E00088431,375,44,19,25,331,31,300,11.733333333333333,5.066666666666666,6.666666666666667,88.26666666666667,8.266666666666666,80
E00088432,310,56,27,29,254,18,236,18.064516129032256,8.709677419354838,9.35483870967742,81.93548387096774,5.806451612903226,76.12903225806451
E00088433,323,39,15,24,284,23,261,12.074303405572756,4.643962848297214,7.430340557275541,87.92569659442725,7.120743034055728,80.80495356037152
E00088434,342,59,24,35,283,27,256,17.251461988304094,7.017543859649122,10.23391812865497,82.7485380116959,7.894736842105263,74.85380116959064
E00088435,431,54,23,31,377,30,347,12.529002320185615,5.336426914153132,7.192575406032482,87.47099767981439,6.960556844547564,80.51044083526682
E00088436,293,51,24,27,242,20,222,17.4061433447099,8.19112627986348,9.215017064846416,82.5938566552901,6.825938566552901,75.76791808873719
E00088437,323,52,18,34,271,19,252,16.09907120743034,5.572755417956656,10.526315789473683,83.90092879256966,5.88235294117647,78.0185758513932
E00088438,308,35,10,25,273,15,258,11.363636363636363,3.2467532467532463,8.116883116883116,88.63636363636364,4.870129870129871,83.76623376623377
E00088439,330,52,21,31,278,19,259,15.757575757575756,6.363636363636363,9.393939393939393,84.24242424242424,5.757575757575758,78.48484848484848
E00088440,324,51,23,28,273,27,246,15.74074074074074,7.098765432098765,8.641975308641975,84.25925925925925,8.333333333333332,75.92592592592592
E00088441,376,76,31,45,300,28,272,20.212765957446805,8.24468085106383,11.96808510638298,79.7872340425532,7.446808510638298,72.3404255319149
E00088442,225,33,12,21,192,16,176,14.666666666666666,5.333333333333334,9.333333333333334,85.33333333333334,7.111111111111111,78.22222222222223
E00088443,332,59,25,34,273,19,254,17.771084337349397,7.530120481927711,10.240963855421686,82.2289156626506,5.72289156626506,76.50602409638554
E00088444,378,58,34,24,320,20,300,15.343915343915343,8.994708994708994,6.349206349206349,84.65608465608466,5.291005291005291,79.36507936507937
E00088445,387,72,32,40,315,16,299,18.6046511627907,8.2687338501292,10.335917312661499,81.3953488372093,4.1343669250646,77.2609819121447
E00088446,374,52,21,31,322,15,307,13.903743315508022,5.614973262032086,8.288770053475936,86.09625668449198,4.0106951871657754,82.0855614973262
E00088447,464,74,15,59,390,28,362,15.948275862068966,3.2327586206896552,12.71551724137931,84.05172413793103,6.0344827586206895,78.01724137931035
E00088448,366,80,34,46,286,20,266,21.85792349726776,9.289617486338798,12.568306010928962,78.14207650273224,5.46448087431694,72.6775956284153
E00088449,305,47,13,34,258,12,246,15.40983606557377,4.2622950819672125,11.147540983606557,84.59016393442623,3.934426229508197,80.65573770491802
E00088450,398,72,32,40,326,13,313,18.090452261306535,8.040201005025125,10.050251256281408,81.90954773869346,3.2663316582914574,78.64321608040201
E00088451,317,62,26,36,255,15,240,19.558359621451103,8.201892744479496,11.35646687697161,80.4416403785489,4.73186119873817,75.70977917981072
E00088452,316,66,30,36,250,20,230,20.88607594936709,9.49367088607595,11.39240506329114,79.11392405063292,6.329113924050633,72.78481012658227
E00088453,322,56,27,29,266,15,251,17.391304347826086,8.385093167701864,9.006211180124224,82.6086956521739,4.658385093167702,77.95031055900621
E00088454,366,41,18,23,325,25,300,11.202185792349727,4.918032786885246,6.284153005464481,88.79781420765028,6.830601092896176,81.9672131147541
E00088455,283,46,27,19,237,10,227,16.25441696113074,9.540636042402827,6.713780918727916,83.74558303886926,3.53356890459364,80.21201413427562
E00088456,336,53,21,32,283,18,265,15.773809523809524,6.25,9.523809523809524,84.22619047619048,5.357142857142857,78.86904761904762
E00088457,264,35,11,24,229,9,220,13.257575757575758,4.166666666666666,9.090909090909092,86.74242424242425,3.4090909090909087,83.33333333333334
E00088458,358,58,28,30,300,18,282,16.201117318435752,7.82122905027933,8.379888268156424,83.79888268156425,5.027932960893855,78.77094972067039
E00088459,280,58,28,30,222,17,205,20.714285714285715,10,10.714285714285714,79.28571428571428,6.071428571428571,73.21428571428571
E00088460,307,49,17,32,258,21,237,15.960912052117262,5.537459283387622,10.423452768729643,84.03908794788273,6.840390879478828,77.19869706840392
E00088461,358,38,9,29,320,19,301,10.614525139664805,2.5139664804469275,8.100558659217876,89.3854748603352,5.307262569832402,84.07821229050279
E00088462,351,57,20,37,294,20,274,16.23931623931624,5.698005698005698,10.541310541310542,83.76068376068376,5.698005698005698,78.06267806267806
E00088463,515,88,38,50,427,35,392,17.0873786407767,7.3786407766990285,9.70873786407767,82.91262135922331,6.796116504854369,76.11650485436893
E00088464,379,117,73,44,262,9,253,30.87071240105541,19.261213720316622,11.609498680738787,69.12928759894459,2.3746701846965697,66.75461741424802
E00088465,279,56,27,29,223,9,214,20.07168458781362,9.67741935483871,10.39426523297491,79.92831541218638,3.225806451612903,76.70250896057348
E00088466,264,46,15,31,218,19,199,17.424242424242426,5.681818181818182,11.742424242424242,82.57575757575758,7.196969696969697,75.37878787878788
E00088467,296,100,56,44,196,20,176,33.78378378378378,18.91891891891892,14.864864864864865,66.21621621621621,6.756756756756757,59.45945945945946
E00088468,366,52,18,34,314,18,296,14.207650273224044,4.918032786885246,9.289617486338798,85.79234972677595,4.918032786885246,80.87431693989072
E00088469,318,58,19,39,260,28,232,18.238993710691823,5.9748427672955975,12.264150943396226,81.76100628930818,8.80503144654088,72.95597484276729
E00088470,377,42,10,32,335,28,307,11.140583554376658,2.6525198938992043,8.488063660477453,88.85941644562334,7.427055702917771,81.43236074270557
E00088471,433,70,30,40,363,28,335,16.166281755196305,6.928406466512701,9.237875288683602,83.83371824480369,6.466512702078522,77.36720554272517
E00088472,295,37,9,28,258,22,236,12.54237288135593,3.050847457627119,9.491525423728813,87.45762711864407,7.457627118644068,80
E00088473,289,51,16,35,238,19,219,17.647058823529413,5.536332179930796,12.110726643598616,82.35294117647058,6.5743944636678195,75.77854671280276
E00088474,269,18,8,10,251,19,232,6.691449814126393,2.973977695167286,3.717472118959108,93.3085501858736,7.063197026022305,86.2453531598513
E00088475,350,43,11,32,307,24,283,12.285714285714286,3.1428571428571432,9.142857142857142,87.71428571428571,6.857142857142858,80.85714285714286
E00088476,291,65,26,39,226,20,206,22.336769759450174,8.934707903780069,13.402061855670103,77.66323024054984,6.872852233676976,70.79037800687286
E00088477,424,80,28,52,344,34,310,18.867924528301888,6.60377358490566,12.264150943396226,81.13207547169812,8.018867924528301,73.11320754716981
E00088478,313,65,34,31,248,24,224,20.766773162939298,10.86261980830671,9.904153354632587,79.2332268370607,7.667731629392971,71.56549520766772
E00088479,335,51,19,32,284,24,260,15.223880597014924,5.6716417910447765,9.55223880597015,84.77611940298507,7.164179104477612,77.61194029850746
E00088480,364,48,19,29,316,24,292,13.186813186813188,5.21978021978022,7.967032967032966,86.81318681318682,6.593406593406594,80.21978021978022
E00088481,306,32,12,20,274,32,242,10.457516339869281,3.9215686274509802,6.535947712418301,89.54248366013073,10.457516339869281,79.08496732026144
E00088482,288,37,11,26,251,17,234,12.847222222222221,3.8194444444444446,9.027777777777777,87.15277777777779,5.902777777777778,81.25
E00088483,308,50,9,41,258,21,237,16.233766233766232,2.922077922077922,13.311688311688311,83.76623376623377,6.8181818181818175,76.94805194805194
E00088484,313,58,26,32,255,30,225,18.53035143769968,8.30670926517572,10.223642172523961,81.46964856230032,9.584664536741213,71.8849840255591
E00088485,343,32,8,24,311,20,291,9.329446064139942,2.3323615160349855,6.997084548104956,90.67055393586006,5.830903790087463,84.8396501457726
E00088486,290,37,11,26,253,16,237,12.758620689655173,3.793103448275862,8.96551724137931,87.24137931034483,5.517241379310345,81.72413793103448
E00088487,281,53,16,37,228,24,204,18.86120996441281,5.6939501779359425,13.167259786476867,81.13879003558719,8.540925266903916,72.59786476868328
E00088488,274,43,18,25,231,25,206,15.693430656934307,6.569343065693431,9.124087591240876,84.30656934306569,9.124087591240876,75.18248175182481
E00088489,279,44,14,30,235,18,217,15.770609318996415,5.017921146953405,10.75268817204301,84.22939068100358,6.451612903225806,77.77777777777779
E00088490,278,58,18,40,220,26,194,20.863309352517987,6.474820143884892,14.388489208633093,79.13669064748201,9.352517985611511,69.7841726618705
E00088491,437,59,24,35,378,51,327,13.501144164759726,5.491990846681922,8.009153318077804,86.49885583524028,11.670480549199084,74.8283752860412
E00088492,318,29,6,23,289,29,260,9.119496855345911,1.8867924528301887,7.232704402515723,90.88050314465409,9.119496855345911,81.76100628930818
E00088493,346,38,13,25,308,31,277,10.982658959537572,3.7572254335260116,7.225433526011561,89.01734104046243,8.959537572254336,80.05780346820809
E00088494,341,41,14,27,300,23,277,12.023460410557185,4.105571847507331,7.9178885630498534,87.97653958944281,6.744868035190615,81.23167155425219
E00088495,346,47,15,32,299,21,278,13.583815028901732,4.335260115606936,9.248554913294797,86.41618497109826,6.069364161849711,80.34682080924856
E00088496,447,55,5,50,392,36,356,12.304250559284116,1.1185682326621924,11.185682326621924,87.69574944071589,8.053691275167784,79.64205816554811
E00088497,297,38,11,27,259,33,226,12.794612794612794,3.7037037037037033,9.090909090909092,87.20538720538721,11.11111111111111,76.0942760942761
E00088498,312,47,18,29,265,28,237,15.064102564102564,5.769230769230769,9.294871794871796,84.93589743589743,8.974358974358974,75.96153846153845
E00088499,323,45,18,27,278,24,254,13.93188854489164,5.572755417956656,8.359133126934983,86.06811145510835,7.430340557275541,78.63777089783281
E00088500,283,52,19,33,231,24,207,18.374558303886925,6.713780918727916,11.66077738515901,81.62544169611307,8.480565371024735,73.14487632508833
E00088501,272,48,20,28,224,25,199,17.647058823529413,7.352941176470589,10.294117647058822,82.35294117647058,9.191176470588236,73.16176470588235
E00088502,266,73,34,39,193,26,167,27.44360902255639,12.781954887218044,14.661654135338345,72.55639097744361,9.774436090225564,62.78195488721805
E00088503,272,31,9,22,241,28,213,11.397058823529411,3.308823529411765,8.088235294117647,88.60294117647058,10.294117647058822,78.30882352941177
E00088504,275,57,22,35,218,17,201,20.727272727272727,8,12.727272727272727,79.27272727272727,6.181818181818182,73.0909090909091
E00088505,343,37,8,29,306,34,272,10.787172011661808,2.3323615160349855,8.454810495626822,89.21282798833819,9.912536443148689,79.30029154518951
E00088506,294,74,39,35,220,32,188,25.170068027210885,13.26530612244898,11.904761904761903,74.82993197278913,10.884353741496598,63.94557823129252
E00088507,288,38,12,26,250,25,225,13.194444444444445,4.166666666666666,9.027777777777777,86.80555555555556,8.680555555555555,78.125
E00088508,315,34,18,16,281,20,261,10.793650793650794,5.714285714285714,5.079365079365079,89.20634920634922,6.349206349206349,82.85714285714286
E00088509,329,49,19,30,280,32,248,14.893617021276595,5.775075987841945,9.118541033434651,85.1063829787234,9.72644376899696,75.37993920972644
E00088510,299,57,26,31,242,24,218,19.063545150501675,8.695652173913043,10.367892976588628,80.93645484949833,8.02675585284281,72.90969899665552
E00088511,343,61,25,36,282,26,256,17.784256559766764,7.288629737609329,10.495626822157435,82.21574344023324,7.580174927113703,74.63556851311954
E00088512,317,58,25,33,259,33,226,18.29652996845426,7.886435331230284,10.410094637223976,81.70347003154575,10.410094637223976,71.29337539432177
E00088513,305,57,17,40,248,23,225,18.688524590163937,5.573770491803279,13.114754098360656,81.31147540983606,7.540983606557377,73.77049180327869
E00088514,336,49,16,33,287,24,263,14.583333333333334,4.761904761904762,9.821428571428571,85.41666666666666,7.142857142857142,78.27380952380952
E00088515,301,47,18,29,254,21,233,15.614617940199334,5.980066445182724,9.634551495016613,84.38538205980066,6.976744186046512,77.40863787375415
E00088516,284,40,16,24,244,25,219,14.084507042253522,5.633802816901409,8.450704225352112,85.91549295774648,8.80281690140845,77.11267605633803
E00088517,300,46,21,25,254,16,238,15.333333333333332,7.000000000000001,8.333333333333332,84.66666666666667,5.333333333333334,79.33333333333333
E00088518,270,47,22,25,223,23,200,17.40740740740741,8.148148148148149,9.25925925925926,82.5925925925926,8.518518518518519,74.07407407407408
E00088519,261,100,53,47,161,14,147,38.31417624521073,20.306513409961685,18.007662835249043,61.68582375478927,5.363984674329502,56.32183908045977
E00088520,302,45,16,29,257,13,244,14.90066225165563,5.298013245033113,9.602649006622517,85.09933774834437,4.304635761589404,80.79470198675497
E00088521,308,57,16,41,251,24,227,18.506493506493506,5.194805194805195,13.311688311688311,81.4935064935065,7.792207792207792,73.7012987012987
E00088522,291,49,8,41,242,26,216,16.83848797250859,2.7491408934707904,14.0893470790378,83.16151202749141,8.934707903780069,74.22680412371135
E00088523,270,39,11,28,231,17,214,14.444444444444443,4.074074074074074,10.37037037037037,85.55555555555556,6.296296296296296,79.25925925925927
E00088524,403,65,31,34,338,23,315,16.129032258064516,7.6923076923076925,8.436724565756824,83.87096774193549,5.707196029776675,78.16377171215882
E00088526,480,65,28,37,415,16,399,13.541666666666666,5.833333333333333,7.708333333333334,86.45833333333334,3.3333333333333335,83.125
E00088527,460,65,33,32,395,17,378,14.130434782608695,7.173913043478261,6.956521739130435,85.86956521739131,3.6956521739130435,82.17391304347827
E00088528,333,62,29,33,271,24,247,18.61861861861862,8.708708708708707,9.90990990990991,81.38138138138137,7.207207207207207,74.17417417417418
E00088529,509,63,33,30,446,7,439,12.37721021611002,6.4833005893909625,5.893909626719057,87.62278978388997,1.37524557956778,86.2475442043222
E00088531,383,83,49,34,300,10,290,21.671018276762403,12.793733681462141,8.87728459530026,78.3289817232376,2.610966057441253,75.71801566579634
E00088532,502,52,24,28,450,12,438,10.358565737051793,4.780876494023905,5.577689243027888,89.64143426294821,2.3904382470119523,87.25099601593625
E00088533,419,57,24,33,362,16,346,13.60381861575179,5.727923627684964,7.875894988066825,86.39618138424821,3.8186157517899764,82.57756563245823
E00088534,455,48,27,21,407,17,390,10.54945054945055,5.934065934065933,4.615384615384616,89.45054945054946,3.7362637362637363,85.71428571428571
E00088535,381,57,33,24,324,22,302,14.960629921259844,8.661417322834646,6.299212598425196,85.03937007874016,5.774278215223097,79.26509186351706
E00088536,504,72,30,42,432,16,416,14.285714285714285,5.952380952380952,8.333333333333332,85.71428571428571,3.1746031746031744,82.53968253968253
E00088537,433,55,21,34,378,20,358,12.702078521939955,4.849884526558892,7.852193995381063,87.29792147806005,4.618937644341801,82.67898383371825
E00088538,494,80,43,37,414,12,402,16.194331983805668,8.704453441295547,7.489878542510121,83.80566801619433,2.42914979757085,81.37651821862349
E00088540,377,55,25,30,322,17,305,14.588859416445624,6.631299734748011,7.957559681697612,85.41114058355438,4.509283819628647,80.90185676392572
E00088541,267,34,21,13,233,5,228,12.734082397003746,7.865168539325842,4.868913857677903,87.26591760299625,1.8726591760299627,85.39325842696628
E00088542,507,75,38,37,432,17,415,14.792899408284024,7.495069033530571,7.297830374753452,85.20710059171599,3.353057199211045,81.85404339250493
E00088543,413,49,25,24,364,22,342,11.864406779661017,6.053268765133172,5.811138014527845,88.13559322033898,5.326876513317192,82.80871670702179
E00088544,365,54,13,41,311,35,276,14.794520547945206,3.5616438356164384,11.232876712328768,85.2054794520548,9.58904109589041,75.61643835616438
E00088545,345,49,16,33,296,33,263,14.202898550724639,4.63768115942029,9.565217391304348,85.79710144927536,9.565217391304348,76.23188405797102
E00088546,407,55,21,34,352,34,318,13.513513513513514,5.159705159705159,8.353808353808354,86.48648648648648,8.353808353808354,78.13267813267814
E00088547,218,26,6,20,192,21,171,11.926605504587156,2.7522935779816518,9.174311926605505,88.07339449541286,9.63302752293578,78.44036697247707
E00088548,299,34,13,21,265,23,242,11.37123745819398,4.3478260869565215,7.023411371237458,88.62876254180601,7.6923076923076925,80.93645484949833
E00088549,387,80,36,44,307,26,281,20.671834625322997,9.30232558139535,11.369509043927648,79.32816537467701,6.718346253229974,72.60981912144703
E00088550,344,59,16,43,285,34,251,17.151162790697676,4.651162790697675,12.5,82.84883720930233,9.883720930232558,72.96511627906976
E00088551,287,37,13,24,250,35,215,12.89198606271777,4.529616724738676,8.362369337979095,87.10801393728222,12.195121951219512,74.91289198606272
E00088552,120,18,7,11,102,10,92,15,5.833333333333333,9.166666666666666,85,8.333333333333332,76.66666666666667
E00088553,443,66,16,50,377,45,332,14.89841986455982,3.611738148984198,11.286681715575622,85.10158013544017,10.15801354401806,74.94356659142211
E00088554,477,70,14,56,407,37,370,14.675052410901468,2.9350104821802936,11.740041928721174,85.32494758909853,7.756813417190776,77.56813417190776
E00088555,280,47,21,26,233,22,211,16.785714285714285,7.5,9.285714285714286,83.21428571428572,7.857142857142857,75.35714285714286
E00088556,338,117,83,34,221,18,203,34.61538461538461,24.556213017751478,10.059171597633137,65.38461538461539,5.325443786982249,60.05917159763313
E00088557,418,62,16,46,356,33,323,14.832535885167463,3.827751196172249,11.004784688995215,85.16746411483254,7.894736842105263,77.27272727272727
E00088558,336,68,30,38,268,25,243,20.238095238095237,8.928571428571429,11.30952380952381,79.76190476190477,7.440476190476191,72.32142857142857
E00088559,331,65,25,40,266,44,222,19.637462235649547,7.552870090634441,12.084592145015106,80.36253776435045,13.293051359516618,67.06948640483384
E00088560,402,58,19,39,344,36,308,14.427860696517413,4.72636815920398,9.701492537313433,85.57213930348259,8.955223880597014,76.61691542288557
E00088561,243,32,11,21,211,14,197,13.168724279835391,4.526748971193416,8.641975308641975,86.83127572016461,5.761316872427984,81.06995884773663
E00088562,388,53,19,34,335,42,293,13.65979381443299,4.896907216494846,8.762886597938143,86.34020618556701,10.824742268041238,75.51546391752578
E00088563,259,51,23,28,208,18,190,19.69111969111969,8.880308880308881,10.81081081081081,80.3088803088803,6.94980694980695,73.35907335907336
E00088564,312,64,27,37,248,33,215,20.51282051282051,8.653846153846153,11.858974358974358,79.48717948717949,10.576923076923077,68.91025641025641
E00088565,362,41,11,30,321,29,292,11.32596685082873,3.0386740331491713,8.287292817679557,88.67403314917127,8.011049723756907,80.66298342541437
E00088567,256,52,11,41,204,30,174,20.3125,4.296875,16.015625,79.6875,11.71875,67.96875
E00088568,165,35,17,18,130,15,115,21.21212121212121,10.303030303030303,10.909090909090908,78.78787878787878,9.090909090909092,69.6969696969697
E00088569,255,49,18,31,206,25,181,19.215686274509807,7.0588235294117645,12.156862745098039,80.7843137254902,9.803921568627452,70.98039215686275
E00088570,330,48,18,30,282,25,257,14.545454545454545,5.454545454545454,9.090909090909092,85.45454545454545,7.575757575757576,77.87878787878788
E00088571,316,42,20,22,274,23,251,13.291139240506327,6.329113924050633,6.962025316455696,86.70886075949366,7.2784810126582276,79.43037974683544
E00088572,258,35,9,26,223,31,192,13.565891472868216,3.488372093023256,10.077519379844961,86.43410852713178,12.015503875968992,74.4186046511628
E00088573,319,42,10,32,277,24,253,13.166144200626958,3.1347962382445136,10.031347962382444,86.83385579937304,7.523510971786834,79.3103448275862
E00088574,375,66,24,42,309,27,282,17.599999999999998,6.4,11.200000000000001,82.39999999999999,7.199999999999999,75.2
E00088575,262,38,12,26,224,16,208,14.50381679389313,4.580152671755725,9.923664122137405,85.49618320610686,6.106870229007633,79.38931297709924
E00088576,347,46,17,29,301,34,267,13.256484149855908,4.899135446685879,8.357348703170029,86.74351585014409,9.798270893371757,76.94524495677233
E00088577,278,60,26,34,218,13,205,21.58273381294964,9.352517985611511,12.23021582733813,78.41726618705036,4.676258992805756,73.7410071942446
E00088578,309,56,25,31,253,25,228,18.12297734627832,8.090614886731391,10.032362459546926,81.87702265372168,8.090614886731391,73.7864077669903
E00088579,349,94,38,56,255,21,234,26.93409742120344,10.888252148997136,16.045845272206304,73.06590257879655,6.017191977077363,67.0487106017192
E00088580,403,36,13,23,367,26,341,8.933002481389577,3.225806451612903,5.707196029776675,91.06699751861042,6.451612903225806,84.61538461538461
E00088581,350,37,17,20,313,24,289,10.571428571428571,4.857142857142857,5.714285714285714,89.42857142857143,6.857142857142858,82.57142857142857
E00088582,331,38,11,27,293,20,273,11.48036253776435,3.3232628398791544,8.157099697885197,88.51963746223565,6.042296072507553,82.4773413897281
E00088585,266,46,14,32,220,21,199,17.293233082706767,5.263157894736842,12.030075187969924,82.70676691729322,7.894736842105263,74.81203007518798
E00088587,289,52,16,36,237,20,217,17.99307958477509,5.536332179930796,12.45674740484429,82.00692041522491,6.920415224913495,75.08650519031141
E00088588,134,34,18,16,100,14,86,25.37313432835821,13.432835820895523,11.940298507462686,74.6268656716418,10.44776119402985,64.17910447761194
E00088589,245,62,20,42,183,22,161,25.30612244897959,8.16326530612245,17.142857142857142,74.6938775510204,8.979591836734693,65.71428571428571
E00088590,357,59,16,43,298,37,261,16.5266106442577,4.481792717086835,12.044817927170868,83.4733893557423,10.364145658263306,73.10924369747899
E00088591,363,42,17,25,321,29,292,11.570247933884298,4.683195592286501,6.887052341597796,88.42975206611571,7.988980716253444,80.44077134986226
E00088594,345,60,23,37,285,38,247,17.391304347826086,6.666666666666667,10.72463768115942,82.6086956521739,11.014492753623188,71.59420289855073
E00088595,318,44,18,26,274,34,240,13.836477987421384,5.660377358490567,8.176100628930817,86.16352201257862,10.69182389937107,75.47169811320755
E00088596,204,61,38,23,143,15,128,29.901960784313726,18.627450980392158,11.27450980392157,70.09803921568627,7.352941176470589,62.745098039215684
E00088598,390,63,26,37,327,32,295,16.153846153846153,6.666666666666667,9.487179487179487,83.84615384615385,8.205128205128204,75.64102564102564
E00088600,291,41,13,28,250,26,224,14.0893470790378,4.4673539518900345,9.621993127147768,85.91065292096219,8.934707903780069,76.97594501718214
E00088601,289,47,17,30,242,25,217,16.26297577854671,5.88235294117647,10.380622837370241,83.73702422145328,8.650519031141869,75.08650519031141
E00088602,296,37,16,21,259,25,234,12.5,5.405405405405405,7.094594594594595,87.5,8.445945945945946,79.05405405405406
E00088603,562,75,25,50,487,34,453,13.345195729537366,4.448398576512456,8.896797153024911,86.65480427046263,6.049822064056939,80.6049822064057
E00088604,582,72,23,49,510,47,463,12.371134020618557,3.951890034364261,8.419243986254296,87.62886597938144,8.075601374570446,79.55326460481099
E00088605,297,41,16,25,256,31,225,13.804713804713806,5.387205387205387,8.417508417508419,86.19528619528619,10.437710437710438,75.75757575757575
E00088606,469,65,16,49,404,44,360,13.859275053304904,3.411513859275053,10.44776119402985,86.14072494669509,9.381663113006397,76.7590618336887
E00088608,311,40,16,24,271,31,240,12.861736334405144,5.144694533762058,7.717041800643088,87.13826366559485,9.967845659163988,77.17041800643086
E00088609,334,58,28,30,276,35,241,17.365269461077844,8.383233532934131,8.982035928143713,82.63473053892216,10.479041916167663,72.15568862275448
E00088610,296,85,39,46,211,34,177,28.716216216216218,13.175675675675674,15.54054054054054,71.28378378378379,11.486486486486488,59.797297297297305
E00173745,421,76,36,40,345,38,307,18.052256532066508,8.551068883610451,9.501187648456057,81.94774346793349,9.026128266033254,72.92161520190024
E00173746,368,43,14,29,325,22,303,11.684782608695652,3.804347826086957,7.880434782608696,88.31521739130434,5.978260869565218,82.33695652173914
E00173747,390,34,10,24,356,29,327,8.717948717948717,2.564102564102564,6.153846153846154,91.28205128205128,7.435897435897436,83.84615384615385
E00173748,269,48,26,22,221,23,198,17.843866171003718,9.66542750929368,8.178438661710038,82.15613382899627,8.550185873605948,73.60594795539033
E00173749,219,46,16,30,173,18,155,21.00456621004566,7.30593607305936,13.698630136986301,78.99543378995433,8.21917808219178,70.77625570776256
E00173750,209,42,16,26,167,24,143,20.095693779904305,7.655502392344498,12.440191387559809,79.90430622009569,11.483253588516746,68.42105263157895
E00173751,228,26,5,21,202,17,185,11.403508771929824,2.1929824561403506,9.210526315789473,88.59649122807018,7.456140350877193,81.14035087719299
E00173752,523,54,16,38,469,33,436,10.325047801147228,3.0592734225621414,7.265774378585086,89.67495219885278,6.309751434034416,83.36520076481835
E00173753,401,71,37,34,330,23,307,17.70573566084788,9.226932668329177,8.478802992518704,82.29426433915212,5.7356608478802995,76.55860349127181
E00173754,221,41,14,27,180,13,167,18.552036199095024,6.334841628959276,12.217194570135746,81.44796380090497,5.88235294117647,75.56561085972851
E00173756,340,36,14,22,304,28,276,10.588235294117647,4.117647058823529,6.470588235294119,89.41176470588236,8.235294117647058,81.17647058823529
E00173757,327,50,19,31,277,28,249,15.29051987767584,5.81039755351682,9.480122324159021,84.70948012232415,8.56269113149847,76.14678899082568
E00173758,351,31,7,24,320,29,291,8.831908831908832,1.9943019943019942,6.837606837606838,91.16809116809117,8.262108262108262,82.90598290598291
E00173759,455,46,15,31,409,30,379,10.10989010989011,3.296703296703297,6.813186813186813,89.8901098901099,6.593406593406594,83.2967032967033
E00173760,367,33,7,26,334,27,307,8.991825613079019,1.9073569482288828,7.084468664850137,91.00817438692098,7.3569482288828345,83.65122615803816
E00173763,460,61,27,34,399,14,385,13.260869565217392,5.869565217391305,7.391304347826087,86.73913043478261,3.0434782608695654,83.69565217391305
E00173764,203,32,10,22,171,5,166,15.763546798029557,4.926108374384237,10.83743842364532,84.23645320197043,2.4630541871921183,81.77339901477832
E00173765,261,24,11,13,237,17,220,9.195402298850574,4.21455938697318,4.980842911877394,90.80459770114942,6.513409961685824,84.2911877394636
E00173766,292,31,12,19,261,16,245,10.616438356164384,4.10958904109589,6.506849315068493,89.38356164383562,5.47945205479452,83.9041095890411
E00173767,340,30,15,15,310,16,294,8.823529411764707,4.411764705882353,4.411764705882353,91.17647058823529,4.705882352941177,86.47058823529412
E00173768,451,74,9,65,377,29,348,16.4079822616408,1.9955654101995564,14.412416851441243,83.5920177383592,6.430155210643015,77.16186252771618
E00173769,241,31,9,22,210,19,191,12.863070539419086,3.7344398340248963,9.12863070539419,87.13692946058092,7.883817427385892,79.25311203319502
E00173772,181,29,7,22,152,19,133,16.022099447513813,3.867403314917127,12.154696132596685,83.97790055248619,10.497237569060774,73.48066298342542
E00173773,204,38,15,23,166,23,143,18.627450980392158,7.352941176470589,11.27450980392157,81.37254901960785,11.27450980392157,70.09803921568627
E00173774,298,25,9,16,273,9,264,8.389261744966444,3.0201342281879198,5.369127516778524,91.61073825503355,3.0201342281879198,88.59060402684564
E00173776,396,55,23,32,341,24,317,13.88888888888889,5.808080808080808,8.080808080808081,86.11111111111111,6.0606060606060606,80.05050505050505
E00173777,321,49,18,31,272,21,251,15.264797507788161,5.607476635514018,9.657320872274143,84.73520249221184,6.5420560747663545,78.19314641744548
E00173778,418,86,37,49,332,22,310,20.574162679425836,8.851674641148326,11.722488038277511,79.42583732057416,5.263157894736842,74.16267942583733
E00173779,397,37,14,23,360,20,340,9.319899244332493,3.5264483627204033,5.793450881612091,90.6801007556675,5.037783375314862,85.64231738035264
E00173780,348,56,16,40,292,19,273,16.091954022988507,4.597701149425287,11.494252873563218,83.9080459770115,5.459770114942529,78.44827586206897
E00183425,110,32,17,15,78,5,73,29.09090909090909,15.454545454545453,13.636363636363635,70.9090909090909,4.545454545454546,66.36363636363637
E00183426,1540,173,63,110,1367,113,1254,11.233766233766234,4.090909090909091,7.142857142857142,88.76623376623377,7.337662337662337,81.42857142857143
E00183427,1540,138,40,98,1402,77,1325,8.96103896103896,2.5974025974025974,6.363636363636363,91.03896103896105,5,86.03896103896103
E00183432,546,77,31,46,469,60,409,14.102564102564102,5.677655677655678,8.424908424908425,85.8974358974359,10.989010989010989,74.9084249084249
E00183474,317,23,4,19,294,18,276,7.255520504731862,1.2618296529968454,5.993690851735016,92.74447949526814,5.678233438485805,87.06624605678233
E00183475,351,36,9,27,315,29,286,10.256410256410255,2.564102564102564,7.6923076923076925,89.74358974358975,8.262108262108262,81.48148148148148
E00183476,328,20,11,9,308,17,291,6.097560975609756,3.353658536585366,2.7439024390243905,93.90243902439023,5.182926829268292,88.71951219512195
E00183477,379,47,13,34,332,29,303,12.401055408970976,3.430079155672823,8.970976253298153,87.59894459102902,7.651715039577836,79.94722955145119
E00183478,445,41,15,26,404,23,381,9.213483146067416,3.3707865168539324,5.842696629213483,90.78651685393258,5.168539325842696,85.61797752808988
E00183479,601,79,32,47,522,30,492,13.14475873544093,5.324459234608985,7.820299500831947,86.85524126455907,4.9916805324459235,81.86356073211314
E00183480,321,50,17,33,271,24,247,15.57632398753894,5.29595015576324,10.2803738317757,84.42367601246106,7.476635514018691,76.94704049844236
E00183481,246,21,4,17,225,18,207,8.536585365853659,1.6260162601626018,6.910569105691057,91.46341463414635,7.317073170731707,84.14634146341463
E00183482,145,17,5,12,128,9,119,11.724137931034482,3.4482758620689653,8.275862068965518,88.27586206896552,6.206896551724138,82.06896551724138
E00183483,263,24,8,16,239,26,213,9.125475285171103,3.041825095057034,6.083650190114068,90.8745247148289,9.885931558935361,80.98859315589354
E00183484,205,63,32,31,142,8,134,30.73170731707317,15.609756097560975,15.121951219512194,69.26829268292683,3.902439024390244,65.3658536585366
E00183485,364,53,18,35,311,29,282,14.560439560439562,4.945054945054945,9.615384615384617,85.43956043956044,7.967032967032966,77.47252747252747
E00183486,358,49,26,23,309,13,296,13.687150837988826,7.262569832402235,6.424581005586592,86.31284916201118,3.6312849162011176,82.68156424581005
E00183487,277,21,7,14,256,10,246,7.581227436823104,2.527075812274368,5.054151624548736,92.4187725631769,3.6101083032490973,88.8086642599278
E00183488,364,35,19,16,329,19,310,9.615384615384617,5.21978021978022,4.395604395604396,90.38461538461539,5.21978021978022,85.16483516483517
E00183489,113,6,2,4,107,9,98,5.3097345132743365,1.7699115044247788,3.5398230088495577,94.69026548672566,7.964601769911504,86.72566371681415
E00183490,518,64,17,47,454,25,429,12.355212355212355,3.2818532818532815,9.073359073359073,87.64478764478764,4.826254826254826,82.81853281853282
E00183491,498,38,7,31,460,29,431,7.630522088353414,1.4056224899598393,6.2248995983935735,92.3694779116466,5.8232931726907635,86.54618473895582
E00183492,110,23,5,18,87,5,82,20.909090909090907,4.545454545454546,16.363636363636363,79.0909090909091,4.545454545454546,74.54545454545455
E00183493,353,16,7,9,337,18,319,4.53257790368272,1.9830028328611897,2.5495750708215295,95.46742209631728,5.099150141643059,90.36827195467421
E00183494,276,18,4,14,258,15,243,6.521739130434782,1.4492753623188406,5.072463768115942,93.47826086956522,5.434782608695652,88.04347826086956
E00183495,440,44,16,28,396,28,368,10,3.6363636363636362,6.363636363636363,90,6.363636363636363,83.63636363636363
E00183496,211,28,6,22,183,18,165,13.270142180094787,2.843601895734597,10.42654028436019,86.7298578199052,8.530805687203792,78.19905213270142
E00183497,284,44,13,31,240,22,218,15.492957746478872,4.577464788732395,10.915492957746478,84.50704225352112,7.746478873239436,76.76056338028168
E00183498,341,17,8,9,324,22,302,4.9853372434017595,2.346041055718475,2.6392961876832843,95.01466275659824,6.451612903225806,88.56304985337243
E00183499,313,31,8,23,282,22,260,9.904153354632587,2.5559105431309903,7.348242811501597,90.09584664536742,7.0287539936102235,83.06709265175719
E00183500,288,37,11,26,251,13,238,12.847222222222221,3.8194444444444446,9.027777777777777,87.15277777777779,4.513888888888888,82.63888888888889
E00183501,357,49,22,27,308,31,277,13.725490196078432,6.162464985994398,7.563025210084033,86.27450980392157,8.683473389355742,77.59103641456583
E00183502,408,101,32,69,307,24,283,24.754901960784316,7.8431372549019605,16.911764705882355,75.24509803921569,5.88235294117647,69.36274509803921
E00183503,316,73,34,39,243,14,229,23.10126582278481,10.759493670886076,12.341772151898734,76.89873417721519,4.430379746835443,72.46835443037975
E00183504,377,126,92,34,251,16,235,33.42175066312997,24.40318302387268,9.018567639257293,66.57824933687002,4.244031830238726,62.3342175066313
E00183505,270,67,33,34,203,18,185,24.814814814814813,12.222222222222221,12.592592592592592,75.18518518518519,6.666666666666667,68.51851851851852
E00183506,607,36,10,26,571,29,542,5.930807248764415,1.6474464579901154,4.2833607907743,94.06919275123559,4.7775947281713345,89.29159802306425
E00183507,299,34,14,20,265,20,245,11.37123745819398,4.682274247491638,6.688963210702341,88.62876254180601,6.688963210702341,81.93979933110369
E00183508,226,113,65,48,113,18,95,50,28.761061946902654,21.238938053097346,50,7.964601769911504,42.0353982300885
E00183509,336,60,25,35,276,33,243,17.857142857142858,7.440476190476191,10.416666666666668,82.14285714285714,9.821428571428571,72.32142857142857
E00183510,146,23,8,15,123,12,111,15.753424657534246,5.47945205479452,10.273972602739725,84.24657534246576,8.21917808219178,76.02739726027397
E00183511,561,57,17,40,504,32,472,10.16042780748663,3.0303030303030303,7.130124777183601,89.83957219251337,5.704099821746881,84.13547237076648
E00183512,235,30,9,21,205,13,192,12.76595744680851,3.829787234042553,8.936170212765958,87.2340425531915,5.531914893617021,81.70212765957446
E00183513,444,35,9,26,409,34,375,7.882882882882883,2.027027027027027,5.8558558558558556,92.11711711711712,7.657657657657657,84.45945945945947
E00183514,528,48,20,28,480,36,444,9.090909090909092,3.787878787878788,5.303030303030303,90.9090909090909,6.8181818181818175,84.0909090909091
E00183515,282,19,2,17,263,23,240,6.73758865248227,0.7092198581560284,6.028368794326241,93.26241134751773,8.156028368794328,85.1063829787234
E00183516,350,44,16,28,306,32,274,12.571428571428573,4.571428571428571,8,87.42857142857143,9.142857142857142,78.28571428571428
E00183517,569,57,20,37,512,33,479,10.017574692442881,3.5149384885764503,6.502636203866433,89.98242530755711,5.799648506151142,84.18277680140598
E00183518,138,53,32,21,85,4,81,38.405797101449274,23.18840579710145,15.217391304347828,61.59420289855072,2.898550724637681,58.69565217391305
E00183519,603,40,8,32,563,33,530,6.633499170812604,1.3266998341625207,5.306799336650083,93.36650082918739,5.472636815920398,87.89386401326699
E00183520,563,50,15,35,513,27,486,8.880994671403197,2.664298401420959,6.216696269982238,91.1190053285968,4.7957371225577266,86.32326820603907
E00183521,176,14,5,9,162,7,155,7.954545454545454,2.840909090909091,5.113636363636364,92.04545454545455,3.977272727272727,88.06818181818183
E00183522,479,43,18,25,436,37,399,8.977035490605429,3.7578288100208765,5.219206680584551,91.02296450939458,7.724425887265135,83.29853862212944
E00183523,286,78,35,43,208,23,185,27.27272727272727,12.237762237762238,15.034965034965033,72.72727272727273,8.041958041958042,64.6853146853147
E00183571,227,18,4,14,209,12,197,7.929515418502203,1.762114537444934,6.167400881057269,92.07048458149781,5.286343612334802,86.78414096916299
E00183572,588,64,23,41,524,41,483,10.884353741496598,3.9115646258503403,6.972789115646258,89.1156462585034,6.972789115646258,82.14285714285714
E00183573,226,15,6,9,211,16,195,6.637168141592921,2.6548672566371683,3.982300884955752,93.36283185840708,7.079646017699115,86.28318584070797
E00183574,198,22,10,12,176,11,165,11.11111111111111,5.05050505050505,6.0606060606060606,88.88888888888889,5.555555555555555,83.33333333333334
E00183575,552,47,9,38,505,25,480,8.51449275362319,1.6304347826086956,6.884057971014493,91.48550724637681,4.528985507246377,86.95652173913044
E00183576,139,14,5,9,125,10,115,10.071942446043165,3.5971223021582732,6.474820143884892,89.92805755395683,7.1942446043165464,82.73381294964028
E00183577,377,44,19,25,333,24,309,11.671087533156498,5.039787798408488,6.631299734748011,88.3289124668435,6.36604774535809,81.9628647214854
E00183578,283,32,15,17,251,22,229,11.307420494699647,5.30035335689046,6.007067137809187,88.69257950530034,7.773851590106007,80.91872791519434
E00183579,405,37,7,30,368,27,341,9.135802469135802,1.728395061728395,7.4074074074074066,90.8641975308642,6.666666666666667,84.19753086419753
E00183580,417,50,17,33,367,28,339,11.990407673860911,4.07673860911271,7.913669064748201,88.00959232613909,6.71462829736211,81.29496402877699
E00183581,172,7,0,7,165,17,148,4.069767441860465,0,4.069767441860465,95.93023255813954,9.883720930232558,86.04651162790698
E00183582,261,22,5,17,239,16,223,8.42911877394636,1.9157088122605364,6.513409961685824,91.57088122605363,6.130268199233716,85.44061302681992
E00183583,415,39,9,30,376,24,352,9.397590361445783,2.1686746987951806,7.228915662650602,90.60240963855422,5.783132530120482,84.81927710843374
E00183584,350,36,9,27,314,19,295,10.285714285714285,2.571428571428571,7.7142857142857135,89.71428571428571,5.428571428571429,84.28571428571429
E00183585,195,22,4,18,173,10,163,11.282051282051283,2.051282051282051,9.230769230769232,88.71794871794872,5.128205128205128,83.58974358974359
E00183586,308,49,17,32,259,17,242,15.909090909090908,5.51948051948052,10.38961038961039,84.0909090909091,5.51948051948052,78.57142857142857
E00183587,338,36,20,16,302,12,290,10.650887573964498,5.9171597633136095,4.733727810650888,89.3491124260355,3.5502958579881656,85.79881656804734
E00183588,235,35,14,21,200,17,183,14.893617021276595,5.957446808510639,8.936170212765958,85.1063829787234,7.234042553191489,77.87234042553192
E00183589,167,11,5,6,156,14,142,6.58682634730539,2.9940119760479043,3.592814371257485,93.41317365269461,8.383233532934131,85.02994011976048
E00183590,321,18,9,9,303,26,277,5.607476635514018,2.803738317757009,2.803738317757009,94.39252336448598,8.09968847352025,86.29283489096574
E00183591,378,33,6,27,345,23,322,8.73015873015873,1.5873015873015872,7.142857142857142,91.26984126984127,6.084656084656085,85.18518518518519
E00183592,399,32,12,20,367,30,337,8.020050125313283,3.007518796992481,5.012531328320802,91.97994987468672,7.518796992481203,84.46115288220551
E00183593,529,63,31,32,466,26,440,11.909262759924385,5.8601134215500945,6.049149338374291,88.09073724007561,4.914933837429111,83.1758034026465
E00183594,282,45,12,33,237,15,222,15.957446808510639,4.25531914893617,11.702127659574469,84.04255319148936,5.319148936170213,78.72340425531915
E00183595,247,18,8,10,229,11,218,7.28744939271255,3.2388663967611335,4.048582995951417,92.71255060728745,4.4534412955465585,88.25910931174089
E00183596,259,14,5,9,245,14,231,5.405405405405405,1.9305019305019304,3.474903474903475,94.5945945945946,5.405405405405405,89.1891891891892
E00183597,388,36,12,24,352,18,334,9.278350515463918,3.0927835051546393,6.185567010309279,90.72164948453609,4.639175257731959,86.08247422680412
E00183598,406,41,12,29,365,27,338,10.098522167487685,2.955665024630542,7.142857142857142,89.90147783251231,6.65024630541872,83.2512315270936
E00183599,481,35,11,24,446,39,407,7.276507276507277,2.2869022869022873,4.98960498960499,92.72349272349273,8.108108108108109,84.61538461538461
E00183600,137,11,5,6,126,8,118,8.02919708029197,3.64963503649635,4.37956204379562,91.970802919708035,5.839416058394161,86.13138686131386
E00183601,378,39,14,25,339,29,310,10.317460317460316,3.7037037037037033,6.613756613756613,89.68253968253968,7.671957671957672,82.01058201058201
E00183602,115,32,14,18,83,11,72,27.82608695652174,12.173913043478262,15.65217391304348,72.17391304347827,9.565217391304348,62.60869565217392
E00183603,347,41,14,27,306,37,269,11.815561959654179,4.034582132564841,7.780979827089338,88.18443804034582,10.662824207492795,77.52161383285303
E00183604,215,56,26,30,159,19,140,26.046511627906977,12.093023255813954,13.953488372093023,73.95348837209302,8.837209302325581,65.11627906976744
E00183605,213,22,9,13,191,19,172,10.328638497652582,4.225352112676056,6.103286384976526,89.67136150234741,8.92018779342723,80.75117370892019
E00183606,109,16,6,10,93,9,84,14.678899082568808,5.5045871559633035,9.174311926605505,85.3211009174312,8.256880733944955,77.06422018348624
E00183607,496,56,13,43,440,29,411,11.29032258064516,2.620967741935484,8.669354838709678,88.70967741935483,5.846774193548387,82.86290322580645
E00183608,331,33,9,24,298,25,273,9.969788519637463,2.719033232628399,7.250755287009064,90.03021148036254,7.552870090634441,82.4773413897281
