OA,ts0380001,ts0380002,ts0380003,ts0380004,ts0380005,ts0380006,ts0380007,ts0380002_PCT,ts0380003_PCT,ts0380004_PCT,ts0380005_PCT,ts0380006_PCT,ts0380007_PCT
E00131002,353,92,42,50,261,30,231,26.062322946175637,11.89801699716714,14.164305949008499,73.93767705382436,8.498583569405099,65.43909348441926
E00131003,589,81,25,56,508,43,465,13.752122241086587,4.244482173174872,9.507640067911714,86.24787775891342,7.30050933786078,78.94736842105263
E00131004,331,51,19,32,280,27,253,15.407854984894259,5.740181268882175,9.667673716012084,84.59214501510573,8.157099697885197,76.43504531722054
E00131005,283,44,19,25,239,31,208,15.547703180212014,6.713780918727916,8.8339222614841,84.45229681978799,10.954063604240282,73.4982332155477
E00131007,308,42,15,27,266,40,226,13.636363636363635,4.870129870129871,8.766233766233766,86.36363636363636,12.987012987012985,73.37662337662337
E00131008,270,34,11,23,236,28,208,12.592592592592592,4.074074074074074,8.518518518518519,87.4074074074074,10.37037037037037,77.03703703703704
E00131009,289,49,13,36,240,29,211,16.955017301038062,4.498269896193772,12.45674740484429,83.04498269896193,10.034602076124568,73.01038062283737
E00131010,272,51,24,27,221,24,197,18.75,8.823529411764707,9.926470588235293,81.25,8.823529411764707,72.42647058823529
E00131011,236,34,12,22,202,18,184,14.40677966101695,5.084745762711865,9.322033898305085,85.59322033898306,7.627118644067797,77.96610169491525
E00131012,251,33,11,22,218,22,196,13.147410358565736,4.382470119521913,8.764940239043826,86.85258964143426,8.764940239043826,78.08764940239044
E00131013,268,47,16,31,221,15,206,17.537313432835823,5.970149253731343,11.567164179104477,82.46268656716418,5.597014925373134,76.86567164179104
E00131014,307,42,13,29,265,31,234,13.680781758957655,4.234527687296417,9.446254071661238,86.31921824104235,10.097719869706841,76.2214983713355
E00131015,280,60,30,30,220,18,202,21.428571428571427,10.714285714285714,10.714285714285714,78.57142857142857,6.428571428571428,72.14285714285714
E00131016,326,70,23,47,256,33,223,21.472392638036812,7.05521472392638,14.417177914110429,78.52760736196319,10.122699386503067,68.40490797546013
E00131017,269,52,23,29,217,20,197,19.33085501858736,8.550185873605948,10.780669144981413,80.66914498141264,7.434944237918216,73.23420074349443
E00131018,277,38,14,24,239,27,212,13.718411552346572,5.054151624548736,8.664259927797833,86.28158844765343,9.747292418772563,76.53429602888086
E00131019,259,62,26,36,197,17,180,23.93822393822394,10.038610038610038,13.8996138996139,76.06177606177607,6.563706563706563,69.4980694980695
E00131020,454,74,25,49,380,31,349,16.299559471365637,5.506607929515418,10.79295154185022,83.70044052863436,6.828193832599119,76.87224669603523
E00131021,342,55,23,32,287,25,262,16.08187134502924,6.725146198830409,9.35672514619883,83.91812865497076,7.309941520467836,76.60818713450293
E00131022,223,42,17,25,181,10,171,18.83408071748879,7.623318385650224,11.210762331838566,81.16591928251121,4.484304932735426,76.68161434977578
E00131023,129,15,1,14,114,8,106,11.627906976744185,0.7751937984496124,10.852713178294573,88.37209302325581,6.2015503875969,82.17054263565892
E00131024,125,46,25,21,79,7,72,36.8,20,16.8,63.2,5.6000000000000005,57.599999999999994
E00131025,320,87,34,53,233,15,218,27.187499999999996,10.625,16.5625,72.8125,4.6875,68.125
E00131026,348,88,44,44,260,24,236,25.287356321839084,12.643678160919542,12.643678160919542,74.71264367816092,6.896551724137931,67.81609195402298
E00131027,299,91,41,50,208,21,187,30.434782608695656,13.712374581939798,16.722408026755854,69.56521739130434,7.023411371237458,62.54180602006689
E00131028,308,52,19,33,256,23,233,16.883116883116884,6.1688311688311686,10.714285714285714,83.11688311688312,7.467532467532467,75.64935064935064
E00131030,271,56,23,33,215,25,190,20.66420664206642,8.487084870848708,12.177121771217712,79.33579335793358,9.22509225092251,70.11070110701108
E00131031,367,118,57,61,249,28,221,32.15258855585831,15.531335149863759,16.62125340599455,67.8474114441417,7.629427792915531,60.217983651226156
E00131032,312,47,20,27,265,26,239,15.064102564102564,6.41025641025641,8.653846153846153,84.93589743589743,8.333333333333332,76.6025641025641
E00131033,317,69,27,42,248,20,228,21.766561514195583,8.517350157728707,13.249211356466878,78.23343848580441,6.309148264984227,71.92429022082018
E00131034,391,66,23,43,325,22,303,16.879795396419436,5.88235294117647,10.997442455242968,83.12020460358056,5.626598465473146,77.49360613810742
E00131035,293,55,20,35,238,16,222,18.771331058020476,6.825938566552901,11.945392491467576,81.22866894197952,5.460750853242321,75.76791808873719
E00131036,293,45,14,31,248,28,220,15.358361774744028,4.778156996587031,10.580204778156997,84.64163822525597,9.556313993174061,75.0853242320819
E00131037,248,40,15,25,208,20,188,16.129032258064516,6.048387096774194,10.080645161290322,83.87096774193549,8.064516129032258,75.80645161290323
E00131038,286,46,17,29,240,32,208,16.083916083916083,5.944055944055944,10.13986013986014,83.91608391608392,11.188811188811188,72.72727272727273
E00131039,229,54,17,37,175,16,159,23.580786026200872,7.423580786026202,16.157205240174672,76.41921397379913,6.986899563318777,69.43231441048034
E00131040,261,29,7,22,232,32,200,11.11111111111111,2.681992337164751,8.42911877394636,88.88888888888889,12.260536398467432,76.62835249042146
E00131041,345,62,32,30,283,20,263,17.971014492753625,9.27536231884058,8.695652173913043,82.02898550724638,5.797101449275362,76.23188405797102
E00131042,235,45,21,24,190,23,167,19.148936170212767,8.936170212765958,10.212765957446807,80.85106382978722,9.787234042553191,71.06382978723404
E00131043,438,81,29,52,357,39,318,18.493150684931507,6.621004566210045,11.87214611872146,81.5068493150685,8.904109589041095,72.6027397260274
E00131044,293,67,29,38,226,21,205,22.866894197952217,9.897610921501707,12.969283276450511,77.13310580204778,7.167235494880546,69.96587030716724
E00131045,342,60,27,33,282,28,254,17.543859649122805,7.894736842105263,9.649122807017543,82.45614035087719,8.187134502923977,74.26900584795322
E00131046,373,94,33,61,279,21,258,25.201072386058982,8.847184986595174,16.353887399463808,74.79892761394102,5.630026809651475,69.16890080428955
E00131047,244,31,10,21,213,23,190,12.704918032786885,4.098360655737705,8.60655737704918,87.29508196721312,9.426229508196721,77.8688524590164
E00131048,244,32,9,23,212,21,191,13.114754098360656,3.6885245901639343,9.426229508196721,86.88524590163934,8.60655737704918,78.27868852459017
E00131049,266,67,30,37,199,24,175,25.18796992481203,11.278195488721805,13.909774436090224,74.81203007518798,9.022556390977442,65.78947368421053
E00131050,352,58,19,39,294,34,260,16.477272727272727,5.3977272727272725,11.079545454545455,83.52272727272727,9.659090909090908,73.86363636363636
E00131051,331,73,24,49,258,31,227,22.054380664652566,7.250755287009064,14.803625377643503,77.94561933534743,9.365558912386707,68.58006042296071
E00131052,232,60,26,34,172,15,157,25.862068965517242,11.206896551724139,14.655172413793101,74.13793103448276,6.4655172413793105,67.67241379310344
E00131053,310,59,20,39,251,24,227,19.032258064516128,6.451612903225806,12.580645161290322,80.96774193548387,7.741935483870968,73.22580645161291
E00131054,270,73,30,43,197,23,174,27.037037037037038,11.11111111111111,15.925925925925927,72.96296296296296,8.518518518518519,64.44444444444444
E00131055,291,50,19,31,241,21,220,17.18213058419244,6.529209621993128,10.652920962199312,82.81786941580756,7.216494845360824,75.60137457044674
E00131056,316,86,44,42,230,24,206,27.21518987341772,13.924050632911392,13.291139240506327,72.78481012658227,7.59493670886076,65.18987341772153
E00131057,322,58,22,36,264,35,229,18.012422360248447,6.832298136645963,11.180124223602485,81.98757763975155,10.869565217391305,71.11801242236024
E00131058,306,57,18,39,249,24,225,18.627450980392158,5.88235294117647,12.745098039215685,81.37254901960785,7.8431372549019605,73.52941176470588
E00131059,319,51,18,33,268,27,241,15.987460815047022,5.6426332288401255,10.344827586206897,84.01253918495298,8.463949843260188,75.54858934169279
E00131060,291,41,14,27,250,27,223,14.0893470790378,4.810996563573884,9.278350515463918,85.91065292096219,9.278350515463918,76.6323024054983
E00131061,320,69,26,43,251,28,223,21.5625,8.125,13.4375,78.4375,8.75,69.6875
E00131062,350,129,58,71,221,26,195,36.857142857142854,16.57142857142857,20.285714285714285,63.142857142857146,7.428571428571429,55.714285714285715
E00131063,330,29,6,23,301,30,271,8.787878787878787,1.8181818181818181,6.969696969696971,91.21212121212122,9.090909090909092,82.12121212121211
E00131064,375,58,30,28,317,20,297,15.466666666666667,8,7.466666666666668,84.53333333333333,5.333333333333334,79.2
E00131065,220,40,16,24,180,17,163,18.181818181818183,7.2727272727272725,10.909090909090908,81.81818181818183,7.727272727272727,74.0909090909091
E00131066,223,64,27,37,159,24,135,28.699551569506728,12.10762331838565,16.591928251121075,71.30044843049326,10.762331838565023,60.53811659192825
E00131067,259,43,14,29,216,18,198,16.602316602316602,5.405405405405405,11.196911196911197,83.3976833976834,6.94980694980695,76.44787644787645
E00131068,215,56,28,28,159,27,132,26.046511627906977,13.023255813953488,13.023255813953488,73.95348837209302,12.558139534883722,61.395348837209305
E00131069,258,64,24,40,194,24,170,24.8062015503876,9.30232558139535,15.503875968992247,75.1937984496124,9.30232558139535,65.89147286821705
E00131070,281,78,26,52,203,22,181,27.75800711743772,9.252669039145907,18.505338078291814,72.24199288256227,7.829181494661921,64.41281138790036
E00131071,281,57,25,32,224,17,207,20.284697508896798,8.896797153024911,11.387900355871885,79.7153024911032,6.049822064056939,73.66548042704626
E00131072,213,62,32,30,151,20,131,29.107981220657276,15.023474178403756,14.084507042253522,70.89201877934272,9.389671361502346,61.502347417840376
E00131073,287,89,44,45,198,20,178,31.010452961672474,15.33101045296167,15.6794425087108,68.98954703832753,6.968641114982578,62.02090592334495
E00131074,322,81,37,44,241,22,219,25.15527950310559,11.490683229813664,13.664596273291925,74.84472049689441,6.832298136645963,68.01242236024845
E00131075,329,36,9,27,293,25,268,10.94224924012158,2.735562310030395,8.206686930091186,89.05775075987842,7.598784194528875,81.45896656534954
E00131076,615,89,29,60,526,42,484,14.471544715447154,4.715447154471545,9.75609756097561,85.52845528455283,6.829268292682928,78.69918699186992
E00131077,287,32,5,27,255,34,221,11.149825783972126,1.7421602787456445,9.40766550522648,88.85017421602788,11.846689895470384,77.00348432055749
E00131078,388,46,17,29,342,40,302,11.855670103092782,4.381443298969072,7.474226804123711,88.14432989690721,10.309278350515463,77.83505154639175
E00131081,228,45,16,29,183,19,164,19.736842105263158,7.017543859649122,12.719298245614036,80.26315789473685,8.333333333333332,71.9298245614035
E00131082,363,77,25,52,286,35,251,21.21212121212121,6.887052341597796,14.325068870523417,78.78787878787878,9.641873278236915,69.14600550964187
E00131083,410,69,26,43,341,28,313,16.82926829268293,6.341463414634147,10.487804878048781,83.17073170731707,6.829268292682928,76.34146341463415
E00131084,243,40,10,30,203,22,181,16.46090534979424,4.11522633744856,12.345679012345679,83.53909465020575,9.053497942386832,74.48559670781893
E00131085,318,59,17,42,259,26,233,18.553459119496853,5.345911949685535,13.20754716981132,81.44654088050315,8.176100628930817,73.27044025157232
E00131086,342,50,21,29,292,25,267,14.619883040935672,6.140350877192982,8.47953216374269,85.38011695906432,7.309941520467836,78.0701754385965
E00131087,518,54,10,44,464,34,430,10.424710424710424,1.9305019305019304,8.494208494208493,89.57528957528957,6.563706563706563,83.01158301158301
E00131088,391,35,12,23,356,31,325,8.951406649616368,3.0690537084398977,5.88235294117647,91.04859335038363,7.928388746803069,83.12020460358056
E00131089,551,66,26,40,485,38,447,11.978221415607985,4.71869328493648,7.259528130671507,88.02177858439202,6.896551724137931,81.12522686025409
E00131090,391,41,18,23,350,38,312,10.485933503836318,4.603580562659847,5.88235294117647,89.51406649616368,9.718670076726342,79.79539641943734
E00131091,335,68,22,46,267,31,236,20.298507462686565,6.567164179104477,13.73134328358209,79.70149253731343,9.253731343283581,70.44776119402985
E00131092,111,33,17,16,78,7,71,29.72972972972973,15.315315315315313,14.414414414414415,70.27027027027027,6.306306306306306,63.96396396396396
E00131093,243,50,18,32,193,23,170,20.5761316872428,7.4074074074074066,13.168724279835391,79.42386831275721,9.465020576131687,69.95884773662551
E00131094,223,27,7,20,196,17,179,12.10762331838565,3.1390134529147984,8.968609865470851,87.89237668161435,7.623318385650224,80.26905829596413
E00131095,269,45,17,28,224,18,206,16.728624535315987,6.319702602230483,10.408921933085502,83.27137546468401,6.691449814126393,76.57992565055763
E00131096,267,35,15,20,232,37,195,13.108614232209737,5.617977528089887,7.490636704119851,86.89138576779027,13.857677902621724,73.03370786516854
E00131097,255,19,5,14,236,22,214,7.450980392156863,1.9607843137254901,5.490196078431373,92.54901960784314,8.627450980392156,83.92156862745098
E00131098,293,42,13,29,251,17,234,14.334470989761092,4.436860068259386,9.897610921501707,85.6655290102389,5.802047781569966,79.86348122866895
E00131099,340,48,19,29,292,40,252,14.117647058823529,5.588235294117648,8.529411764705882,85.88235294117646,11.76470588235294,74.11764705882354
E00131100,287,36,7,29,251,22,229,12.543554006968641,2.4390243902439024,10.104529616724738,87.45644599303137,7.665505226480835,79.79094076655052
E00131101,260,61,19,42,199,25,174,23.46153846153846,7.307692307692308,16.153846153846153,76.53846153846153,9.615384615384617,66.92307692307692
E00131102,232,31,12,19,201,24,177,13.36206896551724,5.172413793103448,8.189655172413794,86.63793103448276,10.344827586206897,76.29310344827587
E00131103,230,24,8,16,206,20,186,10.434782608695652,3.4782608695652173,6.956521739130435,89.56521739130436,8.695652173913043,80.8695652173913
E00131104,364,45,13,32,319,23,296,12.362637362637363,3.571428571428571,8.791208791208792,87.63736263736264,6.318681318681318,81.31868131868131
E00131105,213,58,22,36,155,10,145,27.230046948356808,10.328638497652582,16.901408450704224,72.76995305164318,4.694835680751173,68.07511737089203
E00131106,487,86,32,54,401,33,368,17.659137577002053,6.570841889117044,11.088295687885012,82.34086242299796,6.7761806981519515,75.564681724846
E00131107,291,91,56,35,200,27,173,31.27147766323024,19.243986254295535,12.027491408934708,68.72852233676976,9.278350515463918,59.450171821305844
E00131108,256,46,15,31,210,29,181,17.96875,5.859375,12.109375,82.03125,11.328125,70.703125
E00131109,243,40,13,27,203,16,187,16.46090534979424,5.349794238683128,11.11111111111111,83.53909465020575,6.584362139917696,76.95473251028807
E00131110,337,43,11,32,294,23,271,12.759643916913946,3.2640949554896146,9.495548961424333,87.24035608308606,6.824925816023739,80.41543026706232
E00131111,278,37,7,30,241,20,221,13.309352517985612,2.5179856115107913,10.79136690647482,86.6906474820144,7.1942446043165464,79.49640287769785
E00131112,367,40,11,29,327,28,299,10.899182561307901,2.997275204359673,7.901907356948229,89.10081743869209,7.629427792915531,81.47138964577657
E00131113,384,52,16,36,332,38,294,13.541666666666666,4.166666666666666,9.375,86.45833333333334,9.895833333333332,76.5625
E00131114,237,49,13,36,188,22,166,20.675105485232066,5.485232067510549,15.18987341772152,79.32489451476793,9.282700421940929,70.042194092827
E00131115,378,58,22,36,320,33,287,15.343915343915343,5.82010582010582,9.523809523809524,84.65608465608466,8.73015873015873,75.92592592592592
E00131116,351,67,27,40,284,33,251,19.08831908831909,7.6923076923076925,11.396011396011396,80.91168091168092,9.401709401709402,71.50997150997152
E00131118,317,75,21,54,242,31,211,23.65930599369085,6.624605678233439,17.034700315457414,76.34069400630915,9.779179810725552,66.5615141955836
E00131119,276,37,10,27,239,30,209,13.405797101449277,3.6231884057971016,9.782608695652174,86.59420289855072,10.869565217391305,75.72463768115942
E00131120,269,72,36,36,197,21,176,26.765799256505574,13.382899628252787,13.382899628252787,73.23420074349443,7.806691449814126,65.4275092936803
E00131121,427,86,38,48,341,28,313,20.140515222482435,8.899297423887589,11.241217798594848,79.85948477751757,6.557377049180328,73.30210772833723
E00131122,484,103,43,60,381,32,349,21.280991735537192,8.884297520661157,12.396694214876034,78.71900826446281,6.6115702479338845,72.10743801652893
E00131123,226,36,12,24,190,17,173,15.929203539823009,5.3097345132743365,10.619469026548673,84.070796460177,7.52212389380531,76.54867256637168
E00131124,366,101,57,44,265,31,234,27.595628415300546,15.573770491803279,12.021857923497267,72.40437158469946,8.469945355191257,63.934426229508205
E00131126,316,62,26,36,254,31,223,19.62025316455696,8.227848101265822,11.39240506329114,80.37974683544303,9.81012658227848,70.56962025316456
E00131127,321,60,17,43,261,26,235,18.69158878504673,5.29595015576324,13.395638629283487,81.30841121495327,8.09968847352025,73.20872274143302
E00131128,262,67,31,36,195,13,182,25.572519083969464,11.83206106870229,13.740458015267176,74.42748091603053,4.961832061068702,69.46564885496184
E00131129,386,64,19,45,322,40,282,16.580310880829018,4.922279792746114,11.658031088082902,83.41968911917098,10.362694300518134,73.05699481865285
E00131130,368,73,24,49,295,22,273,19.83695652173913,6.521739130434782,13.31521739130435,80.16304347826086,5.978260869565218,74.18478260869566
E00131131,433,88,32,56,345,39,306,20.323325635103924,7.390300230946882,12.933025404157044,79.67667436489607,9.006928406466514,70.66974595842956
E00131132,353,61,24,37,292,19,273,17.280453257790366,6.79886685552408,10.48158640226629,82.71954674220963,5.382436260623229,77.33711048158641
E00131133,342,54,14,40,288,41,247,15.789473684210526,4.093567251461988,11.695906432748536,84.21052631578947,11.988304093567251,72.22222222222221
E00131134,350,69,18,51,281,32,249,19.714285714285715,5.142857142857142,14.571428571428571,80.28571428571428,9.142857142857142,71.14285714285714
E00131135,255,55,21,34,200,22,178,21.568627450980394,8.235294117647058,13.333333333333334,78.43137254901961,8.627450980392156,69.80392156862744
E00131136,246,52,19,33,194,22,172,21.138211382113823,7.723577235772358,13.414634146341465,78.86178861788618,8.94308943089431,69.91869918699187
E00131137,206,36,17,19,170,14,156,17.475728155339805,8.25242718446602,9.223300970873787,82.52427184466019,6.796116504854369,75.72815533980582
E00131138,258,44,14,30,214,22,192,17.05426356589147,5.426356589147287,11.627906976744185,82.94573643410853,8.527131782945736,74.4186046511628
E00131139,247,44,17,27,203,21,182,17.813765182186234,6.882591093117409,10.931174089068826,82.18623481781377,8.502024291497975,73.68421052631578
E00131140,279,47,15,32,232,26,206,16.845878136200717,5.376344086021505,11.469534050179211,83.15412186379928,9.31899641577061,73.83512544802868
E00131141,320,53,21,32,267,15,252,16.5625,6.5625,10,83.4375,4.6875,78.75
E00131142,333,86,31,55,247,25,222,25.825825825825827,9.30930930930931,16.516516516516518,74.17417417417418,7.5075075075075075,66.66666666666666
E00131143,473,143,74,69,330,36,294,30.23255813953488,15.644820295983086,14.587737843551796,69.76744186046511,7.6109936575052854,62.15644820295984
E00131144,296,92,46,46,204,31,173,31.08108108108108,15.54054054054054,15.54054054054054,68.91891891891892,10.472972972972974,58.445945945945944
E00131145,321,44,15,29,277,20,257,13.707165109034266,4.672897196261682,9.034267912772584,86.29283489096574,6.230529595015576,80.06230529595015
E00131146,281,50,24,26,231,24,207,17.793594306049823,8.540925266903916,9.252669039145907,82.20640569395017,8.540925266903916,73.66548042704626
E00131147,347,59,26,33,288,30,258,17.002881844380404,7.492795389048991,9.510086455331413,82.9971181556196,8.645533141210375,74.35158501440922
E00131148,351,45,12,33,306,29,277,12.82051282051282,3.418803418803419,9.401709401709402,87.17948717948718,8.262108262108262,78.91737891737893
E00131150,340,25,7,18,315,17,298,7.352941176470589,2.0588235294117645,5.294117647058823,92.64705882352942,5,87.6470588235294
E00131151,249,60,18,42,189,15,174,24.096385542168676,7.228915662650602,16.867469879518072,75.90361445783132,6.024096385542169,69.87951807228916
E00131152,298,49,20,29,249,17,232,16.44295302013423,6.7114093959731544,9.731543624161073,83.55704697986577,5.704697986577181,77.85234899328859
E00131153,223,37,8,29,186,22,164,16.591928251121075,3.587443946188341,13.004484304932735,83.40807174887892,9.865470852017937,73.54260089686099
E00131154,210,69,34,35,141,18,123,32.857142857142854,16.19047619047619,16.666666666666664,67.14285714285714,8.571428571428571,58.57142857142858
E00131155,288,35,9,26,253,24,229,12.152777777777777,3.125,9.027777777777777,87.84722222222221,8.333333333333332,79.51388888888889
E00131156,481,62,25,37,419,36,383,12.889812889812891,5.197505197505198,7.6923076923076925,87.11018711018711,7.484407484407485,79.62577962577963
E00131157,310,48,12,36,262,28,234,15.483870967741936,3.870967741935484,11.612903225806452,84.51612903225806,9.032258064516128,75.48387096774194
E00131158,294,46,19,27,248,36,212,15.646258503401361,6.462585034013606,9.183673469387756,84.35374149659864,12.244897959183673,72.10884353741497
E00131159,301,50,17,33,251,24,227,16.611295681063122,5.647840531561462,10.96345514950166,83.38870431893687,7.973421926910299,75.41528239202658
E00131160,223,57,25,32,166,24,142,25.56053811659193,11.210762331838566,14.349775784753364,74.43946188340807,10.762331838565023,63.67713004484305
E00131161,323,55,22,33,268,28,240,17.027863777089784,6.811145510835913,10.21671826625387,82.97213622291022,8.6687306501548,74.30340557275542
E00131162,308,42,16,26,266,23,243,13.636363636363635,5.194805194805195,8.441558441558442,86.36363636363636,7.467532467532467,78.8961038961039
E00131163,304,43,12,31,261,33,228,14.144736842105262,3.9473684210526314,10.197368421052632,85.85526315789474,10.855263157894738,75
E00131164,296,36,13,23,260,12,248,12.162162162162163,4.391891891891892,7.77027027027027,87.83783783783784,4.054054054054054,83.78378378378379
E00131165,403,42,13,29,361,32,329,10.421836228287841,3.225806451612903,7.196029776674938,89.57816377171216,7.94044665012407,81.6377171215881
E00131166,455,58,23,35,397,33,364,12.747252747252746,5.054945054945055,7.6923076923076925,87.25274725274726,7.252747252747254,80
E00131167,361,71,27,44,290,33,257,19.667590027700832,7.479224376731302,12.18836565096953,80.33240997229917,9.141274238227147,71.19113573407202
E00131168,288,46,17,29,242,27,215,15.972222222222221,5.902777777777778,10.069444444444445,84.02777777777779,9.375,74.65277777777779
E00131169,290,57,22,35,233,15,218,19.655172413793103,7.586206896551724,12.068965517241379,80.3448275862069,5.172413793103448,75.17241379310344
E00131170,344,54,21,33,290,21,269,15.69767441860465,6.104651162790697,9.593023255813954,84.30232558139535,6.104651162790697,78.19767441860465
E00131171,251,48,21,27,203,20,183,19.12350597609562,8.366533864541832,10.756972111553784,80.87649402390437,7.968127490039841,72.90836653386454
E00131172,405,84,40,44,321,23,298,20.74074074074074,9.876543209876543,10.864197530864198,79.25925925925927,5.679012345679013,73.58024691358025
E00131173,391,105,54,51,286,36,250,26.854219948849106,13.810741687979538,13.043478260869565,73.1457800511509,9.207161125319693,63.9386189258312
E00131174,302,103,57,46,199,16,183,34.105960264900666,18.874172185430464,15.2317880794702,65.89403973509934,5.298013245033113,60.59602649006622
E00131175,319,56,21,35,263,32,231,17.55485893416928,6.583072100313479,10.9717868338558,82.44514106583071,10.031347962382444,72.41379310344827
E00131176,271,64,29,35,207,20,187,23.616236162361623,10.70110701107011,12.915129151291513,76.38376383763837,7.380073800738007,69.00369003690037
E00131177,252,42,15,27,210,11,199,16.666666666666664,5.952380952380952,10.714285714285714,83.33333333333334,4.365079365079365,78.96825396825396
E00131178,277,52,19,33,225,32,193,18.772563176895307,6.859205776173286,11.913357400722022,81.2274368231047,11.552346570397113,69.67509025270758
E00131179,423,98,28,70,325,45,280,23.167848699763592,6.619385342789598,16.548463356973993,76.8321513002364,10.638297872340425,66.19385342789597
E00131180,459,45,18,27,414,31,383,9.803921568627452,3.9215686274509802,5.88235294117647,90.19607843137256,6.753812636165578,83.44226579520696
E00131181,240,39,12,27,201,21,180,16.25,5,11.25,83.75,8.75,75
E00131182,320,69,23,46,251,26,225,21.5625,7.187499999999999,14.374999999999998,78.4375,8.125,70.3125
E00131183,444,88,38,50,356,29,327,19.81981981981982,8.558558558558559,11.26126126126126,80.18018018018019,6.531531531531531,73.64864864864865
E00131184,290,43,19,24,247,26,221,14.827586206896552,6.551724137931035,8.275862068965518,85.17241379310346,8.96551724137931,76.20689655172413
E00131185,372,82,32,50,290,28,262,22.043010752688172,8.60215053763441,13.440860215053762,77.95698924731182,7.526881720430108,70.43010752688173
E00131186,270,42,13,29,228,29,199,15.555555555555555,4.814814814814815,10.74074074074074,84.44444444444444,10.74074074074074,73.70370370370371
E00131187,280,48,18,30,232,20,212,17.142857142857142,6.428571428571428,10.714285714285714,82.85714285714286,7.142857142857142,75.71428571428571
E00131191,284,37,8,29,247,33,214,13.028169014084506,2.8169014084507045,10.211267605633804,86.97183098591549,11.619718309859154,75.35211267605634
E00131192,177,76,35,41,101,7,94,42.93785310734463,19.774011299435028,23.163841807909606,57.06214689265536,3.954802259887006,53.10734463276836
E00131193,401,57,18,39,344,37,307,14.214463840399002,4.488778054862843,9.72568578553616,85.785536159601,9.226932668329177,76.55860349127181
E00131196,224,41,17,24,183,24,159,18.303571428571427,7.5892857142857135,10.714285714285714,81.69642857142857,10.714285714285714,70.98214285714286
E00131197,180,29,7,22,151,16,135,16.11111111111111,3.888888888888889,12.222222222222221,83.88888888888889,8.88888888888889,75
E00131198,251,37,15,22,214,21,193,14.741035856573706,5.9760956175298805,8.764940239043826,85.2589641434263,8.366533864541832,76.89243027888446
E00131199,241,54,23,31,187,20,167,22.40663900414938,9.54356846473029,12.863070539419086,77.59336099585063,8.29875518672199,69.29460580912863
E00131200,226,42,15,27,184,17,167,18.58407079646018,6.637168141592921,11.946902654867257,81.41592920353983,7.52212389380531,73.89380530973452
E00131201,286,34,19,15,252,25,227,11.888111888111888,6.643356643356643,5.244755244755245,88.11188811188812,8.741258741258742,79.37062937062937
E00131202,307,55,22,33,252,17,235,17.91530944625407,7.166123778501629,10.749185667752444,82.08469055374593,5.537459283387622,76.54723127035831
E00131203,287,34,14,20,253,31,222,11.846689895470384,4.878048780487805,6.968641114982578,88.15331010452961,10.801393728222997,77.35191637630662
E00131205,408,62,16,46,346,30,316,15.196078431372548,3.9215686274509802,11.27450980392157,84.80392156862744,7.352941176470589,77.45098039215686
E00131206,241,37,13,24,204,18,186,15.352697095435685,5.394190871369295,9.95850622406639,84.64730290456431,7.468879668049793,77.17842323651453
E00131207,317,63,31,32,254,26,228,19.873817034700316,9.779179810725552,10.094637223974763,80.12618296529969,8.201892744479496,71.92429022082018
E00131208,205,51,17,34,154,17,137,24.878048780487806,8.292682926829269,16.585365853658537,75.1219512195122,8.292682926829269,66.82926829268293
E00131209,259,50,26,24,209,20,189,19.305019305019304,10.038610038610038,9.266409266409266,80.6949806949807,7.722007722007722,72.97297297297297
E00131210,326,61,28,33,265,22,243,18.711656441717793,8.588957055214724,10.122699386503067,81.28834355828221,6.748466257668712,74.5398773006135
E00131211,266,70,28,42,196,25,171,26.31578947368421,10.526315789473683,15.789473684210526,73.68421052631578,9.398496240601503,64.28571428571429
E00131212,377,66,28,38,311,35,276,17.50663129973475,7.427055702917771,10.079575596816976,82.49336870026525,9.283819628647215,73.20954907161804
E00131213,351,51,21,30,300,29,271,14.529914529914532,5.982905982905983,8.547008547008547,85.47008547008546,8.262108262108262,77.20797720797721
E00131214,371,44,17,27,327,30,297,11.859838274932615,4.5822102425876015,7.277628032345014,88.14016172506739,8.086253369272237,80.05390835579514
E00131215,375,54,19,35,321,31,290,14.399999999999999,5.066666666666666,9.333333333333334,85.6,8.266666666666666,77.33333333333333
E00131216,569,83,24,59,486,51,435,14.586994727592268,4.21792618629174,10.369068541300527,85.41300527240774,8.963093145869948,76.44991212653778
E00131217,222,28,11,17,194,17,177,12.612612612612612,4.954954954954955,7.657657657657657,87.38738738738738,7.657657657657657,79.72972972972973
E00131218,446,87,27,60,359,33,326,19.506726457399104,6.053811659192825,13.452914798206278,80.49327354260089,7.399103139013453,73.09417040358744
E00131220,335,46,12,34,289,35,254,13.73134328358209,3.582089552238806,10.149253731343283,86.26865671641791,10.44776119402985,75.82089552238806
E00131222,399,59,20,39,340,35,305,14.786967418546364,5.012531328320802,9.774436090225564,85.21303258145363,8.771929824561402,76.441102756892235
E00131223,295,46,19,27,249,22,227,15.593220338983052,6.440677966101695,9.152542372881356,84.40677966101696,7.457627118644068,76.94915254237287
E00131224,266,35,8,27,231,28,203,13.157894736842104,3.007518796992481,10.150375939849624,86.8421052631579,10.526315789473683,76.31578947368422
E00131225,374,68,22,46,306,30,276,18.181818181818183,5.88235294117647,12.299465240641712,81.81818181818183,8.0213903743315509,73.79679144385027
E00131226,315,41,13,28,274,33,241,13.015873015873018,4.1269841269841265,8.88888888888889,86.98412698412699,10.476190476190476,76.5079365079365
E00131227,266,43,15,28,223,25,198,16.165413533834585,5.639097744360902,10.526315789473683,83.83458646616542,9.398496240601503,74.43609022556392
E00131228,322,45,19,26,277,25,252,13.975155279503104,5.900621118012422,8.074534161490684,86.0248447204969,7.763975155279502,78.26086956521739
E00131230,427,67,27,40,360,30,330,15.690866510538642,6.323185011709602,9.367681498829041,84.30913348946136,7.02576112412178,77.28337236533957
E00131231,192,44,19,25,148,13,135,22.916666666666664,9.895833333333332,13.020833333333334,77.08333333333334,6.770833333333333,70.3125
E00131232,291,74,19,55,217,23,194,25.42955326460481,6.529209621993128,18.900343642611684,74.5704467353952,7.903780068728522,66.66666666666666
E00131233,179,40,13,27,139,16,123,22.3463687150838,7.262569832402235,15.083798882681565,77.6536312849162,8.938547486033519,68.71508379888269
E00131234,292,63,27,36,229,31,198,21.575342465753426,9.246575342465754,12.32876712328767,78.42465753424658,10.616438356164384,67.8082191780822
E00131235,259,60,19,41,199,14,185,23.166023166023166,7.335907335907336,15.83011583011583,76.83397683397683,5.405405405405405,71.42857142857143
E00131236,301,53,20,33,248,21,227,17.60797342192691,6.64451827242525,10.96345514950166,82.39202657807309,6.976744186046512,75.41528239202658
E00131237,272,43,20,23,229,21,208,15.808823529411764,7.352941176470589,8.455882352941178,84.19117647058823,7.720588235294118,76.47058823529412
E00131238,215,66,44,22,149,17,132,30.697674418604652,20.46511627906977,10.232558139534884,69.30232558139535,7.906976744186046,61.395348837209305
E00131239,310,39,13,26,271,22,249,12.580645161290322,4.193548387096775,8.38709677419355,87.41935483870968,7.096774193548387,80.3225806451613
E00131240,258,60,28,32,198,28,170,23.25581395348837,10.852713178294573,12.4031007751938,76.74418604651163,10.852713178294573,65.89147286821705
E00131241,448,81,33,48,367,45,322,18.080357142857142,7.366071428571429,10.714285714285714,81.91964285714286,10.044642857142858,71.875
E00131242,293,49,19,30,244,28,216,16.723549488054605,6.484641638225256,10.238907849829351,83.27645051194538,9.556313993174061,73.72013651877133
E00131243,260,63,25,38,197,28,169,24.23076923076923,9.615384615384617,14.615384615384617,75.76923076923077,10.76923076923077,65
E00131244,461,50,12,38,411,35,376,10.84598698481562,2.6030368763557483,8.24295010845987,89.15401301518439,7.592190889370933,81.56182212581345
E00131246,452,87,45,42,365,29,336,19.24778761061947,9.955752212389381,9.29203539823009,80.75221238938053,6.415929203539823,74.33628318584071
E00131247,266,46,17,29,220,23,197,17.293233082706767,6.390977443609022,10.902255639097744,82.70676691729322,8.646616541353383,74.06015037593986
E00131248,206,86,45,41,120,14,106,41.74757281553398,21.844660194174757,19.902912621359224,58.252427184466015,6.796116504854369,51.45631067961165
E00131249,262,52,21,31,210,19,191,19.84732824427481,8.015267175572518,11.83206106870229,80.1526717557252,7.251908396946565,72.90076335877863
E00131250,276,61,25,36,215,25,190,22.10144927536232,9.057971014492754,13.043478260869565,77.89855072463769,9.057971014492754,68.84057971014492
E00131251,292,53,24,29,239,20,219,18.15068493150685,8.21917808219178,9.931506849315069,81.84931506849315,6.8493150684931505,75
E00131252,288,42,18,24,246,19,227,14.583333333333334,6.25,8.333333333333332,85.41666666666666,6.597222222222222,78.81944444444444
E00131253,243,51,14,37,192,22,170,20.98765432098765,5.761316872427984,15.22633744855967,79.01234567901234,9.053497942386832,69.95884773662551
E00131254,204,36,12,24,168,29,139,17.647058823529413,5.88235294117647,11.76470588235294,82.35294117647058,14.215686274509803,68.13725490196079
E00131255,388,71,33,38,317,33,284,18.298969072164947,8.505154639175258,9.793814432989691,81.70103092783505,8.505154639175258,73.19587628865979
E00131256,560,56,26,30,504,40,464,10,4.642857142857143,5.357142857142857,90,7.142857142857142,82.85714285714286
E00131257,384,49,14,35,335,31,304,12.760416666666666,3.6458333333333335,9.114583333333332,87.23958333333334,8.072916666666668,79.16666666666666
E00131258,272,45,23,22,227,23,204,16.544117647058822,8.455882352941178,8.088235294117647,83.45588235294117,8.455882352941178,75
E00131259,237,75,35,40,162,10,152,31.645569620253166,14.767932489451477,16.877637130801688,68.35443037974683,4.219409282700422,64.13502109704642
E00131260,597,127,60,67,470,39,431,21.273031825795645,10.050251256281408,11.222780569514237,78.72696817420436,6.532663316582915,72.19430485762143
E00131261,275,40,14,26,235,16,219,14.545454545454545,5.090909090909091,9.454545454545455,85.45454545454545,5.818181818181818,79.63636363636364
E00131262,189,25,6,19,164,10,154,13.227513227513226,3.1746031746031744,10.052910052910052,86.77248677248677,5.291005291005291,81.48148148148148
E00131263,389,60,15,45,329,27,302,15.424164524421593,3.8560411311053984,11.568123393316196,84.57583547557842,6.940874035989718,77.6349614395887
E00131264,378,56,23,33,322,40,282,14.814814814814813,6.084656084656085,8.73015873015873,85.18518518518519,10.582010582010582,74.60317460317461
E00131265,306,64,21,43,242,17,225,20.915032679738562,6.862745098039216,14.052287581699346,79.08496732026144,5.555555555555555,73.52941176470588
E00131267,278,48,20,28,230,24,206,17.26618705035971,7.1942446043165464,10.071942446043165,82.73381294964028,8.633093525179856,74.10071942446042
E00131268,244,36,15,21,208,22,186,14.754098360655737,6.147540983606557,8.60655737704918,85.24590163934425,9.01639344262295,76.22950819672131
E00131269,120,31,17,14,89,8,81,25.833333333333336,14.166666666666666,11.666666666666666,74.16666666666667,6.666666666666667,67.5
E00131270,182,83,46,37,99,15,84,45.604395604395606,25.274725274725274,20.32967032967033,54.395604395604394,8.241758241758241,46.15384615384615
E00131271,367,65,26,39,302,24,278,17.71117166212534,7.084468664850137,10.626702997275205,82.28882833787466,6.539509536784741,75.74931880108991
E00131272,233,57,21,36,176,20,156,24.463519313304722,9.012875536480687,15.450643776824036,75.53648068669528,8.583690987124463,66.95278969957081
E00131273,243,54,20,34,189,17,172,22.22222222222222,8.23045267489712,13.991769547325102,77.77777777777779,6.995884773662551,70.78189300411523
E00131274,236,52,21,31,184,27,157,22.033898305084744,8.898305084745763,13.135593220338984,77.96610169491525,11.440677966101696,66.52542372881356
E00131275,282,55,28,27,227,19,208,19.50354609929078,9.929078014184398,9.574468085106384,80.49645390070921,6.73758865248227,73.75886524822694
E00131276,258,40,19,21,218,19,199,15.503875968992247,7.3643410852713185,8.13953488372093,84.49612403100775,7.3643410852713185,77.13178294573643
E00131277,176,41,15,26,135,14,121,23.295454545454543,8.522727272727272,14.772727272727273,76.70454545454545,7.954545454545454,68.75
E00131278,329,63,22,41,266,22,244,19.148936170212767,6.68693009118541,12.462006079027356,80.85106382978722,6.68693009118541,74.16413373860182
E00131279,280,33,10,23,247,19,228,11.785714285714285,3.571428571428571,8.214285714285714,88.21428571428571,6.785714285714286,81.42857142857143
E00131280,611,83,30,53,528,66,462,13.584288052373159,4.909983633387888,8.674304418985269,86.41571194762683,10.801963993453354,75.61374795417348
E00131281,297,67,29,38,230,20,210,22.55892255892256,9.764309764309765,12.794612794612794,77.44107744107744,6.7340067340067336,70.70707070707071
E00131283,378,42,14,28,336,30,306,11.11111111111111,3.7037037037037033,7.4074074074074066,88.88888888888889,7.936507936507936,80.95238095238095
E00131284,227,41,14,27,186,20,166,18.06167400881057,6.167400881057269,11.894273127753303,81.93832599118943,8.81057268722467,73.12775330396477
E00131285,266,34,9,25,232,39,193,12.781954887218044,3.3834586466165413,9.398496240601503,87.21804511278195,14.661654135338345,72.55639097744361
E00131286,492,54,14,40,438,38,400,10.975609756097562,2.8455284552845526,8.130081300813007,89.02439024390245,7.723577235772358,81.30081300813008
E00131287,272,40,10,30,232,21,211,14.705882352941178,3.6764705882352944,11.029411764705882,85.29411764705883,7.720588235294118,77.57352941176471
E00131288,198,73,38,35,125,10,115,36.868686868686865,19.19191919191919,17.67676767676768,63.13131313131313,5.05050505050505,58.080808080808076
E00131289,484,91,34,57,393,35,358,18.801652892561986,7.024793388429752,11.776859504132231,81.19834710743802,7.231404958677685,73.96694214876032
E00131290,325,26,8,18,299,37,262,8,2.4615384615384617,5.538461538461538,92,11.384615384615385,80.61538461538461
E00131292,127,48,33,15,79,14,65,37.79527559055118,25.984251968503933,11.811023622047244,62.20472440944882,11.023622047244094,51.181102362204726
E00131293,260,27,8,19,233,35,198,10.384615384615385,3.076923076923077,7.307692307692308,89.61538461538461,13.461538461538462,76.15384615384615
E00131294,219,63,19,44,156,16,140,28.767123287671232,8.67579908675799,20.091324200913242,71.23287671232876,7.30593607305936,63.926940639269404
E00131295,287,61,19,42,226,33,193,21.254355400696863,6.620209059233449,14.634146341463413,78.74564459930313,11.498257839721255,67.24738675958189
E00131296,358,67,20,47,291,37,254,18.71508379888268,5.58659217877095,13.128491620111731,81.28491620111731,10.335195530726256,70.94972067039106
E00131297,548,102,34,68,446,42,404,18.613138686131386,6.204379562043796,12.408759124087592,81.38686131386861,7.664233576642336,73.72262773722628
E00131298,237,50,18,32,187,19,168,21.09704641350211,7.59493670886076,13.502109704641349,78.90295358649789,8.016877637130802,70.88607594936708
E00131299,296,55,12,43,241,30,211,18.58108108108108,4.054054054054054,14.527027027027026,81.41891891891892,10.135135135135135,71.28378378378379
E00131300,165,17,3,14,148,8,140,10.303030303030303,1.8181818181818181,8.484848484848486,89.6969696969697,4.848484848484849,84.84848484848484
E00131301,310,59,17,42,251,27,224,19.032258064516128,5.483870967741936,13.548387096774196,80.96774193548387,8.709677419354838,72.25806451612902
E00131302,302,66,31,35,236,23,213,21.85430463576159,10.264900662251655,11.589403973509933,78.1456953642384,7.6158940397351,70.52980132450331
E00131303,262,79,32,47,183,18,165,30.15267175572519,12.213740458015266,17.938931297709924,69.8473282442748,6.870229007633588,62.97709923664122
E00131304,276,51,18,33,225,32,193,18.478260869565215,6.521739130434782,11.956521739130435,81.52173913043478,11.594202898550725,69.92753623188406
E00131305,391,47,16,31,344,20,324,12.020460358056265,4.092071611253197,7.928388746803069,87.97953964194375,5.115089514066496,82.86445012787725
E00131306,295,44,21,23,251,28,223,14.915254237288137,7.118644067796611,7.796610169491526,85.08474576271186,9.491525423728813,75.59322033898304
E00131307,335,55,21,34,280,37,243,16.417910447761194,6.26865671641791,10.149253731343283,83.5820895522388,11.044776119402986,72.53731343283583
E00131308,164,24,9,15,140,21,119,14.634146341463413,5.487804878048781,9.146341463414634,85.36585365853658,12.804878048780488,72.5609756097561
E00131309,349,59,17,42,290,36,254,16.9054441260745,4.871060171919771,12.034383954154727,83.0945558739255,10.315186246418339,72.77936962750717
E00131311,238,40,20,20,198,14,184,16.80672268907563,8.403361344537815,8.403361344537815,83.19327731092437,5.88235294117647,77.31092436974791
E00131312,502,99,48,51,403,35,368,19.721115537848604,9.56175298804781,10.159362549800797,80.2788844621514,6.97211155378486,73.30677290836654
E00131313,277,61,30,31,216,15,201,22.021660649819495,10.830324909747292,11.191335740072201,77.9783393501805,5.415162454873646,72.56317689530685
E00131314,129,20,6,14,109,8,101,15.503875968992247,4.651162790697675,10.852713178294573,84.49612403100775,6.2015503875969,78.29457364341084
E00131315,353,54,20,34,299,25,274,15.29745042492918,5.6657223796034,9.631728045325778,84.70254957507082,7.0821529745042495,77.62039660056658
E00131316,262,66,24,42,196,19,177,25.190839694656486,9.16030534351145,16.030534351145036,74.80916030534351,7.251908396946565,67.55725190839695
E00131317,265,37,10,27,228,17,211,13.962264150943396,3.7735849056603774,10.18867924528302,86.0377358490566,6.415094339622642,79.62264150943396
E00131318,260,44,14,30,216,17,199,16.923076923076923,5.384615384615385,11.538461538461538,83.07692307692308,6.538461538461539,76.53846153846153
E00131319,227,36,10,26,191,21,170,15.859030837004406,4.405286343612335,11.45374449339207,84.14096916299559,9.251101321585903,74.8898678414097
E00131320,275,84,41,43,191,22,169,30.545454545454547,14.909090909090908,15.636363636363637,69.45454545454545,8,61.45454545454545
E00131321,315,49,25,24,266,36,230,15.555555555555555,7.936507936507936,7.6190476190476195,84.44444444444444,11.428571428571429,73.01587301587301
E00131322,300,51,16,35,249,24,225,17,5.333333333333334,11.666666666666666,83,8,75
E00131324,314,60,22,38,254,13,241,19.10828025477707,7.006369426751593,12.101910828025478,80.89171974522293,4.140127388535031,76.75159235668791
E00131325,321,37,15,22,284,21,263,11.526479750778815,4.672897196261682,6.853582554517133,88.47352024922118,6.5420560747663545,81.93146417445483
E00131326,605,70,29,41,535,30,505,11.570247933884298,4.793388429752066,6.776859504132231,88.42975206611571,4.958677685950414,83.47107438016529
E00131327,217,52,22,30,165,14,151,23.963133640552993,10.138248847926267,13.82488479262673,76.036866359447,6.451612903225806,69.5852534562212
E00131328,355,67,29,38,288,19,269,18.87323943661972,8.169014084507042,10.704225352112676,81.12676056338029,5.352112676056338,75.77464788732394
E00131329,247,33,11,22,214,13,201,13.360323886639677,4.4534412955465585,8.906882591093117,86.63967611336032,5.263157894736842,81.37651821862349
E00131330,318,50,16,34,268,33,235,15.723270440251572,5.031446540880504,10.69182389937107,84.27672955974843,10.377358490566039,73.89937106918238
E00131331,509,42,13,29,467,39,428,8.25147347740668,2.5540275049115913,5.697445972495088,91.74852652259332,7.662082514734774,84.08644400785855
E00131332,303,56,20,36,247,16,231,18.48184818481848,6.6006600660066,11.881188118811881,81.51815181518151,5.2805280528052805,76.23762376237624
E00131333,364,50,18,32,314,30,284,13.736263736263737,4.945054945054945,8.791208791208792,86.26373626373626,8.241758241758241,78.02197802197803
E00131334,293,48,26,22,245,28,217,16.38225255972696,8.873720136518772,7.508532423208192,83.61774744027304,9.556313993174061,74.06143344709898
E00131335,234,37,12,25,197,21,176,15.81196581196581,5.128205128205128,10.683760683760683,84.1880341880342,8.974358974358974,75.21367521367522
E00131336,200,39,14,25,161,11,150,19.5,7.000000000000001,12.5,80.5,5.5,75
E00131337,277,60,27,33,217,18,199,21.660649819494584,9.747292418772563,11.913357400722022,78.33935018050542,6.4981949458483745,71.84115523465704
E00170659,183,52,22,30,131,12,119,28.415300546448087,12.021857923497267,16.39344262295082,71.58469945355192,6.557377049180328,65.02732240437157
E00170660,413,60,21,39,353,30,323,14.527845036319611,5.084745762711865,9.443099273607748,85.4721549636804,7.263922518159806,78.20823244552058
E00170661,248,36,14,22,212,23,189,14.516129032258066,5.64516129032258,8.870967741935484,85.48387096774194,9.274193548387096,76.20967741935483
E00170662,222,26,6,20,196,21,175,11.711711711711711,2.7027027027027026,9.00900900900901,88.28828828828829,9.45945945945946,78.82882882882883
E00170663,222,44,10,34,178,13,165,19.81981981981982,4.504504504504505,15.315315315315313,80.18018018018019,5.8558558558558556,74.32432432432432
E00170664,313,99,40,59,214,20,194,31.629392971246006,12.779552715654951,18.849840255591054,68.370607028754,6.3897763578274756,61.980830670926515
E00170665,262,50,16,34,212,24,188,19.083969465648856,6.106870229007633,12.977099236641221,80.91603053435115,9.16030534351145,71.7557251908397
E00170666,482,45,16,29,437,42,395,9.336099585062241,3.319502074688797,6.016597510373444,90.66390041493776,8.71369294605809,81.95020746887967
E00170668,463,51,16,35,412,33,379,11.01511879049676,3.455723542116631,7.559395248380129,88.98488120950324,7.127429805615551,81.8574514038877
E00170669,292,34,12,22,258,22,236,11.643835616438356,4.10958904109589,7.534246575342466,88.35616438356165,7.534246575342466,80.82191780821918
E00170670,297,23,9,14,274,27,247,7.744107744107744,3.0303030303030303,4.713804713804714,92.25589225589226,9.090909090909092,83.16498316498317
E00170671,300,53,21,32,247,24,223,17.666666666666668,7.000000000000001,10.666666666666668,82.33333333333334,8,74.33333333333333
E00170672,276,32,10,22,244,21,223,11.594202898550725,3.6231884057971016,7.971014492753622,88.40579710144928,7.608695652173914,80.79710144927536
E00170673,183,36,9,27,147,13,134,19.672131147540984,4.918032786885246,14.754098360655737,80.32786885245902,7.103825136612022,73.224043715847
E00170674,219,36,13,23,183,18,165,16.43835616438356,5.93607305936073,10.50228310502283,83.56164383561644,8.21917808219178,75.34246575342466
E00170675,300,42,13,29,258,18,240,14.000000000000002,4.333333333333334,9.666666666666666,86,6,80
E00170676,360,43,19,24,317,32,285,11.944444444444445,5.277777777777778,6.666666666666667,88.05555555555556,8.88888888888889,79.16666666666666
E00170677,533,40,14,26,493,42,451,7.5046904315197,2.6266416510318953,4.878048780487805,92.4953095684803,7.879924953095685,84.61538461538461
E00170678,353,48,22,26,305,27,278,13.59773371104816,6.232294617563739,7.365439093484419,86.40226628895185,7.64872521246459,78.75354107648725
E00170679,576,68,30,38,508,34,474,11.805555555555555,5.208333333333334,6.597222222222222,88.19444444444444,5.902777777777778,82.29166666666666
E00170680,328,47,12,35,281,33,248,14.329268292682926,3.6585365853658534,10.670731707317072,85.67073170731707,10.060975609756099,75.60975609756098
E00170681,326,38,16,22,288,23,265,11.65644171779141,4.9079754601226995,6.748466257668712,88.34355828220859,7.05521472392638,81.28834355828221
E00170682,338,34,11,23,304,20,284,10.059171597633137,3.2544378698224854,6.8047337278106506,89.94082840236686,5.9171597633136095,84.02366863905326
E00170683,146,20,5,15,126,11,115,13.698630136986301,3.4246575342465753,10.273972602739725,86.3013698630137,7.534246575342466,78.76712328767124
E00170684,435,41,7,34,394,35,359,9.425287356321839,1.6091954022988506,7.816091954022989,90.57471264367815,8.045977011494253,82.5287356321839
E00187340,255,32,7,25,223,14,209,12.549019607843137,2.7450980392156863,9.803921568627452,87.45098039215686,5.490196078431373,81.96078431372548
E00187342,370,40,8,32,330,31,299,10.81081081081081,2.1621621621621623,8.64864864864865,89.1891891891892,8.378378378378379,80.8108108108108
E00187344,352,37,11,26,315,25,290,10.511363636363637,3.125,7.386363636363637,89.48863636363636,7.1022727272727275,82.38636363636364
E00187348,196,62,38,24,134,16,118,31.63265306122449,19.387755102040817,12.244897959183673,68.36734693877551,8.16326530612245,60.204081632653065
E00187351,230,48,15,33,182,18,164,20.869565217391305,6.521739130434782,14.347826086956522,79.13043478260869,7.82608695652174,71.30434782608695
E00187353,267,36,11,25,231,19,212,13.48314606741573,4.119850187265917,9.363295880149813,86.51685393258427,7.116104868913857,79.40074906367042
E00187369,416,61,28,33,355,31,324,14.663461538461538,6.730769230769231,7.9326923076923075,85.33653846153845,7.451923076923077,77.88461538461539
E00187375,333,39,14,25,294,29,265,11.711711711711711,4.2042042042042045,7.5075075075075075,88.28828828828829,8.708708708708707,79.57957957957959
E00187381,341,31,13,18,310,25,285,9.090909090909092,3.812316715542522,5.278592375366569,90.9090909090909,7.331378299120235,83.57771260997067
E00187383,340,84,64,20,256,18,238,24.705882352941178,18.823529411764707,5.88235294117647,75.29411764705883,5.294117647058823,70
E00187397,245,52,21,31,193,27,166,21.224489795918366,8.571428571428571,12.653061224489795,78.77551020408163,11.020408163265307,67.75510204081633
E00187408,354,78,35,43,276,18,258,22.033898305084744,9.887005649717514,12.146892655367232,77.96610169491525,5.084745762711865,72.88135593220339
E00187410,275,39,17,22,236,28,208,14.181818181818182,6.181818181818182,8,85.81818181818181,10.181818181818182,75.63636363636364
E00187414,489,83,33,50,406,39,367,16.973415132924334,6.748466257668712,10.224948875255624,83.02658486707567,7.975460122699387,75.05112474437627
E00187420,309,52,18,34,257,26,231,16.828478964401295,5.825242718446602,11.003236245954692,83.1715210355987,8.414239482200648,74.75728155339806
E00187431,185,19,5,14,166,15,151,10.27027027027027,2.7027027027027026,7.567567567567568,89.72972972972974,8.108108108108109,81.62162162162161
E00187433,169,27,9,18,142,12,130,15.976331360946746,5.325443786982249,10.650887573964498,84.02366863905326,7.100591715976331,76.92307692307693
E00187442,616,53,10,43,563,52,511,8.603896103896105,1.6233766233766231,6.98051948051948,91.3961038961039,8.441558441558442,82.95454545454545
E00187443,516,61,19,42,455,32,423,11.821705426356589,3.6821705426356592,8.13953488372093,88.17829457364341,6.2015503875969,81.97674418604652
E00187449,209,28,10,18,181,18,163,13.397129186602871,4.784688995215311,8.61244019138756,86.60287081339713,8.61244019138756,77.99043062200957
E00187467,161,22,2,20,139,15,124,13.664596273291925,1.2422360248447204,12.422360248447205,86.33540372670807,9.316770186335404,77.01863354037268
E00187473,280,33,12,21,247,22,225,11.785714285714285,4.285714285714286,7.5,88.21428571428571,7.857142857142857,80.35714285714286
E00187476,371,48,13,35,323,34,289,12.93800539083558,3.5040431266846364,9.433962264150944,87.06199460916442,9.164420485175203,77.89757412398922
E00187484,302,37,17,20,265,32,233,12.251655629139073,5.629139072847682,6.622516556291391,87.74834437086093,10.596026490066226,77.15231788079471
E00187487,405,81,34,47,324,26,298,20,8.395061728395062,11.604938271604938,80,6.419753086419753,73.58024691358025
E00187493,345,40,10,30,305,31,274,11.594202898550725,2.898550724637681,8.695652173913043,88.40579710144928,8.985507246376812,79.42028985507247
E00187494,229,49,20,29,180,15,165,21.397379912663755,8.73362445414847,12.663755458515283,78.60262008733623,6.550218340611353,72.0524017467249
E00187496,165,36,18,18,129,15,114,21.818181818181817,10.909090909090908,10.909090909090908,78.18181818181819,9.090909090909092,69.0909090909091
