OA,ts0590001,ts0590002,ts0590003,ts0590004,ts0590005,ts0590006,ts0590007,ts0590002_PCT,ts0590003_PCT,ts0590004_PCT,ts0590005_PCT,ts0590006_PCT,ts0590007_PCT
E00016972,138,24,16,8,114,98,16,17.391304347826086,11.594202898550725,5.797101449275362,82.6086956521739,71.01449275362319,11.594202898550725
E00016973,137,29,8,21,108,94,14,21.16788321167883,5.839416058394161,15.328467153284672,78.83211678832117,68.61313868613139,10.218978102189782
E00016974,207,35,15,20,172,141,31,16.908212560386474,7.246376811594203,9.66183574879227,83.09178743961353,68.11594202898551,14.975845410628018
E00016975,131,26,13,13,105,81,24,19.84732824427481,9.923664122137405,9.923664122137405,80.1526717557252,61.832061068702295,18.3206106870229
E00016976,197,39,19,20,158,123,35,19.796954314720814,9.644670050761421,10.152284263959391,80.20304568527918,62.43654822335025,17.766497461928935
E00016977,189,36,15,21,153,126,27,19.047619047619047,7.936507936507936,11.11111111111111,80.95238095238095,66.66666666666666,14.285714285714285
E00016978,193,23,10,13,170,140,30,11.917098445595855,5.181347150259067,6.7357512953367875,88.08290155440415,72.53886010362694,15.544041450777202
E00016979,142,25,11,14,117,89,28,17.6056338028169,7.746478873239436,9.859154929577464,82.3943661971831,62.676056338028175,19.718309859154928
E00016980,182,32,17,15,150,105,45,17.582417582417584,9.340659340659341,8.241758241758241,82.41758241758241,57.692307692307686,24.725274725274726
E00016981,232,45,12,33,187,145,42,19.396551724137932,5.172413793103448,14.224137931034484,80.60344827586206,62.5,18.103448275862068
E00016982,193,37,13,24,156,128,28,19.170984455958546,6.7357512953367875,12.435233160621761,80.82901554404145,66.32124352331607,14.507772020725387
E00016983,158,37,20,17,121,99,22,23.417721518987342,12.658227848101266,10.759493670886076,76.58227848101265,62.65822784810127,13.924050632911392
E00016984,217,48,25,23,169,146,23,22.119815668202765,11.52073732718894,10.599078341013826,77.88018433179722,67.2811059907834,10.599078341013826
E00016985,95,36,12,24,59,52,7,37.89473684210527,12.631578947368421,25.263157894736842,62.10526315789474,54.736842105263165,7.368421052631578
E00016986,186,31,14,17,155,127,28,16.666666666666664,7.526881720430108,9.13978494623656,83.33333333333334,68.27956989247312,15.053763440860216
E00016987,199,35,10,25,164,118,46,17.587939698492463,5.025125628140704,12.562814070351758,82.41206030150754,59.2964824120603,23.115577889447238
E00016988,267,55,28,27,212,161,51,20.59925093632959,10.486891385767791,10.112359550561797,79.40074906367042,60.2996254681648,19.101123595505616
E00016989,150,33,14,19,117,96,21,22,9.333333333333334,12.666666666666668,78,64,14.000000000000002
E00016990,112,26,7,19,86,70,16,23.214285714285715,6.25,16.964285714285715,76.78571428571429,62.5,14.285714285714285
E00016991,185,28,12,16,157,121,36,15.135135135135137,6.486486486486487,8.64864864864865,84.86486486486487,65.4054054054054,19.45945945945946
E00016992,137,62,19,43,75,64,11,45.25547445255474,13.86861313868613,31.386861313868614,54.74452554744526,46.715328467153284,8.02919708029197
E00016993,160,58,23,35,102,90,12,36.25,14.374999999999998,21.875,63.74999999999999,56.25,7.5
E00016994,166,34,13,21,132,100,32,20.481927710843372,7.83132530120482,12.650602409638553,79.51807228915662,60.24096385542169,19.27710843373494
E00016995,241,53,28,25,188,143,45,21.991701244813278,11.618257261410788,10.37344398340249,78.00829875518673,59.33609958506224,18.672199170124482
E00016996,93,39,9,30,54,47,7,41.935483870967744,9.67741935483871,32.25806451612903,58.06451612903226,50.53763440860215,7.526881720430108
E00016997,227,47,21,26,180,158,22,20.704845814977972,9.251101321585903,11.45374449339207,79.29515418502203,69.60352422907489,9.691629955947137
E00016998,122,44,13,31,78,67,11,36.0655737704918,10.655737704918032,25.40983606557377,63.934426229508205,54.91803278688525,9.01639344262295
E00016999,200,47,18,29,153,112,41,23.5,9,14.499999999999998,76.5,56.00000000000001,20.5
E00017000,141,35,17,18,106,90,16,24.822695035460992,12.056737588652481,12.76595744680851,75.177304964539,63.829787234042556,11.347517730496454
E00017001,205,43,15,28,162,117,45,20.975609756097562,7.317073170731707,13.658536585365855,79.02439024390245,57.073170731707314,21.951219512195124
E00017002,207,53,23,30,154,132,22,25.60386473429952,11.11111111111111,14.492753623188406,74.39613526570048,63.76811594202898,10.628019323671497
E00017003,247,40,24,16,207,168,39,16.194331983805668,9.7165991902834,6.477732793522267,83.80566801619433,68.0161943319838,15.789473684210526
E00017004,207,41,16,25,166,128,38,19.806763285024154,7.729468599033816,12.077294685990339,80.19323671497585,61.83574879227053,18.357487922705314
E00017005,185,43,15,28,142,121,21,23.243243243243246,8.108108108108109,15.135135135135137,76.75675675675676,65.4054054054054,11.351351351351353
E00017006,188,30,8,22,158,116,42,15.957446808510639,4.25531914893617,11.702127659574469,84.04255319148936,61.702127659574465,22.340425531914892
E00017007,184,42,16,26,142,106,36,22.82608695652174,8.695652173913043,14.130434782608695,77.17391304347827,57.608695652173914,19.565217391304348
E00017008,179,50,15,35,129,98,31,27.932960893854748,8.379888268156424,19.553072625698324,72.06703910614524,54.7486033519553,17.318435754189945
E00017009,155,45,18,27,110,93,17,29.03225806451613,11.612903225806452,17.419354838709676,70.96774193548387,60,10.967741935483872
E00017010,153,58,24,34,95,78,17,37.908496732026144,15.686274509803921,22.22222222222222,62.091503267973856,50.98039215686274,11.11111111111111
E00017011,187,59,31,28,128,109,19,31.550802139037433,16.577540106951872,14.973262032085561,68.44919786096256,58.288770053475936,10.16042780748663
E00017012,195,62,28,34,133,111,22,31.794871794871792,14.358974358974358,17.435897435897434,68.2051282051282,56.92307692307692,11.282051282051283
E00017013,181,51,16,35,130,118,12,28.176795580110497,8.83977900552486,19.337016574585636,71.8232044198895,65.19337016574586,6.629834254143646
E00017014,189,44,15,29,145,125,20,23.28042328042328,7.936507936507936,15.343915343915343,76.71957671957672,66.13756613756614,10.582010582010582
E00017015,188,50,15,35,138,117,21,26.595744680851062,7.9787234042553195,18.617021276595743,73.40425531914893,62.23404255319149,11.170212765957446
E00017016,235,52,21,31,183,154,29,22.127659574468083,8.936170212765958,13.191489361702127,77.87234042553192,65.53191489361701,12.340425531914894
E00017017,188,58,30,28,130,117,13,30.851063829787233,15.957446808510639,14.893617021276595,69.14893617021278,62.23404255319149,6.914893617021277
E00017018,198,67,26,41,131,112,19,33.83838383838384,13.131313131313133,20.707070707070706,66.16161616161617,56.56565656565656,9.595959595959595
E00017019,146,24,7,17,122,107,15,16.43835616438356,4.794520547945205,11.643835616438356,83.56164383561644,73.28767123287672,10.273972602739725
E00017020,169,54,24,30,115,102,13,31.952662721893493,14.201183431952662,17.75147928994083,68.04733727810651,60.35502958579882,7.6923076923076925
E00017021,204,43,14,29,161,136,25,21.07843137254902,6.862745098039216,14.215686274509803,78.92156862745098,66.66666666666666,12.254901960784313
E00017022,185,63,23,40,122,113,9,34.054054054054056,12.432432432432433,21.62162162162162,65.94594594594595,61.08108108108108,4.864864864864865
E00017023,176,45,15,30,131,114,17,25.568181818181817,8.522727272727272,17.045454545454543,74.43181818181817,64.77272727272727,9.659090909090908
E00017024,175,43,12,31,132,101,31,24.571428571428573,6.857142857142858,17.71428571428571,75.42857142857143,57.714285714285715,17.71428571428571
E00017025,162,40,17,23,122,100,22,24.691358024691358,10.493827160493826,14.19753086419753,75.30864197530865,61.72839506172839,13.580246913580247
E00017026,138,37,14,23,101,82,19,26.811594202898554,10.144927536231885,16.666666666666664,73.18840579710145,59.42028985507246,13.768115942028986
E00017027,174,45,15,30,129,108,21,25.862068965517242,8.620689655172415,17.24137931034483,74.13793103448276,62.06896551724138,12.068965517241379
E00017028,156,55,28,27,101,83,18,35.256410256410255,17.94871794871795,17.307692307692307,64.74358974358975,53.205128205128204,11.538461538461538
E00017029,190,48,16,32,142,112,30,25.263157894736842,8.421052631578947,16.842105263157894,74.73684210526315,58.94736842105262,15.789473684210526
E00017030,195,59,17,42,136,120,16,30.256410256410255,8.717948717948717,21.53846153846154,69.74358974358974,61.53846153846154,8.205128205128204
E00017031,157,50,17,33,107,91,16,31.84713375796178,10.828025477707007,21.019108280254777,68.15286624203821,57.961783439490446,10.191082802547772
E00017032,152,47,19,28,105,92,13,30.92105263157895,12.5,18.421052631578945,69.07894736842105,60.526315789473685,8.552631578947368
E00017033,176,46,17,29,130,101,29,26.136363636363637,9.659090909090908,16.477272727272727,73.86363636363636,57.38636363636363,16.477272727272727
E00017034,198,56,23,33,142,112,30,28.28282828282828,11.616161616161616,16.666666666666664,71.71717171717171,56.56565656565656,15.151515151515152
E00017035,118,34,13,21,84,69,15,28.8135593220339,11.016949152542372,17.796610169491526,71.1864406779661,58.47457627118644,12.711864406779661
E00017036,211,37,17,20,174,150,24,17.535545023696685,8.056872037914692,9.47867298578199,82.46445497630332,71.09004739336493,11.374407582938389
E00017037,247,55,16,39,192,159,33,22.267206477732792,6.477732793522267,15.789473684210526,77.7327935222672,64.37246963562752,13.360323886639677
E00017038,195,47,15,32,148,129,19,24.102564102564102,7.6923076923076925,16.41025641025641,75.8974358974359,66.15384615384615,9.7435897435897445
E00017039,167,54,16,38,113,93,20,32.33532934131736,9.580838323353294,22.75449101796407,67.66467065868264,55.688622754491014,11.976047904191617
E00017040,177,36,16,20,141,125,16,20.33898305084746,9.03954802259887,11.299435028248588,79.66101694915254,70.62146892655367,9.03954802259887
E00017041,168,28,11,17,140,118,22,16.666666666666664,6.547619047619048,10.119047619047619,83.33333333333334,70.23809523809523,13.095238095238097
E00017043,164,46,21,25,118,104,14,28.04878048780488,12.804878048780488,15.24390243902439,71.95121951219512,63.41463414634146,8.536585365853659
E00017044,163,47,17,30,116,90,26,28.834355828220858,10.429447852760736,18.404907975460123,71.16564417177914,55.21472392638037,15.950920245398773
E00017045,180,43,15,28,137,116,21,23.88888888888889,8.333333333333332,15.555555555555555,76.11111111111111,64.44444444444444,11.666666666666666
E00017046,168,30,14,16,138,113,25,17.857142857142858,8.333333333333332,9.523809523809524,82.14285714285714,67.26190476190477,14.880952380952381
E00017047,241,60,21,39,181,152,29,24.896265560165975,8.71369294605809,16.182572614107883,75.10373443983403,63.07053941908713,12.033195020746888
E00017048,231,57,22,35,174,148,26,24.675324675324674,9.523809523809524,15.151515151515152,75.32467532467533,64.06926406926407,11.255411255411255
E00017049,158,31,13,18,127,107,20,19.62025316455696,8.227848101265822,11.39240506329114,80.37974683544303,67.72151898734177,12.658227848101266
E00017050,166,43,14,29,123,100,23,25.903614457831324,8.433734939759036,17.46987951807229,74.09638554216868,60.24096385542169,13.855421686746988
E00017051,353,70,23,47,283,247,36,19.8300283286119,6.515580736543909,13.314447592067987,80.16997167138811,69.97167138810198,10.198300283286118
E00017052,198,32,11,21,166,135,31,16.161616161616163,5.555555555555555,10.606060606060606,83.83838383838383,68.18181818181817,15.656565656565657
E00017053,181,42,20,22,139,112,27,23.204419889502763,11.049723756906078,12.154696132596685,76.79558011049724,61.87845303867403,14.917127071823206
E00017054,153,28,10,18,125,98,27,18.30065359477124,6.535947712418301,11.76470588235294,81.69934640522875,64.05228758169935,17.647058823529413
E00017055,204,45,12,33,159,137,22,22.058823529411764,5.88235294117647,16.176470588235293,77.94117647058823,67.15686274509804,10.784313725490197
E00017056,215,50,19,31,165,133,32,23.25581395348837,8.837209302325581,14.418604651162791,76.74418604651163,61.86046511627907,14.883720930232558
E00017057,118,26,10,16,92,76,16,22.033898305084744,8.47457627118644,13.559322033898304,77.96610169491525,64.40677966101694,13.559322033898304
E00017058,225,62,24,38,163,144,19,27.555555555555557,10.666666666666668,16.88888888888889,72.44444444444444,64,8.444444444444445
E00017059,181,52,20,32,129,118,11,28.7292817679558,11.049723756906078,17.67955801104972,71.27071823204419,65.19337016574586,6.077348066298343
E00017061,171,46,10,36,125,103,22,26.900584795321635,5.847953216374268,21.052631578947366,73.09941520467837,60.23391812865497,12.865497076023392
E00017062,167,49,15,34,118,97,21,29.34131736526946,8.982035928143713,20.359281437125748,70.65868263473054,58.08383233532935,12.574850299401197
E00017063,149,42,17,25,107,93,14,28.187919463087248,11.409395973154362,16.778523489932887,71.81208053691275,62.41610738255034,9.395973154362416
E00017064,217,57,23,34,160,126,34,26.26728110599078,10.599078341013826,15.668202764976957,73.73271889400922,58.06451612903226,15.668202764976957
E00017065,183,52,17,35,131,99,32,28.415300546448087,9.289617486338798,19.12568306010929,71.58469945355192,54.09836065573771,17.48633879781421
E00017066,218,63,24,39,155,135,20,28.899082568807337,11.009174311926607,17.889908256880734,71.10091743119266,61.92660550458715,9.174311926605505
E00017067,151,30,9,21,121,104,17,19.867549668874172,5.960264900662252,13.90728476821192,80.13245033112582,68.87417218543047,11.258278145695364
E00017068,234,69,26,43,165,144,21,29.48717948717949,11.11111111111111,18.37606837606838,70.51282051282051,61.53846153846154,8.974358974358974
E00017069,159,50,15,35,109,91,18,31.446540880503143,9.433962264150944,22.0125786163522,68.55345911949685,57.23270440251572,11.320754716981133
E00017070,173,63,25,38,110,102,8,36.41618497109826,14.450867052023122,21.965317919075144,63.58381502890174,58.95953757225434,4.624277456647398
E00017071,214,76,33,43,138,118,20,35.51401869158878,15.42056074766355,20.093457943925234,64.48598130841121,55.140186915887845,9.345794392523365
E00017072,314,108,38,70,206,185,21,34.394904458598724,12.101910828025478,22.29299363057325,65.60509554140127,58.917197452229296,6.687898089171974
E00017073,206,59,19,40,147,127,20,28.640776699029125,9.223300970873787,19.41747572815534,71.35922330097088,61.6504854368932,9.70873786407767
E00017074,172,71,24,47,101,94,7,41.27906976744186,13.953488372093023,27.325581395348834,58.720930232558146,54.65116279069767,4.069767441860465
E00017075,185,63,21,42,122,103,19,34.054054054054056,11.351351351351353,22.702702702702705,65.94594594594595,55.67567567567567,10.27027027027027
E00017076,168,53,14,39,115,92,23,31.547619047619047,8.333333333333332,23.214285714285715,68.45238095238095,54.761904761904766,13.690476190476192
E00017077,106,34,13,21,72,57,15,32.075471698113205,12.264150943396226,19.81132075471698,67.9245283018868,53.77358490566038,14.150943396226415
E00017078,163,57,20,37,106,87,19,34.96932515337423,12.269938650306749,22.699386503067483,65.03067484662577,53.37423312883436,11.65644171779141
E00017079,146,59,23,36,87,80,7,40.41095890410959,15.753424657534246,24.65753424657534,59.589041095890416,54.794520547945204,4.794520547945205
E00017080,162,59,24,35,103,91,12,36.41975308641975,14.814814814814813,21.604938271604937,63.580246913580254,56.17283950617284,7.4074074074074066
E00017081,158,55,21,34,103,91,12,34.810126582278485,13.291139240506327,21.518987341772153,65.18987341772153,57.59493670886076,7.59493670886076
E00017082,230,85,25,60,145,130,15,36.95652173913043,10.869565217391305,26.08695652173913,63.04347826086957,56.52173913043478,6.521739130434782
E00017083,125,42,13,29,83,74,9,33.6,10.4,23.200000000000003,66.4,59.199999999999996,7.199999999999999
E00017084,141,47,12,35,94,79,15,33.33333333333333,8.51063829787234,24.822695035460992,66.66666666666666,56.02836879432624,10.638297872340425
E00017085,187,76,32,44,111,87,24,40.64171122994652,17.11229946524064,23.52941176470588,59.35828877005348,46.524064171122994,12.834224598930483
E00017086,145,63,18,45,82,73,9,43.44827586206896,12.413793103448276,31.03448275862069,56.55172413793104,50.3448275862069,6.206896551724138
E00017087,164,61,26,35,103,92,11,37.19512195121951,15.853658536585366,21.341463414634145,62.80487804878049,56.09756097560976,6.707317073170732
E00017088,132,49,24,25,83,76,7,37.121212121212125,18.181818181818183,18.939393939393938,62.878787878787875,57.57575757575758,5.303030303030303
E00017089,204,71,29,42,133,121,12,34.80392156862745,14.215686274509803,20.588235294117645,65.19607843137256,59.31372549019608,5.88235294117647
E00017090,91,28,12,16,63,50,13,30.76923076923077,13.186813186813188,17.582417582417584,69.23076923076923,54.94505494505495,14.285714285714285
E00017091,149,49,18,31,100,87,13,32.88590604026846,12.080536912751679,20.80536912751678,67.11409395973155,58.38926174496645,8.724832214765101
E00017092,226,56,23,33,170,156,14,24.778761061946902,10.176991150442479,14.601769911504425,75.22123893805309,69.02654867256636,6.1946902654867255
E00017093,128,55,25,30,73,68,5,42.96875,19.53125,23.4375,57.03125,53.125,3.90625
E00017094,120,42,13,29,78,68,10,35,10.833333333333334,24.166666666666668,65,56.666666666666664,8.333333333333332
E00017095,163,58,22,36,105,93,12,35.58282208588957,13.496932515337424,22.085889570552148,64.41717791411043,57.05521472392638,7.361963190184049
E00017096,229,84,29,55,145,126,19,36.681222707423586,12.663755458515283,24.017467248908297,63.31877729257642,55.021834061135365,8.296943231441048
E00017097,161,50,14,36,111,97,14,31.05590062111801,8.695652173913043,22.36024844720497,68.94409937888199,60.24844720496895,8.695652173913043
E00017098,183,60,20,40,123,109,14,32.78688524590164,10.92896174863388,21.85792349726776,67.21311475409836,59.56284153005464,7.650273224043716
E00017099,175,51,17,34,124,104,20,29.142857142857142,9.714285714285714,19.428571428571427,70.85714285714285,59.42857142857143,11.428571428571429
E00017100,83,26,11,15,57,45,12,31.32530120481928,13.253012048192772,18.072289156626507,68.67469879518072,54.21686746987952,14.457831325301203
E00017101,201,59,15,44,142,118,24,29.35323383084577,7.462686567164178,21.890547263681594,70.64676616915423,58.70646766169154,11.940298507462686
E00017102,267,38,14,24,229,178,51,14.232209737827715,5.2434456928838955,8.98876404494382,85.76779026217228,66.66666666666666,19.101123595505616
E00017103,140,31,11,20,109,78,31,22.142857142857142,7.857142857142857,14.285714285714285,77.85714285714286,55.714285714285715,22.142857142857142
E00017104,170,43,13,30,127,102,25,25.294117647058822,7.647058823529412,17.647058823529413,74.70588235294117,60,14.705882352941178
E00017105,136,32,11,21,104,78,26,23.52941176470588,8.088235294117647,15.441176470588236,76.47058823529412,57.35294117647059,19.11764705882353
E00017106,139,27,14,13,112,87,25,19.424460431654676,10.071942446043165,9.352517985611511,80.57553956834532,62.589928057553955,17.985611510791365
E00017107,193,48,29,19,145,121,24,24.870466321243523,15.025906735751295,9.844559585492227,75.12953367875647,62.69430051813472,12.435233160621761
E00017108,199,35,12,23,164,129,35,17.587939698492463,6.030150753768844,11.557788944723619,82.41206030150754,64.82412060301507,17.587939698492463
E00017109,182,31,15,16,151,124,27,17.032967032967033,8.241758241758241,8.791208791208792,82.96703296703298,68.13186813186813,14.835164835164836
E00017110,148,25,9,16,123,94,29,16.89189189189189,6.081081081081082,10.81081081081081,83.1081081081081,63.51351351351351,19.594594594594593
E00017111,205,48,19,29,157,118,39,23.414634146341466,9.268292682926829,14.146341463414632,76.58536585365854,57.56097560975609,19.024390243902438
E00017112,216,38,18,20,178,140,38,17.59259259259259,8.333333333333332,9.25925925925926,82.4074074074074,64.81481481481481,17.59259259259259
E00017113,180,32,14,18,148,104,44,17.77777777777778,7.777777777777778,10,82.22222222222221,57.77777777777777,24.444444444444443
E00017114,159,30,15,15,129,99,30,18.867924528301888,9.433962264150944,9.433962264150944,81.13207547169812,62.264150943396224,18.867924528301888
E00017115,169,36,11,25,133,101,32,21.301775147928996,6.508875739644971,14.792899408284024,78.69822485207101,59.76331360946746,18.93491124260355
E00017116,156,41,14,27,115,90,25,26.282051282051285,8.974358974358974,17.307692307692307,73.71794871794873,57.692307692307686,16.025641025641026
E00017117,173,30,12,18,143,97,46,17.341040462427745,6.9364161849710975,10.404624277456648,82.65895953757226,56.06936416184971,26.589595375722542
E00017118,137,25,8,17,112,85,27,18.248175182481752,5.839416058394161,12.408759124087592,81.75182481751825,62.04379562043796,19.708029197080293
E00017119,182,42,14,28,140,102,38,23.076923076923077,7.6923076923076925,15.384615384615385,76.92307692307693,56.043956043956044,20.87912087912088
E00017120,198,57,25,32,141,103,38,28.78787878787879,12.626262626262626,16.161616161616163,71.21212121212122,52.02020202020202,19.19191919191919
E00017121,178,24,12,12,154,129,25,13.48314606741573,6.741573033707865,6.741573033707865,86.51685393258427,72.47191011235955,14.04494382022472
E00017122,152,34,13,21,118,88,30,22.36842105263158,8.552631578947368,13.815789473684212,77.63157894736842,57.89473684210527,19.736842105263158
E00017123,161,29,11,18,132,104,28,18.012422360248447,6.832298136645963,11.180124223602485,81.98757763975155,64.59627329192547,17.391304347826086
E00017124,208,38,14,24,170,130,40,18.269230769230766,6.730769230769231,11.538461538461538,81.73076923076923,62.5,19.230769230769234
E00017125,198,28,11,17,170,135,35,14.14141414141414,5.555555555555555,8.585858585858585,85.85858585858585,68.18181818181817,17.67676767676768
E00017126,151,24,6,18,127,99,28,15.894039735099339,3.9735099337748347,11.920529801324504,84.10596026490066,65.56291390728477,18.543046357615893
E00017127,182,46,15,31,136,102,34,25.274725274725274,8.241758241758241,17.032967032967033,74.72527472527473,56.043956043956044,18.681318681318682
E00017128,178,47,19,28,131,87,44,26.40449438202247,10.674157303370785,15.730337078651685,73.59550561797754,48.87640449438202,24.719101123595504
E00017129,184,45,20,25,139,110,29,24.456521739130434,10.869565217391305,13.586956521739129,75.54347826086956,59.78260869565217,15.760869565217392
E00017130,133,27,13,14,106,86,20,20.30075187969925,9.774436090225564,10.526315789473683,79.69924812030075,64.66165413533834,15.037593984962406
E00017131,148,45,15,30,103,82,21,30.405405405405407,10.135135135135135,20.27027027027027,69.5945945945946,55.4054054054054,14.18918918918919
E00017132,153,46,16,30,107,78,29,30.065359477124183,10.457516339869281,19.607843137254903,69.93464052287581,50.98039215686274,18.954248366013072
E00017133,191,42,11,31,149,111,38,21.98952879581152,5.7591623036649215,16.230366492146597,78.01047120418848,58.1151832460733,19.895287958115183
E00017134,107,26,13,13,81,67,14,24.299065420560748,12.149532710280374,12.149532710280374,75.70093457943925,62.616822429906534,13.084112149532709
E00017135,130,29,11,18,101,83,18,22.30769230769231,8.461538461538462,13.846153846153847,77.6923076923077,63.84615384615384,13.846153846153847
E00017137,165,54,26,28,111,91,20,32.72727272727273,15.757575757575756,16.969696969696972,67.27272727272727,55.15151515151515,12.121212121212121
E00017138,128,42,6,36,86,79,7,32.8125,4.6875,28.125,67.1875,61.71875,5.46875
E00017140,239,84,23,61,155,133,22,35.146443514644346,9.623430962343097,25.523012552301257,64.85355648535564,55.64853556485355,9.205020920502092
E00017141,160,46,17,29,114,96,18,28.749999999999996,10.625,18.125,71.25,60,11.25
E00017142,174,58,24,34,116,106,10,33.33333333333333,13.793103448275861,19.54022988505747,66.66666666666666,60.91954022988506,5.747126436781609
E00017143,155,54,25,29,101,84,17,34.83870967741935,16.129032258064516,18.70967741935484,65.16129032258064,54.19354838709678,10.967741935483872
E00017144,164,51,18,33,113,97,16,31.097560975609756,10.975609756097562,20.121951219512198,68.90243902439023,59.14634146341463,9.75609756097561
E00017145,174,70,27,43,104,86,18,40.229885057471265,15.517241379310345,24.71264367816092,59.77011494252874,49.42528735632184,10.344827586206897
E00017146,221,71,26,45,150,125,25,32.126696832579185,11.76470588235294,20.361990950226243,67.87330316742081,56.56108597285068,11.312217194570136
E00017147,213,68,24,44,145,124,21,31.92488262910798,11.267605633802818,20.657276995305164,68.07511737089203,58.21596244131455,9.859154929577464
E00017148,95,38,15,23,57,52,5,40,15.789473684210526,24.210526315789473,60,54.736842105263165,5.263157894736842
E00017149,180,82,30,52,98,86,12,45.55555555555556,16.666666666666664,28.888888888888886,54.44444444444444,47.77777777777778,6.666666666666667
E00017150,208,62,20,42,146,133,13,29.807692307692307,9.615384615384617,20.192307692307693,70.1923076923077,63.942307692307686,6.25
E00017151,105,37,14,23,68,60,8,35.23809523809524,13.333333333333334,21.904761904761905,64.76190476190476,57.14285714285714,7.6190476190476195
E00017152,138,45,12,33,93,86,7,32.608695652173914,8.695652173913043,23.91304347826087,67.3913043478261,62.31884057971014,5.072463768115942
E00017153,131,49,20,29,82,71,11,37.404580152671755,15.267175572519085,22.137404580152673,62.59541984732825,54.19847328244275,8.396946564885496
E00017157,138,45,13,32,93,84,9,32.608695652173914,9.420289855072465,23.18840579710145,67.3913043478261,60.86956521739131,6.521739130434782
E00017158,149,56,20,36,93,80,13,37.58389261744966,13.422818791946309,24.161073825503358,62.41610738255034,53.691275167785236,8.724832214765101
E00017159,145,60,22,38,85,69,16,41.37931034482759,15.172413793103448,26.20689655172414,58.620689655172406,47.58620689655172,11.03448275862069
E00017160,120,40,13,27,80,73,7,33.33333333333333,10.833333333333334,22.5,66.66666666666666,60.83333333333333,5.833333333333333
E00017161,134,30,13,17,104,88,16,22.388059701492537,9.701492537313433,12.686567164179104,77.61194029850746,65.67164179104478,11.940298507462686
E00017162,191,58,16,42,133,114,19,30.36649214659686,8.37696335078534,21.98952879581152,69.63350785340315,59.68586387434554,9.947643979057592
E00017163,172,44,15,29,128,107,21,25.581395348837212,8.720930232558139,16.86046511627907,74.4186046511628,62.2093023255814,12.209302325581394
E00017164,258,92,35,57,166,148,18,35.65891472868217,13.565891472868216,22.093023255813954,64.34108527131784,57.36434108527132,6.976744186046512
E00017165,240,71,21,50,169,141,28,29.583333333333332,8.75,20.833333333333336,70.41666666666667,58.75,11.666666666666666
E00017166,196,84,17,67,112,97,15,42.857142857142854,8.673469387755102,34.183673469387756,57.14285714285714,49.48979591836735,7.653061224489796
E00017167,183,44,19,25,139,117,22,24.043715846994534,10.382513661202186,13.661202185792352,75.95628415300546,63.934426229508205,12.021857923497267
E00017168,232,67,23,44,165,144,21,28.879310344827587,9.913793103448276,18.96551724137931,71.12068965517241,62.06896551724138,9.051724137931034
E00017169,170,51,21,30,119,103,16,30,12.352941176470589,17.647058823529413,70,60.588235294117645,9.411764705882353
E00017170,236,89,37,52,147,119,28,37.71186440677966,15.677966101694915,22.033898305084744,62.28813559322034,50.42372881355932,11.864406779661017
E00017171,253,85,31,54,168,153,15,33.59683794466403,12.25296442687747,21.34387351778656,66.40316205533597,60.47430830039525,5.928853754940711
E00017172,212,66,25,41,146,121,25,31.132075471698112,11.79245283018868,19.339622641509436,68.86792452830188,57.07547169811321,11.79245283018868
E00017173,266,79,29,50,187,163,24,29.69924812030075,10.902255639097744,18.796992481203006,70.30075187969925,61.278195488721806,9.022556390977442
E00017174,144,42,12,30,102,86,16,29.166666666666668,8.333333333333332,20.833333333333336,70.83333333333334,59.72222222222222,11.11111111111111
E00017175,163,41,12,29,122,93,29,25.153374233128833,7.361963190184049,17.791411042944784,74.84662576687117,57.05521472392638,17.791411042944784
E00017176,225,78,32,46,147,126,21,34.66666666666667,14.222222222222221,20.444444444444446,65.33333333333333,56.00000000000001,9.333333333333334
E00017177,224,68,20,48,156,130,26,30.357142857142854,8.928571428571429,21.428571428571427,69.64285714285714,58.03571428571429,11.607142857142858
E00017178,213,74,28,46,139,128,11,34.74178403755869,13.145539906103288,21.5962441314554,65.25821596244131,60.093896713615024,5.164319248826291
E00017179,187,66,26,40,121,100,21,35.294117647058826,13.903743315508022,21.390374331550802,64.70588235294117,53.475935828877006,11.229946524064172
E00017180,172,57,23,34,115,95,20,33.13953488372093,13.372093023255813,19.767441860465116,66.86046511627907,55.23255813953488,11.627906976744185
E00017181,177,49,15,34,128,108,20,27.683615819209038,8.47457627118644,19.2090395480226,72.31638418079096,61.016949152542374,11.299435028248588
E00017182,170,60,22,38,110,92,18,35.294117647058826,12.941176470588237,22.35294117647059,64.70588235294117,54.11764705882353,10.588235294117647
E00017183,214,76,22,54,138,112,26,35.51401869158878,10.2803738317757,25.233644859813083,64.48598130841121,52.336448598130836,12.149532710280374
E00017184,196,52,19,33,144,111,33,26.53061224489796,9.693877551020408,16.83673469387755,73.46938775510205,56.63265306122449,16.83673469387755
E00017185,204,55,21,34,149,126,23,26.96078431372549,10.294117647058822,16.666666666666664,73.0392156862745,61.76470588235294,11.27450980392157
E00017186,212,48,18,30,164,139,25,22.641509433962266,8.49056603773585,14.150943396226415,77.35849056603774,65.56603773584906,11.79245283018868
E00017187,148,39,11,28,109,91,18,26.351351351351347,7.4324324324324325,18.91891891891892,73.64864864864865,61.48648648648649,12.162162162162163
E00017188,145,38,12,26,107,87,20,26.20689655172414,8.275862068965518,17.93103448275862,73.79310344827587,60,13.793103448275861
E00017189,213,69,26,43,144,118,26,32.3943661971831,12.206572769953052,20.187793427230048,67.6056338028169,55.39906103286385,12.206572769953052
E00017190,189,46,18,28,143,120,23,24.33862433862434,9.523809523809524,14.814814814814813,75.66137566137566,63.49206349206349,12.16931216931217
E00017191,184,48,14,34,136,107,29,26.08695652173913,7.608695652173914,18.478260869565215,73.91304347826086,58.152173913043484,15.760869565217392
E00017192,169,40,16,24,129,110,19,23.668639053254438,9.467455621301776,14.201183431952662,76.33136094674556,65.08875739644971,11.242603550295858
E00017193,222,60,28,32,162,141,21,27.027027027027028,12.612612612612612,14.414414414414415,72.97297297297297,63.51351351351351,9.45945945945946
E00017194,204,35,19,16,169,141,28,17.15686274509804,9.313725490196079,7.8431372549019605,82.84313725490196,69.11764705882352,13.725490196078432
E00017195,191,62,20,42,129,109,20,32.460732984293195,10.471204188481675,21.98952879581152,67.5392670157068,57.06806282722513,10.471204188481675
E00017196,101,22,8,14,79,35,44,21.782178217821784,7.920792079207921,13.861386138613863,78.21782178217822,34.65346534653465,43.56435643564357
E00017197,111,30,14,16,81,54,27,27.027027027027028,12.612612612612612,14.414414414414415,72.97297297297297,48.64864864864865,24.324324324324326
E00017198,102,24,13,11,78,53,25,23.52941176470588,12.745098039215685,10.784313725490197,76.47058823529412,51.9607843137255,24.509803921568626
E00017199,140,29,10,19,111,82,29,20.714285714285715,7.142857142857142,13.571428571428571,79.28571428571428,58.57142857142858,20.714285714285715
E00017200,143,25,12,13,118,89,29,17.482517482517483,8.391608391608392,9.090909090909092,82.51748251748252,62.23776223776224,20.27972027972028
E00017201,101,21,8,13,80,58,22,20.792079207920793,7.920792079207921,12.871287128712872,79.20792079207921,57.42574257425742,21.782178217821784
E00017202,144,40,24,16,104,70,34,27.77777777777778,16.666666666666664,11.11111111111111,72.22222222222221,48.61111111111111,23.61111111111111
E00017203,183,34,16,18,149,111,38,18.579234972677597,8.743169398907105,9.836065573770492,81.4207650273224,60.65573770491803,20.76502732240437
E00017204,141,24,9,15,117,94,23,17.02127659574468,6.382978723404255,10.638297872340425,82.97872340425532,66.66666666666666,16.312056737588655
E00017205,190,30,17,13,160,135,25,15.789473684210526,8.947368421052632,6.842105263157896,84.21052631578947,71.05263157894737,13.157894736842104
E00017206,170,26,12,14,144,116,28,15.294117647058824,7.0588235294117645,8.235294117647058,84.70588235294117,68.23529411764706,16.470588235294116
E00017207,157,21,8,13,136,116,20,13.375796178343949,5.095541401273886,8.280254777070063,86.62420382165605,73.88535031847134,12.738853503184714
E00017208,123,29,14,15,94,68,26,23.577235772357724,11.38211382113821,12.195121951219512,76.42276422764228,55.28455284552846,21.138211382113823
E00017209,164,35,18,17,129,106,23,21.341463414634145,10.975609756097562,10.365853658536585,78.65853658536585,64.63414634146342,14.02439024390244
E00017210,193,43,24,19,150,112,38,22.279792746113987,12.435233160621761,9.844559585492227,77.720207253886,58.03108808290155,19.689119170984455
E00017211,193,51,20,31,142,108,34,26.42487046632124,10.362694300518134,16.06217616580311,73.57512953367875,55.95854922279793,17.616580310880828
E00017212,190,47,31,16,143,119,24,24.736842105263158,16.315789473684212,8.421052631578947,75.26315789473685,62.63157894736842,12.631578947368421
E00017213,118,24,11,13,94,76,18,20.33898305084746,9.322033898305085,11.016949152542372,79.66101694915254,64.40677966101694,15.254237288135593
E00017214,203,47,14,33,156,126,30,23.15270935960591,6.896551724137931,16.25615763546798,76.84729064039408,62.06896551724138,14.77832512315271
E00017215,142,20,10,10,122,87,35,14.084507042253522,7.042253521126761,7.042253521126761,85.91549295774648,61.267605633802816,24.647887323943664
E00017216,147,22,7,15,125,98,27,14.965986394557824,4.761904761904762,10.204081632653061,85.03401360544217,66.66666666666666,18.367346938775512
E00017217,31,7,2,5,24,17,7,22.58064516129032,6.451612903225806,16.129032258064516,77.41935483870968,54.83870967741935,22.58064516129032
E00017218,155,24,12,12,131,86,45,15.483870967741936,7.741935483870968,7.741935483870968,84.51612903225806,55.483870967741936,29.03225806451613
E00017219,132,25,11,14,107,85,22,18.939393939393938,8.333333333333332,10.606060606060606,81.06060606060606,64.39393939393939,16.666666666666664
E00017220,169,28,12,16,141,101,40,16.56804733727811,7.100591715976331,9.467455621301776,83.4319526627219,59.76331360946746,23.668639053254438
E00017221,125,26,11,15,99,70,29,20.8,8.799999999999999,12,79.2,56.00000000000001,23.200000000000003
E00017222,126,19,11,8,107,75,32,15.079365079365079,8.73015873015873,6.349206349206349,84.92063492063492,59.523809523809526,25.396825396825395
E00017223,119,25,9,16,94,72,22,21.008403361344538,7.563025210084033,13.445378151260504,78.99159663865547,60.50420168067227,18.487394957983195
E00017224,175,33,11,22,142,99,43,18.857142857142858,6.2857142857142865,12.571428571428573,81.14285714285714,56.57142857142857,24.571428571428573
E00017225,194,37,19,18,157,125,32,19.072164948453608,9.793814432989691,9.278350515463918,80.9278350515464,64.43298969072166,16.49484536082474
E00017226,120,19,8,11,101,74,27,15.833333333333332,6.666666666666667,9.166666666666666,84.16666666666667,61.66666666666667,22.5
E00017227,112,26,11,15,86,51,35,23.214285714285715,9.821428571428571,13.392857142857142,76.78571428571429,45.535714285714285,31.25
E00017228,125,31,20,11,94,64,30,24.8,16,8.799999999999999,75.2,51.2,24
E00017229,129,22,8,14,107,70,37,17.05426356589147,6.2015503875969,10.852713178294573,82.94573643410853,54.263565891472865,28.68217054263566
E00017230,101,21,6,15,80,64,16,20.792079207920793,5.9405940594059405,14.85148514851485,79.20792079207921,63.366336633663366,15.841584158415841
E00017231,173,37,12,25,136,104,32,21.38728323699422,6.9364161849710975,14.450867052023122,78.61271676300578,60.115606936416185,18.497109826589593
E00017232,191,46,13,33,145,120,25,24.083769633507853,6.806282722513089,17.277486910994764,75.91623036649214,62.82722513089005,13.089005235602095
E00017233,237,58,19,39,179,159,20,24.47257383966245,8.016877637130802,16.455696202531644,75.52742616033755,67.08860759493672,8.438818565400844
E00017234,203,65,20,45,138,122,16,32.01970443349754,9.852216748768473,22.167487684729064,67.98029556650246,60.09852216748769,7.8817733990147785
E00017235,96,32,5,27,64,58,6,33.33333333333333,5.208333333333334,28.125,66.66666666666666,60.416666666666664,6.25
E00017236,188,43,20,23,145,124,21,22.872340425531913,10.638297872340425,12.23404255319149,77.12765957446808,65.95744680851064,11.170212765957446
E00017237,263,83,32,51,180,159,21,31.55893536121673,12.167300380228136,19.39163498098859,68.44106463878326,60.45627376425855,7.984790874524715
E00017238,199,47,24,23,152,119,33,23.618090452261306,12.060301507537687,11.557788944723619,76.38190954773869,59.798994974874375,16.582914572864322
E00017239,197,51,26,25,146,120,26,25.888324873096447,13.19796954314721,12.690355329949238,74.11167512690355,60.913705583756354,13.19796954314721
E00017241,149,54,22,32,95,89,6,36.241610738255034,14.76510067114094,21.476510067114095,63.758389261744966,59.73154362416108,4.026845637583892
E00017242,123,28,9,19,95,82,13,22.76422764227642,7.317073170731707,15.447154471544716,77.23577235772358,66.66666666666666,10.569105691056912
E00017243,200,67,29,38,133,119,14,33.5,14.499999999999998,19,66.5,59.5,7.000000000000001
E00017244,156,51,13,38,105,93,12,32.69230769230769,8.333333333333332,24.358974358974358,67.3076923076923,59.61538461538461,7.6923076923076925
E00017245,178,37,15,22,141,127,14,20.786516853932586,8.426966292134832,12.359550561797752,79.21348314606742,71.34831460674157,7.865168539325842
E00017246,199,57,20,37,142,129,13,28.643216080402013,10.050251256281408,18.592964824120603,71.35678391959799,64.82412060301507,6.532663316582915
E00017247,125,35,10,25,90,75,15,28.000000000000004,8,20,72,60,12
E00017248,238,60,18,42,178,153,25,25.210084033613445,7.563025210084033,17.647058823529413,74.78991596638656,64.28571428571429,10.504201680672269
E00017249,162,61,24,37,101,87,14,37.65432098765432,14.814814814814813,22.839506172839506,62.34567901234568,53.70370370370371,8.641975308641975
E00017250,211,80,24,56,131,110,21,37.91469194312796,11.374407582938389,26.540284360189574,62.08530805687204,52.13270142180095,9.95260663507109
E00017251,157,37,15,22,120,109,11,23.56687898089172,9.554140127388536,14.012738853503185,76.43312101910828,69.42675159235668,7.006369426751593
E00017252,213,51,25,26,162,142,20,23.943661971830984,11.737089201877934,12.206572769953052,76.05633802816901,66.66666666666666,9.389671361502346
E00017253,205,62,18,44,143,127,16,30.24390243902439,8.780487804878048,21.463414634146343,69.7560975609756,61.951219512195124,7.804878048780488
E00017254,169,56,17,39,113,102,11,33.13609467455622,10.059171597633137,23.076923076923077,66.86390532544378,60.35502958579882,6.508875739644971
E00017255,251,85,32,53,166,150,16,33.86454183266932,12.749003984063744,21.115537848605577,66.13545816733067,59.76095617529881,6.374501992031872
E00017256,193,73,34,39,120,101,19,37.82383419689119,17.616580310880828,20.207253886010363,62.17616580310881,52.331606217616574,9.844559585492227
E00017257,185,56,21,35,129,112,17,30.270270270270274,11.351351351351353,18.91891891891892,69.72972972972973,60.54054054054055,9.18918918918919
E00017258,178,59,33,26,119,106,13,33.146067415730336,18.53932584269663,14.606741573033707,66.85393258426966,59.55056179775281,7.303370786516854
E00017259,109,35,14,21,74,63,11,32.11009174311927,12.844036697247708,19.26605504587156,67.88990825688074,57.798165137614674,10.091743119266056
E00017260,118,35,10,25,83,69,14,29.66101694915254,8.47457627118644,21.1864406779661,70.33898305084746,58.47457627118644,11.864406779661017
E00017261,230,67,25,42,163,136,27,29.130434782608695,10.869565217391305,18.26086956521739,70.86956521739131,59.130434782608695,11.73913043478261
E00017262,144,47,23,24,97,90,7,32.63888888888889,15.972222222222221,16.666666666666664,67.36111111111111,62.5,4.861111111111112
E00017263,207,61,19,42,146,124,22,29.468599033816425,9.178743961352657,20.28985507246377,70.53140096618358,59.90338164251207,10.628019323671497
E00017264,170,50,21,29,120,98,22,29.411764705882355,12.352941176470589,17.058823529411764,70.58823529411765,57.647058823529406,12.941176470588237
E00017265,183,64,19,45,119,102,17,34.97267759562842,10.382513661202186,24.59016393442623,65.02732240437157,55.73770491803278,9.289617486338798
E00017266,154,56,19,37,98,87,11,36.36363636363637,12.337662337662337,24.025974025974026,63.63636363636363,56.493506493506494,7.142857142857142
E00017267,327,107,50,57,220,182,38,32.7217125382263,15.29051987767584,17.431192660550458,67.2782874617737,55.65749235474006,11.62079510703364
E00017268,224,61,28,33,163,142,21,27.232142857142854,12.5,14.732142857142858,72.76785714285714,63.39285714285714,9.375
E00017269,205,74,31,43,131,114,17,36.09756097560975,15.121951219512194,20.975609756097562,63.90243902439025,55.60975609756098,8.292682926829269
E00017270,226,83,42,41,143,124,19,36.72566371681416,18.58407079646018,18.141592920353983,63.27433628318584,54.86725663716814,8.4070796460177
E00017271,82,29,11,18,53,47,6,35.36585365853659,13.414634146341465,21.951219512195124,64.63414634146342,57.3170731707317,7.317073170731707
E00017272,234,56,16,40,178,152,26,23.931623931623932,6.837606837606838,17.094017094017094,76.06837606837607,64.95726495726495,11.11111111111111
E00017273,169,48,17,31,121,98,23,28.402366863905325,10.059171597633137,18.34319526627219,71.59763313609467,57.98816568047337,13.609467455621301
E00017274,193,50,15,35,143,123,20,25.906735751295333,7.772020725388601,18.134715025906736,74.09326424870466,63.730569948186535,10.362694300518134
E00017275,176,48,19,29,128,105,23,27.27272727272727,10.795454545454545,16.477272727272727,72.72727272727273,59.65909090909091,13.068181818181818
E00017276,164,56,18,38,108,92,16,34.146341463414636,10.975609756097562,23.170731707317074,65.85365853658537,56.09756097560976,9.75609756097561
E00017277,132,33,15,18,99,81,18,25,11.363636363636363,13.636363636363635,75,61.36363636363637,13.636363636363635
E00017278,227,65,28,37,162,140,22,28.634361233480178,12.334801762114537,16.299559471365637,71.36563876651982,61.67400881057269,9.691629955947137
E00017279,159,46,18,28,113,96,17,28.930817610062892,11.320754716981133,17.61006289308176,71.0691823899371,60.37735849056604,10.69182389937107
E00017280,235,89,25,64,146,133,13,37.87234042553192,10.638297872340425,27.23404255319149,62.12765957446808,56.59574468085107,5.531914893617021
E00017281,139,47,18,29,92,83,9,33.81294964028777,12.949640287769784,20.863309352517987,66.18705035971223,59.71223021582733,6.474820143884892
E00017282,137,42,10,32,95,81,14,30.656934306569344,7.2992700729927,23.357664233576642,69.34306569343066,59.12408759124088,10.218978102189782
E00017283,175,55,22,33,120,85,35,31.428571428571427,12.571428571428573,18.857142857142858,68.57142857142857,48.57142857142857,20
E00017284,170,50,26,24,120,108,12,29.411764705882355,15.294117647058824,14.117647058823529,70.58823529411765,63.52941176470588,7.0588235294117645
E00017285,167,55,19,36,112,94,18,32.93413173652694,11.377245508982035,21.55688622754491,67.06586826347305,56.287425149700596,10.778443113772456
E00017286,148,46,19,27,102,88,14,31.08108108108108,12.837837837837837,18.243243243243242,68.91891891891892,59.45945945945946,9.45945945945946
E00017287,148,40,16,24,108,95,13,27.027027027027028,10.81081081081081,16.216216216216218,72.97297297297297,64.1891891891892,8.783783783783784
E00017288,146,43,18,25,103,88,15,29.45205479452055,12.32876712328767,17.123287671232877,70.54794520547945,60.273972602739725,10.273972602739725
E00017289,165,48,25,23,117,102,15,29.09090909090909,15.151515151515152,13.939393939393941,70.9090909090909,61.81818181818181,9.090909090909092
E00017290,205,57,18,39,148,129,19,27.80487804878049,8.780487804878048,19.024390243902438,72.1951219512195,62.926829268292686,9.268292682926829
E00017291,207,35,13,22,172,142,30,16.908212560386474,6.280193236714976,10.628019323671497,83.09178743961353,68.59903381642512,14.492753623188406
E00017293,171,66,29,37,105,84,21,38.59649122807017,16.95906432748538,21.637426900584796,61.40350877192983,49.122807017543856,12.280701754385964
E00017294,206,55,21,34,151,135,16,26.699029126213592,10.194174757281553,16.50485436893204,73.30097087378641,65.53398058252428,7.766990291262135
E00017295,193,54,19,35,139,125,14,27.979274611398964,9.844559585492227,18.134715025906736,72.02072538860104,64.76683937823834,7.253886010362693
E00017296,198,59,22,37,139,123,16,29.797979797979796,11.11111111111111,18.68686868686869,70.2020202020202,62.121212121212125,8.080808080808081
E00017297,223,52,15,37,171,147,24,23.318385650224215,6.726457399103139,16.591928251121075,76.68161434977578,65.91928251121077,10.762331838565023
E00017298,167,44,16,28,123,108,15,26.34730538922156,9.580838323353294,16.766467065868262,73.65269461077844,64.67065868263472,8.982035928143713
E00017299,168,49,17,32,119,106,13,29.166666666666668,10.119047619047619,19.047619047619047,70.83333333333334,63.095238095238095,7.738095238095238
E00017300,159,44,16,28,115,99,16,27.67295597484277,10.062893081761008,17.61006289308176,72.32704402515722,62.264150943396224,10.062893081761008
E00017301,143,50,15,35,93,81,12,34.96503496503497,10.48951048951049,24.475524475524477,65.03496503496503,56.64335664335665,8.391608391608392
E00017302,132,42,11,31,90,78,12,31.818181818181817,8.333333333333332,23.484848484848484,68.18181818181817,59.09090909090909,9.090909090909092
E00017303,144,33,11,22,111,95,16,22.916666666666664,7.638888888888889,15.277777777777779,77.08333333333334,65.97222222222221,11.11111111111111
E00017304,277,78,26,52,199,163,36,28.158844765342963,9.386281588447654,18.772563176895307,71.84115523465704,58.844765342960294,12.996389891696749
E00017305,183,39,12,27,144,124,20,21.311475409836063,6.557377049180328,14.754098360655737,78.68852459016394,67.75956284153006,10.92896174863388
E00017306,191,55,25,30,136,116,20,28.79581151832461,13.089005235602095,15.706806282722512,71.20418848167539,60.73298429319372,10.471204188481675
E00017307,183,61,21,40,122,109,13,33.33333333333333,11.475409836065573,21.85792349726776,66.66666666666666,59.56284153005464,7.103825136612022
E00017308,212,62,20,42,150,134,16,29.245283018867923,9.433962264150944,19.81132075471698,70.75471698113208,63.20754716981132,7.547169811320755
E00017309,151,38,15,23,113,95,18,25.165562913907287,9.933774834437086,15.2317880794702,74.83443708609272,62.913907284768214,11.920529801324504
E00017310,218,63,24,39,155,134,21,28.899082568807337,11.009174311926607,17.889908256880734,71.10091743119266,61.46788990825688,9.63302752293578
E00017311,198,59,22,37,139,125,14,29.797979797979796,11.11111111111111,18.68686868686869,70.2020202020202,63.13131313131313,7.07070707070707
E00017312,174,49,17,32,125,104,21,28.160919540229884,9.770114942528735,18.39080459770115,71.83908045977012,59.77011494252874,12.068965517241379
E00017313,143,33,15,18,110,87,23,23.076923076923077,10.48951048951049,12.587412587412588,76.92307692307693,60.83916083916085,16.083916083916083
E00017314,132,31,13,18,101,80,21,23.484848484848484,9.848484848484848,13.636363636363635,76.51515151515152,60.60606060606061,15.909090909090908
E00017315,193,71,33,38,122,103,19,36.787564766839374,17.098445595854923,19.689119170984455,63.212435233160626,53.36787564766839,9.844559585492227
E00017316,204,60,20,40,144,125,19,29.411764705882355,9.803921568627452,19.607843137254903,70.58823529411765,61.274509803921575,9.313725490196079
E00017317,163,37,13,24,126,106,20,22.699386503067483,7.975460122699387,14.723926380368098,77.30061349693251,65.03067484662577,12.269938650306749
E00017318,141,34,15,19,107,95,12,24.113475177304963,10.638297872340425,13.47517730496454,75.88652482269504,67.37588652482269,8.51063829787234
E00017319,167,56,16,40,111,96,15,33.532934131736525,9.580838323353294,23.952095808383234,66.46706586826348,57.48502994011976,8.982035928143713
E00017320,183,57,29,28,126,108,18,31.147540983606557,15.846994535519126,15.300546448087433,68.85245901639344,59.01639344262295,9.836065573770492
E00017321,134,36,14,22,98,90,8,26.865671641791046,10.44776119402985,16.417910447761194,73.13432835820896,67.16417910447761,5.970149253731343
E00017322,185,42,14,28,143,99,44,22.702702702702705,7.567567567567568,15.135135135135137,77.29729729729729,53.51351351351351,23.783783783783786
E00017323,132,34,13,21,98,70,28,25.757575757575758,9.848484848484848,15.909090909090908,74.24242424242425,53.03030303030303,21.21212121212121
E00017324,157,58,15,43,99,90,9,36.94267515923567,9.554140127388536,27.388535031847134,63.05732484076433,57.324840764331206,5.7324840764331215
E00017325,110,30,13,17,80,50,30,27.27272727272727,11.818181818181818,15.454545454545453,72.72727272727273,45.45454545454545,27.27272727272727
E00017326,194,89,30,59,105,86,19,45.876288659793815,15.463917525773196,30.412371134020617,54.123711340206185,44.329896907216494,9.793814432989691
E00017327,149,51,16,35,98,77,21,34.22818791946309,10.738255033557047,23.48993288590604,65.77181208053692,51.67785234899329,14.093959731543624
E00017328,144,46,24,22,98,75,23,31.944444444444443,16.666666666666664,15.277777777777779,68.05555555555556,52.083333333333336,15.972222222222221
E00017329,128,37,11,26,91,71,20,28.90625,8.59375,20.3125,71.09375,55.46875,15.625
E00017330,195,56,25,31,139,107,32,28.717948717948715,12.82051282051282,15.897435897435896,71.28205128205128,54.871794871794876,16.41025641025641
E00017331,184,60,16,44,124,89,35,32.608695652173914,8.695652173913043,23.91304347826087,67.3913043478261,48.369565217391305,19.021739130434785
E00017332,199,47,16,31,152,130,22,23.618090452261306,8.040201005025125,15.577889447236181,76.38190954773869,65.32663316582915,11.055276381909549
E00017333,174,46,17,29,128,110,18,26.436781609195403,9.770114942528735,16.666666666666664,73.5632183908046,63.2183908045977,10.344827586206897
E00017334,188,55,18,37,133,107,26,29.25531914893617,9.574468085106384,19.680851063829788,70.74468085106383,56.91489361702128,13.829787234042554
E00017335,178,54,29,25,124,94,30,30.337078651685395,16.292134831460675,14.04494382022472,69.66292134831461,52.80898876404494,16.853932584269664
E00017336,169,47,16,31,122,100,22,27.810650887573964,9.467455621301776,18.34319526627219,72.18934911242604,59.171597633136095,13.017751479289942
E00017337,173,39,22,17,134,117,17,22.54335260115607,12.716763005780345,9.826589595375722,77.45664739884393,67.63005780346822,9.826589595375722
E00017338,157,49,25,24,108,100,8,31.210191082802545,15.92356687898089,15.286624203821656,68.78980891719745,63.69426751592356,5.095541401273886
E00017339,169,65,22,43,104,96,8,38.46153846153847,13.017751479289942,25.443786982248522,61.53846153846154,56.80473372781065,4.733727810650888
E00017340,181,56,17,39,125,109,16,30.939226519337016,9.392265193370166,21.54696132596685,69.06077348066299,60.22099447513812,8.83977900552486
E00017341,132,38,15,23,94,70,24,28.78787878787879,11.363636363636363,17.424242424242426,71.21212121212122,53.03030303030303,18.181818181818183
E00017342,203,47,18,29,156,131,25,23.15270935960591,8.866995073891626,14.285714285714285,76.84729064039408,64.5320197044335,12.31527093596059
E00017343,109,28,16,12,81,56,25,25.688073394495415,14.678899082568808,11.009174311926607,74.31192660550458,51.37614678899083,22.93577981651376
E00017344,157,36,14,22,121,92,29,22.929936305732486,8.9171974522293,14.012738853503185,77.07006369426752,58.59872611464968,18.471337579617835
E00017345,206,56,29,27,150,115,35,27.184466019417474,14.077669902912621,13.106796116504855,72.81553398058253,55.8252427184466,16.990291262135923
E00017346,158,34,14,20,124,93,31,21.518987341772153,8.860759493670885,12.658227848101266,78.48101265822784,58.86075949367089,19.62025316455696
E00017347,150,33,12,21,117,83,34,22,8,14.000000000000002,78,55.333333333333336,22.666666666666664
E00017348,132,39,21,18,93,76,17,29.545454545454547,15.909090909090908,13.636363636363635,70.45454545454545,57.57575757575758,12.878787878787879
E00017349,167,37,12,25,130,100,30,22.15568862275449,7.18562874251497,14.97005988023952,77.84431137724552,59.88023952095808,17.964071856287426
E00017350,166,38,18,20,128,104,24,22.89156626506024,10.843373493975903,12.048192771084338,77.10843373493977,62.65060240963856,14.457831325301203
E00017351,175,45,17,28,130,103,27,25.71428571428571,9.714285714285714,16,74.28571428571429,58.857142857142854,15.428571428571427
E00017352,200,53,15,38,147,139,8,26.5,7.5,19,73.5,69.5,4
E00017353,270,88,37,51,182,169,13,32.592592592592595,13.703703703703704,18.88888888888889,67.4074074074074,62.59259259259259,4.814814814814815
E00017354,181,58,24,34,123,106,17,32.04419889502763,13.259668508287293,18.784530386740332,67.95580110497238,58.5635359116022,9.392265193370166
E00017355,210,80,37,43,130,110,20,38.095238095238095,17.61904761904762,20.476190476190474,61.904761904761905,52.38095238095239,9.523809523809524
E00017356,177,52,18,34,125,110,15,29.37853107344633,10.16949152542373,19.2090395480226,70.62146892655367,62.14689265536724,8.47457627118644
E00017358,158,59,15,44,99,90,9,37.34177215189873,9.49367088607595,27.848101265822784,62.65822784810127,56.9620253164557,5.69620253164557
E00017359,199,76,22,54,123,102,21,38.19095477386934,11.055276381909549,27.1356783919598,61.80904522613066,51.256281407035175,10.552763819095476
E00017360,191,63,20,43,128,105,23,32.98429319371728,10.471204188481675,22.5130890052356,67.01570680628272,54.973821989528794,12.041884816753926
E00017361,150,48,12,36,102,84,18,32,8,24,68,56.00000000000001,12
E00017362,254,95,29,66,159,144,15,37.40157480314961,11.41732283464567,25.984251968503933,62.59842519685039,56.69291338582677,5.905511811023622
E00017363,142,51,23,28,91,82,9,35.91549295774648,16.19718309859155,19.718309859154928,64.08450704225352,57.74647887323944,6.338028169014084
E00017364,216,75,30,45,141,120,21,34.72222222222222,13.88888888888889,20.833333333333336,65.27777777777779,55.55555555555556,9.722222222222223
E00017365,147,52,19,33,95,80,15,35.374149659863946,12.925170068027212,22.448979591836736,64.62585034013605,54.421768707483,10.204081632653061
E00017366,142,59,18,41,83,74,9,41.54929577464789,12.676056338028168,28.87323943661972,58.45070422535211,52.112676056338024,6.338028169014084
E00017367,185,60,19,41,125,108,17,32.432432432432435,10.27027027027027,22.162162162162165,67.56756756756756,58.37837837837838,9.18918918918919
E00017368,165,53,21,32,112,99,13,32.121212121212125,12.727272727272727,19.393939393939394,67.87878787878789,60,7.878787878787878
E00017369,158,51,20,31,107,96,11,32.278481012658226,12.658227848101266,19.62025316455696,67.72151898734177,60.75949367088608,6.962025316455696
E00017370,181,54,18,36,127,112,15,29.83425414364641,9.94475138121547,19.88950276243094,70.1657458563536,61.87845303867403,8.287292817679557
E00017371,138,53,21,32,85,72,13,38.405797101449274,15.217391304347828,23.18840579710145,61.59420289855072,52.17391304347826,9.420289855072465
E00017372,122,45,14,31,77,63,14,36.885245901639344,11.475409836065573,25.40983606557377,63.114754098360656,51.63934426229508,11.475409836065573
E00017373,159,49,12,37,110,98,12,30.81761006289308,7.547169811320755,23.270440251572328,69.18238993710692,61.63522012578616,7.547169811320755
E00017374,192,73,30,43,119,104,15,38.02083333333333,15.625,22.395833333333336,61.979166666666664,54.166666666666664,7.8125
E00017375,164,42,16,26,122,103,19,25.609756097560975,9.75609756097561,15.853658536585366,74.39024390243902,62.80487804878049,11.585365853658537
E00017376,114,48,17,31,66,59,7,42.10526315789473,14.912280701754385,27.192982456140353,57.89473684210527,51.75438596491229,6.140350877192982
E00017377,227,83,30,53,144,126,18,36.56387665198238,13.215859030837004,23.348017621145374,63.436123348017624,55.50660792951542,7.929515418502203
E00017378,157,44,11,33,113,98,15,28.02547770700637,7.006369426751593,21.019108280254777,71.97452229299363,62.42038216560509,9.554140127388536
E00017379,180,64,25,39,116,104,12,35.55555555555556,13.88888888888889,21.666666666666668,64.44444444444444,57.77777777777777,6.666666666666667
E00017380,191,50,15,35,141,118,23,26.17801047120419,7.853403141361256,18.32460732984293,73.82198952879581,61.78010471204188,12.041884816753926
E00017381,151,43,15,28,108,98,10,28.47682119205298,9.933774834437086,18.543046357615893,71.52317880794702,64.90066225165563,6.622516556291391
E00017382,197,56,15,41,141,127,14,28.426395939086298,7.614213197969544,20.812182741116754,71.57360406091371,64.46700507614213,7.1065989847715745
E00017383,163,75,32,43,88,79,9,46.012269938650306,19.631901840490798,26.380368098159508,53.987730061349694,48.466257668711656,5.521472392638037
E00017384,156,40,19,21,116,102,14,25.64102564102564,12.179487179487179,13.461538461538462,74.35897435897436,65.38461538461539,8.974358974358974
E00017385,217,68,29,39,149,130,19,31.336405529953915,13.36405529953917,17.972350230414747,68.66359447004609,59.907834101382484,8.755760368663594
E00017386,172,55,21,34,117,105,12,31.976744186046513,12.209302325581394,19.767441860465116,68.02325581395348,61.04651162790697,6.976744186046512
E00017387,116,40,17,23,76,62,14,34.48275862068966,14.655172413793101,19.82758620689655,65.51724137931035,53.44827586206896,12.068965517241379
E00017388,199,80,23,57,119,101,18,40.20100502512563,11.557788944723619,28.643216080402013,59.798994974874375,50.753768844221106,9.045226130653267
E00017389,159,62,24,38,97,81,16,38.9937106918239,15.09433962264151,23.89937106918239,61.0062893081761,50.943396226415096,10.062893081761008
E00017390,177,43,13,30,134,116,18,24.293785310734464,7.344632768361582,16.94915254237288,75.70621468926554,65.5367231638418,10.16949152542373
E00017391,188,59,19,40,129,109,20,31.382978723404253,10.106382978723403,21.27659574468085,68.61702127659575,57.97872340425532,10.638297872340425
E00017392,141,56,24,32,85,76,9,39.71631205673759,17.02127659574468,22.69503546099291,60.28368794326241,53.90070921985816,6.382978723404255
E00017393,172,58,20,38,114,94,20,33.72093023255814,11.627906976744185,22.093023255813954,66.27906976744185,54.65116279069767,11.627906976744185
E00017394,144,58,13,45,86,73,13,40.27777777777778,9.027777777777777,31.25,59.72222222222222,50.69444444444444,9.027777777777777
E00017395,161,52,27,25,109,93,16,32.298136645962735,16.77018633540373,15.527950310559005,67.70186335403726,57.7639751552795,9.937888198757763
E00017396,150,49,19,30,101,97,4,32.666666666666664,12.666666666666668,20,67.33333333333333,64.66666666666666,2.666666666666667
E00017397,175,62,20,42,113,99,14,35.42857142857142,11.428571428571429,24,64.57142857142857,56.57142857142857,8
E00017398,146,52,22,30,94,86,8,35.61643835616438,15.068493150684931,20.54794520547945,64.38356164383562,58.9041095890411,5.47945205479452
E00017399,173,54,16,38,119,99,20,31.213872832369944,9.248554913294797,21.965317919075144,68.78612716763006,57.22543352601156,11.560693641618498
E00017400,154,50,18,32,104,88,16,32.467532467532465,11.688311688311687,20.77922077922078,67.53246753246754,57.14285714285714,10.38961038961039
E00017401,132,48,17,31,84,66,18,36.36363636363637,12.878787878787879,23.484848484848484,63.63636363636363,50,13.636363636363635
E00017402,160,66,18,48,94,81,13,41.25,11.25,30,58.75,50.625,8.125
E00017403,226,60,24,36,166,146,20,26.548672566371685,10.619469026548673,15.929203539823009,73.45132743362832,64.60176991150442,8.849557522123893
E00017404,161,35,16,19,126,113,13,21.73913043478261,9.937888198757763,11.801242236024844,78.26086956521739,70.1863354037267,8.074534161490684
E00017405,205,66,25,41,139,100,39,32.19512195121951,12.195121951219512,20,67.8048780487805,48.78048780487805,19.024390243902438
E00017406,175,62,28,34,113,99,14,35.42857142857142,16,19.428571428571427,64.57142857142857,56.57142857142857,8
E00017407,191,66,25,41,125,107,18,34.55497382198953,13.089005235602095,21.465968586387437,65.44502617801047,56.02094240837696,9.424083769633508
E00017408,202,62,25,37,140,121,19,30.693069306930692,12.376237623762377,18.316831683168317,69.3069306930693,59.900990099009896,9.405940594059405
E00017409,156,43,17,26,113,97,16,27.564102564102566,10.897435897435898,16.666666666666664,72.43589743589743,62.17948717948718,10.256410256410255
E00017410,153,32,9,23,121,104,17,20.915032679738562,5.88235294117647,15.032679738562091,79.08496732026144,67.97385620915033,11.11111111111111
E00017411,154,55,20,35,99,90,9,35.714285714285715,12.987012987012985,22.727272727272727,64.28571428571429,58.44155844155844,5.844155844155844
E00017412,162,59,25,34,103,85,18,36.41975308641975,15.432098765432098,20.98765432098765,63.580246913580254,52.46913580246913,11.11111111111111
E00017413,199,43,19,24,156,132,24,21.608040201005025,9.547738693467336,12.060301507537687,78.39195979899498,66.33165829145729,12.060301507537687
E00017414,163,37,15,22,126,77,49,22.699386503067483,9.202453987730062,13.496932515337424,77.30061349693251,47.239263803680984,30.061349693251532
E00017415,128,29,10,19,99,78,21,22.65625,7.8125,14.84375,77.34375,60.9375,16.40625
E00017416,146,38,16,22,108,81,27,26.027397260273972,10.95890410958904,15.068493150684931,73.97260273972603,55.47945205479452,18.493150684931507
E00017417,152,47,21,26,105,56,49,30.92105263157895,13.815789473684212,17.105263157894736,69.07894736842105,36.84210526315789,32.23684210526316
E00017418,162,47,17,30,115,78,37,29.01234567901235,10.493827160493826,18.51851851851852,70.98765432098766,48.148148148148145,22.839506172839506
E00017419,131,30,13,17,101,77,24,22.900763358778626,9.923664122137405,12.977099236641221,77.09923664122137,58.778625954198475,18.3206106870229
E00017420,145,41,25,16,104,67,37,28.27586206896552,17.24137931034483,11.03448275862069,71.72413793103448,46.206896551724135,25.517241379310345
E00017421,149,24,5,19,125,92,33,16.10738255033557,3.3557046979865772,12.751677852348994,83.89261744966443,61.74496644295302,22.14765100671141
E00017422,146,41,20,21,105,79,26,28.08219178082192,13.698630136986301,14.383561643835616,71.91780821917808,54.109589041095894,17.80821917808219
E00017423,148,34,19,15,114,85,29,22.972972972972975,12.837837837837837,10.135135135135135,77.02702702702703,57.432432432432435,19.594594594594593
E00017424,135,27,8,19,108,73,35,20,5.9259259259259265,14.074074074074074,80,54.074074074074076,25.925925925925924
E00017425,160,42,19,23,118,90,28,26.25,11.875,14.374999999999998,73.75,56.25,17.5
E00017426,133,37,17,20,96,71,25,27.819548872180448,12.781954887218044,15.037593984962406,72.18045112781954,53.383458646616546,18.796992481203006
E00017427,177,48,21,27,129,89,40,27.11864406779661,11.864406779661017,15.254237288135593,72.88135593220339,50.282485875706215,22.598870056497177
E00017428,159,44,13,31,115,95,20,27.67295597484277,8.176100628930817,19.49685534591195,72.32704402515722,59.74842767295597,12.578616352201259
E00017429,127,21,6,15,106,88,18,16.535433070866144,4.724409448818897,11.811023622047244,83.46456692913385,69.29133858267717,14.173228346456693
E00017430,162,32,12,20,130,82,48,19.753086419753085,7.4074074074074066,12.345679012345679,80.24691358024691,50.617283950617285,29.629629629629626
E00017431,150,35,16,19,115,89,26,23.333333333333332,10.666666666666668,12.666666666666668,76.66666666666667,59.333333333333336,17.333333333333336
E00017432,129,33,11,22,96,75,21,25.581395348837212,8.527131782945736,17.05426356589147,74.4186046511628,58.139534883720934,16.27906976744186
E00017433,145,42,27,15,103,76,27,28.965517241379313,18.620689655172416,10.344827586206897,71.03448275862068,52.41379310344828,18.620689655172416
E00017434,156,43,23,20,113,87,26,27.564102564102566,14.743589743589745,12.82051282051282,72.43589743589743,55.769230769230774,16.666666666666664
E00017435,123,24,7,17,99,89,10,19.51219512195122,5.691056910569105,13.821138211382115,80.48780487804879,72.35772357723577,8.130081300813007
E00017436,219,38,19,19,181,147,34,17.35159817351598,8.67579908675799,8.67579908675799,82.64840182648402,67.12328767123287,15.52511415525114
E00017438,185,44,12,32,141,110,31,23.783783783783786,6.486486486486487,17.2972972972973,76.21621621621621,59.45945945945946,16.756756756756758
E00017439,136,34,15,19,102,89,13,25,11.029411764705882,13.970588235294118,75,65.44117647058823,9.558823529411764
E00017440,103,25,8,17,78,64,14,24.271844660194176,7.766990291262135,16.50485436893204,75.72815533980582,62.13592233009708,13.592233009708737
E00017441,136,54,23,31,82,71,11,39.705882352941174,16.911764705882355,22.794117647058822,60.29411764705882,52.20588235294118,8.088235294117647
E00017442,121,38,13,25,83,74,9,31.40495867768595,10.743801652892563,20.66115702479339,68.59504132231406,61.15702479338842,7.43801652892562
E00017443,122,27,6,21,95,82,13,22.131147540983605,4.918032786885246,17.21311475409836,77.8688524590164,67.21311475409836,10.655737704918032
E00017444,184,48,20,28,136,107,29,26.08695652173913,10.869565217391305,15.217391304347828,73.91304347826086,58.152173913043484,15.760869565217392
E00017445,118,23,12,11,95,65,30,19.491525423728813,10.16949152542373,9.322033898305085,80.50847457627118,55.08474576271186,25.423728813559322
E00017446,148,48,21,27,100,61,39,32.432432432432435,14.18918918918919,18.243243243243242,67.56756756756756,41.21621621621622,26.351351351351347
E00017447,176,61,22,39,115,100,15,34.659090909090914,12.5,22.15909090909091,65.3409090909091,56.81818181818182,8.522727272727272
E00017448,230,57,12,45,173,149,24,24.782608695652176,5.217391304347826,19.565217391304348,75.21739130434783,64.78260869565217,10.434782608695652
E00017449,185,65,23,42,120,107,13,35.13513513513514,12.432432432432433,22.702702702702705,64.86486486486487,57.83783783783784,7.027027027027027
E00017450,182,43,14,29,139,121,18,23.626373626373624,7.6923076923076925,15.934065934065933,76.37362637362637,66.48351648351648,9.89010989010989
E00017452,205,79,40,39,126,111,15,38.53658536585366,19.51219512195122,19.024390243902438,61.46341463414634,54.146341463414636,7.317073170731707
E00017453,167,52,19,33,115,97,18,31.137724550898206,11.377245508982035,19.760479041916167,68.8622754491018,58.08383233532935,10.778443113772456
E00017454,171,74,26,48,97,86,11,43.27485380116959,15.204678362573098,28.07017543859649,56.72514619883041,50.29239766081871,6.432748538011696
E00017455,203,63,16,47,140,123,17,31.03448275862069,7.8817733990147785,23.15270935960591,68.96551724137932,60.591133004926114,8.374384236453201
E00017456,186,60,13,47,126,117,9,32.25806451612903,6.989247311827956,25.268817204301076,67.74193548387096,62.903225806451616,4.838709677419355
E00017457,204,70,18,52,134,111,23,34.31372549019608,8.823529411764707,25.49019607843137,65.68627450980392,54.41176470588235,11.27450980392157
E00017458,164,48,17,31,116,103,13,29.268292682926827,10.365853658536585,18.902439024390244,70.73170731707317,62.80487804878049,7.926829268292683
E00017459,133,42,20,22,91,86,5,31.57894736842105,15.037593984962406,16.541353383458645,68.42105263157895,64.66165413533834,3.7593984962406015
E00017460,169,54,17,37,115,99,16,31.952662721893493,10.059171597633137,21.893491124260358,68.04733727810651,58.57988165680473,9.467455621301776
E00017461,217,78,30,48,139,115,24,35.944700460829495,13.82488479262673,22.119815668202765,64.0552995391705,52.995391705069125,11.059907834101383
E00017462,239,55,20,35,184,156,28,23.01255230125523,8.368200836820083,14.644351464435147,76.98744769874477,65.27196652719665,11.715481171548117
E00017463,155,50,21,29,105,92,13,32.25806451612903,13.548387096774196,18.70967741935484,67.74193548387096,59.354838709677416,8.38709677419355
E00017464,182,48,15,33,134,117,17,26.373626373626376,8.241758241758241,18.13186813186813,73.62637362637363,64.28571428571429,9.340659340659341
E00017465,173,66,19,47,107,94,13,38.15028901734104,10.982658959537572,27.167630057803464,61.849710982658955,54.33526011560693,7.514450867052023
E00017466,202,52,15,37,150,119,31,25.742574257425744,7.425742574257425,18.316831683168317,74.25742574257426,58.91089108910891,15.346534653465346
E00017467,160,53,18,35,107,86,21,33.125,11.25,21.875,66.875,53.75,13.125
E00017468,164,59,20,39,105,91,14,35.97560975609756,12.195121951219512,23.78048780487805,64.02439024390245,55.487804878048784,8.536585365853659
E00017469,192,70,27,43,122,103,19,36.45833333333333,14.0625,22.395833333333336,63.541666666666664,53.645833333333336,9.895833333333332
E00017470,137,32,12,20,105,94,11,23.357664233576642,8.75912408759124,14.5985401459854,76.64233576642336,68.61313868613139,8.02919708029197
E00017471,178,49,15,34,129,102,27,27.52808988764045,8.426966292134832,19.101123595505616,72.47191011235955,57.30337078651685,15.168539325842698
E00017472,110,29,8,21,81,73,8,26.36363636363636,7.2727272727272725,19.090909090909093,73.63636363636363,66.36363636363637,7.2727272727272725
E00017473,155,40,16,24,115,98,17,25.806451612903224,10.32258064516129,15.483870967741936,74.19354838709677,63.2258064516129,10.967741935483872
E00017474,173,63,21,42,110,99,11,36.41618497109826,12.138728323699421,24.277456647398843,63.58381502890174,57.22543352601156,6.358381502890173
E00017475,175,58,17,41,117,103,14,33.14285714285714,9.714285714285714,23.42857142857143,66.85714285714286,58.857142857142854,8
E00017476,187,62,19,43,125,110,15,33.155080213903744,10.16042780748663,22.994652406417114,66.84491978609626,58.82352941176471,8.0213903743315509
E00017477,280,67,19,48,213,190,23,23.92857142857143,6.785714285714286,17.142857142857142,76.07142857142857,67.85714285714286,8.214285714285714
E00017478,189,56,17,39,133,111,22,29.629629629629626,8.994708994708994,20.634920634920633,70.37037037037037,58.730158730158735,11.64021164021164
E00017479,135,35,17,18,100,62,38,25.925925925925924,12.592592592592592,13.333333333333334,74.07407407407408,45.925925925925924,28.14814814814815
E00017480,144,36,18,18,108,81,27,25,12.5,12.5,75,56.25,18.75
E00017481,184,25,13,12,159,131,28,13.586956521739129,7.065217391304348,6.521739130434782,86.41304347826086,71.19565217391305,15.217391304347828
E00017482,218,37,18,19,181,148,33,16.972477064220186,8.256880733944955,8.715596330275229,83.02752293577981,67.88990825688074,15.137614678899084
E00017483,172,34,19,15,138,120,18,19.767441860465116,11.046511627906977,8.720930232558139,80.23255813953489,69.76744186046511,10.465116279069768
E00017484,170,30,10,20,140,116,24,17.647058823529413,5.88235294117647,11.76470588235294,82.35294117647058,68.23529411764706,14.117647058823529
E00017485,132,12,4,8,120,92,28,9.090909090909092,3.0303030303030303,6.0606060606060606,90.9090909090909,69.6969696969697,21.21212121212121
E00017486,155,27,8,19,128,86,42,17.419354838709676,5.161290322580645,12.258064516129032,82.58064516129032,55.483870967741936,27.09677419354839
E00017487,117,21,6,15,96,67,29,17.94871794871795,5.128205128205128,12.82051282051282,82.05128205128204,57.26495726495726,24.786324786324787
E00017488,151,43,15,28,108,90,18,28.47682119205298,9.933774834437086,18.543046357615893,71.52317880794702,59.60264900662252,11.920529801324504
E00017489,251,34,13,21,217,189,28,13.545816733067728,5.179282868525896,8.366533864541832,86.45418326693228,75.2988047808765,11.155378486055776
E00017490,144,21,9,12,123,73,50,14.583333333333334,6.25,8.333333333333332,85.41666666666666,50.69444444444444,34.72222222222222
E00017491,77,30,9,21,47,42,5,38.961038961038966,11.688311688311687,27.27272727272727,61.038961038961034,54.54545454545454,6.493506493506493
E00017492,182,38,11,27,144,116,28,20.87912087912088,6.043956043956044,14.835164835164836,79.12087912087912,63.73626373626373,15.384615384615385
E00017493,188,27,15,12,161,118,43,14.361702127659576,7.9787234042553195,6.382978723404255,85.63829787234043,62.76595744680851,22.872340425531913
E00017494,266,60,22,38,206,160,46,22.55639097744361,8.270676691729323,14.285714285714285,77.44360902255639,60.150375939849624,17.293233082706767
E00017495,244,46,19,27,198,153,45,18.852459016393443,7.786885245901639,11.065573770491802,81.14754098360656,62.704918032786885,18.442622950819672
E00017497,168,19,7,12,149,115,34,11.30952380952381,4.166666666666666,7.142857142857142,88.69047619047619,68.45238095238095,20.238095238095237
E00017498,213,43,17,26,170,128,42,20.187793427230048,7.981220657276995,12.206572769953052,79.81220657276995,60.093896713615024,19.718309859154928
E00017499,205,43,24,19,162,135,27,20.975609756097562,11.707317073170733,9.268292682926829,79.02439024390245,65.85365853658537,13.170731707317074
E00017500,138,37,18,19,101,69,32,26.811594202898554,13.043478260869565,13.768115942028986,73.18840579710145,50,23.18840579710145
E00017501,76,20,10,10,56,40,16,26.31578947368421,13.157894736842104,13.157894736842104,73.68421052631578,52.63157894736842,21.052631578947366
E00017502,149,30,14,16,119,101,18,20.13422818791946,9.395973154362416,10.738255033557047,79.86577181208054,67.78523489932886,12.080536912751679
E00017503,232,51,18,33,181,145,36,21.982758620689655,7.758620689655173,14.224137931034484,78.01724137931035,62.5,15.517241379310345
E00017504,186,44,23,21,142,106,36,23.655913978494624,12.365591397849462,11.29032258064516,76.34408602150538,56.98924731182796,19.35483870967742
E00017505,142,24,11,13,118,83,35,16.901408450704224,7.746478873239436,9.15492957746479,83.09859154929578,58.45070422535211,24.647887323943664
E00017506,156,34,15,19,122,88,34,21.794871794871796,9.615384615384617,12.179487179487179,78.2051282051282,56.41025641025641,21.794871794871796
E00017507,189,40,11,29,149,129,20,21.164021164021165,5.82010582010582,15.343915343915343,78.83597883597884,68.25396825396825,10.582010582010582
E00017508,169,35,14,21,134,116,18,20.710059171597635,8.284023668639055,12.42603550295858,79.28994082840237,68.63905325443787,10.650887573964498
E00017509,162,38,11,27,124,85,39,23.456790123456788,6.790123456790123,16.666666666666664,76.5432098765432,52.46913580246913,24.074074074074073
E00017510,167,26,11,15,141,108,33,15.568862275449103,6.58682634730539,8.982035928143713,84.4311377245509,64.67065868263472,19.760479041916167
E00017511,163,31,16,15,132,88,44,19.018404907975462,9.815950920245399,9.202453987730062,80.98159509202453,53.987730061349694,26.993865030674847
E00017512,111,32,11,21,79,53,26,28.82882882882883,9.90990990990991,18.91891891891892,71.17117117117117,47.74774774774775,23.423423423423422
E00017513,102,33,19,14,69,45,24,32.35294117647059,18.627450980392158,13.725490196078432,67.64705882352942,44.11764705882353,23.52941176470588
E00017514,124,35,17,18,89,56,33,28.225806451612907,13.709677419354838,14.516129032258066,71.7741935483871,45.16129032258064,26.61290322580645
E00017515,122,39,18,21,83,49,34,31.967213114754102,14.754098360655737,17.21311475409836,68.0327868852459,40.16393442622951,27.86885245901639
E00017516,103,23,8,15,80,55,25,22.330097087378643,7.766990291262135,14.563106796116504,77.66990291262135,53.398058252427184,24.271844660194176
E00017517,118,36,17,19,82,58,24,30.508474576271187,14.40677966101695,16.101694915254235,69.49152542372882,49.152542372881356,20.33898305084746
E00017518,115,22,6,16,93,70,23,19.130434782608695,5.217391304347826,13.91304347826087,80.8695652173913,60.86956521739131,20
E00017519,93,20,15,5,73,50,23,21.50537634408602,16.129032258064516,5.376344086021505,78.49462365591397,53.76344086021505,24.731182795698924
E00017520,191,74,37,37,117,77,40,38.7434554973822,19.3717277486911,19.3717277486911,61.25654450261781,40.31413612565445,20.94240837696335
E00017521,163,52,23,29,111,58,53,31.901840490797547,14.11042944785276,17.791411042944784,68.09815950920245,35.58282208588957,32.515337423312886
E00017522,146,46,19,27,100,77,23,31.506849315068493,13.013698630136986,18.493150684931507,68.4931506849315,52.73972602739726,15.753424657534246
E00017523,150,43,18,25,107,65,42,28.666666666666668,12,16.666666666666664,71.33333333333334,43.333333333333336,28.000000000000004
E00017524,170,51,25,26,119,69,50,30,14.705882352941178,15.294117647058824,70,40.588235294117645,29.411764705882355
E00017525,149,43,30,13,106,64,42,28.859060402684566,20.13422818791946,8.724832214765101,71.14093959731544,42.95302013422819,28.187919463087248
E00017526,125,28,14,14,97,62,35,22.400000000000002,11.200000000000001,11.200000000000001,77.60000000000001,49.6,28.000000000000004
E00017527,103,30,16,14,73,41,32,29.126213592233007,15.53398058252427,13.592233009708737,70.87378640776699,39.80582524271845,31.06796116504854
E00017528,119,39,19,20,80,49,31,32.773109243697476,15.966386554621847,16.80672268907563,67.22689075630252,41.17647058823529,26.05042016806723
E00017529,118,38,18,20,80,54,26,32.20338983050847,15.254237288135593,16.94915254237288,67.79661016949152,45.76271186440678,22.033898305084744
E00017530,70,17,8,9,53,32,21,24.285714285714285,11.428571428571429,12.857142857142856,75.71428571428571,45.714285714285715,30
E00017531,126,37,22,15,89,52,37,29.365079365079367,17.46031746031746,11.904761904761903,70.63492063492063,41.269841269841265,29.365079365079367
E00017532,138,44,21,23,94,61,33,31.88405797101449,15.217391304347828,16.666666666666664,68.11594202898551,44.20289855072464,23.91304347826087
E00017533,151,36,18,18,115,65,50,23.841059602649008,11.920529801324504,11.920529801324504,76.15894039735099,43.04635761589404,33.11258278145696
E00017534,123,29,19,10,94,60,34,23.577235772357724,15.447154471544716,8.130081300813007,76.42276422764228,48.78048780487805,27.64227642276423
E00017535,134,35,15,20,99,44,55,26.119402985074625,11.194029850746269,14.925373134328357,73.88059701492537,32.83582089552239,41.04477611940299
E00017536,76,27,14,13,49,30,19,35.526315789473685,18.421052631578945,17.105263157894736,64.47368421052632,39.473684210526315,25
E00017537,126,42,19,23,84,49,35,33.33333333333333,15.079365079365079,18.253968253968253,66.66666666666666,38.88888888888889,27.77777777777778
E00017538,174,34,13,21,140,107,33,19.54022988505747,7.471264367816093,12.068965517241379,80.45977011494253,61.49425287356321,18.96551724137931
E00017539,139,19,8,11,120,82,38,13.66906474820144,5.755395683453238,7.913669064748201,86.33093525179856,58.992805755395686,27.33812949640288
E00017540,111,27,7,20,84,57,27,24.324324324324326,6.306306306306306,18.01801801801802,75.67567567567568,51.35135135135135,24.324324324324326
E00017541,135,25,9,16,110,85,25,18.51851851851852,6.666666666666667,11.851851851851853,81.48148148148148,62.96296296296296,18.51851851851852
E00017542,259,72,24,48,187,148,39,27.7992277992278,9.266409266409266,18.53281853281853,72.2007722007722,57.14285714285714,15.057915057915059
E00017543,135,46,22,24,89,63,26,34.074074074074076,16.296296296296298,17.77777777777778,65.92592592592592,46.666666666666664,19.25925925925926
E00017544,143,29,12,17,114,97,17,20.27972027972028,8.391608391608392,11.888111888111888,79.72027972027972,67.83216783216784,11.888111888111888
E00017545,185,51,18,33,134,110,24,27.56756756756757,9.72972972972973,17.83783783783784,72.43243243243244,59.45945945945946,12.972972972972974
E00017546,203,52,19,33,151,124,27,25.615763546798032,9.35960591133005,16.25615763546798,74.38423645320196,61.083743842364534,13.30049261083744
E00017547,167,46,18,28,121,95,26,27.54491017964072,10.778443113772456,16.766467065868262,72.45508982035929,56.886227544910184,15.568862275449103
E00017548,187,37,15,22,150,110,40,19.786096256684495,8.0213903743315509,11.76470588235294,80.21390374331551,58.82352941176471,21.390374331550802
E00017549,175,57,20,37,118,110,8,32.57142857142858,11.428571428571429,21.142857142857142,67.42857142857143,62.857142857142854,4.571428571428571
E00017550,224,57,24,33,167,143,24,25.44642857142857,10.714285714285714,14.732142857142858,74.55357142857143,63.83928571428571,10.714285714285714
E00017551,158,43,16,27,115,82,33,27.21518987341772,10.126582278481013,17.088607594936708,72.78481012658227,51.89873417721519,20.88607594936709
E00017552,172,58,21,37,114,97,17,33.72093023255814,12.209302325581394,21.511627906976745,66.27906976744185,56.395348837209305,9.883720930232558
E00017553,165,41,15,26,124,108,16,24.848484848484848,9.090909090909092,15.757575757575756,75.15151515151514,65.45454545454545,9.696969696969697
E00017554,160,41,26,15,119,92,27,25.624999999999996,16.25,9.375,74.375,57.49999999999999,16.875
E00017555,182,56,18,38,126,114,12,30.76923076923077,9.89010989010989,20.87912087912088,69.23076923076923,62.637362637362635,6.593406593406594
E00017556,210,60,20,40,150,124,26,28.57142857142857,9.523809523809524,19.047619047619047,71.42857142857143,59.04761904761905,12.380952380952381
E00017557,167,50,15,35,117,105,12,29.94011976047904,8.982035928143713,20.958083832335326,70.05988023952095,62.874251497005986,7.18562874251497
E00017558,174,51,17,34,123,93,30,29.310344827586203,9.770114942528735,19.54022988505747,70.6896551724138,53.44827586206896,17.24137931034483
E00017559,245,63,19,44,182,147,35,25.71428571428571,7.755102040816326,17.959183673469386,74.28571428571429,60,14.285714285714285
E00017560,187,44,17,27,143,109,34,23.52941176470588,9.090909090909092,14.43850267379679,76.47058823529412,58.288770053475936,18.181818181818183
E00017561,204,61,23,38,143,127,16,29.901960784313726,11.27450980392157,18.627450980392158,70.09803921568627,62.254901960784316,7.8431372549019605
E00017562,202,61,24,37,141,116,25,30.198019801980198,11.881188118811881,18.316831683168317,69.80198019801979,57.42574257425742,12.376237623762377
E00017563,184,47,17,30,137,109,28,25.543478260869566,9.239130434782608,16.304347826086957,74.45652173913044,59.2391304347826,15.217391304347828
E00017564,203,60,22,38,143,116,27,29.55665024630542,10.83743842364532,18.7192118226601,70.44334975369459,57.14285714285714,13.30049261083744
E00017565,154,40,17,23,114,98,16,25.97402597402597,11.03896103896104,14.935064935064934,74.02597402597402,63.63636363636363,10.38961038961039
E00017566,186,53,22,31,133,117,16,28.49462365591398,11.827956989247312,16.666666666666664,71.50537634408603,62.903225806451616,8.60215053763441
E00017567,246,56,18,38,190,150,40,22.76422764227642,7.317073170731707,15.447154471544716,77.23577235772358,60.97560975609756,16.260162601626014
E00017568,188,40,12,28,148,121,27,21.27659574468085,6.382978723404255,14.893617021276595,78.72340425531915,64.36170212765957,14.361702127659576
E00017569,182,42,18,24,140,99,41,23.076923076923077,9.89010989010989,13.186813186813188,76.92307692307693,54.395604395604394,22.52747252747253
E00017570,92,20,9,11,72,66,6,21.73913043478261,9.782608695652174,11.956521739130435,78.26086956521739,71.73913043478261,6.521739130434782
E00017571,167,33,14,19,134,100,34,19.760479041916167,8.383233532934131,11.377245508982035,80.23952095808383,59.88023952095808,20.359281437125748
E00017572,266,47,24,23,219,174,45,17.669172932330827,9.022556390977442,8.646616541353383,82.33082706766918,65.41353383458647,16.917293233082706
E00017573,158,40,8,32,118,98,20,25.31645569620253,5.063291139240507,20.253164556962027,74.68354430379746,62.0253164556962,12.658227848101266
E00017574,134,48,27,21,86,61,25,35.82089552238806,20.149253731343283,15.671641791044777,64.17910447761194,45.52238805970149,18.65671641791045
E00017575,157,33,12,21,124,93,31,21.019108280254777,7.643312101910828,13.375796178343949,78.98089171974523,59.23566878980891,19.745222929936308
E00017576,180,52,17,35,128,84,44,28.888888888888886,9.444444444444445,19.444444444444446,71.11111111111111,46.666666666666664,24.444444444444443
E00017578,160,35,12,23,125,97,28,21.875,7.5,14.374999999999998,78.125,60.62499999999999,17.5
E00017579,162,50,27,23,112,64,48,30.864197530864196,16.666666666666664,14.19753086419753,69.1358024691358,39.50617283950617,29.629629629629626
E00017580,163,38,19,19,125,95,30,23.31288343558282,11.65644171779141,11.65644171779141,76.68711656441718,58.282208588957054,18.404907975460123
E00017581,181,52,23,29,129,104,25,28.7292817679558,12.70718232044199,16.022099447513813,71.27071823204419,57.4585635359116,13.812154696132598
E00017582,194,40,22,18,154,90,64,20.618556701030926,11.34020618556701,9.278350515463918,79.38144329896907,46.391752577319586,32.98969072164948
E00017583,192,58,22,36,134,117,17,30.208333333333332,11.458333333333332,18.75,69.79166666666666,60.9375,8.854166666666668
E00017584,148,60,20,40,88,70,18,40.54054054054054,13.513513513513514,27.027027027027028,59.45945945945946,47.2972972972973,12.162162162162163
E00017585,185,38,17,21,147,101,46,20.54054054054054,9.18918918918919,11.351351351351353,79.45945945945945,54.59459459459459,24.864864864864867
E00017586,200,36,20,16,164,120,44,18,10,8,82,60,22
E00017587,210,45,14,31,165,137,28,21.428571428571427,6.666666666666667,14.761904761904763,78.57142857142857,65.23809523809524,13.333333333333334
E00017588,181,43,20,23,138,113,25,23.756906077348066,11.049723756906078,12.70718232044199,76.24309392265194,62.430939226519335,13.812154696132598
E00017589,177,43,23,20,134,96,38,24.293785310734464,12.994350282485875,11.299435028248588,75.70621468926554,54.23728813559322,21.468926553672315
E00017590,147,28,13,15,119,91,28,19.047619047619047,8.843537414965986,10.204081632653061,80.95238095238095,61.904761904761905,19.047619047619047
E00017591,191,43,15,28,148,105,43,22.5130890052356,7.853403141361256,14.659685863874344,77.4869109947644,54.973821989528794,22.5130890052356
E00017592,211,44,18,26,167,128,39,20.85308056872038,8.530805687203792,12.322274881516588,79.14691943127961,60.66350710900474,18.48341232227488
E00017593,250,52,18,34,198,161,37,20.8,7.199999999999999,13.600000000000001,79.2,64.4,14.799999999999999
E00017594,192,35,13,22,157,98,59,18.229166666666664,6.770833333333333,11.458333333333332,81.77083333333334,51.041666666666664,30.729166666666668
E00017595,194,33,14,19,161,120,41,17.010309278350515,7.216494845360824,9.793814432989691,82.9896907216495,61.855670103092784,21.1340206185567
E00017596,145,28,10,18,117,74,43,19.310344827586206,6.896551724137931,12.413793103448276,80.6896551724138,51.03448275862069,29.655172413793103
E00017597,175,33,9,24,142,98,44,18.857142857142858,5.142857142857142,13.714285714285715,81.14285714285714,56.00000000000001,25.142857142857146
E00017598,205,35,10,25,170,129,41,17.073170731707318,4.878048780487805,12.195121951219512,82.92682926829268,62.926829268292686,20
E00017599,166,34,13,21,132,96,36,20.481927710843372,7.83132530120482,12.650602409638553,79.51807228915662,57.831325301204814,21.686746987951807
E00017600,169,33,15,18,136,100,36,19.526627218934912,8.875739644970414,10.650887573964498,80.4733727810651,59.171597633136095,21.301775147928996
E00017601,223,54,27,27,169,132,37,24.2152466367713,12.10762331838565,12.10762331838565,75.7847533632287,59.19282511210763,16.591928251121075
E00017602,178,36,18,18,142,101,41,20.224719101123593,10.112359550561797,10.112359550561797,79.7752808988764,56.74157303370787,23.03370786516854
E00166830,117,17,5,12,100,71,29,14.529914529914532,4.273504273504273,10.256410256410255,85.47008547008546,60.68376068376068,24.786324786324787
E00166831,159,27,10,17,132,103,29,16.9811320754717,6.289308176100629,10.69182389937107,83.01886792452831,64.77987421383648,18.238993710691823
E00166832,105,11,0,11,94,73,21,10.476190476190476,0,10.476190476190476,89.52380952380953,69.52380952380952,20
E00166833,133,38,14,24,95,72,23,28.57142857142857,10.526315789473683,18.045112781954884,71.42857142857143,54.13533834586466,17.293233082706767
E00166834,141,45,13,32,96,83,13,31.914893617021278,9.219858156028367,22.69503546099291,68.08510638297872,58.86524822695035,9.219858156028367
E00166835,333,60,31,29,273,235,38,18.01801801801802,9.30930930930931,8.708708708708707,81.98198198198197,70.57057057057057,11.411411411411411
E00166836,159,24,14,10,135,111,24,15.09433962264151,8.80503144654088,6.289308176100629,84.90566037735849,69.81132075471697,15.09433962264151
E00166837,186,27,14,13,159,146,13,14.516129032258066,7.526881720430108,6.989247311827956,85.48387096774194,78.49462365591397,6.989247311827956
E00166838,66,13,2,11,53,40,13,19.696969696969695,3.0303030303030303,16.666666666666664,80.3030303030303,60.60606060606061,19.696969696969695
E00166839,160,26,15,11,134,105,29,16.25,9.375,6.875000000000001,83.75,65.625,18.125
E00166840,95,37,10,27,58,48,10,38.94736842105263,10.526315789473683,28.421052631578945,61.05263157894737,50.526315789473685,10.526315789473683
E00166841,189,51,19,32,138,121,17,26.984126984126984,10.052910052910052,16.93121693121693,73.01587301587301,64.02116402116403,8.994708994708994
E00166842,138,39,15,24,99,89,10,28.26086956521739,10.869565217391305,17.391304347826086,71.73913043478261,64.4927536231884,7.246376811594203
E00166843,131,57,22,35,74,64,10,43.51145038167939,16.793893129770993,26.717557251908396,56.48854961832062,48.854961832061065,7.633587786259542
E00184336,146,52,15,37,94,85,9,35.61643835616438,10.273972602739725,25.34246575342466,64.38356164383562,58.21917808219178,6.164383561643835
E00184337,99,14,5,9,85,66,19,14.14141414141414,5.05050505050505,9.090909090909092,85.85858585858585,66.66666666666666,19.19191919191919
E00184338,188,61,17,44,127,113,14,32.4468085106383,9.042553191489363,23.404255319148938,67.5531914893617,60.1063829787234,7.446808510638298
E00184340,60,17,7,10,43,38,5,28.333333333333332,11.666666666666666,16.666666666666664,71.66666666666667,63.33333333333333,8.333333333333332
E00184341,140,34,16,18,106,85,21,24.285714285714285,11.428571428571429,12.857142857142856,75.71428571428571,60.71428571428571,15
E00184342,259,31,15,16,228,187,41,11.96911196911197,5.7915057915057915,6.177606177606178,88.03088803088804,72.2007722007722,15.83011583011583
E00184343,63,12,5,7,51,39,12,19.047619047619047,7.936507936507936,11.11111111111111,80.95238095238095,61.904761904761905,19.047619047619047
E00184344,198,59,24,35,139,124,15,29.797979797979796,12.121212121212121,17.67676767676768,70.2020202020202,62.62626262626263,7.575757575757576
E00184345,127,57,22,35,70,63,7,44.881889763779526,17.322834645669293,27.559055118110237,55.118110236220474,49.60629921259843,5.511811023622047
E00184350,144,36,14,22,108,87,21,25,9.722222222222223,15.277777777777779,75,60.416666666666664,14.583333333333334
E00184351,212,34,16,18,178,156,22,16.037735849056602,7.547169811320755,8.49056603773585,83.9622641509434,73.58490566037736,10.377358490566039
E00184359,231,85,18,67,146,129,17,36.79653679653679,7.792207792207792,29.004329004329005,63.20346320346321,55.84415584415584,7.35930735930736
E00184361,144,57,14,43,87,74,13,39.58333333333333,9.722222222222223,29.86111111111111,60.416666666666664,51.388888888888886,9.027777777777777
E00184362,233,31,15,16,202,177,25,13.304721030042918,6.437768240343347,6.866952789699571,86.69527896995707,75.9656652360515,10.72961373390558
E00184364,188,55,22,33,133,115,18,29.25531914893617,11.702127659574469,17.5531914893617,70.74468085106383,61.170212765957444,9.574468085106384
E00184365,182,58,15,43,124,108,16,31.868131868131865,8.241758241758241,23.626373626373624,68.13186813186813,59.34065934065934,8.791208791208792
E00184373,53,13,4,9,40,35,5,24.528301886792452,7.547169811320755,16.9811320754717,75.47169811320755,66.0377358490566,9.433962264150944
E00184374,325,49,23,26,276,232,44,15.076923076923077,7.076923076923077,8,84.92307692307692,71.38461538461539,13.538461538461538
E00184375,282,67,30,37,215,185,30,23.75886524822695,10.638297872340425,13.120567375886525,76.24113475177306,65.60283687943263,10.638297872340425
E00184376,209,50,18,32,159,134,25,23.923444976076556,8.61244019138756,15.311004784688995,76.07655502392345,64.11483253588517,11.961722488038278
E00184377,276,53,16,37,223,188,35,19.202898550724637,5.797101449275362,13.405797101449277,80.79710144927536,68.11594202898551,12.681159420289855
E00184380,123,17,9,8,106,96,10,13.821138211382115,7.317073170731707,6.504065040650407,86.1788617886179,78.04878048780488,8.130081300813007
E00184387,184,30,13,17,154,122,32,16.304347826086957,7.065217391304348,9.239130434782608,83.69565217391305,66.30434782608695,17.391304347826086
