OA,ts0590001,ts0590002,ts0590003,ts0590004,ts0590005,ts0590006,ts0590007,ts0590002_PCT,ts0590003_PCT,ts0590004_PCT,ts0590005_PCT,ts0590006_PCT,ts0590007_PCT
W00003354,199,59,18,41,140,104,36,29.64824120603015,9.045226130653267,20.603015075376884,70.35175879396985,52.26130653266332,18.090452261306535
W00003355,158,42,8,34,116,94,22,26.582278481012654,5.063291139240507,21.518987341772153,73.41772151898735,59.49367088607595,13.924050632911392
W00003356,125,38,17,21,87,54,33,30.4,13.600000000000001,16.8,69.6,43.2,26.400000000000002
W00003357,155,43,11,32,112,93,19,27.741935483870968,7.096774193548387,20.64516129032258,72.25806451612902,60,12.258064516129032
W00003358,115,28,8,20,87,76,11,24.347826086956523,6.956521739130435,17.391304347826086,75.65217391304347,66.08695652173913,9.565217391304348
W00003359,194,59,26,33,135,90,45,30.412371134020617,13.402061855670103,17.010309278350515,69.58762886597938,46.391752577319586,23.195876288659793
W00003360,170,50,10,40,120,91,29,29.411764705882355,5.88235294117647,23.52941176470588,70.58823529411765,53.529411764705884,17.058823529411764
W00003361,118,29,4,25,89,78,11,24.576271186440678,3.389830508474576,21.1864406779661,75.42372881355932,66.10169491525424,9.322033898305085
W00003362,82,30,6,24,52,44,8,36.58536585365854,7.317073170731707,29.268292682926827,63.41463414634146,53.65853658536586,9.75609756097561
W00003363,49,19,5,14,30,27,3,38.775510204081634,10.204081632653061,28.57142857142857,61.224489795918366,55.10204081632652,6.122448979591836
W00003364,137,35,12,23,102,93,9,25.547445255474454,8.75912408759124,16.78832116788321,74.45255474452554,67.88321167883211,6.569343065693431
W00003365,121,31,7,24,90,73,17,25.6198347107438,5.785123966942149,19.834710743801654,74.3801652892562,60.33057851239669,14.049586776859504
W00003366,136,43,11,32,93,76,17,31.61764705882353,8.088235294117647,23.52941176470588,68.38235294117648,55.88235294117647,12.5
W00003367,143,51,14,37,92,86,6,35.66433566433567,9.79020979020979,25.874125874125873,64.33566433566433,60.13986013986013,4.195804195804196
W00003368,86,27,7,20,59,48,11,31.3953488372093,8.13953488372093,23.25581395348837,68.6046511627907,55.81395348837209,12.790697674418606
W00003369,91,30,8,22,61,54,7,32.967032967032964,8.791208791208792,24.175824175824175,67.03296703296702,59.34065934065934,7.6923076923076925
W00003370,135,43,11,32,92,85,7,31.851851851851855,8.148148148148149,23.703703703703706,68.14814814814815,62.96296296296296,5.185185185185185
W00003372,130,46,14,32,84,65,19,35.38461538461539,10.76923076923077,24.615384615384617,64.61538461538461,50,14.615384615384617
W00003373,110,31,9,22,79,60,19,28.18181818181818,8.181818181818182,20,71.81818181818181,54.54545454545454,17.272727272727273
W00003374,110,46,16,30,64,55,9,41.81818181818181,14.545454545454545,27.27272727272727,58.18181818181818,50,8.181818181818182
W00003375,97,27,3,24,70,58,12,27.835051546391753,3.0927835051546393,24.742268041237114,72.16494845360825,59.79381443298969,12.371134020618557
W00003376,111,28,0,28,83,74,9,25.225225225225223,0,25.225225225225223,74.77477477477478,66.66666666666666,8.108108108108109
W00003377,145,43,12,31,102,85,17,29.655172413793103,8.275862068965518,21.379310344827587,70.34482758620689,58.620689655172406,11.724137931034482
W00003378,104,37,10,27,67,63,4,35.57692307692308,9.615384615384617,25.961538461538463,64.42307692307693,60.57692307692307,3.8461538461538463
W00003379,104,44,11,33,60,52,8,42.30769230769231,10.576923076923077,31.73076923076923,57.692307692307686,50,7.6923076923076925
W00003380,158,46,13,33,112,98,14,29.11392405063291,8.227848101265822,20.88607594936709,70.88607594936708,62.0253164556962,8.860759493670885
W00003381,54,18,5,13,36,33,3,33.33333333333333,9.25925925925926,24.074074074074073,66.66666666666666,61.111111111111114,5.555555555555555
W00003382,126,38,8,30,88,79,9,30.158730158730158,6.349206349206349,23.809523809523807,69.84126984126983,62.698412698412696,7.142857142857142
W00003383,125,32,9,23,93,84,9,25.6,7.199999999999999,18.4,74.4,67.2,7.199999999999999
W00003384,161,44,10,34,117,106,11,27.32919254658385,6.211180124223603,21.11801242236025,72.67080745341616,65.83850931677019,6.832298136645963
W00003385,138,42,8,34,96,82,14,30.434782608695656,5.797101449275362,24.637681159420293,69.56521739130434,59.42028985507246,10.144927536231885
W00003386,88,31,10,21,57,50,7,35.22727272727273,11.363636363636363,23.863636363636363,64.77272727272727,56.81818181818182,7.954545454545454
W00003387,144,49,9,40,95,87,8,34.02777777777778,6.25,27.77777777777778,65.97222222222221,60.416666666666664,5.555555555555555
W00003388,88,31,4,27,57,50,7,35.22727272727273,4.545454545454546,30.681818181818183,64.77272727272727,56.81818181818182,7.954545454545454
W00003389,106,40,6,34,66,59,7,37.735849056603776,5.660377358490567,32.075471698113205,62.264150943396224,55.660377358490564,6.60377358490566
W00003390,150,46,9,37,104,89,15,30.666666666666664,6,24.666666666666668,69.33333333333334,59.333333333333336,10
W00003391,115,38,13,25,77,72,5,33.04347826086956,11.304347826086957,21.73913043478261,66.95652173913044,62.60869565217392,4.3478260869565215
W00003392,159,56,18,38,103,92,11,35.22012578616352,11.320754716981133,23.89937106918239,64.77987421383648,57.861635220125784,6.918238993710692
W00003393,144,51,13,38,93,82,11,35.41666666666667,9.027777777777777,26.38888888888889,64.58333333333334,56.94444444444444,7.638888888888889
W00003394,163,52,11,41,111,98,13,31.901840490797547,6.748466257668712,25.153374233128833,68.09815950920245,60.122699386503065,7.975460122699387
W00003395,161,43,10,33,118,107,11,26.70807453416149,6.211180124223603,20.496894409937887,73.29192546583852,66.45962732919256,6.832298136645963
W00003396,131,35,11,24,96,88,8,26.717557251908396,8.396946564885496,18.3206106870229,73.2824427480916,67.17557251908397,6.106870229007633
W00003397,156,49,11,38,107,93,14,31.41025641025641,7.051282051282051,24.358974358974358,68.58974358974359,59.61538461538461,8.974358974358974
W00003398,133,46,13,33,87,77,10,34.58646616541353,9.774436090225564,24.81203007518797,65.41353383458647,57.89473684210527,7.518796992481203
W00003399,106,33,5,28,73,65,8,31.132075471698112,4.716981132075472,26.41509433962264,68.86792452830188,61.32075471698113,7.547169811320755
W00003400,142,43,14,29,99,82,17,30.28169014084507,9.859154929577464,20.422535211267608,69.71830985915493,57.74647887323944,11.971830985915492
W00003401,118,44,6,38,74,68,6,37.28813559322034,5.084745762711865,32.20338983050847,62.71186440677966,57.6271186440678,5.084745762711865
W00003402,126,51,17,34,75,71,4,40.476190476190474,13.492063492063492,26.984126984126984,59.523809523809526,56.34920634920635,3.1746031746031744
W00003403,93,36,12,24,57,51,6,38.70967741935484,12.903225806451612,25.806451612903224,61.29032258064516,54.83870967741935,6.451612903225806
W00003404,60,20,3,17,40,34,6,33.33333333333333,5,28.333333333333332,66.66666666666666,56.666666666666664,10
W00003405,120,38,12,26,82,68,14,31.666666666666664,10,21.666666666666668,68.33333333333333,56.666666666666664,11.666666666666666
W00003406,96,24,9,15,72,61,11,25,9.375,15.625,75,63.541666666666664,11.458333333333332
W00003407,84,25,7,18,59,55,4,29.761904761904763,8.333333333333332,21.428571428571427,70.23809523809523,65.47619047619048,4.761904761904762
W00003408,95,38,15,23,57,50,7,40,15.789473684210526,24.210526315789473,60,52.63157894736842,7.368421052631578
W00003409,107,27,7,20,80,69,11,25.233644859813083,6.5420560747663545,18.69158878504673,74.76635514018692,64.48598130841121,10.2803738317757
W00003410,118,37,9,28,81,72,9,31.35593220338983,7.627118644067797,23.728813559322035,68.64406779661016,61.016949152542374,7.627118644067797
W00003411,53,14,1,13,39,36,3,26.41509433962264,1.8867924528301887,24.528301886792452,73.58490566037736,67.9245283018868,5.660377358490567
W00003412,139,46,10,36,93,74,19,33.093525179856115,7.1942446043165464,25.899280575539567,66.90647482014388,53.23741007194245,13.66906474820144
W00003413,127,35,8,27,92,83,9,27.559055118110237,6.299212598425196,21.25984251968504,72.44094488188976,65.35433070866141,7.086614173228346
W00003414,129,35,11,24,94,77,17,27.131782945736433,8.527131782945736,18.6046511627907,72.86821705426357,59.68992248062015,13.178294573643413
W00003415,143,50,11,39,93,81,12,34.96503496503497,7.6923076923076925,27.27272727272727,65.03496503496503,56.64335664335665,8.391608391608392
W00003416,114,33,14,19,81,65,16,28.947368421052634,12.280701754385964,16.666666666666664,71.05263157894737,57.01754385964912,14.035087719298245
W00003418,116,43,11,32,73,62,11,37.06896551724138,9.482758620689655,27.586206896551722,62.93103448275862,53.44827586206896,9.482758620689655
W00003419,103,38,16,22,65,59,6,36.89320388349515,15.53398058252427,21.35922330097087,63.10679611650486,57.28155339805825,5.825242718446602
W00003422,100,39,9,30,61,56,5,39,9,30,61,56.00000000000001,5
W00003423,276,78,16,62,198,173,25,28.26086956521739,5.797101449275362,22.463768115942027,71.73913043478261,62.68115942028986,9.057971014492754
W00003424,81,27,12,15,54,33,21,33.33333333333333,14.814814814814813,18.51851851851852,66.66666666666666,40.74074074074074,25.925925925925924
W00003425,143,39,5,34,104,89,15,27.27272727272727,3.4965034965034967,23.776223776223777,72.72727272727273,62.23776223776224,10.48951048951049
W00003426,137,46,14,32,91,77,14,33.57664233576642,10.218978102189782,23.357664233576642,66.42335766423358,56.20437956204379,10.218978102189782
W00003427,153,46,10,36,107,90,17,30.065359477124183,6.535947712418301,23.52941176470588,69.93464052287581,58.82352941176471,11.11111111111111
W00003428,91,36,7,29,55,46,9,39.56043956043956,7.6923076923076925,31.868131868131865,60.43956043956044,50.54945054945055,9.89010989010989
W00003429,120,52,15,37,68,53,15,43.333333333333336,12.5,30.833333333333336,56.666666666666664,44.166666666666664,12.5
W00003430,126,52,12,40,74,59,15,41.269841269841265,9.523809523809524,31.746031746031743,58.730158730158735,46.82539682539682,11.904761904761903
W00003431,145,50,12,38,95,89,6,34.48275862068966,8.275862068965518,26.20689655172414,65.51724137931035,61.37931034482759,4.137931034482759
W00003432,128,40,17,23,88,68,20,31.25,13.28125,17.96875,68.75,53.125,15.625
W00003433,91,36,6,30,55,51,4,39.56043956043956,6.593406593406594,32.967032967032964,60.43956043956044,56.043956043956044,4.395604395604396
W00003434,118,39,9,30,79,68,11,33.05084745762712,7.627118644067797,25.423728813559322,66.94915254237289,57.6271186440678,9.322033898305085
W00003435,135,42,15,27,93,86,7,31.11111111111111,11.11111111111111,20,68.88888888888889,63.70370370370371,5.185185185185185
W00003436,124,37,9,28,87,80,7,29.838709677419356,7.258064516129033,22.58064516129032,70.16129032258065,64.51612903225806,5.64516129032258
W00003437,138,53,18,35,85,77,8,38.405797101449274,13.043478260869565,25.36231884057971,61.59420289855072,55.79710144927537,5.797101449275362
W00003438,138,42,11,31,96,85,11,30.434782608695656,7.971014492753622,22.463768115942027,69.56521739130434,61.59420289855072,7.971014492753622
W00003439,101,40,11,29,61,55,6,39.603960396039604,10.891089108910892,28.71287128712871,60.396039603960396,54.45544554455446,5.9405940594059405
W00003440,165,43,14,29,122,98,24,26.060606060606062,8.484848484848486,17.575757575757574,73.93939393939394,59.3939393939394,14.545454545454545
W00003441,175,36,9,27,139,113,26,20.57142857142857,5.142857142857142,15.428571428571427,79.42857142857143,64.57142857142857,14.857142857142858
W00003442,113,29,10,19,84,72,12,25.663716814159294,8.849557522123893,16.8141592920354,74.33628318584071,63.716814159292035,10.619469026548673
W00003443,146,38,14,24,108,92,16,26.027397260273972,9.58904109589041,16.43835616438356,73.97260273972603,63.013698630136986,10.95890410958904
W00003444,182,48,10,38,134,112,22,26.373626373626376,5.4945054945054945,20.87912087912088,73.62637362637363,61.53846153846154,12.087912087912088
W00003445,110,37,15,22,73,64,9,33.63636363636363,13.636363636363635,20,66.36363636363637,58.18181818181818,8.181818181818182
W00003446,139,42,15,27,97,81,16,30.215827338129497,10.79136690647482,19.424460431654676,69.7841726618705,58.27338129496403,11.510791366906476
W00003447,73,28,15,13,45,37,8,38.35616438356164,20.54794520547945,17.80821917808219,61.64383561643836,50.68493150684932,10.95890410958904
W00003448,84,36,9,27,48,42,6,42.857142857142854,10.714285714285714,32.142857142857146,57.14285714285714,50,7.142857142857142
W00003449,100,40,16,24,60,47,13,40,16,24,60,47,13
W00003450,102,23,8,15,79,70,9,22.54901960784314,7.8431372549019605,14.705882352941178,77.45098039215686,68.62745098039215,8.823529411764707
W00003451,142,53,16,37,89,78,11,37.32394366197183,11.267605633802818,26.056338028169012,62.676056338028175,54.929577464788736,7.746478873239436
W00003452,90,24,4,20,66,56,10,26.666666666666668,4.444444444444445,22.22222222222222,73.33333333333333,62.22222222222222,11.11111111111111
W00003453,117,28,12,16,89,74,15,23.931623931623932,10.256410256410255,13.675213675213676,76.06837606837607,63.24786324786324,12.82051282051282
W00003454,126,37,10,27,89,82,7,29.365079365079367,7.936507936507936,21.428571428571427,70.63492063492063,65.07936507936508,5.555555555555555
W00003455,131,35,11,24,96,82,14,26.717557251908396,8.396946564885496,18.3206106870229,73.2824427480916,62.59541984732825,10.687022900763358
W00003456,130,44,15,29,86,80,6,33.84615384615385,11.538461538461538,22.30769230769231,66.15384615384615,61.53846153846154,4.615384615384616
W00003457,239,82,21,61,157,136,21,34.30962343096235,8.786610878661087,25.523012552301257,65.69037656903765,56.903765690376574,8.786610878661087
W00003458,312,71,18,53,241,190,51,22.756410256410255,5.769230769230769,16.98717948717949,77.24358974358975,60.89743589743589,16.346153846153847
W00003459,201,59,14,45,142,120,22,29.35323383084577,6.965174129353234,22.388059701492537,70.64676616915423,59.70149253731343,10.945273631840797
W00003460,127,40,11,29,87,77,10,31.496062992125985,8.661417322834646,22.83464566929134,68.50393700787401,60.629921259842526,7.874015748031496
W00003463,141,33,5,28,108,95,13,23.404255319148938,3.546099290780142,19.858156028368796,76.59574468085107,67.37588652482269,9.219858156028367
W00003464,107,35,14,21,72,64,8,32.71028037383177,13.084112149532709,19.626168224299064,67.28971962616822,59.813084112149525,7.476635514018691
W00003465,146,45,16,29,101,93,8,30.82191780821918,10.95890410958904,19.863013698630137,69.17808219178082,63.6986301369863,5.47945205479452
W00003466,100,40,10,30,60,53,7,40,10,30,60,53,7.000000000000001
W00003467,135,46,12,34,89,84,5,34.074074074074076,8.88888888888889,25.185185185185183,65.92592592592592,62.22222222222222,3.7037037037037033
W00003468,124,38,14,24,86,70,16,30.64516129032258,11.29032258064516,19.35483870967742,69.35483870967742,56.451612903225815,12.903225806451612
W00003469,126,39,5,34,87,78,9,30.952380952380953,3.968253968253968,26.984126984126984,69.04761904761905,61.904761904761905,7.142857142857142
W00003470,122,41,10,31,81,59,22,33.60655737704918,8.19672131147541,25.40983606557377,66.39344262295081,48.36065573770492,18.0327868852459
W00003471,85,28,8,20,57,33,24,32.94117647058823,9.411764705882353,23.52941176470588,67.05882352941175,38.82352941176471,28.235294117647058
W00003472,101,28,8,20,73,49,24,27.722772277227726,7.920792079207921,19.801980198019802,72.27722772277228,48.51485148514851,23.762376237623762
W00003473,116,36,8,28,80,45,35,31.03448275862069,6.896551724137931,24.137931034482758,68.96551724137932,38.793103448275865,30.17241379310345
W00003474,110,40,10,30,70,61,9,36.36363636363637,9.090909090909092,27.27272727272727,63.63636363636363,55.45454545454545,8.181818181818182
W00003475,135,39,7,32,96,78,18,28.888888888888886,5.185185185185185,23.703703703703706,71.11111111111111,57.77777777777777,13.333333333333334
W00003476,199,71,19,52,128,102,26,35.678391959798994,9.547738693467336,26.13065326633166,64.321608040201,51.256281407035175,13.06532663316583
W00003477,111,38,12,26,73,41,32,34.234234234234236,10.81081081081081,23.423423423423422,65.76576576576578,36.93693693693694,28.82882882882883
W00003478,96,23,4,19,73,50,23,23.958333333333336,4.166666666666666,19.791666666666664,76.04166666666666,52.083333333333336,23.958333333333336
W00003479,87,36,14,22,51,35,16,41.37931034482759,16.091954022988507,25.287356321839084,58.620689655172406,40.229885057471265,18.39080459770115
W00003480,138,59,21,38,79,52,27,42.7536231884058,15.217391304347828,27.536231884057973,57.2463768115942,37.68115942028986,19.565217391304348
W00003481,91,25,9,16,66,38,28,27.472527472527474,9.89010989010989,17.582417582417584,72.52747252747253,41.75824175824176,30.76923076923077
W00003482,120,45,11,34,75,54,21,37.5,9.166666666666666,28.333333333333332,62.5,45,17.5
W00003483,139,33,11,22,106,81,25,23.741007194244602,7.913669064748201,15.827338129496402,76.2589928057554,58.27338129496403,17.985611510791365
W00003484,127,36,15,21,91,66,25,28.346456692913385,11.811023622047244,16.535433070866144,71.65354330708661,51.96850393700787,19.68503937007874
W00003485,198,65,17,48,133,90,43,32.82828282828283,8.585858585858585,24.242424242424242,67.17171717171718,45.45454545454545,21.71717171717172
W00003486,160,55,18,37,105,64,41,34.375,11.25,23.125,65.625,40,25.624999999999996
W00003487,143,49,11,38,94,70,24,34.26573426573427,7.6923076923076925,26.573426573426573,65.73426573426573,48.95104895104895,16.783216783216783
W00003488,147,37,12,25,110,72,38,25.170068027210885,8.16326530612245,17.006802721088434,74.82993197278913,48.97959183673469,25.850340136054424
W00003489,185,52,13,39,133,100,33,28.10810810810811,7.027027027027027,21.08108108108108,71.89189189189189,54.054054054054056,17.83783783783784
W00003490,179,48,12,36,131,96,35,26.81564245810056,6.70391061452514,20.11173184357542,73.18435754189943,53.63128491620112,19.553072625698324
W00003491,138,34,12,22,104,75,29,24.637681159420293,8.695652173913043,15.942028985507244,75.36231884057972,54.347826086956516,21.014492753623188
W00003492,131,52,17,35,79,59,20,39.69465648854962,12.977099236641221,26.717557251908396,60.30534351145038,45.038167938931295,15.267175572519085
W00003493,149,52,20,32,97,44,53,34.899328859060404,13.422818791946309,21.476510067114095,65.1006711409396,29.53020134228188,35.57046979865772
W00003494,137,54,23,31,83,53,30,39.416058394160586,16.78832116788321,22.62773722627737,60.58394160583942,38.68613138686132,21.897810218978105
W00003495,197,68,34,34,129,84,45,34.51776649746193,17.258883248730964,17.258883248730964,65.48223350253807,42.63959390862944,22.84263959390863
W00003496,106,31,10,21,75,47,28,29.245283018867923,9.433962264150944,19.81132075471698,70.75471698113208,44.339622641509436,26.41509433962264
W00003497,162,40,13,27,122,108,14,24.691358024691358,8.024691358024691,16.666666666666664,75.30864197530865,66.66666666666666,8.641975308641975
W00003498,92,29,11,18,63,56,7,31.521739130434785,11.956521739130435,19.565217391304348,68.47826086956522,60.86956521739131,7.608695652173914
W00003499,188,54,19,35,134,126,8,28.723404255319153,10.106382978723403,18.617021276595743,71.27659574468085,67.02127659574468,4.25531914893617
W00003500,138,41,13,28,97,92,5,29.71014492753623,9.420289855072465,20.28985507246377,70.28985507246377,66.66666666666666,3.6231884057971016
W00003501,154,42,9,33,112,103,9,27.27272727272727,5.844155844155844,21.428571428571427,72.72727272727273,66.88311688311688,5.844155844155844
W00003502,142,48,14,34,94,79,15,33.80281690140845,9.859154929577464,23.943661971830984,66.19718309859155,55.633802816901415,10.56338028169014
W00003503,135,39,6,33,96,80,16,28.888888888888886,4.444444444444445,24.444444444444443,71.11111111111111,59.25925925925925,11.851851851851853
W00003504,138,35,11,24,103,87,16,25.36231884057971,7.971014492753622,17.391304347826086,74.63768115942028,63.04347826086957,11.594202898550725
W00003505,80,32,11,21,48,45,3,40,13.750000000000002,26.25,60,56.25,3.75
W00003506,79,27,5,22,52,45,7,34.177215189873415,6.329113924050633,27.848101265822784,65.82278481012658,56.9620253164557,8.860759493670885
W00003507,124,37,5,32,87,80,7,29.838709677419356,4.032258064516129,25.806451612903224,70.16129032258065,64.51612903225806,5.64516129032258
W00003508,111,40,12,28,71,64,7,36.03603603603604,10.81081081081081,25.225225225225223,63.96396396396396,57.65765765765766,6.306306306306306
W00003509,74,24,5,19,50,50,0,32.432432432432435,6.756756756756757,25.675675675675674,67.56756756756756,67.56756756756756,0
W00003510,147,36,13,23,111,92,19,24.489795918367346,8.843537414965986,15.646258503401361,75.51020408163265,62.585034013605444,12.925170068027212
W00003511,132,32,9,23,100,87,13,24.242424242424242,6.8181818181818175,17.424242424242426,75.75757575757575,65.9090909090909,9.848484848484848
W00003512,146,39,15,24,107,99,8,26.71232876712329,10.273972602739725,16.43835616438356,73.28767123287672,67.8082191780822,5.47945205479452
W00003513,116,41,8,33,75,66,9,35.3448275862069,6.896551724137931,28.448275862068968,64.65517241379311,56.896551724137936,7.758620689655173
W00003514,130,36,14,22,94,79,15,27.692307692307693,10.76923076923077,16.923076923076923,72.3076923076923,60.76923076923077,11.538461538461538
W00003515,126,31,7,24,95,78,17,24.6031746031746,5.555555555555555,19.047619047619047,75.39682539682539,61.904761904761905,13.492063492063492
W00003516,136,45,10,35,91,79,12,33.088235294117645,7.352941176470589,25.735294117647058,66.91176470588235,58.08823529411765,8.823529411764707
W00003517,162,41,13,28,121,108,13,25.308641975308642,8.024691358024691,17.28395061728395,74.69135802469135,66.66666666666666,8.024691358024691
W00003518,111,34,10,24,77,68,9,30.630630630630627,9.00900900900901,21.62162162162162,69.36936936936937,61.261261261261254,8.108108108108109
W00003519,31,7,2,5,24,22,2,22.58064516129032,6.451612903225806,16.129032258064516,77.41935483870968,70.96774193548387,6.451612903225806
W00003520,124,38,11,27,86,77,9,30.64516129032258,8.870967741935484,21.774193548387096,69.35483870967742,62.096774193548384,7.258064516129033
W00003521,103,29,9,20,74,64,10,28.155339805825243,8.737864077669903,19.41747572815534,71.84466019417476,62.13592233009708,9.70873786407767
W00003522,99,45,11,34,54,50,4,45.45454545454545,11.11111111111111,34.34343434343434,54.54545454545454,50.505050505050505,4.040404040404041
W00003523,90,34,6,28,56,54,2,37.77777777777778,6.666666666666667,31.11111111111111,62.22222222222222,60,2.2222222222222223
W00003524,129,34,9,25,95,79,16,26.356589147286826,6.976744186046512,19.379844961240313,73.64341085271317,61.240310077519375,12.4031007751938
W00003525,122,32,14,18,90,78,12,26.229508196721312,11.475409836065573,14.754098360655737,73.77049180327869,63.934426229508205,9.836065573770492
W00003526,145,37,7,30,108,97,11,25.517241379310345,4.827586206896552,20.689655172413794,74.48275862068967,66.89655172413794,7.586206896551724
W00003527,116,34,11,23,82,66,16,29.310344827586203,9.482758620689655,19.82758620689655,70.6896551724138,56.896551724137936,13.793103448275861
W00003528,186,64,20,44,122,106,16,34.40860215053764,10.75268817204301,23.655913978494624,65.59139784946237,56.98924731182796,8.60215053763441
W00003529,120,36,12,24,84,71,13,30,10,20,70,59.166666666666664,10.833333333333334
W00003530,126,42,12,30,84,77,7,33.33333333333333,9.523809523809524,23.809523809523807,66.66666666666666,61.111111111111114,5.555555555555555
W00003533,121,51,16,35,70,56,14,42.14876033057851,13.223140495867769,28.92561983471074,57.85123966942148,46.28099173553719,11.570247933884298
W00003534,98,32,4,28,66,63,3,32.6530612244898,4.081632653061225,28.57142857142857,67.3469387755102,64.28571428571429,3.061224489795918
W00003535,112,39,8,31,73,63,10,34.82142857142857,7.142857142857142,27.67857142857143,65.17857142857143,56.25,8.928571428571429
W00003536,153,46,19,27,107,92,15,30.065359477124183,12.418300653594772,17.647058823529413,69.93464052287581,60.130718954248366,9.803921568627452
W00003537,148,40,6,34,108,86,22,27.027027027027028,4.054054054054054,22.972972972972975,72.97297297297297,58.108108108108105,14.864864864864865
W00003538,109,39,13,26,70,56,14,35.77981651376147,11.926605504587156,23.853211009174313,64.22018348623854,51.37614678899083,12.844036697247708
W00003539,149,33,9,24,116,98,18,22.14765100671141,6.0402684563758395,16.10738255033557,77.85234899328859,65.77181208053692,12.080536912751679
W00003540,80,21,5,16,59,52,7,26.25,6.25,20,73.75,65,8.75
W00003542,133,46,17,29,87,75,12,34.58646616541353,12.781954887218044,21.804511278195488,65.41353383458647,56.390977443609025,9.022556390977442
W00003543,111,36,9,27,75,70,5,32.432432432432435,8.108108108108109,24.324324324324326,67.56756756756756,63.06306306306306,4.504504504504505
W00003544,100,31,10,21,69,63,6,31,10,21,69,63,6
W00003545,63,26,10,16,37,31,6,41.269841269841265,15.873015873015872,25.396825396825395,58.730158730158735,49.2063492063492,9.523809523809524
W00003546,109,38,5,33,71,64,7,34.862385321100916,4.587155963302752,30.275229357798167,65.13761467889908,58.71559633027523,6.422018348623854
W00003547,128,51,13,38,77,64,13,39.84375,10.15625,29.6875,60.15625,50,10.15625
W00003548,57,19,3,16,38,33,5,33.33333333333333,5.263157894736842,28.07017543859649,66.66666666666666,57.89473684210527,8.771929824561402
W00003549,78,31,7,24,47,40,7,39.743589743589745,8.974358974358974,30.76923076923077,60.256410256410255,51.28205128205128,8.974358974358974
W00003550,115,39,6,33,76,65,11,33.91304347826087,5.217391304347826,28.695652173913043,66.08695652173913,56.52173913043478,9.565217391304348
W00003552,120,30,5,25,90,83,7,25,4.166666666666666,20.833333333333336,75,69.16666666666667,5.833333333333333
W00003553,139,39,9,30,100,88,12,28.05755395683453,6.474820143884892,21.58273381294964,71.94244604316546,63.30935251798561,8.633093525179856
W00003554,86,31,7,24,55,51,4,36.04651162790697,8.13953488372093,27.906976744186046,63.95348837209303,59.30232558139535,4.651162790697675
W00003555,104,37,11,26,67,57,10,35.57692307692308,10.576923076923077,25,64.42307692307693,54.807692307692314,9.615384615384617
W00003556,106,40,8,32,66,62,4,37.735849056603776,7.547169811320755,30.18867924528302,62.264150943396224,58.490566037735846,3.7735849056603774
W00003557,91,36,9,27,55,49,6,39.56043956043956,9.89010989010989,29.67032967032967,60.43956043956044,53.84615384615385,6.593406593406594
W00003558,27,12,5,7,15,11,4,44.44444444444444,18.51851851851852,25.925925925925924,55.55555555555556,40.74074074074074,14.814814814814813
W00003559,127,31,10,21,96,80,16,24.409448818897637,7.874015748031496,16.535433070866144,75.59055118110236,62.99212598425197,12.598425196850393
W00003560,127,39,11,28,88,73,15,30.708661417322837,8.661417322834646,22.04724409448819,69.29133858267717,57.48031496062992,11.811023622047244
W00003561,150,34,11,23,116,96,20,22.666666666666664,7.333333333333333,15.333333333333332,77.33333333333333,64,13.333333333333334
W00003562,104,32,15,17,72,55,17,30.76923076923077,14.423076923076922,16.346153846153847,69.23076923076923,52.88461538461539,16.346153846153847
W00003563,159,32,15,17,127,108,19,20.125786163522015,9.433962264150944,10.69182389937107,79.87421383647799,67.9245283018868,11.949685534591195
W00003564,145,41,15,26,104,96,8,28.27586206896552,10.344827586206897,17.93103448275862,71.72413793103448,66.20689655172414,5.517241379310345
W00003565,158,45,18,27,113,95,18,28.48101265822785,11.39240506329114,17.088607594936708,71.51898734177216,60.12658227848101,11.39240506329114
W00003566,116,40,5,35,76,62,14,34.48275862068966,4.310344827586207,30.17241379310345,65.51724137931035,53.44827586206896,12.068965517241379
W00003567,256,81,21,60,175,146,29,31.640625,8.203125,23.4375,68.359375,57.03125,11.328125
W00003568,194,57,17,40,137,119,18,29.381443298969074,8.762886597938143,20.618556701030926,70.61855670103093,61.34020618556701,9.278350515463918
W00003569,221,52,15,37,169,136,33,23.52941176470588,6.787330316742081,16.7420814479638,76.47058823529412,61.53846153846154,14.93212669683258
W00003571,171,46,14,32,125,103,22,26.900584795321635,8.187134502923977,18.71345029239766,73.09941520467837,60.23391812865497,12.865497076023392
W00003572,46,10,2,8,36,30,6,21.73913043478261,4.3478260869565215,17.391304347826086,78.26086956521739,65.21739130434783,13.043478260869565
W00003573,304,70,23,47,234,199,35,23.026315789473685,7.565789473684211,15.460526315789474,76.97368421052632,65.46052631578947,11.513157894736842
W00003574,182,44,15,29,138,119,19,24.175824175824175,8.241758241758241,15.934065934065933,75.82417582417582,65.38461538461539,10.43956043956044
W00003575,190,56,16,40,134,100,34,29.47368421052631,8.421052631578947,21.052631578947366,70.52631578947368,52.63157894736842,17.894736842105264
W00003576,153,50,16,34,103,86,17,32.6797385620915,10.457516339869281,22.22222222222222,67.3202614379085,56.209150326797385,11.11111111111111
W00003577,178,47,11,36,131,116,15,26.40449438202247,6.179775280898876,20.224719101123593,73.59550561797754,65.1685393258427,8.426966292134832
W00003578,123,27,9,18,96,75,21,21.951219512195124,7.317073170731707,14.634146341463413,78.04878048780488,60.97560975609756,17.073170731707318
W00003579,155,45,10,35,110,95,15,29.03225806451613,6.451612903225806,22.58064516129032,70.96774193548387,61.29032258064516,9.67741935483871
W00003580,118,39,12,27,79,67,12,33.05084745762712,10.16949152542373,22.88135593220339,66.94915254237289,56.779661016949156,10.16949152542373
W00003581,238,64,11,53,174,152,22,26.89075630252101,4.621848739495799,22.268907563025213,73.10924369747899,63.86554621848739,9.243697478991598
W00003582,190,45,8,37,145,121,24,23.684210526315788,4.2105263157894735,19.473684210526315,76.31578947368422,63.68421052631579,12.631578947368421
W00003583,94,24,5,19,70,55,15,25.53191489361702,5.319148936170213,20.212765957446805,74.46808510638297,58.51063829787234,15.957446808510639
W00003584,140,44,11,33,96,75,21,31.428571428571427,7.857142857142857,23.57142857142857,68.57142857142857,53.57142857142857,15
W00003585,141,32,9,23,109,105,4,22.69503546099291,6.382978723404255,16.312056737588655,77.30496453900709,74.46808510638297,2.8368794326241136
W00003586,155,54,16,38,101,88,13,34.83870967741935,10.32258064516129,24.516129032258064,65.16129032258064,56.774193548387096,8.38709677419355
W00003587,179,61,17,44,118,101,17,34.07821229050279,9.497206703910614,24.581005586592177,65.92178770949721,56.424581005586596,9.497206703910614
W00003588,185,58,14,44,127,112,15,31.351351351351354,7.567567567567568,23.783783783783786,68.64864864864865,60.54054054054055,8.108108108108109
W00003589,126,37,12,25,89,76,13,29.365079365079367,9.523809523809524,19.841269841269842,70.63492063492063,60.317460317460316,10.317460317460316
W00003590,119,37,14,23,82,61,21,31.092436974789916,11.76470588235294,19.327731092436977,68.90756302521008,51.26050420168067,17.647058823529413
W00003591,112,33,14,19,79,71,8,29.464285714285715,12.5,16.964285714285715,70.53571428571429,63.39285714285714,7.142857142857142
W00003592,108,32,13,19,76,62,14,29.629629629629626,12.037037037037036,17.59259259259259,70.37037037037037,57.407407407407405,12.962962962962962
W00003594,177,45,11,34,132,118,14,25.423728813559322,6.214689265536723,19.2090395480226,74.57627118644068,66.66666666666666,7.909604519774012
W00003595,123,31,3,28,92,75,17,25.203252032520325,2.4390243902439024,22.76422764227642,74.79674796747967,60.97560975609756,13.821138211382115
W00003596,93,35,7,28,58,52,6,37.634408602150536,7.526881720430108,30.107526881720432,62.365591397849464,55.91397849462365,6.451612903225806
W00003597,120,39,7,32,81,68,13,32.5,5.833333333333333,26.666666666666668,67.5,56.666666666666664,10.833333333333334
W00003598,104,34,12,22,70,60,10,32.69230769230769,11.538461538461538,21.153846153846153,67.3076923076923,57.692307692307686,9.615384615384617
W00003599,152,42,8,34,110,96,14,27.631578947368425,5.263157894736842,22.36842105263158,72.36842105263158,63.1578947368421,9.210526315789473
W00003600,104,35,13,22,69,58,11,33.65384615384615,12.5,21.153846153846153,66.34615384615384,55.769230769230774,10.576923076923077
W00003601,116,43,15,28,73,62,11,37.06896551724138,12.931034482758621,24.137931034482758,62.93103448275862,53.44827586206896,9.482758620689655
W00003602,189,65,21,44,124,101,23,34.39153439153439,11.11111111111111,23.28042328042328,65.60846560846561,53.43915343915344,12.16931216931217
W00003603,60,21,1,20,39,34,5,35,1.6666666666666667,33.33333333333333,65,56.666666666666664,8.333333333333332
W00003604,78,19,6,13,59,45,14,24.358974358974358,7.6923076923076925,16.666666666666664,75.64102564102564,57.692307692307686,17.94871794871795
W00003605,116,37,8,29,79,72,7,31.896551724137932,6.896551724137931,25,68.10344827586206,62.06896551724138,6.0344827586206895
W00003606,100,33,7,26,67,60,7,33,7.000000000000001,26,67,60,7.000000000000001
W00003607,124,40,11,29,84,70,14,32.25806451612903,8.870967741935484,23.387096774193548,67.74193548387096,56.451612903225815,11.29032258064516
W00003608,280,92,27,65,188,157,31,32.857142857142854,9.642857142857144,23.214285714285715,67.14285714285714,56.07142857142857,11.071428571428571
W00003609,111,30,7,23,81,64,17,27.027027027027028,6.306306306306306,20.72072072072072,72.97297297297297,57.65765765765766,15.315315315315313
W00003610,108,45,13,32,63,57,6,41.66666666666667,12.037037037037036,29.629629629629626,58.333333333333336,52.77777777777778,5.555555555555555
W00003611,178,52,17,35,126,110,16,29.213483146067414,9.550561797752808,19.662921348314608,70.78651685393258,61.79775280898876,8.98876404494382
W00003612,99,23,7,16,76,65,11,23.232323232323232,7.07070707070707,16.161616161616163,76.76767676767676,65.65656565656566,11.11111111111111
W00003613,210,74,30,44,136,89,47,35.23809523809524,14.285714285714285,20.952380952380953,64.76190476190476,42.38095238095238,22.380952380952383
W00003614,70,23,8,15,47,40,7,32.857142857142854,11.428571428571429,21.428571428571427,67.14285714285714,57.14285714285714,10
W00003615,84,30,8,22,54,45,9,35.714285714285715,9.523809523809524,26.190476190476193,64.28571428571429,53.57142857142857,10.714285714285714
W00003616,72,25,8,17,47,38,9,34.72222222222222,11.11111111111111,23.61111111111111,65.27777777777779,52.77777777777778,12.5
W00003617,64,23,6,17,41,31,10,35.9375,9.375,26.5625,64.0625,48.4375,15.625
W00003618,164,59,29,30,105,75,30,35.97560975609756,17.682926829268293,18.29268292682927,64.02439024390245,45.73170731707317,18.29268292682927
W00003619,144,55,15,40,89,71,18,38.19444444444444,10.416666666666668,27.77777777777778,61.80555555555556,49.30555555555556,12.5
W00003620,86,35,11,24,51,46,5,40.69767441860465,12.790697674418606,27.906976744186046,59.30232558139535,53.48837209302325,5.813953488372093
W00003621,119,45,15,30,74,61,13,37.81512605042017,12.605042016806722,25.210084033613445,62.18487394957983,51.26050420168067,10.92436974789916
W00003622,41,9,8,1,32,25,7,21.951219512195124,19.51219512195122,2.4390243902439024,78.04878048780488,60.97560975609756,17.073170731707318
W00003623,75,24,7,17,51,44,7,32,9.333333333333334,22.666666666666664,68,58.666666666666664,9.333333333333334
W00003624,194,74,25,49,120,73,47,38.144329896907216,12.886597938144329,25.257731958762886,61.855670103092784,37.628865979381445,24.22680412371134
W00003625,187,69,21,48,118,81,37,36.898395721925134,11.229946524064172,25.668449197860966,63.101604278074866,43.31550802139038,19.786096256684495
W00003626,190,69,22,47,121,80,41,36.31578947368421,11.578947368421053,24.736842105263158,63.68421052631579,42.10526315789473,21.578947368421055
W00003627,190,63,15,48,127,84,43,33.1578947368421,7.894736842105263,25.263157894736842,66.84210526315789,44.21052631578947,22.63157894736842
W00003628,142,52,24,28,90,50,40,36.61971830985916,16.901408450704224,19.718309859154928,63.38028169014085,35.2112676056338,28.169014084507044
W00003629,125,38,14,24,87,59,28,30.4,11.200000000000001,19.2,69.6,47.199999999999996,22.400000000000002
W00003630,210,61,23,38,149,106,43,29.04761904761905,10.952380952380953,18.095238095238095,70.95238095238095,50.476190476190474,20.476190476190474
W00003631,168,46,21,25,122,85,37,27.380952380952383,12.5,14.880952380952381,72.61904761904762,50.595238095238095,22.023809523809522
W00003632,188,64,20,44,124,94,30,34.04255319148936,10.638297872340425,23.404255319148938,65.95744680851064,50,15.957446808510639
W00003633,142,55,18,37,87,62,25,38.732394366197184,12.676056338028168,26.056338028169012,61.267605633802816,43.66197183098591,17.6056338028169
W00003634,104,29,11,18,75,55,20,27.884615384615387,10.576923076923077,17.307692307692307,72.11538461538461,52.88461538461539,19.230769230769234
W00003635,145,50,17,33,95,72,23,34.48275862068966,11.724137931034482,22.758620689655174,65.51724137931035,49.6551724137931,15.862068965517242
W00003636,84,24,9,15,60,53,7,28.57142857142857,10.714285714285714,17.857142857142858,71.42857142857143,63.095238095238095,8.333333333333332
W00003637,111,28,9,19,83,73,10,25.225225225225223,8.108108108108109,17.117117117117118,74.77477477477478,65.76576576576578,9.00900900900901
W00003638,185,42,11,31,143,105,38,22.702702702702705,5.9459459459459465,16.756756756756758,77.29729729729729,56.75675675675676,20.54054054054054
W00003639,149,40,7,33,109,72,37,26.845637583892618,4.697986577181208,22.14765100671141,73.15436241610739,48.322147651006716,24.832214765100673
W00003640,132,28,6,22,104,81,23,21.21212121212121,4.545454545454546,16.666666666666664,78.78787878787878,61.36363636363637,17.424242424242426
W00003641,106,39,16,23,67,59,8,36.79245283018868,15.09433962264151,21.69811320754717,63.20754716981132,55.660377358490564,7.547169811320755
W00003642,74,21,7,14,53,44,9,28.37837837837838,9.45945945945946,18.91891891891892,71.62162162162163,59.45945945945946,12.162162162162163
W00003643,96,23,8,15,73,63,10,23.958333333333336,8.333333333333332,15.625,76.04166666666666,65.625,10.416666666666668
W00003644,117,38,13,25,79,70,9,32.47863247863248,11.11111111111111,21.367521367521366,67.52136752136752,59.82905982905983,7.6923076923076925
W00003645,101,28,8,20,73,56,17,27.722772277227726,7.920792079207921,19.801980198019802,72.27722772277228,55.44554455445545,16.831683168316832
W00003646,130,35,18,17,95,76,19,26.923076923076923,13.846153846153847,13.076923076923078,73.07692307692307,58.46153846153847,14.615384615384617
W00003647,112,28,6,22,84,59,25,25,5.357142857142857,19.642857142857142,75,52.67857142857143,22.321428571428573
W00003648,113,41,12,29,72,56,16,36.283185840707965,10.619469026548673,25.663716814159294,63.716814159292035,49.557522123893804,14.15929203539823
W00003649,99,30,8,22,69,59,10,30.303030303030305,8.080808080808081,22.22222222222222,69.6969696969697,59.59595959595959,10.1010101010101
W00003650,145,36,13,23,109,89,20,24.82758620689655,8.96551724137931,15.862068965517242,75.17241379310344,61.37931034482759,13.793103448275861
W00003651,93,40,9,31,53,43,10,43.01075268817204,9.67741935483871,33.33333333333333,56.98924731182796,46.236559139784944,10.75268817204301
W00003652,99,39,10,29,60,44,16,39.39393939393939,10.1010101010101,29.292929292929294,60.60606060606061,44.44444444444444,16.161616161616163
W00003653,120,37,15,22,83,58,25,30.833333333333336,12.5,18.333333333333332,69.16666666666667,48.333333333333336,20.833333333333336
W00003654,88,33,8,25,55,43,12,37.5,9.090909090909092,28.40909090909091,62.5,48.86363636363637,13.636363636363635
W00003655,131,38,12,26,93,53,40,29.00763358778626,9.16030534351145,19.84732824427481,70.99236641221374,40.458015267175576,30.53435114503817
W00003656,118,27,6,21,91,65,26,22.88135593220339,5.084745762711865,17.796610169491526,77.11864406779661,55.08474576271186,22.033898305084744
W00003657,166,34,7,27,132,116,16,20.481927710843372,4.216867469879518,16.265060240963855,79.51807228915662,69.87951807228916,9.63855421686747
W00003658,190,57,9,48,133,111,22,30,4.736842105263158,25.263157894736842,70,58.42105263157895,11.578947368421053
W00003659,63,19,8,11,44,39,5,30.158730158730158,12.698412698412698,17.46031746031746,69.84126984126983,61.904761904761905,7.936507936507936
W00003660,156,45,13,32,111,83,28,28.846153846153843,8.333333333333332,20.51282051282051,71.15384615384616,53.205128205128204,17.94871794871795
W00003661,114,44,15,29,70,55,15,38.59649122807017,13.157894736842104,25.438596491228072,61.40350877192983,48.24561403508772,13.157894736842104
W00003662,88,26,5,21,62,44,18,29.545454545454547,5.681818181818182,23.863636363636363,70.45454545454545,50,20.454545454545457
W00003664,101,25,8,17,76,60,16,24.752475247524753,7.920792079207921,16.831683168316832,75.24752475247524,59.4059405940594,15.841584158415841
W00003665,166,37,14,23,129,106,23,22.289156626506024,8.433734939759036,13.855421686746988,77.71084337349397,63.85542168674698,13.855421686746988
W00003666,136,30,5,25,106,81,25,22.058823529411764,3.6764705882352944,18.38235294117647,77.94117647058823,59.55882352941176,18.38235294117647
W00003667,149,44,15,29,105,88,17,29.53020134228188,10.06711409395973,19.463087248322147,70.46979865771812,59.06040268456376,11.409395973154362
W00003668,94,33,10,23,61,55,6,35.1063829787234,10.638297872340425,24.46808510638298,64.8936170212766,58.51063829787234,6.382978723404255
W00003669,99,37,9,28,62,51,11,37.37373737373738,9.090909090909092,28.28282828282828,62.62626262626263,51.515151515151516,11.11111111111111
W00003670,154,43,14,29,111,73,38,27.92207792207792,9.090909090909092,18.83116883116883,72.07792207792207,47.4025974025974,24.675324675324674
W00003671,241,66,26,40,175,145,30,27.385892116182575,10.78838174273859,16.59751037344398,72.61410788381743,60.16597510373444,12.448132780082988
W00003672,117,53,26,27,64,48,16,45.2991452991453,22.22222222222222,23.076923076923077,54.700854700854705,41.02564102564102,13.675213675213676
W00003673,77,30,16,14,47,24,23,38.961038961038966,20.77922077922078,18.181818181818183,61.038961038961034,31.16883116883117,29.87012987012987
W00003674,109,31,11,20,78,54,24,28.440366972477065,10.091743119266056,18.34862385321101,71.55963302752293,49.54128440366973,22.018348623853214
W00003675,97,42,18,24,55,39,16,43.29896907216495,18.556701030927837,24.742268041237114,56.70103092783505,40.20618556701031,16.49484536082474
W00003676,96,33,18,15,63,45,18,34.375,18.75,15.625,65.625,46.875,18.75
W00003677,138,41,19,22,97,53,44,29.71014492753623,13.768115942028986,15.942028985507244,70.28985507246377,38.405797101449274,31.88405797101449
W00003678,135,47,18,29,88,51,37,34.81481481481482,13.333333333333334,21.48148148148148,65.18518518518519,37.77777777777778,27.40740740740741
W00003679,168,45,16,29,123,103,20,26.785714285714285,9.523809523809524,17.261904761904763,73.21428571428571,61.30952380952381,11.904761904761903
W00003680,139,38,14,24,101,85,16,27.33812949640288,10.071942446043165,17.26618705035971,72.66187050359713,61.15107913669065,11.510791366906476
W00003681,151,43,15,28,108,82,26,28.47682119205298,9.933774834437086,18.543046357615893,71.52317880794702,54.3046357615894,17.218543046357617
W00003682,122,29,10,19,93,65,28,23.770491803278688,8.19672131147541,15.573770491803279,76.22950819672131,53.278688524590166,22.950819672131146
W00003683,129,48,13,35,81,56,25,37.2093023255814,10.077519379844961,27.131782945736433,62.7906976744186,43.41085271317829,19.379844961240313
W00003684,96,37,13,24,59,44,15,38.54166666666667,13.541666666666666,25,61.458333333333336,45.83333333333333,15.625
W00003685,193,53,13,40,140,113,27,27.461139896373055,6.7357512953367875,20.72538860103627,72.53886010362694,58.549222797927456,13.989637305699482
W00003686,133,40,7,33,93,59,34,30.075187969924812,5.263157894736842,24.81203007518797,69.92481203007519,44.3609022556391,25.563909774436087
W00003687,148,52,11,41,96,78,18,35.13513513513514,7.4324324324324325,27.7027027027027,64.86486486486487,52.702702702702695,12.162162162162163
W00003688,122,27,9,18,95,69,26,22.131147540983605,7.377049180327869,14.754098360655737,77.8688524590164,56.557377049180324,21.311475409836063
W00003689,109,33,13,20,76,53,23,30.275229357798167,11.926605504587156,18.34862385321101,69.72477064220183,48.62385321100918,21.100917431192663
W00003690,137,54,15,39,83,55,28,39.416058394160586,10.948905109489052,28.467153284671532,60.58394160583942,40.14598540145985,20.437956204379564
W00003691,119,29,6,23,90,64,26,24.369747899159663,5.042016806722689,19.327731092436977,75.63025210084034,53.78151260504202,21.84873949579832
W00003692,195,50,12,38,145,106,39,25.64102564102564,6.153846153846154,19.48717948717949,74.35897435897436,54.35897435897436,20
W00003693,127,40,15,25,87,55,32,31.496062992125985,11.811023622047244,19.68503937007874,68.50393700787401,43.30708661417323,25.196850393700785
W00003694,110,29,12,17,81,44,37,26.36363636363636,10.909090909090908,15.454545454545453,73.63636363636363,40,33.63636363636363
W00003695,157,49,20,29,108,83,25,31.210191082802545,12.738853503184714,18.471337579617835,68.78980891719745,52.86624203821656,15.92356687898089
W00003696,109,40,8,32,69,60,9,36.69724770642202,7.339449541284404,29.357798165137616,63.30275229357798,55.04587155963303,8.256880733944955
W00003697,151,42,16,26,109,66,43,27.81456953642384,10.596026490066226,17.218543046357617,72.18543046357617,43.70860927152318,28.47682119205298
W00003698,166,54,16,38,112,70,42,32.53012048192771,9.63855421686747,22.89156626506024,67.46987951807229,42.168674698795186,25.301204819277107
W00003699,173,49,12,37,124,69,55,28.32369942196532,6.9364161849710975,21.38728323699422,71.67630057803468,39.884393063583815,31.79190751445087
W00003700,169,51,17,34,118,99,19,30.17751479289941,10.059171597633137,20.118343195266274,69.8224852071006,58.57988165680473,11.242603550295858
W00003701,155,51,19,32,104,75,29,32.903225806451616,12.258064516129032,20.64516129032258,67.0967741935484,48.38709677419355,18.70967741935484
W00003702,146,48,13,35,98,81,17,32.87671232876712,8.904109589041095,23.972602739726025,67.12328767123287,55.47945205479452,11.643835616438356
W00003703,98,32,9,23,66,49,17,32.6530612244898,9.183673469387756,23.46938775510204,67.3469387755102,50,17.346938775510203
W00003704,122,32,15,17,90,78,12,26.229508196721312,12.295081967213115,13.934426229508196,73.77049180327869,63.934426229508205,9.836065573770492
W00003705,129,48,12,36,81,62,19,37.2093023255814,9.30232558139535,27.906976744186046,62.7906976744186,48.06201550387597,14.728682170542637
W00003706,161,49,14,35,112,79,33,30.434782608695656,8.695652173913043,21.73913043478261,69.56521739130434,49.06832298136646,20.496894409937887
W00003707,112,39,6,33,73,54,19,34.82142857142857,5.357142857142857,29.464285714285715,65.17857142857143,48.214285714285715,16.964285714285715
W00003708,183,59,23,36,124,94,30,32.240437158469945,12.568306010928962,19.672131147540984,67.75956284153006,51.36612021857923,16.39344262295082
W00003709,142,42,14,28,100,75,25,29.577464788732392,9.859154929577464,19.718309859154928,70.4225352112676,52.816901408450704,17.6056338028169
W00003710,81,24,9,15,57,42,15,29.629629629629626,11.11111111111111,18.51851851851852,70.37037037037037,51.85185185185185,18.51851851851852
W00003711,226,66,9,57,160,131,29,29.20353982300885,3.982300884955752,25.221238938053098,70.79646017699115,57.9646017699115,12.831858407079647
W00003712,209,43,13,30,166,152,14,20.574162679425836,6.220095693779904,14.354066985645932,79.42583732057416,72.72727272727273,6.698564593301436
W00003713,133,41,10,31,92,77,15,30.82706766917293,7.518796992481203,23.308270676691727,69.17293233082707,57.89473684210527,11.278195488721805
W00003714,80,24,6,18,56,44,12,30,7.5,22.5,70,55.00000000000001,15
W00003715,155,45,14,31,110,94,16,29.03225806451613,9.032258064516128,20,70.96774193548387,60.64516129032258,10.32258064516129
W00003716,183,58,17,41,125,107,18,31.693989071038253,9.289617486338798,22.404371584699454,68.30601092896174,58.46994535519126,9.836065573770492
W00003717,126,39,12,27,87,80,7,30.952380952380953,9.523809523809524,21.428571428571427,69.04761904761905,63.49206349206349,5.555555555555555
W00003718,138,34,8,26,104,87,17,24.637681159420293,5.797101449275362,18.84057971014493,75.36231884057972,63.04347826086957,12.318840579710146
W00003719,151,38,14,24,113,101,12,25.165562913907287,9.271523178807946,15.894039735099339,74.83443708609272,66.88741721854305,7.9470198675496695
W00003720,98,25,11,14,73,61,12,25.510204081632654,11.224489795918368,14.285714285714285,74.48979591836735,62.244897959183675,12.244897959183673
W00003721,162,55,15,40,107,80,27,33.95061728395062,9.25925925925926,24.691358024691358,66.0493827160494,49.382716049382715,16.666666666666664
W00003722,200,57,17,40,143,129,14,28.499999999999996,8.5,20,71.5,64.5,7.000000000000001
W00003723,143,44,10,34,99,85,14,30.76923076923077,6.993006993006993,23.776223776223777,69.23076923076923,59.44055944055944,9.79020979020979
W00003724,126,43,11,32,83,74,9,34.12698412698413,8.73015873015873,25.396825396825395,65.87301587301587,58.730158730158735,7.142857142857142
W00003725,122,37,5,32,85,74,11,30.327868852459016,4.098360655737705,26.229508196721312,69.67213114754098,60.65573770491803,9.01639344262295
W00003726,259,64,20,44,195,166,29,24.71042471042471,7.722007722007722,16.988416988416986,75.2895752895753,64.0926640926641,11.196911196911197
W00003727,37,8,0,8,29,26,3,21.62162162162162,0,21.62162162162162,78.37837837837837,70.27027027027027,8.108108108108109
W00003728,121,37,8,29,84,66,18,30.57851239669421,6.6115702479338845,23.96694214876033,69.42148760330579,54.54545454545454,14.87603305785124
W00003729,228,74,17,57,154,112,42,32.45614035087719,7.456140350877193,25,67.54385964912281,49.122807017543856,18.421052631578945
W00003730,92,30,11,19,62,55,7,32.608695652173914,11.956521739130435,20.652173913043477,67.3913043478261,59.78260869565217,7.608695652173914
W00003731,176,61,19,42,115,100,15,34.659090909090914,10.795454545454545,23.863636363636363,65.3409090909091,56.81818181818182,8.522727272727272
W00003732,120,37,12,25,83,75,8,30.833333333333336,10,20.833333333333336,69.16666666666667,62.5,6.666666666666667
W00003733,62,27,3,24,35,24,11,43.54838709677419,4.838709677419355,38.70967741935484,56.451612903225815,38.70967741935484,17.741935483870968
W00003734,127,37,9,28,90,75,15,29.133858267716533,7.086614173228346,22.04724409448819,70.86614173228347,59.055118110236215,11.811023622047244
W00003735,110,45,19,26,65,57,8,40.909090909090914,17.272727272727273,23.636363636363637,59.09090909090909,51.81818181818182,7.2727272727272725
W00003736,106,23,3,20,83,72,11,21.69811320754717,2.8301886792452833,18.867924528301888,78.30188679245283,67.9245283018868,10.377358490566039
W00003737,151,46,8,38,105,65,40,30.4635761589404,5.298013245033113,25.165562913907287,69.5364238410596,43.04635761589404,26.490066225165563
W00003738,146,44,18,26,102,85,17,30.136986301369863,12.32876712328767,17.80821917808219,69.86301369863014,58.21917808219178,11.643835616438356
W00003739,122,33,10,23,89,74,15,27.049180327868854,8.19672131147541,18.852459016393443,72.95081967213115,60.65573770491803,12.295081967213115
W00003741,224,57,10,47,167,136,31,25.44642857142857,4.464285714285714,20.982142857142858,74.55357142857143,60.71428571428571,13.839285714285715
W00003742,157,40,11,29,117,75,42,25.477707006369428,7.006369426751593,18.471337579617835,74.52229299363057,47.77070063694268,26.751592356687897
W00003743,172,45,9,36,127,103,24,26.16279069767442,5.232558139534884,20.930232558139537,73.83720930232558,59.883720930232556,13.953488372093023
W00003744,153,41,12,29,112,93,19,26.797385620915033,7.8431372549019605,18.954248366013072,73.20261437908496,60.78431372549019,12.418300653594772
W00003745,182,44,12,32,138,99,39,24.175824175824175,6.593406593406594,17.582417582417584,75.82417582417582,54.395604395604394,21.428571428571427
W00003746,136,33,8,25,103,77,26,24.264705882352942,5.88235294117647,18.38235294117647,75.73529411764706,56.61764705882353,19.11764705882353
W00003747,232,61,23,38,171,128,43,26.29310344827586,9.913793103448276,16.379310344827587,73.70689655172413,55.172413793103445,18.53448275862069
W00003748,128,45,14,31,83,67,16,35.15625,10.9375,24.21875,64.84375,52.34375,12.5
W00003749,220,53,16,37,167,142,25,24.09090909090909,7.2727272727272725,16.818181818181817,75.9090909090909,64.54545454545455,11.363636363636363
W00003750,125,38,14,24,87,70,17,30.4,11.200000000000001,19.2,69.6,56.00000000000001,13.600000000000001
W00003751,144,48,13,35,96,82,14,33.33333333333333,9.027777777777777,24.305555555555554,66.66666666666666,56.94444444444444,9.722222222222223
W00003752,148,50,13,37,98,84,14,33.78378378378378,8.783783783783784,25,66.21621621621621,56.75675675675676,9.45945945945946
W00003753,129,38,11,27,91,75,16,29.457364341085274,8.527131782945736,20.930232558139537,70.54263565891473,58.139534883720934,12.4031007751938
W00003754,111,49,16,33,62,58,4,44.14414414414414,14.414414414414415,29.72972972972973,55.85585585585585,52.25225225225225,3.6036036036036037
W00003755,127,33,8,25,94,78,16,25.984251968503933,6.299212598425196,19.68503937007874,74.01574803149606,61.417322834645674,12.598425196850393
W00003756,100,35,11,24,65,58,7,35,11,24,65,57.99999999999999,7.000000000000001
W00003757,141,46,10,36,95,81,14,32.62411347517731,7.092198581560284,25.53191489361702,67.37588652482269,57.446808510638306,9.929078014184398
W00003758,174,53,15,38,121,100,21,30.45977011494253,8.620689655172415,21.839080459770116,69.54022988505747,57.47126436781609,12.068965517241379
W00003759,131,49,10,39,82,69,13,37.404580152671755,7.633587786259542,29.770992366412212,62.59541984732825,52.67175572519084,9.923664122137405
W00003760,127,28,13,15,99,78,21,22.04724409448819,10.236220472440944,11.811023622047244,77.95275590551181,61.417322834645674,16.535433070866144
W00003761,107,34,14,20,73,58,15,31.775700934579437,13.084112149532709,18.69158878504673,68.22429906542055,54.20560747663551,14.018691588785046
W00003762,156,38,15,23,118,79,39,24.358974358974358,9.615384615384617,14.743589743589745,75.64102564102564,50.641025641025635,25
W00003763,116,44,13,31,72,60,12,37.93103448275862,11.206896551724139,26.72413793103448,62.06896551724138,51.724137931034484,10.344827586206897
W00003764,102,24,7,17,78,62,16,23.52941176470588,6.862745098039216,16.666666666666664,76.47058823529412,60.78431372549019,15.686274509803921
W00003765,83,27,14,13,56,45,11,32.53012048192771,16.867469879518072,15.66265060240964,67.46987951807229,54.21686746987952,13.253012048192772
W00003766,90,21,11,10,69,63,6,23.333333333333332,12.222222222222221,11.11111111111111,76.66666666666667,70,6.666666666666667
W00003767,96,33,13,20,63,45,18,34.375,13.541666666666666,20.833333333333336,65.625,46.875,18.75
W00003768,207,54,14,40,153,122,31,26.08695652173913,6.763285024154589,19.32367149758454,73.91304347826086,58.93719806763285,14.975845410628018
W00003769,101,39,4,35,62,56,6,38.613861386138616,3.9603960396039604,34.65346534653465,61.386138613861384,55.44554455445545,5.9405940594059405
W00003770,150,57,13,44,93,62,31,38,8.666666666666668,29.333333333333332,62,41.333333333333336,20.666666666666668
W00003771,119,33,9,24,86,70,16,27.73109243697479,7.563025210084033,20.168067226890756,72.26890756302521,58.82352941176471,13.445378151260504
W00003772,96,26,9,17,70,57,13,27.083333333333332,9.375,17.708333333333336,72.91666666666666,59.375,13.541666666666666
W00003773,198,51,12,39,147,113,34,25.757575757575758,6.0606060606060606,19.696969696969695,74.24242424242425,57.07070707070707,17.17171717171717
W00003774,148,33,9,24,115,93,22,22.2972972972973,6.081081081081082,16.216216216216218,77.7027027027027,62.83783783783784,14.864864864864865
W00003775,101,28,5,23,73,55,18,27.722772277227726,4.9504950495049505,22.772277227722775,72.27722772277228,54.45544554455446,17.82178217821782
W00003776,106,37,15,22,69,56,13,34.90566037735849,14.150943396226415,20.754716981132077,65.09433962264151,52.83018867924528,12.264150943396226
W00003777,117,27,5,22,90,76,14,23.076923076923077,4.273504273504273,18.803418803418804,76.92307692307693,64.95726495726495,11.965811965811966
W00003778,142,41,9,32,101,91,10,28.87323943661972,6.338028169014084,22.535211267605636,71.12676056338029,64.08450704225352,7.042253521126761
W00003779,106,28,5,23,78,63,15,26.41509433962264,4.716981132075472,21.69811320754717,73.58490566037736,59.43396226415094,14.150943396226415
W00003780,126,43,15,28,83,72,11,34.12698412698413,11.904761904761903,22.22222222222222,65.87301587301587,57.14285714285714,8.73015873015873
W00003781,144,47,11,36,97,88,9,32.63888888888889,7.638888888888889,25,67.36111111111111,61.111111111111114,6.25
W00003782,150,58,13,45,92,79,13,38.666666666666664,8.666666666666668,30,61.33333333333333,52.666666666666664,8.666666666666668
W00003783,113,35,14,21,78,75,3,30.973451327433626,12.389380530973451,18.58407079646018,69.02654867256636,66.3716814159292,2.6548672566371683
W00003784,113,24,5,19,89,78,11,21.238938053097346,4.424778761061947,16.8141592920354,78.76106194690266,69.02654867256636,9.734513274336283
W00003785,85,25,3,22,60,55,5,29.411764705882355,3.5294117647058822,25.882352941176475,70.58823529411765,64.70588235294117,5.88235294117647
W00003786,112,29,11,18,83,77,6,25.892857142857146,9.821428571428571,16.071428571428573,74.10714285714286,68.75,5.357142857142857
W00003787,132,35,10,25,97,88,9,26.515151515151516,7.575757575757576,18.939393939393938,73.48484848484848,66.66666666666666,6.8181818181818175
W00003788,128,53,10,43,75,66,9,41.40625,7.8125,33.59375,58.59375,51.5625,7.03125
W00003789,151,55,12,43,96,86,10,36.423841059602644,7.9470198675496695,28.47682119205298,63.576158940397356,56.95364238410596,6.622516556291391
W00003790,123,31,10,21,92,83,9,25.203252032520325,8.130081300813007,17.073170731707318,74.79674796747967,67.47967479674797,7.317073170731707
W00003791,112,44,12,32,68,62,6,39.285714285714285,10.714285714285714,28.57142857142857,60.71428571428571,55.35714285714286,5.357142857142857
W00003792,116,46,12,34,70,65,5,39.6551724137931,10.344827586206897,29.310344827586203,60.3448275862069,56.03448275862068,4.310344827586207
W00003793,167,47,9,38,120,111,9,28.143712574850298,5.389221556886228,22.75449101796407,71.8562874251497,66.46706586826348,5.389221556886228
W00003794,154,41,11,30,113,101,12,26.623376623376622,7.142857142857142,19.480519480519483,73.37662337662337,65.5844155844156,7.792207792207792
W00003795,81,27,8,19,54,49,5,33.33333333333333,9.876543209876543,23.456790123456788,66.66666666666666,60.49382716049383,6.172839506172839
W00003796,152,41,7,34,111,97,14,26.973684210526315,4.605263157894736,22.36842105263158,73.02631578947368,63.81578947368421,9.210526315789473
W00003797,136,43,8,35,93,87,6,31.61764705882353,5.88235294117647,25.735294117647058,68.38235294117648,63.970588235294116,4.411764705882353
W00003798,144,33,7,26,111,97,14,22.916666666666664,4.861111111111112,18.055555555555554,77.08333333333334,67.36111111111111,9.722222222222223
W00003799,104,28,7,21,76,69,7,26.923076923076923,6.730769230769231,20.192307692307693,73.07692307692307,66.34615384615384,6.730769230769231
W00003800,154,41,9,32,113,100,13,26.623376623376622,5.844155844155844,20.77922077922078,73.37662337662337,64.93506493506493,8.441558441558442
W00003801,138,45,9,36,93,78,15,32.608695652173914,6.521739130434782,26.08695652173913,67.3913043478261,56.52173913043478,10.869565217391305
W00003802,120,34,9,25,86,76,10,28.333333333333332,7.5,20.833333333333336,71.66666666666667,63.33333333333333,8.333333333333332
W00003803,117,30,8,22,87,75,12,25.64102564102564,6.837606837606838,18.803418803418804,74.35897435897436,64.1025641025641,10.256410256410255
W00003804,116,42,8,34,74,63,11,36.206896551724135,6.896551724137931,29.310344827586203,63.793103448275865,54.310344827586206,9.482758620689655
W00003805,86,36,16,20,50,46,4,41.86046511627907,18.6046511627907,23.25581395348837,58.139534883720934,53.48837209302325,4.651162790697675
W00003806,105,37,12,25,68,68,0,35.23809523809524,11.428571428571429,23.809523809523807,64.76190476190476,64.76190476190476,0
W00003807,96,36,9,27,60,48,12,37.5,9.375,28.125,62.5,50,12.5
W00003808,58,16,6,10,42,40,2,27.586206896551722,10.344827586206897,17.24137931034483,72.41379310344827,68.96551724137932,3.4482758620689653
W00003809,82,34,9,25,48,41,7,41.46341463414634,10.975609756097562,30.48780487804878,58.536585365853654,50,8.536585365853659
W00003811,162,55,20,35,107,80,27,33.95061728395062,12.345679012345679,21.604938271604937,66.0493827160494,49.382716049382715,16.666666666666664
W00003812,137,52,17,35,85,67,18,37.95620437956204,12.408759124087592,25.547445255474454,62.04379562043796,48.9051094890511,13.138686131386862
W00003813,140,48,18,30,92,67,25,34.285714285714285,12.857142857142856,21.428571428571427,65.71428571428571,47.85714285714286,17.857142857142858
W00003814,186,59,21,38,127,86,41,31.72043010752688,11.29032258064516,20.43010752688172,68.27956989247312,46.236559139784944,22.043010752688172
W00003815,205,87,28,59,118,82,36,42.4390243902439,13.658536585365855,28.780487804878046,57.56097560975609,40,17.560975609756095
W00003817,121,41,13,28,80,67,13,33.88429752066116,10.743801652892563,23.140495867768596,66.11570247933885,55.371900826446286,10.743801652892563
W00003818,168,44,15,29,124,108,16,26.190476190476193,8.928571428571429,17.261904761904763,73.80952380952381,64.28571428571429,9.523809523809524
W00003819,103,31,8,23,72,63,9,30.097087378640776,7.766990291262135,22.330097087378643,69.90291262135922,61.165048543689316,8.737864077669903
W00003820,101,35,12,23,66,54,12,34.65346534653465,11.881188118811881,22.772277227722775,65.34653465346535,53.46534653465347,11.881188118811881
W00003821,145,40,13,27,105,89,16,27.586206896551722,8.96551724137931,18.620689655172416,72.41379310344827,61.37931034482759,11.03448275862069
W00003823,96,41,10,31,55,47,8,42.70833333333333,10.416666666666668,32.29166666666667,57.291666666666664,48.95833333333333,8.333333333333332
W00003824,63,23,6,17,40,32,8,36.507936507936506,9.523809523809524,26.984126984126984,63.49206349206349,50.79365079365079,12.698412698412698
W00003825,124,36,11,25,88,79,9,29.03225806451613,8.870967741935484,20.161290322580644,70.96774193548387,63.70967741935484,7.258064516129033
W00003826,103,32,8,24,71,58,13,31.06796116504854,7.766990291262135,23.300970873786408,68.93203883495146,56.310679611650485,12.62135922330097
W00003827,96,30,10,20,66,61,5,31.25,10.416666666666668,20.833333333333336,68.75,63.541666666666664,5.208333333333334
W00003828,107,34,11,23,73,62,11,31.775700934579437,10.2803738317757,21.49532710280374,68.22429906542055,57.943925233644855,10.2803738317757
W00003829,117,37,11,26,80,62,18,31.62393162393162,9.401709401709402,22.22222222222222,68.37606837606837,52.991452991452995,15.384615384615385
W00003830,210,61,9,52,149,126,23,29.04761904761905,4.285714285714286,24.761904761904763,70.95238095238095,60,10.952380952380953
W00003831,142,50,7,43,92,82,10,35.2112676056338,4.929577464788732,30.28169014084507,64.7887323943662,57.74647887323944,7.042253521126761
W00003832,163,53,14,39,110,88,22,32.515337423312886,8.588957055214724,23.92638036809816,67.48466257668711,53.987730061349694,13.496932515337424
W00003833,122,34,9,25,88,78,10,27.86885245901639,7.377049180327869,20.491803278688526,72.1311475409836,63.934426229508205,8.19672131147541
W00003834,182,61,20,41,121,106,15,33.51648351648351,10.989010989010989,22.52747252747253,66.48351648351648,58.24175824175825,8.241758241758241
W00003835,139,31,8,23,108,95,13,22.302158273381295,5.755395683453238,16.546762589928058,77.6978417266187,68.34532374100719,9.352517985611511
W00003836,220,67,26,41,153,132,21,30.454545454545457,11.818181818181818,18.636363636363637,69.54545454545455,60,9.545454545454547
W00003837,255,65,15,50,190,163,27,25.49019607843137,5.88235294117647,19.607843137254903,74.50980392156863,63.921568627450974,10.588235294117647
W00003838,101,25,1,24,76,65,11,24.752475247524753,0.9900990099009901,23.762376237623762,75.24752475247524,64.35643564356435,10.891089108910892
W00003839,192,60,23,37,132,98,34,31.25,11.979166666666668,19.270833333333336,68.75,51.041666666666664,17.708333333333336
W00003840,143,40,15,25,103,90,13,27.972027972027973,10.48951048951049,17.482517482517483,72.02797202797203,62.93706293706294,9.090909090909092
W00003841,75,30,10,20,45,38,7,40,13.333333333333334,26.666666666666668,60,50.66666666666667,9.333333333333334
W00003842,125,38,15,23,87,76,11,30.4,12,18.4,69.6,60.8,8.799999999999999
W00003843,114,38,11,27,76,61,15,33.33333333333333,9.649122807017543,23.684210526315788,66.66666666666666,53.50877192982456,13.157894736842104
W00003844,144,34,10,24,110,91,19,23.61111111111111,6.944444444444445,16.666666666666664,76.38888888888889,63.19444444444444,13.194444444444445
W00003845,114,28,8,20,86,76,10,24.561403508771928,7.017543859649122,17.543859649122805,75.43859649122807,66.66666666666666,8.771929824561402
W00003846,132,44,12,32,88,67,21,33.33333333333333,9.090909090909092,24.242424242424242,66.66666666666666,50.75757575757576,15.909090909090908
W00003847,186,53,9,44,133,107,26,28.49462365591398,4.838709677419355,23.655913978494624,71.50537634408603,57.52688172043011,13.978494623655912
W00003848,244,73,24,49,171,143,28,29.918032786885245,9.836065573770492,20.081967213114755,70.08196721311475,58.606557377049185,11.475409836065573
W00003849,143,53,14,39,90,77,13,37.06293706293706,9.79020979020979,27.27272727272727,62.93706293706294,53.84615384615385,9.090909090909092
W00003850,116,44,11,33,72,69,3,37.93103448275862,9.482758620689655,28.448275862068968,62.06896551724138,59.48275862068966,2.586206896551724
W00003851,128,28,7,21,100,87,13,21.875,5.46875,16.40625,78.125,67.96875,10.15625
W00003852,97,33,3,30,64,53,11,34.02061855670103,3.0927835051546393,30.927835051546392,65.97938144329896,54.63917525773196,11.34020618556701
W00003853,78,26,7,19,52,44,8,33.33333333333333,8.974358974358974,24.358974358974358,66.66666666666666,56.41025641025641,10.256410256410255
W00003854,126,38,13,25,88,72,16,30.158730158730158,10.317460317460316,19.841269841269842,69.84126984126983,57.14285714285714,12.698412698412698
W00003855,129,27,11,16,102,89,13,20.930232558139537,8.527131782945736,12.4031007751938,79.06976744186046,68.9922480620155,10.077519379844961
W00003856,102,30,2,28,72,60,12,29.411764705882355,1.9607843137254901,27.450980392156865,70.58823529411765,58.82352941176471,11.76470588235294
W00003857,131,44,10,34,87,81,6,33.587786259541986,7.633587786259542,25.954198473282442,66.41221374045801,61.832061068702295,4.580152671755725
W00003858,154,46,13,33,108,91,17,29.87012987012987,8.441558441558442,21.428571428571427,70.12987012987013,59.09090909090909,11.03896103896104
W00003859,144,33,4,29,111,86,25,22.916666666666664,2.7777777777777777,20.13888888888889,77.08333333333334,59.72222222222222,17.36111111111111
W00003860,128,41,16,25,87,78,9,32.03125,12.5,19.53125,67.96875,60.9375,7.03125
W00003861,115,45,12,33,70,60,10,39.130434782608695,10.434782608695652,28.695652173913043,60.86956521739131,52.17391304347826,8.695652173913043
W00003862,106,26,7,19,80,64,16,24.528301886792452,6.60377358490566,17.92452830188679,75.47169811320755,60.37735849056604,15.09433962264151
W00003863,83,22,5,17,61,56,5,26.506024096385545,6.024096385542169,20.481927710843372,73.49397590361446,67.46987951807229,6.024096385542169
W00003864,104,27,13,14,77,64,13,25.961538461538463,12.5,13.461538461538462,74.03846153846155,61.53846153846154,12.5
W00003865,95,34,6,28,61,53,8,35.78947368421053,6.315789473684211,29.47368421052631,64.21052631578948,55.78947368421052,8.421052631578947
W00003866,141,43,14,29,98,74,24,30.49645390070922,9.929078014184398,20.56737588652482,69.50354609929079,52.4822695035461,17.02127659574468
W00003867,168,52,20,32,116,88,28,30.952380952380953,11.904761904761903,19.047619047619047,69.04761904761905,52.38095238095239,16.666666666666664
W00003868,134,50,13,37,84,70,14,37.3134328358209,9.701492537313433,27.611940298507463,62.68656716417911,52.23880597014925,10.44776119402985
W00003869,231,85,15,70,146,122,24,36.79653679653679,6.493506493506493,30.303030303030305,63.20346320346321,52.81385281385281,10.38961038961039
W00003870,139,49,14,35,90,68,22,35.25179856115108,10.071942446043165,25.179856115107913,64.74820143884892,48.92086330935252,15.827338129496402
W00003871,133,36,17,19,97,75,22,27.06766917293233,12.781954887218044,14.285714285714285,72.93233082706767,56.390977443609025,16.541353383458645
W00003872,204,55,18,37,149,112,37,26.96078431372549,8.823529411764707,18.137254901960784,73.0392156862745,54.90196078431373,18.137254901960784
W00003873,192,52,19,33,140,119,21,27.083333333333332,9.895833333333332,17.1875,72.91666666666666,61.979166666666664,10.9375
W00003874,127,31,10,21,96,83,13,24.409448818897637,7.874015748031496,16.535433070866144,75.59055118110236,65.35433070866141,10.236220472440944
W00003875,154,35,11,24,119,85,34,22.727272727272727,7.142857142857142,15.584415584415584,77.27272727272727,55.1948051948052,22.07792207792208
W00003876,158,37,11,26,121,96,25,23.417721518987342,6.962025316455696,16.455696202531644,76.58227848101265,60.75949367088608,15.822784810126583
W00003877,158,36,7,29,122,78,44,22.78481012658228,4.430379746835443,18.354430379746837,77.21518987341773,49.36708860759494,27.848101265822784
W00003878,108,32,13,19,76,52,24,29.629629629629626,12.037037037037036,17.59259259259259,70.37037037037037,48.148148148148145,22.22222222222222
W00003879,146,36,9,27,110,72,38,24.65753424657534,6.164383561643835,18.493150684931507,75.34246575342466,49.31506849315068,26.027397260273972
W00003880,87,38,12,26,49,40,9,43.67816091954023,13.793103448275861,29.88505747126437,56.32183908045977,45.97701149425287,10.344827586206897
W00003881,128,36,4,32,92,80,12,28.125,3.125,25,71.875,62.5,9.375
W00003882,122,36,17,19,86,67,19,29.508196721311474,13.934426229508196,15.573770491803279,70.49180327868852,54.91803278688525,15.573770491803279
W00003883,98,35,9,26,63,46,17,35.714285714285715,9.183673469387756,26.53061224489796,64.28571428571429,46.93877551020408,17.346938775510203
W00003884,245,62,25,37,183,157,26,25.30612244897959,10.204081632653061,15.10204081632653,74.6938775510204,64.08163265306122,10.612244897959183
W00003885,116,34,13,21,82,72,10,29.310344827586203,11.206896551724139,18.103448275862068,70.6896551724138,62.06896551724138,8.620689655172415
W00003886,181,47,12,35,134,117,17,25.96685082872928,6.629834254143646,19.337016574585636,74.03314917127072,64.64088397790056,9.392265193370166
W00003887,140,43,10,33,97,87,10,30.714285714285715,7.142857142857142,23.57142857142857,69.28571428571428,62.142857142857146,7.142857142857142
W00003888,213,58,10,48,155,136,19,27.230046948356808,4.694835680751173,22.535211267605636,72.76995305164318,63.84976525821596,8.92018779342723
W00003889,159,41,15,26,118,97,21,25.78616352201258,9.433962264150944,16.352201257861633,74.21383647798741,61.0062893081761,13.20754716981132
W00003890,163,51,17,34,112,92,20,31.28834355828221,10.429447852760736,20.858895705521473,68.71165644171779,56.44171779141104,12.269938650306749
W00003891,137,49,14,35,88,78,10,35.76642335766424,10.218978102189782,25.547445255474454,64.23357664233576,56.934306569343065,7.2992700729927
W00003892,182,38,14,24,144,121,23,20.87912087912088,7.6923076923076925,13.186813186813188,79.12087912087912,66.48351648351648,12.637362637362637
W00003893,59,20,10,10,39,37,2,33.89830508474576,16.94915254237288,16.94915254237288,66.10169491525424,62.71186440677966,3.389830508474576
W00003894,127,31,16,15,96,88,8,24.409448818897637,12.598425196850393,11.811023622047244,75.59055118110236,69.29133858267717,6.299212598425196
W00003895,158,59,27,32,99,86,13,37.34177215189873,17.088607594936708,20.253164556962027,62.65822784810127,54.43037974683544,8.227848101265822
W00003896,148,54,20,34,94,75,19,36.486486486486484,13.513513513513514,22.972972972972975,63.51351351351351,50.67567567567568,12.837837837837837
W00003897,85,26,11,15,59,35,24,30.58823529411765,12.941176470588237,17.647058823529413,69.41176470588235,41.17647058823529,28.235294117647058
W00003898,151,54,21,33,97,84,13,35.76158940397351,13.90728476821192,21.85430463576159,64.23841059602648,55.62913907284768,8.609271523178808
W00003899,148,48,10,38,100,90,10,32.432432432432435,6.756756756756757,25.675675675675674,67.56756756756756,60.810810810810814,6.756756756756757
W00003900,77,28,10,18,49,44,5,36.36363636363637,12.987012987012985,23.376623376623375,63.63636363636363,57.14285714285714,6.493506493506493
W00003901,89,25,7,18,64,57,7,28.08988764044944,7.865168539325842,20.224719101123593,71.91011235955057,64.04494382022472,7.865168539325842
W00003902,76,25,6,19,51,42,9,32.89473684210527,7.894736842105263,25,67.10526315789474,55.26315789473685,11.842105263157894
W00003903,107,30,5,25,77,66,11,28.037383177570092,4.672897196261682,23.364485981308412,71.96261682242991,61.6822429906542,10.2803738317757
W00003904,136,36,15,21,100,54,46,26.47058823529412,11.029411764705882,15.441176470588236,73.52941176470588,39.705882352941174,33.82352941176471
W00003905,208,57,17,40,151,91,60,27.403846153846157,8.173076923076923,19.230769230769234,72.59615384615384,43.75,28.846153846153843
W00003906,159,43,17,26,116,83,33,27.044025157232703,10.69182389937107,16.352201257861633,72.95597484276729,52.20125786163522,20.754716981132077
W00003907,123,32,8,24,91,67,24,26.01626016260163,6.504065040650407,19.51219512195122,73.98373983739837,54.47154471544715,19.51219512195122
W00003908,182,46,18,28,136,88,48,25.274725274725274,9.89010989010989,15.384615384615385,74.72527472527473,48.35164835164835,26.373626373626376
W00003909,196,56,16,40,140,86,54,28.57142857142857,8.16326530612245,20.408163265306122,71.42857142857143,43.87755102040816,27.55102040816326
W00003910,136,48,14,34,88,72,16,35.294117647058826,10.294117647058822,25,64.70588235294117,52.94117647058824,11.76470588235294
W00003911,153,50,15,35,103,81,22,32.6797385620915,9.803921568627452,22.875816993464053,67.3202614379085,52.94117647058824,14.37908496732026
W00003912,118,27,1,26,91,74,17,22.88135593220339,0.847457627118644,22.033898305084744,77.11864406779661,62.71186440677966,14.40677966101695
W00003913,120,35,6,29,85,75,10,29.166666666666668,5,24.166666666666668,70.83333333333334,62.5,8.333333333333332
W00003914,85,27,5,22,58,54,4,31.76470588235294,5.88235294117647,25.882352941176475,68.23529411764706,63.52941176470588,4.705882352941177
W00003915,120,43,17,26,77,51,26,35.833333333333336,14.166666666666666,21.666666666666668,64.16666666666667,42.5,21.666666666666668
W00003916,131,47,12,35,84,71,13,35.87786259541985,9.16030534351145,26.717557251908396,64.12213740458014,54.19847328244275,9.923664122137405
W00003917,112,42,14,28,70,63,7,37.5,12.5,25,62.5,56.25,6.25
W00003918,244,68,18,50,176,154,22,27.86885245901639,7.377049180327869,20.491803278688526,72.1311475409836,63.114754098360656,9.01639344262295
W00003919,133,42,11,31,91,71,20,31.57894736842105,8.270676691729323,23.308270676691727,68.42105263157895,53.383458646616546,15.037593984962406
W00003920,196,44,15,29,152,129,23,22.448979591836736,7.653061224489796,14.795918367346939,77.55102040816327,65.81632653061224,11.73469387755102
W00003921,138,37,11,26,101,75,26,26.811594202898554,7.971014492753622,18.84057971014493,73.18840579710145,54.347826086956516,18.84057971014493
W00003922,160,43,9,34,117,104,13,26.875,5.625,21.25,73.125,65,8.125
W00003923,106,29,6,23,77,69,8,27.358490566037734,5.660377358490567,21.69811320754717,72.64150943396226,65.09433962264151,7.547169811320755
W00003924,119,35,13,22,84,72,12,29.411764705882355,10.92436974789916,18.487394957983195,70.58823529411765,60.50420168067227,10.084033613445378
W00003925,120,42,19,23,78,64,14,35,15.833333333333332,19.166666666666668,65,53.333333333333336,11.666666666666666
W00003926,118,30,8,22,88,76,12,25.423728813559322,6.779661016949152,18.64406779661017,74.57627118644068,64.40677966101694,10.16949152542373
W00003927,140,44,13,31,96,81,15,31.428571428571427,9.285714285714286,22.142857142857142,68.57142857142857,57.85714285714286,10.714285714285714
W00003928,104,44,6,38,60,60,0,42.30769230769231,5.769230769230769,36.53846153846153,57.692307692307686,57.692307692307686,0
W00003930,119,30,6,24,89,81,8,25.210084033613445,5.042016806722689,20.168067226890756,74.78991596638656,68.0672268907563,6.722689075630252
W00003931,122,46,19,27,76,69,7,37.704918032786885,15.573770491803279,22.131147540983605,62.295081967213115,56.557377049180324,5.737704918032787
W00003932,91,31,6,25,60,52,8,34.065934065934066,6.593406593406594,27.472527472527474,65.93406593406593,57.14285714285714,8.791208791208792
W00003933,155,53,21,32,102,93,9,34.193548387096776,13.548387096774196,20.64516129032258,65.80645161290323,60,5.806451612903226
W00003934,101,29,6,23,72,63,9,28.71287128712871,5.9405940594059405,22.772277227722775,71.28712871287128,62.37623762376238,8.91089108910891
W00003935,89,22,5,17,67,60,7,24.719101123595504,5.617977528089887,19.101123595505616,75.28089887640449,67.41573033707866,7.865168539325842
W00003937,101,27,5,22,74,67,7,26.732673267326735,4.9504950495049505,21.782178217821784,73.26732673267327,66.33663366336634,6.9306930693069315
W00003938,138,40,8,32,98,81,17,28.985507246376812,5.797101449275362,23.18840579710145,71.01449275362319,58.69565217391305,12.318840579710146
W00003939,95,39,16,23,56,50,6,41.05263157894737,16.842105263157894,24.210526315789473,58.94736842105262,52.63157894736842,6.315789473684211
W00003940,231,76,27,49,155,105,50,32.900432900432904,11.688311688311687,21.21212121212121,67.09956709956711,45.45454545454545,21.645021645021643
W00003941,50,18,3,15,32,28,4,36,6,30,64,56.00000000000001,8
W00003943,130,32,15,17,98,77,21,24.615384615384617,11.538461538461538,13.076923076923078,75.38461538461539,59.23076923076923,16.153846153846153
W00003944,131,36,12,24,95,79,16,27.480916030534353,9.16030534351145,18.3206106870229,72.51908396946564,60.30534351145038,12.213740458015266
W00003945,130,43,16,27,87,63,24,33.07692307692307,12.307692307692308,20.76923076923077,66.92307692307692,48.46153846153846,18.461538461538463
W00003946,146,49,19,30,97,71,26,33.56164383561644,13.013698630136986,20.54794520547945,66.43835616438356,48.63013698630137,17.80821917808219
W00009988,101,32,13,19,69,59,10,31.683168316831683,12.871287128712872,18.81188118811881,68.31683168316832,58.415841584158414,9.900990099009901
W00009989,165,43,11,32,122,107,15,26.060606060606062,6.666666666666667,19.393939393939394,73.93939393939394,64.84848484848484,9.090909090909092
W00009991,313,64,13,51,249,206,43,20.447284345047922,4.15335463258786,16.293929712460063,79.55271565495208,65.814696485623,13.738019169329075
W00009992,100,52,30,22,48,36,12,52,30,22,48,36,12
W00009994,191,43,13,30,148,121,27,22.5130890052356,6.806282722513089,15.706806282722512,77.4869109947644,63.35078534031413,14.136125654450263
W00009995,159,47,9,38,112,95,17,29.559748427672954,5.660377358490567,23.89937106918239,70.44025157232704,59.74842767295597,10.69182389937107
W00009997,83,21,8,13,62,56,6,25.301204819277107,9.63855421686747,15.66265060240964,74.69879518072288,67.46987951807229,7.228915662650602
W00009998,117,44,18,26,73,71,2,37.60683760683761,15.384615384615385,22.22222222222222,62.39316239316239,60.68376068376068,1.7094017094017095
W00010000,85,23,7,16,62,55,7,27.058823529411764,8.235294117647058,18.823529411764707,72.94117647058823,64.70588235294117,8.235294117647058
W00010001,124,35,15,20,89,74,15,28.225806451612907,12.096774193548388,16.129032258064516,71.7741935483871,59.67741935483871,12.096774193548388
W00010003,122,38,11,27,84,74,10,31.147540983606557,9.01639344262295,22.131147540983605,68.85245901639344,60.65573770491803,8.19672131147541
W00010004,188,54,20,34,134,89,45,28.723404255319153,10.638297872340425,18.085106382978726,71.27659574468085,47.340425531914896,23.93617021276596
W00010007,101,17,6,11,84,71,13,16.831683168316832,5.9405940594059405,10.891089108910892,83.16831683168317,70.29702970297029,12.871287128712872
W00010009,52,17,1,16,35,28,7,32.69230769230769,1.9230769230769231,30.76923076923077,67.3076923076923,53.84615384615385,13.461538461538462
W00010099,207,52,13,39,155,133,22,25.120772946859905,6.280193236714976,18.84057971014493,74.8792270531401,64.25120772946859,10.628019323671497
W00010100,105,36,10,26,69,56,13,34.285714285714285,9.523809523809524,24.761904761904763,65.71428571428571,53.333333333333336,12.380952380952381
W00010102,227,44,9,35,183,161,22,19.383259911894275,3.9647577092511015,15.418502202643172,80.61674008810573,70.92511013215858,9.691629955947137
W00010357,124,38,6,32,86,70,16,30.64516129032258,4.838709677419355,25.806451612903224,69.35483870967742,56.451612903225815,12.903225806451612
W00010358,191,34,4,30,157,137,20,17.801047120418847,2.094240837696335,15.706806282722512,82.19895287958116,71.72774869109948,10.471204188481675
W00010361,130,31,8,23,99,88,11,23.846153846153847,6.153846153846154,17.692307692307693,76.15384615384615,67.6923076923077,8.461538461538462
W00010362,109,39,7,32,70,57,13,35.77981651376147,6.422018348623854,29.357798165137616,64.22018348623854,52.293577981651374,11.926605504587156
W00010655,128,40,13,27,88,69,19,31.25,10.15625,21.09375,68.75,53.90625,14.84375
W00010656,71,35,10,25,36,29,7,49.29577464788733,14.084507042253522,35.2112676056338,50.70422535211267,40.845070422535215,9.859154929577464
W00010657,177,50,20,30,127,103,24,28.24858757062147,11.299435028248588,16.94915254237288,71.75141242937853,58.19209039548022,13.559322033898304
W00010661,158,58,16,42,100,84,16,36.708860759493675,10.126582278481013,26.582278481012654,63.29113924050633,53.16455696202531,10.126582278481013
W00010663,131,36,5,31,95,81,14,27.480916030534353,3.816793893129771,23.66412213740458,72.51908396946564,61.832061068702295,10.687022900763358
W00010664,156,32,7,25,124,108,16,20.51282051282051,4.487179487179487,16.025641025641026,79.48717948717949,69.23076923076923,10.256410256410255
W00010665,156,39,5,34,117,99,18,25,3.205128205128205,21.794871794871796,75,63.46153846153846,11.538461538461538
W00010666,174,34,5,29,140,125,15,19.54022988505747,2.8735632183908044,16.666666666666664,80.45977011494253,71.83908045977012,8.620689655172415
W00010668,176,36,9,27,140,129,11,20.454545454545457,5.113636363636364,15.340909090909092,79.54545454545455,73.29545454545455,6.25
W00010670,163,47,14,33,116,85,31,28.834355828220858,8.588957055214724,20.245398773006134,71.16564417177914,52.14723926380368,19.018404907975462
W00010671,172,46,16,30,126,101,25,26.744186046511626,9.30232558139535,17.441860465116278,73.25581395348837,58.720930232558146,14.534883720930234
W00010673,172,39,10,29,133,111,22,22.674418604651162,5.813953488372093,16.86046511627907,77.32558139534885,64.53488372093024,12.790697674418606
W00010674,158,43,14,29,115,97,18,27.21518987341772,8.860759493670885,18.354430379746837,72.78481012658227,61.39240506329114,11.39240506329114
W00010682,164,41,10,31,123,104,19,25,6.097560975609756,18.902439024390244,75,63.41463414634146,11.585365853658537
W00010685,115,35,7,28,80,62,18,30.434782608695656,6.086956521739131,24.347826086956523,69.56521739130434,53.91304347826087,15.65217391304348
W00010688,205,40,13,27,165,143,22,19.51219512195122,6.341463414634147,13.170731707317074,80.48780487804879,69.7560975609756,10.731707317073171
W00010691,151,35,11,24,116,97,19,23.178807947019866,7.28476821192053,15.894039735099339,76.82119205298014,64.23841059602648,12.582781456953644
W00010694,205,62,20,42,143,122,21,30.24390243902439,9.75609756097561,20.48780487804878,69.7560975609756,59.512195121951216,10.24390243902439
W00010695,87,20,6,14,67,56,11,22.988505747126435,6.896551724137931,16.091954022988507,77.01149425287356,64.36781609195403,12.643678160919542
W00010696,133,31,9,22,102,91,11,23.308270676691727,6.7669172932330826,16.541353383458645,76.69172932330827,68.42105263157895,8.270676691729323
W00010697,167,37,4,33,130,110,20,22.15568862275449,2.3952095808383236,19.760479041916167,77.84431137724552,65.86826347305389,11.976047904191617
