OA,ts0590001,ts0590002,ts0590003,ts0590004,ts0590005,ts0590006,ts0590007,ts0590002_PCT,ts0590003_PCT,ts0590004_PCT,ts0590005_PCT,ts0590006_PCT,ts0590007_PCT
E00113241,188,49,10,39,139,128,11,26.063829787234045,5.319148936170213,20.74468085106383,73.93617021276596,68.08510638297872,5.851063829787234
E00113242,227,67,22,45,160,139,21,29.515418502202646,9.691629955947137,19.823788546255507,70.48458149779736,61.23348017621145,9.251101321585903
E00113243,103,28,12,16,75,68,7,27.184466019417474,11.650485436893204,15.53398058252427,72.81553398058253,66.01941747572816,6.796116504854369
E00113245,134,40,9,31,94,83,11,29.850746268656714,6.7164179104477615,23.134328358208954,70.1492537313433,61.940298507462686,8.208955223880597
E00113246,161,49,18,31,112,97,15,30.434782608695656,11.180124223602485,19.25465838509317,69.56521739130434,60.24844720496895,9.316770186335404
E00113247,122,38,9,29,84,74,10,31.147540983606557,7.377049180327869,23.770491803278688,68.85245901639344,60.65573770491803,8.19672131147541
E00113248,145,48,19,29,97,85,12,33.10344827586207,13.10344827586207,20,66.89655172413794,58.620689655172406,8.275862068965518
E00113249,129,27,7,20,102,94,8,20.930232558139537,5.426356589147287,15.503875968992247,79.06976744186046,72.86821705426357,6.2015503875969
E00113250,194,64,17,47,130,111,19,32.98969072164948,8.762886597938143,24.22680412371134,67.0103092783505,57.21649484536082,9.793814432989691
E00113251,144,42,12,30,102,94,8,29.166666666666668,8.333333333333332,20.833333333333336,70.83333333333334,65.27777777777779,5.555555555555555
E00113252,116,43,9,34,73,66,7,37.06896551724138,7.758620689655173,29.310344827586203,62.93103448275862,56.896551724137936,6.0344827586206895
E00113253,97,42,9,33,55,47,8,43.29896907216495,9.278350515463918,34.02061855670103,56.70103092783505,48.45360824742268,8.24742268041237
E00113254,86,26,10,16,60,53,7,30.23255813953488,11.627906976744185,18.6046511627907,69.76744186046511,61.627906976744185,8.13953488372093
E00113255,65,26,8,18,39,33,6,40,12.307692307692308,27.692307692307693,60,50.76923076923077,9.230769230769232
E00113256,135,39,11,28,96,75,21,28.888888888888886,8.148148148148149,20.74074074074074,71.11111111111111,55.55555555555556,15.555555555555555
E00113257,142,44,11,33,98,88,10,30.985915492957744,7.746478873239436,23.239436619718308,69.01408450704226,61.97183098591549,7.042253521126761
E00113258,174,55,16,39,119,111,8,31.60919540229885,9.195402298850574,22.413793103448278,68.39080459770115,63.793103448275865,4.597701149425287
E00113259,205,74,23,51,131,118,13,36.09756097560975,11.219512195121952,24.878048780487806,63.90243902439025,57.56097560975609,6.341463414634147
E00113260,210,66,20,46,144,122,22,31.428571428571427,9.523809523809524,21.904761904761905,68.57142857142857,58.0952380952381,10.476190476190476
E00113261,149,42,13,29,107,92,15,28.187919463087248,8.724832214765101,19.463087248322147,71.81208053691275,61.74496644295302,10.06711409395973
E00113262,127,34,10,24,93,78,15,26.77165354330709,7.874015748031496,18.89763779527559,73.22834645669292,61.417322834645674,11.811023622047244
E00113263,186,54,14,40,132,122,10,29.03225806451613,7.526881720430108,21.50537634408602,70.96774193548387,65.59139784946237,5.376344086021505
E00113264,118,32,9,23,86,71,15,27.11864406779661,7.627118644067797,19.491525423728813,72.88135593220339,60.16949152542372,12.711864406779661
E00113265,175,50,14,36,125,114,11,28.57142857142857,8,20.57142857142857,71.42857142857143,65.14285714285715,6.2857142857142865
E00113266,177,37,9,28,140,128,12,20.903954802259886,5.084745762711865,15.819209039548024,79.09604519774011,72.31638418079096,6.779661016949152
E00113267,184,49,10,39,135,115,20,26.6304347826087,5.434782608695652,21.195652173913043,73.36956521739131,62.5,10.869565217391305
E00113268,190,52,18,34,138,119,19,27.368421052631582,9.473684210526317,17.894736842105264,72.63157894736842,62.63157894736842,10
E00113269,138,29,4,25,109,93,16,21.014492753623188,2.898550724637681,18.115942028985508,78.98550724637681,67.3913043478261,11.594202898550725
E00113270,178,54,17,37,124,109,15,30.337078651685395,9.550561797752808,20.786516853932586,69.66292134831461,61.23595505617978,8.426966292134832
E00113272,130,41,14,27,89,77,12,31.538461538461537,10.76923076923077,20.76923076923077,68.46153846153847,59.23076923076923,9.230769230769232
E00113273,92,35,14,21,57,47,10,38.04347826086957,15.217391304347828,22.82608695652174,61.95652173913043,51.08695652173913,10.869565217391305
E00113274,129,43,15,28,86,71,15,33.33333333333333,11.627906976744185,21.705426356589147,66.66666666666666,55.03875968992248,11.627906976744185
E00113275,239,64,21,43,175,153,22,26.778242677824267,8.786610878661087,17.99163179916318,73.22175732217573,64.01673640167364,9.205020920502092
E00113276,242,52,13,39,190,160,30,21.487603305785125,5.371900826446281,16.115702479338843,78.51239669421489,66.11570247933885,12.396694214876034
E00113277,186,53,16,37,133,112,21,28.49462365591398,8.60215053763441,19.892473118279568,71.50537634408603,60.215053763440864,11.29032258064516
E00113278,175,64,26,38,111,97,14,36.57142857142857,14.857142857142858,21.714285714285715,63.42857142857142,55.42857142857143,8
E00113279,154,30,12,18,124,113,11,19.480519480519483,7.792207792207792,11.688311688311687,80.51948051948052,73.37662337662337,7.142857142857142
E00113280,167,51,16,35,116,103,13,30.538922155688624,9.580838323353294,20.958083832335326,69.46107784431138,61.67664670658682,7.784431137724551
E00113282,127,40,16,24,87,77,10,31.496062992125985,12.598425196850393,18.89763779527559,68.50393700787401,60.629921259842526,7.874015748031496
E00113283,147,47,20,27,100,82,18,31.97278911564626,13.60544217687075,18.367346938775512,68.02721088435374,55.78231292517006,12.244897959183673
E00113284,123,37,12,25,86,77,9,30.081300813008134,9.75609756097561,20.32520325203252,69.91869918699187,62.601626016260155,7.317073170731707
E00113285,172,38,15,23,134,117,17,22.093023255813954,8.720930232558139,13.372093023255813,77.90697674418605,68.02325581395348,9.883720930232558
E00113286,177,67,21,46,110,94,16,37.85310734463277,11.864406779661017,25.98870056497175,62.14689265536724,53.10734463276836,9.03954802259887
E00113287,164,50,19,31,114,100,14,30.48780487804878,11.585365853658537,18.902439024390244,69.51219512195121,60.97560975609756,8.536585365853659
E00113288,156,61,17,44,95,80,15,39.1025641025641,10.897435897435898,28.205128205128204,60.89743589743589,51.28205128205128,9.615384615384617
E00113289,156,38,13,25,118,102,16,24.358974358974358,8.333333333333332,16.025641025641026,75.64102564102564,65.38461538461539,10.256410256410255
E00113290,183,51,15,36,132,120,12,27.86885245901639,8.19672131147541,19.672131147540984,72.1311475409836,65.57377049180327,6.557377049180328
E00113291,118,38,11,27,80,69,11,32.20338983050847,9.322033898305085,22.88135593220339,67.79661016949152,58.47457627118644,9.322033898305085
E00113292,163,55,16,39,108,96,12,33.74233128834356,9.815950920245399,23.92638036809816,66.25766871165644,58.895705521472394,7.361963190184049
E00113293,183,64,23,41,119,102,17,34.97267759562842,12.568306010928962,22.404371584699454,65.02732240437157,55.73770491803278,9.289617486338798
E00113294,174,64,24,40,110,99,11,36.7816091954023,13.793103448275861,22.988505747126435,63.2183908045977,56.896551724137936,6.321839080459771
E00113295,170,47,14,33,123,111,12,27.647058823529413,8.235294117647058,19.411764705882355,72.35294117647058,65.29411764705883,7.0588235294117645
E00113296,174,48,18,30,126,113,13,27.586206896551722,10.344827586206897,17.24137931034483,72.41379310344827,64.9425287356322,7.471264367816093
E00113297,135,37,6,31,98,85,13,27.40740740740741,4.444444444444445,22.962962962962962,72.5925925925926,62.96296296296296,9.62962962962963
E00113298,161,58,25,33,103,91,12,36.024844720496894,15.527950310559005,20.496894409937887,63.975155279503106,56.52173913043478,7.453416149068323
E00113299,173,64,22,42,109,95,14,36.99421965317919,12.716763005780345,24.277456647398843,63.005780346820806,54.91329479768786,8.092485549132949
E00113300,142,42,18,24,100,89,11,29.577464788732392,12.676056338028168,16.901408450704224,70.4225352112676,62.676056338028175,7.746478873239436
E00113302,173,61,13,48,112,107,5,35.26011560693642,7.514450867052023,27.74566473988439,64.73988439306359,61.849710982658955,2.8901734104046244
E00113303,164,64,23,41,100,84,16,39.02439024390244,14.02439024390244,25,60.97560975609756,51.21951219512195,9.75609756097561
E00113304,126,22,8,14,104,90,14,17.46031746031746,6.349206349206349,11.11111111111111,82.53968253968253,71.42857142857143,11.11111111111111
E00113305,145,55,18,37,90,81,9,37.93103448275862,12.413793103448276,25.517241379310345,62.06896551724138,55.86206896551724,6.206896551724138
E00113306,166,45,13,32,121,113,8,27.10843373493976,7.83132530120482,19.27710843373494,72.89156626506023,68.07228915662651,4.819277108433735
E00113307,129,39,15,24,90,84,6,30.23255813953488,11.627906976744185,18.6046511627907,69.76744186046511,65.11627906976744,4.651162790697675
E00113308,162,62,20,42,100,93,7,38.2716049382716,12.345679012345679,25.925925925925924,61.72839506172839,57.407407407407405,4.320987654320987
E00113309,163,49,20,29,114,108,6,30.061349693251532,12.269938650306749,17.791411042944784,69.93865030674846,66.25766871165644,3.6809815950920246
E00113310,146,47,10,37,99,88,11,32.19178082191781,6.8493150684931505,25.34246575342466,67.8082191780822,60.273972602739725,7.534246575342466
E00113311,190,63,20,43,127,112,15,33.1578947368421,10.526315789473683,22.63157894736842,66.84210526315789,58.94736842105262,7.894736842105263
E00113312,178,54,13,41,124,115,9,30.337078651685395,7.303370786516854,23.03370786516854,69.66292134831461,64.60674157303372,5.056179775280898
E00113313,223,78,27,51,145,130,15,34.97757847533632,12.10762331838565,22.869955156950674,65.02242152466367,58.29596412556054,6.726457399103139
E00113314,136,47,20,27,89,82,7,34.55882352941176,14.705882352941178,19.852941176470587,65.44117647058823,60.29411764705882,5.147058823529411
E00113315,126,39,6,33,87,79,8,30.952380952380953,4.761904761904762,26.190476190476193,69.04761904761905,62.698412698412696,6.349206349206349
E00113316,180,63,22,41,117,99,18,35,12.222222222222221,22.77777777777778,65,55.00000000000001,10
E00113317,127,40,8,32,87,77,10,31.496062992125985,6.299212598425196,25.196850393700785,68.50393700787401,60.629921259842526,7.874015748031496
E00113318,159,54,21,33,105,92,13,33.9622641509434,13.20754716981132,20.754716981132077,66.0377358490566,57.861635220125784,8.176100628930817
E00113319,136,39,6,33,97,90,7,28.676470588235293,4.411764705882353,24.264705882352942,71.32352941176471,66.17647058823529,5.147058823529411
E00113320,134,42,14,28,92,82,10,31.343283582089555,10.44776119402985,20.8955223880597,68.65671641791045,61.19402985074627,7.462686567164178
E00113321,135,48,14,34,87,78,9,35.55555555555556,10.37037037037037,25.185185185185183,64.44444444444444,57.77777777777777,6.666666666666667
E00113322,154,52,14,38,102,89,13,33.76623376623377,9.090909090909092,24.675324675324674,66.23376623376623,57.7922077922078,8.441558441558442
E00113323,180,74,24,50,106,91,15,41.11111111111111,13.333333333333334,27.77777777777778,58.88888888888889,50.55555555555556,8.333333333333332
E00113324,88,27,9,18,61,52,9,30.681818181818183,10.227272727272728,20.454545454545457,69.31818181818183,59.09090909090909,10.227272727272728
E00113325,165,62,31,31,103,91,12,37.57575757575757,18.787878787878785,18.787878787878785,62.42424242424243,55.15151515151515,7.2727272727272725
E00113326,142,52,17,35,90,80,10,36.61971830985916,11.971830985915492,24.647887323943664,63.38028169014085,56.33802816901409,7.042253521126761
E00113327,119,39,5,34,80,75,5,32.773109243697476,4.201680672268908,28.57142857142857,67.22689075630252,63.02521008403361,4.201680672268908
E00113328,157,60,15,45,97,84,13,38.21656050955414,9.554140127388536,28.662420382165603,61.78343949044586,53.503184713375795,8.280254777070063
E00113329,149,56,19,37,93,88,5,37.58389261744966,12.751677852348994,24.832214765100673,62.41610738255034,59.06040268456376,3.3557046979865772
E00113330,127,44,15,29,83,80,3,34.645669291338585,11.811023622047244,22.83464566929134,65.35433070866141,62.99212598425197,2.3622047244094486
E00113331,169,63,23,40,106,92,14,37.278106508875744,13.609467455621301,23.668639053254438,62.721893491124256,54.437869822485204,8.284023668639055
E00113332,180,49,13,36,131,119,12,27.22222222222222,7.222222222222221,20,72.77777777777777,66.11111111111111,6.666666666666667
E00113333,144,50,13,37,94,80,14,34.72222222222222,9.027777777777777,25.694444444444443,65.27777777777779,55.55555555555556,9.722222222222223
E00113334,95,27,2,25,68,60,8,28.421052631578945,2.1052631578947367,26.31578947368421,71.57894736842105,63.1578947368421,8.421052631578947
E00113335,168,45,9,36,123,109,14,26.785714285714285,5.357142857142857,21.428571428571427,73.21428571428571,64.88095238095238,8.333333333333332
E00113336,130,47,15,32,83,76,7,36.15384615384615,11.538461538461538,24.615384615384617,63.84615384615384,58.46153846153847,5.384615384615385
E00113337,185,57,15,42,128,115,13,30.810810810810814,8.108108108108109,22.702702702702705,69.1891891891892,62.16216216216216,7.027027027027027
E00113338,173,44,6,38,129,116,13,25.43352601156069,3.4682080924855487,21.965317919075144,74.56647398843931,67.05202312138728,7.514450867052023
E00113339,186,68,29,39,118,103,15,36.55913978494624,15.591397849462366,20.967741935483872,63.44086021505376,55.376344086021504,8.064516129032258
E00113340,208,59,19,40,149,132,17,28.365384615384613,9.134615384615383,19.230769230769234,71.63461538461539,63.46153846153846,8.173076923076923
E00113341,122,46,7,39,76,68,8,37.704918032786885,5.737704918032787,31.967213114754102,62.295081967213115,55.73770491803278,6.557377049180328
E00113342,152,47,11,36,105,94,11,30.92105263157895,7.236842105263158,23.684210526315788,69.07894736842105,61.8421052631579,7.236842105263158
E00113343,153,43,12,31,110,97,13,28.104575163398692,7.8431372549019605,20.26143790849673,71.89542483660131,63.39869281045751,8.49673202614379
E00113344,238,78,15,63,160,134,26,32.773109243697476,6.302521008403361,26.47058823529412,67.22689075630252,56.30252100840336,10.92436974789916
E00113345,147,41,19,22,106,96,10,27.89115646258503,12.925170068027212,14.965986394557824,72.10884353741497,65.3061224489796,6.802721088435375
E00113346,239,70,25,45,169,149,20,29.288702928870293,10.460251046025103,18.828451882845187,70.7112970711297,62.34309623430963,8.368200836820083
E00113347,194,56,16,40,138,124,14,28.865979381443296,8.24742268041237,20.618556701030926,71.1340206185567,63.91752577319587,7.216494845360824
E00113348,155,41,12,29,114,103,11,26.451612903225808,7.741935483870968,18.70967741935484,73.54838709677419,66.45161290322581,7.096774193548387
E00113349,134,34,13,21,100,85,15,25.37313432835821,9.701492537313433,15.671641791044777,74.6268656716418,63.43283582089553,11.194029850746269
E00113350,100,28,10,18,72,65,7,28.000000000000004,10,18,72,65,7.000000000000001
E00113351,181,60,15,45,121,101,20,33.14917127071823,8.287292817679557,24.861878453038674,66.85082872928176,55.80110497237569,11.049723756906078
E00113352,45,9,3,6,36,30,6,20,6.666666666666667,13.333333333333334,80,66.66666666666666,13.333333333333334
E00113353,101,27,9,18,74,63,11,26.732673267326735,8.91089108910891,17.82178217821782,73.26732673267327,62.37623762376238,10.891089108910892
E00113354,114,46,20,26,68,58,10,40.35087719298245,17.543859649122805,22.807017543859647,59.64912280701754,50.877192982456144,8.771929824561402
E00113355,115,39,15,24,76,72,4,33.91304347826087,13.043478260869565,20.869565217391305,66.08695652173913,62.60869565217392,3.4782608695652173
E00113356,166,50,21,29,116,105,11,30.120481927710845,12.650602409638553,17.46987951807229,69.87951807228916,63.25301204819277,6.626506024096386
E00113357,78,21,8,13,57,50,7,26.923076923076923,10.256410256410255,16.666666666666664,73.07692307692307,64.1025641025641,8.974358974358974
E00113358,110,29,8,21,81,73,8,26.36363636363636,7.2727272727272725,19.090909090909093,73.63636363636363,66.36363636363637,7.2727272727272725
E00113359,107,42,18,24,65,56,9,39.25233644859813,16.822429906542055,22.429906542056074,60.747663551401864,52.336448598130836,8.411214953271028
E00113360,121,36,9,27,85,78,7,29.75206611570248,7.43801652892562,22.31404958677686,70.24793388429752,64.46280991735537,5.785123966942149
E00113361,121,36,8,28,85,73,12,29.75206611570248,6.6115702479338845,23.140495867768596,70.24793388429752,60.33057851239669,9.917355371900827
E00113362,137,42,13,29,95,81,14,30.656934306569344,9.48905109489051,21.16788321167883,69.34306569343066,59.12408759124088,10.218978102189782
E00113363,201,49,11,38,152,132,20,24.378109452736318,5.472636815920398,18.90547263681592,75.62189054726367,65.67164179104478,9.950248756218906
E00113364,151,49,17,32,102,86,16,32.450331125827816,11.258278145695364,21.192052980132452,67.54966887417218,56.95364238410596,10.596026490066226
E00113365,153,47,15,32,106,93,13,30.718954248366014,9.803921568627452,20.915032679738562,69.28104575163398,60.78431372549019,8.49673202614379
E00113366,149,49,15,34,100,84,16,32.88590604026846,10.06711409395973,22.818791946308725,67.11409395973155,56.375838926174495,10.738255033557047
E00113367,182,60,15,45,122,109,13,32.967032967032964,8.241758241758241,24.725274725274726,67.03296703296702,59.89010989010989,7.142857142857142
E00113368,173,57,19,38,116,100,16,32.947976878612714,10.982658959537572,21.965317919075144,67.05202312138728,57.80346820809249,9.248554913294797
E00113369,148,47,13,34,101,89,12,31.756756756756754,8.783783783783784,22.972972972972975,68.24324324324324,60.13513513513513,8.108108108108109
E00113370,155,45,11,34,110,96,14,29.03225806451613,7.096774193548387,21.935483870967744,70.96774193548387,61.935483870967744,9.032258064516128
E00113371,200,52,14,38,148,133,15,26,7.000000000000001,19,74,66.5,7.5
E00113372,175,43,11,32,132,121,11,24.571428571428573,6.2857142857142865,18.285714285714285,75.42857142857143,69.14285714285714,6.2857142857142865
E00113373,186,52,9,43,134,118,16,27.956989247311824,4.838709677419355,23.118279569892472,72.04301075268818,63.44086021505376,8.60215053763441
E00113374,105,25,8,17,80,73,7,23.809523809523807,7.6190476190476195,16.19047619047619,76.19047619047619,69.52380952380952,6.666666666666667
E00113375,127,39,14,25,88,79,9,30.708661417322837,11.023622047244094,19.68503937007874,69.29133858267717,62.20472440944882,7.086614173228346
E00113376,74,20,6,14,54,46,8,27.027027027027028,8.108108108108109,18.91891891891892,72.97297297297297,62.16216216216216,10.81081081081081
E00113377,116,37,7,30,79,66,13,31.896551724137932,6.0344827586206895,25.862068965517242,68.10344827586206,56.896551724137936,11.206896551724139
E00113378,129,39,9,30,90,83,7,30.23255813953488,6.976744186046512,23.25581395348837,69.76744186046511,64.34108527131784,5.426356589147287
E00113379,111,30,10,20,81,68,13,27.027027027027028,9.00900900900901,18.01801801801802,72.97297297297297,61.261261261261254,11.711711711711711
E00113380,154,42,11,31,112,102,10,27.27272727272727,7.142857142857142,20.12987012987013,72.72727272727273,66.23376623376623,6.493506493506493
E00113381,132,51,18,33,81,64,17,38.63636363636363,13.636363636363635,25,61.36363636363637,48.484848484848484,12.878787878787879
E00113382,140,40,14,26,100,83,17,28.57142857142857,10,18.571428571428573,71.42857142857143,59.285714285714285,12.142857142857142
E00113383,132,44,11,33,88,74,14,33.33333333333333,8.333333333333332,25,66.66666666666666,56.060606060606055,10.606060606060606
E00113384,125,41,12,29,84,83,1,32.800000000000004,9.6,23.200000000000003,67.2,66.4,0.8
E00113385,189,49,7,42,140,121,19,25.925925925925924,3.7037037037037033,22.22222222222222,74.07407407407408,64.02116402116403,10.052910052910052
E00113386,98,32,11,21,66,66,0,32.6530612244898,11.224489795918368,21.428571428571427,67.3469387755102,67.3469387755102,0
E00113387,127,25,6,19,102,89,13,19.68503937007874,4.724409448818897,14.960629921259844,80.31496062992126,70.07874015748031,10.236220472440944
E00113388,182,49,20,29,133,115,18,26.923076923076923,10.989010989010989,15.934065934065933,73.07692307692307,63.18681318681318,9.89010989010989
E00113389,188,59,22,37,129,114,15,31.382978723404253,11.702127659574469,19.680851063829788,68.61702127659575,60.63829787234043,7.9787234042553195
E00113390,116,26,8,18,90,80,10,22.413793103448278,6.896551724137931,15.517241379310345,77.58620689655173,68.96551724137932,8.620689655172415
E00113391,172,47,14,33,125,116,9,27.325581395348834,8.13953488372093,19.186046511627907,72.67441860465115,67.44186046511628,5.232558139534884
E00113392,158,39,10,29,119,113,6,24.68354430379747,6.329113924050633,18.354430379746837,75.31645569620254,71.51898734177216,3.79746835443038
E00113393,156,50,9,41,106,89,17,32.05128205128205,5.769230769230769,26.282051282051285,67.94871794871796,57.05128205128205,10.897435897435898
E00113394,110,37,14,23,73,65,8,33.63636363636363,12.727272727272727,20.909090909090907,66.36363636363637,59.09090909090909,7.2727272727272725
E00113395,114,34,7,27,80,72,8,29.82456140350877,6.140350877192982,23.684210526315788,70.17543859649122,63.1578947368421,7.017543859649122
E00113396,136,38,11,27,98,85,13,27.941176470588236,8.088235294117647,19.852941176470587,72.05882352941177,62.5,9.558823529411764
E00113397,136,38,11,27,98,88,10,27.941176470588236,8.088235294117647,19.852941176470587,72.05882352941177,64.70588235294117,7.352941176470589
E00113398,130,43,15,28,87,76,11,33.07692307692307,11.538461538461538,21.53846153846154,66.92307692307692,58.46153846153847,8.461538461538462
E00113399,110,32,6,26,78,73,5,29.09090909090909,5.454545454545454,23.636363636363637,70.9090909090909,66.36363636363637,4.545454545454546
E00113400,193,48,16,32,145,129,16,24.870466321243523,8.290155440414509,16.580310880829018,75.12953367875647,66.83937823834198,8.290155440414509
E00113401,150,46,10,36,104,86,18,30.666666666666664,6.666666666666667,24,69.33333333333334,57.333333333333336,12
E00113402,156,62,26,36,94,88,6,39.743589743589745,16.666666666666664,23.076923076923077,60.256410256410255,56.41025641025641,3.8461538461538463
E00113403,174,56,25,31,118,102,16,32.18390804597701,14.367816091954023,17.81609195402299,67.81609195402298,58.620689655172406,9.195402298850574
E00113404,156,55,15,40,101,86,15,35.256410256410255,9.615384615384617,25.64102564102564,64.74358974358975,55.12820512820513,9.615384615384617
E00113405,60,20,5,15,40,31,9,33.33333333333333,8.333333333333332,25,66.66666666666666,51.66666666666667,15
E00113407,50,6,0,6,44,37,7,12,0,12,88,74,14.000000000000002
E00113408,99,20,9,11,79,68,11,20.2020202020202,9.090909090909092,11.11111111111111,79.7979797979798,68.68686868686868,11.11111111111111
E00113409,180,38,12,26,142,130,12,21.11111111111111,6.666666666666667,14.444444444444443,78.88888888888889,72.22222222222221,6.666666666666667
E00113410,179,35,11,24,144,139,5,19.553072625698324,6.145251396648044,13.40782122905028,80.44692737430168,77.6536312849162,2.793296089385475
E00113412,144,43,15,28,101,79,22,29.86111111111111,10.416666666666668,19.444444444444446,70.13888888888889,54.861111111111114,15.277777777777779
E00113413,184,56,22,34,128,118,10,30.434782608695656,11.956521739130435,18.478260869565215,69.56521739130434,64.13043478260869,5.434782608695652
E00113414,108,45,20,25,63,59,4,41.66666666666667,18.51851851851852,23.14814814814815,58.333333333333336,54.629629629629626,3.7037037037037033
E00113415,136,47,15,32,89,79,10,34.55882352941176,11.029411764705882,23.52941176470588,65.44117647058823,58.08823529411765,7.352941176470589
E00113416,157,54,16,38,103,93,10,34.394904458598724,10.191082802547772,24.203821656050955,65.60509554140127,59.23566878980891,6.369426751592357
E00113417,143,39,17,22,104,94,10,27.27272727272727,11.888111888111888,15.384615384615385,72.72727272727273,65.73426573426573,6.993006993006993
E00113418,139,35,12,23,104,87,17,25.179856115107913,8.633093525179856,16.546762589928058,74.82014388489209,62.589928057553955,12.23021582733813
E00113419,133,44,17,27,89,84,5,33.08270676691729,12.781954887218044,20.30075187969925,66.9172932330827,63.1578947368421,3.7593984962406015
E00113420,149,43,13,30,106,88,18,28.859060402684566,8.724832214765101,20.13422818791946,71.14093959731544,59.06040268456376,12.080536912751679
E00113421,162,46,15,31,116,104,12,28.39506172839506,9.25925925925926,19.1358024691358,71.60493827160494,64.19753086419753,7.4074074074074066
E00113422,117,39,9,30,78,65,13,33.33333333333333,7.6923076923076925,25.64102564102564,66.66666666666666,55.55555555555556,11.11111111111111
E00113423,143,41,17,24,102,85,17,28.671328671328673,11.888111888111888,16.783216783216783,71.32867132867133,59.44055944055944,11.888111888111888
E00113424,254,73,23,50,181,152,29,28.74015748031496,9.05511811023622,19.68503937007874,71.25984251968504,59.84251968503938,11.41732283464567
E00113425,181,60,16,44,121,105,16,33.14917127071823,8.83977900552486,24.30939226519337,66.85082872928176,58.011049723756905,8.83977900552486
E00113426,170,41,11,30,129,112,17,24.11764705882353,6.470588235294119,17.647058823529413,75.88235294117646,65.88235294117646,10
E00113427,139,52,21,31,87,76,11,37.410071942446045,15.107913669064748,22.302158273381295,62.589928057553955,54.67625899280576,7.913669064748201
E00113428,122,43,11,32,79,76,3,35.24590163934426,9.01639344262295,26.229508196721312,64.75409836065575,62.295081967213115,2.459016393442623
E00113429,171,53,13,40,118,101,17,30.994152046783626,7.602339181286549,23.391812865497073,69.00584795321637,59.06432748538012,9.941520467836257
E00113430,190,58,15,43,132,114,18,30.526315789473685,7.894736842105263,22.63157894736842,69.47368421052632,60,9.473684210526317
E00113431,175,40,18,22,135,119,16,22.857142857142858,10.285714285714285,12.571428571428573,77.14285714285715,68,9.142857142857142
E00113432,112,35,8,27,77,71,6,31.25,7.142857142857142,24.107142857142858,68.75,63.39285714285714,5.357142857142857
E00113433,191,49,11,38,142,132,10,25.654450261780106,5.7591623036649215,19.895287958115183,74.3455497382199,69.10994764397905,5.2356020942408374
E00113434,160,48,17,31,112,95,17,30,10.625,19.375,70,59.375,10.625
E00113435,148,55,9,46,93,79,14,37.16216216216216,6.081081081081082,31.08108108108108,62.83783783783784,53.37837837837838,9.45945945945946
E00113436,158,43,14,29,115,102,13,27.21518987341772,8.860759493670885,18.354430379746837,72.78481012658227,64.55696202531645,8.227848101265822
E00113437,159,42,13,29,117,102,15,26.41509433962264,8.176100628930817,18.238993710691823,73.58490566037736,64.15094339622641,9.433962264150944
E00113438,148,52,14,38,96,88,8,35.13513513513514,9.45945945945946,25.675675675675674,64.86486486486487,59.45945945945946,5.405405405405405
E00113439,157,47,11,36,110,96,14,29.936305732484076,7.006369426751593,22.929936305732486,70.06369426751591,61.146496815286625,8.9171974522293
E00113440,112,53,31,22,59,51,8,47.32142857142857,27.67857142857143,19.642857142857142,52.67857142857143,45.535714285714285,7.142857142857142
E00113441,191,69,25,44,122,106,16,36.12565445026178,13.089005235602095,23.036649214659686,63.87434554973822,55.497382198952884,8.37696335078534
E00113442,166,46,11,35,120,103,17,27.710843373493976,6.626506024096386,21.084337349397593,72.28915662650603,62.048192771084345,10.240963855421686
E00113443,132,40,14,26,92,82,10,30.303030303030305,10.606060606060606,19.696969696969695,69.6969696969697,62.121212121212125,7.575757575757576
E00113444,130,30,7,23,100,88,12,23.076923076923077,5.384615384615385,17.692307692307693,76.92307692307693,67.6923076923077,9.230769230769232
E00113445,126,37,8,29,89,74,15,29.365079365079367,6.349206349206349,23.015873015873016,70.63492063492063,58.730158730158735,11.904761904761903
E00113446,163,39,14,25,124,109,15,23.92638036809816,8.588957055214724,15.337423312883436,76.07361963190185,66.87116564417178,9.202453987730062
E00113447,162,43,12,31,119,108,11,26.543209876543212,7.4074074074074066,19.1358024691358,73.4567901234568,66.66666666666666,6.790123456790123
E00113448,153,48,14,34,105,93,12,31.372549019607842,9.15032679738562,22.22222222222222,68.62745098039215,60.78431372549019,7.8431372549019605
E00113449,136,40,11,29,96,87,9,29.411764705882355,8.088235294117647,21.323529411764707,70.58823529411765,63.970588235294116,6.61764705882353
E00113450,155,41,12,29,114,105,9,26.451612903225808,7.741935483870968,18.70967741935484,73.54838709677419,67.74193548387096,5.806451612903226
E00113451,149,38,10,28,111,94,17,25.503355704697988,6.7114093959731544,18.79194630872483,74.49664429530202,63.08724832214765,11.409395973154362
E00113452,167,66,18,48,101,88,13,39.52095808383233,10.778443113772456,28.74251497005988,60.47904191616767,52.69461077844312,7.784431137724551
E00113453,243,70,24,46,173,157,16,28.80658436213992,9.876543209876543,18.930041152263374,71.19341563786008,64.60905349794238,6.584362139917696
E00113454,194,50,14,36,144,125,19,25.773195876288657,7.216494845360824,18.556701030927837,74.22680412371135,64.43298969072166,9.793814432989691
E00113455,96,30,7,23,66,55,11,31.25,7.291666666666667,23.958333333333336,68.75,57.291666666666664,11.458333333333332
E00113456,237,76,23,53,161,144,17,32.06751054852321,9.70464135021097,22.362869198312236,67.9324894514768,60.75949367088608,7.172995780590717
E00113457,134,45,9,36,89,80,9,33.582089552238806,6.7164179104477615,26.865671641791046,66.4179104477612,59.70149253731343,6.7164179104477615
E00113458,102,35,6,29,67,54,13,34.31372549019608,5.88235294117647,28.431372549019606,65.68627450980392,52.94117647058824,12.745098039215685
E00113459,162,48,15,33,114,103,11,29.629629629629626,9.25925925925926,20.37037037037037,70.37037037037037,63.580246913580254,6.790123456790123
E00113460,87,35,9,26,52,52,0,40.229885057471265,10.344827586206897,29.88505747126437,59.77011494252874,59.77011494252874,0
E00113461,182,56,18,38,126,104,22,30.76923076923077,9.89010989010989,20.87912087912088,69.23076923076923,57.14285714285714,12.087912087912088
E00113462,147,45,11,34,102,83,19,30.612244897959183,7.482993197278912,23.12925170068027,69.38775510204081,56.4625850340136,12.925170068027212
E00113463,91,35,7,28,56,51,5,38.46153846153847,7.6923076923076925,30.76923076923077,61.53846153846154,56.043956043956044,5.4945054945054945
E00113464,147,54,17,37,93,83,10,36.734693877551024,11.564625850340136,25.170068027210885,63.26530612244898,56.4625850340136,6.802721088435375
E00113465,187,48,6,42,139,131,8,25.668449197860966,3.2085561497326207,22.459893048128343,74.33155080213903,70.05347593582889,4.27807486631016
E00113466,180,64,16,48,116,103,13,35.55555555555556,8.88888888888889,26.666666666666668,64.44444444444444,57.22222222222222,7.222222222222221
E00113467,212,62,19,43,150,136,14,29.245283018867923,8.962264150943396,20.28301886792453,70.75471698113208,64.15094339622641,6.60377358490566
E00113468,81,22,3,19,59,52,7,27.160493827160494,3.7037037037037033,23.456790123456788,72.8395061728395,64.19753086419753,8.641975308641975
E00113469,195,75,23,52,120,103,17,38.46153846153847,11.794871794871794,26.666666666666668,61.53846153846154,52.820512820512825,8.717948717948717
E00113470,124,33,6,27,91,84,7,26.61290322580645,4.838709677419355,21.774193548387096,73.38709677419355,67.74193548387096,5.64516129032258
E00113471,251,78,20,58,173,152,21,31.07569721115538,7.968127490039841,23.107569721115535,68.92430278884463,60.55776892430279,8.366533864541832
E00113472,165,54,14,40,111,89,22,32.72727272727273,8.484848484848486,24.242424242424242,67.27272727272727,53.939393939393945,13.333333333333334
E00113473,159,58,16,42,101,89,12,36.477987421383645,10.062893081761008,26.41509433962264,63.52201257861635,55.9748427672956,7.547169811320755
E00113474,82,24,11,13,58,50,8,29.268292682926827,13.414634146341465,15.853658536585366,70.73170731707317,60.97560975609756,9.75609756097561
E00113475,133,36,10,26,97,90,7,27.06766917293233,7.518796992481203,19.548872180451127,72.93233082706767,67.66917293233082,5.263157894736842
E00113476,124,29,7,22,95,81,14,23.387096774193548,5.64516129032258,17.741935483870968,76.61290322580645,65.32258064516128,11.29032258064516
E00113477,176,53,17,36,123,98,25,30.113636363636363,9.659090909090908,20.454545454545457,69.88636363636364,55.68181818181818,14.204545454545455
E00113478,111,36,11,25,75,71,4,32.432432432432435,9.90990990990991,22.52252252252252,67.56756756756756,63.96396396396396,3.6036036036036037
E00113479,140,46,17,29,94,84,10,32.857142857142854,12.142857142857142,20.714285714285715,67.14285714285714,60,7.142857142857142
E00113480,62,24,10,14,38,32,6,38.70967741935484,16.129032258064516,22.58064516129032,61.29032258064516,51.61290322580645,9.67741935483871
E00113481,128,44,14,30,84,76,8,34.375,10.9375,23.4375,65.625,59.375,6.25
E00113482,111,44,12,32,67,60,7,39.63963963963964,10.81081081081081,28.82882882882883,60.36036036036037,54.054054054054056,6.306306306306306
E00113483,132,52,16,36,80,70,10,39.39393939393939,12.121212121212121,27.27272727272727,60.60606060606061,53.03030303030303,7.575757575757576
E00113484,134,37,8,29,97,83,14,27.611940298507463,5.970149253731343,21.641791044776117,72.38805970149254,61.940298507462686,10.44776119402985
E00113485,176,48,14,34,128,115,13,27.27272727272727,7.954545454545454,19.318181818181817,72.72727272727273,65.3409090909091,7.386363636363637
E00113486,85,38,7,31,47,42,5,44.70588235294118,8.235294117647058,36.470588235294116,55.294117647058826,49.411764705882355,5.88235294117647
E00113487,98,48,14,34,50,42,8,48.97959183673469,14.285714285714285,34.69387755102041,51.02040816326531,42.857142857142854,8.16326530612245
E00113488,101,36,8,28,65,59,6,35.64356435643564,7.920792079207921,27.722772277227726,64.35643564356435,58.415841584158414,5.9405940594059405
E00113489,153,50,16,34,103,89,14,32.6797385620915,10.457516339869281,22.22222222222222,67.3202614379085,58.16993464052288,9.15032679738562
E00113490,218,65,21,44,153,131,22,29.81651376146789,9.63302752293578,20.18348623853211,70.18348623853211,60.09174311926605,10.091743119266056
E00113491,141,37,14,23,104,93,11,26.24113475177305,9.929078014184398,16.312056737588655,73.75886524822694,65.95744680851064,7.801418439716312
E00113492,154,49,18,31,105,89,16,31.818181818181817,11.688311688311687,20.12987012987013,68.18181818181817,57.7922077922078,10.38961038961039
E00113493,212,76,23,53,136,123,13,35.84905660377358,10.849056603773585,25,64.15094339622641,58.01886792452831,6.132075471698113
E00113494,178,44,13,31,134,123,11,24.719101123595504,7.303370786516854,17.415730337078653,75.28089887640449,69.10112359550563,6.179775280898876
E00113495,103,32,11,21,71,60,11,31.06796116504854,10.679611650485436,20.388349514563107,68.93203883495146,58.252427184466015,10.679611650485436
E00113496,175,65,14,51,110,98,12,37.142857142857146,8,29.142857142857142,62.857142857142854,56.00000000000001,6.857142857142858
E00113497,153,36,9,27,117,102,15,23.52941176470588,5.88235294117647,17.647058823529413,76.47058823529412,66.66666666666666,9.803921568627452
E00113498,180,54,17,37,126,112,14,30,9.444444444444445,20.555555555555554,70,62.22222222222222,7.777777777777778
E00113499,163,54,17,37,109,100,9,33.12883435582822,10.429447852760736,22.699386503067483,66.87116564417178,61.34969325153374,5.521472392638037
E00113500,135,50,14,36,85,77,8,37.03703703703704,10.37037037037037,26.666666666666668,62.96296296296296,57.03703703703704,5.9259259259259265
E00113501,186,46,15,31,140,113,27,24.731182795698924,8.064516129032258,16.666666666666664,75.26881720430107,60.752688172043015,14.516129032258066
E00113502,186,56,11,45,130,119,11,30.107526881720432,5.913978494623656,24.193548387096776,69.89247311827957,63.97849462365591,5.913978494623656
E00113503,172,53,15,38,119,110,9,30.813953488372093,8.720930232558139,22.093023255813954,69.18604651162791,63.95348837209303,5.232558139534884
E00113504,194,59,20,39,135,122,13,30.412371134020617,10.309278350515463,20.103092783505154,69.58762886597938,62.88659793814433,6.701030927835052
E00113505,143,41,5,36,102,95,7,28.671328671328673,3.4965034965034967,25.174825174825177,71.32867132867133,66.43356643356644,4.895104895104895
E00113506,170,42,13,29,128,116,12,24.705882352941178,7.647058823529412,17.058823529411764,75.29411764705883,68.23529411764706,7.0588235294117645
E00113507,136,26,4,22,110,102,8,19.11764705882353,2.941176470588235,16.176470588235293,80.88235294117648,75,5.88235294117647
E00113508,136,41,11,30,95,84,11,30.14705882352941,8.088235294117647,22.058823529411764,69.85294117647058,61.76470588235294,8.088235294117647
E00113509,167,59,16,43,108,95,13,35.32934131736527,9.580838323353294,25.748502994011975,64.67065868263472,56.886227544910184,7.784431137724551
E00113510,173,53,13,40,120,108,12,30.63583815028902,7.514450867052023,23.121387283236995,69.36416184971098,62.42774566473989,6.9364161849710975
E00113511,119,43,13,30,76,72,4,36.134453781512605,10.92436974789916,25.210084033613445,63.86554621848739,60.50420168067227,3.361344537815126
E00113512,124,35,13,22,89,80,9,28.225806451612907,10.483870967741936,17.741935483870968,71.7741935483871,64.51612903225806,7.258064516129033
E00113513,176,61,24,37,115,107,8,34.659090909090914,13.636363636363635,21.022727272727273,65.3409090909091,60.79545454545454,4.545454545454546
E00113514,165,66,26,40,99,88,11,40,15.757575757575756,24.242424242424242,60,53.333333333333336,6.666666666666667
E00113515,176,47,11,36,129,111,18,26.704545454545453,6.25,20.454545454545457,73.29545454545455,63.06818181818182,10.227272727272728
E00113516,169,35,10,25,134,116,18,20.710059171597635,5.9171597633136095,14.792899408284024,79.28994082840237,68.63905325443787,10.650887573964498
E00113517,169,47,11,36,122,107,15,27.810650887573964,6.508875739644971,21.301775147928996,72.18934911242604,63.31360946745562,8.875739644970414
E00113518,184,54,16,38,130,113,17,29.347826086956523,8.695652173913043,20.652173913043477,70.65217391304348,61.41304347826087,9.239130434782608
E00113519,146,44,23,21,102,84,18,30.136986301369863,15.753424657534246,14.383561643835616,69.86301369863014,57.534246575342465,12.32876712328767
E00113520,186,51,13,38,135,112,23,27.419354838709676,6.989247311827956,20.43010752688172,72.58064516129032,60.215053763440864,12.365591397849462
E00113521,133,39,8,31,94,85,9,29.32330827067669,6.015037593984962,23.308270676691727,70.67669172932331,63.90977443609023,6.7669172932330826
E00113523,36,17,8,9,19,19,0,47.22222222222222,22.22222222222222,25,52.77777777777778,52.77777777777778,0
E00113524,171,66,23,43,105,91,14,38.59649122807017,13.450292397660817,25.146198830409354,61.40350877192983,53.216374269005854,8.187134502923977
E00113525,96,44,14,30,52,47,5,45.83333333333333,14.583333333333334,31.25,54.166666666666664,48.95833333333333,5.208333333333334
E00113526,147,51,16,35,96,86,10,34.69387755102041,10.884353741496598,23.809523809523807,65.3061224489796,58.50340136054422,6.802721088435375
E00113527,140,47,14,33,93,80,13,33.57142857142857,10,23.57142857142857,66.42857142857143,57.14285714285714,9.285714285714286
E00113528,190,70,24,46,120,99,21,36.84210526315789,12.631578947368421,24.210526315789473,63.1578947368421,52.10526315789473,11.052631578947368
E00113529,140,49,12,37,91,82,9,35,8.571428571428571,26.42857142857143,65,58.57142857142858,6.428571428571428
E00113530,115,41,18,23,74,67,7,35.65217391304348,15.65217391304348,20,64.34782608695652,58.26086956521739,6.086956521739131
E00113531,158,43,11,32,115,103,12,27.21518987341772,6.962025316455696,20.253164556962027,72.78481012658227,65.18987341772153,7.59493670886076
E00113534,174,50,19,31,124,109,15,28.735632183908045,10.919540229885058,17.81609195402299,71.26436781609196,62.643678160919535,8.620689655172415
E00113535,163,43,12,31,120,97,23,26.380368098159508,7.361963190184049,19.018404907975462,73.61963190184049,59.50920245398773,14.11042944785276
E00113536,82,25,9,16,57,48,9,30.48780487804878,10.975609756097562,19.51219512195122,69.51219512195121,58.536585365853654,10.975609756097562
E00113537,8,4,0,4,4,3,1,50,0,50,50,37.5,12.5
E00113538,151,45,12,33,106,93,13,29.80132450331126,7.9470198675496695,21.85430463576159,70.19867549668875,61.58940397350994,8.609271523178808
E00113539,140,41,11,30,99,92,7,29.28571428571429,7.857142857142857,21.428571428571427,70.71428571428572,65.71428571428571,5
E00113540,127,33,8,25,94,83,11,25.984251968503933,6.299212598425196,19.68503937007874,74.01574803149606,65.35433070866141,8.661417322834646
E00113541,185,52,12,40,133,117,16,28.10810810810811,6.486486486486487,21.62162162162162,71.89189189189189,63.24324324324324,8.64864864864865
E00113542,136,48,13,35,88,81,7,35.294117647058826,9.558823529411764,25.735294117647058,64.70588235294117,59.55882352941176,5.147058823529411
E00113543,120,34,9,25,86,83,3,28.333333333333332,7.5,20.833333333333336,71.66666666666667,69.16666666666667,2.5
E00113544,169,46,15,31,123,105,18,27.218934911242602,8.875739644970414,18.34319526627219,72.7810650887574,62.1301775147929,10.650887573964498
E00113545,149,45,12,33,104,91,13,30.201342281879196,8.053691275167784,22.14765100671141,69.79865771812081,61.07382550335571,8.724832214765101
E00113546,176,37,11,26,139,116,23,21.022727272727273,6.25,14.772727272727273,78.97727272727273,65.9090909090909,13.068181818181818
E00113547,156,40,8,32,116,106,10,25.64102564102564,5.128205128205128,20.51282051282051,74.35897435897436,67.94871794871796,6.41025641025641
E00113548,173,58,14,44,115,101,14,33.52601156069364,8.092485549132949,25.43352601156069,66.47398843930635,58.38150289017341,8.092485549132949
E00113549,119,39,17,22,80,70,10,32.773109243697476,14.285714285714285,18.487394957983195,67.22689075630252,58.82352941176471,8.403361344537815
E00113550,247,71,19,52,176,150,26,28.74493927125506,7.6923076923076925,21.052631578947366,71.25506072874494,60.72874493927125,10.526315789473683
E00113551,226,70,18,52,156,137,19,30.973451327433626,7.964601769911504,23.008849557522122,69.02654867256636,60.61946902654868,8.4070796460177
E00113552,164,49,14,35,115,96,19,29.878048780487802,8.536585365853659,21.341463414634145,70.1219512195122,58.536585365853654,11.585365853658537
E00113553,231,64,20,44,167,149,18,27.705627705627705,8.658008658008658,19.047619047619047,72.2943722943723,64.5021645021645,7.792207792207792
E00113554,194,54,16,38,140,123,17,27.835051546391753,8.24742268041237,19.587628865979383,72.16494845360825,63.4020618556701,8.762886597938143
E00113555,206,48,10,38,158,147,11,23.300970873786408,4.854368932038835,18.446601941747574,76.69902912621359,71.35922330097088,5.339805825242718
E00113556,274,73,22,51,201,165,36,26.642335766423358,8.02919708029197,18.613138686131386,73.35766423357664,60.21897810218978,13.138686131386862
E00113557,175,39,14,25,136,119,17,22.285714285714285,8,14.285714285714285,77.71428571428571,68,9.714285714285714
E00113558,205,66,20,46,139,117,22,32.19512195121951,9.75609756097561,22.439024390243905,67.8048780487805,57.073170731707314,10.731707317073171
E00113560,210,45,14,31,165,142,23,21.428571428571427,6.666666666666667,14.761904761904763,78.57142857142857,67.61904761904762,10.952380952380953
E00113561,149,48,11,37,101,79,22,32.21476510067114,7.38255033557047,24.832214765100673,67.78523489932886,53.02013422818792,14.76510067114094
E00113562,178,58,11,47,120,106,14,32.58426966292135,6.179775280898876,26.40449438202247,67.41573033707866,59.55056179775281,7.865168539325842
E00113563,162,53,12,41,109,96,13,32.71604938271605,7.4074074074074066,25.308641975308642,67.28395061728395,59.25925925925925,8.024691358024691
E00113564,150,38,12,26,112,98,14,25.333333333333336,8,17.333333333333336,74.66666666666667,65.33333333333333,9.333333333333334
E00113565,148,47,11,36,101,89,12,31.756756756756754,7.4324324324324325,24.324324324324326,68.24324324324324,60.13513513513513,8.108108108108109
E00113566,150,38,8,30,112,98,14,25.333333333333336,5.333333333333334,20,74.66666666666667,65.33333333333333,9.333333333333334
E00113567,185,53,18,35,132,120,12,28.64864864864865,9.72972972972973,18.91891891891892,71.35135135135135,64.86486486486487,6.486486486486487
E00113568,151,29,5,24,122,101,21,19.205298013245034,3.3112582781456954,15.894039735099339,80.79470198675497,66.88741721854305,13.90728476821192
E00113569,128,27,10,17,101,90,11,21.09375,7.8125,13.28125,78.90625,70.3125,8.59375
E00113570,169,45,17,28,124,105,19,26.627218934911244,10.059171597633137,16.56804733727811,73.37278106508876,62.1301775147929,11.242603550295858
E00113571,83,26,8,18,57,52,5,31.32530120481928,9.63855421686747,21.686746987951807,68.67469879518072,62.65060240963856,6.024096385542169
E00113572,133,33,6,27,100,86,14,24.81203007518797,4.511278195488721,20.30075187969925,75.18796992481202,64.66165413533834,10.526315789473683
E00113573,230,60,21,39,170,150,20,26.08695652173913,9.130434782608695,16.956521739130434,73.91304347826086,65.21739130434783,8.695652173913043
E00113574,173,65,20,45,108,86,22,37.57225433526011,11.560693641618498,26.011560693641616,62.42774566473989,49.71098265895954,12.716763005780345
E00113575,171,65,18,47,106,94,12,38.01169590643275,10.526315789473683,27.485380116959064,61.98830409356725,54.97076023391813,7.017543859649122
E00113576,131,42,21,21,89,70,19,32.06106870229007,16.030534351145036,16.030534351145036,67.93893129770993,53.43511450381679,14.50381679389313
E00113577,163,59,19,40,104,99,5,36.19631901840491,11.65644171779141,24.539877300613497,63.80368098159509,60.73619631901841,3.067484662576687
E00113578,147,45,17,28,102,86,16,30.612244897959183,11.564625850340136,19.047619047619047,69.38775510204081,58.50340136054422,10.884353741496598
E00113579,164,58,18,40,106,88,18,35.36585365853659,10.975609756097562,24.390243902439025,64.63414634146342,53.65853658536586,10.975609756097562
E00113580,159,38,8,30,121,102,19,23.89937106918239,5.031446540880504,18.867924528301888,76.10062893081762,64.15094339622641,11.949685534591195
E00113581,146,51,22,29,95,79,16,34.93150684931507,15.068493150684931,19.863013698630137,65.06849315068493,54.109589041095894,10.95890410958904
E00113582,148,38,6,32,110,95,15,25.675675675675674,4.054054054054054,21.62162162162162,74.32432432432432,64.1891891891892,10.135135135135135
E00113583,161,43,12,31,118,103,15,26.70807453416149,7.453416149068323,19.25465838509317,73.29192546583852,63.975155279503106,9.316770186335404
E00113584,135,40,9,31,95,81,14,29.629629629629626,6.666666666666667,22.962962962962962,70.37037037037037,60,10.37037037037037
E00113585,98,32,10,22,66,58,8,32.6530612244898,10.204081632653061,22.448979591836736,67.3469387755102,59.183673469387756,8.16326530612245
E00113586,153,43,10,33,110,93,17,28.104575163398692,6.535947712418301,21.568627450980394,71.89542483660131,60.78431372549019,11.11111111111111
E00113587,119,37,10,27,82,70,12,31.092436974789916,8.403361344537815,22.689075630252102,68.90756302521008,58.82352941176471,10.084033613445378
E00113588,125,34,11,23,91,82,9,27.200000000000003,8.799999999999999,18.4,72.8,65.60000000000001,7.199999999999999
E00113589,182,75,25,50,107,86,21,41.208791208791204,13.736263736263737,27.472527472527474,58.791208791208796,47.25274725274725,11.538461538461538
E00113590,138,47,16,31,91,72,19,34.05797101449276,11.594202898550725,22.463768115942027,65.94202898550725,52.17391304347826,13.768115942028986
E00113593,139,32,18,14,107,95,12,23.021582733812952,12.949640287769784,10.071942446043165,76.97841726618705,68.34532374100719,8.633093525179856
E00113594,86,28,14,14,58,48,10,32.55813953488372,16.27906976744186,16.27906976744186,67.44186046511628,55.81395348837209,11.627906976744185
E00113595,76,19,6,13,57,50,7,25,7.894736842105263,17.105263157894736,75,65.78947368421053,9.210526315789473
E00113596,40,10,4,6,30,30,0,25,10,15,75,75,0
E00113598,191,60,21,39,131,115,16,31.413612565445025,10.99476439790576,20.418848167539267,68.58638743455498,60.20942408376963,8.37696335078534
E00113601,263,70,31,39,193,164,29,26.61596958174905,11.787072243346007,14.82889733840304,73.38403041825094,62.3574144486692,11.02661596958175
E00113603,96,18,6,12,78,70,8,18.75,6.25,12.5,81.25,72.91666666666666,8.333333333333332
E00113604,58,14,6,8,44,41,3,24.137931034482758,10.344827586206897,13.793103448275861,75.86206896551724,70.6896551724138,5.172413793103448
E00113605,245,57,21,36,188,169,19,23.26530612244898,8.571428571428571,14.69387755102041,76.73469387755102,68.9795918367347,7.755102040816326
E00168941,160,39,15,24,121,94,27,24.375,9.375,15,75.625,58.75,16.875
E00168942,103,25,14,11,78,73,5,24.271844660194176,13.592233009708737,10.679611650485436,75.72815533980582,70.87378640776699,4.854368932038835
E00168943,270,86,25,61,184,154,30,31.851851851851855,9.25925925925926,22.59259259259259,68.14814814814815,57.03703703703704,11.11111111111111
E00168944,96,17,8,9,79,72,7,17.708333333333336,8.333333333333332,9.375,82.29166666666666,75,7.291666666666667
E00168945,140,29,9,20,111,97,14,20.714285714285715,6.428571428571428,14.285714285714285,79.28571428571428,69.28571428571428,10
E00168946,171,36,7,29,135,118,17,21.052631578947366,4.093567251461988,16.95906432748538,78.94736842105263,69.00584795321637,9.941520467836257
E00168947,165,48,21,27,117,101,16,29.09090909090909,12.727272727272727,16.363636363636363,70.9090909090909,61.212121212121204,9.696969696969697
E00168949,127,33,11,22,94,75,19,25.984251968503933,8.661417322834646,17.322834645669293,74.01574803149606,59.055118110236215,14.960629921259844
E00168950,104,37,17,20,67,54,13,35.57692307692308,16.346153846153847,19.230769230769234,64.42307692307693,51.92307692307693,12.5
E00168951,142,39,6,33,103,93,10,27.464788732394368,4.225352112676056,23.239436619718308,72.53521126760563,65.49295774647888,7.042253521126761
E00168952,187,49,18,31,138,121,17,26.203208556149733,9.62566844919786,16.577540106951872,73.79679144385027,64.70588235294117,9.090909090909092
E00168953,173,56,10,46,117,108,9,32.369942196531795,5.780346820809249,26.589595375722542,67.63005780346822,62.42774566473989,5.202312138728324
E00168954,168,61,18,43,107,92,15,36.30952380952381,10.714285714285714,25.595238095238095,63.69047619047619,54.761904761904766,8.928571428571429
E00168955,140,43,10,33,97,85,12,30.714285714285715,7.142857142857142,23.57142857142857,69.28571428571428,60.71428571428571,8.571428571428571
E00168956,155,38,17,21,117,97,20,24.516129032258064,10.967741935483872,13.548387096774196,75.48387096774194,62.58064516129033,12.903225806451612
E00168957,255,63,15,48,192,167,25,24.705882352941178,5.88235294117647,18.823529411764707,75.29411764705883,65.49019607843137,9.803921568627452
E00168958,251,59,23,36,192,172,20,23.50597609561753,9.163346613545817,14.342629482071715,76.49402390438247,68.52589641434263,7.968127490039841
E00168959,147,39,13,26,108,95,13,26.53061224489796,8.843537414965986,17.687074829931973,73.46938775510205,64.62585034013605,8.843537414965986
E00168960,244,58,16,42,186,169,17,23.770491803278688,6.557377049180328,17.21311475409836,76.22950819672131,69.26229508196722,6.967213114754098
E00168961,191,53,14,39,138,120,18,27.748691099476442,7.329842931937172,20.418848167539267,72.25130890052355,62.82722513089005,9.424083769633508
E00168962,173,44,17,27,129,115,14,25.43352601156069,9.826589595375722,15.606936416184972,74.56647398843931,66.47398843930635,8.092485549132949
E00168963,176,52,14,38,124,108,16,29.545454545454547,7.954545454545454,21.59090909090909,70.45454545454545,61.36363636363637,9.090909090909092
E00168964,166,41,13,28,125,111,14,24.69879518072289,7.83132530120482,16.867469879518072,75.30120481927712,66.86746987951807,8.433734939759036
E00168966,207,58,17,41,149,130,19,28.019323671497588,8.212560386473431,19.806763285024154,71.98067632850241,62.80193236714976,9.178743961352657
E00168969,148,45,11,34,103,90,13,30.405405405405407,7.4324324324324325,22.972972972972975,69.5945945945946,60.810810810810814,8.783783783783784
E00168970,190,45,15,30,145,135,10,23.684210526315788,7.894736842105263,15.789473684210526,76.31578947368422,71.05263157894737,5.263157894736842
E00168971,156,44,10,34,112,93,19,28.205128205128204,6.41025641025641,21.794871794871796,71.7948717948718,59.61538461538461,12.179487179487179
E00168972,131,26,7,19,105,96,9,19.84732824427481,5.343511450381679,14.50381679389313,80.1526717557252,73.2824427480916,6.870229007633588
E00168973,184,56,18,38,128,109,19,30.434782608695656,9.782608695652174,20.652173913043477,69.56521739130434,59.2391304347826,10.326086956521738
E00168974,201,59,13,46,142,126,16,29.35323383084577,6.467661691542288,22.885572139303484,70.64676616915423,62.68656716417911,7.960199004975125
E00168975,167,50,19,31,117,103,14,29.94011976047904,11.377245508982035,18.562874251497004,70.05988023952095,61.67664670658682,8.383233532934131
E00168976,159,51,10,41,108,98,10,32.075471698113205,6.289308176100629,25.78616352201258,67.9245283018868,61.63522012578616,6.289308176100629
E00168977,108,22,4,18,86,75,11,20.37037037037037,3.7037037037037033,16.666666666666664,79.62962962962963,69.44444444444444,10.185185185185185
E00168978,164,25,9,16,139,124,15,15.24390243902439,5.487804878048781,9.75609756097561,84.7560975609756,75.60975609756098,9.146341463414634
E00168979,180,28,11,17,152,133,19,15.555555555555555,6.111111111111111,9.444444444444445,84.44444444444444,73.88888888888889,10.555555555555555
E00186329,188,49,10,39,139,125,14,26.063829787234045,5.319148936170213,20.74468085106383,73.93617021276596,66.48936170212765,7.446808510638298
E00186332,161,39,14,25,122,104,18,24.22360248447205,8.695652173913043,15.527950310559005,75.77639751552795,64.59627329192547,11.180124223602485
E00186334,252,61,17,44,191,168,23,24.206349206349206,6.746031746031746,17.46031746031746,75.79365079365078,66.66666666666666,9.126984126984127
E00186335,249,58,16,42,191,152,39,23.293172690763054,6.425702811244979,16.867469879518072,76.70682730923694,61.044176706827315,15.66265060240964
E00186337,151,60,20,40,91,85,6,39.735099337748345,13.245033112582782,26.490066225165563,60.264900662251655,56.29139072847682,3.9735099337748347
E00186348,133,39,10,29,94,90,4,29.32330827067669,7.518796992481203,21.804511278195488,70.67669172932331,67.66917293233082,3.007518796992481
E00186352,263,81,18,63,182,161,21,30.798479087452474,6.844106463878327,23.954372623574145,69.20152091254754,61.21673003802282,7.984790874524715
E00186353,60,14,7,7,46,46,0,23.333333333333332,11.666666666666666,11.666666666666666,76.66666666666667,76.66666666666667,0
E00186356,90,35,9,26,55,54,1,38.88888888888889,10,28.888888888888886,61.111111111111114,60,1.1111111111111112
E00186357,137,42,13,29,95,92,3,30.656934306569344,9.48905109489051,21.16788321167883,69.34306569343066,67.15328467153284,2.18978102189781
E00186359,141,65,40,25,76,67,9,46.09929078014184,28.368794326241137,17.73049645390071,53.90070921985816,47.5177304964539,6.382978723404255
E00186362,98,35,11,24,63,51,12,35.714285714285715,11.224489795918368,24.489795918367346,64.28571428571429,52.04081632653062,12.244897959183673
E00186366,317,82,22,60,235,207,28,25.86750788643533,6.940063091482649,18.92744479495268,74.13249211356468,65.29968454258676,8.832807570977918
E00186368,200,56,10,46,144,127,17,28.000000000000004,5,23,72,63.5,8.5
E00186371,109,31,7,24,78,74,4,28.440366972477065,6.422018348623854,22.018348623853214,71.55963302752293,67.88990825688074,3.669724770642202
E00186379,127,23,4,19,104,88,16,18.11023622047244,3.149606299212598,14.960629921259844,81.88976377952756,69.29133858267717,12.598425196850393
E00186381,11,5,3,2,6,5,1,45.45454545454545,27.27272727272727,18.181818181818183,54.54545454545454,45.45454545454545,9.090909090909092
E00186382,152,47,14,33,105,94,11,30.92105263157895,9.210526315789473,21.710526315789476,69.07894736842105,61.8421052631579,7.236842105263158
E00186388,311,87,27,60,224,203,21,27.974276527331188,8.681672025723474,19.292604501607716,72.02572347266882,65.27331189710611,6.752411575562702
E00186393,155,54,15,39,101,93,8,34.83870967741935,9.67741935483871,25.161290322580644,65.16129032258064,60,5.161290322580645
E00186406,72,16,4,12,56,50,6,22.22222222222222,5.555555555555555,16.666666666666664,77.77777777777779,69.44444444444444,8.333333333333332
E00186407,248,48,25,23,200,171,29,19.35483870967742,10.080645161290322,9.274193548387096,80.64516129032258,68.95161290322581,11.693548387096774
E00186414,246,76,29,47,170,143,27,30.89430894308943,11.788617886178862,19.10569105691057,69.10569105691057,58.13008130081301,10.975609756097562
E00186415,155,50,18,32,105,83,22,32.25806451612903,11.612903225806452,20.64516129032258,67.74193548387096,53.5483870967742,14.193548387096774
E00186423,69,21,5,16,48,40,8,30.434782608695656,7.246376811594203,23.18840579710145,69.56521739130434,57.971014492753625,11.594202898550725
E00186424,132,41,15,26,91,80,11,31.060606060606062,11.363636363636363,19.696969696969695,68.93939393939394,60.60606060606061,8.333333333333332
E00186441,348,87,27,60,261,235,26,25,7.758620689655173,17.24137931034483,75,67.52873563218391,7.471264367816093
E00186442,176,41,21,20,135,117,18,23.295454545454543,11.931818181818182,11.363636363636363,76.70454545454545,66.47727272727273,10.227272727272728
E00186446,305,85,21,64,220,193,27,27.86885245901639,6.885245901639345,20.983606557377048,72.1311475409836,63.278688524590166,8.852459016393443
E00186453,278,48,18,30,230,203,27,17.26618705035971,6.474820143884892,10.79136690647482,82.73381294964028,73.02158273381295,9.712230215827338
E00186457,105,48,23,25,57,48,9,45.714285714285715,21.904761904761905,23.809523809523807,54.285714285714285,45.714285714285715,8.571428571428571
E00186458,199,47,12,35,152,132,20,23.618090452261306,6.030150753768844,17.587939698492463,76.38190954773869,66.33165829145729,10.050251256281408
E00186459,206,61,16,45,145,128,17,29.61165048543689,7.766990291262135,21.844660194174757,70.3883495145631,62.13592233009708,8.25242718446602
E00186470,21,9,4,5,12,11,1,42.857142857142854,19.047619047619047,23.809523809523807,57.14285714285714,52.38095238095239,4.761904761904762
E00186474,124,29,11,18,95,81,14,23.387096774193548,8.870967741935484,14.516129032258066,76.61290322580645,65.32258064516128,11.29032258064516
E00186477,196,57,15,42,139,118,21,29.081632653061224,7.653061224489796,21.428571428571427,70.91836734693877,60.204081632653065,10.714285714285714
E00186479,64,8,3,5,56,51,5,12.5,4.6875,7.8125,87.5,79.6875,7.8125
E00186489,90,32,6,26,58,55,3,35.55555555555556,6.666666666666667,28.888888888888886,64.44444444444444,61.111111111111114,3.3333333333333335
E00186490,185,33,13,20,152,131,21,17.83783783783784,7.027027027027027,10.81081081081081,82.16216216216216,70.8108108108108,11.351351351351353
E00186495,225,39,20,19,186,169,17,17.333333333333336,8.88888888888889,8.444444444444445,82.66666666666667,75.1111111111111,7.555555555555555
E00186496,151,54,10,44,97,89,8,35.76158940397351,6.622516556291391,29.13907284768212,64.23841059602648,58.94039735099338,5.298013245033113
