OA,ts0380001,ts0380002,ts0380003,ts0380004,ts0380005,ts0380006,ts0380007,ts0380002_PCT,ts0380003_PCT,ts0380004_PCT,ts0380005_PCT,ts0380006_PCT,ts0380007_PCT
E00113241,352,59,27,32,293,31,262,16.761363636363637,7.670454545454546,9.090909090909092,83.23863636363636,8.806818181818182,74.43181818181817
E00113242,396,50,10,40,346,46,300,12.626262626262626,2.525252525252525,10.1010101010101,87.37373737373737,11.616161616161616,75.75757575757575
E00113243,266,52,25,27,214,19,195,19.548872180451127,9.398496240601503,10.150375939849624,80.45112781954887,7.142857142857142,73.30827067669173
E00113245,304,45,19,26,259,29,230,14.802631578947366,6.25,8.552631578947368,85.19736842105263,9.539473684210527,75.6578947368421
E00113246,320,45,20,25,275,20,255,14.0625,6.25,7.8125,85.9375,6.25,79.6875
E00113247,240,22,6,16,218,20,198,9.166666666666666,2.5,6.666666666666667,90.83333333333333,8.333333333333332,82.5
E00113248,268,36,12,24,232,17,215,13.432835820895523,4.477611940298507,8.955223880597014,86.56716417910447,6.343283582089552,80.22388059701493
E00113249,329,73,32,41,256,26,230,22.188449848024316,9.72644376899696,12.462006079027356,77.81155015197568,7.90273556231003,69.90881458966565
E00113250,343,46,10,36,297,22,275,13.411078717201166,2.9154518950437316,10.495626822157435,86.58892128279884,6.41399416909621,80.17492711370262
E00113251,281,38,4,34,243,26,217,13.523131672597867,1.4234875444839856,12.099644128113878,86.47686832740213,9.252669039145907,77.22419928825623
E00113252,259,57,28,29,202,21,181,22.00772200772201,10.81081081081081,11.196911196911197,77.99227799227799,8.108108108108109,69.88416988416989
E00113253,255,43,15,28,212,24,188,16.862745098039216,5.88235294117647,10.980392156862745,83.13725490196079,9.411764705882353,73.72549019607844
E00113254,201,26,9,17,175,12,163,12.935323383084576,4.477611940298507,8.45771144278607,87.06467661691542,5.970149253731343,81.09452736318407
E00113255,215,47,24,23,168,25,143,21.86046511627907,11.162790697674419,10.69767441860465,78.13953488372093,11.627906976744185,66.51162790697674
E00113256,241,27,3,24,214,21,193,11.20331950207469,1.2448132780082988,9.95850622406639,88.79668049792531,8.71369294605809,80.08298755186722
E00113257,277,42,18,24,235,18,217,15.162454873646208,6.4981949458483745,8.664259927797833,84.83754512635379,6.4981949458483745,78.33935018050542
E00113258,337,64,23,41,273,26,247,18.991097922848667,6.824925816023739,12.166172106824925,81.00890207715133,7.71513353115727,73.29376854599407
E00113259,373,47,18,29,326,25,301,12.600536193029491,4.825737265415549,7.774798927613941,87.39946380697052,6.702412868632708,80.6970509383378
E00113260,382,46,14,32,336,31,305,12.041884816753926,3.664921465968586,8.37696335078534,87.95811518324608,8.115183246073299,79.84293193717278
E00113261,320,53,16,37,267,36,231,16.5625,5,11.5625,83.4375,11.25,72.1875
E00113262,278,38,17,21,240,25,215,13.66906474820144,6.115107913669065,7.553956834532374,86.33093525179856,8.992805755395683,77.33812949640287
E00113263,294,39,11,28,255,32,223,13.26530612244898,3.741496598639456,9.523809523809524,86.73469387755102,10.884353741496598,75.85034013605441
E00113264,249,45,20,25,204,14,190,18.072289156626507,8.032128514056225,10.040160642570282,81.92771084337349,5.622489959839357,76.30522088353415
E00113265,346,44,12,32,302,43,259,12.716763005780345,3.4682080924855487,9.248554913294797,87.28323699421965,12.427745664739884,74.85549132947978
E00113266,286,36,8,28,250,20,230,12.587412587412588,2.797202797202797,9.79020979020979,87.41258741258741,6.993006993006993,80.41958041958041
E00113267,326,39,12,27,287,29,258,11.96319018404908,3.6809815950920246,8.282208588957054,88.03680981595092,8.895705521472392,79.14110429447852
E00113268,362,42,14,28,320,24,296,11.602209944751381,3.867403314917127,7.734806629834254,88.39779005524862,6.629834254143646,81.76795580110497
E00113269,229,40,13,27,189,17,172,17.46724890829694,5.676855895196507,11.790393013100436,82.53275109170306,7.423580786026202,75.10917030567686
E00113270,320,53,15,38,267,14,253,16.5625,4.6875,11.875,83.4375,4.375,79.0625
E00113272,294,66,38,28,228,21,207,22.448979591836736,12.925170068027212,9.523809523809524,77.55102040816327,7.142857142857142,70.40816326530613
E00113273,229,54,21,33,175,23,152,23.580786026200872,9.170305676855897,14.41048034934498,76.41921397379913,10.043668122270741,66.37554585152839
E00113274,334,59,25,34,275,20,255,17.664670658682635,7.48502994011976,10.179640718562874,82.33532934131736,5.9880239520958085,76.34730538922156
E00113275,540,115,41,74,425,33,392,21.296296296296298,7.592592592592593,13.703703703703704,78.70370370370371,6.111111111111111,72.5925925925926
E00113276,435,65,25,40,370,39,331,14.942528735632186,5.747126436781609,9.195402298850574,85.0574712643678,8.96551724137931,76.0919540229885
E00113277,349,51,15,36,298,32,266,14.613180515759314,4.297994269340974,10.315186246418339,85.38681948424069,9.169054441260744,76.21776504297995
E00113278,362,58,22,36,304,28,276,16.022099447513813,6.077348066298343,9.94475138121547,83.97790055248619,7.734806629834254,76.24309392265194
E00113279,369,61,24,37,308,22,286,16.53116531165312,6.504065040650407,10.02710027100271,83.46883468834689,5.9620596205962055,77.50677506775068
E00113280,297,33,8,25,264,30,234,11.11111111111111,2.6936026936026933,8.417508417508419,88.88888888888889,10.1010101010101,78.78787878787878
E00113282,320,64,16,48,256,27,229,20,5,15,80,8.4375,71.5625
E00113283,295,40,14,26,255,28,227,13.559322033898304,4.745762711864407,8.813559322033898,86.4406779661017,9.491525423728813,76.94915254237287
E00113284,282,64,23,41,218,28,190,22.69503546099291,8.156028368794328,14.539007092198581,77.30496453900709,9.929078014184398,67.37588652482269
E00113285,272,37,17,20,235,19,216,13.602941176470587,6.25,7.352941176470589,86.39705882352942,6.985294117647059,79.41176470588235
E00113286,387,77,41,36,310,28,282,19.896640826873384,10.594315245478036,9.30232558139535,80.10335917312662,7.235142118863049,72.86821705426357
E00113287,323,53,14,39,270,27,243,16.408668730650156,4.3343653250774,12.074303405572756,83.59133126934985,8.359133126934983,75.23219814241486
E00113288,367,76,39,37,291,11,280,20.708446866485016,10.626702997275205,10.08174386920981,79.291553133515,2.997275204359673,76.29427792915531
E00113289,268,55,19,36,213,18,195,20.522388059701495,7.08955223880597,13.432835820895523,79.47761194029852,6.7164179104477615,72.76119402985076
E00113290,316,33,8,25,283,30,253,10.443037974683545,2.5316455696202533,7.9113924050632916,89.55696202531645,9.49367088607595,80.0632911392405
E00113291,267,75,39,36,192,27,165,28.08988764044944,14.606741573033707,13.48314606741573,71.91011235955057,10.112359550561797,61.79775280898876
E00113292,356,75,38,37,281,20,261,21.06741573033708,10.674157303370785,10.393258426966293,78.93258426966293,5.617977528089887,73.31460674157303
E00113293,367,58,21,37,309,35,274,15.803814713896458,5.722070844686648,10.08174386920981,84.19618528610354,9.536784741144414,74.65940054495913
E00113294,346,56,21,35,290,31,259,16.184971098265898,6.069364161849711,10.115606936416185,83.8150289017341,8.959537572254336,74.85549132947978
E00113295,346,67,26,41,279,19,260,19.36416184971098,7.514450867052023,11.849710982658959,80.63583815028902,5.491329479768786,75.14450867052022
E00113296,340,68,30,38,272,27,245,20,8.823529411764707,11.176470588235295,80,7.941176470588235,72.05882352941177
E00113297,294,37,15,22,257,24,233,12.585034013605442,5.1020408163265305,7.482993197278912,87.41496598639455,8.16326530612245,79.25170068027211
E00113298,358,50,21,29,308,10,298,13.966480446927374,5.865921787709497,8.100558659217876,86.03351955307262,2.793296089385475,83.24022346368714
E00113299,406,66,33,33,340,16,324,16.25615763546798,8.12807881773399,8.12807881773399,83.74384236453201,3.9408866995073892,79.80295566502463
E00113300,294,48,15,33,246,15,231,16.3265306122449,5.1020408163265305,11.224489795918368,83.6734693877551,5.1020408163265305,78.57142857142857
E00113302,355,50,20,30,305,15,290,14.084507042253522,5.633802816901409,8.450704225352112,85.91549295774648,4.225352112676056,81.69014084507043
E00113303,381,68,27,41,313,12,301,17.84776902887139,7.086614173228346,10.761154855643044,82.1522309711286,3.149606299212598,79.00262467191601
E00113304,239,43,15,28,196,8,188,17.99163179916318,6.2761506276150625,11.715481171548117,82.00836820083683,3.3472803347280333,78.66108786610879
E00113305,299,67,32,35,232,20,212,22.40802675585284,10.702341137123746,11.705685618729097,77.59197324414716,6.688963210702341,70.903010033444815
E00113306,365,58,21,37,307,21,286,15.890410958904111,5.7534246575342465,10.136986301369863,84.10958904109589,5.7534246575342465,78.35616438356165
E00113307,263,45,22,23,218,7,211,17.110266159695815,8.365019011406844,8.745247148288973,82.88973384030417,2.6615969581749046,80.22813688212928
E00113308,334,38,11,27,296,18,278,11.377245508982035,3.293413173652695,8.08383233532934,88.62275449101796,5.389221556886228,83.23353293413174
E00113309,345,52,24,28,293,10,283,15.072463768115943,6.956521739130435,8.115942028985506,84.92753623188406,2.898550724637681,82.02898550724638
E00113310,350,46,25,21,304,10,294,13.142857142857142,7.142857142857142,6,86.85714285714286,2.857142857142857,84
E00113311,409,91,57,34,318,23,295,22.249388753056234,13.93643031784841,8.312958435207824,77.75061124694376,5.623471882640587,72.12713936430319
E00113312,350,60,24,36,290,24,266,17.142857142857142,6.857142857142858,10.285714285714285,82.85714285714286,6.857142857142858,76
E00113313,520,95,51,44,425,30,395,18.269230769230766,9.807692307692308,8.461538461538462,81.73076923076923,5.769230769230769,75.96153846153845
E00113314,301,57,26,31,244,12,232,18.93687707641196,8.637873754152823,10.299003322259136,81.06312292358804,3.9867109634551494,77.0764119601329
E00113315,247,31,7,24,216,15,201,12.550607287449392,2.834008097165992,9.7165991902834,87.4493927125506,6.0728744939271255,81.37651821862349
E00113316,348,52,21,31,296,16,280,14.942528735632186,6.0344827586206895,8.908045977011495,85.0574712643678,4.597701149425287,80.45977011494253
E00113317,269,48,24,24,221,14,207,17.843866171003718,8.921933085501859,8.921933085501859,82.15613382899627,5.204460966542751,76.95167286245353
E00113318,298,59,25,34,239,22,217,19.798657718120804,8.389261744966444,11.409395973154362,80.20134228187919,7.38255033557047,72.81879194630872
E00113319,328,69,32,37,259,13,246,21.036585365853657,9.75609756097561,11.28048780487805,78.96341463414635,3.9634146341463414,75
E00113320,295,48,18,30,247,23,224,16.271186440677965,6.101694915254238,10.16949152542373,83.72881355932203,7.796610169491526,75.9322033898305
E00113321,322,41,25,16,281,15,266,12.732919254658384,7.763975155279502,4.968944099378882,87.26708074534162,4.658385093167702,82.6086956521739
E00113322,353,38,19,19,315,21,294,10.764872521246458,5.382436260623229,5.382436260623229,89.23512747875354,5.94900849858357,83.28611898016997
E00113323,442,57,21,36,385,14,371,12.895927601809957,4.751131221719457,8.144796380090497,87.10407239819004,3.167420814479638,83.93665158371041
E00113324,233,74,41,33,159,12,147,31.759656652360512,17.59656652360515,14.163090128755366,68.24034334763948,5.150214592274678,63.0901287553648
E00113325,373,63,32,31,310,16,294,16.890080428954423,8.579088471849866,8.310991957104557,83.10991957104558,4.289544235924933,78.82037533512064
E00113326,359,63,25,38,296,16,280,17.548746518105848,6.963788300835655,10.584958217270195,82.45125348189416,4.456824512534819,77.99442896935933
E00113327,264,43,19,24,221,20,201,16.28787878787879,7.196969696969697,9.090909090909092,83.71212121212122,7.575757575757576,76.13636363636364
E00113328,385,64,29,35,321,20,301,16.623376623376622,7.532467532467532,9.090909090909092,83.37662337662337,5.194805194805195,78.18181818181819
E00113329,360,48,28,20,312,5,307,13.333333333333334,7.777777777777778,5.555555555555555,86.66666666666667,1.3888888888888888,85.27777777777777
E00113330,298,47,24,23,251,15,236,15.771812080536913,8.053691275167784,7.718120805369128,84.22818791946308,5.033557046979865,79.19463087248322
E00113331,475,90,46,44,385,18,367,18.947368421052634,9.68421052631579,9.263157894736842,81.05263157894737,3.7894736842105265,77.26315789473685
E00113332,336,45,17,28,291,30,261,13.392857142857142,5.059523809523809,8.333333333333332,86.60714285714286,8.928571428571429,77.67857142857143
E00113333,276,38,12,26,238,10,228,13.768115942028986,4.3478260869565215,9.420289855072465,86.23188405797102,3.6231884057971016,82.6086956521739
E00113334,240,47,17,30,193,13,180,19.583333333333332,7.083333333333333,12.5,80.41666666666667,5.416666666666667,75
E00113335,297,49,8,41,248,26,222,16.4983164983165,2.6936026936026933,13.804713804713806,83.5016835016835,8.754208754208754,74.74747474747475
E00113336,291,51,20,31,240,14,226,17.525773195876287,6.872852233676976,10.652920962199312,82.4742268041237,4.810996563573884,77.66323024054984
E00113337,344,44,17,27,300,27,273,12.790697674418606,4.941860465116279,7.848837209302325,87.20930232558139,7.848837209302325,79.36046511627907
E00113338,315,61,24,37,254,25,229,19.365079365079367,7.6190476190476195,11.746031746031745,80.63492063492063,7.936507936507936,72.6984126984127
E00113339,371,63,24,39,308,28,280,16.9811320754717,6.46900269541779,10.512129380053908,83.01886792452831,7.547169811320755,75.47169811320755
E00113340,372,46,13,33,326,30,296,12.365591397849462,3.494623655913978,8.870967741935484,87.63440860215054,8.064516129032258,79.56989247311827
E00113341,259,52,24,28,207,22,185,20.077220077220076,9.266409266409266,10.81081081081081,79.92277992277992,8.494208494208493,71.42857142857143
E00113342,328,63,26,37,265,24,241,19.20731707317073,7.926829268292683,11.28048780487805,80.79268292682927,7.317073170731707,73.47560975609755
E00113343,263,36,11,25,227,31,196,13.688212927756654,4.182509505703422,9.505703422053232,86.31178707224335,11.787072243346007,74.52471482889734
E00113344,469,66,22,44,403,23,380,14.072494669509595,4.690831556503198,9.381663113006397,85.9275053304904,4.904051172707889,81.02345415778251
E00113345,311,46,17,29,265,25,240,14.790996784565916,5.466237942122187,9.32475884244373,85.20900321543408,8.038585209003216,77.17041800643086
E00113346,467,77,27,50,390,36,354,16.488222698072803,5.781584582441114,10.706638115631693,83.5117773019272,7.708779443254818,75.80299785867237
E00113347,414,120,71,49,294,30,264,28.985507246376812,17.14975845410628,11.83574879227053,71.01449275362319,7.246376811594203,63.76811594202898
E00113348,282,51,22,29,231,25,206,18.085106382978726,7.801418439716312,10.28368794326241,81.91489361702128,8.865248226950355,73.04964539007092
E00113349,274,32,16,16,242,24,218,11.678832116788321,5.839416058394161,5.839416058394161,88.32116788321169,8.75912408759124,79.56204379562044
E00113350,224,51,18,33,173,19,154,22.767857142857142,8.035714285714286,14.732142857142858,77.23214285714286,8.482142857142858,68.75
E00113351,366,68,33,35,298,29,269,18.579234972677597,9.01639344262295,9.562841530054644,81.4207650273224,7.923497267759563,73.49726775956285
E00113352,140,50,22,28,90,12,78,35.714285714285715,15.714285714285714,20,64.28571428571429,8.571428571428571,55.714285714285715
E00113353,264,59,23,36,205,25,180,22.348484848484848,8.712121212121213,13.636363636363635,77.65151515151516,9.469696969696969,68.18181818181817
E00113354,254,56,30,26,198,20,178,22.04724409448819,11.811023622047244,10.236220472440944,77.95275590551181,7.874015748031496,70.07874015748031
E00113355,269,55,21,34,214,17,197,20.44609665427509,7.806691449814126,12.639405204460965,79.5539033457249,6.319702602230483,73.23420074349443
E00113356,327,56,18,38,271,26,245,17.12538226299694,5.5045871559633035,11.62079510703364,82.87461773700305,7.951070336391437,74.92354740061162
E00113357,211,51,19,32,160,22,138,24.170616113744074,9.004739336492891,15.165876777251185,75.82938388625593,10.42654028436019,65.40284360189574
E00113358,247,50,22,28,197,23,174,20.242914979757085,8.906882591093117,11.336032388663968,79.75708502024291,9.31174089068826,70.44534412955466
E00113359,251,46,18,28,205,22,183,18.326693227091635,7.171314741035857,11.155378486055776,81.67330677290838,8.764940239043826,72.90836653386454
E00113360,265,39,17,22,226,31,195,14.716981132075471,6.415094339622642,8.30188679245283,85.28301886792453,11.69811320754717,73.58490566037736
E00113361,270,48,16,32,222,17,205,17.77777777777778,5.9259259259259265,11.851851851851853,82.22222222222221,6.296296296296296,75.92592592592592
E00113362,264,41,12,29,223,24,199,15.530303030303031,4.545454545454546,10.984848484848484,84.46969696969697,9.090909090909092,75.37878787878788
E00113363,393,53,17,36,340,34,306,13.486005089058525,4.325699745547073,9.16030534351145,86.51399491094148,8.651399491094146,77.86259541984732
E00113364,339,74,33,41,265,19,246,21.828908554572273,9.734513274336283,12.094395280235988,78.17109144542773,5.604719764011799,72.56637168141593
E00113365,277,47,18,29,230,17,213,16.967509025270758,6.4981949458483745,10.469314079422382,83.03249097472924,6.137184115523466,76.89530685920577
E00113366,301,49,16,33,252,25,227,16.27906976744186,5.3156146179401995,10.96345514950166,83.72093023255815,8.305647840531561,75.41528239202658
E00113367,324,50,15,35,274,23,251,15.432098765432098,4.62962962962963,10.802469135802468,84.5679012345679,7.098765432098765,77.46913580246914
E00113368,368,57,18,39,311,25,286,15.489130434782608,4.891304347826087,10.597826086956522,84.51086956521739,6.7934782608695645,77.71739130434783
E00113369,328,62,35,27,266,29,237,18.902439024390244,10.670731707317072,8.231707317073171,81.09756097560977,8.841463414634147,72.2560975609756
E00113370,320,46,15,31,274,22,252,14.374999999999998,4.6875,9.6875,85.625,6.875000000000001,78.75
E00113371,300,34,10,24,266,26,240,11.333333333333332,3.3333333333333335,8,88.66666666666667,8.666666666666668,80
E00113372,286,41,15,26,245,23,222,14.335664335664337,5.244755244755245,9.090909090909092,85.66433566433567,8.041958041958042,77.62237762237763
E00113373,351,41,7,34,310,29,281,11.68091168091168,1.9943019943019942,9.686609686609685,88.31908831908832,8.262108262108262,80.05698005698005
E00113374,269,49,22,27,220,23,197,18.21561338289963,8.178438661710038,10.037174721189592,81.78438661710037,8.550185873605948,73.23420074349443
E00113375,283,54,24,30,229,31,198,19.081272084805654,8.480565371024735,10.60070671378092,80.91872791519434,10.954063604240282,69.96466431095406
E00113376,241,77,31,46,164,25,139,31.950207468879665,12.863070539419086,19.08713692946058,68.04979253112033,10.37344398340249,57.676348547717836
E00113377,253,51,17,34,202,22,180,20.158102766798418,6.719367588932807,13.438735177865613,79.84189723320159,8.695652173913043,71.14624505928853
E00113378,276,51,17,34,225,23,202,18.478260869565215,6.159420289855073,12.318840579710146,81.52173913043478,8.333333333333332,73.18840579710145
E00113379,259,54,28,26,205,14,191,20.84942084942085,10.81081081081081,10.038610038610038,79.15057915057915,5.405405405405405,73.74517374517374
E00113380,279,39,7,32,240,19,221,13.978494623655912,2.5089605734767026,11.469534050179211,86.02150537634408,6.810035842293908,79.21146953405018
E00113381,293,48,13,35,245,32,213,16.38225255972696,4.436860068259386,11.945392491467576,83.61774744027304,10.921501706484642,72.6962457337884
E00113382,301,35,9,26,266,27,239,11.627906976744185,2.990033222591362,8.637873754152823,88.37209302325581,8.970099667774086,79.40199335548172
E00113383,303,60,21,39,243,30,213,19.801980198019802,6.9306930693069315,12.871287128712872,80.19801980198021,9.900990099009901,70.29702970297029
E00113384,266,63,27,36,203,18,185,23.684210526315788,10.150375939849624,13.533834586466165,76.31578947368422,6.7669172932330826,69.54887218045113
E00113385,311,31,9,22,280,25,255,9.967845659163988,2.8938906752411575,7.07395498392283,90.03215434083602,8.038585209003216,81.9935691318328
E00113386,219,47,15,32,172,15,157,21.461187214611872,6.8493150684931505,14.61187214611872,78.53881278538812,6.8493150684931505,71.68949771689498
E00113387,201,37,13,24,164,19,145,18.407960199004975,6.467661691542288,11.940298507462686,81.59203980099502,9.45273631840796,72.13930348258707
E00113388,307,41,8,33,266,22,244,13.355048859934854,2.6058631921824107,10.749185667752444,86.64495114006515,7.166123778501629,79.47882736156352
E00113389,332,36,10,26,296,24,272,10.843373493975903,3.0120481927710845,7.83132530120482,89.1566265060241,7.228915662650602,81.92771084337349
E00113390,215,35,15,20,180,18,162,16.27906976744186,6.976744186046512,9.30232558139535,83.72093023255815,8.372093023255815,75.34883720930232
E00113391,273,36,12,24,237,30,207,13.186813186813188,4.395604395604396,8.791208791208792,86.81318681318682,10.989010989010989,75.82417582417582
E00113392,311,53,27,26,258,27,231,17.041800643086816,8.681672025723474,8.360128617363344,82.95819935691318,8.681672025723474,74.27652733118971
E00113393,313,61,29,32,252,20,232,19.488817891373802,9.26517571884984,10.223642172523961,80.5111821086262,6.3897763578274756,74.12140575079871
E00113394,260,52,20,32,208,27,181,20,7.6923076923076925,12.307692307692308,80,10.384615384615385,69.61538461538461
E00113395,266,56,22,34,210,23,187,21.052631578947366,8.270676691729323,12.781954887218044,78.94736842105263,8.646616541353383,70.30075187969925
E00113396,279,49,15,34,230,20,210,17.562724014336915,5.376344086021505,12.186379928315413,82.43727598566308,7.168458781362006,75.26881720430107
E00113397,295,41,13,28,254,25,229,13.898305084745763,4.406779661016949,9.491525423728813,86.10169491525423,8.47457627118644,77.62711864406779
E00113398,289,52,18,34,237,19,218,17.99307958477509,6.228373702422145,11.76470588235294,82.00692041522491,6.5743944636678195,75.4325259515571
E00113399,263,67,28,39,196,14,182,25.475285171102662,10.646387832699618,14.82889733840304,74.52471482889734,5.323193916349809,69.20152091254754
E00113400,368,67,33,34,301,25,276,18.206521739130434,8.967391304347826,9.239130434782608,81.79347826086956,6.7934782608695645,75
E00113401,317,44,9,35,273,25,248,13.880126182965299,2.8391167192429023,11.041009463722396,86.1198738170347,7.886435331230284,78.23343848580441
E00113402,335,49,23,26,286,26,260,14.626865671641792,6.865671641791045,7.761194029850746,85.37313432835822,7.761194029850746,77.61194029850746
E00113403,267,50,17,33,217,16,201,18.726591760299627,6.367041198501873,12.359550561797752,81.27340823970037,5.992509363295881,75.28089887640449
E00113404,360,48,7,41,312,31,281,13.333333333333334,1.9444444444444444,11.38888888888889,86.66666666666667,8.61111111111111,78.05555555555556
E00113405,181,47,24,23,134,10,124,25.96685082872928,13.259668508287293,12.70718232044199,74.03314917127072,5.524861878453039,68.50828729281768
E00113407,162,51,23,28,111,24,87,31.48148148148148,14.19753086419753,17.28395061728395,68.51851851851852,14.814814814814813,53.70370370370371
E00113408,194,51,27,24,143,15,128,26.288659793814436,13.917525773195877,12.371134020618557,73.71134020618557,7.731958762886598,65.97938144329896
E00113409,402,100,36,64,302,36,266,24.875621890547265,8.955223880597014,15.92039800995025,75.12437810945273,8.955223880597014,66.16915422885572
E00113410,351,102,53,49,249,20,229,29.059829059829063,15.0997150997151,13.96011396011396,70.94017094017094,5.698005698005698,65.24216524216524
E00113412,347,111,81,30,236,31,205,31.988472622478387,23.34293948126801,8.645533141210375,68.01152737752162,8.93371757925072,59.0778097982709
E00113413,321,46,14,32,275,25,250,14.330218068535824,4.361370716510903,9.968847352024921,85.66978193146417,7.78816199376947,77.88161993769471
E00113414,288,41,21,20,247,16,231,14.23611111111111,7.291666666666667,6.944444444444445,85.76388888888889,5.555555555555555,80.20833333333334
E00113415,283,64,25,39,219,20,199,22.614840989399294,8.8339222614841,13.780918727915195,77.3851590106007,7.06713780918728,70.31802120141343
E00113416,315,44,16,28,271,31,240,13.968253968253968,5.079365079365079,8.88888888888889,86.03174603174604,9.841269841269842,76.19047619047619
E00113417,240,34,11,23,206,27,179,14.166666666666666,4.583333333333333,9.583333333333334,85.83333333333333,11.25,74.58333333333333
E00113418,291,86,28,58,205,16,189,29.553264604810998,9.621993127147768,19.93127147766323,70.44673539518901,5.498281786941581,64.94845360824742
E00113419,259,51,15,36,208,22,186,19.69111969111969,5.7915057915057915,13.8996138996139,80.3088803088803,8.494208494208493,71.81467181467181
E00113420,294,56,20,36,238,31,207,19.047619047619047,6.802721088435375,12.244897959183673,80.95238095238095,10.54421768707483,70.40816326530613
E00113421,370,122,72,50,248,26,222,32.972972972972975,19.45945945945946,13.513513513513514,67.02702702702703,7.027027027027027,60
E00113422,252,43,19,24,209,14,195,17.063492063492063,7.5396825396825395,9.523809523809524,82.93650793650794,5.555555555555555,77.38095238095238
E00113423,339,104,55,49,235,23,212,30.678466076696164,16.224188790560472,14.454277286135694,69.32153392330383,6.784660766961652,62.53687315634219
E00113424,478,68,19,49,410,39,371,14.225941422594143,3.9748953974895396,10.251046025104603,85.77405857740585,8.158995815899582,77.61506276150628
E00113425,343,51,17,34,292,26,266,14.868804664723031,4.956268221574344,9.912536443148689,85.13119533527697,7.580174927113703,77.55102040816327
E00113426,264,40,15,25,224,22,202,15.151515151515152,5.681818181818182,9.469696969696969,84.84848484848484,8.333333333333332,76.51515151515152
E00113427,281,45,20,25,236,29,207,16.014234875444842,7.11743772241993,8.896797153024911,83.98576512455516,10.320284697508896,73.66548042704626
E00113428,272,58,24,34,214,17,197,21.323529411764707,8.823529411764707,12.5,78.67647058823529,6.25,72.42647058823529
E00113429,317,34,12,22,283,29,254,10.725552050473187,3.7854889589905363,6.940063091482649,89.27444794952682,9.14826498422713,80.12618296529969
E00113430,401,60,25,35,341,32,309,14.962593516209477,6.234413965087282,8.728179551122196,85.03740648379052,7.98004987531172,77.0573566084788
E00113431,423,68,19,49,355,48,307,16.07565011820331,4.491725768321513,11.583924349881796,83.92434988179669,11.347517730496454,72.57683215130024
E00113432,248,58,20,38,190,20,170,23.387096774193548,8.064516129032258,15.32258064516129,76.61290322580645,8.064516129032258,68.54838709677419
E00113433,322,35,4,31,287,24,263,10.869565217391305,1.2422360248447204,9.627329192546584,89.13043478260869,7.453416149068323,81.67701863354037
E00113434,354,44,10,34,310,26,284,12.429378531073446,2.824858757062147,9.6045197740113,87.57062146892656,7.344632768361582,80.22598870056498
E00113435,281,50,19,31,231,20,211,17.793594306049823,6.761565836298933,11.032028469750891,82.20640569395017,7.11743772241993,75.08896797153025
E00113436,322,44,17,27,278,29,249,13.664596273291925,5.279503105590062,8.385093167701864,86.33540372670807,9.006211180124224,77.32919254658384
E00113437,307,33,10,23,274,27,247,10.749185667752444,3.257328990228013,7.491856677524431,89.25081433224756,8.794788273615636,80.45602605863192
E00113438,297,47,16,31,250,30,220,15.824915824915825,5.387205387205387,10.437710437710438,84.17508417508418,10.1010101010101,74.07407407407408
E00113439,309,30,10,20,279,31,248,9.70873786407767,3.2362459546925564,6.472491909385113,90.29126213592234,10.032362459546926,80.2588996763754
E00113440,336,65,29,36,271,33,238,19.345238095238095,8.630952380952381,10.714285714285714,80.65476190476191,9.821428571428571,70.83333333333334
E00113441,405,68,18,50,337,41,296,16.790123456790123,4.444444444444445,12.345679012345679,83.20987654320989,10.123456790123457,73.08641975308642
E00113442,320,42,11,31,278,16,262,13.125,3.4375000000000004,9.6875,86.875,5,81.875
E00113443,265,45,19,26,220,20,200,16.9811320754717,7.169811320754717,9.811320754716983,83.01886792452831,7.547169811320755,75.47169811320755
E00113444,308,47,21,26,261,24,237,15.259740259740258,6.8181818181818175,8.441558441558442,84.74025974025975,7.792207792207792,76.94805194805194
E00113445,265,50,25,25,215,27,188,18.867924528301888,9.433962264150944,9.433962264150944,81.13207547169812,10.18867924528302,70.94339622641509
E00113446,325,54,24,30,271,24,247,16.615384615384617,7.384615384615385,9.230769230769232,83.38461538461537,7.384615384615385,76
E00113447,310,40,15,25,270,40,230,12.903225806451612,4.838709677419355,8.064516129032258,87.09677419354838,12.903225806451612,74.19354838709677
E00113448,288,45,15,30,243,24,219,15.625,5.208333333333334,10.416666666666668,84.375,8.333333333333332,76.04166666666666
E00113449,222,29,10,19,193,16,177,13.063063063063062,4.504504504504505,8.558558558558559,86.93693693693693,7.207207207207207,79.72972972972973
E00113450,301,58,22,36,243,24,219,19.269102990033225,7.308970099667775,11.960132890365449,80.73089700996677,7.973421926910299,72.75747508305648
E00113451,278,49,16,33,229,14,215,17.62589928057554,5.755395683453238,11.870503597122301,82.37410071942446,5.0359712230215825,77.33812949640287
E00113452,319,49,17,32,270,18,252,15.360501567398119,5.329153605015674,10.031347962382444,84.63949843260188,5.6426332288401255,78.99686520376176
E00113453,377,36,11,25,341,43,298,9.549071618037134,2.9177718832891246,6.631299734748011,90.45092838196287,11.405835543766578,79.04509283819628
E00113454,400,77,36,41,323,27,296,19.25,9,10.25,80.75,6.75,74
E00113455,267,69,38,31,198,12,186,25.842696629213485,14.232209737827715,11.610486891385769,74.15730337078652,4.49438202247191,69.66292134831461
E00113456,518,128,80,48,390,39,351,24.71042471042471,15.444015444015443,9.266409266409266,75.2895752895753,7.5289575289575295,67.76061776061776
E00113457,338,59,23,36,279,16,263,17.45562130177515,6.8047337278106506,10.650887573964498,82.54437869822485,4.733727810650888,77.81065088757396
E00113458,264,53,17,36,211,22,189,20.075757575757574,6.4393939393939394,13.636363636363635,79.92424242424242,8.333333333333332,71.5909090909091
E00113459,302,52,18,34,250,22,228,17.218543046357617,5.960264900662252,11.258278145695364,82.78145695364239,7.28476821192053,75.49668874172185
E00113460,253,40,16,24,213,15,198,15.810276679841898,6.324110671936759,9.486166007905137,84.18972332015811,5.928853754940711,78.26086956521739
E00113461,305,54,8,46,251,23,228,17.704918032786885,2.622950819672131,15.081967213114755,82.29508196721311,7.540983606557377,74.75409836065575
E00113462,291,60,23,37,231,22,209,20.618556701030926,7.903780068728522,12.714776632302405,79.38144329896907,7.560137457044673,71.8213058419244
E00113463,226,60,27,33,166,13,153,26.548672566371685,11.946902654867257,14.601769911504425,73.45132743362832,5.752212389380531,67.69911504424779
E00113464,280,43,15,28,237,18,219,15.357142857142858,5.357142857142857,10,84.64285714285714,6.428571428571428,78.21428571428571
E00113465,352,52,20,32,300,23,277,14.772727272727273,5.681818181818182,9.090909090909092,85.22727272727273,6.534090909090909,78.69318181818183
E00113466,441,97,39,58,344,27,317,21.99546485260771,8.843537414965986,13.151927437641723,78.00453514739229,6.122448979591836,71.88208616780045
E00113467,427,97,36,61,330,23,307,22.716627634660423,8.430913348946136,14.285714285714285,77.28337236533957,5.386416861826698,71.89695550351288
E00113468,214,90,41,49,124,10,114,42.05607476635514,19.158878504672895,22.897196261682243,57.943925233644855,4.672897196261682,53.271028037383175
E00113469,362,49,19,30,313,32,281,13.535911602209943,5.248618784530387,8.287292817679557,86.46408839779005,8.83977900552486,77.62430939226519
E00113470,289,50,18,32,239,23,216,17.301038062283737,6.228373702422145,11.072664359861593,82.69896193771626,7.958477508650519,74.74048442906575
E00113471,606,135,65,70,471,26,445,22.277227722772277,10.726072607260726,11.55115511551155,77.72277227722772,4.29042904290429,73.43234323432343
E00113472,341,82,47,35,259,17,242,24.04692082111437,13.78299120234604,10.263929618768328,75.95307917888563,4.9853372434017595,70.96774193548387
E00113473,341,76,34,42,265,18,247,22.28739002932551,9.970674486803519,12.316715542521994,77.71260997067448,5.278592375366569,72.43401759530792
E00113474,213,51,28,23,162,19,143,23.943661971830984,13.145539906103288,10.7981220657277,76.05633802816901,8.92018779342723,67.13615023474179
E00113475,238,36,10,26,202,15,187,15.126050420168067,4.201680672268908,10.92436974789916,84.87394957983193,6.302521008403361,78.57142857142857
E00113476,259,46,20,26,213,25,188,17.760617760617762,7.722007722007722,10.038610038610038,82.23938223938224,9.652509652509652,72.58687258687259
E00113477,339,55,23,32,284,21,263,16.224188790560472,6.784660766961652,9.43952802359882,83.77581120943954,6.1946902654867255,77.5811209439528
E00113478,252,80,45,35,172,17,155,31.746031746031743,17.857142857142858,13.88888888888889,68.25396825396825,6.746031746031746,61.50793650793651
E00113479,278,38,14,24,240,27,213,13.66906474820144,5.0359712230215825,8.633093525179856,86.33093525179856,9.712230215827338,76.61870503597122
E00113480,213,78,35,43,135,17,118,36.61971830985916,16.431924882629108,20.187793427230048,63.38028169014085,7.981220657276995,55.39906103286385
E00113481,299,77,36,41,222,15,207,25.75250836120401,12.040133779264215,13.712374581939798,74.24749163879598,5.016722408026756,69.23076923076923
E00113482,294,63,29,34,231,30,201,21.428571428571427,9.863945578231291,11.564625850340136,78.57142857142857,10.204081632653061,68.36734693877551
E00113483,345,70,36,34,275,22,253,20.28985507246377,10.434782608695652,9.855072463768117,79.71014492753623,6.3768115942028984,73.33333333333333
E00113484,292,56,24,32,236,27,209,19.17808219178082,8.21917808219178,10.95890410958904,80.82191780821918,9.246575342465754,71.57534246575342
E00113485,368,50,17,33,318,22,296,13.586956521739129,4.619565217391304,8.967391304347826,86.41304347826086,5.978260869565218,80.43478260869566
E00113486,241,69,43,26,172,8,164,28.63070539419087,17.842323651452283,10.78838174273859,71.36929460580913,3.319502074688797,68.04979253112033
E00113487,305,70,26,44,235,19,216,22.950819672131146,8.524590163934425,14.426229508196723,77.04918032786885,6.229508196721312,70.81967213114754
E00113488,261,73,35,38,188,15,173,27.969348659003828,13.409961685823754,14.559386973180077,72.03065134099617,5.747126436781609,66.28352490421456
E00113489,275,50,12,38,225,21,204,18.181818181818183,4.363636363636364,13.818181818181818,81.81818181818183,7.636363636363637,74.18181818181819
E00113490,390,68,28,40,322,21,301,17.435897435897434,7.179487179487179,10.256410256410255,82.564102564102555,5.384615384615385,77.17948717948718
E00113491,346,78,32,46,268,21,247,22.54335260115607,9.248554913294797,13.294797687861271,77.45664739884393,6.069364161849711,71.38728323699422
E00113492,288,48,23,25,240,15,225,16.666666666666664,7.986111111111111,8.680555555555555,83.33333333333334,5.208333333333334,78.125
E00113493,451,79,32,47,372,32,340,17.516629711751662,7.095343680709535,10.42128603104213,82.48337028824834,7.095343680709535,75.3880266075388
E00113494,307,39,17,22,268,26,242,12.703583061889251,5.537459283387622,7.166123778501629,87.29641693811075,8.469055374592834,78.82736156351791
E00113495,271,62,35,27,209,18,191,22.878228782287824,12.915129151291513,9.96309963099631,77.12177121771218,6.642066420664207,70.47970479704797
E00113496,332,55,20,35,277,23,254,16.566265060240966,6.024096385542169,10.542168674698797,83.43373493975903,6.927710843373494,76.50602409638554
E00113497,271,33,15,18,238,27,211,12.177121771217712,5.535055350553505,6.642066420664207,87.82287822878229,9.96309963099631,77.85977859778598
E00113498,352,55,20,35,297,29,268,15.625,5.681818181818182,9.943181818181818,84.375,8.238636363636363,76.13636363636364
E00113499,377,79,39,40,298,19,279,20.954907161803714,10.344827586206897,10.610079575596817,79.04509283819628,5.039787798408488,74.0053050397878
E00113500,284,33,13,20,251,24,227,11.619718309859154,4.577464788732395,7.042253521126761,88.38028169014085,8.450704225352112,79.92957746478874
E00113501,392,68,36,32,324,31,293,17.346938775510203,9.183673469387756,8.16326530612245,82.6530612244898,7.908163265306123,74.74489795918367
E00113502,337,40,15,25,297,25,272,11.869436201780417,4.451038575667656,7.418397626112759,88.13056379821958,7.418397626112759,80.71216617210682
E00113503,318,49,22,27,269,26,243,15.40880503144654,6.918238993710692,8.49056603773585,84.59119496855347,8.176100628930817,76.41509433962264
E00113504,377,55,22,33,322,19,303,14.588859416445624,5.835543766578249,8.753315649867375,85.41114058355438,5.039787798408488,80.37135278514589
E00113505,303,39,21,18,264,16,248,12.871287128712872,6.9306930693069315,5.9405940594059405,87.12871287128714,5.2805280528052805,81.84818481848185
E00113506,300,50,18,32,250,21,229,16.666666666666664,6,10.666666666666668,83.33333333333334,7.000000000000001,76.33333333333333
E00113507,245,44,12,32,201,20,181,17.959183673469386,4.8979591836734695,13.061224489795919,82.0408163265306,8.16326530612245,73.87755102040816
E00113508,351,80,30,50,271,32,239,22.79202279202279,8.547008547008547,14.245014245014245,77.20797720797721,9.116809116809117,68.09116809116809
E00113509,380,53,23,30,327,19,308,13.94736842105263,6.052631578947368,7.894736842105263,86.05263157894737,5,81.05263157894737
E00113510,325,40,15,25,285,28,257,12.307692307692308,4.615384615384616,7.6923076923076925,87.6923076923077,8.615384615384615,79.07692307692308
E00113511,321,64,24,40,257,29,228,19.937694704049843,7.476635514018691,12.461059190031152,80.06230529595015,9.034267912772584,71.02803738317756
E00113512,322,78,34,44,244,16,228,24.22360248447205,10.559006211180124,13.664596273291925,75.77639751552795,4.968944099378882,70.80745341614907
E00113513,341,53,24,29,288,24,264,15.542521994134898,7.038123167155426,8.504398826979472,84.4574780058651,7.038123167155426,77.41935483870968
E00113514,343,57,20,37,286,18,268,16.61807580174927,5.830903790087463,10.787172011661808,83.38192419825073,5.247813411078718,78.134110787172
E00113515,323,67,27,40,256,13,243,20.743034055727556,8.359133126934983,12.38390092879257,79.25696594427245,4.024767801857585,75.23219814241486
E00113516,334,62,22,40,272,24,248,18.562874251497004,6.58682634730539,11.976047904191617,81.437125748502993,7.18562874251497,74.25149700598801
E00113517,331,46,11,35,285,28,257,13.897280966767372,3.3232628398791544,10.574018126888216,86.10271903323263,8.459214501510575,77.64350453172206
E00113518,315,51,18,33,264,27,237,16.19047619047619,5.714285714285714,10.476190476190476,83.80952380952381,8.571428571428571,75.23809523809524
E00113519,326,76,37,39,250,30,220,23.31288343558282,11.349693251533742,11.96319018404908,76.68711656441718,9.202453987730062,67.48466257668711
E00113520,382,43,18,25,339,14,325,11.2565445026178,4.712041884816754,6.544502617801047,88.7434554973822,3.664921465968586,85.07853403141361
E00113521,322,90,48,42,232,20,212,27.95031055900621,14.906832298136646,13.043478260869565,72.04968944099379,6.211180124223603,65.83850931677019
E00113523,210,97,49,48,113,9,104,46.19047619047619,23.333333333333332,22.857142857142858,53.80952380952381,4.285714285714286,49.523809523809526
E00113524,347,78,43,35,269,24,245,22.478386167146976,12.39193083573487,10.086455331412104,77.52161383285303,6.9164265129683,70.60518731988472
E00113525,276,84,49,35,192,22,170,30.434782608695656,17.753623188405797,12.681159420289855,69.56521739130434,7.971014492753622,61.59420289855072
E00113526,325,82,45,37,243,20,223,25.23076923076923,13.846153846153847,11.384615384615385,74.76923076923076,6.153846153846154,68.61538461538461
E00113527,248,38,18,20,210,22,188,15.32258064516129,7.258064516129033,8.064516129032258,84.67741935483872,8.870967741935484,75.80645161290323
E00113528,386,67,23,44,319,38,281,17.357512953367877,5.958549222797927,11.398963730569948,82.64248704663213,9.844559585492227,72.7979274611399
E00113529,334,81,31,50,253,19,234,24.251497005988025,9.281437125748502,14.97005988023952,75.74850299401199,5.688622754491018,70.05988023952095
E00113530,279,74,36,38,205,18,187,26.523297491039425,12.903225806451612,13.620071684587815,73.47670250896059,6.451612903225806,67.02508960573476
E00113531,279,37,18,19,242,23,219,13.261648745519713,6.451612903225806,6.810035842293908,86.73835125448028,8.24372759856631,78.49462365591397
E00113534,356,65,23,42,291,22,269,18.258426966292134,6.460674157303371,11.797752808988763,81.74157303370787,6.179775280898876,75.56179775280899
E00113535,287,38,10,28,249,28,221,13.240418118466899,3.484320557491289,9.75609756097561,86.7595818815331,9.75609756097561,77.00348432055749
E00113536,224,68,32,36,156,18,138,30.357142857142854,14.285714285714285,16.071428571428573,69.64285714285714,8.035714285714286,61.60714285714286
E00113537,115,41,21,20,74,12,62,35.65217391304348,18.26086956521739,17.391304347826086,64.34782608695652,10.434782608695652,53.91304347826087
E00113538,250,35,8,27,215,26,189,14.000000000000002,3.2,10.8,86,10.4,75.6
E00113539,272,73,29,44,199,24,175,26.838235294117645,10.661764705882353,16.176470588235293,73.16176470588235,8.823529411764707,64.33823529411765
E00113540,257,36,16,20,221,23,198,14.007782101167315,6.22568093385214,7.782101167315175,85.99221789883269,8.949416342412452,77.04280155642024
E00113541,344,42,10,32,302,21,281,12.209302325581394,2.9069767441860463,9.30232558139535,87.79069767441861,6.104651162790697,81.68604651162791
E00113542,284,49,24,25,235,29,206,17.253521126760564,8.450704225352112,8.80281690140845,82.74647887323944,10.211267605633804,72.53521126760563
E00113543,243,53,28,25,190,21,169,21.810699588477366,11.522633744855968,10.2880658436214,78.18930041152264,8.641975308641975,69.54732510288066
E00113544,271,37,11,26,234,30,204,13.653136531365314,4.059040590405904,9.59409594095941,86.34686346863468,11.07011070110701,75.27675276752768
E00113545,259,31,9,22,228,16,212,11.96911196911197,3.474903474903475,8.494208494208493,88.03088803088804,6.177606177606178,81.85328185328186
E00113546,288,54,19,35,234,17,217,18.75,6.597222222222222,12.152777777777777,81.25,5.902777777777778,75.34722222222221
E00113547,237,38,12,26,199,11,188,16.033755274261605,5.063291139240507,10.970464135021098,83.96624472573839,4.641350210970464,79.32489451476793
E00113548,277,34,12,22,243,21,222,12.274368231046932,4.332129963898916,7.9422382671480145,87.72563176895306,7.581227436823104,80.14440433212997
E00113549,244,40,14,26,204,17,187,16.39344262295082,5.737704918032787,10.655737704918032,83.60655737704919,6.967213114754098,76.63934426229508
E00113550,472,62,23,39,410,32,378,13.135593220338984,4.872881355932203,8.26271186440678,86.86440677966102,6.779661016949152,80.08474576271186
E00113551,443,50,17,33,393,34,359,11.286681715575622,3.837471783295711,7.44920993227991,88.71331828442437,7.674943566591422,81.03837471783297
E00113552,277,40,8,32,237,18,219,14.440433212996389,2.888086642599278,11.552346570397113,85.5595667870036,6.4981949458483745,79.06137184115524
E00113553,398,47,10,37,351,38,313,11.809045226130653,2.512562814070352,9.296482412060302,88.19095477386935,9.547738693467336,78.64321608040201
E00113554,320,42,12,30,278,22,256,13.125,3.75,9.375,86.875,6.875000000000001,80
E00113555,306,33,11,22,273,30,243,10.784313725490197,3.594771241830065,7.18954248366013,89.2156862745098,9.803921568627452,79.41176470588235
E00113556,428,34,12,22,394,34,360,7.943925233644859,2.803738317757009,5.14018691588785,92.05607476635514,7.943925233644859,84.11214953271028
E00113557,293,39,12,27,254,32,222,13.310580204778159,4.09556313993174,9.215017064846416,86.68941979522185,10.921501706484642,75.76791808873719
E00113558,410,70,22,48,340,32,308,17.073170731707318,5.365853658536586,11.707317073170733,82.92682926829268,7.804878048780488,75.1219512195122
E00113560,341,44,19,25,297,28,269,12.903225806451612,5.571847507331378,7.331378299120235,87.09677419354838,8.211143695014663,78.88563049853371
E00113561,262,33,6,27,229,20,209,12.595419847328243,2.2900763358778624,10.305343511450381,87.40458015267176,7.633587786259542,79.77099236641222
E00113562,305,31,12,19,274,32,242,10.163934426229508,3.934426229508197,6.229508196721312,89.8360655737705,10.491803278688524,79.34426229508198
E00113563,304,60,28,32,244,26,218,19.736842105263158,9.210526315789473,10.526315789473683,80.26315789473685,8.552631578947368,71.71052631578947
E00113564,243,42,16,26,201,18,183,17.28395061728395,6.584362139917696,10.699588477366255,82.71604938271605,7.4074074074074066,75.30864197530865
E00113565,326,94,62,32,232,24,208,28.834355828220858,19.018404907975462,9.815950920245399,71.16564417177914,7.361963190184049,63.80368098159509
E00113566,251,27,7,20,224,19,205,10.756972111553784,2.788844621513944,7.968127490039841,89.2430278884462,7.569721115537849,81.67330677290838
E00113567,306,32,8,24,274,34,240,10.457516339869281,2.6143790849673203,7.8431372549019605,89.54248366013073,11.11111111111111,78.43137254901961
E00113568,208,33,8,25,175,20,155,15.865384615384615,3.8461538461538463,12.01923076923077,84.13461538461539,9.615384615384617,74.51923076923077
E00113569,229,35,8,27,194,16,178,15.283842794759824,3.4934497816593884,11.790393013100436,84.71615720524017,6.986899563318777,77.72925764192141
E00113570,278,41,9,32,237,22,215,14.748201438848922,3.237410071942446,11.510791366906476,85.25179856115108,7.913669064748201,77.33812949640287
E00113571,233,85,47,38,148,21,127,36.48068669527897,20.171673819742487,16.30901287553648,63.519313304721024,9.012875536480687,54.506437768240346
E00113572,318,63,23,40,255,26,229,19.81132075471698,7.232704402515723,12.578616352201259,80.18867924528303,8.176100628930817,72.0125786163522
E00113573,445,56,14,42,389,30,359,12.584269662921349,3.146067415730337,9.438202247191011,87.41573033707866,6.741573033707865,80.67415730337079
E00113574,409,121,67,54,288,27,261,29.584352078239608,16.381418092909534,13.202933985330073,70.4156479217604,6.601466992665037,63.81418092909536
E00113575,364,81,42,39,283,19,264,22.252747252747252,11.538461538461538,10.714285714285714,77.74725274725274,5.21978021978022,72.52747252747253
E00113576,315,55,16,39,260,26,234,17.46031746031746,5.079365079365079,12.380952380952381,82.53968253968253,8.253968253968253,74.28571428571429
E00113577,399,82,37,45,317,30,287,20.551378446115287,9.273182957393484,11.278195488721805,79.4486215538847,7.518796992481203,71.9298245614035
E00113578,284,43,17,26,241,21,220,15.140845070422534,5.985915492957746,9.15492957746479,84.85915492957746,7.394366197183098,77.46478873239437
E00113579,330,51,13,38,279,34,245,15.454545454545453,3.939393939393939,11.515151515151516,84.54545454545455,10.303030303030303,74.24242424242425
E00113580,306,34,11,23,272,18,254,11.11111111111111,3.594771241830065,7.516339869281046,88.88888888888889,5.88235294117647,83.00653594771242
E00113581,300,61,27,34,239,18,221,20.333333333333332,9,11.333333333333332,79.66666666666666,6,73.66666666666667
E00113582,327,74,33,41,253,28,225,22.629969418960243,10.091743119266056,12.538226299694188,77.37003058103976,8.56269113149847,68.80733944954129
E00113583,329,67,34,33,262,27,235,20.364741641337385,10.33434650455927,10.030395136778116,79.63525835866263,8.206686930091186,71.42857142857143
E00113584,264,66,22,44,198,16,182,25,8.333333333333332,16.666666666666664,75,6.0606060606060606,68.93939393939394
E00113585,260,74,41,33,186,15,171,28.46153846153846,15.769230769230768,12.692307692307692,71.53846153846153,5.769230769230769,65.76923076923077
E00113586,288,71,35,36,217,24,193,24.65277777777778,12.152777777777777,12.5,75.34722222222221,8.333333333333332,67.01388888888889
E00113587,256,77,28,49,179,26,153,30.078125,10.9375,19.140625,69.921875,10.15625,59.765625
E00113588,300,68,34,34,232,14,218,22.666666666666664,11.333333333333332,11.333333333333332,77.33333333333333,4.666666666666667,72.66666666666667
E00113589,441,105,50,55,336,29,307,23.809523809523807,11.337868480725625,12.471655328798185,76.19047619047619,6.575963718820861,69.61451247165533
E00113590,285,54,18,36,231,25,206,18.947368421052634,6.315789473684211,12.631578947368421,81.05263157894737,8.771929824561402,72.28070175438597
E00113593,286,71,21,50,215,19,196,24.825174825174827,7.3426573426573425,17.482517482517483,75.17482517482517,6.643356643356643,68.53146853146853
E00113594,221,80,37,43,141,15,126,36.199095022624434,16.7420814479638,19.457013574660635,63.80090497737556,6.787330316742081,57.01357466063348
E00113595,181,62,32,30,119,17,102,34.25414364640884,17.67955801104972,16.574585635359114,65.74585635359117,9.392265193370166,56.353591160220994
E00113596,147,58,34,24,89,16,73,39.455782312925166,23.12925170068027,16.3265306122449,60.544217687074834,10.884353741496598,49.65986394557823
E00113598,360,78,27,51,282,21,261,21.666666666666668,7.5,14.166666666666666,78.33333333333333,5.833333333333333,72.5
E00113601,454,84,32,52,370,19,351,18.502202643171806,7.048458149779736,11.45374449339207,81.4977973568282,4.185022026431718,77.31277533039648
E00113603,212,63,21,42,149,13,136,29.71698113207547,9.90566037735849,19.81132075471698,70.28301886792453,6.132075471698113,64.15094339622641
E00113604,105,36,16,20,69,4,65,34.285714285714285,15.238095238095239,19.047619047619047,65.71428571428571,3.8095238095238098,61.904761904761905
E00113605,436,104,33,71,332,35,297,23.853211009174313,7.568807339449542,16.28440366972477,76.14678899082568,8.027522935779817,68.11926605504587
E00168941,281,39,19,20,242,22,220,13.87900355871886,6.761565836298933,7.11743772241993,86.12099644128114,7.829181494661921,78.29181494661923
E00168942,205,31,13,18,174,15,159,15.121951219512194,6.341463414634147,8.780487804878048,84.8780487804878,7.317073170731707,77.5609756097561
E00168943,576,95,35,60,481,49,432,16.493055555555554,6.076388888888888,10.416666666666668,83.50694444444444,8.506944444444445,75
E00168944,126,21,9,12,105,11,94,16.666666666666664,7.142857142857142,9.523809523809524,83.33333333333334,8.73015873015873,74.60317460317461
E00168945,308,118,76,42,190,17,173,38.311688311688314,24.675324675324674,13.636363636363635,61.68831168831169,5.51948051948052,56.16883116883117
E00168946,331,55,26,29,276,23,253,16.61631419939577,7.854984894259818,8.761329305135952,83.38368580060424,6.948640483383686,76.43504531722054
E00168947,288,30,10,20,258,21,237,10.416666666666668,3.4722222222222223,6.944444444444445,89.58333333333334,7.291666666666667,82.29166666666666
E00168949,268,38,8,30,230,18,212,14.17910447761194,2.9850746268656714,11.194029850746269,85.82089552238806,6.7164179104477615,79.1044776119403
E00168950,222,50,11,39,172,16,156,22.52252252252252,4.954954954954955,17.56756756756757,77.47747747747748,7.207207207207207,70.27027027027027
E00168951,265,53,30,23,212,32,180,20,11.320754716981133,8.679245283018867,80,12.075471698113208,67.9245283018868
E00168952,333,49,21,28,284,28,256,14.714714714714713,6.306306306306306,8.408408408408409,85.28528528528528,8.408408408408409,76.87687687687688
E00168953,330,49,21,28,281,26,255,14.84848484848485,6.363636363636363,8.484848484848486,85.15151515151516,7.878787878787878,77.27272727272727
E00168954,330,40,16,24,290,25,265,12.121212121212121,4.848484848484849,7.2727272727272725,87.87878787878788,7.575757575757576,80.3030303030303
E00168955,290,51,13,38,239,17,222,17.586206896551722,4.482758620689655,13.10344827586207,82.41379310344827,5.862068965517241,76.55172413793103
E00168956,259,44,11,33,215,21,194,16.988416988416986,4.247104247104247,12.741312741312742,83.01158301158301,8.108108108108109,74.9034749034749
E00168957,448,54,15,39,394,26,368,12.053571428571429,3.3482142857142856,8.705357142857142,87.94642857142857,5.803571428571429,82.14285714285714
E00168958,420,49,15,34,371,31,340,11.666666666666666,3.571428571428571,8.095238095238095,88.33333333333333,7.380952380952381,80.95238095238095
E00168959,292,55,35,20,237,13,224,18.835616438356166,11.986301369863012,6.8493150684931505,81.16438356164383,4.4520547945205475,76.71232876712328
E00168960,402,38,15,23,364,36,328,9.45273631840796,3.731343283582089,5.721393034825871,90.54726368159204,8.955223880597014,81.59203980099502
E00168961,346,49,21,28,297,33,264,14.16184971098266,6.069364161849711,8.092485549132949,85.83815028901735,9.53757225433526,76.30057803468208
E00168962,285,47,17,30,238,18,220,16.49122807017544,5.964912280701754,10.526315789473683,83.50877192982456,6.315789473684211,77.19298245614034
E00168963,273,36,11,25,237,21,216,13.186813186813188,4.029304029304029,9.157509157509157,86.81318681318682,7.6923076923076925,79.12087912087912
E00168964,333,57,16,41,276,30,246,17.117117117117118,4.804804804804805,12.312312312312311,82.88288288288288,9.00900900900901,73.87387387387388
E00168966,388,51,22,29,337,31,306,13.144329896907218,5.670103092783505,7.474226804123711,86.85567010309279,7.989690721649484,78.8659793814433
E00168969,269,46,16,30,223,22,201,17.100371747211895,5.947955390334572,11.152416356877323,82.8996282527881,8.178438661710038,74.72118959107806
E00168970,305,32,9,23,273,26,247,10.491803278688524,2.9508196721311477,7.540983606557377,89.50819672131148,8.524590163934425,80.98360655737706
E00168971,309,49,20,29,260,23,237,15.857605177993527,6.472491909385113,9.385113268608414,84.14239482200647,7.443365695792881,76.69902912621359
E00168972,215,18,7,11,197,18,179,8.372093023255815,3.255813953488372,5.116279069767442,91.62790697674419,8.372093023255815,83.25581395348837
E00168973,328,57,21,36,271,30,241,17.378048780487802,6.402439024390244,10.975609756097562,82.6219512195122,9.146341463414634,73.47560975609755
E00168974,352,35,12,23,317,26,291,9.943181818181818,3.4090909090909087,6.534090909090909,90.05681818181817,7.386363636363637,82.67045454545455
E00168975,288,42,13,29,246,18,228,14.583333333333334,4.513888888888888,10.069444444444445,85.41666666666666,6.25,79.16666666666666
E00168976,266,29,12,17,237,19,218,10.902255639097744,4.511278195488721,6.390977443609022,89.09774436090225,7.142857142857142,81.95488721804512
E00168977,208,24,8,16,184,10,174,11.538461538461538,3.8461538461538463,7.6923076923076925,88.46153846153845,4.807692307692308,83.65384615384616
E00168978,275,64,22,42,211,11,200,23.272727272727273,8,15.272727272727273,76.72727272727272,4,72.72727272727273
E00168979,255,25,1,24,230,18,212,9.803921568627452,0.39215686274509803,9.411764705882353,90.19607843137256,7.0588235294117645,83.13725490196079
E00186329,377,35,17,18,342,37,305,9.283819628647215,4.509283819628647,4.774535809018567,90.71618037135278,9.814323607427056,80.90185676392572
E00186332,282,44,14,30,238,24,214,15.602836879432624,4.964539007092199,10.638297872340425,84.39716312056737,8.51063829787234,75.88652482269504
E00186334,453,49,17,32,404,27,377,10.816777041942604,3.7527593818984544,7.06401766004415,89.1832229580574,5.960264900662252,83.22295805739515
E00186335,460,44,13,31,416,32,384,9.565217391304348,2.8260869565217392,6.739130434782608,90.43478260869566,6.956521739130435,83.47826086956522
E00186337,342,72,31,41,270,22,248,21.052631578947366,9.064327485380117,11.988304093567251,78.94736842105263,6.432748538011696,72.51461988304094
E00186348,306,35,21,14,271,16,255,11.437908496732026,6.862745098039216,4.57516339869281,88.56209150326796,5.228758169934641,83.33333333333334
E00186352,475,65,24,41,410,28,382,13.684210526315791,5.052631578947368,8.631578947368421,86.31578947368422,5.894736842105263,80.42105263157895
E00186353,109,15,5,10,94,7,87,13.761467889908257,4.587155963302752,9.174311926605505,86.23853211009175,6.422018348623854,79.81651376146789
E00186356,223,59,24,35,164,14,150,26.45739910313901,10.762331838565023,15.695067264573993,73.54260089686099,6.278026905829597,67.2645739910314
E00186357,270,60,33,27,210,23,187,22.22222222222222,12.222222222222221,10,77.77777777777779,8.518518518518519,69.25925925925925
E00186359,481,48,5,43,433,40,393,9.97920997920998,1.0395010395010396,8.93970893970894,90.02079002079002,8.316008316008316,81.70478170478171
E00186362,208,41,16,25,167,11,156,19.71153846153846,7.6923076923076925,12.01923076923077,80.28846153846155,5.288461538461538,75
E00186366,554,68,23,45,486,28,458,12.274368231046932,4.1516245487364625,8.12274368231047,87.72563176895306,5.054151624548736,82.67148014440433
E00186368,334,37,9,28,297,26,271,11.077844311377245,2.694610778443114,8.383233532934131,88.92215568862275,7.784431137724551,81.1377245508982
E00186371,219,25,10,15,194,10,184,11.415525114155251,4.5662100456621,6.8493150684931505,88.58447488584474,4.5662100456621,84.01826484018264
E00186379,245,29,7,22,216,21,195,11.83673469387755,2.857142857142857,8.979591836734693,88.16326530612245,8.571428571428571,79.59183673469387
E00186381,131,44,19,25,87,11,76,33.587786259541986,14.50381679389313,19.083969465648856,66.41221374045801,8.396946564885496,58.01526717557252
E00186382,324,62,24,38,262,19,243,19.1358024691358,7.4074074074074066,11.728395061728394,80.8641975308642,5.864197530864197,75
E00186388,537,67,25,42,470,41,429,12.476722532588454,4.655493482309125,7.82122905027933,87.52327746741155,7.635009310986965,79.88826815642457
E00186393,281,32,5,27,249,21,228,11.387900355871885,1.7793594306049825,9.608540925266903,88.61209964412812,7.473309608540925,81.13879003558719
E00186406,117,8,1,7,109,9,100,6.837606837606838,0.8547008547008548,5.982905982905983,93.16239316239316,7.6923076923076925,85.47008547008546
E00186407,401,54,16,38,347,22,325,13.466334164588527,3.99002493765586,9.476309226932669,86.53366583541147,5.486284289276807,81.04738154613467
E00186414,552,84,29,55,468,24,444,15.217391304347828,5.253623188405797,9.96376811594203,84.78260869565217,4.3478260869565215,80.43478260869566
E00186415,343,70,26,44,273,18,255,20.408163265306122,7.580174927113703,12.82798833819242,79.59183673469387,5.247813411078718,74.34402332361516
E00186423,148,23,11,12,125,14,111,15.54054054054054,7.4324324324324325,8.108108108108109,84.45945945945947,9.45945945945946,75
E00186424,304,45,13,32,259,28,231,14.802631578947366,4.276315789473684,10.526315789473683,85.19736842105263,9.210526315789473,75.98684210526315
E00186441,620,79,31,48,541,32,509,12.741935483870966,5,7.741935483870968,87.25806451612902,5.161290322580645,82.09677419354838
E00186442,282,48,16,32,234,26,208,17.02127659574468,5.673758865248227,11.347517730496454,82.97872340425532,9.219858156028367,73.75886524822694
E00186446,557,70,18,52,487,46,441,12.567324955116696,3.231597845601436,9.33572710951526,87.4326750448833,8.258527827648116,79.17414721723519
E00186453,383,46,10,36,337,22,315,12.010443864229766,2.610966057441253,9.39947780678851,87.98955613577023,5.7441253263707575,82.24543080939948
E00186457,193,22,6,16,171,23,148,11.398963730569948,3.1088082901554404,8.290155440414509,88.60103626943005,11.917098445595855,76.68393782383419
E00186458,380,48,22,26,332,21,311,12.631578947368421,5.7894736842105265,6.842105263157896,87.36842105263159,5.526315789473684,81.84210526315789
E00186459,349,27,6,21,322,25,297,7.736389684813753,1.7191977077363898,6.017191977077363,92.26361031518626,7.163323782234957,85.10028653295129
E00186470,202,105,54,51,97,20,77,51.98019801980198,26.732673267326735,25.247524752475247,48.01980198019802,9.900990099009901,38.11881188118812
E00186474,236,19,3,16,217,15,202,8.050847457627118,1.2711864406779663,6.779661016949152,91.94915254237289,6.3559322033898304,85.59322033898306
E00186477,354,41,10,31,313,28,285,11.581920903954803,2.824858757062147,8.757062146892656,88.4180790960452,7.909604519774012,80.50847457627118
E00186479,177,59,33,26,118,19,99,33.33333333333333,18.64406779661017,14.689265536723164,66.66666666666666,10.734463276836157,55.932203389830505
E00186489,177,21,7,14,156,16,140,11.864406779661017,3.954802259887006,7.909604519774012,88.13559322033898,9.03954802259887,79.09604519774011
E00186490,359,72,45,27,287,18,269,20.055710306406684,12.534818941504177,7.520891364902507,79.94428969359332,5.013927576601671,74.93036211699165
E00186495,286,37,4,33,249,26,223,12.937062937062937,1.3986013986013985,11.538461538461538,87.06293706293707,9.090909090909092,77.97202797202797
E00186496,328,59,16,43,269,23,246,17.98780487804878,4.878048780487805,13.109756097560975,82.01219512195121,7.01219512195122,75
