OA,ts0590001,ts0590002,ts0590003,ts0590004,ts0590005,ts0590006,ts0590007,ts0590002_PCT,ts0590003_PCT,ts0590004_PCT,ts0590005_PCT,ts0590006_PCT,ts0590007_PCT
E00054810,166,51,11,40,115,105,10,30.72289156626506,6.626506024096386,24.096385542168676,69.27710843373494,63.25301204819277,6.024096385542169
E00054811,106,28,11,17,78,71,7,26.41509433962264,10.377358490566039,16.037735849056602,73.58490566037736,66.98113207547169,6.60377358490566
E00054812,127,39,13,26,88,80,8,30.708661417322837,10.236220472440944,20.47244094488189,69.29133858267717,62.99212598425197,6.299212598425196
E00054813,126,34,12,22,92,84,8,26.984126984126984,9.523809523809524,17.46031746031746,73.01587301587301,66.66666666666666,6.349206349206349
E00054814,159,46,16,30,113,89,24,28.930817610062892,10.062893081761008,18.867924528301888,71.0691823899371,55.9748427672956,15.09433962264151
E00054815,145,36,14,22,109,90,19,24.82758620689655,9.655172413793103,15.172413793103448,75.17241379310344,62.06896551724138,13.10344827586207
E00054816,124,33,16,17,91,82,9,26.61290322580645,12.903225806451612,13.709677419354838,73.38709677419355,66.12903225806451,7.258064516129033
E00054817,139,37,6,31,102,93,9,26.618705035971225,4.316546762589928,22.302158273381295,73.38129496402878,66.90647482014388,6.474820143884892
E00054818,168,48,9,39,120,103,17,28.57142857142857,5.357142857142857,23.214285714285715,71.42857142857143,61.30952380952381,10.119047619047619
E00054819,135,37,14,23,98,84,14,27.40740740740741,10.37037037037037,17.037037037037038,72.5925925925926,62.22222222222222,10.37037037037037
E00054820,58,16,0,16,42,35,7,27.586206896551722,0,27.586206896551722,72.41379310344827,60.3448275862069,12.068965517241379
E00054821,109,38,22,16,71,63,8,34.862385321100916,20.18348623853211,14.678899082568808,65.13761467889908,57.798165137614674,7.339449541284404
E00054822,96,30,6,24,66,57,9,31.25,6.25,25,68.75,59.375,9.375
E00054823,154,42,13,29,112,94,18,27.27272727272727,8.441558441558442,18.83116883116883,72.72727272727273,61.038961038961034,11.688311688311687
E00054824,155,25,0,25,130,111,19,16.129032258064516,0,16.129032258064516,83.87096774193549,71.61290322580646,12.258064516129032
E00054825,202,40,10,30,162,134,28,19.801980198019802,4.9504950495049505,14.85148514851485,80.19801980198021,66.33663366336634,13.861386138613863
E00054826,210,60,23,37,150,125,25,28.57142857142857,10.952380952380953,17.61904761904762,71.42857142857143,59.523809523809526,11.904761904761903
E00054827,113,43,13,30,70,58,12,38.05309734513274,11.504424778761061,26.548672566371685,61.94690265486725,51.32743362831859,10.619469026548673
E00054828,118,37,8,29,81,72,9,31.35593220338983,6.779661016949152,24.576271186440678,68.64406779661016,61.016949152542374,7.627118644067797
E00054829,115,30,13,17,85,73,12,26.08695652173913,11.304347826086957,14.782608695652174,73.91304347826086,63.47826086956522,10.434782608695652
E00054830,47,15,1,14,32,28,4,31.914893617021278,2.127659574468085,29.78723404255319,68.08510638297872,59.57446808510638,8.51063829787234
E00054831,45,16,5,11,29,29,0,35.55555555555556,11.11111111111111,24.444444444444443,64.44444444444444,64.44444444444444,0
E00054832,154,52,15,37,102,85,17,33.76623376623377,9.740259740259742,24.025974025974026,66.23376623376623,55.1948051948052,11.03896103896104
E00054833,115,33,9,24,82,70,12,28.695652173913043,7.82608695652174,20.869565217391305,71.30434782608695,60.86956521739131,10.434782608695652
E00054834,137,46,17,29,91,79,12,33.57664233576642,12.408759124087592,21.16788321167883,66.42335766423358,57.66423357664233,8.75912408759124
E00054835,67,24,8,16,43,42,1,35.82089552238806,11.940298507462686,23.88059701492537,64.17910447761194,62.68656716417911,1.4925373134328357
E00054836,138,37,16,21,101,81,20,26.811594202898554,11.594202898550725,15.217391304347828,73.18840579710145,58.69565217391305,14.492753623188406
E00054837,125,43,13,30,82,65,17,34.4,10.4,24,65.60000000000001,52,13.600000000000001
E00054838,141,46,19,27,95,82,13,32.62411347517731,13.47517730496454,19.148936170212767,67.37588652482269,58.156028368794324,9.219858156028367
E00054839,180,54,23,31,126,104,22,30,12.777777777777777,17.22222222222222,70,57.77777777777777,12.222222222222221
E00054840,149,45,12,33,104,94,10,30.201342281879196,8.053691275167784,22.14765100671141,69.79865771812081,63.08724832214765,6.7114093959731544
E00054841,104,37,16,21,67,61,6,35.57692307692308,15.384615384615385,20.192307692307693,64.42307692307693,58.65384615384615,5.769230769230769
E00054842,140,34,12,22,106,90,16,24.285714285714285,8.571428571428571,15.714285714285714,75.71428571428571,64.28571428571429,11.428571428571429
E00054843,89,28,8,20,61,53,8,31.46067415730337,8.98876404494382,22.47191011235955,68.53932584269663,59.55056179775281,8.98876404494382
E00054844,113,58,22,36,55,50,5,51.32743362831859,19.469026548672566,31.858407079646017,48.67256637168141,44.24778761061947,4.424778761061947
E00054845,166,50,11,39,116,93,23,30.120481927710845,6.626506024096386,23.49397590361446,69.87951807228916,56.024096385542165,13.855421686746988
E00054846,194,71,24,47,123,98,25,36.597938144329895,12.371134020618557,24.22680412371134,63.4020618556701,50.51546391752577,12.886597938144329
E00054847,153,67,25,42,86,78,8,43.790849673202615,16.33986928104575,27.450980392156865,56.209150326797385,50.98039215686274,5.228758169934641
E00054848,99,32,13,19,67,53,14,32.323232323232325,13.131313131313133,19.19191919191919,67.67676767676768,53.535353535353536,14.14141414141414
E00054849,71,19,4,15,52,46,6,26.76056338028169,5.633802816901409,21.12676056338028,73.23943661971832,64.7887323943662,8.450704225352112
E00054850,142,56,26,30,86,76,10,39.436619718309856,18.30985915492958,21.12676056338028,60.56338028169014,53.52112676056338,7.042253521126761
E00054851,136,54,19,35,82,72,10,39.705882352941174,13.970588235294118,25.735294117647058,60.29411764705882,52.94117647058824,7.352941176470589
E00054852,104,30,11,19,74,67,7,28.846153846153843,10.576923076923077,18.269230769230766,71.15384615384616,64.42307692307693,6.730769230769231
E00054853,129,50,17,33,79,68,11,38.759689922480625,13.178294573643413,25.581395348837212,61.240310077519375,52.71317829457365,8.527131782945736
E00054854,158,66,16,50,92,80,12,41.77215189873418,10.126582278481013,31.645569620253166,58.22784810126582,50.63291139240506,7.59493670886076
E00054855,141,36,4,32,105,85,20,25.53191489361702,2.8368794326241136,22.69503546099291,74.46808510638297,60.28368794326241,14.184397163120568
E00054856,105,36,12,24,69,57,12,34.285714285714285,11.428571428571429,22.857142857142858,65.71428571428571,54.285714285714285,11.428571428571429
E00054857,94,43,10,33,51,46,5,45.744680851063826,10.638297872340425,35.1063829787234,54.25531914893617,48.93617021276596,5.319148936170213
E00054858,115,44,18,26,71,59,12,38.26086956521739,15.65217391304348,22.608695652173914,61.73913043478261,51.30434782608696,10.434782608695652
E00054859,115,43,9,34,72,62,10,37.391304347826086,7.82608695652174,29.565217391304348,62.60869565217392,53.91304347826087,8.695652173913043
E00054860,110,39,10,29,71,64,7,35.45454545454545,9.090909090909092,26.36363636363636,64.54545454545455,58.18181818181818,6.363636363636363
E00054861,97,33,11,22,64,56,8,34.02061855670103,11.34020618556701,22.68041237113402,65.97938144329896,57.73195876288659,8.24742268041237
E00054862,184,69,25,44,115,90,25,37.5,13.586956521739129,23.91304347826087,62.5,48.91304347826087,13.586956521739129
E00054863,130,47,22,25,83,64,19,36.15384615384615,16.923076923076923,19.230769230769234,63.84615384615384,49.23076923076923,14.615384615384617
E00054864,117,46,18,28,71,59,12,39.31623931623932,15.384615384615385,23.931623931623932,60.68376068376068,50.427350427350426,10.256410256410255
E00054865,120,39,14,25,81,71,10,32.5,11.666666666666666,20.833333333333336,67.5,59.166666666666664,8.333333333333332
E00054866,134,40,15,25,94,79,15,29.850746268656714,11.194029850746269,18.65671641791045,70.1492537313433,58.95522388059702,11.194029850746269
E00054867,62,20,7,13,42,38,4,32.25806451612903,11.29032258064516,20.967741935483872,67.74193548387096,61.29032258064516,6.451612903225806
E00054868,170,49,17,32,121,96,25,28.823529411764703,10,18.823529411764707,71.17647058823529,56.470588235294116,14.705882352941178
E00054869,202,66,22,44,136,112,24,32.67326732673268,10.891089108910892,21.782178217821784,67.32673267326733,55.44554455445545,11.881188118811881
E00054870,148,45,16,29,103,85,18,30.405405405405407,10.81081081081081,19.594594594594593,69.5945945945946,57.432432432432435,12.162162162162163
E00054871,162,52,18,34,110,103,7,32.098765432098766,11.11111111111111,20.98765432098765,67.90123456790124,63.580246913580254,4.320987654320987
E00054872,173,53,24,29,120,97,23,30.63583815028902,13.872832369942195,16.76300578034682,69.36416184971098,56.06936416184971,13.294797687861271
E00054873,71,24,7,17,47,42,5,33.80281690140845,9.859154929577464,23.943661971830984,66.19718309859155,59.154929577464785,7.042253521126761
E00054874,153,46,12,34,107,91,16,30.065359477124183,7.8431372549019605,22.22222222222222,69.93464052287581,59.47712418300654,10.457516339869281
E00054875,123,40,14,26,83,74,9,32.52032520325203,11.38211382113821,21.138211382113823,67.47967479674797,60.16260162601627,7.317073170731707
E00054876,181,68,27,41,113,86,27,37.569060773480665,14.917127071823206,22.65193370165746,62.430939226519335,47.51381215469613,14.917127071823206
E00054877,196,58,27,31,138,111,27,29.591836734693878,13.77551020408163,15.816326530612246,70.40816326530613,56.63265306122449,13.77551020408163
E00054878,145,47,23,24,98,85,13,32.41379310344827,15.862068965517242,16.551724137931036,67.58620689655173,58.620689655172406,8.96551724137931
E00054879,93,27,10,17,66,57,9,29.03225806451613,10.75268817204301,18.27956989247312,70.96774193548387,61.29032258064516,9.67741935483871
E00054880,206,76,22,54,130,113,17,36.89320388349515,10.679611650485436,26.21359223300971,63.10679611650486,54.85436893203883,8.25242718446602
E00054881,199,71,31,40,128,105,23,35.678391959798994,15.577889447236181,20.100502512562816,64.321608040201,52.76381909547738,11.557788944723619
E00054882,126,55,16,39,71,58,13,43.65079365079365,12.698412698412698,30.952380952380953,56.34920634920635,46.03174603174603,10.317460317460316
E00054883,144,58,26,32,86,73,13,40.27777777777778,18.055555555555554,22.22222222222222,59.72222222222222,50.69444444444444,9.027777777777777
E00054884,201,71,21,50,130,103,27,35.32338308457712,10.44776119402985,24.875621890547265,64.6766169154229,51.243781094527364,13.432835820895523
E00054885,106,52,13,39,54,44,10,49.056603773584904,12.264150943396226,36.79245283018868,50.943396226415096,41.509433962264154,9.433962264150944
E00054886,99,36,10,26,63,63,0,36.36363636363637,10.1010101010101,26.262626262626267,63.63636363636363,63.63636363636363,0
E00054887,99,34,14,20,65,61,4,34.34343434343434,14.14141414141414,20.2020202020202,65.65656565656566,61.61616161616161,4.040404040404041
E00054888,88,29,13,16,59,54,5,32.95454545454545,14.772727272727273,18.181818181818183,67.04545454545455,61.36363636363637,5.681818181818182
E00054889,131,36,14,22,95,85,10,27.480916030534353,10.687022900763358,16.793893129770993,72.51908396946564,64.8854961832061,7.633587786259542
E00054890,178,55,17,38,123,105,18,30.89887640449438,9.550561797752808,21.34831460674157,69.10112359550563,58.98876404494382,10.112359550561797
E00054891,256,53,10,43,203,178,25,20.703125,3.90625,16.796875,79.296875,69.53125,9.765625
E00054892,126,39,12,27,87,82,5,30.952380952380953,9.523809523809524,21.428571428571427,69.04761904761905,65.07936507936508,3.968253968253968
E00054893,195,62,18,44,133,118,15,31.794871794871792,9.230769230769232,22.564102564102566,68.2051282051282,60.51282051282051,7.6923076923076925
E00054894,134,44,16,28,90,80,10,32.83582089552239,11.940298507462686,20.8955223880597,67.16417910447761,59.70149253731343,7.462686567164178
E00054895,234,55,15,40,179,158,21,23.504273504273502,6.41025641025641,17.094017094017094,76.49572649572649,67.52136752136752,8.974358974358974
E00054896,130,39,17,22,91,85,6,30,13.076923076923078,16.923076923076923,70,65.38461538461539,4.615384615384616
E00054897,184,77,20,57,107,94,13,41.84782608695652,10.869565217391305,30.978260869565215,58.152173913043484,51.08695652173913,7.065217391304348
E00054898,147,33,11,22,114,103,11,22.448979591836736,7.482993197278912,14.965986394557824,77.55102040816327,70.06802721088435,7.482993197278912
E00054899,126,33,11,22,93,84,9,26.190476190476193,8.73015873015873,17.46031746031746,73.80952380952381,66.66666666666666,7.142857142857142
E00054900,151,41,9,32,110,95,15,27.1523178807947,5.960264900662252,21.192052980132452,72.84768211920529,62.913907284768214,9.933774834437086
E00054901,147,38,9,29,109,95,14,25.850340136054424,6.122448979591836,19.727891156462583,74.14965986394559,64.62585034013605,9.523809523809524
E00054902,144,41,11,30,103,88,15,28.47222222222222,7.638888888888889,20.833333333333336,71.52777777777779,61.111111111111114,10.416666666666668
E00054903,166,46,11,35,120,102,18,27.710843373493976,6.626506024096386,21.084337349397593,72.28915662650603,61.44578313253012,10.843373493975903
E00054904,53,19,7,12,34,30,4,35.84905660377358,13.20754716981132,22.641509433962266,64.15094339622641,56.60377358490566,7.547169811320755
E00054905,116,37,9,28,79,72,7,31.896551724137932,7.758620689655173,24.137931034482758,68.10344827586206,62.06896551724138,6.0344827586206895
E00054906,129,50,15,35,79,72,7,38.759689922480625,11.627906976744185,27.131782945736433,61.240310077519375,55.81395348837209,5.426356589147287
E00054907,117,44,17,27,73,68,5,37.60683760683761,14.529914529914532,23.076923076923077,62.39316239316239,58.119658119658126,4.273504273504273
E00054908,118,34,13,21,84,77,7,28.8135593220339,11.016949152542372,17.796610169491526,71.1864406779661,65.2542372881356,5.932203389830509
E00054909,76,26,12,14,50,42,8,34.21052631578947,15.789473684210526,18.421052631578945,65.78947368421053,55.26315789473685,10.526315789473683
E00054910,194,40,14,26,154,133,21,20.618556701030926,7.216494845360824,13.402061855670103,79.38144329896907,68.55670103092784,10.824742268041238
E00054911,170,48,19,29,122,102,20,28.235294117647058,11.176470588235295,17.058823529411764,71.76470588235294,60,11.76470588235294
E00054912,107,38,17,21,69,59,10,35.51401869158878,15.887850467289718,19.626168224299064,64.48598130841121,55.140186915887845,9.345794392523365
E00054914,88,28,11,17,60,51,9,31.818181818181817,12.5,19.318181818181817,68.18181818181817,57.95454545454546,10.227272727272728
E00054916,80,33,11,22,47,35,12,41.25,13.750000000000002,27.500000000000004,58.75,43.75,15
E00054917,113,36,9,27,77,64,13,31.858407079646017,7.964601769911504,23.893805309734514,68.14159292035397,56.63716814159292,11.504424778761061
E00054918,77,22,7,15,55,52,3,28.57142857142857,9.090909090909092,19.480519480519483,71.42857142857143,67.53246753246754,3.896103896103896
E00054919,91,31,10,21,60,54,6,34.065934065934066,10.989010989010989,23.076923076923077,65.93406593406593,59.34065934065934,6.593406593406594
E00054920,47,22,8,14,25,25,0,46.808510638297875,17.02127659574468,29.78723404255319,53.191489361702125,53.191489361702125,0
E00054921,152,39,14,25,113,94,19,25.657894736842106,9.210526315789473,16.447368421052634,74.3421052631579,61.8421052631579,12.5
E00054922,142,41,8,33,101,79,22,28.87323943661972,5.633802816901409,23.239436619718308,71.12676056338029,55.633802816901415,15.492957746478872
E00054923,150,37,8,29,113,98,15,24.666666666666668,5.333333333333334,19.333333333333332,75.33333333333333,65.33333333333333,10
E00054925,261,100,37,63,161,135,26,38.31417624521073,14.17624521072797,24.137931034482758,61.68582375478927,51.724137931034484,9.961685823754788
E00054926,202,49,23,26,153,123,30,24.257425742574256,11.386138613861387,12.871287128712872,75.74257425742574,60.89108910891089,14.85148514851485
E00054927,105,27,6,21,78,70,8,25.71428571428571,5.714285714285714,20,74.28571428571429,66.66666666666666,7.6190476190476195
E00054928,211,62,15,47,149,128,21,29.383886255924168,7.109004739336493,22.274881516587676,70.61611374407583,60.66350710900474,9.95260663507109
E00054929,196,66,21,45,130,111,19,33.6734693877551,10.714285714285714,22.95918367346939,66.3265306122449,56.63265306122449,9.693877551020408
E00054930,125,37,12,25,88,81,7,29.599999999999998,9.6,20,70.39999999999999,64.8,5.6000000000000005
E00054931,139,40,11,29,99,81,18,28.776978417266186,7.913669064748201,20.863309352517987,71.22302158273382,58.27338129496403,12.949640287769784
E00054932,138,48,15,33,90,71,19,34.78260869565217,10.869565217391305,23.91304347826087,65.21739130434783,51.449275362318836,13.768115942028986
E00054933,88,22,6,16,66,59,7,25,6.8181818181818175,18.181818181818183,75,67.04545454545455,7.954545454545454
E00054934,85,26,7,19,59,48,11,30.58823529411765,8.235294117647058,22.35294117647059,69.41176470588235,56.470588235294116,12.941176470588237
E00054935,156,30,7,23,126,113,13,19.230769230769234,4.487179487179487,14.743589743589745,80.76923076923077,72.43589743589743,8.333333333333332
E00054936,213,53,16,37,160,132,28,24.88262910798122,7.511737089201878,17.370892018779344,75.11737089201877,61.97183098591549,13.145539906103288
E00054937,161,49,12,37,112,97,15,30.434782608695656,7.453416149068323,22.981366459627328,69.56521739130434,60.24844720496895,9.316770186335404
E00054938,159,56,22,34,103,85,18,35.22012578616352,13.836477987421384,21.38364779874214,64.77987421383648,53.459119496855344,11.320754716981133
E00054939,129,33,13,20,96,87,9,25.581395348837212,10.077519379844961,15.503875968992247,74.4186046511628,67.44186046511628,6.976744186046512
E00054940,146,41,11,30,105,94,11,28.08219178082192,7.534246575342466,20.54794520547945,71.91780821917808,64.38356164383562,7.534246575342466
E00054941,119,27,7,20,92,80,12,22.689075630252102,5.88235294117647,16.80672268907563,77.31092436974791,67.22689075630252,10.084033613445378
E00054942,182,53,18,35,129,118,11,29.120879120879124,9.89010989010989,19.230769230769234,70.87912087912088,64.83516483516483,6.043956043956044
E00054943,157,37,16,21,120,102,18,23.56687898089172,10.191082802547772,13.375796178343949,76.43312101910828,64.96815286624204,11.464968152866243
E00054944,122,36,11,25,86,74,12,29.508196721311474,9.01639344262295,20.491803278688526,70.49180327868852,60.65573770491803,9.836065573770492
E00054945,76,23,10,13,53,46,7,30.263157894736842,13.157894736842104,17.105263157894736,69.73684210526315,60.526315789473685,9.210526315789473
E00054946,159,27,7,20,132,113,19,16.9811320754717,4.40251572327044,12.578616352201259,83.01886792452831,71.0691823899371,11.949685534591195
E00054947,63,29,8,21,34,31,3,46.03174603174603,12.698412698412698,33.33333333333333,53.96825396825397,49.2063492063492,4.761904761904762
E00054948,178,55,15,40,123,104,19,30.89887640449438,8.426966292134832,22.47191011235955,69.10112359550563,58.42696629213483,10.674157303370785
E00054949,219,53,13,40,166,141,25,24.200913242009133,5.93607305936073,18.2648401826484,75.79908675799086,64.38356164383562,11.415525114155251
E00054950,177,44,10,34,133,109,24,24.858757062146893,5.649717514124294,19.2090395480226,75.14124293785311,61.5819209039548,13.559322033898304
E00054951,134,42,14,28,92,82,10,31.343283582089555,10.44776119402985,20.8955223880597,68.65671641791045,61.19402985074627,7.462686567164178
E00054952,111,28,13,15,83,75,8,25.225225225225223,11.711711711711711,13.513513513513514,74.77477477477478,67.56756756756756,7.207207207207207
E00054953,208,72,17,55,136,118,18,34.61538461538461,8.173076923076923,26.442307692307693,65.38461538461539,56.730769230769226,8.653846153846153
E00054954,290,61,18,43,229,195,34,21.03448275862069,6.206896551724138,14.827586206896552,78.96551724137932,67.24137931034483,11.724137931034482
E00054955,147,37,8,29,110,89,21,25.170068027210885,5.442176870748299,19.727891156462583,74.82993197278913,60.544217687074834,14.285714285714285
E00054956,196,55,22,33,141,117,24,28.061224489795915,11.224489795918368,16.83673469387755,71.93877551020408,59.693877551020414,12.244897959183673
E00054957,103,40,14,26,63,52,11,38.83495145631068,13.592233009708737,25.24271844660194,61.165048543689316,50.48543689320388,10.679611650485436
E00054958,209,48,14,34,161,143,18,22.966507177033492,6.698564593301436,16.267942583732058,77.03349282296651,68.42105263157895,8.61244019138756
E00054959,170,45,19,26,125,98,27,26.47058823529412,11.176470588235295,15.294117647058824,73.52941176470588,57.647058823529406,15.88235294117647
E00054960,141,42,12,30,99,87,12,29.78723404255319,8.51063829787234,21.27659574468085,70.2127659574468,61.702127659574465,8.51063829787234
E00054961,105,36,12,24,69,59,10,34.285714285714285,11.428571428571429,22.857142857142858,65.71428571428571,56.19047619047619,9.523809523809524
E00054962,159,42,18,24,117,105,12,26.41509433962264,11.320754716981133,15.09433962264151,73.58490566037736,66.0377358490566,7.547169811320755
E00054963,140,46,15,31,94,80,14,32.857142857142854,10.714285714285714,22.142857142857142,67.14285714285714,57.14285714285714,10
E00054964,153,41,20,21,112,96,16,26.797385620915033,13.071895424836603,13.725490196078432,73.20261437908496,62.745098039215684,10.457516339869281
E00054965,161,38,15,23,123,95,28,23.60248447204969,9.316770186335404,14.285714285714285,76.3975155279503,59.006211180124225,17.391304347826086
E00054966,273,69,18,51,204,179,25,25.274725274725274,6.593406593406594,18.681318681318682,74.72527472527473,65.56776556776556,9.157509157509157
E00054967,145,37,13,24,108,92,16,25.517241379310345,8.96551724137931,16.551724137931036,74.48275862068967,63.44827586206897,11.03448275862069
E00054968,104,27,12,15,77,65,12,25.961538461538463,11.538461538461538,14.423076923076922,74.03846153846155,62.5,11.538461538461538
E00054969,92,32,12,20,60,43,17,34.78260869565217,13.043478260869565,21.73913043478261,65.21739130434783,46.73913043478261,18.478260869565215
E00054970,189,54,16,38,135,106,29,28.57142857142857,8.465608465608465,20.105820105820104,71.42857142857143,56.08465608465608,15.343915343915343
E00054971,151,40,13,27,111,92,19,26.490066225165563,8.609271523178808,17.880794701986755,73.50993377483444,60.9271523178808,12.582781456953644
E00054972,109,38,14,24,71,63,8,34.862385321100916,12.844036697247708,22.018348623853214,65.13761467889908,57.798165137614674,7.339449541284404
E00054973,262,76,35,41,186,142,44,29.00763358778626,13.358778625954198,15.648854961832063,70.99236641221374,54.19847328244275,16.793893129770993
E00054974,176,46,12,34,130,116,14,26.136363636363637,6.8181818181818175,19.318181818181817,73.86363636363636,65.9090909090909,7.954545454545454
E00054976,190,52,14,38,138,115,23,27.368421052631582,7.368421052631578,20,72.63157894736842,60.526315789473685,12.105263157894736
E00054977,129,47,15,32,82,72,10,36.434108527131784,11.627906976744185,24.8062015503876,63.565891472868216,55.81395348837209,7.751937984496124
E00054978,137,41,12,29,96,79,17,29.927007299270077,8.75912408759124,21.16788321167883,70.07299270072993,57.66423357664233,12.408759124087592
E00054979,119,35,13,22,84,68,16,29.411764705882355,10.92436974789916,18.487394957983195,70.58823529411765,57.14285714285714,13.445378151260504
E00054980,113,31,7,24,82,74,8,27.43362831858407,6.1946902654867255,21.238938053097346,72.56637168141593,65.48672566371681,7.079646017699115
E00054981,146,52,10,42,94,85,9,35.61643835616438,6.8493150684931505,28.767123287671232,64.38356164383562,58.21917808219178,6.164383561643835
E00054982,178,50,17,33,128,110,18,28.08988764044944,9.550561797752808,18.53932584269663,71.91011235955057,61.79775280898876,10.112359550561797
E00054983,25,3,3,0,22,19,3,12,12,0,88,76,12
E00054984,131,44,15,29,87,76,11,33.587786259541986,11.450381679389313,22.137404580152673,66.41221374045801,58.01526717557252,8.396946564885496
E00054985,121,47,12,35,74,65,9,38.84297520661157,9.917355371900827,28.92561983471074,61.15702479338842,53.71900826446281,7.43801652892562
E00054986,121,43,13,30,78,68,10,35.53719008264463,10.743801652892563,24.793388429752067,64.46280991735537,56.19834710743802,8.264462809917356
E00054987,219,63,18,45,156,130,26,28.767123287671232,8.21917808219178,20.54794520547945,71.23287671232876,59.3607305936073,11.87214611872146
E00054988,127,42,16,26,85,73,12,33.07086614173229,12.598425196850393,20.47244094488189,66.92913385826772,57.48031496062992,9.448818897637794
E00054989,110,37,8,29,73,66,7,33.63636363636363,7.2727272727272725,26.36363636363636,66.36363636363637,60,6.363636363636363
E00054990,102,26,9,17,76,70,6,25.49019607843137,8.823529411764707,16.666666666666664,74.50980392156863,68.62745098039215,5.88235294117647
E00054991,103,24,8,16,79,66,13,23.300970873786408,7.766990291262135,15.53398058252427,76.69902912621359,64.07766990291263,12.62135922330097
E00054992,136,36,7,29,100,96,4,26.47058823529412,5.147058823529411,21.323529411764707,73.52941176470588,70.58823529411765,2.941176470588235
E00054993,38,6,3,3,32,26,6,15.789473684210526,7.894736842105263,7.894736842105263,84.21052631578947,68.42105263157895,15.789473684210526
E00054995,110,26,10,16,84,74,10,23.636363636363637,9.090909090909092,14.545454545454545,76.36363636363637,67.27272727272727,9.090909090909092
E00054996,142,44,17,27,98,90,8,30.985915492957744,11.971830985915492,19.014084507042252,69.01408450704226,63.38028169014085,5.633802816901409
E00054997,158,51,18,33,107,95,12,32.278481012658226,11.39240506329114,20.88607594936709,67.72151898734177,60.12658227848101,7.59493670886076
E00054998,108,30,10,20,78,58,20,27.77777777777778,9.25925925925926,18.51851851851852,72.22222222222221,53.70370370370371,18.51851851851852
E00054999,160,53,20,33,107,92,15,33.125,12.5,20.625,66.875,57.49999999999999,9.375
E00055000,130,42,8,34,88,82,6,32.30769230769231,6.153846153846154,26.153846153846157,67.6923076923077,63.07692307692307,4.615384615384616
E00055002,240,64,18,46,176,145,31,26.666666666666668,7.5,19.166666666666668,73.33333333333333,60.416666666666664,12.916666666666668
E00055003,109,27,9,18,82,67,15,24.770642201834864,8.256880733944955,16.51376146788991,75.22935779816514,61.46788990825688,13.761467889908257
E00055004,123,28,7,21,95,85,10,22.76422764227642,5.691056910569105,17.073170731707318,77.23577235772358,69.10569105691057,8.130081300813007
E00055005,95,20,5,15,75,64,11,21.052631578947366,5.263157894736842,15.789473684210526,78.94736842105263,67.36842105263158,11.578947368421053
E00055006,110,25,10,15,85,83,2,22.727272727272727,9.090909090909092,13.636363636363635,77.27272727272727,75.45454545454545,1.8181818181818181
E00055007,114,37,11,26,77,68,9,32.45614035087719,9.649122807017543,22.807017543859647,67.54385964912281,59.64912280701754,7.894736842105263
E00055008,132,46,15,31,86,77,9,34.84848484848485,11.363636363636363,23.484848484848484,65.15151515151516,58.333333333333336,6.8181818181818175
E00055009,132,57,19,38,75,62,13,43.18181818181818,14.393939393939394,28.78787878787879,56.81818181818182,46.96969696969697,9.848484848484848
E00055010,178,49,14,35,129,102,27,27.52808988764045,7.865168539325842,19.662921348314608,72.47191011235955,57.30337078651685,15.168539325842698
E00055011,158,38,12,26,120,93,27,24.050632911392405,7.59493670886076,16.455696202531644,75.9493670886076,58.86075949367089,17.088607594936708
E00055012,70,15,5,10,55,49,6,21.428571428571427,7.142857142857142,14.285714285714285,78.57142857142857,70,8.571428571428571
E00055013,116,34,11,23,82,75,7,29.310344827586203,9.482758620689655,19.82758620689655,70.6896551724138,64.65517241379311,6.0344827586206895
E00055014,146,38,9,29,108,99,9,26.027397260273972,6.164383561643835,19.863013698630137,73.97260273972603,67.8082191780822,6.164383561643835
E00055015,115,32,10,22,83,75,8,27.82608695652174,8.695652173913043,19.130434782608695,72.17391304347827,65.21739130434783,6.956521739130435
E00055016,108,30,4,26,78,70,8,27.77777777777778,3.7037037037037033,24.074074074074073,72.22222222222221,64.81481481481481,7.4074074074074066
E00055017,113,30,5,25,83,69,14,26.548672566371685,4.424778761061947,22.123893805309734,73.45132743362832,61.06194690265486,12.389380530973451
E00055018,154,47,12,35,107,92,15,30.519480519480517,7.792207792207792,22.727272727272727,69.48051948051948,59.74025974025974,9.740259740259742
E00055019,216,59,16,43,157,136,21,27.314814814814813,7.4074074074074066,19.90740740740741,72.68518518518519,62.96296296296296,9.722222222222223
E00055020,112,32,11,21,80,67,13,28.57142857142857,9.821428571428571,18.75,71.42857142857143,59.82142857142857,11.607142857142858
E00055021,107,34,5,29,73,62,11,31.775700934579437,4.672897196261682,27.102803738317753,68.22429906542055,57.943925233644855,10.2803738317757
E00055022,54,12,3,9,42,38,4,22.22222222222222,5.555555555555555,16.666666666666664,77.77777777777779,70.37037037037037,7.4074074074074066
E00055023,123,43,16,27,80,69,11,34.959349593495936,13.008130081300814,21.951219512195124,65.04065040650406,56.09756097560976,8.94308943089431
E00055024,127,41,12,29,86,77,9,32.28346456692913,9.448818897637794,22.83464566929134,67.71653543307087,60.629921259842526,7.086614173228346
E00055025,73,26,11,15,47,40,7,35.61643835616438,15.068493150684931,20.54794520547945,64.38356164383562,54.794520547945204,9.58904109589041
E00055026,184,60,16,44,124,108,16,32.608695652173914,8.695652173913043,23.91304347826087,67.3913043478261,58.69565217391305,8.695652173913043
E00055027,172,44,9,35,128,116,12,25.581395348837212,5.232558139534884,20.348837209302324,74.4186046511628,67.44186046511628,6.976744186046512
E00055028,107,36,10,26,71,64,7,33.64485981308411,9.345794392523365,24.299065420560748,66.35514018691589,59.813084112149525,6.5420560747663545
E00055029,71,17,6,11,54,47,7,23.943661971830984,8.450704225352112,15.492957746478872,76.05633802816901,66.19718309859155,9.859154929577464
E00055030,144,46,14,32,98,79,19,31.944444444444443,9.722222222222223,22.22222222222222,68.05555555555556,54.861111111111114,13.194444444444445
E00055031,184,64,27,37,120,102,18,34.78260869565217,14.673913043478262,20.108695652173914,65.21739130434783,55.434782608695656,9.782608695652174
E00055032,192,57,13,44,135,116,19,29.6875,6.770833333333333,22.916666666666664,70.3125,60.416666666666664,9.895833333333332
E00055033,198,57,23,34,141,109,32,28.78787878787879,11.616161616161616,17.17171717171717,71.21212121212122,55.05050505050505,16.161616161616163
E00055034,155,47,15,32,108,98,10,30.32258064516129,9.67741935483871,20.64516129032258,69.6774193548387,63.2258064516129,6.451612903225806
E00055035,168,39,15,24,129,116,13,23.214285714285715,8.928571428571429,14.285714285714285,76.78571428571429,69.04761904761905,7.738095238095238
E00055036,170,54,19,35,116,85,31,31.76470588235294,11.176470588235295,20.588235294117645,68.23529411764706,50,18.235294117647058
E00055037,100,30,13,17,70,61,9,30,13,17,70,61,9
E00055038,230,69,20,49,161,136,25,30,8.695652173913043,21.304347826086957,70,59.130434782608695,10.869565217391305
E00055039,208,68,27,41,140,118,22,32.69230769230769,12.980769230769232,19.71153846153846,67.3076923076923,56.730769230769226,10.576923076923077
E00055040,133,40,18,22,93,81,12,30.075187969924812,13.533834586466165,16.541353383458645,69.92481203007519,60.902255639097746,9.022556390977442
E00055041,187,56,13,43,131,111,20,29.946524064171122,6.951871657754011,22.994652406417114,70.05347593582889,59.35828877005348,10.695187165775401
E00055042,148,54,22,32,94,77,17,36.486486486486484,14.864864864864865,21.62162162162162,63.51351351351351,52.02702702702703,11.486486486486488
E00055043,135,39,12,27,96,83,13,28.888888888888886,8.88888888888889,20,71.11111111111111,61.48148148148148,9.62962962962963
E00055044,138,41,11,30,97,81,16,29.71014492753623,7.971014492753622,21.73913043478261,70.28985507246377,58.69565217391305,11.594202898550725
E00055045,172,62,26,36,110,91,19,36.04651162790697,15.11627906976744,20.930232558139537,63.95348837209303,52.90697674418605,11.046511627906977
E00055046,113,41,9,32,72,63,9,36.283185840707965,7.964601769911504,28.31858407079646,63.716814159292035,55.75221238938053,7.964601769911504
E00055047,126,52,14,38,74,70,4,41.269841269841265,11.11111111111111,30.158730158730158,58.730158730158735,55.55555555555556,3.1746031746031744
E00055048,192,69,27,42,123,103,20,35.9375,14.0625,21.875,64.0625,53.645833333333336,10.416666666666668
E00055049,166,55,14,41,111,93,18,33.13253012048193,8.433734939759036,24.69879518072289,66.86746987951807,56.024096385542165,10.843373493975903
E00055050,169,73,26,47,96,76,20,43.19526627218935,15.384615384615385,27.810650887573964,56.80473372781065,44.97041420118343,11.834319526627219
E00055051,161,66,22,44,95,78,17,40.993788819875775,13.664596273291925,27.32919254658385,59.006211180124225,48.4472049689441,10.559006211180124
E00055052,99,38,18,20,61,56,5,38.38383838383838,18.181818181818183,20.2020202020202,61.61616161616161,56.56565656565656,5.05050505050505
E00055053,90,32,10,22,58,47,11,35.55555555555556,11.11111111111111,24.444444444444443,64.44444444444444,52.22222222222223,12.222222222222221
E00055054,221,65,31,34,156,121,35,29.411764705882355,14.027149321266968,15.384615384615385,70.58823529411765,54.75113122171946,15.837104072398189
E00055055,147,52,23,29,95,88,7,35.374149659863946,15.646258503401361,19.727891156462583,64.62585034013605,59.863945578231295,4.761904761904762
E00055056,180,58,24,34,122,106,16,32.22222222222222,13.333333333333334,18.88888888888889,67.77777777777779,58.88888888888889,8.88888888888889
E00055057,92,37,14,23,55,51,4,40.21739130434783,15.217391304347828,25,59.78260869565217,55.434782608695656,4.3478260869565215
E00055058,142,49,18,31,93,80,13,34.50704225352113,12.676056338028168,21.830985915492956,65.49295774647888,56.33802816901409,9.15492957746479
E00055059,130,40,7,33,90,78,12,30.76923076923077,5.384615384615385,25.384615384615383,69.23076923076923,60,9.230769230769232
E00055060,34,11,3,8,23,21,2,32.35294117647059,8.823529411764707,23.52941176470588,67.64705882352942,61.76470588235294,5.88235294117647
E00055061,102,37,13,24,65,55,10,36.27450980392157,12.745098039215685,23.52941176470588,63.725490196078425,53.92156862745098,9.803921568627452
E00055062,140,44,16,28,96,85,11,31.428571428571427,11.428571428571429,20,68.57142857142857,60.71428571428571,7.857142857142857
E00055063,135,39,12,27,96,87,9,28.888888888888886,8.88888888888889,20,71.11111111111111,64.44444444444444,6.666666666666667
E00055064,175,61,19,42,114,82,32,34.85714285714286,10.857142857142858,24,65.14285714285715,46.85714285714286,18.285714285714285
E00055065,167,44,18,26,123,90,33,26.34730538922156,10.778443113772456,15.568862275449103,73.65269461077844,53.89221556886228,19.760479041916167
E00055066,115,42,11,31,73,63,10,36.52173913043478,9.565217391304348,26.956521739130434,63.47826086956522,54.78260869565217,8.695652173913043
E00055067,155,57,19,38,98,86,12,36.774193548387096,12.258064516129032,24.516129032258064,63.2258064516129,55.483870967741936,7.741935483870968
E00055068,91,40,10,30,51,51,0,43.956043956043956,10.989010989010989,32.967032967032964,56.043956043956044,56.043956043956044,0
E00055069,109,45,14,31,64,54,10,41.284403669724774,12.844036697247708,28.440366972477065,58.71559633027523,49.54128440366973,9.174311926605505
E00055070,148,42,14,28,106,89,17,28.37837837837838,9.45945945945946,18.91891891891892,71.62162162162163,60.13513513513513,11.486486486486488
E00055071,125,57,23,34,68,61,7,45.6,18.4,27.200000000000003,54.400000000000006,48.8,5.6000000000000005
E00055073,91,33,16,17,58,50,8,36.26373626373626,17.582417582417584,18.681318681318682,63.73626373626373,54.94505494505495,8.791208791208792
E00055074,81,30,8,22,51,42,9,37.03703703703704,9.876543209876543,27.160493827160494,62.96296296296296,51.85185185185185,11.11111111111111
E00055079,174,46,15,31,128,107,21,26.436781609195403,8.620689655172415,17.81609195402299,73.5632183908046,61.49425287356321,12.068965517241379
E00055080,92,23,7,16,69,63,6,25,7.608695652173914,17.391304347826086,75,68.47826086956522,6.521739130434782
E00055081,77,26,9,17,51,46,5,33.76623376623377,11.688311688311687,22.07792207792208,66.23376623376623,59.74025974025974,6.493506493506493
E00055082,247,65,8,57,182,164,18,26.31578947368421,3.2388663967611335,23.076923076923077,73.68421052631578,66.39676113360325,7.28744939271255
E00055083,87,28,3,25,59,47,12,32.18390804597701,3.4482758620689653,28.735632183908045,67.81609195402298,54.02298850574713,13.793103448275861
E00055084,147,59,13,46,88,81,7,40.136054421768705,8.843537414965986,31.292517006802722,59.863945578231295,55.10204081632652,4.761904761904762
E00055085,95,36,8,28,59,52,7,37.89473684210527,8.421052631578947,29.47368421052631,62.10526315789474,54.736842105263165,7.368421052631578
E00055086,84,29,8,21,55,49,6,34.523809523809526,9.523809523809524,25,65.47619047619048,58.333333333333336,7.142857142857142
E00055087,124,34,13,21,90,71,19,27.419354838709676,10.483870967741936,16.93548387096774,72.58064516129032,57.25806451612904,15.32258064516129
E00055088,101,27,6,21,74,63,11,26.732673267326735,5.9405940594059405,20.792079207920793,73.26732673267327,62.37623762376238,10.891089108910892
E00055089,121,44,16,28,77,70,7,36.36363636363637,13.223140495867769,23.140495867768596,63.63636363636363,57.85123966942148,5.785123966942149
E00055090,125,40,10,30,85,76,9,32,8,24,68,60.8,7.199999999999999
E00055091,103,36,14,22,67,52,15,34.95145631067961,13.592233009708737,21.35922330097087,65.0485436893204,50.48543689320388,14.563106796116504
E00055092,158,43,11,32,115,97,18,27.21518987341772,6.962025316455696,20.253164556962027,72.78481012658227,61.39240506329114,11.39240506329114
E00055093,93,40,9,31,53,53,0,43.01075268817204,9.67741935483871,33.33333333333333,56.98924731182796,56.98924731182796,0
E00055094,157,79,22,57,78,75,3,50.318471337579616,14.012738853503185,36.30573248407643,49.681528662420384,47.77070063694268,1.910828025477707
E00055095,211,101,22,79,110,101,9,47.867298578199055,10.42654028436019,37.44075829383886,52.13270142180095,47.867298578199055,4.265402843601896
E00055096,73,23,8,15,50,41,9,31.506849315068493,10.95890410958904,20.54794520547945,68.4931506849315,56.16438356164384,12.32876712328767
E00055097,168,47,5,42,121,105,16,27.976190476190478,2.976190476190476,25,72.02380952380952,62.5,9.523809523809524
E00055098,120,37,16,21,83,71,12,30.833333333333336,13.333333333333334,17.5,69.16666666666667,59.166666666666664,10
E00055099,114,31,5,26,83,77,6,27.192982456140353,4.385964912280701,22.807017543859647,72.80701754385966,67.54385964912281,5.263157894736842
E00055100,118,39,6,33,79,69,10,33.05084745762712,5.084745762711865,27.966101694915253,66.94915254237289,58.47457627118644,8.47457627118644
E00055101,71,24,10,14,47,41,6,33.80281690140845,14.084507042253522,19.718309859154928,66.19718309859155,57.74647887323944,8.450704225352112
E00055102,127,39,12,27,88,78,10,30.708661417322837,9.448818897637794,21.25984251968504,69.29133858267717,61.417322834645674,7.874015748031496
E00055103,167,52,18,34,115,96,19,31.137724550898206,10.778443113772456,20.359281437125748,68.8622754491018,57.48502994011976,11.377245508982035
E00055105,133,48,13,35,85,74,11,36.09022556390977,9.774436090225564,26.31578947368421,63.90977443609023,55.639097744360896,8.270676691729323
E00055106,198,54,14,40,144,126,18,27.27272727272727,7.07070707070707,20.2020202020202,72.72727272727273,63.63636363636363,9.090909090909092
E00055107,148,34,9,25,114,103,11,22.972972972972975,6.081081081081082,16.89189189189189,77.02702702702703,69.5945945945946,7.4324324324324325
E00055108,209,66,24,42,143,123,20,31.57894736842105,11.483253588516746,20.095693779904305,68.42105263157895,58.85167464114832,9.569377990430622
E00055109,191,53,25,28,138,105,33,27.748691099476442,13.089005235602095,14.659685863874344,72.25130890052355,54.973821989528794,17.277486910994764
E00055110,173,55,18,37,118,98,20,31.79190751445087,10.404624277456648,21.38728323699422,68.20809248554913,56.64739884393064,11.560693641618498
E00055111,153,50,10,40,103,89,14,32.6797385620915,6.535947712418301,26.143790849673206,67.3202614379085,58.16993464052288,9.15032679738562
E00055112,111,24,8,16,87,76,11,21.62162162162162,7.207207207207207,14.414414414414415,78.37837837837837,68.46846846846847,9.90990990990991
E00055113,116,39,16,23,77,71,6,33.62068965517241,13.793103448275861,19.82758620689655,66.37931034482759,61.206896551724135,5.172413793103448
E00055114,116,36,10,26,80,77,3,31.03448275862069,8.620689655172415,22.413793103448278,68.96551724137932,66.37931034482759,2.586206896551724
E00055115,174,47,21,26,127,109,18,27.011494252873565,12.068965517241379,14.942528735632186,72.98850574712644,62.643678160919535,10.344827586206897
E00055116,152,56,15,41,96,83,13,36.84210526315789,9.868421052631579,26.973684210526315,63.1578947368421,54.60526315789473,8.552631578947368
E00055117,149,44,15,29,105,85,20,29.53020134228188,10.06711409395973,19.463087248322147,70.46979865771812,57.04697986577181,13.422818791946309
E00055118,109,32,13,19,77,67,10,29.357798165137616,11.926605504587156,17.431192660550458,70.64220183486239,61.46788990825688,9.174311926605505
E00055119,104,30,10,20,74,65,9,28.846153846153843,9.615384615384617,19.230769230769234,71.15384615384616,62.5,8.653846153846153
E00055120,170,42,19,23,128,112,16,24.705882352941178,11.176470588235295,13.529411764705882,75.29411764705883,65.88235294117646,9.411764705882353
E00055121,151,46,18,28,105,86,19,30.4635761589404,11.920529801324504,18.543046357615893,69.5364238410596,56.95364238410596,12.582781456953644
E00055122,145,37,15,22,108,92,16,25.517241379310345,10.344827586206897,15.172413793103448,74.48275862068967,63.44827586206897,11.03448275862069
E00055123,207,55,16,39,152,121,31,26.570048309178745,7.729468599033816,18.84057971014493,73.42995169082126,58.454106280193244,14.975845410628018
E00055124,148,44,18,26,104,91,13,29.72972972972973,12.162162162162163,17.56756756756757,70.27027027027027,61.48648648648649,8.783783783783784
E00055125,92,28,8,20,64,59,5,30.434782608695656,8.695652173913043,21.73913043478261,69.56521739130434,64.13043478260869,5.434782608695652
E00055126,115,33,5,28,82,69,13,28.695652173913043,4.3478260869565215,24.347826086956523,71.30434782608695,60,11.304347826086957
E00055127,174,56,15,41,118,100,18,32.18390804597701,8.620689655172415,23.563218390804597,67.81609195402298,57.47126436781609,10.344827586206897
E00055128,115,45,15,30,70,60,10,39.130434782608695,13.043478260869565,26.08695652173913,60.86956521739131,52.17391304347826,8.695652173913043
E00055129,197,51,19,32,146,123,23,25.888324873096447,9.644670050761421,16.243654822335024,74.11167512690355,62.43654822335025,11.6751269035533
E00055130,109,32,10,22,77,68,9,29.357798165137616,9.174311926605505,20.18348623853211,70.64220183486239,62.38532110091744,8.256880733944955
E00055131,135,41,15,26,94,83,11,30.37037037037037,11.11111111111111,19.25925925925926,69.62962962962963,61.48148148148148,8.148148148148149
E00055132,192,58,20,38,134,117,17,30.208333333333332,10.416666666666668,19.791666666666664,69.79166666666666,60.9375,8.854166666666668
E00055133,110,41,16,25,69,53,16,37.27272727272727,14.545454545454545,22.727272727272727,62.727272727272734,48.18181818181818,14.545454545454545
E00055134,144,39,13,26,105,86,19,27.083333333333332,9.027777777777777,18.055555555555554,72.91666666666666,59.72222222222222,13.194444444444445
E00055135,121,39,9,30,82,73,9,32.231404958677686,7.43801652892562,24.793388429752067,67.76859504132231,60.33057851239669,7.43801652892562
E00055136,165,50,15,35,115,96,19,30.303030303030305,9.090909090909092,21.21212121212121,69.6969696969697,58.18181818181818,11.515151515151516
E00055137,171,48,16,32,123,107,16,28.07017543859649,9.35672514619883,18.71345029239766,71.9298245614035,62.57309941520468,9.35672514619883
E00055138,155,64,21,43,91,74,17,41.29032258064516,13.548387096774196,27.741935483870968,58.70967741935483,47.74193548387097,10.967741935483872
E00055139,56,17,7,10,39,31,8,30.357142857142854,12.5,17.857142857142858,69.64285714285714,55.35714285714286,14.285714285714285
E00055140,136,42,11,31,94,85,9,30.88235294117647,8.088235294117647,22.794117647058822,69.11764705882352,62.5,6.61764705882353
E00055141,160,45,5,40,115,106,9,28.125,3.125,25,71.875,66.25,5.625
E00055142,141,42,11,31,99,86,13,29.78723404255319,7.801418439716312,21.98581560283688,70.2127659574468,60.99290780141844,9.219858156028367
E00055143,112,36,9,27,76,63,13,32.142857142857146,8.035714285714286,24.107142857142858,67.85714285714286,56.25,11.607142857142858
E00055144,125,49,15,34,76,68,8,39.2,12,27.200000000000003,60.8,54.400000000000006,6.4
E00055145,136,42,11,31,94,85,9,30.88235294117647,8.088235294117647,22.794117647058822,69.11764705882352,62.5,6.61764705882353
E00055146,154,51,12,39,103,83,20,33.116883116883116,7.792207792207792,25.324675324675322,66.88311688311688,53.896103896103895,12.987012987012985
E00055147,84,28,7,21,56,49,7,33.33333333333333,8.333333333333332,25,66.66666666666666,58.333333333333336,8.333333333333332
E00055148,96,25,9,16,71,65,6,26.041666666666668,9.375,16.666666666666664,73.95833333333334,67.70833333333334,6.25
E00055149,105,42,10,32,63,53,10,40,9.523809523809524,30.476190476190478,60,50.476190476190474,9.523809523809524
E00055150,75,33,7,26,42,42,0,44,9.333333333333334,34.66666666666667,56.00000000000001,56.00000000000001,0
E00055151,205,58,16,42,147,125,22,28.292682926829265,7.804878048780488,20.48780487804878,71.70731707317073,60.97560975609756,10.731707317073171
E00055152,90,21,4,17,69,63,6,23.333333333333332,4.444444444444445,18.88888888888889,76.66666666666667,70,6.666666666666667
E00055153,111,35,11,24,76,62,14,31.53153153153153,9.90990990990991,21.62162162162162,68.46846846846847,55.85585585585585,12.612612612612612
E00055154,116,30,6,24,86,78,8,25.862068965517242,5.172413793103448,20.689655172413794,74.13793103448276,67.24137931034483,6.896551724137931
E00055155,142,39,9,30,103,89,14,27.464788732394368,6.338028169014084,21.12676056338028,72.53521126760563,62.676056338028175,9.859154929577464
E00055156,106,38,5,33,68,60,8,35.84905660377358,4.716981132075472,31.132075471698112,64.15094339622641,56.60377358490566,7.547169811320755
E00055157,157,45,14,31,112,99,13,28.662420382165603,8.9171974522293,19.745222929936308,71.3375796178344,63.05732484076433,8.280254777070063
E00055158,109,35,7,28,74,68,6,32.11009174311927,6.422018348623854,25.688073394495415,67.88990825688074,62.38532110091744,5.5045871559633035
E00055159,100,33,9,24,67,64,3,33,9,24,67,64,3
E00055160,60,21,7,14,39,35,4,35,11.666666666666666,23.333333333333332,65,58.333333333333336,6.666666666666667
E00055161,133,36,7,29,97,91,6,27.06766917293233,5.263157894736842,21.804511278195488,72.93233082706767,68.42105263157895,4.511278195488721
E00055162,185,44,11,33,141,121,20,23.783783783783786,5.9459459459459465,17.83783783783784,76.21621621621621,65.4054054054054,10.81081081081081
E00055163,217,58,23,35,159,144,15,26.72811059907834,10.599078341013826,16.129032258064516,73.27188940092167,66.3594470046083,6.912442396313365
E00055164,103,46,21,25,57,54,3,44.66019417475729,20.388349514563107,24.271844660194176,55.33980582524271,52.42718446601942,2.912621359223301
E00055165,108,30,9,21,78,71,7,27.77777777777778,8.333333333333332,19.444444444444446,72.22222222222221,65.74074074074075,6.481481481481481
E00055166,204,64,15,49,140,124,16,31.372549019607842,7.352941176470589,24.019607843137255,68.62745098039215,60.78431372549019,7.8431372549019605
E00055167,155,46,11,35,109,101,8,29.677419354838708,7.096774193548387,22.58064516129032,70.3225806451613,65.16129032258064,5.161290322580645
E00055168,102,39,15,24,63,54,9,38.23529411764706,14.705882352941178,23.52941176470588,61.76470588235294,52.94117647058824,8.823529411764707
E00055169,277,73,15,58,204,178,26,26.353790613718413,5.415162454873646,20.938628158844764,73.6462093862816,64.25992779783394,9.386281588447654
E00055170,193,52,12,40,141,125,16,26.94300518134715,6.217616580310881,20.72538860103627,73.05699481865285,64.76683937823834,8.290155440414509
E00055171,97,25,8,17,72,66,6,25.773195876288657,8.24742268041237,17.525773195876287,74.22680412371135,68.04123711340206,6.185567010309279
E00055172,92,34,5,29,58,51,7,36.95652173913043,5.434782608695652,31.521739130434785,63.04347826086957,55.434782608695656,7.608695652173914
E00055173,85,26,10,16,59,59,0,30.58823529411765,11.76470588235294,18.823529411764707,69.41176470588235,69.41176470588235,0
E00055174,133,40,12,28,93,82,11,30.075187969924812,9.022556390977442,21.052631578947366,69.92481203007519,61.65413533834586,8.270676691729323
E00055175,114,28,12,16,86,70,16,24.561403508771928,10.526315789473683,14.035087719298245,75.43859649122807,61.40350877192983,14.035087719298245
E00055176,163,41,11,30,122,105,17,25.153374233128833,6.748466257668712,18.404907975460123,74.84662576687117,64.41717791411043,10.429447852760736
E00055177,136,40,19,21,96,85,11,29.411764705882355,13.970588235294118,15.441176470588236,70.58823529411765,62.5,8.088235294117647
E00055178,139,38,5,33,101,92,9,27.33812949640288,3.5971223021582732,23.741007194244602,72.66187050359713,66.18705035971223,6.474820143884892
E00055179,136,46,12,34,90,79,11,33.82352941176471,8.823529411764707,25,66.17647058823529,58.08823529411765,8.088235294117647
E00055180,131,39,7,32,92,83,9,29.770992366412212,5.343511450381679,24.427480916030532,70.22900763358778,63.358778625954194,6.870229007633588
E00055181,148,46,16,30,102,89,13,31.08108108108108,10.81081081081081,20.27027027027027,68.91891891891892,60.13513513513513,8.783783783783784
E00055182,155,31,8,23,124,117,7,20,5.161290322580645,14.838709677419354,80,75.48387096774194,4.516129032258064
E00055183,119,32,9,23,87,81,6,26.89075630252101,7.563025210084033,19.327731092436977,73.10924369747899,68.0672268907563,5.042016806722689
E00055184,114,41,12,29,73,64,9,35.96491228070175,10.526315789473683,25.438596491228072,64.03508771929825,56.14035087719298,7.894736842105263
E00055185,138,31,12,19,107,91,16,22.463768115942027,8.695652173913043,13.768115942028986,77.53623188405797,65.94202898550725,11.594202898550725
E00055186,129,50,16,34,79,61,18,38.759689922480625,12.4031007751938,26.356589147286826,61.240310077519375,47.286821705426355,13.953488372093023
E00055187,150,40,16,24,110,100,10,26.666666666666668,10.666666666666668,16,73.33333333333333,66.66666666666666,6.666666666666667
E00055188,119,33,9,24,86,75,11,27.73109243697479,7.563025210084033,20.168067226890756,72.26890756302521,63.02521008403361,9.243697478991598
E00055189,109,30,13,17,79,70,9,27.522935779816514,11.926605504587156,15.59633027522936,72.47706422018348,64.22018348623854,8.256880733944955
E00055190,196,55,17,38,141,121,20,28.061224489795915,8.673469387755102,19.387755102040817,71.93877551020408,61.73469387755102,10.204081632653061
E00055191,166,49,13,36,117,103,14,29.518072289156628,7.83132530120482,21.686746987951807,70.48192771084338,62.048192771084345,8.433734939759036
E00055192,169,45,14,31,124,107,17,26.627218934911244,8.284023668639055,18.34319526627219,73.37278106508876,63.31360946745562,10.059171597633137
E00055193,182,59,21,38,123,97,26,32.417582417582416,11.538461538461538,20.87912087912088,67.58241758241759,53.2967032967033,14.285714285714285
E00055194,156,47,15,32,109,100,9,30.128205128205128,9.615384615384617,20.51282051282051,69.87179487179486,64.1025641025641,5.769230769230769
E00055195,21,6,2,4,15,13,2,28.57142857142857,9.523809523809524,19.047619047619047,71.42857142857143,61.904761904761905,9.523809523809524
E00055196,144,37,9,28,107,93,14,25.694444444444443,6.25,19.444444444444446,74.30555555555556,64.58333333333334,9.722222222222223
E00055197,149,52,15,37,97,87,10,34.899328859060404,10.06711409395973,24.832214765100673,65.1006711409396,58.38926174496645,6.7114093959731544
E00055198,166,58,14,44,108,86,22,34.93975903614458,8.433734939759036,26.506024096385545,65.06024096385542,51.80722891566265,13.253012048192772
E00055199,148,37,7,30,111,89,22,25,4.72972972972973,20.27027027027027,75,60.13513513513513,14.864864864864865
E00055200,148,45,9,36,103,95,8,30.405405405405407,6.081081081081082,24.324324324324326,69.5945945945946,64.1891891891892,5.405405405405405
E00055201,160,40,12,28,120,103,17,25,7.5,17.5,75,64.375,10.625
E00055202,138,40,17,23,98,86,12,28.985507246376812,12.318840579710146,16.666666666666664,71.01449275362319,62.31884057971014,8.695652173913043
E00055203,140,58,18,40,82,71,11,41.42857142857143,12.857142857142856,28.57142857142857,58.57142857142858,50.71428571428571,7.857142857142857
E00055204,111,36,9,27,75,65,10,32.432432432432435,8.108108108108109,24.324324324324326,67.56756756756756,58.55855855855856,9.00900900900901
E00055205,107,35,13,22,72,63,9,32.71028037383177,12.149532710280374,20.5607476635514,67.28971962616822,58.87850467289719,8.411214953271028
E00055206,159,50,20,30,109,92,17,31.446540880503143,12.578616352201259,18.867924528301888,68.55345911949685,57.861635220125784,10.69182389937107
E00055207,166,50,14,36,116,97,19,30.120481927710845,8.433734939759036,21.686746987951807,69.87951807228916,58.43373493975904,11.44578313253012
E00055208,96,34,11,23,62,56,6,35.41666666666667,11.458333333333332,23.958333333333336,64.58333333333334,58.333333333333336,6.25
E00055209,168,66,24,42,102,82,20,39.285714285714285,14.285714285714285,25,60.71428571428571,48.80952380952381,11.904761904761903
E00055210,167,46,13,33,121,103,18,27.54491017964072,7.784431137724551,19.760479041916167,72.45508982035929,61.67664670658682,10.778443113772456
E00055211,180,55,14,41,125,106,19,30.555555555555557,7.777777777777778,22.77777777777778,69.44444444444444,58.88888888888889,10.555555555555555
E00055212,119,38,12,26,81,74,7,31.932773109243694,10.084033613445378,21.84873949579832,68.0672268907563,62.18487394957983,5.88235294117647
E00055213,174,59,19,40,115,97,18,33.90804597701149,10.919540229885058,22.988505747126435,66.0919540229885,55.74712643678161,10.344827586206897
E00055214,117,40,6,34,77,72,5,34.18803418803419,5.128205128205128,29.059829059829063,65.8119658119658,61.53846153846154,4.273504273504273
E00055215,204,72,27,45,132,102,30,35.294117647058826,13.23529411764706,22.058823529411764,64.70588235294117,50,14.705882352941178
E00055216,156,35,9,26,121,103,18,22.435897435897438,5.769230769230769,16.666666666666664,77.56410256410257,66.02564102564102,11.538461538461538
E00055217,102,33,8,25,69,63,6,32.35294117647059,7.8431372549019605,24.509803921568626,67.64705882352942,61.76470588235294,5.88235294117647
E00055218,77,24,7,17,53,45,8,31.16883116883117,9.090909090909092,22.07792207792208,68.83116883116884,58.44155844155844,10.38961038961039
E00055219,86,31,8,23,55,46,9,36.04651162790697,9.30232558139535,26.744186046511626,63.95348837209303,53.48837209302325,10.465116279069768
E00055220,116,33,8,25,83,68,15,28.448275862068968,6.896551724137931,21.551724137931032,71.55172413793103,58.620689655172406,12.931034482758621
E00055221,146,48,15,33,98,84,14,32.87671232876712,10.273972602739725,22.602739726027394,67.12328767123287,57.534246575342465,9.58904109589041
E00055222,128,39,11,28,89,83,6,30.46875,8.59375,21.875,69.53125,64.84375,4.6875
E00055223,186,60,25,35,126,98,28,32.25806451612903,13.440860215053762,18.817204301075268,67.74193548387096,52.68817204301075,15.053763440860216
E00055224,168,45,17,28,123,96,27,26.785714285714285,10.119047619047619,16.666666666666664,73.21428571428571,57.14285714285714,16.071428571428573
E00055225,133,40,17,23,93,83,10,30.075187969924812,12.781954887218044,17.293233082706767,69.92481203007519,62.40601503759399,7.518796992481203
E00055226,90,38,11,27,52,41,11,42.22222222222222,12.222222222222221,30,57.77777777777777,45.55555555555556,12.222222222222221
E00055228,201,49,17,32,152,123,29,24.378109452736318,8.45771144278607,15.92039800995025,75.62189054726367,61.19402985074627,14.427860696517413
E00055229,167,43,15,28,124,102,22,25.748502994011975,8.982035928143713,16.766467065868262,74.25149700598801,61.07784431137725,13.17365269461078
E00055230,117,39,10,29,78,61,17,33.33333333333333,8.547008547008547,24.786324786324787,66.66666666666666,52.13675213675214,14.529914529914532
E00055231,168,53,22,31,115,86,29,31.547619047619047,13.095238095238097,18.452380952380953,68.45238095238095,51.19047619047619,17.261904761904763
E00055232,109,31,8,23,78,62,16,28.440366972477065,7.339449541284404,21.100917431192663,71.55963302752293,56.88073394495413,14.678899082568808
E00055233,300,82,30,52,218,181,37,27.333333333333332,10,17.333333333333336,72.66666666666667,60.333333333333336,12.333333333333334
E00055234,183,52,14,38,131,91,40,28.415300546448087,7.650273224043716,20.76502732240437,71.58469945355192,49.72677595628415,21.85792349726776
E00055236,305,84,32,52,221,174,47,27.54098360655738,10.491803278688524,17.04918032786885,72.45901639344262,57.049180327868854,15.40983606557377
E00055237,159,52,18,34,107,81,26,32.70440251572327,11.320754716981133,21.38364779874214,67.29559748427673,50.943396226415096,16.352201257861633
E00055238,96,26,7,19,70,60,10,27.083333333333332,7.291666666666667,19.791666666666664,72.91666666666666,62.5,10.416666666666668
E00055239,126,29,10,19,97,77,20,23.015873015873016,7.936507936507936,15.079365079365079,76.98412698412699,61.111111111111114,15.873015873015872
E00055240,205,77,30,47,128,106,22,37.5609756097561,14.634146341463413,22.926829268292686,62.4390243902439,51.707317073170735,10.731707317073171
E00055241,151,46,17,29,105,81,24,30.4635761589404,11.258278145695364,19.205298013245034,69.5364238410596,53.64238410596026,15.894039735099339
E00055242,135,36,8,28,99,90,9,26.666666666666668,5.9259259259259265,20.74074074074074,73.33333333333333,66.66666666666666,6.666666666666667
E00055243,122,39,17,22,83,65,18,31.967213114754102,13.934426229508196,18.0327868852459,68.0327868852459,53.278688524590166,14.754098360655737
E00055244,138,38,14,24,100,83,17,27.536231884057973,10.144927536231885,17.391304347826086,72.46376811594203,60.14492753623188,12.318840579710146
E00055245,175,42,17,25,133,92,41,24,9.714285714285714,14.285714285714285,76,52.57142857142857,23.42857142857143
E00055246,185,56,6,50,129,113,16,30.270270270270274,3.2432432432432434,27.027027027027028,69.72972972972973,61.08108108108108,8.64864864864865
E00055247,111,32,10,22,79,76,3,28.82882882882883,9.00900900900901,19.81981981981982,71.17117117117117,68.46846846846847,2.7027027027027026
E00055248,113,31,9,22,82,75,7,27.43362831858407,7.964601769911504,19.469026548672566,72.56637168141593,66.3716814159292,6.1946902654867255
E00055249,147,37,6,31,110,105,5,25.170068027210885,4.081632653061225,21.08843537414966,74.82993197278913,71.42857142857143,3.4013605442176873
E00055250,137,46,20,26,91,80,11,33.57664233576642,14.5985401459854,18.97810218978102,66.42335766423358,58.3941605839416,8.02919708029197
E00055251,199,39,11,28,160,137,23,19.597989949748744,5.527638190954774,14.07035175879397,80.40201005025126,68.84422110552764,11.557788944723619
E00055252,91,32,15,17,59,54,5,35.16483516483517,16.483516483516482,18.681318681318682,64.83516483516483,59.34065934065934,5.4945054945054945
E00055253,141,45,18,27,96,87,9,31.914893617021278,12.76595744680851,19.148936170212767,68.08510638297872,61.702127659574465,6.382978723404255
E00055254,130,35,13,22,95,85,10,26.923076923076923,10,16.923076923076923,73.07692307692307,65.38461538461539,7.6923076923076925
E00055255,148,46,15,31,102,91,11,31.08108108108108,10.135135135135135,20.945945945945947,68.91891891891892,61.48648648648649,7.4324324324324325
E00055256,141,41,14,27,100,94,6,29.078014184397162,9.929078014184398,19.148936170212767,70.92198581560284,66.66666666666666,4.25531914893617
E00055257,137,44,12,32,93,87,6,32.11678832116788,8.75912408759124,23.357664233576642,67.88321167883211,63.503649635036496,4.37956204379562
E00055258,123,40,11,29,83,71,12,32.52032520325203,8.94308943089431,23.577235772357724,67.47967479674797,57.72357723577236,9.75609756097561
E00055260,201,44,12,32,157,136,21,21.890547263681594,5.970149253731343,15.92039800995025,78.1094527363184,67.66169154228857,10.44776119402985
E00055261,132,55,19,36,77,69,8,41.66666666666667,14.393939393939394,27.27272727272727,58.333333333333336,52.27272727272727,6.0606060606060606
E00055262,134,41,12,29,93,87,6,30.597014925373134,8.955223880597014,21.641791044776117,69.40298507462687,64.92537313432835,4.477611940298507
E00055264,39,18,3,15,21,15,6,46.15384615384615,7.6923076923076925,38.46153846153847,53.84615384615385,38.46153846153847,15.384615384615385
E00055266,44,20,2,18,24,19,5,45.45454545454545,4.545454545454546,40.909090909090914,54.54545454545454,43.18181818181818,11.363636363636363
E00055267,137,62,14,48,75,66,9,45.25547445255474,10.218978102189782,35.03649635036496,54.74452554744526,48.175182481751825,6.569343065693431
E00055268,24,10,5,5,14,11,3,41.66666666666667,20.833333333333336,20.833333333333336,58.333333333333336,45.83333333333333,12.5
E00055269,111,61,14,47,50,46,4,54.95495495495496,12.612612612612612,42.34234234234234,45.04504504504504,41.44144144144144,3.6036036036036037
E00055270,94,42,9,33,52,46,6,44.680851063829785,9.574468085106384,35.1063829787234,55.319148936170215,48.93617021276596,6.382978723404255
E00055271,26,15,7,8,11,10,1,57.692307692307686,26.923076923076923,30.76923076923077,42.30769230769231,38.46153846153847,3.8461538461538463
E00055272,172,80,25,55,92,78,14,46.51162790697674,14.534883720930234,31.976744186046513,53.48837209302325,45.348837209302324,8.13953488372093
E00055273,104,54,17,37,50,43,7,51.92307692307693,16.346153846153847,35.57692307692308,48.07692307692308,41.34615384615385,6.730769230769231
E00055274,180,75,28,47,105,100,5,41.66666666666667,15.555555555555555,26.111111111111114,58.333333333333336,55.55555555555556,2.7777777777777777
E00055275,115,60,23,37,55,46,9,52.17391304347826,20,32.17391304347826,47.82608695652174,40,7.82608695652174
E00055276,52,15,8,7,37,34,3,28.846153846153843,15.384615384615385,13.461538461538462,71.15384615384616,65.38461538461539,5.769230769230769
E00055277,118,53,13,40,65,61,4,44.91525423728814,11.016949152542372,33.89830508474576,55.08474576271186,51.69491525423729,3.389830508474576
E00055278,142,59,30,29,83,72,11,41.54929577464789,21.12676056338028,20.422535211267608,58.45070422535211,50.70422535211267,7.746478873239436
E00055279,67,34,10,24,33,33,0,50.74626865671642,14.925373134328357,35.82089552238806,49.25373134328358,49.25373134328358,0
E00055280,127,66,15,51,61,57,4,51.96850393700787,11.811023622047244,40.15748031496063,48.031496062992126,44.881889763779526,3.149606299212598
E00055281,127,58,19,39,69,61,8,45.66929133858268,14.960629921259844,30.708661417322837,54.330708661417326,48.031496062992126,6.299212598425196
E00055282,99,29,13,16,70,60,10,29.292929292929294,13.131313131313133,16.161616161616163,70.70707070707071,60.60606060606061,10.1010101010101
E00055283,262,72,32,40,190,162,28,27.480916030534353,12.213740458015266,15.267175572519085,72.51908396946564,61.832061068702295,10.687022900763358
E00055284,104,30,12,18,74,65,9,28.846153846153843,11.538461538461538,17.307692307692307,71.15384615384616,62.5,8.653846153846153
E00055285,128,34,13,21,94,82,12,26.5625,10.15625,16.40625,73.4375,64.0625,9.375
E00055286,146,46,18,28,100,90,10,31.506849315068493,12.32876712328767,19.17808219178082,68.4931506849315,61.64383561643836,6.8493150684931505
E00055287,199,53,19,34,146,133,13,26.633165829145728,9.547738693467336,17.08542713567839,73.36683417085426,66.83417085427136,6.532663316582915
E00055288,126,38,9,29,88,76,12,30.158730158730158,7.142857142857142,23.015873015873016,69.84126984126983,60.317460317460316,9.523809523809524
E00055289,160,44,11,33,116,106,10,27.500000000000004,6.875000000000001,20.625,72.5,66.25,6.25
E00055290,112,32,9,23,80,73,7,28.57142857142857,8.035714285714286,20.535714285714285,71.42857142857143,65.17857142857143,6.25
E00055291,217,61,26,35,156,128,28,28.110599078341014,11.981566820276496,16.129032258064516,71.88940092165899,58.986175115207374,12.903225806451612
E00055292,156,48,21,27,108,89,19,30.76923076923077,13.461538461538462,17.307692307692307,69.23076923076923,57.05128205128205,12.179487179487179
E00055294,171,57,21,36,114,98,16,33.33333333333333,12.280701754385964,21.052631578947366,66.66666666666666,57.30994152046783,9.35672514619883
E00055295,106,42,18,24,64,45,19,39.62264150943396,16.9811320754717,22.641509433962266,60.37735849056604,42.45283018867924,17.92452830188679
E00055296,106,42,13,29,64,64,0,39.62264150943396,12.264150943396226,27.358490566037734,60.37735849056604,60.37735849056604,0
E00055297,135,42,23,19,93,80,13,31.11111111111111,17.037037037037038,14.074074074074074,68.88888888888889,59.25925925925925,9.62962962962963
E00055298,134,43,8,35,91,81,10,32.08955223880597,5.970149253731343,26.119402985074625,67.91044776119402,60.447761194029844,7.462686567164178
E00055299,154,57,25,32,97,79,18,37.01298701298701,16.233766233766232,20.77922077922078,62.98701298701299,51.298701298701296,11.688311688311687
E00055300,133,37,14,23,96,85,11,27.819548872180448,10.526315789473683,17.293233082706767,72.18045112781954,63.90977443609023,8.270676691729323
E00055301,163,56,17,39,107,93,14,34.355828220858896,10.429447852760736,23.92638036809816,65.6441717791411,57.05521472392638,8.588957055214724
E00055302,150,43,19,24,107,85,22,28.666666666666668,12.666666666666668,16,71.33333333333334,56.666666666666664,14.666666666666666
E00055303,183,55,14,41,128,107,21,30.05464480874317,7.650273224043716,22.404371584699454,69.94535519125684,58.46994535519126,11.475409836065573
E00055304,129,50,21,29,79,65,14,38.759689922480625,16.27906976744186,22.48062015503876,61.240310077519375,50.3875968992248,10.852713178294573
E00055305,143,42,14,28,101,78,23,29.37062937062937,9.79020979020979,19.58041958041958,70.62937062937063,54.54545454545454,16.083916083916083
E00055306,138,52,18,34,86,73,13,37.68115942028986,13.043478260869565,24.637681159420293,62.31884057971014,52.89855072463768,9.420289855072465
E00055307,19,6,2,4,13,12,1,31.57894736842105,10.526315789473683,21.052631578947366,68.42105263157895,63.1578947368421,5.263157894736842
E00055308,117,51,16,35,66,54,12,43.58974358974359,13.675213675213676,29.914529914529915,56.41025641025641,46.15384615384615,10.256410256410255
E00055309,161,48,17,31,113,97,16,29.81366459627329,10.559006211180124,19.25465838509317,70.1863354037267,60.24844720496895,9.937888198757763
E00055310,143,51,25,26,92,84,8,35.66433566433567,17.482517482517483,18.181818181818183,64.33566433566433,58.74125874125874,5.594405594405594
E00055311,116,41,17,24,75,67,8,35.3448275862069,14.655172413793101,20.689655172413794,64.65517241379311,57.758620689655174,6.896551724137931
E00055312,59,32,9,23,27,24,3,54.23728813559322,15.254237288135593,38.983050847457626,45.76271186440678,40.67796610169492,5.084745762711865
E00055313,142,50,12,38,92,84,8,35.2112676056338,8.450704225352112,26.76056338028169,64.7887323943662,59.154929577464785,5.633802816901409
E00055314,106,28,9,19,78,69,9,26.41509433962264,8.49056603773585,17.92452830188679,73.58490566037736,65.09433962264151,8.49056603773585
E00055315,153,39,6,33,114,98,16,25.49019607843137,3.9215686274509802,21.568627450980394,74.50980392156863,64.05228758169935,10.457516339869281
E00055316,149,42,13,29,107,90,17,28.187919463087248,8.724832214765101,19.463087248322147,71.81208053691275,60.40268456375839,11.409395973154362
E00055318,141,49,16,33,92,79,13,34.751773049645394,11.347517730496454,23.404255319148938,65.24822695035462,56.02836879432624,9.219858156028367
E00055319,130,38,22,16,92,86,6,29.230769230769234,16.923076923076923,12.307692307692308,70.76923076923077,66.15384615384615,4.615384615384616
E00055320,121,31,9,22,90,80,10,25.6198347107438,7.43801652892562,18.181818181818183,74.3801652892562,66.11570247933885,8.264462809917356
E00055321,109,28,6,22,81,74,7,25.688073394495415,5.5045871559633035,20.18348623853211,74.31192660550458,67.88990825688074,6.422018348623854
E00055322,115,30,12,18,85,75,10,26.08695652173913,10.434782608695652,15.65217391304348,73.91304347826086,65.21739130434783,8.695652173913043
E00055323,208,56,19,37,152,131,21,26.923076923076923,9.134615384615383,17.78846153846154,73.07692307692307,62.980769230769226,10.096153846153847
E00055324,190,46,16,30,144,126,18,24.210526315789473,8.421052631578947,15.789473684210526,75.78947368421053,66.3157894736842,9.473684210526317
E00055325,181,34,12,22,147,129,18,18.784530386740332,6.629834254143646,12.154696132596685,81.21546961325967,71.27071823204419,9.94475138121547
E00055326,135,48,15,33,87,73,14,35.55555555555556,11.11111111111111,24.444444444444443,64.44444444444444,54.074074074074076,10.37037037037037
E00055327,150,51,16,35,99,89,10,34,10.666666666666668,23.333333333333332,66,59.333333333333336,6.666666666666667
E00055328,117,38,13,25,79,73,6,32.47863247863248,11.11111111111111,21.367521367521366,67.52136752136752,62.39316239316239,5.128205128205128
E00055333,177,49,10,39,128,110,18,27.683615819209038,5.649717514124294,22.033898305084744,72.31638418079096,62.14689265536724,10.16949152542373
E00055334,98,34,13,21,64,58,6,34.69387755102041,13.26530612244898,21.428571428571427,65.3061224489796,59.183673469387756,6.122448979591836
E00055335,140,56,17,39,84,76,8,40,12.142857142857142,27.857142857142858,60,54.285714285714285,5.714285714285714
E00055336,56,26,7,19,30,26,4,46.42857142857143,12.5,33.92857142857143,53.57142857142857,46.42857142857143,7.142857142857142
E00055337,209,70,25,45,139,116,23,33.49282296650718,11.961722488038278,21.5311004784689,66.50717703349282,55.50239234449761,11.004784688995215
E00055338,134,50,13,37,84,75,9,37.3134328358209,9.701492537313433,27.611940298507463,62.68656716417911,55.970149253731336,6.7164179104477615
E00055339,284,71,14,57,213,187,26,25,4.929577464788732,20.070422535211268,75,65.84507042253522,9.15492957746479
E00055340,58,14,2,12,44,43,1,24.137931034482758,3.4482758620689653,20.689655172413794,75.86206896551724,74.13793103448276,1.7241379310344827
E00055341,175,46,14,32,129,113,16,26.285714285714285,8,18.285714285714285,73.71428571428571,64.57142857142857,9.142857142857142
E00055342,112,25,6,19,87,82,5,22.321428571428573,5.357142857142857,16.964285714285715,77.67857142857143,73.21428571428571,4.464285714285714
E00055343,151,37,10,27,114,97,17,24.503311258278146,6.622516556291391,17.880794701986755,75.49668874172185,64.23841059602648,11.258278145695364
E00055344,182,49,12,37,133,119,14,26.923076923076923,6.593406593406594,20.32967032967033,73.07692307692307,65.38461538461539,7.6923076923076925
E00055345,174,60,21,39,114,100,14,34.48275862068966,12.068965517241379,22.413793103448278,65.51724137931035,57.47126436781609,8.045977011494253
E00055346,170,48,13,35,122,108,14,28.235294117647058,7.647058823529412,20.588235294117645,71.76470588235294,63.52941176470588,8.235294117647058
E00055347,170,53,22,31,117,95,22,31.176470588235293,12.941176470588237,18.235294117647058,68.82352941176471,55.88235294117647,12.941176470588237
E00055348,185,43,15,28,142,129,13,23.243243243243246,8.108108108108109,15.135135135135137,76.75675675675676,69.72972972972973,7.027027027027027
E00055349,105,30,9,21,75,61,14,28.57142857142857,8.571428571428571,20,71.42857142857143,58.0952380952381,13.333333333333334
E00055350,165,43,14,29,122,106,16,26.060606060606062,8.484848484848486,17.575757575757574,73.93939393939394,64.24242424242425,9.696969696969697
E00055351,206,59,24,35,147,136,11,28.640776699029125,11.650485436893204,16.990291262135923,71.35922330097088,66.01941747572816,5.339805825242718
E00055352,100,31,4,27,69,56,13,31,4,27,69,56.00000000000001,13
E00055353,141,42,14,28,99,93,6,29.78723404255319,9.929078014184398,19.858156028368796,70.2127659574468,65.95744680851064,4.25531914893617
E00055354,145,35,8,27,110,95,15,24.137931034482758,5.517241379310345,18.620689655172416,75.86206896551724,65.51724137931035,10.344827586206897
E00055355,152,52,19,33,100,82,18,34.21052631578947,12.5,21.710526315789476,65.78947368421053,53.94736842105263,11.842105263157894
E00055356,128,45,19,26,83,72,11,35.15625,14.84375,20.3125,64.84375,56.25,8.59375
E00055357,115,46,8,38,69,64,5,40,6.956521739130435,33.04347826086956,60,55.65217391304348,4.3478260869565215
E00055358,172,61,22,39,111,94,17,35.46511627906977,12.790697674418606,22.674418604651162,64.53488372093024,54.65116279069767,9.883720930232558
E00055359,115,36,15,21,79,67,12,31.30434782608696,13.043478260869565,18.26086956521739,68.69565217391305,58.26086956521739,10.434782608695652
E00055360,141,51,23,28,90,78,12,36.17021276595745,16.312056737588655,19.858156028368796,63.829787234042556,55.319148936170215,8.51063829787234
E00055361,129,55,20,35,74,68,6,42.63565891472868,15.503875968992247,27.131782945736433,57.36434108527132,52.71317829457365,4.651162790697675
E00055362,182,52,17,35,130,100,30,28.57142857142857,9.340659340659341,19.230769230769234,71.42857142857143,54.94505494505495,16.483516483516482
E00055363,133,55,14,41,78,73,5,41.35338345864661,10.526315789473683,30.82706766917293,58.64661654135338,54.88721804511278,3.7593984962406015
E00055364,172,68,27,41,104,82,22,39.53488372093023,15.69767441860465,23.837209302325583,60.46511627906976,47.674418604651166,12.790697674418606
E00055365,115,36,7,29,79,69,10,31.30434782608696,6.086956521739131,25.217391304347824,68.69565217391305,60,8.695652173913043
E00055366,127,40,10,30,87,76,11,31.496062992125985,7.874015748031496,23.62204724409449,68.50393700787401,59.84251968503938,8.661417322834646
E00055367,120,53,18,35,67,59,8,44.166666666666664,15,29.166666666666668,55.833333333333336,49.166666666666664,6.666666666666667
E00055368,71,30,9,21,41,37,4,42.25352112676056,12.676056338028168,29.577464788732392,57.74647887323944,52.112676056338024,5.633802816901409
E00055369,143,43,8,35,100,89,11,30.069930069930066,5.594405594405594,24.475524475524477,69.93006993006993,62.23776223776224,7.6923076923076925
E00055370,155,57,14,43,98,87,11,36.774193548387096,9.032258064516128,27.741935483870968,63.2258064516129,56.12903225806451,7.096774193548387
E00055371,183,69,18,51,114,103,11,37.704918032786885,9.836065573770492,27.86885245901639,62.295081967213115,56.284153005464475,6.0109289617486334
E00055372,130,54,20,34,76,63,13,41.53846153846154,15.384615384615385,26.153846153846157,58.46153846153847,48.46153846153846,10
E00055373,181,59,21,38,122,104,18,32.59668508287293,11.602209944751381,20.994475138121548,67.40331491712708,57.4585635359116,9.94475138121547
E00055374,110,40,14,26,70,65,5,36.36363636363637,12.727272727272727,23.636363636363637,63.63636363636363,59.09090909090909,4.545454545454546
E00055375,121,40,14,26,81,63,18,33.057851239669425,11.570247933884298,21.487603305785125,66.94214876033058,52.066115702479344,14.87603305785124
E00055376,156,55,23,32,101,85,16,35.256410256410255,14.743589743589745,20.51282051282051,64.74358974358975,54.48717948717948,10.256410256410255
E00055377,149,46,9,37,103,89,14,30.87248322147651,6.0402684563758395,24.832214765100673,69.12751677852349,59.73154362416108,9.395973154362416
E00055378,158,38,10,28,120,106,14,24.050632911392405,6.329113924050633,17.72151898734177,75.9493670886076,67.08860759493672,8.860759493670885
E00055379,198,58,19,39,140,115,25,29.292929292929294,9.595959595959595,19.696969696969695,70.70707070707071,58.080808080808076,12.626262626262626
E00055380,140,57,15,42,83,71,12,40.714285714285715,10.714285714285714,30,59.285714285714285,50.71428571428571,8.571428571428571
E00055381,141,42,12,30,99,81,18,29.78723404255319,8.51063829787234,21.27659574468085,70.2127659574468,57.446808510638306,12.76595744680851
E00055382,88,36,17,19,52,46,6,40.909090909090914,19.318181818181817,21.59090909090909,59.09090909090909,52.27272727272727,6.8181818181818175
E00055383,104,52,20,32,52,47,5,50,19.230769230769234,30.76923076923077,50,45.19230769230769,4.807692307692308
E00055384,108,42,12,30,66,57,9,38.88888888888889,11.11111111111111,27.77777777777778,61.111111111111114,52.77777777777778,8.333333333333332
E00055386,102,40,12,28,62,57,5,39.21568627450981,11.76470588235294,27.450980392156865,60.78431372549019,55.88235294117647,4.901960784313726
E00055387,123,44,11,33,79,71,8,35.77235772357724,8.94308943089431,26.82926829268293,64.22764227642277,57.72357723577236,6.504065040650407
E00055388,126,38,13,25,88,78,10,30.158730158730158,10.317460317460316,19.841269841269842,69.84126984126983,61.904761904761905,7.936507936507936
E00055389,145,60,17,43,85,84,1,41.37931034482759,11.724137931034482,29.655172413793103,58.620689655172406,57.931034482758626,0.6896551724137931
E00055390,189,49,13,36,140,122,18,25.925925925925924,6.878306878306878,19.047619047619047,74.07407407407408,64.55026455026454,9.523809523809524
E00055391,131,29,15,14,102,84,18,22.137404580152673,11.450381679389313,10.687022900763358,77.86259541984732,64.12213740458014,13.740458015267176
E00055392,108,36,12,24,72,65,7,33.33333333333333,11.11111111111111,22.22222222222222,66.66666666666666,60.18518518518518,6.481481481481481
E00055393,147,37,12,25,110,104,6,25.170068027210885,8.16326530612245,17.006802721088434,74.82993197278913,70.74829931972789,4.081632653061225
E00055394,129,31,8,23,98,89,9,24.031007751937985,6.2015503875969,17.829457364341085,75.96899224806202,68.9922480620155,6.976744186046512
E00055395,148,43,6,37,105,92,13,29.054054054054053,4.054054054054054,25,70.94594594594594,62.16216216216216,8.783783783783784
E00055396,165,44,15,29,121,97,24,26.666666666666668,9.090909090909092,17.575757575757574,73.33333333333333,58.78787878787879,14.545454545454545
E00055397,302,80,26,54,222,190,32,26.490066225165563,8.609271523178808,17.880794701986755,73.50993377483444,62.913907284768214,10.596026490066226
E00055398,132,45,9,36,87,76,11,34.090909090909086,6.8181818181818175,27.27272727272727,65.9090909090909,57.57575757575758,8.333333333333332
E00055399,174,59,25,34,115,102,13,33.90804597701149,14.367816091954023,19.54022988505747,66.0919540229885,58.620689655172406,7.471264367816093
E00055400,239,75,26,49,164,141,23,31.380753138075313,10.87866108786611,20.502092050209207,68.6192468619247,58.995815899581594,9.623430962343097
E00055401,135,32,10,22,103,90,13,23.703703703703706,7.4074074074074066,16.296296296296298,76.29629629629629,66.66666666666666,9.62962962962963
E00055402,128,33,6,27,95,75,20,25.78125,4.6875,21.09375,74.21875,58.59375,15.625
E00055403,117,28,8,20,89,79,10,23.931623931623932,6.837606837606838,17.094017094017094,76.06837606837607,67.52136752136752,8.547008547008547
E00055404,76,23,8,15,53,42,11,30.263157894736842,10.526315789473683,19.736842105263158,69.73684210526315,55.26315789473685,14.473684210526317
E00055405,162,41,13,28,121,106,15,25.308641975308642,8.024691358024691,17.28395061728395,74.69135802469135,65.4320987654321,9.25925925925926
E00055406,144,44,11,33,100,83,17,30.555555555555557,7.638888888888889,22.916666666666664,69.44444444444444,57.638888888888886,11.805555555555555
E00055407,183,52,19,33,131,115,16,28.415300546448087,10.382513661202186,18.0327868852459,71.58469945355192,62.841530054644814,8.743169398907105
E00055409,18,8,1,7,10,9,1,44.44444444444444,5.555555555555555,38.88888888888889,55.55555555555556,50,5.555555555555555
E00055410,172,55,18,37,117,97,20,31.976744186046513,10.465116279069768,21.511627906976745,68.02325581395348,56.395348837209305,11.627906976744185
E00055413,107,31,7,24,76,71,5,28.971962616822427,6.5420560747663545,22.429906542056074,71.02803738317756,66.35514018691589,4.672897196261682
E00055414,78,37,10,27,41,39,2,47.43589743589743,12.82051282051282,34.61538461538461,52.56410256410257,50,2.564102564102564
E00055415,136,57,20,37,79,70,9,41.911764705882355,14.705882352941178,27.205882352941174,58.08823529411765,51.470588235294116,6.61764705882353
E00055416,111,59,24,35,52,50,2,53.153153153153156,21.62162162162162,31.53153153153153,46.846846846846844,45.04504504504504,1.8018018018018018
E00055417,95,47,11,36,48,48,0,49.473684210526315,11.578947368421053,37.89473684210527,50.526315789473685,50.526315789473685,0
E00055418,126,50,17,33,76,73,3,39.682539682539684,13.492063492063492,26.190476190476193,60.317460317460316,57.936507936507944,2.380952380952381
E00055419,75,23,9,14,52,45,7,30.666666666666664,12,18.666666666666668,69.33333333333334,60,9.333333333333334
E00055420,170,41,8,33,129,115,14,24.11764705882353,4.705882352941177,19.411764705882355,75.88235294117646,67.64705882352942,8.235294117647058
E00055421,133,46,25,21,87,76,11,34.58646616541353,18.796992481203006,15.789473684210526,65.41353383458647,57.14285714285714,8.270676691729323
E00055422,134,65,25,40,69,57,12,48.507462686567166,18.65671641791045,29.850746268656714,51.49253731343284,42.53731343283582,8.955223880597014
E00055423,155,65,21,44,90,86,4,41.935483870967744,13.548387096774196,28.387096774193548,58.06451612903226,55.483870967741936,2.5806451612903225
E00055424,157,40,8,32,117,100,17,25.477707006369428,5.095541401273886,20.382165605095544,74.52229299363057,63.69426751592356,10.828025477707007
E00055425,199,37,7,30,162,141,21,18.592964824120603,3.5175879396984926,15.07537688442211,81.4070351758794,70.85427135678391,10.552763819095476
E00055426,128,38,6,32,90,77,13,29.6875,4.6875,25,70.3125,60.15625,10.15625
E00055427,206,60,18,42,146,133,13,29.126213592233007,8.737864077669903,20.388349514563107,70.87378640776699,64.56310679611651,6.310679611650485
E00055428,143,41,19,22,102,91,11,28.671328671328673,13.286713286713287,15.384615384615385,71.32867132867133,63.63636363636363,7.6923076923076925
E00055430,155,64,15,49,91,88,3,41.29032258064516,9.67741935483871,31.61290322580645,58.70967741935483,56.774193548387096,1.935483870967742
E00055431,120,40,8,32,80,74,6,33.33333333333333,6.666666666666667,26.666666666666668,66.66666666666666,61.66666666666667,5
E00055432,133,69,19,50,64,62,2,51.8796992481203,14.285714285714285,37.59398496240601,48.1203007518797,46.616541353383454,1.5037593984962405
E00055433,98,32,8,24,66,58,8,32.6530612244898,8.16326530612245,24.489795918367346,67.3469387755102,59.183673469387756,8.16326530612245
E00055434,146,54,17,37,92,83,9,36.986301369863014,11.643835616438356,25.34246575342466,63.013698630136986,56.849315068493155,6.164383561643835
E00055435,116,52,13,39,64,61,3,44.827586206896555,11.206896551724139,33.62068965517241,55.172413793103445,52.58620689655172,2.586206896551724
E00055436,128,57,17,40,71,62,9,44.53125,13.28125,31.25,55.46875,48.4375,7.03125
E00055437,102,42,8,34,60,49,11,41.17647058823529,7.8431372549019605,33.33333333333333,58.82352941176471,48.03921568627451,10.784313725490197
E00055438,132,44,11,33,88,78,10,33.33333333333333,8.333333333333332,25,66.66666666666666,59.09090909090909,7.575757575757576
E00055439,101,31,8,23,70,67,3,30.693069306930692,7.920792079207921,22.772277227722775,69.3069306930693,66.33663366336634,2.9702970297029703
E00055440,102,49,14,35,53,43,10,48.03921568627451,13.725490196078432,34.31372549019608,51.9607843137255,42.15686274509804,9.803921568627452
E00055441,132,36,8,28,96,87,9,27.27272727272727,6.0606060606060606,21.21212121212121,72.72727272727273,65.9090909090909,6.8181818181818175
E00055442,124,49,15,34,75,66,9,39.516129032258064,12.096774193548388,27.419354838709676,60.483870967741936,53.2258064516129,7.258064516129033
E00055443,124,57,15,42,67,61,6,45.96774193548387,12.096774193548388,33.87096774193548,54.03225806451613,49.193548387096776,4.838709677419355
E00055444,135,40,13,27,95,83,12,29.629629629629626,9.62962962962963,20,70.37037037037037,61.48148148148148,8.88888888888889
E00055445,136,64,21,43,72,65,7,47.05882352941176,15.441176470588236,31.61764705882353,52.94117647058824,47.794117647058826,5.147058823529411
E00055446,96,33,4,29,63,58,5,34.375,4.166666666666666,30.208333333333332,65.625,60.416666666666664,5.208333333333334
E00055447,78,21,6,15,57,48,9,26.923076923076923,7.6923076923076925,19.230769230769234,73.07692307692307,61.53846153846154,11.538461538461538
E00055448,166,80,31,49,86,80,6,48.19277108433735,18.67469879518072,29.518072289156628,51.80722891566265,48.19277108433735,3.614457831325301
E00055449,103,63,24,39,40,36,4,61.165048543689316,23.300970873786408,37.86407766990291,38.83495145631068,34.95145631067961,3.8834951456310676
E00055450,164,72,14,58,92,88,4,43.90243902439025,8.536585365853659,35.36585365853659,56.09756097560976,53.65853658536586,2.4390243902439024
E00055451,174,43,15,28,131,110,21,24.71264367816092,8.620689655172415,16.091954022988507,75.28735632183908,63.2183908045977,12.068965517241379
E00055452,140,69,24,45,71,68,3,49.28571428571429,17.142857142857142,32.142857142857146,50.71428571428571,48.57142857142857,2.142857142857143
E00055453,128,56,18,38,72,64,8,43.75,14.0625,29.6875,56.25,50,6.25
E00055454,125,57,18,39,68,65,3,45.6,14.399999999999999,31.2,54.400000000000006,52,2.4
E00055455,134,31,9,22,103,96,7,23.134328358208954,6.7164179104477615,16.417910447761194,76.86567164179104,71.64179104477611,5.223880597014925
E00055456,123,44,8,36,79,75,4,35.77235772357724,6.504065040650407,29.268292682926827,64.22764227642277,60.97560975609756,3.2520325203252036
E00055457,149,60,22,38,89,78,11,40.26845637583892,14.76510067114094,25.503355704697988,59.73154362416108,52.348993288590606,7.38255033557047
E00055458,112,54,21,33,58,48,10,48.214285714285715,18.75,29.464285714285715,51.78571428571429,42.857142857142854,8.928571428571429
E00055459,111,49,15,34,62,58,4,44.14414414414414,13.513513513513514,30.630630630630627,55.85585585585585,52.25225225225225,3.6036036036036037
E00055460,84,35,9,26,49,41,8,41.66666666666667,10.714285714285714,30.952380952380953,58.333333333333336,48.80952380952381,9.523809523809524
E00055461,98,42,9,33,56,52,4,42.857142857142854,9.183673469387756,33.6734693877551,57.14285714285714,53.06122448979592,4.081632653061225
E00055462,152,48,14,34,104,92,12,31.57894736842105,9.210526315789473,22.36842105263158,68.42105263157895,60.526315789473685,7.894736842105263
E00168656,140,41,17,24,99,90,9,29.28571428571429,12.142857142857142,17.142857142857142,70.71428571428572,64.28571428571429,6.428571428571428
E00168657,152,36,15,21,116,95,21,23.684210526315788,9.868421052631579,13.815789473684212,76.31578947368422,62.5,13.815789473684212
E00168658,183,50,14,36,133,113,20,27.322404371584703,7.650273224043716,19.672131147540984,72.6775956284153,61.74863387978142,10.92896174863388
E00168659,98,24,3,21,74,63,11,24.489795918367346,3.061224489795918,21.428571428571427,75.51020408163265,64.28571428571429,11.224489795918368
E00168660,184,69,21,48,115,106,9,37.5,11.41304347826087,26.08695652173913,62.5,57.608695652173914,4.891304347826087
E00168661,164,52,17,35,112,89,23,31.70731707317073,10.365853658536585,21.341463414634145,68.29268292682927,54.268292682926834,14.02439024390244
E00168662,119,38,17,21,81,59,22,31.932773109243694,14.285714285714285,17.647058823529413,68.0672268907563,49.57983193277311,18.487394957983195
E00168663,166,37,13,24,129,111,18,22.289156626506024,7.83132530120482,14.457831325301203,77.71084337349397,66.86746987951807,10.843373493975903
E00168664,126,31,7,24,95,83,12,24.6031746031746,5.555555555555555,19.047619047619047,75.39682539682539,65.87301587301587,9.523809523809524
E00168665,126,39,6,33,87,76,11,30.952380952380953,4.761904761904762,26.190476190476193,69.04761904761905,60.317460317460316,8.73015873015873
E00168666,271,71,16,55,200,173,27,26.199261992619927,5.904059040590406,20.29520295202952,73.80073800738008,63.837638376383765,9.96309963099631
E00168667,129,37,16,21,92,84,8,28.68217054263566,12.4031007751938,16.27906976744186,71.31782945736434,65.11627906976744,6.2015503875969
E00168668,184,53,17,36,131,102,29,28.804347826086957,9.239130434782608,19.565217391304348,71.19565217391305,55.434782608695656,15.760869565217392
E00168669,95,26,6,20,69,62,7,27.368421052631582,6.315789473684211,21.052631578947366,72.63157894736842,65.26315789473685,7.368421052631578
E00168670,163,43,11,32,120,104,16,26.380368098159508,6.748466257668712,19.631901840490798,73.61963190184049,63.80368098159509,9.815950920245399
E00168671,118,32,6,26,86,76,10,27.11864406779661,5.084745762711865,22.033898305084744,72.88135593220339,64.40677966101694,8.47457627118644
E00168672,141,30,7,23,111,97,14,21.27659574468085,4.964539007092199,16.312056737588655,78.72340425531915,68.79432624113475,9.929078014184398
E00168674,146,48,17,31,98,78,20,32.87671232876712,11.643835616438356,21.232876712328768,67.12328767123287,53.42465753424658,13.698630136986301
E00168675,175,48,9,39,127,114,13,27.42857142857143,5.142857142857142,22.285714285714285,72.57142857142857,65.14285714285715,7.428571428571429
E00168676,174,49,9,40,125,107,18,28.160919540229884,5.172413793103448,22.988505747126435,71.83908045977012,61.49425287356321,10.344827586206897
E00168677,230,29,9,20,201,184,17,12.608695652173912,3.91304347826087,8.695652173913043,87.39130434782608,80,7.391304347826087
E00168678,184,62,22,40,122,111,11,33.69565217391305,11.956521739130435,21.73913043478261,66.30434782608695,60.32608695652174,5.978260869565218
E00168679,70,16,4,12,54,49,5,22.857142857142858,5.714285714285714,17.142857142857142,77.14285714285715,70,7.142857142857142
E00168680,205,53,21,32,152,127,25,25.853658536585368,10.24390243902439,15.609756097560975,74.14634146341463,61.951219512195124,12.195121951219512
E00168681,150,36,9,27,114,100,14,24,6,18,76,66.66666666666666,9.333333333333334
E00168682,135,40,12,28,95,84,11,29.629629629629626,8.88888888888889,20.74074074074074,70.37037037037037,62.22222222222222,8.148148148148149
E00168683,216,66,24,42,150,128,22,30.555555555555557,11.11111111111111,19.444444444444446,69.44444444444444,59.25925925925925,10.185185185185185
E00168684,90,25,9,16,65,57,8,27.77777777777778,10,17.77777777777778,72.22222222222221,63.33333333333333,8.88888888888889
E00168685,123,28,8,20,95,90,5,22.76422764227642,6.504065040650407,16.260162601626014,77.23577235772358,73.17073170731707,4.0650406504065035
E00168686,109,22,5,17,87,77,10,20.18348623853211,4.587155963302752,15.59633027522936,79.81651376146789,70.64220183486239,9.174311926605505
E00168687,88,19,5,14,69,59,10,21.59090909090909,5.681818181818182,15.909090909090908,78.4090909090909,67.04545454545455,11.363636363636363
E00168688,194,66,21,45,128,107,21,34.02061855670103,10.824742268041238,23.195876288659793,65.97938144329896,55.154639175257735,10.824742268041238
E00178636,91,26,7,19,65,59,6,28.57142857142857,7.6923076923076925,20.87912087912088,71.42857142857143,64.83516483516483,6.593406593406594
E00178637,103,31,11,20,72,65,7,30.097087378640776,10.679611650485436,19.41747572815534,69.90291262135922,63.10679611650486,6.796116504854369
E00178654,362,67,13,54,295,257,38,18.50828729281768,3.591160220994475,14.917127071823206,81.49171270718232,70.99447513812154,10.497237569060774
E00178662,115,29,9,20,86,71,15,25.217391304347824,7.82608695652174,17.391304347826086,74.78260869565217,61.73913043478261,13.043478260869565
E00178668,150,38,12,26,112,101,11,25.333333333333336,8,17.333333333333336,74.66666666666667,67.33333333333333,7.333333333333333
E00178678,146,33,5,28,113,94,19,22.602739726027394,3.4246575342465753,19.17808219178082,77.3972602739726,64.38356164383562,13.013698630136986
E00178691,146,40,15,25,106,92,14,27.397260273972602,10.273972602739725,17.123287671232877,72.6027397260274,63.013698630136986,9.58904109589041
E00178692,93,37,11,26,56,52,4,39.784946236559136,11.827956989247312,27.956989247311824,60.215053763440864,55.91397849462365,4.301075268817205
E00178693,85,31,8,23,54,51,3,36.470588235294116,9.411764705882353,27.058823529411764,63.52941176470588,60,3.5294117647058822
E00178695,56,6,3,3,50,44,6,10.714285714285714,5.357142857142857,5.357142857142857,89.28571428571429,78.57142857142857,10.714285714285714
E00178698,259,62,22,40,197,173,24,23.93822393822394,8.494208494208493,15.444015444015443,76.06177606177607,66.79536679536679,9.266409266409266
E00178705,156,34,16,18,122,115,7,21.794871794871796,10.256410256410255,11.538461538461538,78.2051282051282,73.71794871794873,4.487179487179487
E00178707,186,65,16,49,121,100,21,34.946236559139784,8.60215053763441,26.344086021505376,65.05376344086021,53.76344086021505,11.29032258064516
E00178713,142,40,8,32,102,86,16,28.169014084507044,5.633802816901409,22.535211267605636,71.83098591549296,60.56338028169014,11.267605633802818
E00178714,78,14,4,10,64,56,8,17.94871794871795,5.128205128205128,12.82051282051282,82.05128205128204,71.7948717948718,10.256410256410255
E00178718,155,41,11,30,114,101,13,26.451612903225808,7.096774193548387,19.35483870967742,73.54838709677419,65.16129032258064,8.38709677419355
