OA,ts0380001,ts0380002,ts0380003,ts0380004,ts0380005,ts0380006,ts0380007,ts0380002_PCT,ts0380003_PCT,ts0380004_PCT,ts0380005_PCT,ts0380006_PCT,ts0380007_PCT
E00126160,466,68,28,40,398,11,387,14.592274678111588,6.008583690987124,8.583690987124463,85.40772532188842,2.3605150214592276,83.04721030042919
E00126161,541,91,42,49,450,25,425,16.820702402957487,7.763401109057301,9.057301293900185,83.1792975970425,4.621072088724584,78.55822550831792
E00126162,254,51,25,26,203,15,188,20.078740157480315,9.84251968503937,10.236220472440944,79.92125984251969,5.905511811023622,74.01574803149606
E00126163,281,54,27,27,227,5,222,19.217081850533805,9.608540925266903,9.608540925266903,80.78291814946618,1.7793594306049825,79.00355871886121
E00126164,280,51,19,32,229,24,205,18.21428571428571,6.785714285714286,11.428571428571429,81.78571428571428,8.571428571428571,73.21428571428571
E00126165,256,67,35,32,189,14,175,26.171875,13.671875,12.5,73.828125,5.46875,68.359375
E00126166,279,60,27,33,219,20,199,21.50537634408602,9.67741935483871,11.827956989247312,78.49462365591397,7.168458781362006,71.32616487455196
E00126167,238,98,58,40,140,17,123,41.17647058823529,24.369747899159663,16.80672268907563,58.82352941176471,7.142857142857142,51.68067226890757
E00126168,361,65,29,36,296,15,281,18.005540166204987,8.033240997229916,9.97229916897507,81.99445983379502,4.1551246537396125,77.8393351800554
E00126169,531,59,30,29,472,19,453,11.11111111111111,5.649717514124294,5.4613935969868175,88.88888888888889,3.5781544256120528,85.31073446327684
E00126170,411,83,41,42,328,10,318,20.194647201946474,9.975669099756692,10.218978102189782,79.80535279805353,2.4330900243309004,77.37226277372264
E00126171,318,40,18,22,278,8,270,12.578616352201259,5.660377358490567,6.918238993710692,87.42138364779875,2.515723270440252,84.90566037735849
E00126172,412,55,21,34,357,13,344,13.349514563106796,5.097087378640777,8.25242718446602,86.6504854368932,3.1553398058252426,83.49514563106796
E00126173,121,74,38,36,47,1,46,61.15702479338842,31.40495867768595,29.75206611570248,38.84297520661157,0.8264462809917356,38.01652892561984
E00126174,402,108,66,42,294,10,284,26.865671641791046,16.417910447761194,10.44776119402985,73.13432835820896,2.4875621890547266,70.64676616915423
E00126175,356,47,19,28,309,34,275,13.202247191011235,5.337078651685393,7.865168539325842,86.79775280898876,9.550561797752808,77.24719101123596
E00126176,188,83,56,27,105,12,93,44.148936170212764,29.78723404255319,14.361702127659576,55.85106382978723,6.382978723404255,49.46808510638298
E00126177,266,74,36,38,192,19,173,27.819548872180448,13.533834586466165,14.285714285714285,72.18045112781954,7.142857142857142,65.0375939849624
E00126178,371,64,35,29,307,9,298,17.25067385444744,9.433962264150944,7.816711590296496,82.74932614555256,2.4258760107816713,80.3234501347709
E00126179,265,98,53,45,167,10,157,36.9811320754717,20,16.9811320754717,63.0188679245283,3.7735849056603774,59.24528301886792
E00126180,199,81,53,28,118,3,115,40.7035175879397,26.633165829145728,14.07035175879397,59.2964824120603,1.507537688442211,57.78894472361809
E00126181,218,34,10,24,184,12,172,15.59633027522936,4.587155963302752,11.009174311926607,84.40366972477065,5.5045871559633035,78.89908256880734
E00126182,290,57,21,36,233,29,204,19.655172413793103,7.241379310344828,12.413793103448276,80.3448275862069,10,70.34482758620689
E00126183,258,58,25,33,200,19,181,22.48062015503876,9.689922480620156,12.790697674418606,77.51937984496125,7.3643410852713185,70.15503875968993
E00126184,331,61,21,40,270,32,238,18.429003021148034,6.3444108761329305,12.084592145015106,81.57099697885197,9.667673716012084,71.90332326283988
E00126185,288,42,21,21,246,29,217,14.583333333333334,7.291666666666667,7.291666666666667,85.41666666666666,10.069444444444445,75.34722222222221
E00126186,307,33,11,22,274,19,255,10.749185667752444,3.5830618892508146,7.166123778501629,89.25081433224756,6.188925081433225,83.06188925081433
E00126187,385,65,25,40,320,24,296,16.883116883116884,6.493506493506493,10.38961038961039,83.11688311688312,6.233766233766234,76.88311688311688
E00126188,275,46,18,28,229,25,204,16.727272727272727,6.545454545454546,10.181818181818182,83.27272727272728,9.090909090909092,74.18181818181819
E00126189,526,74,28,46,452,38,414,14.068441064638785,5.323193916349809,8.745247148288973,85.93155893536122,7.224334600760455,78.70722433460075
E00126190,277,49,25,24,228,24,204,17.689530685920577,9.025270758122744,8.664259927797833,82.31046931407943,8.664259927797833,73.6462093862816
E00126191,332,50,23,27,282,32,250,15.060240963855422,6.927710843373494,8.132530120481928,84.93975903614458,9.63855421686747,75.30120481927712
E00126192,321,64,25,39,257,20,237,19.937694704049843,7.78816199376947,12.149532710280374,80.06230529595015,6.230529595015576,73.83177570093457
E00126193,234,56,27,29,178,20,158,23.931623931623932,11.538461538461538,12.393162393162394,76.06837606837607,8.547008547008547,67.52136752136752
E00126194,291,42,17,25,249,19,230,14.432989690721648,5.841924398625429,8.59106529209622,85.56701030927834,6.529209621993128,79.03780068728523
E00126195,284,34,10,24,250,20,230,11.971830985915492,3.5211267605633805,8.450704225352112,88.02816901408451,7.042253521126761,80.98591549295774
E00126196,254,40,16,24,214,22,192,15.748031496062993,6.299212598425196,9.448818897637794,84.25196850393701,8.661417322834646,75.59055118110236
E00126197,321,88,39,49,233,17,216,27.41433021806853,12.149532710280374,15.264797507788161,72.58566978193146,5.29595015576324,67.28971962616822
E00126198,375,44,13,31,331,28,303,11.733333333333333,3.4666666666666663,8.266666666666666,88.26666666666667,7.466666666666668,80.80000000000001
E00126199,361,59,22,37,302,27,275,16.343490304709142,6.094182825484765,10.249307479224377,83.65650969529086,7.479224376731302,76.17728531855957
E00126200,301,76,32,44,225,19,206,25.249169435215947,10.631229235880399,14.61794019933555,74.75083056478405,6.312292358803987,68.43853820598007
E00126201,233,70,34,36,163,16,147,30.042918454935624,14.592274678111588,15.450643776824036,69.95708154506438,6.866952789699571,63.0901287553648
E00126202,297,68,34,34,229,18,211,22.895622895622896,11.447811447811448,11.447811447811448,77.10437710437711,6.0606060606060606,71.04377104377105
E00126203,295,64,31,33,231,20,211,21.694915254237287,10.508474576271185,11.186440677966102,78.30508474576271,6.779661016949152,71.52542372881356
E00126204,319,68,35,33,251,18,233,21.316614420062695,10.9717868338558,10.344827586206897,78.68338557993731,5.6426332288401255,73.04075235109718
E00126205,367,87,43,44,280,13,267,23.705722070844686,11.716621253405995,11.989100817438691,76.29427792915531,3.5422343324250685,72.75204359673025
E00126206,218,73,40,33,145,15,130,33.48623853211009,18.34862385321101,15.137614678899084,66.5137614678899,6.8807339449541285,59.63302752293578
E00126207,134,76,51,25,58,8,50,56.71641791044776,38.059701492537314,18.65671641791045,43.28358208955223,5.970149253731343,37.3134328358209
E00126208,268,61,25,36,207,14,193,22.761194029850746,9.328358208955224,13.432835820895523,77.23880597014924,5.223880597014925,72.01492537313433
E00126209,246,45,17,28,201,22,179,18.29268292682927,6.910569105691057,11.38211382113821,81.70731707317073,8.94308943089431,72.76422764227642
E00126210,233,37,15,22,196,14,182,15.879828326180256,6.437768240343347,9.44206008583691,84.12017167381974,6.008583690987124,78.11158798283262
E00126211,286,92,46,46,194,6,188,32.16783216783217,16.083916083916083,16.083916083916083,67.83216783216784,2.097902097902098,65.73426573426573
E00126212,319,50,25,25,269,12,257,15.673981191222571,7.836990595611286,7.836990595611286,84.32601880877742,3.761755485893417,80.56426332288402
E00126213,248,57,30,27,191,17,174,22.983870967741936,12.096774193548388,10.887096774193548,77.01612903225806,6.854838709677419,70.16129032258065
E00126214,201,43,21,22,158,15,143,21.393034825870647,10.44776119402985,10.945273631840797,78.60696517412936,7.462686567164178,71.14427860696517
E00126215,288,49,22,27,239,23,216,17.01388888888889,7.638888888888889,9.375,82.98611111111111,7.986111111111111,75
E00126216,264,66,34,32,198,12,186,25,12.878787878787879,12.121212121212121,75,4.545454545454546,70.45454545454545
E00126217,240,86,40,46,154,17,137,35.833333333333336,16.666666666666664,19.166666666666668,64.16666666666667,7.083333333333333,57.08333333333333
E00126218,422,99,50,49,323,32,291,23.459715639810426,11.848341232227488,11.61137440758294,76.54028436018957,7.5829383886255926,68.95734597156398
E00126219,280,47,18,29,233,22,211,16.785714285714285,6.428571428571428,10.357142857142858,83.21428571428572,7.857142857142857,75.35714285714286
E00126220,232,75,44,31,157,14,143,32.327586206896555,18.96551724137931,13.36206896551724,67.67241379310344,6.0344827586206895,61.63793103448276
E00126221,209,86,52,34,123,10,113,41.14832535885167,24.880382775119617,16.267942583732058,58.85167464114832,4.784688995215311,54.066985645933016
E00126222,324,53,26,27,271,33,238,16.358024691358025,8.024691358024691,8.333333333333332,83.64197530864197,10.185185185185185,73.4567901234568
E00126223,265,53,24,29,212,22,190,20,9.056603773584905,10.943396226415095,80,8.30188679245283,71.69811320754717
E00126224,277,49,18,31,228,21,207,17.689530685920577,6.4981949458483745,11.191335740072201,82.31046931407943,7.581227436823104,74.72924187725631
E00126225,335,45,20,25,290,23,267,13.432835820895523,5.970149253731343,7.462686567164178,86.56716417910447,6.865671641791045,79.70149253731343
E00126226,313,49,23,26,264,23,241,15.654952076677317,7.348242811501597,8.30670926517572,84.34504792332268,7.348242811501597,76.99680511182109
E00126227,296,50,21,29,246,17,229,16.89189189189189,7.094594594594595,9.797297297297296,83.1081081081081,5.743243243243244,77.36486486486487
E00126228,247,44,18,26,203,14,189,17.813765182186234,7.28744939271255,10.526315789473683,82.18623481781377,5.668016194331984,76.51821862348179
E00126229,179,43,22,21,136,14,122,24.022346368715084,12.290502793296088,11.731843575418994,75.97765363128491,7.82122905027933,68.15642458100558
E00126230,240,40,22,18,200,20,180,16.666666666666664,9.166666666666666,7.5,83.33333333333334,8.333333333333332,75
E00126231,290,54,25,29,236,27,209,18.620689655172416,8.620689655172415,10,81.37931034482759,9.310344827586208,72.06896551724138
E00126232,194,42,14,28,152,17,135,21.649484536082475,7.216494845360824,14.432989690721648,78.35051546391753,8.762886597938143,69.58762886597938
E00126233,240,36,17,19,204,18,186,15,7.083333333333333,7.916666666666666,85,7.5,77.5
E00126234,335,52,19,33,283,33,250,15.522388059701491,5.6716417910447765,9.850746268656717,84.4776119402985,9.850746268656717,74.6268656716418
E00126235,272,43,13,30,229,30,199,15.808823529411764,4.779411764705882,11.029411764705882,84.19117647058823,11.029411764705882,73.16176470588235
E00126236,240,46,28,18,194,21,173,19.166666666666668,11.666666666666666,7.5,80.83333333333333,8.75,72.08333333333333
E00126237,310,49,20,29,261,18,243,15.806451612903224,6.451612903225806,9.35483870967742,84.19354838709677,5.806451612903226,78.38709677419354
E00126238,327,63,32,31,264,31,233,19.26605504587156,9.785932721712538,9.480122324159021,80.73394495412845,9.480122324159021,71.25382262996942
E00126239,202,29,10,19,173,12,161,14.356435643564355,4.9504950495049505,9.405940594059405,85.64356435643565,5.9405940594059405,79.70297029702971
E00126240,189,30,15,15,159,17,142,15.873015873015872,7.936507936507936,7.936507936507936,84.12698412698413,8.994708994708994,75.13227513227513
E00126241,332,68,28,40,264,22,242,20.481927710843372,8.433734939759036,12.048192771084338,79.51807228915662,6.626506024096386,72.89156626506023
E00126242,498,95,46,49,403,21,382,19.076305220883537,9.236947791164658,9.839357429718875,80.92369477911646,4.216867469879518,76.70682730923694
E00126243,262,63,33,30,199,15,184,24.045801526717558,12.595419847328243,11.450381679389313,75.95419847328245,5.7251908396946565,70.22900763358778
E00126244,249,74,39,35,175,11,164,29.71887550200803,15.66265060240964,14.056224899598394,70.28112449799197,4.417670682730924,65.86345381526104
E00126245,379,124,75,49,255,28,227,32.71767810026385,19.788918205804748,12.928759894459102,67.28232189973615,7.387862796833773,59.894459102902374
E00126246,251,56,30,26,195,19,176,22.31075697211155,11.952191235059761,10.358565737051793,77.68924302788844,7.569721115537849,70.1195219123506
E00126247,314,60,30,30,254,21,233,19.10828025477707,9.554140127388536,9.554140127388536,80.89171974522293,6.687898089171974,74.20382165605095
E00126248,247,44,17,27,203,15,188,17.813765182186234,6.882591093117409,10.931174089068826,82.18623481781377,6.0728744939271255,76.11336032388664
E00126249,252,64,31,33,188,17,171,25.396825396825395,12.3015873015873,13.095238095238097,74.60317460317461,6.746031746031746,67.85714285714286
E00126250,245,47,14,33,198,18,180,19.183673469387756,5.714285714285714,13.46938775510204,80.81632653061224,7.346938775510205,73.46938775510205
E00126251,293,66,27,39,227,25,202,22.525597269624573,9.215017064846416,13.310580204778159,77.47440273037543,8.532423208191126,68.94197952218431
E00126252,327,107,60,47,220,16,204,32.7217125382263,18.34862385321101,14.37308868501529,67.2782874617737,4.892966360856269,62.38532110091744
E00126253,178,37,17,20,141,20,121,20.786516853932586,9.550561797752808,11.235955056179774,79.21348314606742,11.235955056179774,67.97752808988764
E00126254,301,61,31,30,240,28,212,20.26578073089701,10.299003322259136,9.966777408637874,79.734219269103,9.30232558139535,70.43189368770764
E00126255,239,38,18,20,201,18,183,15.899581589958158,7.531380753138076,8.368200836820083,84.10041841004184,7.531380753138076,76.56903765690377
E00126256,281,57,32,25,224,14,210,20.284697508896798,11.387900355871885,8.896797153024911,79.7153024911032,4.98220640569395,74.73309608540926
E00126257,331,47,22,25,284,20,264,14.19939577039275,6.646525679758309,7.552870090634441,85.80060422960725,6.042296072507553,79.7583081570997
E00126258,279,48,23,25,231,21,210,17.20430107526882,8.24372759856631,8.960573476702509,82.79569892473118,7.526881720430108,75.26881720430107
E00126260,394,55,34,21,339,5,334,13.959390862944163,8.629441624365482,5.32994923857868,86.04060913705584,1.2690355329949239,84.77157360406092
E00126262,404,89,45,44,315,26,289,22.02970297029703,11.138613861386139,10.891089108910892,77.97029702970298,6.435643564356436,71.53465346534654
E00126265,469,54,32,22,415,8,407,11.513859275053305,6.823027718550106,4.690831556503198,88.4861407249467,1.7057569296375266,86.78038379530916
E00126266,324,31,9,22,293,8,285,9.5679012345679,2.7777777777777777,6.790123456790123,90.4320987654321,2.4691358024691357,87.96296296296296
E00126267,400,55,27,28,345,13,332,13.750000000000002,6.75,7.000000000000001,86.25,3.25,83
E00126268,552,61,28,33,491,12,479,11.05072463768116,5.072463768115942,5.978260869565218,88.94927536231883,2.1739130434782608,86.77536231884058
E00126269,553,82,41,41,471,6,465,14.828209764918626,7.414104882459313,7.414104882459313,85.17179023508137,1.0849909584086799,84.08679927667269
E00126270,305,33,23,10,272,7,265,10.819672131147541,7.540983606557377,3.278688524590164,89.18032786885246,2.2950819672131146,86.88524590163934
E00126271,425,65,34,31,360,20,340,15.294117647058824,8,7.294117647058823,84.70588235294117,4.705882352941177,80
E00126272,495,71,47,24,424,9,415,14.343434343434344,9.494949494949495,4.848484848484849,85.65656565656565,1.8181818181818181,83.83838383838383
E00126274,227,68,25,43,159,14,145,29.955947136563875,11.013215859030836,18.94273127753304,70.04405286343612,6.167400881057269,63.87665198237885
E00126275,397,111,66,45,286,22,264,27.95969773299748,16.624685138539043,11.335012594458437,72.04030226700252,5.541561712846348,66.49874055415617
E00126276,200,40,18,22,160,18,142,20,9,11,80,9,71
E00126277,356,73,34,39,283,21,262,20.50561797752809,9.550561797752808,10.955056179775282,79.49438202247191,5.8988764044943816,73.59550561797754
E00126278,221,48,16,32,173,12,161,21.71945701357466,7.239819004524888,14.479638009049776,78.28054298642535,5.429864253393665,72.85067873303167
E00126279,268,58,26,32,210,19,191,21.641791044776117,9.701492537313433,11.940298507462686,78.35820895522389,7.08955223880597,71.26865671641791
E00126280,360,77,31,46,283,25,258,21.38888888888889,8.61111111111111,12.777777777777777,78.61111111111111,6.944444444444445,71.66666666666667
E00126281,232,53,18,35,179,16,163,22.844827586206897,7.758620689655173,15.086206896551724,77.15517241379311,6.896551724137931,70.25862068965517
E00126282,260,63,26,37,197,18,179,24.23076923076923,10,14.23076923076923,75.76923076923077,6.923076923076923,68.84615384615384
E00126283,244,53,20,33,191,18,173,21.721311475409834,8.19672131147541,13.524590163934427,78.27868852459017,7.377049180327869,70.90163934426229
E00126284,291,53,27,26,238,23,215,18.213058419243985,9.278350515463918,8.934707903780069,81.78694158075601,7.903780068728522,73.8831615120275
E00126285,326,62,30,32,264,18,246,19.018404907975462,9.202453987730062,9.815950920245399,80.98159509202453,5.521472392638037,75.4601226993865
E00126286,303,70,32,38,233,13,220,23.1023102310231,10.561056105610561,12.541254125412541,76.89768976897689,4.29042904290429,72.60726072607261
E00126287,254,70,37,33,184,19,165,27.559055118110237,14.566929133858267,12.992125984251967,72.44094488188976,7.480314960629922,64.96062992125984
E00126288,239,46,18,28,193,15,178,19.246861924686193,7.531380753138076,11.715481171548117,80.75313807531381,6.2761506276150625,74.47698744769873
E00126289,280,60,30,30,220,18,202,21.428571428571427,10.714285714285714,10.714285714285714,78.57142857142857,6.428571428571428,72.14285714285714
E00126290,622,81,34,47,541,48,493,13.02250803858521,5.466237942122187,7.556270096463022,86.97749196141478,7.717041800643088,79.2604501607717
E00126291,315,56,23,33,259,24,235,17.77777777777778,7.301587301587302,10.476190476190476,82.22222222222221,7.6190476190476195,74.60317460317461
E00126292,295,93,48,45,202,7,195,31.52542372881356,16.271186440677965,15.254237288135593,68.47457627118644,2.3728813559322033,66.10169491525424
E00126293,219,53,26,27,166,9,157,24.200913242009133,11.87214611872146,12.32876712328767,75.79908675799086,4.10958904109589,71.68949771689498
E00126294,320,65,28,37,255,24,231,20.3125,8.75,11.5625,79.6875,7.5,72.1875
E00126295,297,65,29,36,232,16,216,21.885521885521886,9.764309764309765,12.121212121212121,78.11447811447812,5.387205387205387,72.72727272727273
E00126296,241,86,53,33,155,14,141,35.684647302904565,21.991701244813278,13.692946058091287,64.31535269709543,5.809128630705394,58.50622406639005
E00126297,493,106,53,53,387,28,359,21.50101419878296,10.75050709939148,10.75050709939148,78.49898580121703,5.679513184584178,72.81947261663286
E00126298,223,68,33,35,155,9,146,30.493273542600896,14.798206278026907,15.695067264573993,69.50672645739911,4.0358744394618835,65.47085201793722
E00126299,326,74,38,36,252,23,229,22.699386503067483,11.65644171779141,11.042944785276074,77.30061349693251,7.05521472392638,70.24539877300614
E00126300,319,90,47,43,229,16,213,28.213166144200624,14.733542319749215,13.479623824451412,71.78683385579937,5.015673981191222,66.77115987460816
E00126301,347,100,43,57,247,10,237,28.818443804034583,12.39193083573487,16.42651296829971,71.18155619596543,2.881844380403458,68.29971181556196
E00126302,396,65,20,45,331,27,304,16.414141414141415,5.05050505050505,11.363636363636363,83.58585858585859,6.8181818181818175,76.76767676767676
E00126303,258,69,32,37,189,15,174,26.744186046511626,12.4031007751938,14.34108527131783,73.25581395348837,5.813953488372093,67.44186046511628
E00126304,356,87,39,48,269,26,243,24.43820224719101,10.955056179775282,13.48314606741573,75.56179775280899,7.303370786516854,68.25842696629213
E00126305,243,69,33,36,174,12,162,28.39506172839506,13.580246913580247,14.814814814814813,71.60493827160494,4.938271604938271,66.66666666666666
E00126306,250,44,16,28,206,14,192,17.599999999999998,6.4,11.200000000000001,82.39999999999999,5.6000000000000005,76.8
E00126307,222,50,23,27,172,13,159,22.52252252252252,10.36036036036036,12.162162162162163,77.47747747747748,5.8558558558558556,71.62162162162163
E00126308,282,61,27,34,221,12,209,21.631205673758867,9.574468085106384,12.056737588652481,78.36879432624113,4.25531914893617,74.11347517730496
E00126309,315,96,52,44,219,13,206,30.476190476190478,16.507936507936506,13.968253968253968,69.52380952380952,4.1269841269841265,65.39682539682539
E00126310,337,87,43,44,250,22,228,25.816023738872403,12.759643916913946,13.056379821958458,74.1839762611276,6.528189910979229,67.65578635014838
E00126311,230,55,29,26,175,20,155,23.91304347826087,12.608695652173912,11.304347826086957,76.08695652173914,8.695652173913043,67.3913043478261
E00126312,389,93,42,51,296,21,275,23.90745501285347,10.796915167095115,13.110539845758353,76.09254498714652,5.3984575835475574,70.69408740359897
E00126313,286,57,24,33,229,20,209,19.93006993006993,8.391608391608392,11.538461538461538,80.06993006993007,6.993006993006993,73.07692307692307
E00126314,259,89,45,44,170,14,156,34.36293436293436,17.374517374517374,16.988416988416986,65.63706563706563,5.405405405405405,60.231660231660236
E00126315,347,83,42,41,264,18,246,23.919308357348704,12.103746397694524,11.815561959654179,76.0806916426513,5.187319884726225,70.89337175792507
E00126316,304,57,27,30,247,16,231,18.75,8.881578947368421,9.868421052631579,81.25,5.263157894736842,75.98684210526315
E00126317,330,83,48,35,247,17,230,25.151515151515152,14.545454545454545,10.606060606060606,74.84848484848486,5.151515151515151,69.6969696969697
E00126318,288,47,19,28,241,21,220,16.319444444444446,6.597222222222222,9.722222222222223,83.68055555555556,7.291666666666667,76.38888888888889
E00126319,254,64,23,41,190,10,180,25.196850393700785,9.05511811023622,16.141732283464567,74.80314960629921,3.937007874015748,70.86614173228347
E00126320,326,52,19,33,274,27,247,15.950920245398773,5.828220858895705,10.122699386503067,84.04907975460122,8.282208588957054,75.76687116564416
E00126321,296,66,30,36,230,24,206,22.2972972972973,10.135135135135135,12.162162162162163,77.7027027027027,8.108108108108109,69.5945945945946
E00126323,287,57,21,36,230,13,217,19.860627177700348,7.317073170731707,12.543554006968641,80.13937282229965,4.529616724738676,75.60975609756098
E00126324,356,40,13,27,316,27,289,11.235955056179774,3.651685393258427,7.584269662921349,88.76404494382022,7.584269662921349,81.17977528089888
E00126325,279,49,21,28,230,18,212,17.562724014336915,7.526881720430108,10.03584229390681,82.43727598566308,6.451612903225806,75.98566308243727
E00126326,297,120,63,57,177,7,170,40.4040404040404,21.21212121212121,19.19191919191919,59.59595959595959,2.356902356902357,57.23905723905723
E00126327,220,52,28,24,168,10,158,23.636363636363637,12.727272727272727,10.909090909090908,76.36363636363637,4.545454545454546,71.81818181818181
E00126328,272,40,19,21,232,20,212,14.705882352941178,6.985294117647059,7.720588235294118,85.29411764705883,7.352941176470589,77.94117647058823
E00126329,237,58,26,32,179,16,163,24.47257383966245,10.970464135021098,13.502109704641349,75.52742616033755,6.751054852320674,68.77637130801688
E00126330,271,63,29,34,208,21,187,23.247232472324722,10.70110701107011,12.546125461254611,76.75276752767527,7.7490774907749085,69.00369003690037
E00126331,293,87,39,48,206,23,183,29.692832764505116,13.310580204778159,16.38225255972696,70.30716723549489,7.849829351535837,62.45733788395904
E00126332,471,93,48,45,378,23,355,19.745222929936308,10.191082802547772,9.554140127388536,80.2547770700637,4.8832271762208075,75.3715498938429
E00126333,343,63,29,34,280,19,261,18.367346938775512,8.454810495626822,9.912536443148689,81.63265306122449,5.539358600583091,76.0932944606414
E00126334,267,56,25,31,211,18,193,20.973782771535582,9.363295880149813,11.610486891385769,79.02621722846442,6.741573033707865,72.28464419475655
E00126335,356,69,39,30,287,15,272,19.382022471910112,10.955056179775282,8.426966292134832,80.6179775280899,4.213483146067416,76.40449438202246
E00126336,319,54,24,30,265,12,253,16.927899686520377,7.523510971786834,9.404388714733543,83.07210031347962,3.761755485893417,79.3103448275862
E00126337,459,85,34,51,374,24,350,18.51851851851852,7.4074074074074066,11.11111111111111,81.48148148148148,5.228758169934641,76.25272331154684
E00126338,521,120,65,55,401,18,383,23.032629558541267,12.476007677543185,10.556621880998081,76.96737044145874,3.45489443378119,73.51247600767753
E00126339,304,57,22,35,247,33,214,18.75,7.236842105263158,11.513157894736842,81.25,10.855263157894738,70.39473684210526
E00126340,288,42,16,26,246,25,221,14.583333333333334,5.555555555555555,9.027777777777777,85.41666666666666,8.680555555555555,76.73611111111111
E00126341,254,50,22,28,204,16,188,19.68503937007874,8.661417322834646,11.023622047244094,80.31496062992126,6.299212598425196,74.01574803149606
E00126342,331,61,28,33,270,17,253,18.429003021148034,8.459214501510575,9.969788519637463,81.57099697885197,5.13595166163142,76.43504531722054
E00126343,365,89,49,40,276,25,251,24.383561643835616,13.424657534246576,10.95890410958904,75.61643835616438,6.8493150684931505,68.76712328767123
E00126344,494,81,43,38,413,19,394,16.39676113360324,8.704453441295547,7.6923076923076925,83.60323886639675,3.8461538461538463,79.75708502024291
E00126345,310,55,22,33,255,17,238,17.741935483870968,7.096774193548387,10.64516129032258,82.25806451612904,5.483870967741936,76.77419354838709
E00126346,320,61,34,27,259,17,242,19.0625,10.625,8.4375,80.9375,5.3125,75.625
E00126347,357,91,61,30,266,10,256,25.49019607843137,17.086834733893557,8.403361344537815,74.50980392156863,2.801120448179272,71.70868347338936
E00126348,382,70,32,38,312,17,295,18.32460732984293,8.37696335078534,9.947643979057592,81.67539267015707,4.450261780104712,77.22513089005236
E00126349,338,53,20,33,285,19,266,15.680473372781064,5.9171597633136095,9.763313609467456,84.31952662721893,5.621301775147929,78.69822485207101
E00126350,318,88,39,49,230,13,217,27.67295597484277,12.264150943396226,15.40880503144654,72.32704402515722,4.088050314465408,68.23899371069182
E00126351,363,111,51,60,252,22,230,30.57851239669421,14.049586776859504,16.528925619834713,69.42148760330579,6.0606060606060606,63.36088154269972
E00126352,361,57,19,38,304,25,279,15.789473684210526,5.263157894736842,10.526315789473683,84.21052631578947,6.9252077562326875,77.28531855955679
E00126353,348,68,34,34,280,17,263,19.54022988505747,9.770114942528735,9.770114942528735,80.45977011494253,4.885057471264368,75.57471264367817
E00126354,476,113,57,56,363,21,342,23.739495798319325,11.974789915966387,11.76470588235294,76.26050420168067,4.411764705882353,71.84873949579831
E00126355,440,128,76,52,312,15,297,29.09090909090909,17.272727272727273,11.818181818181818,70.9090909090909,3.4090909090909087,67.5
E00126356,443,67,29,38,376,13,363,15.124153498871332,6.5462753950338595,8.577878103837472,84.87584650112868,2.9345372460496613,81.941309255079
E00126357,239,64,32,32,175,10,165,26.778242677824267,13.389121338912133,13.389121338912133,73.22175732217573,4.184100418410042,69.0376569037657
E00126358,364,54,25,29,310,12,298,14.835164835164836,6.868131868131869,7.967032967032966,85.16483516483517,3.296703296703297,81.86813186813187
E00126359,214,33,16,17,181,10,171,15.42056074766355,7.476635514018691,7.943925233644859,84.57943925233646,4.672897196261682,79.90654205607477
E00126360,295,101,32,69,194,10,184,34.23728813559322,10.847457627118644,23.389830508474578,65.76271186440678,3.389830508474576,62.37288135593221
E00126361,373,74,34,40,299,27,272,19.839142091152816,9.115281501340483,10.723860589812332,80.16085790884718,7.238605898123325,72.92225201072387
E00126362,340,50,22,28,290,29,261,14.705882352941178,6.470588235294119,8.235294117647058,85.29411764705883,8.529411764705882,76.76470588235294
E00126363,309,45,16,29,264,9,255,14.563106796116504,5.177993527508091,9.385113268608414,85.43689320388349,2.912621359223301,82.52427184466019
E00126364,216,60,25,35,156,10,146,27.77777777777778,11.574074074074074,16.203703703703702,72.22222222222221,4.62962962962963,67.5925925925926
E00126365,271,27,12,15,244,19,225,9.96309963099631,4.428044280442804,5.535055350553505,90.03690036900369,7.011070110701106,83.02583025830258
E00126366,284,57,22,35,227,13,214,20.070422535211268,7.746478873239436,12.323943661971832,79.92957746478874,4.577464788732395,75.35211267605634
E00126367,349,51,26,25,298,8,290,14.613180515759314,7.4498567335243555,7.163323782234957,85.38681948424069,2.292263610315186,83.0945558739255
E00126368,308,66,34,32,242,7,235,21.428571428571427,11.03896103896104,10.38961038961039,78.57142857142857,2.272727272727273,76.2987012987013
E00126369,328,58,28,30,270,14,256,17.682926829268293,8.536585365853659,9.146341463414634,82.3170731707317,4.2682926829268295,78.04878048780488
E00126370,348,52,32,20,296,12,284,14.942528735632186,9.195402298850574,5.747126436781609,85.0574712643678,3.4482758620689653,81.60919540229885
E00126371,373,59,32,27,314,10,304,15.81769436997319,8.579088471849866,7.238605898123325,84.1823056300268,2.680965147453083,81.50134048257372
E00126372,325,48,25,23,277,11,266,14.76923076923077,7.6923076923076925,7.076923076923077,85.23076923076923,3.3846153846153846,81.84615384615384
E00126373,378,37,19,18,341,3,338,9.788359788359788,5.026455026455026,4.761904761904762,90.21164021164022,0.7936507936507936,89.41798941798942
E00126374,469,79,36,43,390,29,361,16.844349680170577,7.675906183368871,9.168443496801707,83.15565031982942,6.183368869936034,76.97228144989339
E00126375,410,75,33,42,335,30,305,18.29268292682927,8.048780487804878,10.24390243902439,81.70731707317073,7.317073170731707,74.39024390243902
E00126376,406,86,38,48,320,33,287,21.182266009852217,9.35960591133005,11.822660098522167,78.81773399014779,8.12807881773399,70.6896551724138
E00126377,303,73,32,41,230,22,208,24.09240924092409,10.561056105610561,13.531353135313532,75.9075907590759,7.2607260726072615,68.64686468646865
E00126378,444,62,19,43,382,18,364,13.963963963963963,4.2792792792792795,9.684684684684685,86.03603603603604,4.054054054054054,81.98198198198197
E00126380,197,53,25,28,144,11,133,26.903553299492383,12.690355329949238,14.213197969543149,73.09644670050761,5.583756345177665,67.51269035532995
E00126381,284,64,30,34,220,14,206,22.535211267605636,10.56338028169014,11.971830985915492,77.46478873239437,4.929577464788732,72.53521126760563
E00126382,282,107,62,45,175,16,159,37.94326241134752,21.98581560283688,15.957446808510639,62.056737588652474,5.673758865248227,56.38297872340425
E00126383,327,65,32,33,262,27,235,19.877675840978593,9.785932721712538,10.091743119266056,80.1223241590214,8.256880733944955,71.86544342507645
E00126384,337,96,50,46,241,9,232,28.486646884272997,14.836795252225517,13.649851632047477,71.51335311572701,2.6706231454005933,68.84272997032642
E00126385,462,100,59,41,362,18,344,21.645021645021643,12.770562770562771,8.874458874458876,78.35497835497836,3.896103896103896,74.45887445887446
E00126386,236,57,18,39,179,16,163,24.152542372881356,7.627118644067797,16.52542372881356,75.84745762711864,6.779661016949152,69.0677966101695
E00126387,318,86,48,38,232,16,216,27.044025157232703,15.09433962264151,11.949685534591195,72.95597484276729,5.031446540880504,67.9245283018868
E00126388,262,71,44,27,191,19,172,27.099236641221374,16.793893129770993,10.305343511450381,72.90076335877863,7.251908396946565,65.64885496183206
E00126389,438,99,54,45,339,14,325,22.602739726027394,12.32876712328767,10.273972602739725,77.3972602739726,3.1963470319634704,74.20091324200914
E00126390,332,81,26,55,251,23,228,24.397590361445783,7.83132530120482,16.566265060240966,75.6024096385542,6.927710843373494,68.67469879518072
E00126391,498,126,69,57,372,29,343,25.301204819277107,13.855421686746988,11.44578313253012,74.69879518072288,5.8232931726907635,68.87550200803213
E00126392,271,38,12,26,233,23,210,14.022140221402212,4.428044280442804,9.59409594095941,85.97785977859779,8.487084870848708,77.49077490774908
E00126393,241,33,8,25,208,19,189,13.692946058091287,3.319502074688797,10.37344398340249,86.30705394190872,7.883817427385892,78.42323651452283
E00126394,307,81,47,34,226,21,205,26.384364820846905,15.309446254071663,11.074918566775244,73.61563517915309,6.840390879478828,66.77524429967427
E00126395,259,71,44,27,188,15,173,27.413127413127413,16.988416988416986,10.424710424710424,72.58687258687259,5.7915057915057915,66.79536679536679
E00126396,282,57,30,27,225,19,206,20.212765957446805,10.638297872340425,9.574468085106384,79.7872340425532,6.73758865248227,73.04964539007092
E00126397,338,78,40,38,260,21,239,23.076923076923077,11.834319526627219,11.242603550295858,76.92307692307693,6.21301775147929,70.71005917159763
E00126398,339,80,39,41,259,26,233,23.59882005899705,11.504424778761061,12.094395280235988,76.40117994100295,7.669616519174041,68.73156342182891
E00126399,278,44,21,23,234,22,212,15.827338129496402,7.553956834532374,8.273381294964029,84.17266187050359,7.913669064748201,76.2589928057554
E00126400,297,49,23,26,248,20,228,16.4983164983165,7.744107744107744,8.754208754208754,83.5016835016835,6.7340067340067336,76.76767676767676
E00126401,314,72,16,56,242,18,224,22.929936305732486,5.095541401273886,17.8343949044586,77.07006369426752,5.7324840764331215,71.3375796178344
E00126402,324,61,32,29,263,20,243,18.82716049382716,9.876543209876543,8.950617283950617,81.17283950617285,6.172839506172839,75
E00126403,272,59,35,24,213,15,198,21.691176470588236,12.867647058823529,8.823529411764707,78.30882352941177,5.514705882352941,72.79411764705883
E00126404,286,96,55,41,190,9,181,33.56643356643357,19.230769230769234,14.335664335664337,66.43356643356644,3.146853146853147,63.286713286713294
E00126405,350,59,24,35,291,22,269,16.857142857142858,6.857142857142858,10,83.14285714285714,6.2857142857142865,76.85714285714286
E00126406,341,85,38,47,256,19,237,24.926686217008797,11.143695014662756,13.78299120234604,75.0733137829912,5.571847507331378,69.50146627565982
E00126407,281,68,36,32,213,15,198,24.199288256227756,12.811387900355871,11.387900355871885,75.80071174377224,5.338078291814947,70.46263345195729
E00126409,322,74,34,40,248,15,233,22.981366459627328,10.559006211180124,12.422360248447205,77.01863354037268,4.658385093167702,72.36024844720497
E00126411,359,53,15,38,306,33,273,14.763231197771587,4.178272980501393,10.584958217270195,85.23676880222841,9.192200557103064,76.04456824512535
E00126412,279,78,38,40,201,12,189,27.956989247311824,13.620071684587815,14.336917562724013,72.04301075268818,4.301075268817205,67.74193548387096
E00126413,282,55,17,38,227,24,203,19.50354609929078,6.028368794326241,13.47517730496454,80.49645390070921,8.51063829787234,71.98581560283688
E00126414,299,62,28,34,237,20,217,20.735785953177256,9.364548494983277,11.37123745819398,79.26421404682274,6.688963210702341,72.5752508361204
E00126415,314,46,12,34,268,26,242,14.64968152866242,3.821656050955414,10.828025477707007,85.35031847133759,8.280254777070063,77.07006369426752
E00126416,244,49,23,26,195,14,181,20.081967213114755,9.426229508196721,10.655737704918032,79.91803278688525,5.737704918032787,74.18032786885246
E00126417,258,61,39,22,197,25,172,23.643410852713178,15.11627906976744,8.527131782945736,76.35658914728683,9.689922480620156,66.66666666666666
E00126418,249,51,25,26,198,14,184,20.481927710843372,10.040160642570282,10.441767068273093,79.51807228915662,5.622489959839357,73.89558232931726
E00126419,251,57,32,25,194,13,181,22.709163346613543,12.749003984063744,9.9601593625498,77.29083665338645,5.179282868525896,72.11155378486056
E00126420,383,94,46,48,289,22,267,24.54308093994778,12.010443864229766,12.532637075718014,75.45691906005221,5.7441253263707575,69.71279373368147
E00126421,268,46,21,25,222,23,199,17.16417910447761,7.835820895522389,9.328358208955224,82.83582089552239,8.582089552238806,74.25373134328358
E00126422,301,96,62,34,205,13,192,31.893687707641195,20.59800664451827,11.295681063122924,68.10631229235881,4.318936877076411,63.78737541528239
E00126423,317,90,41,49,227,10,217,28.391167192429023,12.933753943217665,15.457413249211358,71.60883280757098,3.1545741324921135,68.45425867507886
E00126424,326,64,25,39,262,14,248,19.631901840490798,7.668711656441718,11.96319018404908,80.3680981595092,4.294478527607362,76.07361963190185
E00126425,373,146,92,54,227,26,201,39.14209115281501,24.664879356568363,14.47721179624665,60.85790884718498,6.970509383378016,53.88739946380697
E00126426,275,66,30,36,209,14,195,24,10.909090909090908,13.090909090909092,76,5.090909090909091,70.9090909090909
E00126427,273,66,42,24,207,10,197,24.175824175824175,15.384615384615385,8.791208791208792,75.82417582417582,3.6630036630036633,72.16117216117216
E00126428,319,74,36,38,245,22,223,23.197492163009404,11.285266457680251,11.912225705329153,76.8025078369906,6.896551724137931,69.90595611285266
E00126429,267,74,39,35,193,15,178,27.715355805243448,14.606741573033707,13.108614232209737,72.28464419475655,5.617977528089887,66.66666666666666
E00126431,288,78,38,40,210,21,189,27.083333333333332,13.194444444444445,13.88888888888889,72.91666666666666,7.291666666666667,65.625
E00126432,395,93,43,50,302,22,280,23.544303797468356,10.886075949367088,12.658227848101266,76.45569620253164,5.5696202531645564,70.88607594936708
E00126433,271,85,43,42,186,8,178,31.365313653136536,15.867158671586715,15.498154981549817,68.63468634686348,2.952029520295203,65.68265682656826
E00126434,188,49,20,29,139,15,124,26.063829787234045,10.638297872340425,15.425531914893616,73.93617021276596,7.9787234042553195,65.95744680851064
E00126435,184,53,32,21,131,13,118,28.804347826086957,17.391304347826086,11.41304347826087,71.19565217391305,7.065217391304348,64.13043478260869
E00126437,363,57,22,35,306,20,286,15.702479338842975,6.0606060606060606,9.641873278236915,84.29752066115702,5.5096418732782375,78.78787878787878
E00126438,278,40,9,31,238,19,219,14.388489208633093,3.237410071942446,11.151079136690647,85.61151079136691,6.83453237410072,78.77697841726618
E00126439,352,83,43,40,269,20,249,23.579545454545457,12.215909090909092,11.363636363636363,76.42045454545455,5.681818181818182,70.73863636363636
E00126440,371,60,21,39,311,21,290,16.172506738544474,5.660377358490567,10.512129380053908,83.82749326145552,5.660377358490567,78.16711590296495
E00126441,311,51,19,32,260,30,230,16.39871382636656,6.109324758842444,10.289389067524116,83.60128617363344,9.646302250803858,73.95498392282958
E00126442,308,53,20,33,255,24,231,17.20779220779221,6.493506493506493,10.714285714285714,82.79220779220779,7.792207792207792,75
E00126443,348,85,36,49,263,29,234,24.42528735632184,10.344827586206897,14.080459770114942,75.57471264367817,8.333333333333332,67.24137931034483
E00126444,265,73,28,45,192,15,177,27.547169811320753,10.566037735849058,16.9811320754717,72.45283018867924,5.660377358490567,66.79245283018868
E00126445,243,59,35,24,184,13,171,24.279835390946502,14.40329218106996,9.876543209876543,75.7201646090535,5.349794238683128,70.37037037037037
E00126446,260,76,33,43,184,12,172,29.230769230769234,12.692307692307692,16.538461538461537,70.76923076923077,4.615384615384616,66.15384615384615
E00126447,301,33,17,16,268,21,247,10.96345514950166,5.647840531561462,5.3156146179401995,89.03654485049833,6.976744186046512,82.05980066445183
E00126448,259,57,23,34,202,18,184,22.00772200772201,8.880308880308881,13.127413127413126,77.99227799227799,6.94980694980695,71.04247104247105
E00126449,298,39,11,28,259,16,243,13.087248322147651,3.691275167785235,9.395973154362416,86.91275167785236,5.369127516778524,81.54362416107382
E00126450,357,64,25,39,293,27,266,17.92717086834734,7.002801120448179,10.92436974789916,82.07282913165265,7.563025210084033,74.50980392156863
E00126451,214,38,10,28,176,22,154,17.75700934579439,4.672897196261682,13.084112149532709,82.2429906542056,10.2803738317757,71.96261682242991
E00126452,324,38,14,24,286,29,257,11.728395061728394,4.320987654320987,7.4074074074074066,88.27160493827161,8.950617283950617,79.32098765432099
E00126453,303,48,20,28,255,20,235,15.841584158415841,6.6006600660066,9.24092409240924,84.15841584158416,6.6006600660066,77.55775577557755
E00126454,299,46,19,27,253,22,231,15.384615384615385,6.354515050167224,9.03010033444816,84.61538461538461,7.357859531772576,77.25752508361204
E00126455,171,53,23,30,118,20,98,30.994152046783626,13.450292397660817,17.543859649122805,69.00584795321637,11.695906432748536,57.30994152046783
E00126456,219,54,23,31,165,16,149,24.65753424657534,10.50228310502283,14.15525114155251,75.34246575342466,7.30593607305936,68.0365296803653
E00171905,533,110,49,61,423,39,384,20.637898686679172,9.193245778611631,11.44465290806754,79.36210131332082,7.317073170731707,72.04502814258912
E00181506,361,47,14,33,314,15,299,13.019390581717452,3.8781163434903045,9.141274238227147,86.98060941828255,4.1551246537396125,82.82548476454294
E00181515,286,29,17,12,257,15,242,10.13986013986014,5.944055944055944,4.195804195804196,89.86013986013987,5.244755244755245,84.61538461538461
E00181516,377,55,34,21,322,6,316,14.588859416445624,9.018567639257293,5.570291777188329,85.41114058355438,1.5915119363395225,83.81962864721486
E00181518,362,67,33,34,295,31,264,18.50828729281768,9.116022099447514,9.392265193370166,81.49171270718232,8.56353591160221,72.92817679558011
E00181519,268,69,36,33,199,12,187,25.74626865671642,13.432835820895523,12.313432835820896,74.25373134328358,4.477611940298507,69.77611940298507
E00181520,431,36,20,16,395,12,383,8.352668213457076,4.640371229698376,3.7122969837587005,91.64733178654292,2.784222737819025,88.8631090487239
E00181522,171,13,8,5,158,6,152,7.602339181286549,4.678362573099415,2.923976608187134,92.39766081871345,3.508771929824561,88.88888888888889
E00181529,262,55,25,30,207,5,202,20.99236641221374,9.541984732824428,11.450381679389313,79.00763358778626,1.9083969465648856,77.09923664122137
E00181530,154,37,15,22,117,17,100,24.025974025974026,9.740259740259742,14.285714285714285,75.97402597402598,11.03896103896104,64.93506493506493
E00181531,160,17,5,12,143,10,133,10.625,3.125,7.5,89.375,6.25,83.125
E00181532,188,23,18,5,165,9,156,12.23404255319149,9.574468085106384,2.6595744680851063,87.7659574468085,4.787234042553192,82.97872340425532
E00181536,189,38,7,31,151,11,140,20.105820105820104,3.7037037037037033,16.402116402116402,79.8941798941799,5.82010582010582,74.07407407407408
E00181537,424,136,78,58,288,22,266,32.075471698113205,18.39622641509434,13.679245283018867,67.9245283018868,5.188679245283019,62.735849056603776
E00181545,553,68,35,33,485,19,466,12.296564195298371,6.329113924050633,5.967450271247739,87.70343580470163,3.4358047016274864,84.26763110307414
E00181546,347,56,32,24,291,10,281,16.138328530259365,9.221902017291066,6.9164265129683,83.86167146974063,2.881844380403458,80.97982708933718
E00181551,413,65,39,26,348,7,341,15.738498789346247,9.443099273607748,6.2953995157385,84.26150121065376,1.694915254237288,82.56658595641646
E00181560,492,53,37,16,439,8,431,10.772357723577237,7.520325203252034,3.2520325203252036,89.22764227642277,1.6260162601626018,87.60162601626016
