OA,ts0380001,ts0380002,ts0380003,ts0380004,ts0380005,ts0380006,ts0380007,ts0380002_PCT,ts0380003_PCT,ts0380004_PCT,ts0380005_PCT,ts0380006_PCT,ts0380007_PCT
E00108875,333,30,10,20,303,28,275,9.00900900900901,3.003003003003003,6.006006006006006,90.990990990991,8.408408408408409,82.58258258258259
E00108876,461,61,23,38,400,40,360,13.232104121475055,4.989154013015185,8.24295010845987,86.76789587852495,8.676789587852495,78.09110629067246
E00108877,263,50,21,29,213,19,194,19.011406844106464,7.984790874524715,11.02661596958175,80.98859315589354,7.224334600760455,73.76425855513308
E00108879,366,39,7,32,327,20,307,10.655737704918032,1.912568306010929,8.743169398907105,89.34426229508196,5.46448087431694,83.87978142076503
E00108880,258,31,12,19,227,21,206,12.015503875968992,4.651162790697675,7.3643410852713185,87.98449612403101,8.13953488372093,79.84496124031007
E00108881,299,32,10,22,267,15,252,10.702341137123746,3.3444816053511706,7.357859531772576,89.29765886287625,5.016722408026756,84.2809364548495
E00108882,600,68,20,48,532,35,497,11.333333333333332,3.3333333333333335,8,88.66666666666667,5.833333333333333,82.83333333333334
E00108883,310,33,12,21,277,20,257,10.64516129032258,3.870967741935484,6.774193548387098,89.35483870967742,6.451612903225806,82.9032258064516
E00108884,278,37,11,26,241,26,215,13.309352517985612,3.9568345323741005,9.352517985611511,86.6906474820144,9.352517985611511,77.33812949640287
E00108885,341,34,17,17,307,20,287,9.970674486803519,4.9853372434017595,4.9853372434017595,90.02932551319648,5.865102639296188,84.1642228739003
E00108886,389,34,14,20,355,23,332,8.740359897172237,3.5989717223650386,5.141388174807198,91.25964010282776,5.912596401028278,85.34704370179949
E00108887,467,84,30,54,383,27,356,17.987152034261243,6.423982869379015,11.563169164882227,82.01284796573876,5.781584582441114,76.23126338329764
E00108888,237,60,34,26,177,22,155,25.31645569620253,14.345991561181433,10.970464135021098,74.68354430379746,9.282700421940929,65.40084388185655
E00108889,298,38,11,27,260,21,239,12.751677852348994,3.691275167785235,9.060402684563758,87.24832214765101,7.046979865771812,80.20134228187919
E00108890,559,97,49,48,462,30,432,17.352415026833633,8.765652951699463,8.586762075134168,82.64758497316636,5.366726296958855,77.28085867620752
E00108891,309,38,6,32,271,22,249,12.297734627831716,1.9417475728155338,10.355987055016183,87.70226537216828,7.119741100323624,80.58252427184466
E00108892,363,34,11,23,329,27,302,9.366391184573002,3.0303030303030303,6.336088154269973,90.633608815427,7.43801652892562,83.19559228650138
E00108893,186,44,18,26,142,11,131,23.655913978494624,9.67741935483871,13.978494623655912,76.34408602150538,5.913978494623656,70.43010752688173
E00108894,414,73,27,46,341,34,307,17.632850241545896,6.521739130434782,11.11111111111111,82.3671497584541,8.212560386473431,74.15458937198068
E00108895,240,53,21,32,187,18,169,22.083333333333332,8.75,13.333333333333334,77.91666666666667,7.5,70.41666666666667
E00108896,254,45,21,24,209,12,197,17.716535433070867,8.267716535433072,9.448818897637794,82.28346456692913,4.724409448818897,77.55905511811024
E00108897,357,61,27,34,296,22,274,17.086834733893557,7.563025210084033,9.523809523809524,82.91316526610645,6.162464985994398,76.75070028011206
E00108898,233,45,21,24,188,12,176,19.313304721030043,9.012875536480687,10.300429184549357,80.68669527896995,5.150214592274678,75.53648068669528
E00108899,328,62,23,39,266,22,244,18.902439024390244,7.01219512195122,11.890243902439025,81.09756097560977,6.707317073170732,74.39024390243902
E00108900,352,53,25,28,299,25,274,15.056818181818182,7.1022727272727275,7.954545454545454,84.94318181818183,7.1022727272727275,77.8409090909091
E00108901,469,61,37,24,408,29,379,13.00639658848614,7.889125799573561,5.11727078891258,86.99360341151386,6.183368869936034,80.81023454157783
E00108902,417,57,24,33,360,34,326,13.66906474820144,5.755395683453238,7.913669064748201,86.33093525179856,8.15347721822542,78.17745803357315
E00108904,348,62,21,41,286,17,269,17.81609195402299,6.0344827586206895,11.781609195402298,82.18390804597702,4.885057471264368,77.29885057471265
E00108905,323,62,23,39,261,24,237,19.195046439628484,7.120743034055728,12.074303405572756,80.80495356037152,7.430340557275541,73.37461300309597
E00108906,525,71,38,33,454,51,403,13.523809523809524,7.238095238095238,6.2857142857142865,86.47619047619047,9.714285714285714,76.76190476190476
E00108907,300,43,22,21,257,21,236,14.333333333333334,7.333333333333333,7.000000000000001,85.66666666666667,7.000000000000001,78.66666666666666
E00108908,234,10,0,10,224,15,209,4.273504273504273,0,4.273504273504273,95.72649572649573,6.41025641025641,89.31623931623932
E00108909,291,72,39,33,219,26,193,24.742268041237114,13.402061855670103,11.34020618556701,75.25773195876289,8.934707903780069,66.32302405498281
E00108910,285,22,3,19,263,18,245,7.719298245614035,1.0526315789473684,6.666666666666667,92.28070175438596,6.315789473684211,85.96491228070175
E00108911,290,49,27,22,241,12,229,16.896551724137932,9.310344827586208,7.586206896551724,83.10344827586206,4.137931034482759,78.96551724137932
E00108912,318,60,19,41,258,15,243,18.867924528301888,5.9748427672955975,12.89308176100629,81.13207547169812,4.716981132075472,76.41509433962264
E00108913,265,44,23,21,221,28,193,16.60377358490566,8.679245283018867,7.9245283018867925,83.39622641509435,10.566037735849058,72.83018867924528
E00108914,381,37,10,27,344,15,329,9.711286089238845,2.6246719160104988,7.086614173228346,90.28871391076116,3.937007874015748,86.3517060367454
E00108916,192,56,19,37,136,7,129,29.166666666666668,9.895833333333332,19.270833333333336,70.83333333333334,3.6458333333333335,67.1875
E00108917,217,47,14,33,170,11,159,21.658986175115206,6.451612903225806,15.207373271889402,78.3410138248848,5.0691244239631335,73.27188940092167
E00108918,480,49,8,41,431,26,405,10.208333333333334,1.6666666666666667,8.541666666666666,89.79166666666667,5.416666666666667,84.375
E00108920,324,33,16,17,291,17,274,10.185185185185185,4.938271604938271,5.246913580246913,89.81481481481481,5.246913580246913,84.5679012345679
E00108921,477,34,12,22,443,45,398,7.127882599580712,2.515723270440252,4.612159329140461,92.87211740041928,9.433962264150944,83.43815513626835
E00108922,370,37,13,24,333,17,316,10,3.5135135135135136,6.486486486486487,90,4.594594594594595,85.4054054054054
E00108923,301,38,17,21,263,32,231,12.624584717607974,5.647840531561462,6.976744186046512,87.37541528239203,10.631229235880399,76.74418604651163
E00108924,352,54,20,34,298,35,263,15.340909090909092,5.681818181818182,9.659090909090908,84.6590909090909,9.943181818181818,74.7159090909091
E00108925,206,54,26,28,152,10,142,26.21359223300971,12.62135922330097,13.592233009708737,73.7864077669903,4.854368932038835,68.93203883495146
E00108926,346,35,11,24,311,17,294,10.115606936416185,3.1791907514450863,6.9364161849710975,89.88439306358381,4.913294797687861,84.97109826589595
E00108927,554,101,75,26,453,31,422,18.231046931407942,13.537906137184116,4.693140794223827,81.76895306859205,5.595667870036101,76.17328519855594
E00108928,307,46,7,39,261,20,241,14.983713355048861,2.2801302931596092,12.703583061889251,85.01628664495115,6.514657980456026,78.50162866449512
E00108929,348,48,13,35,300,21,279,13.793103448275861,3.7356321839080464,10.057471264367816,86.20689655172413,6.0344827586206895,80.17241379310344
E00108930,337,33,9,24,304,23,281,9.792284866468842,2.6706231454005933,7.121661721068249,90.20771513353115,6.824925816023739,83.38278931750742
E00108931,293,40,13,27,253,17,236,13.651877133105803,4.436860068259386,9.215017064846416,86.3481228668942,5.802047781569966,80.54607508532423
E00108932,504,69,28,41,435,35,400,13.690476190476192,5.555555555555555,8.134920634920634,86.30952380952381,6.944444444444445,79.36507936507937
E00108933,325,31,13,18,294,21,273,9.538461538461538,4,5.538461538461538,90.46153846153845,6.461538461538462,84
E00108934,299,41,11,30,258,20,238,13.712374581939798,3.678929765886288,10.033444816053512,86.2876254180602,6.688963210702341,79.59866220735786
E00108935,332,48,18,30,284,21,263,14.457831325301203,5.421686746987952,9.036144578313253,85.54216867469879,6.325301204819277,79.21686746987952
E00108936,349,44,13,31,305,18,287,12.607449856733524,3.7249283667621778,8.882521489971348,87.39255014326648,5.157593123209169,82.23495702005731
E00108937,337,35,14,21,302,18,284,10.385756676557865,4.154302670623145,6.231454005934718,89.61424332344214,5.341246290801187,84.27299703264094
E00108938,325,35,10,25,290,38,252,10.76923076923077,3.076923076923077,7.6923076923076925,89.23076923076924,11.692307692307692,77.53846153846153
E00108939,286,43,13,30,243,31,212,15.034965034965033,4.545454545454546,10.48951048951049,84.96503496503497,10.839160839160838,74.12587412587412
E00108940,326,46,16,30,280,28,252,14.11042944785276,4.9079754601226995,9.202453987730062,85.88957055214725,8.588957055214724,77.30061349693251
E00108941,318,41,16,25,277,28,249,12.89308176100629,5.031446540880504,7.861635220125786,87.10691823899371,8.80503144654088,78.30188679245283
E00108942,263,63,36,27,200,13,187,23.954372623574145,13.688212927756654,10.26615969581749,76.04562737642586,4.942965779467681,71.10266159695817
E00108943,138,24,8,16,114,5,109,17.391304347826086,5.797101449275362,11.594202898550725,82.6086956521739,3.6231884057971016,78.98550724637681
E00108944,313,49,20,29,264,17,247,15.654952076677317,6.3897763578274756,9.26517571884984,84.34504792332268,5.431309904153355,78.91373801916933
E00108945,289,36,15,21,253,18,235,12.45674740484429,5.190311418685121,7.26643598615917,87.5432525951557,6.228373702422145,81.31487889273356
E00108946,295,45,23,22,250,26,224,15.254237288135593,7.796610169491526,7.457627118644068,84.7457627118644,8.813559322033898,75.9322033898305
E00108947,322,35,14,21,287,17,270,10.869565217391305,4.3478260869565215,6.521739130434782,89.13043478260869,5.279503105590062,83.85093167701864
E00108948,366,51,29,22,315,27,288,13.934426229508196,7.923497267759563,6.0109289617486334,86.0655737704918,7.377049180327869,78.68852459016394
E00108950,300,39,11,28,261,20,241,13,3.6666666666666665,9.333333333333334,87,6.666666666666667,80.33333333333333
E00108951,346,58,34,24,288,27,261,16.76300578034682,9.826589595375722,6.9364161849710975,83.23699421965318,7.803468208092486,75.43352601156069
E00108952,172,17,8,9,155,12,143,9.883720930232558,4.651162790697675,5.232558139534884,90.11627906976744,6.976744186046512,83.13953488372093
E00108953,134,25,12,13,109,11,98,18.65671641791045,8.955223880597014,9.701492537313433,81.34328358208955,8.208955223880597,73.13432835820896
E00108954,263,34,14,20,229,17,212,12.927756653992395,5.323193916349809,7.604562737642586,87.07224334600761,6.4638783269961975,80.6083650190114
E00108955,310,27,8,19,283,25,258,8.709677419354838,2.5806451612903225,6.129032258064516,91.29032258064517,8.064516129032258,83.22580645161291
E00108956,305,38,12,26,267,20,247,12.459016393442624,3.934426229508197,8.524590163934425,87.54098360655738,6.557377049180328,80.98360655737706
E00108957,335,41,21,20,294,21,273,12.238805970149254,6.26865671641791,5.970149253731343,87.76119402985074,6.26865671641791,81.49253731343283
E00108958,298,43,14,29,255,25,230,14.429530201342283,4.697986577181208,9.731543624161073,85.57046979865773,8.389261744966444,77.18120805369128
E00108959,382,56,18,38,326,22,304,14.659685863874344,4.712041884816754,9.947643979057592,85.34031413612566,5.7591623036649215,79.58115183246073
E00108960,267,44,18,26,223,14,209,16.479400749063668,6.741573033707865,9.737827715355806,83.52059925093633,5.2434456928838955,78.27715355805243
E00108961,355,54,22,32,301,31,270,15.211267605633802,6.197183098591549,9.014084507042254,84.78873239436619,8.732394366197182,76.05633802816901
E00108962,346,49,22,27,297,13,284,14.16184971098266,6.358381502890173,7.803468208092486,85.83815028901735,3.7572254335260116,82.08092485549133
E00108963,364,47,17,30,317,33,284,12.912087912087914,4.670329670329671,8.241758241758241,87.08791208791209,9.065934065934066,78.02197802197803
E00108964,381,27,9,18,354,20,334,7.086614173228346,2.3622047244094486,4.724409448818897,92.91338582677166,5.2493438320209975,87.66404199475065
E00108965,362,39,15,24,323,16,307,10.773480662983426,4.143646408839778,6.629834254143646,89.22651933701657,4.41988950276243,84.80662983425414
E00108966,363,44,13,31,319,36,283,12.121212121212121,3.581267217630854,8.539944903581267,87.87878787878788,9.917355371900827,77.96143250688705
E00108967,286,61,24,37,225,18,207,21.328671328671327,8.391608391608392,12.937062937062937,78.67132867132867,6.293706293706294,72.37762237762237
E00108968,368,36,10,26,332,29,303,9.782608695652174,2.717391304347826,7.065217391304348,90.21739130434783,7.880434782608696,82.33695652173914
E00108969,356,57,24,33,299,22,277,16.01123595505618,6.741573033707865,9.269662921348315,83.98876404494382,6.179775280898876,77.80898876404494
E00108970,332,39,15,24,293,29,264,11.74698795180723,4.518072289156627,7.228915662650602,88.25301204819277,8.734939759036145,79.51807228915662
E00108971,343,33,11,22,310,19,291,9.620991253644315,3.206997084548105,6.41399416909621,90.37900874635568,5.539358600583091,84.8396501457726
E00108972,312,58,23,35,254,19,235,18.58974358974359,7.371794871794872,11.217948717948719,81.41025641025641,6.089743589743589,75.32051282051282
E00108973,291,51,17,34,240,24,216,17.525773195876287,5.841924398625429,11.683848797250858,82.4742268041237,8.24742268041237,74.22680412371135
E00108974,302,53,22,31,249,21,228,17.549668874172188,7.28476821192053,10.264900662251655,82.45033112582782,6.95364238410596,75.49668874172185
E00108975,332,35,8,27,297,27,270,10.542168674698797,2.4096385542168677,8.132530120481928,89.45783132530121,8.132530120481928,81.32530120481928
E00108976,335,33,14,19,302,24,278,9.850746268656717,4.179104477611941,5.6716417910447765,90.14925373134328,7.164179104477612,82.98507462686567
E00108978,308,62,24,38,246,22,224,20.12987012987013,7.792207792207792,12.337662337662337,79.87012987012987,7.142857142857142,72.72727272727273
E00108979,306,31,9,22,275,27,248,10.130718954248366,2.941176470588235,7.18954248366013,89.86928104575163,8.823529411764707,81.04575163398692
E00108980,294,43,17,26,251,27,224,14.625850340136054,5.782312925170068,8.843537414965986,85.37414965986395,9.183673469387756,76.19047619047619
E00108982,410,84,54,30,326,18,308,20.48780487804878,13.170731707317074,7.317073170731707,79.51219512195122,4.390243902439024,75.1219512195122
E00108983,282,58,29,29,224,25,199,20.56737588652482,10.28368794326241,10.28368794326241,79.43262411347519,8.865248226950355,70.56737588652481
E00108984,321,42,14,28,279,23,256,13.084112149532709,4.361370716510903,8.722741433021806,86.91588785046729,7.165109034267912,79.75077881619937
E00108985,296,44,19,25,252,33,219,14.864864864864865,6.418918918918918,8.445945945945946,85.13513513513513,11.14864864864865,73.98648648648648
E00108986,394,52,15,37,342,29,313,13.19796954314721,3.807106598984772,9.390862944162437,86.80203045685279,7.3604060913705585,79.44162436548223
E00108987,328,30,10,20,298,22,276,9.146341463414634,3.048780487804878,6.097560975609756,90.85365853658537,6.707317073170732,84.14634146341463
E00108988,244,37,20,17,207,19,188,15.163934426229508,8.19672131147541,6.967213114754098,84.8360655737705,7.786885245901639,77.04918032786885
E00108989,281,36,14,22,245,20,225,12.811387900355871,4.98220640569395,7.829181494661921,87.18861209964413,7.11743772241993,80.0711743772242
E00108990,339,33,12,21,306,23,283,9.734513274336283,3.5398230088495577,6.1946902654867255,90.2654867256637,6.784660766961652,83.48082595870207
E00108991,324,56,26,30,268,25,243,17.28395061728395,8.024691358024691,9.25925925925926,82.71604938271605,7.716049382716049,75
E00108992,349,36,15,21,313,29,284,10.315186246418339,4.297994269340974,6.017191977077363,89.68481375358166,8.30945558739255,81.37535816618912
E00108993,328,41,16,25,287,17,270,12.5,4.878048780487805,7.621951219512195,87.5,5.182926829268292,82.3170731707317
E00108994,277,51,14,37,226,15,211,18.4115523465704,5.054151624548736,13.357400722021662,81.58844765342961,5.415162454873646,76.17328519855594
E00108995,292,34,20,14,258,21,237,11.643835616438356,6.8493150684931505,4.794520547945205,88.35616438356165,7.191780821917808,81.16438356164383
E00108996,372,72,19,53,300,24,276,19.35483870967742,5.10752688172043,14.24731182795699,80.64516129032258,6.451612903225806,74.19354838709677
E00108997,312,78,42,36,234,19,215,25,13.461538461538462,11.538461538461538,75,6.089743589743589,68.91025641025641
E00108998,284,63,33,30,221,28,193,22.183098591549296,11.619718309859154,10.56338028169014,77.8169014084507,9.859154929577464,67.95774647887323
E00108999,296,50,28,22,246,18,228,16.89189189189189,9.45945945945946,7.4324324324324325,83.1081081081081,6.081081081081082,77.02702702702703
E00109000,268,41,20,21,227,28,199,15.298507462686567,7.462686567164178,7.835820895522389,84.70149253731343,10.44776119402985,74.25373134328358
E00109001,374,29,13,16,345,16,329,7.754010695187167,3.4759358288770055,4.27807486631016,92.24598930481284,4.27807486631016,87.96791443850267
E00109002,332,38,14,24,294,22,272,11.44578313253012,4.216867469879518,7.228915662650602,88.55421686746988,6.626506024096386,81.92771084337349
E00109003,239,25,5,20,214,21,193,10.460251046025103,2.092050209205021,8.368200836820083,89.5397489539749,8.786610878661087,80.75313807531381
E00109004,329,53,22,31,276,19,257,16.109422492401215,6.68693009118541,9.422492401215806,83.89057750759878,5.775075987841945,78.11550151975683
E00109005,221,37,13,24,184,16,168,16.7420814479638,5.88235294117647,10.85972850678733,83.2579185520362,7.239819004524888,76.01809954751131
E00109006,265,24,6,18,241,18,223,9.056603773584905,2.2641509433962264,6.7924528301886795,90.9433962264151,6.7924528301886795,84.15094339622642
E00109007,333,41,10,31,292,25,267,12.312312312312311,3.003003003003003,9.30930930930931,87.68768768768768,7.5075075075075075,80.18018018018019
E00109008,279,27,8,19,252,19,233,9.67741935483871,2.867383512544803,6.810035842293908,90.32258064516128,6.810035842293908,83.51254480286738
E00109009,347,43,16,27,304,25,279,12.39193083573487,4.610951008645533,7.780979827089338,87.60806916426513,7.204610951008646,80.403458213256485
E00109010,347,38,11,27,309,17,292,10.951008645533141,3.170028818443804,7.780979827089338,89.04899135446685,4.899135446685879,84.14985590778097
E00109011,345,41,17,24,304,26,278,11.884057971014492,4.9275362318840585,6.956521739130435,88.1159420289855,7.536231884057972,80.57971014492755
E00109012,344,38,13,25,306,25,281,11.046511627906977,3.77906976744186,7.267441860465117,88.95348837209302,7.267441860465117,81.68604651162791
E00109013,295,50,20,30,245,20,225,16.94915254237288,6.779661016949152,10.16949152542373,83.05084745762711,6.779661016949152,76.27118644067797
E00109014,285,74,32,42,211,24,187,25.964912280701753,11.228070175438596,14.736842105263156,74.03508771929825,8.421052631578947,65.6140350877193
E00109015,336,39,17,22,297,20,277,11.607142857142858,5.059523809523809,6.547619047619048,88.39285714285714,5.952380952380952,82.44047619047619
E00109016,251,18,8,10,233,14,219,7.171314741035857,3.187250996015936,3.9840637450199203,92.82868525896414,5.577689243027888,87.25099601593625
E00109017,345,40,12,28,305,21,284,11.594202898550725,3.4782608695652173,8.115942028985506,88.40579710144928,6.086956521739131,82.31884057971014
E00109018,304,58,24,34,246,10,236,19.078947368421055,7.894736842105263,11.18421052631579,80.92105263157895,3.289473684210526,77.63157894736842
E00109019,232,36,16,20,196,14,182,15.517241379310345,6.896551724137931,8.620689655172415,84.48275862068965,6.0344827586206895,78.44827586206897
E00109020,263,48,22,26,215,29,186,18.250950570342205,8.365019011406844,9.885931558935361,81.74904942965779,11.02661596958175,70.72243346007605
E00109021,334,60,19,41,274,18,256,17.964071856287426,5.688622754491018,12.275449101796406,82.03592814371258,5.389221556886228,76.64670658682635
E00109022,308,35,13,22,273,24,249,11.363636363636363,4.220779220779221,7.142857142857142,88.63636363636364,7.792207792207792,80.84415584415584
E00109023,273,30,10,20,243,19,224,10.989010989010989,3.6630036630036633,7.326007326007327,89.01098901098901,6.95970695970696,82.05128205128204
E00109024,284,51,18,33,233,18,215,17.95774647887324,6.338028169014084,11.619718309859154,82.04225352112677,6.338028169014084,75.70422535211267
E00109025,327,41,12,29,286,15,271,12.538226299694188,3.669724770642202,8.868501529051988,87.46177370030581,4.587155963302752,82.87461773700305
E00109026,381,55,13,42,326,30,296,14.435695538057743,3.4120734908136483,11.023622047244094,85.56430446194226,7.874015748031496,77.69028871391076
E00109027,402,73,31,42,329,22,307,18.1592039800995,7.711442786069651,10.44776119402985,81.8407960199005,5.472636815920398,76.3681592039801
E00109028,306,49,26,23,257,25,232,16.013071895424837,8.49673202614379,7.516339869281046,83.98692810457517,8.169934640522875,75.81699346405229
E00109029,253,38,21,17,215,13,202,15.019762845849801,8.300395256916996,6.719367588932807,84.98023715415019,5.138339920948617,79.84189723320159
E00109030,113,15,1,14,98,7,91,13.274336283185843,0.8849557522123894,12.389380530973451,86.72566371681415,6.1946902654867255,80.53097345132744
E00109031,269,52,21,31,217,10,207,19.33085501858736,7.806691449814126,11.524163568773234,80.66914498141264,3.717472118959108,76.95167286245353
E00109032,541,35,13,22,506,28,478,6.469500924214418,2.4029574861367835,4.066543438077634,93.53049907578558,5.175600739371535,88.35489833641404
E00109033,259,46,21,25,213,22,191,17.760617760617762,8.108108108108109,9.652509652509652,82.23938223938224,8.494208494208493,73.74517374517374
E00109034,313,40,11,29,273,19,254,12.779552715654951,3.5143769968051117,9.26517571884984,87.22044728434504,6.070287539936102,81.15015974440894
E00109035,297,50,25,25,247,18,229,16.835016835016837,8.417508417508419,8.417508417508419,83.16498316498317,6.0606060606060606,77.10437710437711
E00109036,328,54,16,38,274,22,252,16.463414634146343,4.878048780487805,11.585365853658537,83.53658536585365,6.707317073170732,76.82926829268293
E00109037,260,44,21,23,216,16,200,16.923076923076923,8.076923076923077,8.846153846153847,83.07692307692308,6.153846153846154,76.92307692307693
E00109038,304,66,37,29,238,23,215,21.710526315789476,12.171052631578947,9.539473684210527,78.28947368421053,7.565789473684211,70.72368421052632
E00109039,355,33,13,20,322,17,305,9.295774647887324,3.6619718309859155,5.633802816901409,90.70422535211267,4.788732394366197,85.91549295774648
E00109040,344,48,18,30,296,17,279,13.953488372093023,5.232558139534884,8.720930232558139,86.04651162790698,4.941860465116279,81.1046511627907
E00109041,320,36,7,29,284,24,260,11.25,2.1875,9.0625,88.75,7.5,81.25
E00109042,392,48,17,31,344,18,326,12.244897959183673,4.336734693877551,7.908163265306123,87.75510204081633,4.591836734693878,83.16326530612244
E00109043,338,53,15,38,285,30,255,15.680473372781064,4.437869822485207,11.242603550295858,84.31952662721893,8.875739644970414,75.44378698224851
E00109044,248,41,16,25,207,23,184,16.532258064516128,6.451612903225806,10.080645161290322,83.46774193548387,9.274193548387096,74.19354838709677
E00109045,360,60,28,32,300,23,277,16.666666666666664,7.777777777777778,8.88888888888889,83.33333333333334,6.388888888888888,76.94444444444444
E00109046,297,44,11,33,253,25,228,14.814814814814813,3.7037037037037033,11.11111111111111,85.18518518518519,8.417508417508419,76.76767676767676
E00109047,406,80,37,43,326,19,307,19.704433497536947,9.113300492610838,10.591133004926109,80.29556650246306,4.679802955665025,75.61576354679804
E00109048,325,50,26,24,275,18,257,15.384615384615385,8,7.384615384615385,84.61538461538461,5.538461538461538,79.07692307692308
E00109049,321,54,30,24,267,17,250,16.822429906542055,9.345794392523365,7.476635514018691,83.17757009345794,5.29595015576324,77.88161993769471
E00109050,224,56,29,27,168,19,149,25,12.946428571428573,12.053571428571429,75,8.482142857142858,66.51785714285714
E00109051,322,54,28,26,268,17,251,16.77018633540373,8.695652173913043,8.074534161490684,83.22981366459628,5.279503105590062,77.95031055900621
E00109052,337,92,61,31,245,18,227,27.299703264094955,18.100890207715135,9.198813056379821,72.70029673590504,5.341246290801187,67.35905044510386
E00109053,321,31,8,23,290,31,259,9.657320872274143,2.4922118380062304,7.165109034267912,90.34267912772586,9.657320872274143,80.68535825545172
E00109054,385,45,11,34,340,29,311,11.688311688311687,2.857142857142857,8.831168831168831,88.31168831168831,7.532467532467532,80.77922077922078
E00109055,238,31,12,19,207,15,192,13.025210084033615,5.042016806722689,7.9831932773109235,86.97478991596638,6.302521008403361,80.67226890756302
E00109056,291,36,8,28,255,24,231,12.371134020618557,2.7491408934707904,9.621993127147768,87.62886597938144,8.24742268041237,79.38144329896907
E00109057,338,44,18,26,294,29,265,13.017751479289942,5.325443786982249,7.6923076923076925,86.98224852071006,8.579881656804734,78.40236686390533
E00109058,300,44,13,31,256,23,233,14.666666666666666,4.333333333333334,10.333333333333334,85.33333333333334,7.666666666666666,77.66666666666666
E00109059,332,61,31,30,271,32,239,18.373493975903614,9.33734939759036,9.036144578313253,81.62650602409639,9.63855421686747,71.98795180722891
E00109060,367,31,5,26,336,36,300,8.446866485013624,1.3623978201634876,7.084468664850137,91.55313351498637,9.809264305177113,81.74386920980926
E00109061,247,39,16,23,208,13,195,15.789473684210526,6.477732793522267,9.31174089068826,84.21052631578947,5.263157894736842,78.94736842105263
E00109062,315,40,14,26,275,27,248,12.698412698412698,4.444444444444445,8.253968253968253,87.3015873015873,8.571428571428571,78.73015873015873
E00109063,183,27,7,20,156,14,142,14.754098360655737,3.825136612021858,10.92896174863388,85.24590163934425,7.650273224043716,77.59562841530054
E00109064,230,33,17,16,197,19,178,14.347826086956522,7.391304347826087,6.956521739130435,85.65217391304348,8.26086956521739,77.39130434782608
E00109065,331,28,8,20,303,14,289,8.459214501510575,2.416918429003021,6.042296072507553,91.54078549848943,4.229607250755287,87.31117824773413
E00109066,330,37,16,21,293,20,273,11.212121212121213,4.848484848484849,6.363636363636363,88.7878787878788,6.0606060606060606,82.72727272727273
E00109067,321,39,8,31,282,33,249,12.149532710280374,2.4922118380062304,9.657320872274143,87.85046728971963,10.2803738317757,77.57009345794393
E00109068,364,42,15,27,322,32,290,11.538461538461538,4.1208791208791204,7.417582417582418,88.46153846153845,8.791208791208792,79.67032967032966
E00109069,347,26,2,24,321,33,288,7.492795389048991,0.57636887608069165,6.9164265129683,92.507204610951,9.510086455331413,82.9971181556196
E00109070,215,36,16,20,179,17,162,16.74418604651163,7.441860465116279,9.30232558139535,83.25581395348837,7.906976744186046,75.34883720930232
E00109071,440,44,13,31,396,27,369,10,2.9545454545454546,7.045454545454545,90,6.136363636363637,83.86363636363636
E00109072,278,41,22,19,237,16,221,14.748201438848922,7.913669064748201,6.83453237410072,85.25179856115108,5.755395683453238,79.49640287769785
E00109073,290,32,13,19,258,17,241,11.03448275862069,4.482758620689655,6.551724137931035,88.96551724137932,5.862068965517241,83.10344827586206
E00109074,291,24,14,10,267,11,256,8.24742268041237,4.810996563573884,3.436426116838488,91.75257731958763,3.7800687285223367,87.97250859106529
E00109075,273,36,18,18,237,15,222,13.186813186813188,6.593406593406594,6.593406593406594,86.81318681318682,5.4945054945054945,81.31868131868131
E00109076,306,50,15,35,256,17,239,16.33986928104575,4.901960784313726,11.437908496732026,83.66013071895425,5.555555555555555,78.10457516339869
E00109077,130,21,3,18,109,4,105,16.153846153846153,2.307692307692308,13.846153846153847,83.84615384615385,3.076923076923077,80.76923076923077
E00109078,294,36,12,24,258,24,234,12.244897959183673,4.081632653061225,8.16326530612245,87.75510204081633,8.16326530612245,79.59183673469387
E00109079,460,69,30,39,391,26,365,15,6.521739130434782,8.478260869565217,85,5.6521739130434785,79.34782608695652
E00109080,411,56,16,40,355,32,323,13.62530413625304,3.8929440389294405,9.732360097323602,86.37469586374696,7.785888077858881,78.58880778588808
E00109081,311,35,10,25,276,23,253,11.254019292604502,3.215434083601286,8.038585209003216,88.7459807073955,7.395498392282958,81.35048231511254
E00109082,307,49,24,25,258,28,230,15.960912052117262,7.81758957654723,8.143322475570033,84.03908794788273,9.120521172638437,74.9185667752443
E00109083,337,48,19,29,289,11,278,14.243323442136498,5.637982195845697,8.605341246290802,85.7566765578635,3.2640949554896146,82.49258160237389
E00109084,328,41,18,23,287,26,261,12.5,5.487804878048781,7.01219512195122,87.5,7.926829268292683,79.57317073170732
E00109085,335,34,15,19,301,16,285,10.149253731343283,4.477611940298507,5.6716417910447765,89.8507462686567,4.776119402985075,85.07462686567165
E00109086,297,53,28,25,244,16,228,17.845117845117844,9.427609427609427,8.417508417508419,82.15488215488216,5.387205387205387,76.76767676767676
E00109087,323,65,35,30,258,22,236,20.123839009287924,10.8359133126935,9.287925696594428,79.87616099071208,6.811145510835913,73.06501547987617
E00109088,415,44,23,21,371,23,348,10.602409638554217,5.542168674698795,5.0602409638554215,89.39759036144578,5.542168674698795,83.855421686747
E00109089,325,42,14,28,283,21,262,12.923076923076923,4.3076923076923075,8.615384615384615,87.07692307692308,6.461538461538462,80.61538461538461
E00109090,292,24,4,20,268,24,244,8.21917808219178,1.36986301369863,6.8493150684931505,91.78082191780823,8.21917808219178,83.56164383561644
E00109091,356,53,20,33,303,21,282,14.887640449438203,5.617977528089887,9.269662921348315,85.1123595505618,5.8988764044943816,79.21348314606742
E00109093,270,35,11,24,235,13,222,12.962962962962962,4.074074074074074,8.88888888888889,87.03703703703704,4.814814814814815,82.22222222222221
E00109094,220,43,23,20,177,24,153,19.545454545454547,10.454545454545453,9.090909090909092,80.45454545454545,10.909090909090908,69.54545454545455
E00109095,287,40,14,26,247,15,232,13.937282229965156,4.878048780487805,9.059233449477352,86.06271777003485,5.2264808362369335,80.8362369337979
E00109096,508,61,25,36,447,25,422,12.007874015748031,4.921259842519685,7.086614173228346,87.99212598425197,4.921259842519685,83.07086614173228
E00109097,414,96,48,48,318,26,292,23.18840579710145,11.594202898550725,11.594202898550725,76.81159420289855,6.280193236714976,70.53140096618358
E00109098,247,59,19,40,188,13,175,23.88663967611336,7.6923076923076925,16.194331983805668,76.11336032388664,5.263157894736842,70.8502024291498
E00109099,380,88,59,29,292,29,263,23.157894736842106,15.526315789473685,7.631578947368421,76.84210526315789,7.631578947368421,69.21052631578948
E00109100,295,25,11,14,270,18,252,8.47457627118644,3.728813559322034,4.745762711864407,91.52542372881356,6.101694915254238,85.42372881355932
E00109101,337,42,10,32,295,22,273,12.462908011869436,2.967359050445104,9.495548961424333,87.53709198813057,6.528189910979229,81.00890207715133
E00109102,259,37,20,17,222,17,205,14.285714285714285,7.722007722007722,6.563706563706563,85.71428571428571,6.563706563706563,79.15057915057915
E00109103,307,28,13,15,279,21,258,9.120521172638437,4.234527687296417,4.88599348534202,90.87947882736157,6.840390879478828,84.03908794788273
E00109104,338,37,18,19,301,31,270,10.946745562130179,5.325443786982249,5.621301775147929,89.05325443786982,9.171597633136095,79.88165680473372
E00109105,321,37,13,24,284,25,259,11.526479750778815,4.049844236760125,7.476635514018691,88.47352024922118,7.78816199376947,80.68535825545172
E00109106,320,33,9,24,287,19,268,10.3125,2.8125,7.5,89.6875,5.9375,83.75
E00109107,292,34,9,25,258,14,244,11.643835616438356,3.0821917808219177,8.561643835616438,88.35616438356165,4.794520547945205,83.56164383561644
E00170060,368,16,0,16,352,19,333,4.3478260869565215,0,4.3478260869565215,95.65217391304348,5.163043478260869,90.48913043478261
E00170061,300,46,21,25,254,14,240,15.333333333333332,7.000000000000001,8.333333333333332,84.66666666666667,4.666666666666667,80
E00170062,295,36,13,23,259,21,238,12.203389830508476,4.406779661016949,7.796610169491526,87.79661016949153,7.118644067796611,80.67796610169492
E00170063,315,30,12,18,285,23,262,9.523809523809524,3.8095238095238098,5.714285714285714,90.47619047619048,7.301587301587302,83.17460317460318
E00170064,293,20,6,14,273,24,249,6.825938566552901,2.04778156996587,4.778156996587031,93.1740614334471,8.19112627986348,84.98293515358361
E00170065,230,27,8,19,203,19,184,11.73913043478261,3.4782608695652173,8.26086956521739,88.26086956521739,8.26086956521739,80
E00170066,227,31,12,19,196,8,188,13.656387665198238,5.286343612334802,8.370044052863436,86.34361233480176,3.524229074889868,82.81938325991189
E00170067,122,9,3,6,113,11,102,7.377049180327869,2.459016393442623,4.918032786885246,92.62295081967213,9.01639344262295,83.60655737704919
E00170068,380,52,18,34,328,22,306,13.684210526315791,4.736842105263158,8.947368421052632,86.31578947368422,5.7894736842105265,80.52631578947368
E00182409,102,8,1,7,94,4,90,7.8431372549019605,0.9803921568627451,6.862745098039216,92.15686274509804,3.9215686274509802,88.23529411764706
E00182413,155,47,21,26,108,11,97,30.32258064516129,13.548387096774196,16.7741935483871,69.6774193548387,7.096774193548387,62.58064516129033
E00182433,326,45,23,22,281,15,266,13.803680981595093,7.05521472392638,6.748466257668712,86.1963190184049,4.601226993865031,81.59509202453987
E00182453,302,30,14,16,272,19,253,9.933774834437086,4.635761589403973,5.298013245033113,90.06622516556291,6.291390728476822,83.77483443708608
E00182457,330,19,0,19,311,12,299,5.757575757575758,0,5.757575757575758,94.24242424242424,3.6363636363636362,90.6060606060606
E00182465,209,22,3,19,187,14,173,10.526315789473683,1.4354066985645932,9.090909090909092,89.47368421052632,6.698564593301436,82.77511961722487
E00182468,221,21,7,14,200,23,177,9.502262443438914,3.167420814479638,6.334841628959276,90.49773755656109,10.407239819004525,80.09049773755656
E00182481,227,30,8,22,197,11,186,13.215859030837004,3.524229074889868,9.691629955947137,86.78414096916299,4.845814977973569,81.93832599118943
E00182495,180,56,34,22,124,13,111,31.11111111111111,18.88888888888889,12.222222222222221,68.88888888888889,7.222222222222221,61.66666666666667
E00182525,320,131,97,34,189,17,172,40.9375,30.312499999999996,10.625,59.06249999999999,5.3125,53.75
