OA,ts0590001,ts0590002,ts0590003,ts0590004,ts0590005,ts0590006,ts0590007,ts0590002_PCT,ts0590003_PCT,ts0590004_PCT,ts0590005_PCT,ts0590006_PCT,ts0590007_PCT
E00085001,143,37,14,23,106,84,22,25.874125874125873,9.79020979020979,16.083916083916083,74.12587412587412,58.74125874125874,15.384615384615385
E00085002,234,67,24,43,167,140,27,28.63247863247863,10.256410256410255,18.37606837606838,71.36752136752136,59.82905982905983,11.538461538461538
E00085003,196,73,33,40,123,105,18,37.244897959183675,16.83673469387755,20.408163265306122,62.755102040816325,53.57142857142857,9.183673469387756
E00085005,153,52,21,31,101,88,13,33.98692810457516,13.725490196078432,20.26143790849673,66.01307189542483,57.51633986928104,8.49673202614379
E00085006,167,46,17,29,121,104,17,27.54491017964072,10.179640718562874,17.365269461077844,72.45508982035929,62.27544910179641,10.179640718562874
E00085007,263,73,36,37,190,158,32,27.756653992395435,13.688212927756654,14.068441064638785,72.24334600760456,60.07604562737643,12.167300380228136
E00085008,168,45,18,27,123,104,19,26.785714285714285,10.714285714285714,16.071428571428573,73.21428571428571,61.904761904761905,11.30952380952381
E00085009,111,25,11,14,86,74,12,22.52252252252252,9.90990990990991,12.612612612612612,77.47747747747748,66.66666666666666,10.81081081081081
E00085010,171,55,24,31,116,102,14,32.16374269005848,14.035087719298245,18.128654970760234,67.83625730994152,59.64912280701754,8.187134502923977
E00085011,163,39,17,22,124,117,7,23.92638036809816,10.429447852760736,13.496932515337424,76.07361963190185,71.77914110429448,4.294478527607362
E00085012,126,44,16,28,82,72,10,34.92063492063492,12.698412698412698,22.22222222222222,65.07936507936508,57.14285714285714,7.936507936507936
E00085013,155,38,19,19,117,86,31,24.516129032258064,12.258064516129032,12.258064516129032,75.48387096774194,55.483870967741936,20
E00085014,200,44,12,32,156,135,21,22,6,16,78,67.5,10.5
E00085015,106,27,8,19,79,71,8,25.471698113207548,7.547169811320755,17.92452830188679,74.52830188679245,66.98113207547169,7.547169811320755
E00085016,140,54,15,39,86,71,15,38.57142857142858,10.714285714285714,27.857142857142858,61.42857142857143,50.71428571428571,10.714285714285714
E00085017,150,45,16,29,105,88,17,30,10.666666666666668,19.333333333333332,70,58.666666666666664,11.333333333333332
E00085018,167,49,19,30,118,104,14,29.34131736526946,11.377245508982035,17.964071856287426,70.65868263473054,62.27544910179641,8.383233532934131
E00085019,134,37,9,28,97,78,19,27.611940298507463,6.7164179104477615,20.8955223880597,72.38805970149254,58.2089552238806,14.17910447761194
E00085020,190,53,23,30,137,106,31,27.89473684210526,12.105263157894736,15.789473684210526,72.10526315789474,55.78947368421052,16.315789473684212
E00085021,159,44,20,24,115,92,23,27.67295597484277,12.578616352201259,15.09433962264151,72.32704402515722,57.861635220125784,14.465408805031446
E00085022,151,42,19,23,109,83,26,27.81456953642384,12.582781456953644,15.2317880794702,72.18543046357617,54.966887417218544,17.218543046357617
E00085023,97,35,17,18,62,52,10,36.08247422680412,17.525773195876287,18.556701030927837,63.91752577319587,53.608247422680414,10.309278350515463
E00085024,63,13,3,10,50,43,7,20.634920634920633,4.761904761904762,15.873015873015872,79.36507936507937,68.25396825396825,11.11111111111111
E00085025,174,52,18,34,122,100,22,29.88505747126437,10.344827586206897,19.54022988505747,70.11494252873564,57.47126436781609,12.643678160919542
E00085026,162,37,15,22,125,108,17,22.839506172839506,9.25925925925926,13.580246913580247,77.1604938271605,66.66666666666666,10.493827160493826
E00085027,83,21,5,16,62,50,12,25.301204819277107,6.024096385542169,19.27710843373494,74.69879518072288,60.24096385542169,14.457831325301203
E00085028,103,26,14,12,77,62,15,25.24271844660194,13.592233009708737,11.650485436893204,74.75728155339806,60.19417475728155,14.563106796116504
E00085029,143,56,23,33,87,75,12,39.16083916083916,16.083916083916083,23.076923076923077,60.83916083916085,52.44755244755245,8.391608391608392
E00085030,140,34,14,20,106,85,21,24.285714285714285,10,14.285714285714285,75.71428571428571,60.71428571428571,15
E00085031,174,32,10,22,142,120,22,18.39080459770115,5.747126436781609,12.643678160919542,81.60919540229885,68.96551724137932,12.643678160919542
E00085032,176,45,17,28,131,119,12,25.568181818181817,9.659090909090908,15.909090909090908,74.43181818181817,67.61363636363636,6.8181818181818175
E00085033,101,33,17,16,68,58,10,32.67326732673268,16.831683168316832,15.841584158415841,67.32673267326733,57.42574257425742,9.900990099009901
E00085034,124,29,13,16,95,82,13,23.387096774193548,10.483870967741936,12.903225806451612,76.61290322580645,66.12903225806451,10.483870967741936
E00085035,191,51,16,35,140,125,15,26.701570680628272,8.37696335078534,18.32460732984293,73.29842931937172,65.44502617801047,7.853403141361256
E00085036,137,29,12,17,108,92,16,21.16788321167883,8.75912408759124,12.408759124087592,78.83211678832117,67.15328467153284,11.678832116788321
E00085037,134,31,9,22,103,97,6,23.134328358208954,6.7164179104477615,16.417910447761194,76.86567164179104,72.38805970149254,4.477611940298507
E00085038,130,37,14,23,93,76,17,28.46153846153846,10.76923076923077,17.692307692307693,71.53846153846153,58.46153846153847,13.076923076923078
E00085039,131,30,11,19,101,87,14,22.900763358778626,8.396946564885496,14.50381679389313,77.09923664122137,66.41221374045801,10.687022900763358
E00085040,104,18,5,13,86,80,6,17.307692307692307,4.807692307692308,12.5,82.6923076923077,76.92307692307693,5.769230769230769
E00085041,129,37,15,22,92,81,11,28.68217054263566,11.627906976744185,17.05426356589147,71.31782945736434,62.7906976744186,8.527131782945736
E00085042,87,28,9,19,59,49,10,32.18390804597701,10.344827586206897,21.839080459770116,67.81609195402298,56.32183908045977,11.494252873563218
E00085043,136,44,17,27,92,79,13,32.35294117647059,12.5,19.852941176470587,67.64705882352942,58.08823529411765,9.558823529411764
E00085044,121,30,15,15,91,73,18,24.793388429752067,12.396694214876034,12.396694214876034,75.20661157024794,60.33057851239669,14.87603305785124
E00085046,144,50,19,31,94,86,8,34.72222222222222,13.194444444444445,21.52777777777778,65.27777777777779,59.72222222222222,5.555555555555555
E00085047,228,73,20,53,155,137,18,32.01754385964912,8.771929824561402,23.24561403508772,67.98245614035088,60.08771929824561,7.894736842105263
E00085048,113,36,13,23,77,65,12,31.858407079646017,11.504424778761061,20.353982300884958,68.14159292035397,57.52212389380531,10.619469026548673
E00085049,159,44,19,25,115,94,21,27.67295597484277,11.949685534591195,15.723270440251572,72.32704402515722,59.11949685534591,13.20754716981132
E00085050,173,53,22,31,120,106,14,30.63583815028902,12.716763005780345,17.91907514450867,69.36416184971098,61.27167630057804,8.092485549132949
E00085051,111,24,6,18,87,79,8,21.62162162162162,5.405405405405405,16.216216216216218,78.37837837837837,71.17117117117117,7.207207207207207
E00085052,94,21,8,13,73,68,5,22.340425531914892,8.51063829787234,13.829787234042554,77.6595744680851,72.3404255319149,5.319148936170213
E00085053,81,27,13,14,54,48,6,33.33333333333333,16.049382716049383,17.28395061728395,66.66666666666666,59.25925925925925,7.4074074074074066
E00085054,132,47,17,30,85,66,19,35.60606060606061,12.878787878787879,22.727272727272727,64.39393939393939,50,14.393939393939394
E00085055,145,46,20,26,99,95,4,31.724137931034484,13.793103448275861,17.93103448275862,68.27586206896552,65.51724137931035,2.7586206896551726
E00085056,143,52,18,34,91,82,9,36.36363636363637,12.587412587412588,23.776223776223777,63.63636363636363,57.34265734265735,6.293706293706294
E00085057,131,34,17,17,97,81,16,25.954198473282442,12.977099236641221,12.977099236641221,74.04580152671755,61.832061068702295,12.213740458015266
E00085058,177,60,25,35,117,92,25,33.89830508474576,14.124293785310735,19.774011299435028,66.10169491525424,51.9774011299435,14.124293785310735
E00085059,110,36,15,21,74,63,11,32.72727272727273,13.636363636363635,19.090909090909093,67.27272727272727,57.27272727272727,10
E00085060,110,40,15,25,70,58,12,36.36363636363637,13.636363636363635,22.727272727272727,63.63636363636363,52.72727272727272,10.909090909090908
E00085061,100,27,7,20,73,59,14,27,7.000000000000001,20,73,59,14.000000000000002
E00085062,115,37,15,22,78,67,11,32.17391304347826,13.043478260869565,19.130434782608695,67.82608695652173,58.26086956521739,9.565217391304348
E00085063,117,27,10,17,90,68,22,23.076923076923077,8.547008547008547,14.529914529914532,76.92307692307693,58.119658119658126,18.803418803418804
E00085064,113,34,14,20,79,59,20,30.08849557522124,12.389380530973451,17.699115044247787,69.91150442477876,52.21238938053098,17.699115044247787
E00085065,52,17,8,9,35,30,5,32.69230769230769,15.384615384615385,17.307692307692307,67.3076923076923,57.692307692307686,9.615384615384617
E00085066,100,34,14,20,66,59,7,34,14.000000000000002,20,66,59,7.000000000000001
E00085067,137,28,11,17,109,96,13,20.437956204379564,8.02919708029197,12.408759124087592,79.56204379562044,70.07299270072993,9.48905109489051
E00085068,172,44,15,29,128,109,19,25.581395348837212,8.720930232558139,16.86046511627907,74.4186046511628,63.372093023255815,11.046511627906977
E00085069,190,58,15,43,132,113,19,30.526315789473685,7.894736842105263,22.63157894736842,69.47368421052632,59.473684210526315,10
E00085070,125,26,5,21,99,86,13,20.8,4,16.8,79.2,68.8,10.4
E00085071,145,34,15,19,111,103,8,23.448275862068964,10.344827586206897,13.10344827586207,76.55172413793103,71.03448275862068,5.517241379310345
E00085072,204,76,21,55,128,106,22,37.254901960784316,10.294117647058822,26.96078431372549,62.745098039215684,51.9607843137255,10.784313725490197
E00085073,111,25,10,15,86,80,6,22.52252252252252,9.00900900900901,13.513513513513514,77.47747747747748,72.07207207207207,5.405405405405405
E00085074,127,34,15,19,93,81,12,26.77165354330709,11.811023622047244,14.960629921259844,73.22834645669292,63.77952755905512,9.448818897637794
E00085075,159,33,12,21,126,114,12,20.754716981132077,7.547169811320755,13.20754716981132,79.24528301886792,71.69811320754717,7.547169811320755
E00085076,227,68,24,44,159,136,23,29.955947136563875,10.572687224669604,19.383259911894275,70.04405286343612,59.91189427312775,10.13215859030837
E00085077,204,67,25,42,137,110,27,32.84313725490196,12.254901960784313,20.588235294117645,67.15686274509804,53.92156862745098,13.23529411764706
E00085078,158,44,18,26,114,95,19,27.848101265822784,11.39240506329114,16.455696202531644,72.15189873417721,60.12658227848101,12.025316455696203
E00085079,141,34,15,19,107,94,13,24.113475177304963,10.638297872340425,13.47517730496454,75.88652482269504,66.66666666666666,9.219858156028367
E00085080,134,31,6,25,103,88,15,23.134328358208954,4.477611940298507,18.65671641791045,76.86567164179104,65.67164179104478,11.194029850746269
E00085081,68,20,10,10,48,43,5,29.411764705882355,14.705882352941178,14.705882352941178,70.58823529411765,63.23529411764706,7.352941176470589
E00085082,127,24,12,12,103,86,17,18.89763779527559,9.448818897637794,9.448818897637794,81.10236220472441,67.71653543307087,13.385826771653544
E00085083,158,42,19,23,116,103,13,26.582278481012654,12.025316455696203,14.556962025316455,73.41772151898735,65.18987341772153,8.227848101265822
E00085084,226,78,32,46,148,125,23,34.51327433628318,14.15929203539823,20.353982300884958,65.48672566371681,55.309734513274336,10.176991150442479
E00085085,204,65,32,33,139,116,23,31.862745098039213,15.686274509803921,16.176470588235293,68.13725490196079,56.86274509803921,11.27450980392157
E00085086,170,44,25,19,126,113,13,25.882352941176475,14.705882352941178,11.176470588235295,74.11764705882354,66.47058823529412,7.647058823529412
E00085087,152,47,17,30,105,81,24,30.92105263157895,11.18421052631579,19.736842105263158,69.07894736842105,53.289473684210535,15.789473684210526
E00085088,118,47,23,24,71,54,17,39.83050847457627,19.491525423728813,20.33898305084746,60.16949152542372,45.76271186440678,14.40677966101695
E00085089,144,54,15,39,90,80,10,37.5,10.416666666666668,27.083333333333332,62.5,55.55555555555556,6.944444444444445
E00085090,125,48,15,33,77,71,6,38.4,12,26.400000000000002,61.6,56.8,4.8
E00085091,118,49,20,29,69,55,14,41.52542372881356,16.94915254237288,24.576271186440678,58.47457627118644,46.61016949152542,11.864406779661017
E00085092,198,80,29,51,118,104,14,40.4040404040404,14.646464646464647,25.757575757575758,59.59595959595959,52.52525252525253,7.07070707070707
E00085093,114,48,15,33,66,52,14,42.10526315789473,13.157894736842104,28.947368421052634,57.89473684210527,45.614035087719294,12.280701754385964
E00085094,73,25,6,19,48,44,4,34.24657534246575,8.21917808219178,26.027397260273972,65.75342465753424,60.273972602739725,5.47945205479452
E00085095,133,51,15,36,82,79,3,38.34586466165413,11.278195488721805,27.06766917293233,61.65413533834586,59.3984962406015,2.2556390977443606
E00085096,130,36,9,27,94,85,9,27.692307692307693,6.923076923076923,20.76923076923077,72.3076923076923,65.38461538461539,6.923076923076923
E00085097,121,37,10,27,84,71,13,30.57851239669421,8.264462809917356,22.31404958677686,69.42148760330579,58.67768595041323,10.743801652892563
E00085098,137,46,16,30,91,73,18,33.57664233576642,11.678832116788321,21.897810218978105,66.42335766423358,53.284671532846716,13.138686131386862
E00085099,131,32,16,16,99,91,8,24.427480916030532,12.213740458015266,12.213740458015266,75.57251908396947,69.46564885496184,6.106870229007633
E00085100,161,53,14,39,108,98,10,32.91925465838509,8.695652173913043,24.22360248447205,67.08074534161491,60.86956521739131,6.211180124223603
E00085101,63,15,5,10,48,44,4,23.809523809523807,7.936507936507936,15.873015873015872,76.19047619047619,69.84126984126983,6.349206349206349
E00085102,169,46,23,23,123,110,13,27.218934911242602,13.609467455621301,13.609467455621301,72.7810650887574,65.08875739644971,7.6923076923076925
E00085103,201,48,21,27,153,139,14,23.88059701492537,10.44776119402985,13.432835820895523,76.11940298507463,69.15422885572139,6.965174129353234
E00085104,148,50,21,29,98,80,18,33.78378378378378,14.18918918918919,19.594594594594593,66.21621621621621,54.054054054054056,12.162162162162163
E00085105,152,48,19,29,104,87,17,31.57894736842105,12.5,19.078947368421055,68.42105263157895,57.23684210526315,11.18421052631579
E00085106,150,50,17,33,100,80,20,33.33333333333333,11.333333333333332,22,66.66666666666666,53.333333333333336,13.333333333333334
E00085107,152,37,14,23,115,87,28,24.342105263157894,9.210526315789473,15.131578947368421,75.6578947368421,57.23684210526315,18.421052631578945
E00085108,121,31,12,19,90,74,16,25.6198347107438,9.917355371900827,15.702479338842975,74.3801652892562,61.15702479338842,13.223140495867769
E00085109,129,31,12,19,98,80,18,24.031007751937985,9.30232558139535,14.728682170542637,75.96899224806202,62.01550387596899,13.953488372093023
E00085110,142,35,11,24,107,94,13,24.647887323943664,7.746478873239436,16.901408450704224,75.35211267605634,66.19718309859155,9.15492957746479
E00085111,147,33,16,17,114,91,23,22.448979591836736,10.884353741496598,11.564625850340136,77.55102040816327,61.904761904761905,15.646258503401361
E00085112,123,33,14,19,90,79,11,26.82926829268293,11.38211382113821,15.447154471544716,73.17073170731707,64.22764227642277,8.94308943089431
E00085113,152,32,11,21,120,98,22,21.052631578947366,7.236842105263158,13.815789473684212,78.94736842105263,64.47368421052632,14.473684210526317
E00085114,64,24,11,13,40,40,0,37.5,17.1875,20.3125,62.5,62.5,0
E00085115,96,29,10,19,67,63,4,30.208333333333332,10.416666666666668,19.791666666666664,69.79166666666666,65.625,4.166666666666666
E00085116,64,28,13,15,36,31,5,43.75,20.3125,23.4375,56.25,48.4375,7.8125
E00085117,123,42,14,28,81,77,4,34.146341463414636,11.38211382113821,22.76422764227642,65.85365853658537,62.601626016260155,3.2520325203252036
E00085118,100,35,12,23,65,56,9,35,12,23,65,56.00000000000001,9
E00085119,122,44,14,30,78,69,9,36.0655737704918,11.475409836065573,24.59016393442623,63.934426229508205,56.557377049180324,7.377049180327869
E00085120,95,34,17,17,61,54,7,35.78947368421053,17.894736842105264,17.894736842105264,64.21052631578948,56.84210526315789,7.368421052631578
E00085121,127,51,20,31,76,68,8,40.15748031496063,15.748031496062993,24.409448818897637,59.84251968503938,53.54330708661418,6.299212598425196
E00085122,111,50,21,29,61,57,4,45.04504504504504,18.91891891891892,26.126126126126124,54.95495495495496,51.35135135135135,3.6036036036036037
E00085123,109,45,10,35,64,59,5,41.284403669724774,9.174311926605505,32.11009174311927,58.71559633027523,54.12844036697248,4.587155963302752
E00085124,99,30,8,22,69,61,8,30.303030303030305,8.080808080808081,22.22222222222222,69.6969696969697,61.61616161616161,8.080808080808081
E00085125,130,50,12,38,80,70,10,38.46153846153847,9.230769230769232,29.230769230769234,61.53846153846154,53.84615384615385,7.6923076923076925
E00085126,155,47,10,37,108,93,15,30.32258064516129,6.451612903225806,23.870967741935484,69.6774193548387,60,9.67741935483871
E00085127,71,26,12,14,45,38,7,36.61971830985916,16.901408450704224,19.718309859154928,63.38028169014085,53.52112676056338,9.859154929577464
E00085128,65,30,9,21,35,32,3,46.15384615384615,13.846153846153847,32.30769230769231,53.84615384615385,49.23076923076923,4.615384615384616
E00085129,108,37,16,21,71,62,9,34.25925925925926,14.814814814814813,19.444444444444446,65.74074074074075,57.407407407407405,8.333333333333332
E00085130,92,37,12,25,55,46,9,40.21739130434783,13.043478260869565,27.173913043478258,59.78260869565217,50,9.782608695652174
E00085131,140,50,17,33,90,77,13,35.714285714285715,12.142857142857142,23.57142857142857,64.28571428571429,55.00000000000001,9.285714285714286
E00085132,107,49,20,29,58,49,9,45.794392523364486,18.69158878504673,27.102803738317753,54.20560747663551,45.794392523364486,8.411214953271028
E00085133,99,39,17,22,60,55,5,39.39393939393939,17.17171717171717,22.22222222222222,60.60606060606061,55.55555555555556,5.05050505050505
E00085134,56,13,4,9,43,43,0,23.214285714285715,7.142857142857142,16.071428571428573,76.78571428571429,76.78571428571429,0
E00085135,95,37,8,29,58,56,2,38.94736842105263,8.421052631578947,30.526315789473685,61.05263157894737,58.94736842105262,2.1052631578947367
E00085136,196,58,22,36,138,115,23,29.591836734693878,11.224489795918368,18.367346938775512,70.40816326530613,58.673469387755105,11.73469387755102
E00085137,169,53,17,36,116,94,22,31.360946745562128,10.059171597633137,21.301775147928996,68.63905325443787,55.62130177514793,13.017751479289942
E00085138,190,60,16,44,130,107,23,31.57894736842105,8.421052631578947,23.157894736842106,68.42105263157895,56.315789473684205,12.105263157894736
E00085139,150,52,18,34,98,84,14,34.66666666666667,12,22.666666666666664,65.33333333333333,56.00000000000001,9.333333333333334
E00085140,82,17,4,13,65,57,8,20.73170731707317,4.878048780487805,15.853658536585366,79.26829268292683,69.51219512195121,9.75609756097561
E00085141,211,68,24,44,143,117,26,32.22748815165877,11.374407582938389,20.85308056872038,67.77251184834124,55.45023696682464,12.322274881516588
E00085142,70,25,12,13,45,39,6,35.714285714285715,17.142857142857142,18.571428571428573,64.28571428571429,55.714285714285715,8.571428571428571
E00085143,243,64,29,35,179,155,24,26.337448559670783,11.934156378600823,14.40329218106996,73.66255144032921,63.78600823045267,9.876543209876543
E00085144,117,32,16,16,85,74,11,27.350427350427353,13.675213675213676,13.675213675213676,72.64957264957265,63.24786324786324,9.401709401709402
E00085146,166,45,10,35,121,105,16,27.10843373493976,6.024096385542169,21.084337349397593,72.89156626506023,63.25301204819277,9.63855421686747
E00085147,142,45,21,24,97,82,15,31.690140845070424,14.788732394366196,16.901408450704224,68.30985915492957,57.74647887323944,10.56338028169014
E00085148,206,54,23,31,152,126,26,26.21359223300971,11.165048543689322,15.048543689320388,73.7864077669903,61.165048543689316,12.62135922330097
E00085149,186,45,20,25,141,112,29,24.193548387096776,10.75268817204301,13.440860215053762,75.80645161290323,60.215053763440864,15.591397849462366
E00085150,173,57,25,32,116,90,26,32.947976878612714,14.450867052023122,18.497109826589593,67.05202312138728,52.02312138728323,15.028901734104046
E00085151,187,59,27,32,128,104,24,31.550802139037433,14.43850267379679,17.11229946524064,68.44919786096256,55.61497326203209,12.834224598930483
E00085152,69,26,8,18,43,38,5,37.68115942028986,11.594202898550725,26.08695652173913,62.31884057971014,55.072463768115945,7.246376811594203
E00085153,166,62,27,35,104,86,18,37.34939759036144,16.265060240963855,21.084337349397593,62.65060240963856,51.80722891566265,10.843373493975903
E00085154,156,38,20,18,118,106,12,24.358974358974358,12.82051282051282,11.538461538461538,75.64102564102564,67.94871794871796,7.6923076923076925
E00085155,163,35,11,24,128,113,15,21.472392638036812,6.748466257668712,14.723926380368098,78.52760736196319,69.32515337423312,9.202453987730062
E00085156,270,79,30,49,191,169,22,29.259259259259256,11.11111111111111,18.14814814814815,70.74074074074073,62.59259259259259,8.148148148148149
E00085157,163,36,13,23,127,105,22,22.085889570552148,7.975460122699387,14.11042944785276,77.91411042944786,64.41717791411043,13.496932515337424
E00085158,132,40,11,29,92,80,12,30.303030303030305,8.333333333333332,21.96969696969697,69.6969696969697,60.60606060606061,9.090909090909092
E00085159,116,30,12,18,86,75,11,25.862068965517242,10.344827586206897,15.517241379310345,74.13793103448276,64.65517241379311,9.482758620689655
E00085160,205,62,31,31,143,133,10,30.24390243902439,15.121951219512194,15.121951219512194,69.7560975609756,64.8780487804878,4.878048780487805
E00085161,133,46,18,28,87,76,11,34.58646616541353,13.533834586466165,21.052631578947366,65.41353383458647,57.14285714285714,8.270676691729323
E00085162,145,46,30,16,99,80,19,31.724137931034484,20.689655172413794,11.03448275862069,68.27586206896552,55.172413793103445,13.10344827586207
E00085163,192,60,19,41,132,107,25,31.25,9.895833333333332,21.354166666666664,68.75,55.729166666666664,13.020833333333334
E00085164,124,41,15,26,83,72,11,33.064516129032256,12.096774193548388,20.967741935483872,66.93548387096774,58.06451612903226,8.870967741935484
E00085165,152,42,12,30,110,100,10,27.631578947368425,7.894736842105263,19.736842105263158,72.36842105263158,65.78947368421053,6.578947368421052
E00085166,151,48,15,33,103,80,23,31.788079470198678,9.933774834437086,21.85430463576159,68.21192052980133,52.980132450331126,15.2317880794702
E00085167,159,49,22,27,110,97,13,30.81761006289308,13.836477987421384,16.9811320754717,69.18238993710692,61.0062893081761,8.176100628930817
E00085168,149,36,12,24,113,96,17,24.161073825503358,8.053691275167784,16.10738255033557,75.83892617449665,64.42953020134227,11.409395973154362
E00085169,245,71,24,47,174,146,28,28.97959183673469,9.795918367346939,19.183673469387756,71.0204081632653,59.591836734693885,11.428571428571429
E00085170,139,28,6,22,111,98,13,20.14388489208633,4.316546762589928,15.827338129496402,79.85611510791367,70.50359712230215,9.352517985611511
E00085171,19,4,2,2,15,11,4,21.052631578947366,10.526315789473683,10.526315789473683,78.94736842105263,57.89473684210527,21.052631578947366
E00085172,129,35,16,19,94,83,11,27.131782945736433,12.4031007751938,14.728682170542637,72.86821705426357,64.34108527131784,8.527131782945736
E00085173,169,50,22,28,119,107,12,29.585798816568047,13.017751479289942,16.56804733727811,70.41420118343196,63.31360946745562,7.100591715976331
E00085174,127,36,18,18,91,78,13,28.346456692913385,14.173228346456693,14.173228346456693,71.65354330708661,61.417322834645674,10.236220472440944
E00085175,169,34,14,20,135,122,13,20.118343195266274,8.284023668639055,11.834319526627219,79.88165680473372,72.18934911242604,7.6923076923076925
E00085176,206,67,21,46,139,118,21,32.5242718446602,10.194174757281553,22.330097087378643,67.47572815533981,57.28155339805825,10.194174757281553
E00085177,99,32,14,18,67,62,5,32.323232323232325,14.14141414141414,18.181818181818183,67.67676767676768,62.62626262626263,5.05050505050505
E00085178,211,53,14,39,158,142,16,25.118483412322274,6.6350710900473935,18.48341232227488,74.88151658767772,67.29857819905213,7.5829383886255926
E00085179,135,36,10,26,99,86,13,26.666666666666668,7.4074074074074066,19.25925925925926,73.33333333333333,63.70370370370371,9.62962962962963
E00085180,138,55,17,38,83,66,17,39.85507246376812,12.318840579710146,27.536231884057973,60.14492753623188,47.82608695652174,12.318840579710146
E00085181,177,50,17,33,127,113,14,28.24858757062147,9.6045197740113,18.64406779661017,71.75141242937853,63.84180790960452,7.909604519774012
E00085182,130,34,11,23,96,82,14,26.153846153846157,8.461538461538462,17.692307692307693,73.84615384615385,63.07692307692307,10.76923076923077
E00085183,115,32,10,22,83,76,7,27.82608695652174,8.695652173913043,19.130434782608695,72.17391304347827,66.08695652173913,6.086956521739131
E00085184,114,25,16,9,89,78,11,21.929824561403507,14.035087719298245,7.894736842105263,78.0701754385965,68.42105263157895,9.649122807017543
E00085185,96,30,10,20,66,57,9,31.25,10.416666666666668,20.833333333333336,68.75,59.375,9.375
E00085186,154,27,10,17,127,107,20,17.532467532467532,6.493506493506493,11.03896103896104,82.46753246753246,69.48051948051948,12.987012987012985
E00085187,61,19,8,11,42,38,4,31.147540983606557,13.114754098360656,18.0327868852459,68.85245901639344,62.295081967213115,6.557377049180328
E00085188,130,39,16,23,91,77,14,30,12.307692307692308,17.692307692307693,70,59.23076923076923,10.76923076923077
E00085189,145,44,16,28,101,95,6,30.344827586206897,11.03448275862069,19.310344827586206,69.6551724137931,65.51724137931035,4.137931034482759
E00085190,148,43,16,27,105,89,16,29.054054054054053,10.81081081081081,18.243243243243242,70.94594594594594,60.13513513513513,10.81081081081081
E00085191,133,31,14,17,102,87,15,23.308270676691727,10.526315789473683,12.781954887218044,76.69172932330827,65.41353383458647,11.278195488721805
E00085192,224,78,35,43,146,123,23,34.82142857142857,15.625,19.196428571428573,65.17857142857143,54.91071428571429,10.267857142857142
E00085193,159,60,24,36,99,86,13,37.735849056603776,15.09433962264151,22.641509433962266,62.264150943396224,54.088050314465406,8.176100628930817
E00085194,171,40,22,18,131,110,21,23.391812865497073,12.865497076023392,10.526315789473683,76.60818713450293,64.32748538011695,12.280701754385964
E00085195,91,36,15,21,55,45,10,39.56043956043956,16.483516483516482,23.076923076923077,60.43956043956044,49.45054945054945,10.989010989010989
E00085196,117,50,20,30,67,60,7,42.73504273504273,17.094017094017094,25.64102564102564,57.26495726495726,51.28205128205128,5.982905982905983
E00085197,129,47,16,31,82,67,15,36.434108527131784,12.4031007751938,24.031007751937985,63.565891472868216,51.93798449612403,11.627906976744185
E00085198,139,58,16,42,81,75,6,41.726618705035975,11.510791366906476,30.215827338129497,58.27338129496403,53.956834532374096,4.316546762589928
E00085199,170,67,19,48,103,90,13,39.411764705882355,11.176470588235295,28.235294117647058,60.588235294117645,52.94117647058824,7.647058823529412
E00085200,95,34,13,21,61,46,15,35.78947368421053,13.684210526315791,22.105263157894736,64.21052631578948,48.421052631578945,15.789473684210526
E00085201,160,64,21,43,96,86,10,40,13.125,26.875,60,53.75,6.25
E00085202,128,49,17,32,79,66,13,38.28125,13.28125,25,61.71875,51.5625,10.15625
E00085203,109,41,16,25,68,54,14,37.61467889908257,14.678899082568808,22.93577981651376,62.38532110091744,49.54128440366973,12.844036697247708
E00085204,117,48,17,31,69,61,8,41.02564102564102,14.529914529914532,26.495726495726498,58.97435897435898,52.13675213675214,6.837606837606838
E00085205,140,42,15,27,98,84,14,30,10.714285714285714,19.28571428571429,70,60,10
E00085206,154,58,19,39,96,81,15,37.66233766233766,12.337662337662337,25.324675324675322,62.33766233766234,52.5974025974026,9.740259740259742
E00085207,191,85,28,57,106,94,12,44.50261780104712,14.659685863874344,29.84293193717277,55.497382198952884,49.21465968586388,6.282722513089005
E00085208,171,53,17,36,118,104,14,30.994152046783626,9.941520467836257,21.052631578947366,69.00584795321637,60.81871345029239,8.187134502923977
E00085209,229,86,21,65,143,124,19,37.55458515283843,9.170305676855897,28.38427947598253,62.44541484716157,54.14847161572053,8.296943231441048
E00085210,198,78,26,52,120,98,22,39.39393939393939,13.131313131313133,26.262626262626267,60.60606060606061,49.494949494949495,11.11111111111111
E00085211,126,47,20,27,79,72,7,37.301587301587304,15.873015873015872,21.428571428571427,62.698412698412696,57.14285714285714,5.555555555555555
E00085212,175,56,19,37,119,97,22,32,10.857142857142858,21.142857142857142,68,55.42857142857143,12.571428571428573
E00085213,148,65,25,40,83,72,11,43.91891891891892,16.89189189189189,27.027027027027028,56.08108108108109,48.64864864864865,7.4324324324324325
E00085214,192,70,26,44,122,108,14,36.45833333333333,13.541666666666666,22.916666666666664,63.541666666666664,56.25,7.291666666666667
E00085215,157,54,23,31,103,86,17,34.394904458598724,14.64968152866242,19.745222929936308,65.60509554140127,54.77707006369427,10.828025477707007
E00085216,116,47,11,36,69,62,7,40.51724137931034,9.482758620689655,31.03448275862069,59.48275862068966,53.44827586206896,6.0344827586206895
E00085217,131,60,23,37,71,63,8,45.80152671755725,17.557251908396946,28.24427480916031,54.19847328244275,48.091603053435115,6.106870229007633
E00085218,201,77,24,53,124,103,21,38.308457711442784,11.940298507462686,26.368159203980102,61.69154228855721,51.243781094527364,10.44776119402985
E00085219,122,43,13,30,79,73,6,35.24590163934426,10.655737704918032,24.59016393442623,64.75409836065575,59.83606557377049,4.918032786885246
E00085220,151,55,14,41,96,82,14,36.423841059602644,9.271523178807946,27.1523178807947,63.576158940397356,54.3046357615894,9.271523178807946
E00085221,120,53,23,30,67,58,9,44.166666666666664,19.166666666666668,25,55.833333333333336,48.333333333333336,7.5
E00085222,165,61,18,43,104,85,19,36.96969696969697,10.909090909090908,26.060606060606062,63.030303030303024,51.515151515151516,11.515151515151516
E00085223,117,57,12,45,60,60,0,48.717948717948715,10.256410256410255,38.46153846153847,51.28205128205128,51.28205128205128,0
E00085224,116,41,15,26,75,63,12,35.3448275862069,12.931034482758621,22.413793103448278,64.65517241379311,54.310344827586206,10.344827586206897
E00085225,148,64,18,46,84,73,11,43.24324324324324,12.162162162162163,31.08108108108108,56.75675675675676,49.32432432432432,7.4324324324324325
E00085226,118,43,20,23,75,63,12,36.440677966101696,16.94915254237288,19.491525423728813,63.559322033898304,53.38983050847458,10.16949152542373
E00085227,127,53,16,37,74,68,6,41.732283464566926,12.598425196850393,29.133858267716533,58.26771653543307,53.54330708661418,4.724409448818897
E00085228,195,83,31,52,112,105,7,42.56410256410256,15.897435897435896,26.666666666666668,57.43589743589743,53.84615384615385,3.5897435897435894
E00085229,120,47,18,29,73,66,7,39.166666666666664,15,24.166666666666668,60.83333333333333,55.00000000000001,5.833333333333333
E00085230,119,43,17,26,76,69,7,36.134453781512605,14.285714285714285,21.84873949579832,63.86554621848739,57.98319327731093,5.88235294117647
E00085231,77,27,8,19,50,41,9,35.064935064935064,10.38961038961039,24.675324675324674,64.93506493506493,53.246753246753244,11.688311688311687
E00085232,139,51,16,35,88,75,13,36.69064748201439,11.510791366906476,25.179856115107913,63.30935251798561,53.956834532374096,9.352517985611511
E00085233,174,57,26,31,117,100,17,32.758620689655174,14.942528735632186,17.81609195402299,67.24137931034483,57.47126436781609,9.770114942528735
E00085234,168,67,25,42,101,90,11,39.88095238095239,14.880952380952381,25,60.11904761904761,53.57142857142857,6.547619047619048
E00085235,148,64,22,42,84,75,9,43.24324324324324,14.864864864864865,28.37837837837838,56.75675675675676,50.67567567567568,6.081081081081082
E00085236,123,34,12,22,89,72,17,27.64227642276423,9.75609756097561,17.88617886178862,72.35772357723577,58.536585365853654,13.821138211382115
E00085237,144,68,25,43,76,72,4,47.22222222222222,17.36111111111111,29.86111111111111,52.77777777777778,50,2.7777777777777777
E00085238,142,64,22,42,78,67,11,45.07042253521127,15.492957746478872,29.577464788732392,54.929577464788736,47.183098591549296,7.746478873239436
E00085239,172,62,27,35,110,100,10,36.04651162790697,15.69767441860465,20.348837209302324,63.95348837209303,58.139534883720934,5.813953488372093
E00085240,164,51,18,33,113,101,12,31.097560975609756,10.975609756097562,20.121951219512198,68.90243902439023,61.58536585365854,7.317073170731707
E00085241,155,55,15,40,100,83,17,35.483870967741936,9.67741935483871,25.806451612903224,64.51612903225806,53.5483870967742,10.967741935483872
E00085242,193,72,31,41,121,105,16,37.30569948186528,16.06217616580311,21.243523316062177,62.69430051813472,54.40414507772021,8.290155440414509
E00085243,160,66,26,40,94,89,5,41.25,16.25,25,58.75,55.625,3.125
E00085244,194,75,28,47,119,106,13,38.659793814432994,14.432989690721648,24.22680412371134,61.34020618556701,54.63917525773196,6.701030927835052
E00085245,126,48,29,19,78,72,6,38.095238095238095,23.015873015873016,15.079365079365079,61.904761904761905,57.14285714285714,4.761904761904762
E00085246,132,44,23,21,88,75,13,33.33333333333333,17.424242424242426,15.909090909090908,66.66666666666666,56.81818181818182,9.848484848484848
E00085247,146,43,19,24,103,92,11,29.45205479452055,13.013698630136986,16.43835616438356,70.54794520547945,63.013698630136986,7.534246575342466
E00085248,202,71,33,38,131,106,25,35.148514851485146,16.33663366336634,18.81188118811881,64.85148514851485,52.475247524752476,12.376237623762377
E00085249,173,63,26,37,110,96,14,36.41618497109826,15.028901734104046,21.38728323699422,63.58381502890174,55.49132947976878,8.092485549132949
E00085250,222,79,27,52,143,124,19,35.585585585585584,12.162162162162163,23.423423423423422,64.41441441441441,55.85585585585585,8.558558558558559
E00085251,165,59,27,32,106,89,17,35.75757575757576,16.363636363636363,19.393939393939394,64.24242424242425,53.939393939393945,10.303030303030303
E00085252,167,56,24,32,111,91,20,33.532934131736525,14.37125748502994,19.16167664670659,66.46706586826348,54.49101796407185,11.976047904191617
E00085253,193,73,22,51,120,97,23,37.82383419689119,11.398963730569948,26.42487046632124,62.17616580310881,50.259067357512954,11.917098445595855
E00085254,108,47,17,30,61,50,11,43.51851851851852,15.74074074074074,27.77777777777778,56.481481481481474,46.2962962962963,10.185185185185185
E00085255,135,47,22,25,88,78,10,34.81481481481482,16.296296296296298,18.51851851851852,65.18518518518519,57.77777777777777,7.4074074074074066
E00085256,164,52,20,32,112,99,13,31.70731707317073,12.195121951219512,19.51219512195122,68.29268292682927,60.36585365853659,7.926829268292683
E00085257,181,55,23,32,126,115,11,30.386740331491712,12.70718232044199,17.67955801104972,69.61325966850829,63.53591160220995,6.077348066298343
E00085258,193,82,38,44,111,100,11,42.487046632124354,19.689119170984455,22.797927461139896,57.51295336787565,51.813471502590666,5.699481865284974
E00085259,234,76,29,47,158,129,29,32.47863247863248,12.393162393162394,20.085470085470085,67.52136752136752,55.12820512820513,12.393162393162394
E00085260,97,34,10,24,63,54,9,35.051546391752574,10.309278350515463,24.742268041237114,64.94845360824742,55.670103092783506,9.278350515463918
E00085261,180,67,19,48,113,102,11,37.22222222222222,10.555555555555555,26.666666666666668,62.77777777777778,56.666666666666664,6.111111111111111
E00085262,185,64,26,38,121,104,17,34.5945945945946,14.054054054054054,20.54054054054054,65.4054054054054,56.21621621621622,9.18918918918919
E00085263,133,57,25,32,76,64,12,42.857142857142854,18.796992481203006,24.06015037593985,57.14285714285714,48.1203007518797,9.022556390977442
E00085264,201,77,35,42,124,110,14,38.308457711442784,17.412935323383085,20.8955223880597,61.69154228855721,54.72636815920397,6.965174129353234
E00085265,179,61,24,37,118,106,12,34.07821229050279,13.40782122905028,20.670391061452513,65.92178770949721,59.217877094972074,6.70391061452514
E00085266,242,86,51,35,156,145,11,35.53719008264463,21.074380165289256,14.46280991735537,64.46280991735537,59.917355371900825,4.545454545454546
E00085267,155,88,55,33,67,58,9,56.774193548387096,35.483870967741936,21.29032258064516,43.225806451612904,37.41935483870968,5.806451612903226
E00085268,154,59,23,36,95,79,16,38.311688311688314,14.935064935064934,23.376623376623375,61.68831168831169,51.298701298701296,10.38961038961039
E00085269,190,62,22,40,128,111,17,32.631578947368425,11.578947368421053,21.052631578947366,67.36842105263158,58.42105263157895,8.947368421052632
E00085270,136,46,27,19,90,79,11,33.82352941176471,19.852941176470587,13.970588235294118,66.17647058823529,58.08823529411765,8.088235294117647
E00085271,134,44,21,23,90,81,9,32.83582089552239,15.671641791044777,17.16417910447761,67.16417910447761,60.447761194029844,6.7164179104477615
E00085272,251,87,29,58,164,154,10,34.66135458167331,11.553784860557768,23.107569721115535,65.33864541832669,61.354581673306775,3.9840637450199203
E00085273,176,70,34,36,106,94,12,39.77272727272727,19.318181818181817,20.454545454545457,60.22727272727273,53.40909090909091,6.8181818181818175
E00085274,170,71,36,35,99,88,11,41.76470588235294,21.176470588235293,20.588235294117645,58.235294117647065,51.76470588235295,6.470588235294119
E00085275,145,66,38,28,79,64,15,45.51724137931035,26.20689655172414,19.310344827586206,54.48275862068965,44.13793103448276,10.344827586206897
E00085276,173,73,32,41,100,89,11,42.19653179190752,18.497109826589593,23.699421965317917,57.80346820809249,51.445086705202314,6.358381502890173
E00085277,197,77,32,45,120,111,9,39.08629441624365,16.243654822335024,22.84263959390863,60.913705583756354,56.34517766497462,4.568527918781726
E00085278,176,56,19,37,120,112,8,31.818181818181817,10.795454545454545,21.022727272727273,68.18181818181817,63.63636363636363,4.545454545454546
E00085279,142,47,20,27,95,83,12,33.098591549295776,14.084507042253522,19.014084507042252,66.90140845070422,58.45070422535211,8.450704225352112
E00085280,176,65,19,46,111,91,20,36.93181818181818,10.795454545454545,26.136363636363637,63.06818181818182,51.70454545454546,11.363636363636363
E00085281,150,63,23,40,87,77,10,42,15.333333333333332,26.666666666666668,57.99999999999999,51.33333333333333,6.666666666666667
E00085282,130,47,20,27,83,70,13,36.15384615384615,15.384615384615385,20.76923076923077,63.84615384615384,53.84615384615385,10
E00085283,142,39,16,23,103,88,15,27.464788732394368,11.267605633802818,16.19718309859155,72.53521126760563,61.97183098591549,10.56338028169014
E00085284,167,62,19,43,105,91,14,37.12574850299401,11.377245508982035,25.748502994011975,62.874251497005986,54.49101796407185,8.383233532934131
E00085285,135,42,20,22,93,81,12,31.11111111111111,14.814814814814813,16.296296296296298,68.88888888888889,60,8.88888888888889
E00085286,207,78,23,55,129,114,15,37.68115942028986,11.11111111111111,26.570048309178745,62.31884057971014,55.072463768115945,7.246376811594203
E00085287,172,58,23,35,114,102,12,33.72093023255814,13.372093023255813,20.348837209302324,66.27906976744185,59.30232558139535,6.976744186046512
E00085288,164,55,24,31,109,99,10,33.53658536585366,14.634146341463413,18.902439024390244,66.46341463414635,60.36585365853659,6.097560975609756
E00085289,208,77,40,37,131,112,19,37.019230769230774,19.230769230769234,17.78846153846154,62.980769230769226,53.84615384615385,9.134615384615383
E00085290,126,49,23,26,77,71,6,38.88888888888889,18.253968253968253,20.634920634920633,61.111111111111114,56.34920634920635,4.761904761904762
E00085291,157,54,18,36,103,90,13,34.394904458598724,11.464968152866243,22.929936305732486,65.60509554140127,57.324840764331206,8.280254777070063
E00085292,126,59,21,38,67,56,11,46.82539682539682,16.666666666666664,30.158730158730158,53.17460317460318,44.44444444444444,8.73015873015873
E00085293,126,57,22,35,69,58,11,45.23809523809524,17.46031746031746,27.77777777777778,54.761904761904766,46.03174603174603,8.73015873015873
E00085294,118,45,18,27,73,68,5,38.13559322033898,15.254237288135593,22.88135593220339,61.86440677966102,57.6271186440678,4.23728813559322
E00085295,198,79,30,49,119,113,6,39.8989898989899,15.151515151515152,24.747474747474747,60.1010101010101,57.07070707070707,3.0303030303030303
E00085296,133,53,21,32,80,74,6,39.849624060150376,15.789473684210526,24.06015037593985,60.150375939849624,55.639097744360896,4.511278195488721
E00085298,133,48,14,34,85,76,9,36.09022556390977,10.526315789473683,25.563909774436087,63.90977443609023,57.14285714285714,6.7669172932330826
E00085299,177,84,24,60,93,81,12,47.45762711864407,13.559322033898304,33.89830508474576,52.54237288135594,45.76271186440678,6.779661016949152
E00085300,228,84,24,60,144,132,12,36.84210526315789,10.526315789473683,26.31578947368421,63.1578947368421,57.89473684210527,5.263157894736842
E00085301,147,57,22,35,90,76,14,38.775510204081634,14.965986394557824,23.809523809523807,61.224489795918366,51.70068027210885,9.523809523809524
E00085302,215,84,26,58,131,121,10,39.06976744186046,12.093023255813954,26.976744186046513,60.93023255813953,56.27906976744186,4.651162790697675
E00085303,94,40,16,24,54,51,3,42.5531914893617,17.02127659574468,25.53191489361702,57.446808510638306,54.25531914893617,3.1914893617021276
E00085304,129,55,22,33,74,68,6,42.63565891472868,17.05426356589147,25.581395348837212,57.36434108527132,52.71317829457365,4.651162790697675
E00085305,215,79,21,58,136,120,16,36.74418604651163,9.767441860465116,26.976744186046513,63.25581395348837,55.81395348837209,7.441860465116279
E00085306,155,65,24,41,90,80,10,41.935483870967744,15.483870967741936,26.451612903225808,58.06451612903226,51.61290322580645,6.451612903225806
E00085307,131,50,15,35,81,77,4,38.16793893129771,11.450381679389313,26.717557251908396,61.832061068702295,58.778625954198475,3.0534351145038165
E00085308,118,37,11,26,81,72,9,31.35593220338983,9.322033898305085,22.033898305084744,68.64406779661016,61.016949152542374,7.627118644067797
E00085309,244,101,41,60,143,122,21,41.39344262295082,16.80327868852459,24.59016393442623,58.606557377049185,50,8.60655737704918
E00085310,222,75,25,50,147,128,19,33.78378378378378,11.26126126126126,22.52252252252252,66.21621621621621,57.65765765765766,8.558558558558559
E00085311,268,114,50,64,154,137,17,42.53731343283582,18.65671641791045,23.88059701492537,57.46268656716418,51.11940298507462,6.343283582089552
E00085312,124,61,20,41,63,54,9,49.193548387096776,16.129032258064516,33.064516129032256,50.806451612903224,43.54838709677419,7.258064516129033
E00085313,152,73,32,41,79,72,7,48.026315789473685,21.052631578947366,26.973684210526315,51.973684210526315,47.368421052631575,4.605263157894736
E00085314,211,78,28,50,133,114,19,36.96682464454976,13.270142180094787,23.696682464454977,63.03317535545023,54.02843601895735,9.004739336492891
E00085315,124,53,23,30,71,65,6,42.74193548387097,18.548387096774192,24.193548387096776,57.25806451612904,52.41935483870967,4.838709677419355
E00085316,123,49,21,28,74,66,8,39.83739837398374,17.073170731707318,22.76422764227642,60.16260162601627,53.65853658536586,6.504065040650407
E00085317,117,51,19,32,66,66,0,43.58974358974359,16.23931623931624,27.350427350427353,56.41025641025641,56.41025641025641,0
E00085318,88,46,22,24,42,35,7,52.27272727272727,25,27.27272727272727,47.72727272727273,39.77272727272727,7.954545454545454
E00085319,32,11,5,6,21,13,8,34.375,15.625,18.75,65.625,40.625,25
E00085320,209,97,47,50,112,103,9,46.411483253588514,22.48803827751196,23.923444976076556,53.588516746411486,49.282296650717704,4.30622009569378
E00085323,202,81,36,45,121,110,11,40.099009900990104,17.82178217821782,22.277227722772277,59.900990099009896,54.45544554455446,5.445544554455446
E00085324,131,58,18,40,73,66,7,44.274809160305345,13.740458015267176,30.53435114503817,55.72519083969466,50.38167938931297,5.343511450381679
E00085325,165,61,26,35,104,85,19,36.96969696969697,15.757575757575756,21.21212121212121,63.030303030303024,51.515151515151516,11.515151515151516
E00085326,151,59,21,38,92,80,12,39.0728476821192,13.90728476821192,25.165562913907287,60.9271523178808,52.980132450331126,7.9470198675496695
E00085327,109,44,7,37,65,58,7,40.36697247706422,6.422018348623854,33.94495412844037,59.63302752293578,53.21100917431193,6.422018348623854
E00085328,61,25,8,17,36,29,7,40.98360655737705,13.114754098360656,27.86885245901639,59.01639344262295,47.540983606557376,11.475409836065573
E00085329,101,42,18,24,59,57,2,41.584158415841586,17.82178217821782,23.762376237623762,58.415841584158414,56.43564356435643,1.9801980198019802
E00085330,55,22,9,13,33,30,3,40,16.363636363636363,23.636363636363637,60,54.54545454545454,5.454545454545454
E00085331,138,61,30,31,77,72,5,44.20289855072464,21.73913043478261,22.463768115942027,55.79710144927537,52.17391304347826,3.6231884057971016
E00085332,137,78,43,35,59,56,3,56.934306569343065,31.386861313868614,25.547445255474454,43.06569343065693,40.87591240875913,2.18978102189781
E00085333,161,64,24,40,97,82,15,39.75155279503105,14.906832298136646,24.84472049689441,60.24844720496895,50.931677018633536,9.316770186335404
E00085334,176,67,20,47,109,94,15,38.06818181818182,11.363636363636363,26.704545454545453,61.93181818181818,53.40909090909091,8.522727272727272
E00085335,204,71,31,40,133,119,14,34.80392156862745,15.196078431372548,19.607843137254903,65.19607843137256,58.333333333333336,6.862745098039216
E00085336,113,41,12,29,72,67,5,36.283185840707965,10.619469026548673,25.663716814159294,63.716814159292035,59.29203539823009,4.424778761061947
E00085337,184,83,44,39,101,93,8,45.108695652173914,23.91304347826087,21.195652173913043,54.891304347826086,50.54347826086957,4.3478260869565215
E00085338,138,52,17,35,86,80,6,37.68115942028986,12.318840579710146,25.36231884057971,62.31884057971014,57.971014492753625,4.3478260869565215
E00085339,144,68,23,45,76,67,9,47.22222222222222,15.972222222222221,31.25,52.77777777777778,46.52777777777778,6.25
E00085340,121,65,26,39,56,49,7,53.71900826446281,21.487603305785125,32.231404958677686,46.28099173553719,40.49586776859504,5.785123966942149
E00085341,100,47,22,25,53,48,5,47,22,25,53,48,5
E00085342,131,64,26,38,67,64,3,48.854961832061065,19.84732824427481,29.00763358778626,51.14503816793893,48.854961832061065,2.2900763358778624
E00085343,187,71,31,40,116,107,9,37.967914438502675,16.577540106951872,21.390374331550802,62.03208556149733,57.21925133689839,4.81283422459893
E00085344,144,63,22,41,81,71,10,43.75,15.277777777777779,28.47222222222222,56.25,49.30555555555556,6.944444444444445
E00085345,113,58,30,28,55,44,11,51.32743362831859,26.548672566371685,24.778761061946902,48.67256637168141,38.93805309734513,9.734513274336283
E00085346,139,54,17,37,85,74,11,38.84892086330935,12.23021582733813,26.618705035971225,61.15107913669065,53.23741007194245,7.913669064748201
E00085347,116,45,13,32,71,63,8,38.793103448275865,11.206896551724139,27.586206896551722,61.206896551724135,54.310344827586206,6.896551724137931
E00085348,156,68,21,47,88,78,10,43.58974358974359,13.461538461538462,30.128205128205128,56.41025641025641,50,6.41025641025641
E00085349,109,41,18,23,68,56,12,37.61467889908257,16.51376146788991,21.100917431192663,62.38532110091744,51.37614678899083,11.009174311926607
E00085350,87,29,10,19,58,51,7,33.33333333333333,11.494252873563218,21.839080459770116,66.66666666666666,58.620689655172406,8.045977011494253
E00085351,140,55,20,35,85,76,9,39.285714285714285,14.285714285714285,25,60.71428571428571,54.285714285714285,6.428571428571428
E00085352,110,46,19,27,64,57,7,41.81818181818181,17.272727272727273,24.545454545454547,58.18181818181818,51.81818181818182,6.363636363636363
E00085353,59,21,7,14,38,34,4,35.59322033898305,11.864406779661017,23.728813559322035,64.40677966101694,57.6271186440678,6.779661016949152
E00085354,141,63,30,33,78,68,10,44.680851063829785,21.27659574468085,23.404255319148938,55.319148936170215,48.226950354609926,7.092198581560284
E00085355,131,75,31,44,56,48,8,57.25190839694656,23.66412213740458,33.587786259541986,42.74809160305343,36.6412213740458,6.106870229007633
E00085356,132,63,26,37,69,61,8,47.72727272727273,19.696969696969695,28.030303030303028,52.27272727272727,46.21212121212121,6.0606060606060606
E00085357,173,67,23,44,106,98,8,38.72832369942196,13.294797687861271,25.43352601156069,61.27167630057804,56.64739884393064,4.624277456647398
E00085358,157,77,27,50,80,70,10,49.044585987261144,17.197452229299362,31.84713375796178,50.955414012738856,44.5859872611465,6.369426751592357
E00085359,150,77,47,30,73,65,8,51.33333333333333,31.333333333333336,20,48.66666666666667,43.333333333333336,5.333333333333334
E00085360,145,63,27,36,82,73,9,43.44827586206896,18.620689655172416,24.82758620689655,56.55172413793104,50.3448275862069,6.206896551724138
E00085361,171,50,16,34,121,97,24,29.239766081871345,9.35672514619883,19.883040935672515,70.76023391812866,56.72514619883041,14.035087719298245
E00085362,181,70,37,33,111,101,10,38.67403314917127,20.441988950276244,18.23204419889503,61.32596685082873,55.80110497237569,5.524861878453039
E00085363,167,87,36,51,80,67,13,52.09580838323353,21.55688622754491,30.538922155688624,47.90419161676647,40.119760479041915,7.784431137724551
E00085364,60,23,5,18,37,32,5,38.333333333333336,8.333333333333332,30,61.66666666666667,53.333333333333336,8.333333333333332
E00085365,169,57,14,43,112,99,13,33.72781065088758,8.284023668639055,25.443786982248522,66.27218934911244,58.57988165680473,7.6923076923076925
E00085366,163,47,18,29,116,106,10,28.834355828220858,11.042944785276074,17.791411042944784,71.16564417177914,65.03067484662577,6.134969325153374
E00085367,179,75,32,43,104,91,13,41.899441340782126,17.877094972067038,24.022346368715084,58.10055865921788,50.83798882681564,7.262569832402235
E00085368,294,120,56,64,174,154,20,40.816326530612244,19.047619047619047,21.768707482993197,59.183673469387756,52.38095238095239,6.802721088435375
E00085369,247,122,69,53,125,115,10,49.392712550607285,27.93522267206478,21.45748987854251,50.607287449392715,46.558704453441294,4.048582995951417
E00085370,191,82,41,41,109,100,9,42.93193717277487,21.465968586387437,21.465968586387437,57.06806282722513,52.35602094240838,4.712041884816754
E00085371,183,105,57,48,78,70,8,57.377049180327866,31.147540983606557,26.229508196721312,42.62295081967213,38.25136612021858,4.371584699453552
E00085372,186,75,31,44,111,98,13,40.32258064516129,16.666666666666664,23.655913978494624,59.67741935483871,52.68817204301075,6.989247311827956
E00085373,142,65,26,39,77,73,4,45.774647887323944,18.30985915492958,27.464788732394368,54.22535211267606,51.40845070422535,2.8169014084507045
E00085374,142,44,14,30,98,84,14,30.985915492957744,9.859154929577464,21.12676056338028,69.01408450704226,59.154929577464785,9.859154929577464
E00085376,103,30,11,19,73,67,6,29.126213592233007,10.679611650485436,18.446601941747574,70.87378640776699,65.0485436893204,5.825242718446602
E00085377,193,60,14,46,133,122,11,31.088082901554404,7.253886010362693,23.83419689119171,68.9119170984456,63.212435233160626,5.699481865284974
E00085378,163,53,14,39,110,96,14,32.515337423312886,8.588957055214724,23.92638036809816,67.48466257668711,58.895705521472394,8.588957055214724
E00085379,140,48,15,33,92,78,14,34.285714285714285,10.714285714285714,23.57142857142857,65.71428571428571,55.714285714285715,10
E00085380,182,58,15,43,124,110,14,31.868131868131865,8.241758241758241,23.626373626373624,68.13186813186813,60.43956043956044,7.6923076923076925
E00085381,153,47,17,30,106,88,18,30.718954248366014,11.11111111111111,19.607843137254903,69.28104575163398,57.51633986928104,11.76470588235294
E00085383,193,69,17,52,124,104,20,35.751295336787564,8.808290155440414,26.94300518134715,64.24870466321244,53.8860103626943,10.362694300518134
E00085384,162,64,30,34,98,92,6,39.50617283950617,18.51851851851852,20.98765432098765,60.49382716049383,56.79012345679012,3.7037037037037033
E00085385,222,65,26,39,157,141,16,29.27927927927928,11.711711711711711,17.56756756756757,70.72072072072072,63.51351351351351,7.207207207207207
E00085386,118,40,20,20,78,62,16,33.89830508474576,16.94915254237288,16.94915254237288,66.10169491525424,52.54237288135594,13.559322033898304
E00085387,85,33,10,23,52,48,4,38.82352941176471,11.76470588235294,27.058823529411764,61.1764705882353,56.470588235294116,4.705882352941177
E00085388,141,44,16,28,97,87,10,31.20567375886525,11.347517730496454,19.858156028368796,68.79432624113475,61.702127659574465,7.092198581560284
E00085389,69,28,12,16,41,37,4,40.57971014492754,17.391304347826086,23.18840579710145,59.42028985507246,53.62318840579711,5.797101449275362
E00085390,104,25,7,18,79,67,12,24.03846153846154,6.730769230769231,17.307692307692307,75.96153846153845,64.42307692307693,11.538461538461538
E00085391,145,47,18,29,98,85,13,32.41379310344827,12.413793103448276,20,67.58620689655173,58.620689655172406,8.96551724137931
E00085392,129,43,12,31,86,73,13,33.33333333333333,9.30232558139535,24.031007751937985,66.66666666666666,56.58914728682171,10.077519379844961
E00085393,200,54,14,40,146,127,19,27,7.000000000000001,20,73,63.5,9.5
E00085394,113,38,12,26,75,66,9,33.6283185840708,10.619469026548673,23.008849557522122,66.3716814159292,58.4070796460177,7.964601769911504
E00085395,169,48,11,37,121,110,11,28.402366863905325,6.508875739644971,21.893491124260358,71.59763313609467,65.08875739644971,6.508875739644971
E00085396,87,40,13,27,47,41,6,45.97701149425287,14.942528735632186,31.03448275862069,54.02298850574713,47.12643678160919,6.896551724137931
E00085397,146,57,17,40,89,78,11,39.04109589041096,11.643835616438356,27.397260273972602,60.95890410958904,53.42465753424658,7.534246575342466
E00085398,120,41,18,23,79,69,10,34.166666666666664,15,19.166666666666668,65.83333333333333,57.49999999999999,8.333333333333332
E00085399,113,41,15,26,72,65,7,36.283185840707965,13.274336283185843,23.008849557522122,63.716814159292035,57.52212389380531,6.1946902654867255
E00085400,136,50,16,34,86,77,9,36.76470588235294,11.76470588235294,25,63.23529411764706,56.61764705882353,6.61764705882353
E00085401,117,47,19,28,70,62,8,40.17094017094017,16.23931623931624,23.931623931623932,59.82905982905983,52.991452991452995,6.837606837606838
E00085402,203,65,23,42,138,127,11,32.01970443349754,11.330049261083744,20.689655172413794,67.98029556650246,62.5615763546798,5.41871921182266
E00085403,151,48,13,35,103,93,10,31.788079470198678,8.609271523178808,23.178807947019866,68.21192052980133,61.58940397350994,6.622516556291391
E00085404,170,62,19,43,108,95,13,36.470588235294116,11.176470588235295,25.294117647058822,63.52941176470588,55.88235294117647,7.647058823529412
E00085405,134,49,14,35,85,67,18,36.56716417910448,10.44776119402985,26.119402985074625,63.43283582089553,50,13.432835820895523
E00085406,128,48,18,30,80,62,18,37.5,14.0625,23.4375,62.5,48.4375,14.0625
E00085407,157,57,18,39,100,84,16,36.30573248407643,11.464968152866243,24.840764331210192,63.69426751592356,53.503184713375795,10.191082802547772
E00085408,193,56,21,35,137,119,18,29.015544041450774,10.880829015544041,18.134715025906736,70.98445595854922,61.6580310880829,9.32642487046632
E00085409,140,44,18,26,96,84,12,31.428571428571427,12.857142857142856,18.571428571428573,68.57142857142857,60,8.571428571428571
E00085410,179,53,18,35,126,101,25,29.608938547486037,10.05586592178771,19.553072625698324,70.39106145251397,56.424581005586596,13.966480446927374
E00085411,170,65,18,47,105,95,10,38.23529411764706,10.588235294117647,27.647058823529413,61.76470588235294,55.88235294117647,5.88235294117647
E00085412,187,53,18,35,134,104,30,28.342245989304814,9.62566844919786,18.71657754010695,71.65775401069519,55.61497326203209,16.042780748663102
E00085413,160,53,14,39,107,90,17,33.125,8.75,24.375,66.875,56.25,10.625
E00085414,165,61,20,41,104,96,8,36.96969696969697,12.121212121212121,24.848484848484848,63.030303030303024,58.18181818181818,4.848484848484849
E00085415,164,63,22,41,101,83,18,38.41463414634146,13.414634146341465,25,61.58536585365854,50.609756097560975,10.975609756097562
E00085416,154,46,17,29,108,96,12,29.87012987012987,11.03896103896104,18.83116883116883,70.12987012987013,62.33766233766234,7.792207792207792
E00085417,170,54,13,41,116,104,12,31.76470588235294,7.647058823529412,24.11764705882353,68.23529411764706,61.1764705882353,7.0588235294117645
E00085418,175,66,24,42,109,97,12,37.714285714285715,13.714285714285715,24,62.28571428571429,55.42857142857143,6.857142857142858
E00085419,165,61,27,34,104,93,11,36.96969696969697,16.363636363636363,20.606060606060606,63.030303030303024,56.36363636363636,6.666666666666667
E00085420,161,58,15,43,103,92,11,36.024844720496894,9.316770186335404,26.70807453416149,63.975155279503106,57.14285714285714,6.832298136645963
E00085421,193,83,22,61,110,96,14,43.005181347150256,11.398963730569948,31.606217616580313,56.994818652849744,49.740932642487046,7.253886010362693
E00085422,149,52,24,28,97,71,26,34.899328859060404,16.10738255033557,18.79194630872483,65.1006711409396,47.651006711409394,17.449664429530202
E00085423,115,42,20,22,73,63,10,36.52173913043478,17.391304347826086,19.130434782608695,63.47826086956522,54.78260869565217,8.695652173913043
E00085424,191,61,19,42,130,113,17,31.93717277486911,9.947643979057592,21.98952879581152,68.06282722513089,59.16230366492147,8.900523560209423
E00085425,148,68,28,40,80,72,8,45.94594594594595,18.91891891891892,27.027027027027028,54.054054054054056,48.64864864864865,5.405405405405405
E00085426,165,67,19,48,98,80,18,40.60606060606061,11.515151515151516,29.09090909090909,59.3939393939394,48.484848484848484,10.909090909090908
E00085427,156,65,20,45,91,77,14,41.66666666666667,12.82051282051282,28.846153846153843,58.333333333333336,49.358974358974365,8.974358974358974
E00085428,130,50,18,32,80,67,13,38.46153846153847,13.846153846153847,24.615384615384617,61.53846153846154,51.53846153846153,10
E00085429,155,59,12,47,96,84,12,38.064516129032256,7.741935483870968,30.32258064516129,61.935483870967744,54.19354838709678,7.741935483870968
E00085430,136,51,14,37,85,74,11,37.5,10.294117647058822,27.205882352941174,62.5,54.41176470588235,8.088235294117647
E00085431,130,37,14,23,93,80,13,28.46153846153846,10.76923076923077,17.692307692307693,71.53846153846153,61.53846153846154,10
E00085432,151,53,22,31,98,81,17,35.099337748344375,14.56953642384106,20.52980132450331,64.90066225165563,53.64238410596026,11.258278145695364
E00085433,73,29,12,17,44,37,7,39.726027397260275,16.43835616438356,23.28767123287671,60.273972602739725,50.68493150684932,9.58904109589041
E00085434,158,59,34,25,99,85,14,37.34177215189873,21.518987341772153,15.822784810126583,62.65822784810127,53.79746835443038,8.860759493670885
E00085435,136,57,18,39,79,70,9,41.911764705882355,13.23529411764706,28.676470588235293,58.08823529411765,51.470588235294116,6.61764705882353
E00085436,135,61,25,36,74,57,17,45.18518518518518,18.51851851851852,26.666666666666668,54.81481481481482,42.22222222222222,12.592592592592592
E00085437,130,45,17,28,85,74,11,34.61538461538461,13.076923076923078,21.53846153846154,65.38461538461539,56.92307692307692,8.461538461538462
E00085438,155,54,19,35,101,83,18,34.83870967741935,12.258064516129032,22.58064516129032,65.16129032258064,53.5483870967742,11.612903225806452
E00085439,151,51,13,38,100,91,9,33.77483443708609,8.609271523178808,25.165562913907287,66.22516556291392,60.264900662251655,5.960264900662252
E00085440,150,49,24,25,101,77,24,32.666666666666664,16,16.666666666666664,67.33333333333333,51.33333333333333,16
E00085441,185,53,19,34,132,120,12,28.64864864864865,10.27027027027027,18.37837837837838,71.35135135135135,64.86486486486487,6.486486486486487
E00085442,151,47,13,34,104,91,13,31.125827814569533,8.609271523178808,22.516556291390728,68.87417218543047,60.264900662251655,8.609271523178808
E00085443,166,50,17,33,116,102,14,30.120481927710845,10.240963855421686,19.879518072289155,69.87951807228916,61.44578313253012,8.433734939759036
E00085444,136,47,19,28,89,70,19,34.55882352941176,13.970588235294118,20.588235294117645,65.44117647058823,51.470588235294116,13.970588235294118
E00085445,114,34,15,19,80,66,14,29.82456140350877,13.157894736842104,16.666666666666664,70.17543859649122,57.89473684210527,12.280701754385964
E00085446,54,22,8,14,32,31,1,40.74074074074074,14.814814814814813,25.925925925925924,59.25925925925925,57.407407407407405,1.8518518518518516
E00085447,203,61,26,35,142,127,15,30.049261083743843,12.807881773399016,17.24137931034483,69.95073891625616,62.5615763546798,7.389162561576355
E00085448,163,57,19,38,106,93,13,34.96932515337423,11.65644171779141,23.31288343558282,65.03067484662577,57.05521472392638,7.975460122699387
E00085449,153,61,15,46,92,79,13,39.869281045751634,9.803921568627452,30.065359477124183,60.130718954248366,51.633986928104584,8.49673202614379
E00085450,130,59,23,36,71,67,4,45.38461538461539,17.692307692307693,27.692307692307693,54.61538461538461,51.53846153846153,3.076923076923077
E00085451,113,34,15,19,79,68,11,30.08849557522124,13.274336283185843,16.8141592920354,69.91150442477876,60.17699115044248,9.734513274336283
E00085452,100,36,12,24,64,52,12,36,12,24,64,52,12
E00085453,163,56,19,37,107,98,9,34.355828220858896,11.65644171779141,22.699386503067483,65.6441717791411,60.122699386503065,5.521472392638037
E00085454,176,67,27,40,109,80,29,38.06818181818182,15.340909090909092,22.727272727272727,61.93181818181818,45.45454545454545,16.477272727272727
E00085455,227,78,34,44,149,132,17,34.36123348017621,14.977973568281937,19.383259911894275,65.63876651982379,58.14977973568281,7.488986784140969
E00085456,290,66,29,37,224,202,22,22.758620689655174,10,12.758620689655173,77.24137931034483,69.6551724137931,7.586206896551724
E00085457,183,65,19,46,118,100,18,35.51912568306011,10.382513661202186,25.136612021857925,64.48087431693989,54.644808743169406,9.836065573770492
E00085458,226,69,29,40,157,127,30,30.53097345132743,12.831858407079647,17.699115044247787,69.46902654867256,56.19469026548673,13.274336283185843
E00085459,154,41,16,25,113,93,20,26.623376623376622,10.38961038961039,16.233766233766232,73.37662337662337,60.3896103896104,12.987012987012985
E00085460,217,49,19,30,168,150,18,22.58064516129032,8.755760368663594,13.82488479262673,77.41935483870968,69.12442396313364,8.294930875576037
E00085461,203,56,29,27,147,122,25,27.586206896551722,14.285714285714285,13.30049261083744,72.41379310344827,60.09852216748769,12.31527093596059
E00085463,93,34,16,18,59,48,11,36.55913978494624,17.20430107526882,19.35483870967742,63.44086021505376,51.61290322580645,11.827956989247312
E00085464,165,64,25,39,101,74,27,38.78787878787879,15.151515151515152,23.636363636363637,61.212121212121204,44.84848484848485,16.363636363636363
E00085465,124,44,17,27,80,63,17,35.483870967741936,13.709677419354838,21.774193548387096,64.51612903225806,50.806451612903224,13.709677419354838
E00085466,290,107,39,68,183,149,34,36.896551724137936,13.448275862068964,23.448275862068964,63.10344827586207,51.37931034482759,11.724137931034482
E00085467,167,61,17,44,106,87,19,36.52694610778443,10.179640718562874,26.34730538922156,63.47305389221557,52.09580838323353,11.377245508982035
E00085468,294,110,42,68,184,156,28,37.41496598639456,14.285714285714285,23.12925170068027,62.585034013605444,53.06122448979592,9.523809523809524
E00085469,73,30,14,16,43,35,8,41.0958904109589,19.17808219178082,21.91780821917808,58.9041095890411,47.94520547945205,10.95890410958904
E00085470,143,49,21,28,94,71,23,34.26573426573427,14.685314685314685,19.58041958041958,65.73426573426573,49.65034965034965,16.083916083916083
E00085471,155,50,25,25,105,90,15,32.25806451612903,16.129032258064516,16.129032258064516,67.74193548387096,58.06451612903226,9.67741935483871
E00085472,136,38,11,27,98,79,19,27.941176470588236,8.088235294117647,19.852941176470587,72.05882352941177,58.08823529411765,13.970588235294118
E00085473,161,65,21,44,96,82,14,40.37267080745342,13.043478260869565,27.32919254658385,59.62732919254658,50.931677018633536,8.695652173913043
E00085474,155,55,21,34,100,82,18,35.483870967741936,13.548387096774196,21.935483870967744,64.51612903225806,52.903225806451616,11.612903225806452
E00085475,161,58,20,38,103,89,14,36.024844720496894,12.422360248447205,23.60248447204969,63.975155279503106,55.27950310559007,8.695652173913043
E00085476,166,54,17,37,112,96,16,32.53012048192771,10.240963855421686,22.289156626506024,67.46987951807229,57.831325301204814,9.63855421686747
E00085477,176,57,22,35,119,94,25,32.38636363636363,12.5,19.886363636363637,67.61363636363636,53.40909090909091,14.204545454545455
E00085478,141,46,20,26,95,76,19,32.62411347517731,14.184397163120568,18.439716312056735,67.37588652482269,53.90070921985816,13.47517730496454
E00085479,140,53,24,29,87,74,13,37.857142857142854,17.142857142857142,20.714285714285715,62.142857142857146,52.85714285714286,9.285714285714286
E00085480,181,53,28,25,128,109,19,29.2817679558011,15.469613259668508,13.812154696132598,70.71823204419888,60.22099447513812,10.497237569060774
E00085481,41,13,6,7,28,26,2,31.70731707317073,14.634146341463413,17.073170731707318,68.29268292682927,63.41463414634146,4.878048780487805
E00085482,132,43,15,28,89,76,13,32.57575757575758,11.363636363636363,21.21212121212121,67.42424242424242,57.57575757575758,9.848484848484848
E00085483,153,61,28,33,92,76,16,39.869281045751634,18.30065359477124,21.568627450980394,60.130718954248366,49.673202614379086,10.457516339869281
E00085484,116,50,16,34,66,54,12,43.103448275862064,13.793103448275861,29.310344827586203,56.896551724137936,46.55172413793103,10.344827586206897
E00085485,134,42,11,31,92,71,21,31.343283582089555,8.208955223880597,23.134328358208954,68.65671641791045,52.98507462686567,15.671641791044777
E00085486,108,34,14,20,74,59,15,31.48148148148148,12.962962962962962,18.51851851851852,68.51851851851852,54.629629629629626,13.88888888888889
E00085487,184,43,18,25,141,121,20,23.369565217391305,9.782608695652174,13.586956521739129,76.63043478260869,65.76086956521739,10.869565217391305
E00085488,85,33,16,17,52,45,7,38.82352941176471,18.823529411764707,20,61.1764705882353,52.94117647058824,8.235294117647058
E00085489,158,49,25,24,109,92,17,31.0126582278481,15.822784810126583,15.18987341772152,68.9873417721519,58.22784810126582,10.759493670886076
E00085490,148,33,17,16,115,102,13,22.2972972972973,11.486486486486488,10.81081081081081,77.7027027027027,68.91891891891892,8.783783783783784
E00085491,306,106,46,60,200,182,18,34.64052287581699,15.032679738562091,19.607843137254903,65.359477124183,59.47712418300654,5.88235294117647
E00085492,158,47,16,31,111,98,13,29.746835443037973,10.126582278481013,19.62025316455696,70.25316455696202,62.0253164556962,8.227848101265822
E00085493,203,64,19,45,139,128,11,31.527093596059114,9.35960591133005,22.167487684729064,68.4729064039409,63.05418719211823,5.41871921182266
E00085494,204,62,29,33,142,127,15,30.392156862745097,14.215686274509803,16.176470588235293,69.6078431372549,62.254901960784316,7.352941176470589
E00085495,171,53,20,33,118,100,18,30.994152046783626,11.695906432748536,19.298245614035086,69.00584795321637,58.47953216374269,10.526315789473683
E00085496,167,47,20,27,120,108,12,28.143712574850298,11.976047904191617,16.16766467065868,71.8562874251497,64.67065868263472,7.18562874251497
E00085497,214,78,37,41,136,122,14,36.44859813084112,17.289719626168225,19.158878504672895,63.55140186915887,57.009345794392516,6.5420560747663545
E00085498,226,67,35,32,159,146,13,29.646017699115045,15.486725663716813,14.15929203539823,70.35398230088495,64.60176991150442,5.752212389380531
E00085499,167,48,27,21,119,98,21,28.74251497005988,16.16766467065868,12.574850299401197,71.25748502994011,58.68263473053892,12.574850299401197
E00085500,189,68,33,35,121,108,13,35.978835978835974,17.46031746031746,18.51851851851852,64.02116402116403,57.14285714285714,6.878306878306878
E00085501,155,50,30,20,105,92,13,32.25806451612903,19.35483870967742,12.903225806451612,67.74193548387096,59.354838709677416,8.38709677419355
E00085502,172,64,31,33,108,86,22,37.2093023255814,18.023255813953487,19.186046511627907,62.7906976744186,50,12.790697674418606
E00085503,152,44,18,26,108,99,9,28.947368421052634,11.842105263157894,17.105263157894736,71.05263157894737,65.13157894736842,5.921052631578947
E00085504,195,49,25,24,146,120,26,25.128205128205128,12.82051282051282,12.307692307692308,74.87179487179488,61.53846153846154,13.333333333333334
E00085505,178,33,17,16,145,123,22,18.53932584269663,9.550561797752808,8.98876404494382,81.46067415730337,69.10112359550563,12.359550561797752
E00085506,304,117,36,81,187,163,24,38.48684210526316,11.842105263157894,26.644736842105267,61.51315789473685,53.61842105263158,7.894736842105263
E00085507,139,48,23,25,91,77,14,34.53237410071942,16.546762589928058,17.985611510791365,65.46762589928058,55.39568345323741,10.071942446043165
E00085508,132,36,18,18,96,79,17,27.27272727272727,13.636363636363635,13.636363636363635,72.72727272727273,59.84848484848485,12.878787878787879
E00085509,101,36,13,23,65,61,4,35.64356435643564,12.871287128712872,22.772277227722775,64.35643564356435,60.396039603960396,3.9603960396039604
E00085510,145,53,19,34,92,85,7,36.55172413793103,13.10344827586207,23.448275862068964,63.44827586206897,58.620689655172406,4.827586206896552
E00085511,121,37,16,21,84,67,17,30.57851239669421,13.223140495867769,17.355371900826448,69.42148760330579,55.371900826446286,14.049586776859504
E00085512,134,63,15,48,71,62,9,47.01492537313433,11.194029850746269,35.82089552238806,52.98507462686567,46.26865671641791,6.7164179104477615
E00085513,144,53,16,37,91,76,15,36.80555555555556,11.11111111111111,25.694444444444443,63.19444444444444,52.77777777777778,10.416666666666668
E00085514,94,42,19,23,52,50,2,44.680851063829785,20.212765957446805,24.46808510638298,55.319148936170215,53.191489361702125,2.127659574468085
E00085515,188,62,26,36,126,117,9,32.97872340425532,13.829787234042554,19.148936170212767,67.02127659574468,62.23404255319149,4.787234042553192
E00085516,189,81,42,39,108,95,13,42.857142857142854,22.22222222222222,20.634920634920633,57.14285714285714,50.264550264550266,6.878306878306878
E00085517,145,57,24,33,88,82,6,39.310344827586206,16.551724137931036,22.758620689655174,60.689655172413794,56.55172413793104,4.137931034482759
E00085518,102,32,8,24,70,61,9,31.372549019607842,7.8431372549019605,23.52941176470588,68.62745098039215,59.80392156862745,8.823529411764707
E00085519,89,33,10,23,56,40,16,37.07865168539326,11.235955056179774,25.842696629213485,62.92134831460674,44.9438202247191,17.97752808988764
E00085520,166,57,23,34,109,97,12,34.33734939759036,13.855421686746988,20.481927710843372,65.66265060240963,58.43373493975904,7.228915662650602
E00085521,229,94,33,61,135,114,21,41.04803493449782,14.41048034934498,26.637554585152838,58.951965065502186,49.78165938864629,9.170305676855897
E00085522,58,20,7,13,38,36,2,34.48275862068966,12.068965517241379,22.413793103448278,65.51724137931035,62.06896551724138,3.4482758620689653
E00085523,202,50,11,39,152,130,22,24.752475247524753,5.445544554455446,19.306930693069308,75.24752475247524,64.35643564356435,10.891089108910892
E00085524,68,15,9,6,53,48,5,22.058823529411764,13.23529411764706,8.823529411764707,77.94117647058823,70.58823529411765,7.352941176470589
E00085525,175,67,29,38,108,103,5,38.285714285714285,16.57142857142857,21.714285714285715,61.71428571428571,58.857142857142854,2.857142857142857
E00085526,119,49,20,29,70,65,5,41.17647058823529,16.80672268907563,24.369747899159663,58.82352941176471,54.621848739495796,4.201680672268908
E00085527,171,72,37,35,99,82,17,42.10526315789473,21.637426900584796,20.46783625730994,57.89473684210527,47.953216374269005,9.941520467836257
E00085528,79,32,20,12,47,32,15,40.50632911392405,25.31645569620253,15.18987341772152,59.49367088607595,40.50632911392405,18.9873417721519
E00085529,126,45,14,31,81,74,7,35.714285714285715,11.11111111111111,24.6031746031746,64.28571428571429,58.730158730158735,5.555555555555555
E00085530,258,82,40,42,176,154,22,31.782945736434108,15.503875968992247,16.27906976744186,68.21705426356588,59.68992248062015,8.527131782945736
E00085531,160,43,10,33,117,105,12,26.875,6.25,20.625,73.125,65.625,7.5
E00085532,109,42,18,24,67,60,7,38.53211009174312,16.51376146788991,22.018348623853214,61.46788990825688,55.04587155963303,6.422018348623854
E00085533,150,36,9,27,114,100,14,24,6,18,76,66.66666666666666,9.333333333333334
E00085534,9,5,1,4,4,4,0,55.55555555555556,11.11111111111111,44.44444444444444,44.44444444444444,44.44444444444444,0
E00085535,134,40,20,20,94,90,4,29.850746268656714,14.925373134328357,14.925373134328357,70.1492537313433,67.16417910447761,2.9850746268656714
E00085536,76,31,11,20,45,40,5,40.78947368421053,14.473684210526317,26.31578947368421,59.210526315789465,52.63157894736842,6.578947368421052
E00085537,128,43,24,19,85,77,8,33.59375,18.75,14.84375,66.40625,60.15625,6.25
E00085538,65,22,11,11,43,37,6,33.84615384615385,16.923076923076923,16.923076923076923,66.15384615384615,56.92307692307692,9.230769230769232
E00085539,33,13,6,7,20,20,0,39.39393939393939,18.181818181818183,21.21212121212121,60.60606060606061,60.60606060606061,0
E00085540,91,22,11,11,69,53,16,24.175824175824175,12.087912087912088,12.087912087912088,75.82417582417582,58.24175824175825,17.582417582417584
E00085541,142,34,16,18,108,93,15,23.943661971830984,11.267605633802818,12.676056338028168,76.05633802816901,65.49295774647888,10.56338028169014
E00085542,130,29,12,17,101,89,12,22.30769230769231,9.230769230769232,13.076923076923078,77.6923076923077,68.46153846153847,9.230769230769232
E00085543,130,39,17,22,91,78,13,30,13.076923076923078,16.923076923076923,70,60,10
E00085544,162,32,17,15,130,112,18,19.753086419753085,10.493827160493826,9.25925925925926,80.24691358024691,69.1358024691358,11.11111111111111
E00085545,192,47,18,29,145,136,9,24.479166666666664,9.375,15.104166666666666,75.52083333333334,70.83333333333334,4.6875
E00085546,79,23,7,16,56,48,8,29.11392405063291,8.860759493670885,20.253164556962027,70.88607594936708,60.75949367088608,10.126582278481013
E00085547,124,35,19,16,89,71,18,28.225806451612907,15.32258064516129,12.903225806451612,71.7741935483871,57.25806451612904,14.516129032258066
E00085548,146,30,16,14,116,101,15,20.54794520547945,10.95890410958904,9.58904109589041,79.45205479452055,69.17808219178082,10.273972602739725
E00085549,84,22,10,12,62,58,4,26.190476190476193,11.904761904761903,14.285714285714285,73.80952380952381,69.04761904761905,4.761904761904762
E00085550,114,39,12,27,75,65,10,34.21052631578947,10.526315789473683,23.684210526315788,65.78947368421053,57.01754385964912,8.771929824561402
E00085551,132,61,18,43,71,62,9,46.21212121212121,13.636363636363635,32.57575757575758,53.78787878787878,46.96969696969697,6.8181818181818175
E00085552,86,26,9,17,60,52,8,30.23255813953488,10.465116279069768,19.767441860465116,69.76744186046511,60.46511627906976,9.30232558139535
E00085553,99,24,12,12,75,57,18,24.242424242424242,12.121212121212121,12.121212121212121,75.75757575757575,57.57575757575758,18.181818181818183
E00085554,89,36,21,15,53,47,6,40.44943820224719,23.595505617977526,16.853932584269664,59.55056179775281,52.80898876404494,6.741573033707865
E00085555,144,52,24,28,92,83,9,36.11111111111111,16.666666666666664,19.444444444444446,63.888888888888886,57.638888888888886,6.25
E00085556,110,42,16,26,68,62,6,38.18181818181819,14.545454545454545,23.636363636363637,61.81818181818181,56.36363636363636,5.454545454545454
E00085557,135,45,15,30,90,78,12,33.33333333333333,11.11111111111111,22.22222222222222,66.66666666666666,57.77777777777777,8.88888888888889
E00085558,93,33,12,21,60,52,8,35.483870967741936,12.903225806451612,22.58064516129032,64.51612903225806,55.91397849462365,8.60215053763441
E00085559,130,35,11,24,95,87,8,26.923076923076923,8.461538461538462,18.461538461538463,73.07692307692307,66.92307692307692,6.153846153846154
E00085560,121,37,17,20,84,70,14,30.57851239669421,14.049586776859504,16.528925619834713,69.42148760330579,57.85123966942148,11.570247933884298
E00085561,128,33,11,22,95,88,7,25.78125,8.59375,17.1875,74.21875,68.75,5.46875
E00085562,140,64,22,42,76,70,6,45.714285714285715,15.714285714285714,30,54.285714285714285,50,4.285714285714286
E00085563,256,88,28,60,168,146,22,34.375,10.9375,23.4375,65.625,57.03125,8.59375
E00085564,176,45,17,28,131,109,22,25.568181818181817,9.659090909090908,15.909090909090908,74.43181818181817,61.93181818181818,12.5
E00085565,116,35,22,13,81,64,17,30.17241379310345,18.96551724137931,11.206896551724139,69.82758620689656,55.172413793103445,14.655172413793101
E00085568,147,49,26,23,98,85,13,33.33333333333333,17.687074829931973,15.646258503401361,66.66666666666666,57.82312925170068,8.843537414965986
E00085569,129,36,16,20,93,80,13,27.906976744186046,12.4031007751938,15.503875968992247,72.09302325581395,62.01550387596899,10.077519379844961
E00085570,192,73,20,53,119,103,16,38.02083333333333,10.416666666666668,27.604166666666668,61.979166666666664,53.645833333333336,8.333333333333332
E00085571,179,51,25,26,128,113,15,28.49162011173184,13.966480446927374,14.52513966480447,71.50837988826815,63.128491620111724,8.379888268156424
E00085572,220,93,41,52,127,117,10,42.27272727272727,18.636363636363637,23.636363636363637,57.72727272727273,53.18181818181819,4.545454545454546
E00085573,125,32,13,19,93,84,9,25.6,10.4,15.2,74.4,67.2,7.199999999999999
E00085574,120,29,13,16,91,80,11,24.166666666666668,10.833333333333334,13.333333333333334,75.83333333333333,66.66666666666666,9.166666666666666
E00085575,211,50,23,27,161,144,17,23.696682464454977,10.90047393364929,12.796208530805686,76.30331753554502,68.24644549763033,8.056872037914692
E00085576,120,39,11,28,81,65,16,32.5,9.166666666666666,23.333333333333332,67.5,54.166666666666664,13.333333333333334
E00085577,192,53,19,34,139,122,17,27.604166666666668,9.895833333333332,17.708333333333336,72.39583333333334,63.541666666666664,8.854166666666668
E00085578,102,20,12,8,82,72,10,19.607843137254903,11.76470588235294,7.8431372549019605,80.3921568627451,70.58823529411765,9.803921568627452
E00085579,162,42,12,30,120,103,17,25.925925925925924,7.4074074074074066,18.51851851851852,74.07407407407408,63.580246913580254,10.493827160493826
E00085580,94,26,7,19,68,53,15,27.659574468085108,7.446808510638298,20.212765957446805,72.3404255319149,56.38297872340425,15.957446808510639
E00085581,115,28,17,11,87,70,17,24.347826086956523,14.782608695652174,9.565217391304348,75.65217391304347,60.86956521739131,14.782608695652174
E00085582,136,41,12,29,95,85,10,30.14705882352941,8.823529411764707,21.323529411764707,69.85294117647058,62.5,7.352941176470589
E00085583,131,32,12,20,99,87,12,24.427480916030532,9.16030534351145,15.267175572519085,75.57251908396947,66.41221374045801,9.16030534351145
E00085584,126,35,16,19,91,80,11,27.77777777777778,12.698412698412698,15.079365079365079,72.22222222222221,63.49206349206349,8.73015873015873
E00085585,95,29,9,20,66,58,8,30.526315789473685,9.473684210526317,21.052631578947366,69.47368421052632,61.05263157894737,8.421052631578947
E00085586,284,87,38,49,197,163,34,30.633802816901408,13.380281690140844,17.253521126760564,69.36619718309859,57.3943661971831,11.971830985915492
E00085587,140,49,25,24,91,80,11,35,17.857142857142858,17.142857142857142,65,57.14285714285714,7.857142857142857
E00085588,137,47,22,25,90,70,20,34.306569343065696,16.05839416058394,18.248175182481752,65.69343065693431,51.09489051094891,14.5985401459854
E00085589,108,34,12,22,74,66,8,31.48148148148148,11.11111111111111,20.37037037037037,68.51851851851852,61.111111111111114,7.4074074074074066
E00085590,155,42,14,28,113,107,6,27.09677419354839,9.032258064516128,18.064516129032256,72.90322580645162,69.03225806451613,3.870967741935484
E00085592,48,8,3,5,40,37,3,16.666666666666664,6.25,10.416666666666668,83.33333333333334,77.08333333333334,6.25
E00085593,156,36,14,22,120,111,9,23.076923076923077,8.974358974358974,14.102564102564102,76.92307692307693,71.15384615384616,5.769230769230769
E00085594,138,29,13,16,109,98,11,21.014492753623188,9.420289855072465,11.594202898550725,78.98550724637681,71.01449275362319,7.971014492753622
E00085595,188,48,21,27,140,129,11,25.53191489361702,11.170212765957446,14.361702127659576,74.46808510638297,68.61702127659575,5.851063829787234
E00085596,165,34,13,21,131,116,15,20.606060606060606,7.878787878787878,12.727272727272727,79.39393939393939,70.3030303030303,9.090909090909092
E00085597,79,20,10,10,59,50,9,25.31645569620253,12.658227848101266,12.658227848101266,74.68354430379746,63.29113924050633,11.39240506329114
E00085598,99,28,15,13,71,64,7,28.28282828282828,15.151515151515152,13.131313131313133,71.71717171717171,64.64646464646465,7.07070707070707
E00085599,156,40,19,21,116,99,17,25.64102564102564,12.179487179487179,13.461538461538462,74.35897435897436,63.46153846153846,10.897435897435898
E00085600,143,49,23,26,94,80,14,34.26573426573427,16.083916083916083,18.181818181818183,65.73426573426573,55.94405594405595,9.79020979020979
E00085601,101,27,9,18,74,49,25,26.732673267326735,8.91089108910891,17.82178217821782,73.26732673267327,48.51485148514851,24.752475247524753
E00085602,123,41,17,24,82,69,13,33.33333333333333,13.821138211382115,19.51219512195122,66.66666666666666,56.09756097560976,10.569105691056912
E00085603,186,73,27,46,113,95,18,39.247311827956985,14.516129032258066,24.731182795698924,60.752688172043015,51.075268817204304,9.67741935483871
E00085604,200,73,28,45,127,98,29,36.5,14.000000000000002,22.5,63.5,49,14.499999999999998
E00085605,158,54,22,32,104,88,16,34.177215189873415,13.924050632911392,20.253164556962027,65.82278481012658,55.69620253164557,10.126582278481013
E00085606,184,72,34,38,112,84,28,39.130434782608695,18.478260869565215,20.652173913043477,60.86956521739131,45.65217391304348,15.217391304347828
E00085607,158,44,22,22,114,83,31,27.848101265822784,13.924050632911392,13.924050632911392,72.15189873417721,52.53164556962025,19.62025316455696
E00085608,143,40,14,26,103,80,23,27.972027972027973,9.79020979020979,18.181818181818183,72.02797202797203,55.94405594405595,16.083916083916083
E00085609,184,80,36,44,104,83,21,43.47826086956522,19.565217391304348,23.91304347826087,56.52173913043478,45.108695652173914,11.41304347826087
E00085610,206,70,24,46,136,107,29,33.980582524271846,11.650485436893204,22.330097087378643,66.01941747572816,51.94174757281553,14.077669902912621
E00085611,102,39,14,25,63,53,10,38.23529411764706,13.725490196078432,24.509803921568626,61.76470588235294,51.9607843137255,9.803921568627452
E00085612,108,26,12,14,82,59,23,24.074074074074073,11.11111111111111,12.962962962962962,75.92592592592592,54.629629629629626,21.296296296296298
E00085613,57,22,13,9,35,24,11,38.59649122807017,22.807017543859647,15.789473684210526,61.40350877192983,42.10526315789473,19.298245614035086
E00085614,126,41,16,25,85,68,17,32.53968253968254,12.698412698412698,19.841269841269842,67.46031746031747,53.96825396825397,13.492063492063492
E00085615,122,47,26,21,75,66,9,38.52459016393443,21.311475409836063,17.21311475409836,61.47540983606557,54.09836065573771,7.377049180327869
E00085616,147,47,20,27,100,85,15,31.97278911564626,13.60544217687075,18.367346938775512,68.02721088435374,57.82312925170068,10.204081632653061
E00085617,126,45,23,22,81,65,16,35.714285714285715,18.253968253968253,17.46031746031746,64.28571428571429,51.587301587301596,12.698412698412698
E00085619,79,27,8,19,52,48,4,34.177215189873415,10.126582278481013,24.050632911392405,65.82278481012658,60.75949367088608,5.063291139240507
E00085620,247,65,31,34,182,158,24,26.31578947368421,12.550607287449392,13.765182186234817,73.68421052631578,63.96761133603239,9.7165991902834
E00085621,103,38,4,34,65,53,12,36.89320388349515,3.8834951456310676,33.00970873786408,63.10679611650486,51.45631067961165,11.650485436893204
E00085622,135,32,17,15,103,86,17,23.703703703703706,12.592592592592592,11.11111111111111,76.29629629629629,63.70370370370371,12.592592592592592
E00085623,135,44,12,32,91,76,15,32.592592592592595,8.88888888888889,23.703703703703706,67.4074074074074,56.2962962962963,11.11111111111111
E00085624,111,41,16,25,70,60,10,36.93693693693694,14.414414414414415,22.52252252252252,63.06306306306306,54.054054054054056,9.00900900900901
E00085625,155,40,11,29,115,95,20,25.806451612903224,7.096774193548387,18.70967741935484,74.19354838709677,61.29032258064516,12.903225806451612
E00085626,134,51,22,29,83,68,15,38.059701492537314,16.417910447761194,21.641791044776117,61.940298507462686,50.74626865671642,11.194029850746269
E00085627,121,19,12,7,102,73,29,15.702479338842975,9.917355371900827,5.785123966942149,84.29752066115702,60.33057851239669,23.96694214876033
E00085628,102,33,14,19,69,60,9,32.35294117647059,13.725490196078432,18.627450980392158,67.64705882352942,58.82352941176471,8.823529411764707
E00085630,69,20,9,11,49,40,9,28.985507246376812,13.043478260869565,15.942028985507244,71.01449275362319,57.971014492753625,13.043478260869565
E00085631,108,32,13,19,76,68,8,29.629629629629626,12.037037037037036,17.59259259259259,70.37037037037037,62.96296296296296,7.4074074074074066
E00085632,79,29,14,15,50,45,5,36.708860759493675,17.72151898734177,18.9873417721519,63.29113924050633,56.9620253164557,6.329113924050633
E00085633,86,27,13,14,59,53,6,31.3953488372093,15.11627906976744,16.27906976744186,68.6046511627907,61.627906976744185,6.976744186046512
E00085634,102,36,13,23,66,62,4,35.294117647058826,12.745098039215685,22.54901960784314,64.70588235294117,60.78431372549019,3.9215686274509802
E00085635,134,43,14,29,91,79,12,32.08955223880597,10.44776119402985,21.641791044776117,67.91044776119402,58.95522388059702,8.955223880597014
E00085636,137,54,18,36,83,66,17,39.416058394160586,13.138686131386862,26.277372262773724,60.58394160583942,48.175182481751825,12.408759124087592
E00085637,179,69,28,41,110,100,10,38.547486033519554,15.64245810055866,22.905027932960895,61.452513966480446,55.865921787709496,5.58659217877095
E00085639,131,46,14,32,85,64,21,35.11450381679389,10.687022900763358,24.427480916030532,64.8854961832061,48.854961832061065,16.030534351145036
E00085640,96,32,9,23,64,53,11,33.33333333333333,9.375,23.958333333333336,66.66666666666666,55.208333333333336,11.458333333333332
E00085641,55,24,11,13,31,26,5,43.63636363636363,20,23.636363636363637,56.36363636363636,47.27272727272727,9.090909090909092
E00085642,153,62,22,40,91,75,16,40.52287581699346,14.37908496732026,26.143790849673206,59.47712418300654,49.01960784313725,10.457516339869281
E00085643,137,57,25,32,80,63,17,41.605839416058394,18.248175182481752,23.357664233576642,58.3941605839416,45.98540145985402,12.408759124087592
E00085644,102,38,21,17,64,49,15,37.254901960784316,20.588235294117645,16.666666666666664,62.745098039215684,48.03921568627451,14.705882352941178
E00085645,133,51,25,26,82,62,20,38.34586466165413,18.796992481203006,19.548872180451127,61.65413533834586,46.616541353383454,15.037593984962406
E00085646,131,54,18,36,77,60,17,41.221374045801525,13.740458015267176,27.480916030534353,58.778625954198475,45.80152671755725,12.977099236641221
E00085647,126,41,14,27,85,65,20,32.53968253968254,11.11111111111111,21.428571428571427,67.46031746031747,51.587301587301596,15.873015873015872
E00085648,115,43,14,29,72,64,8,37.391304347826086,12.173913043478262,25.217391304347824,62.60869565217392,55.65217391304348,6.956521739130435
E00085649,114,48,21,27,66,50,16,42.10526315789473,18.421052631578945,23.684210526315788,57.89473684210527,43.859649122807014,14.035087719298245
E00085650,133,45,13,32,88,72,16,33.83458646616541,9.774436090225564,24.06015037593985,66.16541353383458,54.13533834586466,12.030075187969924
E00085651,114,45,21,24,69,50,19,39.473684210526315,18.421052631578945,21.052631578947366,60.526315789473685,43.859649122807014,16.666666666666664
E00085652,137,53,23,30,84,71,13,38.68613138686132,16.78832116788321,21.897810218978105,61.31386861313869,51.82481751824818,9.48905109489051
E00085653,176,58,24,34,118,102,16,32.95454545454545,13.636363636363635,19.318181818181817,67.04545454545455,57.95454545454546,9.090909090909092
E00085654,208,73,27,46,135,120,15,35.09615384615385,12.980769230769232,22.115384615384613,64.90384615384616,57.692307692307686,7.211538461538461
E00085655,201,79,30,49,122,99,23,39.30348258706468,14.925373134328357,24.378109452736318,60.69651741293532,49.25373134328358,11.442786069651742
E00085656,124,47,24,23,77,68,9,37.903225806451616,19.35483870967742,18.548387096774192,62.096774193548384,54.83870967741935,7.258064516129033
E00085657,239,81,39,42,158,140,18,33.89121338912134,16.317991631799163,17.573221757322173,66.10878661087865,58.57740585774059,7.531380753138076
E00085658,149,72,38,34,77,68,9,48.322147651006716,25.503355704697988,22.818791946308725,51.67785234899329,45.63758389261745,6.0402684563758395
E00085659,123,37,23,14,86,78,8,30.081300813008134,18.69918699186992,11.38211382113821,69.91869918699187,63.41463414634146,6.504065040650407
E00085660,158,38,10,28,120,108,12,24.050632911392405,6.329113924050633,17.72151898734177,75.9493670886076,68.35443037974683,7.59493670886076
E00085661,148,41,18,23,107,96,11,27.7027027027027,12.162162162162163,15.54054054054054,72.2972972972973,64.86486486486487,7.4324324324324325
E00085662,183,60,22,38,123,110,13,32.78688524590164,12.021857923497267,20.76502732240437,67.21311475409836,60.10928961748634,7.103825136612022
E00085664,128,29,12,17,99,85,14,22.65625,9.375,13.28125,77.34375,66.40625,10.9375
E00085665,269,88,29,59,181,160,21,32.71375464684015,10.780669144981413,21.933085501858738,67.28624535315984,59.479553903345725,7.806691449814126
E00085666,163,58,25,33,105,89,16,35.58282208588957,15.337423312883436,20.245398773006134,64.41717791411043,54.601226993865026,9.815950920245399
E00085667,202,70,34,36,132,102,30,34.65346534653465,16.831683168316832,17.82178217821782,65.34653465346535,50.495049504950494,14.85148514851485
E00085668,180,64,33,31,116,97,19,35.55555555555556,18.333333333333332,17.22222222222222,64.44444444444444,53.888888888888886,10.555555555555555
E00085669,121,57,31,26,64,55,9,47.107438016528924,25.6198347107438,21.487603305785125,52.892561983471076,45.45454545454545,7.43801652892562
E00085670,132,39,20,19,93,77,16,29.545454545454547,15.151515151515152,14.393939393939394,70.45454545454545,58.333333333333336,12.121212121212121
E00085671,164,65,35,30,99,80,19,39.63414634146341,21.341463414634145,18.29268292682927,60.36585365853659,48.78048780487805,11.585365853658537
E00085672,114,62,36,26,52,46,6,54.385964912280706,31.57894736842105,22.807017543859647,45.614035087719294,40.35087719298245,5.263157894736842
E00085673,64,20,7,13,44,43,1,31.25,10.9375,20.3125,68.75,67.1875,1.5625
E00085674,110,48,20,28,62,53,9,43.63636363636363,18.181818181818183,25.454545454545453,56.36363636363636,48.18181818181818,8.181818181818182
E00085675,126,46,24,22,80,76,4,36.507936507936506,19.047619047619047,17.46031746031746,63.49206349206349,60.317460317460316,3.1746031746031744
E00085676,111,47,22,25,64,45,19,42.34234234234234,19.81981981981982,22.52252252252252,57.65765765765766,40.54054054054054,17.117117117117118
E00085677,154,62,26,36,92,81,11,40.25974025974026,16.883116883116884,23.376623376623375,59.74025974025974,52.5974025974026,7.142857142857142
E00085678,289,85,36,49,204,170,34,29.411764705882355,12.45674740484429,16.955017301038062,70.58823529411765,58.82352941176471,11.76470588235294
E00085679,189,91,48,43,98,87,11,48.148148148148145,25.396825396825395,22.75132275132275,51.85185185185185,46.03174603174603,5.82010582010582
E00085680,183,52,23,29,131,120,11,28.415300546448087,12.568306010928962,15.846994535519126,71.58469945355192,65.57377049180327,6.0109289617486334
E00085682,176,65,30,35,111,97,14,36.93181818181818,17.045454545454543,19.886363636363637,63.06818181818182,55.11363636363637,7.954545454545454
E00085683,179,64,24,40,115,92,23,35.754189944134076,13.40782122905028,22.3463687150838,64.24581005586593,51.39664804469274,12.849162011173185
E00085684,170,46,25,21,124,111,13,27.058823529411764,14.705882352941178,12.352941176470589,72.94117647058823,65.29411764705883,7.647058823529412
E00085685,139,43,16,27,96,84,12,30.935251798561154,11.510791366906476,19.424460431654676,69.06474820143885,60.431654676258994,8.633093525179856
E00085686,63,31,10,21,32,30,2,49.2063492063492,15.873015873015872,33.33333333333333,50.79365079365079,47.61904761904761,3.1746031746031744
E00085687,151,35,11,24,116,97,19,23.178807947019866,7.28476821192053,15.894039735099339,76.82119205298014,64.23841059602648,12.582781456953644
E00085688,148,42,14,28,106,97,9,28.37837837837838,9.45945945945946,18.91891891891892,71.62162162162163,65.54054054054053,6.081081081081082
E00085689,174,39,13,26,135,118,17,22.413793103448278,7.471264367816093,14.942528735632186,77.58620689655173,67.81609195402298,9.770114942528735
E00085690,134,37,10,27,97,80,17,27.611940298507463,7.462686567164178,20.149253731343283,72.38805970149254,59.70149253731343,12.686567164179104
E00085691,180,52,19,33,128,106,22,28.888888888888886,10.555555555555555,18.333333333333332,71.11111111111111,58.88888888888889,12.222222222222221
E00085692,120,42,17,25,78,73,5,35,14.166666666666666,20.833333333333336,65,60.83333333333333,4.166666666666666
E00085693,100,24,13,11,76,62,14,24,13,11,76,62,14.000000000000002
E00085694,161,38,23,15,123,102,21,23.60248447204969,14.285714285714285,9.316770186335404,76.3975155279503,63.35403726708074,13.043478260869565
E00085695,226,63,25,38,163,143,20,27.876106194690266,11.061946902654867,16.8141592920354,72.12389380530973,63.27433628318584,8.849557522123893
E00085696,142,32,12,20,110,96,14,22.535211267605636,8.450704225352112,14.084507042253522,77.46478873239437,67.6056338028169,9.859154929577464
E00085697,186,64,24,40,122,103,19,34.40860215053764,12.903225806451612,21.50537634408602,65.59139784946237,55.376344086021504,10.21505376344086
E00085698,182,50,16,34,132,116,16,27.472527472527474,8.791208791208792,18.681318681318682,72.52747252747253,63.73626373626373,8.791208791208792
E00085699,181,69,26,43,112,102,10,38.12154696132597,14.3646408839779,23.756906077348066,61.87845303867403,56.353591160220994,5.524861878453039
E00085700,134,43,19,24,91,79,12,32.08955223880597,14.17910447761194,17.91044776119403,67.91044776119402,58.95522388059702,8.955223880597014
E00085701,194,72,34,38,122,108,14,37.11340206185567,17.525773195876287,19.587628865979383,62.88659793814433,55.670103092783506,7.216494845360824
E00085702,209,83,27,56,126,112,14,39.71291866028708,12.918660287081341,26.794258373205743,60.28708133971292,53.588516746411486,6.698564593301436
E00085703,184,59,28,31,125,112,13,32.065217391304344,15.217391304347828,16.847826086956523,67.93478260869566,60.86956521739131,7.065217391304348
E00085704,164,77,34,43,87,74,13,46.95121951219512,20.73170731707317,26.21951219512195,53.04878048780488,45.1219512195122,7.926829268292683
E00085705,93,42,25,17,51,47,4,45.16129032258064,26.881720430107524,18.27956989247312,54.83870967741935,50.53763440860215,4.301075268817205
E00085706,184,56,24,32,128,112,16,30.434782608695656,13.043478260869565,17.391304347826086,69.56521739130434,60.86956521739131,8.695652173913043
E00085707,191,72,25,47,119,101,18,37.696335078534034,13.089005235602095,24.60732984293194,62.30366492146597,52.879581151832454,9.424083769633508
E00085708,186,105,57,48,81,72,9,56.451612903225815,30.64516129032258,25.806451612903224,43.54838709677419,38.70967741935484,4.838709677419355
E00085709,136,36,21,15,100,84,16,26.47058823529412,15.441176470588236,11.029411764705882,73.52941176470588,61.76470588235294,11.76470588235294
E00085710,160,52,11,41,108,95,13,32.5,6.875000000000001,25.624999999999996,67.5,59.375,8.125
E00085711,149,54,23,31,95,84,11,36.241610738255034,15.436241610738255,20.80536912751678,63.758389261744966,56.375838926174495,7.38255033557047
E00085712,210,76,28,48,134,124,10,36.19047619047619,13.333333333333334,22.857142857142858,63.8095238095238,59.04761904761905,4.761904761904762
E00085713,166,53,13,40,113,103,10,31.92771084337349,7.83132530120482,24.096385542168676,68.07228915662651,62.048192771084345,6.024096385542169
E00085714,154,53,18,35,101,88,13,34.41558441558442,11.688311688311687,22.727272727272727,65.5844155844156,57.14285714285714,8.441558441558442
E00085715,112,40,16,24,72,63,9,35.714285714285715,14.285714285714285,21.428571428571427,64.28571428571429,56.25,8.035714285714286
E00085716,133,42,12,30,91,84,7,31.57894736842105,9.022556390977442,22.55639097744361,68.42105263157895,63.1578947368421,5.263157894736842
E00085717,157,53,20,33,104,90,14,33.75796178343949,12.738853503184714,21.019108280254777,66.2420382165605,57.324840764331206,8.9171974522293
E00085718,183,67,26,41,116,103,13,36.6120218579235,14.207650273224044,22.404371584699454,63.387978142076506,56.284153005464475,7.103825136612022
E00085719,157,59,21,38,98,89,9,37.57961783439491,13.375796178343949,24.203821656050955,62.42038216560509,56.68789808917197,5.7324840764331215
E00085720,199,67,21,46,132,124,8,33.66834170854271,10.552763819095476,23.115577889447238,66.33165829145729,62.311557788944725,4.0201005025125625
E00085721,181,68,23,45,113,98,15,37.569060773480665,12.70718232044199,24.861878453038674,62.430939226519335,54.14364640883977,8.287292817679557
E00085722,91,35,7,28,56,51,5,38.46153846153847,7.6923076923076925,30.76923076923077,61.53846153846154,56.043956043956044,5.4945054945054945
E00085723,188,67,21,46,121,105,16,35.638297872340424,11.170212765957446,24.46808510638298,64.36170212765957,55.85106382978723,8.51063829787234
E00085724,209,70,21,49,139,123,16,33.49282296650718,10.047846889952153,23.444976076555022,66.50717703349282,58.85167464114832,7.655502392344498
E00085725,146,58,16,42,88,81,7,39.726027397260275,10.95890410958904,28.767123287671232,60.273972602739725,55.47945205479452,4.794520547945205
E00085726,168,64,25,39,104,94,10,38.095238095238095,14.880952380952381,23.214285714285715,61.904761904761905,55.952380952380956,5.952380952380952
E00085727,117,37,11,26,80,66,14,31.62393162393162,9.401709401709402,22.22222222222222,68.37606837606837,56.41025641025641,11.965811965811966
E00085728,167,69,29,40,98,90,8,41.31736526946108,17.365269461077844,23.952095808383234,58.68263473053892,53.89221556886228,4.790419161676647
E00085729,74,27,11,16,47,43,4,36.486486486486484,14.864864864864865,21.62162162162162,63.51351351351351,58.108108108108105,5.405405405405405
E00085730,175,55,18,37,120,112,8,31.428571428571427,10.285714285714285,21.142857142857142,68.57142857142857,64,4.571428571428571
E00085731,174,57,20,37,117,108,9,32.758620689655174,11.494252873563218,21.26436781609195,67.24137931034483,62.06896551724138,5.172413793103448
E00085732,141,54,19,35,87,80,7,38.297872340425535,13.47517730496454,24.822695035460992,61.702127659574465,56.73758865248227,4.964539007092199
E00085733,141,50,25,25,91,76,15,35.46099290780142,17.73049645390071,17.73049645390071,64.53900709219859,53.90070921985816,10.638297872340425
E00085734,142,49,12,37,93,81,12,34.50704225352113,8.450704225352112,26.056338028169012,65.49295774647888,57.04225352112676,8.450704225352112
E00085735,193,53,21,32,140,122,18,27.461139896373055,10.880829015544041,16.580310880829018,72.53886010362694,63.212435233160626,9.32642487046632
E00085736,159,42,13,29,117,102,15,26.41509433962264,8.176100628930817,18.238993710691823,73.58490566037736,64.15094339622641,9.433962264150944
E00085737,211,66,22,44,145,125,20,31.27962085308057,10.42654028436019,20.85308056872038,68.72037914691943,59.241706161137444,9.47867298578199
E00085738,158,44,15,29,114,105,9,27.848101265822784,9.49367088607595,18.354430379746837,72.15189873417721,66.45569620253164,5.69620253164557
E00085739,165,62,25,37,103,87,16,37.57575757575757,15.151515151515152,22.424242424242426,62.42424242424243,52.72727272727272,9.696969696969697
E00085740,139,42,6,36,97,85,12,30.215827338129497,4.316546762589928,25.899280575539567,69.7841726618705,61.15107913669065,8.633093525179856
E00085741,182,83,29,54,99,84,15,45.604395604395606,15.934065934065933,29.67032967032967,54.395604395604394,46.15384615384615,8.241758241758241
E00085742,138,49,26,23,89,73,16,35.507246376811594,18.84057971014493,16.666666666666664,64.4927536231884,52.89855072463768,11.594202898550725
E00085744,165,68,30,38,97,70,27,41.21212121212121,18.181818181818183,23.03030303030303,58.78787878787879,42.42424242424242,16.363636363636363
E00085745,187,62,20,42,125,100,25,33.155080213903744,10.695187165775401,22.459893048128343,66.84491978609626,53.475935828877006,13.368983957219251
E00085746,176,62,23,39,114,94,20,35.22727272727273,13.068181818181818,22.15909090909091,64.77272727272727,53.40909090909091,11.363636363636363
E00085747,129,23,11,12,106,98,8,17.829457364341085,8.527131782945736,9.30232558139535,82.17054263565892,75.96899224806202,6.2015503875969
E00085748,161,60,28,32,101,75,26,37.267080745341616,17.391304347826086,19.875776397515526,62.732919254658384,46.58385093167702,16.149068322981368
E00085749,171,63,33,30,108,87,21,36.84210526315789,19.298245614035086,17.543859649122805,63.1578947368421,50.877192982456144,12.280701754385964
E00085750,197,86,29,57,111,98,13,43.65482233502538,14.720812182741117,28.934010152284262,56.34517766497462,49.746192893401016,6.598984771573605
E00085751,143,47,17,30,96,81,15,32.86713286713287,11.888111888111888,20.97902097902098,67.13286713286713,56.64335664335665,10.48951048951049
E00085752,170,59,21,38,111,95,16,34.705882352941174,12.352941176470589,22.35294117647059,65.29411764705883,55.88235294117647,9.411764705882353
E00085753,260,70,23,47,190,164,26,26.923076923076923,8.846153846153847,18.076923076923077,73.07692307692307,63.07692307692307,10
E00085754,142,47,17,30,95,82,13,33.098591549295776,11.971830985915492,21.12676056338028,66.90140845070422,57.74647887323944,9.15492957746479
E00085755,143,61,25,36,82,63,19,42.65734265734265,17.482517482517483,25.174825174825177,57.34265734265735,44.05594405594406,13.286713286713287
E00085756,202,67,15,52,135,122,13,33.16831683168317,7.425742574257425,25.742574257425744,66.83168316831683,60.396039603960396,6.435643564356436
E00085757,181,57,20,37,124,97,27,31.491712707182316,11.049723756906078,20.441988950276244,68.50828729281768,53.591160220994475,14.917127071823206
E00085758,172,48,9,39,124,108,16,27.906976744186046,5.232558139534884,22.674418604651162,72.09302325581395,62.7906976744186,9.30232558139535
E00085759,201,68,21,47,133,121,12,33.83084577114428,10.44776119402985,23.383084577114428,66.16915422885572,60.19900497512438,5.970149253731343
E00085760,167,61,18,43,106,83,23,36.52694610778443,10.778443113772456,25.748502994011975,63.47305389221557,49.700598802395206,13.77245508982036
E00085761,182,68,26,42,114,93,21,37.362637362637365,14.285714285714285,23.076923076923077,62.637362637362635,51.098901098901095,11.538461538461538
E00085762,184,62,31,31,122,82,40,33.69565217391305,16.847826086956523,16.847826086956523,66.30434782608695,44.565217391304344,21.73913043478261
E00085763,182,69,28,41,113,91,22,37.91208791208791,15.384615384615385,22.52747252747253,62.08791208791209,50,12.087912087912088
E00085764,139,63,24,39,76,56,20,45.32374100719424,17.26618705035971,28.05755395683453,54.67625899280576,40.28776978417266,14.388489208633093
E00085765,123,50,20,30,73,53,20,40.65040650406504,16.260162601626014,24.390243902439025,59.34959349593496,43.08943089430895,16.260162601626014
E00085766,133,62,26,36,71,56,15,46.616541353383454,19.548872180451127,27.06766917293233,53.383458646616546,42.10526315789473,11.278195488721805
E00085767,168,66,22,44,102,87,15,39.285714285714285,13.095238095238097,26.190476190476193,60.71428571428571,51.78571428571429,8.928571428571429
E00085768,166,59,19,40,107,83,24,35.54216867469879,11.44578313253012,24.096385542168676,64.45783132530121,50,14.457831325301203
E00085769,141,48,20,28,93,72,21,34.04255319148936,14.184397163120568,19.858156028368796,65.95744680851064,51.06382978723404,14.893617021276595
E00085770,173,47,25,22,126,100,26,27.167630057803464,14.450867052023122,12.716763005780345,72.83236994219652,57.80346820809249,15.028901734104046
E00085771,108,41,16,25,67,49,18,37.96296296296296,14.814814814814813,23.14814814814815,62.03703703703704,45.370370370370374,16.666666666666664
E00085772,130,52,24,28,78,59,19,40,18.461538461538463,21.53846153846154,60,45.38461538461539,14.615384615384617
E00085773,168,63,30,33,105,85,20,37.5,17.857142857142858,19.642857142857142,62.5,50.595238095238095,11.904761904761903
E00085774,138,42,11,31,96,79,17,30.434782608695656,7.971014492753622,22.463768115942027,69.56521739130434,57.2463768115942,12.318840579710146
E00085775,152,59,24,35,93,77,16,38.81578947368421,15.789473684210526,23.026315789473685,61.18421052631579,50.6578947368421,10.526315789473683
E00085776,109,43,10,33,66,56,10,39.44954128440367,9.174311926605505,30.275229357798167,60.550458715596335,51.37614678899083,9.174311926605505
E00085777,86,31,9,22,55,52,3,36.04651162790697,10.465116279069768,25.581395348837212,63.95348837209303,60.46511627906976,3.488372093023256
E00085778,188,50,17,33,138,124,14,26.595744680851062,9.042553191489363,17.5531914893617,73.40425531914893,65.95744680851064,7.446808510638298
E00085779,121,38,15,23,83,72,11,31.40495867768595,12.396694214876034,19.00826446280992,68.59504132231406,59.50413223140496,9.090909090909092
E00085780,155,49,27,22,106,88,18,31.61290322580645,17.419354838709676,14.193548387096774,68.38709677419355,56.774193548387096,11.612903225806452
E00085781,150,42,22,20,108,92,16,28.000000000000004,14.666666666666666,13.333333333333334,72,61.33333333333333,10.666666666666668
E00085782,181,61,17,44,120,110,10,33.70165745856354,9.392265193370166,24.30939226519337,66.29834254143645,60.773480662983424,5.524861878453039
E00085783,186,53,18,35,133,106,27,28.49462365591398,9.67741935483871,18.817204301075268,71.50537634408603,56.98924731182796,14.516129032258066
E00085784,167,41,18,23,126,111,15,24.550898203592812,10.778443113772456,13.77245508982036,75.44910179640718,66.46706586826348,8.982035928143713
E00085785,101,28,12,16,73,59,14,27.722772277227726,11.881188118811881,15.841584158415841,72.27722772277228,58.415841584158414,13.861386138613863
E00085786,133,52,23,29,81,74,7,39.097744360902254,17.293233082706767,21.804511278195488,60.902255639097746,55.639097744360896,5.263157894736842
E00085787,191,47,15,32,144,127,17,24.60732984293194,7.853403141361256,16.75392670157068,75.39267015706807,66.49214659685863,8.900523560209423
E00085788,158,47,19,28,111,98,13,29.746835443037973,12.025316455696203,17.72151898734177,70.25316455696202,62.0253164556962,8.227848101265822
E00085789,181,62,22,40,119,98,21,34.25414364640884,12.154696132596685,22.099447513812155,65.74585635359117,54.14364640883977,11.602209944751381
E00085790,170,57,24,33,113,92,21,33.52941176470588,14.117647058823529,19.411764705882355,66.47058823529412,54.11764705882353,12.352941176470589
E00085791,145,42,16,26,103,89,14,28.965517241379313,11.03448275862069,17.93103448275862,71.03448275862068,61.37931034482759,9.655172413793103
E00085792,159,67,25,42,92,71,21,42.138364779874216,15.723270440251572,26.41509433962264,57.861635220125784,44.65408805031446,13.20754716981132
E00085793,167,52,22,30,115,98,17,31.137724550898206,13.17365269461078,17.964071856287426,68.8622754491018,58.68263473053892,10.179640718562874
E00085794,154,57,18,39,97,88,9,37.01298701298701,11.688311688311687,25.324675324675322,62.98701298701299,57.14285714285714,5.844155844155844
E00085795,146,40,13,27,106,78,28,27.397260273972602,8.904109589041095,18.493150684931507,72.6027397260274,53.42465753424658,19.17808219178082
E00085796,140,30,14,16,110,95,15,21.428571428571427,10,11.428571428571429,78.57142857142857,67.85714285714286,10.714285714285714
E00085797,96,26,10,16,70,63,7,27.083333333333332,10.416666666666668,16.666666666666664,72.91666666666666,65.625,7.291666666666667
E00085798,127,38,15,23,89,71,18,29.92125984251969,11.811023622047244,18.11023622047244,70.07874015748031,55.90551181102362,14.173228346456693
E00085799,138,53,19,34,85,64,21,38.405797101449274,13.768115942028986,24.637681159420293,61.59420289855072,46.3768115942029,15.217391304347828
E00085800,115,33,17,16,82,73,9,28.695652173913043,14.782608695652174,13.91304347826087,71.30434782608695,63.47826086956522,7.82608695652174
E00085801,142,49,19,30,93,83,10,34.50704225352113,13.380281690140844,21.12676056338028,65.49295774647888,58.45070422535211,7.042253521126761
E00085802,117,37,7,30,80,69,11,31.62393162393162,5.982905982905983,25.64102564102564,68.37606837606837,58.97435897435898,9.401709401709402
E00085803,177,62,18,44,115,89,26,35.02824858757062,10.16949152542373,24.858757062146893,64.97175141242938,50.282485875706215,14.689265536723164
E00085804,164,62,29,33,102,78,24,37.80487804878049,17.682926829268293,20.121951219512198,62.19512195121951,47.5609756097561,14.634146341463413
E00085805,213,56,21,35,157,135,22,26.291079812206576,9.859154929577464,16.431924882629108,73.70892018779342,63.38028169014085,10.328638497652582
E00085806,131,51,24,27,80,64,16,38.93129770992366,18.3206106870229,20.610687022900763,61.06870229007634,48.854961832061065,12.213740458015266
E00085807,140,62,27,35,78,60,18,44.285714285714285,19.28571428571429,25,55.714285714285715,42.857142857142854,12.857142857142856
E00085808,230,75,24,51,155,132,23,32.608695652173914,10.434782608695652,22.17391304347826,67.3913043478261,57.391304347826086,10
E00085809,150,61,19,42,89,78,11,40.666666666666664,12.666666666666668,28.000000000000004,59.333333333333336,52,7.333333333333333
E00085810,165,54,22,32,111,90,21,32.72727272727273,13.333333333333334,19.393939393939394,67.27272727272727,54.54545454545454,12.727272727272727
E00085811,180,61,16,45,119,97,22,33.88888888888889,8.88888888888889,25,66.11111111111111,53.888888888888886,12.222222222222221
E00085812,175,59,23,36,116,96,20,33.714285714285715,13.142857142857142,20.57142857142857,66.28571428571428,54.85714285714286,11.428571428571429
E00085813,133,47,19,28,86,70,16,35.338345864661655,14.285714285714285,21.052631578947366,64.66165413533834,52.63157894736842,12.030075187969924
E00085814,124,41,17,24,83,69,14,33.064516129032256,13.709677419354838,19.35483870967742,66.93548387096774,55.64516129032258,11.29032258064516
E00085815,229,69,22,47,160,138,22,30.131004366812224,9.606986899563319,20.52401746724891,69.86899563318777,60.26200873362445,9.606986899563319
E00085816,33,26,13,13,7,6,1,78.78787878787878,39.39393939393939,39.39393939393939,21.21212121212121,18.181818181818183,3.0303030303030303
E00085817,86,38,10,28,48,41,7,44.18604651162791,11.627906976744185,32.55813953488372,55.81395348837209,47.674418604651166,8.13953488372093
E00085818,172,52,18,34,120,105,15,30.23255813953488,10.465116279069768,19.767441860465116,69.76744186046511,61.04651162790697,8.720930232558139
E00085819,142,50,24,26,92,74,18,35.2112676056338,16.901408450704224,18.30985915492958,64.7887323943662,52.112676056338024,12.676056338028168
E00085820,242,72,28,44,170,139,31,29.75206611570248,11.570247933884298,18.181818181818183,70.24793388429752,57.438016528925615,12.8099173553719
E00085821,83,24,5,19,59,52,7,28.915662650602407,6.024096385542169,22.89156626506024,71.08433734939759,62.65060240963856,8.433734939759036
E00085822,202,69,24,45,133,107,26,34.15841584158416,11.881188118811881,22.277227722772277,65.84158415841584,52.97029702970298,12.871287128712872
E00085823,175,61,26,35,114,95,19,34.85714285714286,14.857142857142858,20,65.14285714285715,54.285714285714285,10.857142857142858
E00085824,155,64,25,39,91,76,15,41.29032258064516,16.129032258064516,25.161290322580644,58.70967741935483,49.03225806451613,9.67741935483871
E00085825,214,74,24,50,140,111,29,34.57943925233645,11.214953271028037,23.364485981308412,65.42056074766354,51.86915887850467,13.551401869158877
E00085826,85,30,14,16,55,54,1,35.294117647058826,16.470588235294116,18.823529411764707,64.70588235294117,63.52941176470588,1.1764705882352942
E00085827,187,67,26,41,120,102,18,35.82887700534759,13.903743315508022,21.92513368983957,64.171122994652407,54.54545454545454,9.62566844919786
E00085828,266,79,31,48,187,169,18,29.69924812030075,11.654135338345863,18.045112781954884,70.30075187969925,63.53383458646616,6.7669172932330826
E00085829,148,50,17,33,98,84,14,33.78378378378378,11.486486486486488,22.2972972972973,66.21621621621621,56.75675675675676,9.45945945945946
E00085830,160,50,16,34,110,92,18,31.25,10,21.25,68.75,57.49999999999999,11.25
E00085831,176,55,15,40,121,99,22,31.25,8.522727272727272,22.727272727272727,68.75,56.25,12.5
E00085832,207,70,25,45,137,102,35,33.81642512077295,12.077294685990339,21.73913043478261,66.18357487922705,49.275362318840585,16.908212560386474
E00085833,139,48,15,33,91,72,19,34.53237410071942,10.79136690647482,23.741007194244602,65.46762589928058,51.798561151079134,13.66906474820144
E00085834,122,51,18,33,71,51,20,41.80327868852459,14.754098360655737,27.049180327868854,58.19672131147541,41.80327868852459,16.39344262295082
E00085835,140,50,25,25,90,73,17,35.714285714285715,17.857142857142858,17.857142857142858,64.28571428571429,52.142857142857146,12.142857142857142
E00085836,206,56,20,36,150,137,13,27.184466019417474,9.70873786407767,17.475728155339805,72.81553398058253,66.50485436893204,6.310679611650485
E00085837,153,53,20,33,100,85,15,34.64052287581699,13.071895424836603,21.568627450980394,65.359477124183,55.55555555555556,9.803921568627452
E00085838,156,57,25,32,99,88,11,36.53846153846153,16.025641025641026,20.51282051282051,63.46153846153846,56.41025641025641,7.051282051282051
E00085839,128,39,10,29,89,80,9,30.46875,7.8125,22.65625,69.53125,62.5,7.03125
E00085840,171,58,27,31,113,106,7,33.91812865497076,15.789473684210526,18.128654970760234,66.08187134502924,61.98830409356725,4.093567251461988
E00085841,189,47,19,28,142,123,19,24.867724867724867,10.052910052910052,14.814814814814813,75.13227513227513,65.07936507936508,10.052910052910052
E00085842,165,54,22,32,111,99,12,32.72727272727273,13.333333333333334,19.393939393939394,67.27272727272727,60,7.2727272727272725
E00085843,221,62,14,48,159,140,19,28.054298642533936,6.334841628959276,21.71945701357466,71.94570135746606,63.348416289592755,8.597285067873303
E00085844,162,63,19,44,99,82,17,38.88888888888889,11.728395061728394,27.160493827160494,61.111111111111114,50.617283950617285,10.493827160493826
E00085845,143,59,16,43,84,70,14,41.25874125874126,11.188811188811188,30.069930069930066,58.74125874125874,48.95104895104895,9.79020979020979
E00085846,161,64,21,43,97,80,17,39.75155279503105,13.043478260869565,26.70807453416149,60.24844720496895,49.68944099378882,10.559006211180124
E00085847,154,55,21,34,99,78,21,35.714285714285715,13.636363636363635,22.07792207792208,64.28571428571429,50.649350649350644,13.636363636363635
E00085848,115,34,12,22,81,64,17,29.565217391304348,10.434782608695652,19.130434782608695,70.43478260869566,55.65217391304348,14.782608695652174
E00085849,168,62,19,43,106,85,21,36.904761904761905,11.30952380952381,25.595238095238095,63.095238095238095,50.595238095238095,12.5
E00085850,121,47,18,29,74,58,16,38.84297520661157,14.87603305785124,23.96694214876033,61.15702479338842,47.93388429752066,13.223140495867769
E00085851,144,42,26,16,102,89,13,29.166666666666668,18.055555555555554,11.11111111111111,70.83333333333334,61.80555555555556,9.027777777777777
E00085852,143,51,20,31,92,72,20,35.66433566433567,13.986013986013987,21.678321678321677,64.33566433566433,50.349650349650354,13.986013986013987
E00085853,188,56,24,32,132,96,36,29.78723404255319,12.76595744680851,17.02127659574468,70.2127659574468,51.06382978723404,19.148936170212767
E00085854,161,53,24,29,108,87,21,32.91925465838509,14.906832298136646,18.012422360248447,67.08074534161491,54.037267080745345,13.043478260869565
E00085855,170,52,25,27,118,103,15,30.58823529411765,14.705882352941178,15.88235294117647,69.41176470588235,60.588235294117645,8.823529411764707
E00085856,240,73,28,45,167,141,26,30.416666666666664,11.666666666666666,18.75,69.58333333333333,58.75,10.833333333333334
E00085857,182,50,14,36,132,106,26,27.472527472527474,7.6923076923076925,19.78021978021978,72.52747252747253,58.24175824175825,14.285714285714285
E00085858,154,38,7,31,116,98,18,24.675324675324674,4.545454545454546,20.12987012987013,75.32467532467533,63.63636363636363,11.688311688311687
E00085859,79,30,12,18,49,37,12,37.9746835443038,15.18987341772152,22.78481012658228,62.0253164556962,46.835443037974684,15.18987341772152
E00085860,181,55,25,30,126,105,21,30.386740331491712,13.812154696132598,16.574585635359114,69.61325966850829,58.011049723756905,11.602209944751381
E00085861,194,54,19,35,140,110,30,27.835051546391753,9.793814432989691,18.04123711340206,72.16494845360825,56.70103092783505,15.463917525773196
E00085862,142,42,11,31,100,93,7,29.577464788732392,7.746478873239436,21.830985915492956,70.4225352112676,65.49295774647888,4.929577464788732
E00085863,145,54,25,29,91,76,15,37.24137931034483,17.24137931034483,20,62.758620689655174,52.41379310344828,10.344827586206897
E00085864,157,58,13,45,99,86,13,36.94267515923567,8.280254777070063,28.662420382165603,63.05732484076433,54.77707006369427,8.280254777070063
E00085865,144,55,17,38,89,75,14,38.19444444444444,11.805555555555555,26.38888888888889,61.80555555555556,52.083333333333336,9.722222222222223
E00085866,157,54,26,28,103,85,18,34.394904458598724,16.560509554140125,17.8343949044586,65.60509554140127,54.14012738853503,11.464968152866243
E00085867,138,57,21,36,81,67,14,41.30434782608695,15.217391304347828,26.08695652173913,58.69565217391305,48.55072463768116,10.144927536231885
E00085868,150,52,27,25,98,78,20,34.66666666666667,18,16.666666666666664,65.33333333333333,52,13.333333333333334
E00085869,139,41,16,25,98,83,15,29.496402877697843,11.510791366906476,17.985611510791365,70.50359712230215,59.71223021582733,10.79136690647482
E00085870,137,43,15,28,94,76,18,31.386861313868614,10.948905109489052,20.437956204379564,68.61313868613139,55.47445255474452,13.138686131386862
E00085871,159,52,24,28,107,80,27,32.70440251572327,15.09433962264151,17.61006289308176,67.29559748427673,50.314465408805034,16.9811320754717
E00085872,112,31,12,19,81,73,8,27.67857142857143,10.714285714285714,16.964285714285715,72.32142857142857,65.17857142857143,7.142857142857142
E00085873,110,34,18,16,76,57,19,30.909090909090907,16.363636363636363,14.545454545454545,69.0909090909091,51.81818181818182,17.272727272727273
E00085874,130,43,22,21,87,74,13,33.07692307692307,16.923076923076923,16.153846153846153,66.92307692307692,56.92307692307692,10
E00085875,156,56,20,36,100,85,15,35.8974358974359,12.82051282051282,23.076923076923077,64.1025641025641,54.48717948717948,9.615384615384617
E00085876,126,61,25,36,65,48,17,48.41269841269841,19.841269841269842,28.57142857142857,51.587301587301596,38.095238095238095,13.492063492063492
E00085877,206,60,15,45,146,128,18,29.126213592233007,7.281553398058252,21.844660194174757,70.87378640776699,62.13592233009708,8.737864077669903
E00085878,200,57,19,38,143,122,21,28.499999999999996,9.5,19,71.5,61,10.5
E00085879,144,38,10,28,106,91,15,26.38888888888889,6.944444444444445,19.444444444444446,73.61111111111111,63.19444444444444,10.416666666666668
E00085880,165,39,12,27,126,113,13,23.636363636363637,7.2727272727272725,16.363636363636363,76.36363636363637,68.48484848484848,7.878787878787878
E00085881,198,56,23,33,142,116,26,28.28282828282828,11.616161616161616,16.666666666666664,71.71717171717171,58.58585858585859,13.131313131313133
E00085882,171,47,17,30,124,110,14,27.485380116959064,9.941520467836257,17.543859649122805,72.51461988304094,64.32748538011695,8.187134502923977
E00085883,160,51,13,38,109,91,18,31.874999999999996,8.125,23.75,68.125,56.875,11.25
E00085884,153,29,8,21,124,109,15,18.954248366013072,5.228758169934641,13.725490196078432,81.04575163398692,71.24183006535948,9.803921568627452
E00085885,183,56,22,34,127,113,14,30.601092896174865,12.021857923497267,18.579234972677597,69.39890710382514,61.74863387978142,7.650273224043716
E00085886,202,65,28,37,137,101,36,32.17821782178218,13.861386138613863,18.316831683168317,67.82178217821783,50,17.82178217821782
E00085887,125,37,18,19,88,73,15,29.599999999999998,14.399999999999999,15.2,70.39999999999999,58.4,12
E00085888,130,54,28,26,76,73,3,41.53846153846154,21.53846153846154,20,58.46153846153847,56.15384615384615,2.307692307692308
E00085889,168,67,18,49,101,89,12,39.88095238095239,10.714285714285714,29.166666666666668,60.11904761904761,52.976190476190474,7.142857142857142
E00085890,196,82,29,53,114,101,13,41.83673469387755,14.795918367346939,27.040816326530614,58.16326530612245,51.53061224489795,6.63265306122449
E00085891,113,45,16,29,68,63,5,39.823008849557525,14.15929203539823,25.663716814159294,60.17699115044248,55.75221238938053,4.424778761061947
E00085892,160,52,13,39,108,97,11,32.5,8.125,24.375,67.5,60.62499999999999,6.875000000000001
E00085893,131,43,17,26,88,77,11,32.82442748091603,12.977099236641221,19.84732824427481,67.17557251908397,58.778625954198475,8.396946564885496
E00085894,106,38,8,30,68,60,8,35.84905660377358,7.547169811320755,28.30188679245283,64.15094339622641,56.60377358490566,7.547169811320755
E00085895,194,53,15,38,141,128,13,27.31958762886598,7.731958762886598,19.587628865979383,72.68041237113401,65.97938144329896,6.701030927835052
E00085896,147,53,17,36,94,82,12,36.054421768707485,11.564625850340136,24.489795918367346,63.94557823129252,55.78231292517006,8.16326530612245
E00085897,115,40,10,30,75,63,12,34.78260869565217,8.695652173913043,26.08695652173913,65.21739130434783,54.78260869565217,10.434782608695652
E00085898,152,58,15,43,94,82,12,38.15789473684211,9.868421052631579,28.289473684210524,61.8421052631579,53.94736842105263,7.894736842105263
E00085899,176,63,17,46,113,100,13,35.79545454545455,9.659090909090908,26.136363636363637,64.20454545454545,56.81818181818182,7.386363636363637
E00085900,117,47,16,31,70,62,8,40.17094017094017,13.675213675213676,26.495726495726498,59.82905982905983,52.991452991452995,6.837606837606838
E00085901,181,69,20,49,112,100,12,38.12154696132597,11.049723756906078,27.071823204419886,61.87845303867403,55.24861878453039,6.629834254143646
E00085902,147,44,13,31,103,84,19,29.931972789115648,8.843537414965986,21.08843537414966,70.06802721088435,57.14285714285714,12.925170068027212
E00085903,132,49,21,28,83,72,11,37.121212121212125,15.909090909090908,21.21212121212121,62.878787878787875,54.54545454545454,8.333333333333332
E00085904,134,44,20,24,90,79,11,32.83582089552239,14.925373134328357,17.91044776119403,67.16417910447761,58.95522388059702,8.208955223880597
E00085905,156,62,23,39,94,83,11,39.743589743589745,14.743589743589745,25,60.256410256410255,53.205128205128204,7.051282051282051
E00085906,163,55,18,37,108,92,16,33.74233128834356,11.042944785276074,22.699386503067483,66.25766871165644,56.44171779141104,9.815950920245399
E00085907,141,39,18,21,102,83,19,27.659574468085108,12.76595744680851,14.893617021276595,72.3404255319149,58.86524822695035,13.47517730496454
E00085908,133,47,22,25,86,73,13,35.338345864661655,16.541353383458645,18.796992481203006,64.66165413533834,54.88721804511278,9.774436090225564
E00085909,104,40,13,27,64,54,10,38.46153846153847,12.5,25.961538461538463,61.53846153846154,51.92307692307693,9.615384615384617
E00085910,148,53,24,29,95,84,11,35.810810810810814,16.216216216216218,19.594594594594593,64.1891891891892,56.75675675675676,7.4324324324324325
E00085911,168,61,21,40,107,89,18,36.30952380952381,12.5,23.809523809523807,63.69047619047619,52.976190476190474,10.714285714285714
E00085912,133,36,17,19,97,88,9,27.06766917293233,12.781954887218044,14.285714285714285,72.93233082706767,66.16541353383458,6.7669172932330826
E00085913,132,41,12,29,91,81,10,31.060606060606062,9.090909090909092,21.96969696969697,68.93939393939394,61.36363636363637,7.575757575757576
E00085914,135,48,19,29,87,78,9,35.55555555555556,14.074074074074074,21.48148148148148,64.44444444444444,57.77777777777777,6.666666666666667
E00085915,140,54,17,37,86,69,17,38.57142857142858,12.142857142857142,26.42857142857143,61.42857142857143,49.28571428571429,12.142857142857142
E00085916,150,51,20,31,99,84,15,34,13.333333333333334,20.666666666666668,66,56.00000000000001,10
E00085917,174,54,25,29,120,105,15,31.03448275862069,14.367816091954023,16.666666666666664,68.96551724137932,60.3448275862069,8.620689655172415
E00085918,130,39,17,22,91,74,17,30,13.076923076923078,16.923076923076923,70,56.92307692307692,13.076923076923078
E00172899,97,22,10,12,75,64,11,22.68041237113402,10.309278350515463,12.371134020618557,77.31958762886599,65.97938144329896,11.34020618556701
E00172900,64,18,4,14,46,36,10,28.125,6.25,21.875,71.875,56.25,15.625
E00172901,46,5,2,3,41,37,4,10.869565217391305,4.3478260869565215,6.521739130434782,89.13043478260869,80.43478260869566,8.695652173913043
E00172902,202,42,16,26,160,138,22,20.792079207920793,7.920792079207921,12.871287128712872,79.20792079207921,68.31683168316832,10.891089108910892
E00172903,99,22,8,14,77,73,4,22.22222222222222,8.080808080808081,14.14141414141414,77.77777777777779,73.73737373737373,4.040404040404041
E00172904,85,27,9,18,58,52,6,31.76470588235294,10.588235294117647,21.176470588235293,68.23529411764706,61.1764705882353,7.0588235294117645
E00172906,188,36,14,22,152,133,19,19.148936170212767,7.446808510638298,11.702127659574469,80.85106382978722,70.74468085106383,10.106382978723403
E00172907,89,26,14,12,63,57,6,29.213483146067414,15.730337078651685,13.48314606741573,70.78651685393258,64.04494382022472,6.741573033707865
E00172908,152,67,21,46,85,72,13,44.07894736842105,13.815789473684212,30.263157894736842,55.92105263157895,47.368421052631575,8.552631578947368
E00172909,180,55,22,33,125,106,19,30.555555555555557,12.222222222222221,18.333333333333332,69.44444444444444,58.88888888888889,10.555555555555555
E00172910,110,45,14,31,65,56,9,40.909090909090914,12.727272727272727,28.18181818181818,59.09090909090909,50.90909090909091,8.181818181818182
E00172911,263,74,27,47,189,164,25,28.13688212927757,10.26615969581749,17.870722433460077,71.86311787072243,62.3574144486692,9.505703422053232
E00172912,72,22,11,11,50,43,7,30.555555555555557,15.277777777777779,15.277777777777779,69.44444444444444,59.72222222222222,9.722222222222223
E00172916,95,62,31,31,33,33,0,65.26315789473685,32.631578947368425,32.631578947368425,34.73684210526316,34.73684210526316,0
E00172918,51,20,7,13,31,30,1,39.21568627450981,13.725490196078432,25.49019607843137,60.78431372549019,58.82352941176471,1.9607843137254901
E00184730,184,132,82,50,52,48,4,71.73913043478261,44.565217391304344,27.173913043478258,28.26086956521739,26.08695652173913,2.1739130434782608
E00184745,77,20,9,11,57,49,8,25.97402597402597,11.688311688311687,14.285714285714285,74.02597402597402,63.63636363636363,10.38961038961039
E00184750,163,60,23,37,103,84,19,36.809815950920246,14.11042944785276,22.699386503067483,63.190184049079754,51.533742331288344,11.65644171779141
E00184751,187,72,29,43,115,99,16,38.50267379679144,15.508021390374333,22.994652406417114,61.49732620320856,52.94117647058824,8.55614973262032
E00184753,107,33,12,21,74,67,7,30.8411214953271,11.214953271028037,19.626168224299064,69.1588785046729,62.616822429906534,6.5420560747663545
E00184764,70,30,13,17,40,33,7,42.857142857142854,18.571428571428573,24.285714285714285,57.14285714285714,47.14285714285714,10
E00184769,143,44,17,27,99,87,12,30.76923076923077,11.888111888111888,18.88111888111888,69.23076923076923,60.83916083916085,8.391608391608392
E00184772,101,29,12,17,72,54,18,28.71287128712871,11.881188118811881,16.831683168316832,71.28712871287128,53.46534653465347,17.82178217821782
E00184774,181,75,39,36,106,96,10,41.43646408839779,21.54696132596685,19.88950276243094,58.5635359116022,53.03867403314917,5.524861878453039
E00184782,77,18,10,8,59,46,13,23.376623376623375,12.987012987012985,10.38961038961039,76.62337662337663,59.74025974025974,16.883116883116884
E00184787,161,37,8,29,124,93,31,22.981366459627328,4.968944099378882,18.012422360248447,77.01863354037268,57.7639751552795,19.25465838509317
E00184795,417,324,234,90,93,76,17,77.6978417266187,56.11510791366906,21.58273381294964,22.302158273381295,18.225419664268586,4.07673860911271
E00184800,234,56,22,34,178,156,22,23.931623931623932,9.401709401709402,14.529914529914532,76.06837606837607,66.66666666666666,9.401709401709402
E00184805,54,19,6,13,35,31,4,35.18518518518518,11.11111111111111,24.074074074074073,64.81481481481481,57.407407407407405,7.4074074074074066
E00184810,75,19,7,12,56,43,13,25.333333333333336,9.333333333333334,16,74.66666666666667,57.333333333333336,17.333333333333336
E00184812,220,81,38,43,139,111,28,36.81818181818181,17.272727272727273,19.545454545454547,63.18181818181819,50.45454545454545,12.727272727272727
E00184814,87,30,16,14,57,53,4,34.48275862068966,18.39080459770115,16.091954022988507,65.51724137931035,60.91954022988506,4.597701149425287
E00184816,177,56,27,29,121,106,15,31.63841807909605,15.254237288135593,16.38418079096045,68.36158192090396,59.887005649717516,8.47457627118644
E00184817,123,33,10,23,90,75,15,26.82926829268293,8.130081300813007,18.69918699186992,73.17073170731707,60.97560975609756,12.195121951219512
E00184818,165,48,22,26,117,99,18,29.09090909090909,13.333333333333334,15.757575757575756,70.9090909090909,60,10.909090909090908
E00184819,65,20,8,12,45,41,4,30.76923076923077,12.307692307692308,18.461538461538463,69.23076923076923,63.07692307692307,6.153846153846154
