OA,ts0380001,ts0380002,ts0380003,ts0380004,ts0380005,ts0380006,ts0380007,ts0380002_PCT,ts0380003_PCT,ts0380004_PCT,ts0380005_PCT,ts0380006_PCT,ts0380007_PCT
E00085001,239,46,17,29,193,23,170,19.246861924686193,7.112970711297072,12.133891213389122,80.75313807531381,9.623430962343097,71.1297071129707
E00085002,327,46,4,42,281,24,257,14.067278287461773,1.2232415902140672,12.844036697247708,85.93272171253822,7.339449541284404,78.59327217125383
E00085003,296,51,17,34,245,30,215,17.22972972972973,5.743243243243244,11.486486486486488,82.77027027027027,10.135135135135135,72.63513513513513
E00085005,266,46,14,32,220,21,199,17.293233082706767,5.263157894736842,12.030075187969924,82.70676691729322,7.894736842105263,74.81203007518798
E00085006,261,46,19,27,215,21,194,17.624521072796934,7.2796934865900385,10.344827586206897,82.37547892720306,8.045977011494253,74.32950191570882
E00085007,348,63,22,41,285,37,248,18.103448275862068,6.321839080459771,11.781609195402298,81.89655172413794,10.632183908045976,71.26436781609196
E00085008,262,32,14,18,230,20,210,12.213740458015266,5.343511450381679,6.870229007633588,87.78625954198473,7.633587786259542,80.1526717557252
E00085009,145,20,5,15,125,16,109,13.793103448275861,3.4482758620689653,10.344827586206897,86.20689655172413,11.03448275862069,75.17241379310344
E00085010,267,46,13,33,221,22,199,17.228464419475657,4.868913857677903,12.359550561797752,82.77153558052434,8.239700374531834,74.53183520599251
E00085011,227,43,8,35,184,22,162,18.94273127753304,3.524229074889868,15.418502202643172,81.05726872246696,9.691629955947137,71.36563876651982
E00085012,209,45,10,35,164,15,149,21.5311004784689,4.784688995215311,16.74641148325359,78.4688995215311,7.177033492822966,71.29186602870813
E00085013,234,31,10,21,203,19,184,13.247863247863249,4.273504273504273,8.974358974358974,86.75213675213675,8.11965811965812,78.63247863247864
E00085014,268,38,9,29,230,20,210,14.17910447761194,3.3582089552238807,10.820895522388058,85.82089552238806,7.462686567164178,78.35820895522389
E00085015,168,21,8,13,147,7,140,12.5,4.761904761904762,7.738095238095238,87.5,4.166666666666666,83.33333333333334
E00085016,226,18,3,15,208,16,192,7.964601769911504,1.3274336283185841,6.637168141592921,92.03539823008849,7.079646017699115,84.95575221238938
E00085017,229,36,14,22,193,20,173,15.72052401746725,6.11353711790393,9.606986899563319,84.27947598253274,8.73362445414847,75.54585152838428
E00085018,244,21,2,19,223,21,202,8.60655737704918,0.819672131147541,7.786885245901639,91.39344262295081,8.60655737704918,82.78688524590164
E00085019,187,29,7,22,158,17,141,15.508021390374333,3.7433155080213902,11.76470588235294,84.49197860962568,9.090909090909092,75.40106951871658
E00085020,304,51,8,43,253,21,232,16.776315789473685,2.631578947368421,14.144736842105262,83.22368421052632,6.907894736842106,76.31578947368422
E00085021,264,31,15,16,233,17,216,11.742424242424242,5.681818181818182,6.0606060606060606,88.25757575757575,6.4393939393939394,81.81818181818183
E00085022,263,52,17,35,211,18,193,19.771863117870723,6.4638783269961975,13.307984790874524,80.22813688212928,6.844106463878327,73.38403041825094
E00085023,197,29,10,19,168,11,157,14.720812182741117,5.0761421319796955,9.644670050761421,85.27918781725889,5.583756345177665,79.69543147208121
E00085024,103,11,3,8,92,7,85,10.679611650485436,2.912621359223301,7.766990291262135,89.32038834951457,6.796116504854369,82.52427184466019
E00085025,254,33,5,28,221,15,206,12.992125984251967,1.968503937007874,11.023622047244094,87.00787401574803,5.905511811023622,81.10236220472441
E00085026,222,31,8,23,191,16,175,13.963963963963963,3.6036036036036037,10.36036036036036,86.03603603603604,7.207207207207207,78.82882882882883
E00085027,139,24,6,18,115,10,105,17.26618705035971,4.316546762589928,12.949640287769784,82.73381294964028,7.1942446043165464,75.53956834532374
E00085028,146,20,4,16,126,11,115,13.698630136986301,2.73972602739726,10.95890410958904,86.3013698630137,7.534246575342466,78.76712328767124
E00085029,209,33,16,17,176,14,162,15.789473684210526,7.655502392344498,8.133971291866029,84.21052631578947,6.698564593301436,77.51196172248804
E00085030,192,30,11,19,162,20,142,15.625,5.729166666666666,9.895833333333332,84.375,10.416666666666668,73.95833333333334
E00085031,243,42,12,30,201,16,185,17.28395061728395,4.938271604938271,12.345679012345679,82.71604938271605,6.584362139917696,76.13168724279835
E00085032,302,49,16,33,253,24,229,16.225165562913908,5.298013245033113,10.927152317880795,83.77483443708608,7.9470198675496695,75.82781456953643
E00085033,173,29,12,17,144,11,133,16.76300578034682,6.9364161849710975,9.826589595375722,83.23699421965318,6.358381502890173,76.878612716763
E00085034,213,30,12,18,183,14,169,14.084507042253522,5.633802816901409,8.450704225352112,85.91549295774648,6.572769953051644,79.34272300469483
E00085035,263,46,18,28,217,19,198,17.490494296577946,6.844106463878327,10.646387832699618,82.50950570342205,7.224334600760455,75.2851711026616
E00085036,216,31,13,18,185,27,158,14.351851851851851,6.018518518518518,8.333333333333332,85.64814814814815,12.5,73.14814814814815
E00085037,190,33,7,26,157,9,148,17.36842105263158,3.684210526315789,13.684210526315791,82.63157894736842,4.736842105263158,77.89473684210526
E00085038,195,42,18,24,153,12,141,21.53846153846154,9.230769230769232,12.307692307692308,78.46153846153847,6.153846153846154,72.3076923076923
E00085039,192,34,5,29,158,13,145,17.708333333333336,2.604166666666667,15.104166666666666,82.29166666666666,6.770833333333333,75.52083333333334
E00085040,177,55,18,37,122,15,107,31.07344632768362,10.16949152542373,20.903954802259886,68.92655367231639,8.47457627118644,60.451977401129945
E00085041,214,42,18,24,172,21,151,19.626168224299064,8.411214953271028,11.214953271028037,80.37383177570094,9.813084112149532,70.56074766355141
E00085042,159,54,31,23,105,9,96,33.9622641509434,19.49685534591195,14.465408805031446,66.0377358490566,5.660377358490567,60.37735849056604
E00085043,235,47,16,31,188,19,169,20,6.808510638297872,13.191489361702127,80,8.085106382978724,71.91489361702128
E00085044,185,30,13,17,155,14,141,16.216216216216218,7.027027027027027,9.18918918918919,83.78378378378379,7.567567567567568,76.21621621621621
E00085046,224,44,19,25,180,16,164,19.642857142857142,8.482142857142858,11.160714285714286,80.35714285714286,7.142857142857142,73.21428571428571
E00085047,358,43,20,23,315,22,293,12.011173184357542,5.58659217877095,6.424581005586592,87.98882681564247,6.145251396648044,81.84357541899442
E00085048,190,43,17,26,147,16,131,22.63157894736842,8.947368421052632,13.684210526315791,77.36842105263158,8.421052631578947,68.94736842105263
E00085049,249,44,14,30,205,20,185,17.670682730923694,5.622489959839357,12.048192771084338,82.32931726907631,8.032128514056225,74.29718875502009
E00085050,269,43,10,33,226,25,201,15.985130111524162,3.717472118959108,12.267657992565056,84.01486988847584,9.293680297397769,74.72118959107806
E00085051,190,38,19,19,152,22,130,20,10,10,80,11.578947368421053,68.42105263157895
E00085052,128,24,8,16,104,12,92,18.75,6.25,12.5,81.25,9.375,71.875
E00085053,198,41,18,23,157,24,133,20.707070707070706,9.090909090909092,11.616161616161616,79.29292929292929,12.121212121212121,67.17171717171718
E00085054,276,67,31,36,209,18,191,24.27536231884058,11.231884057971014,13.043478260869565,75.72463768115942,6.521739130434782,69.20289855072464
E00085055,237,49,21,28,188,16,172,20.675105485232066,8.860759493670885,11.814345991561181,79.32489451476793,6.751054852320674,72.57383966244726
E00085056,228,36,11,25,192,22,170,15.789473684210526,4.824561403508771,10.964912280701753,84.21052631578947,9.649122807017543,74.56140350877193
E00085057,192,19,4,15,173,12,161,9.895833333333332,2.083333333333333,7.8125,90.10416666666666,6.25,83.85416666666666
E00085058,272,48,22,26,224,23,201,17.647058823529413,8.088235294117647,9.558823529411764,82.35294117647058,8.455882352941178,73.89705882352942
E00085059,221,62,28,34,159,22,137,28.054298642533936,12.669683257918551,15.384615384615385,71.94570135746606,9.95475113122172,61.990950226244344
E00085060,197,24,9,15,173,12,161,12.18274111675127,4.568527918781726,7.614213197969544,87.81725888324873,6.091370558375635,81.7258883248731
E00085061,153,23,9,14,130,8,122,15.032679738562091,5.88235294117647,9.15032679738562,84.9673202614379,5.228758169934641,79.73856209150327
E00085062,178,42,16,26,136,9,127,23.595505617977526,8.98876404494382,14.606741573033707,76.40449438202246,5.056179775280898,71.34831460674157
E00085063,223,41,14,27,182,19,163,18.385650224215247,6.278026905829597,12.10762331838565,81.61434977578476,8.520179372197308,73.09417040358744
E00085064,215,36,13,23,179,17,162,16.74418604651163,6.046511627906977,10.69767441860465,83.25581395348837,7.906976744186046,75.34883720930232
E00085065,160,36,9,27,124,15,109,22.5,5.625,16.875,77.5,9.375,68.125
E00085066,181,32,12,20,149,19,130,17.67955801104972,6.629834254143646,11.049723756906078,82.32044198895028,10.497237569060774,71.8232044198895
E00085067,215,43,16,27,172,21,151,20,7.441860465116279,12.558139534883722,80,9.767441860465116,70.23255813953489
E00085068,240,39,16,23,201,14,187,16.25,6.666666666666667,9.583333333333334,83.75,5.833333333333333,77.91666666666667
E00085069,296,59,19,40,237,13,224,19.93243243243243,6.418918918918918,13.513513513513514,80.06756756756756,4.391891891891892,75.67567567567568
E00085070,227,27,9,18,200,23,177,11.894273127753303,3.9647577092511015,7.929515418502203,88.10572687224669,10.13215859030837,77.97356828193833
E00085071,192,37,12,25,155,16,139,19.270833333333336,6.25,13.020833333333334,80.72916666666666,8.333333333333332,72.39583333333334
E00085072,356,40,16,24,316,33,283,11.235955056179774,4.49438202247191,6.741573033707865,88.76404494382022,9.269662921348315,79.49438202247191
E00085073,175,30,10,20,145,21,124,17.142857142857142,5.714285714285714,11.428571428571429,82.85714285714286,12,70.85714285714285
E00085074,187,44,16,28,143,5,138,23.52941176470588,8.55614973262032,14.973262032085561,76.47058823529412,2.6737967914438503,73.79679144385027
E00085075,245,53,17,36,192,20,172,21.63265306122449,6.938775510204081,14.69387755102041,78.36734693877551,8.16326530612245,70.20408163265306
E00085076,349,61,25,36,288,28,260,17.478510028653297,7.163323782234957,10.315186246418339,82.52148997134671,8.022922636103152,74.49856733524355
E00085077,325,42,18,24,283,20,263,12.923076923076923,5.538461538461538,7.384615384615385,87.07692307692308,6.153846153846154,80.92307692307692
E00085078,260,47,16,31,213,21,192,18.076923076923077,6.153846153846154,11.923076923076923,81.92307692307692,8.076923076923077,73.84615384615385
E00085079,238,48,13,35,190,24,166,20.168067226890756,5.46218487394958,14.705882352941178,79.83193277310924,10.084033613445378,69.74789915966386
E00085080,208,39,13,26,169,22,147,18.75,6.25,12.5,81.25,10.576923076923077,70.67307692307693
E00085081,215,84,39,45,131,22,109,39.06976744186046,18.13953488372093,20.930232558139537,60.93023255813953,10.232558139534884,50.697674418604656
E00085082,203,22,5,17,181,16,165,10.83743842364532,2.4630541871921183,8.374384236453201,89.16256157635468,7.8817733990147785,81.2807881773399
E00085083,268,40,13,27,228,20,208,14.925373134328357,4.850746268656716,10.074626865671641,85.07462686567165,7.462686567164178,77.61194029850746
E00085084,423,84,26,58,339,38,301,19.858156028368796,6.1465721040189125,13.711583924349883,80.1418439716312,8.983451536643026,71.15839243498819
E00085085,287,42,17,25,245,28,217,14.634146341463413,5.923344947735192,8.710801393728223,85.36585365853658,9.75609756097561,75.60975609756098
E00085086,238,36,12,24,202,14,188,15.126050420168067,5.042016806722689,10.084033613445378,84.87394957983193,5.88235294117647,78.99159663865547
E00085087,250,43,9,34,207,22,185,17.2,3.5999999999999996,13.600000000000001,82.8,8.799999999999999,74
E00085088,189,29,11,18,160,17,143,15.343915343915343,5.82010582010582,9.523809523809524,84.65608465608466,8.994708994708994,75.66137566137566
E00085089,346,85,30,55,261,24,237,24.566473988439306,8.670520231213873,15.895953757225435,75.43352601156069,6.9364161849710975,68.4971098265896
E00085090,250,45,19,26,205,20,185,18,7.6,10.4,82,8,74
E00085091,341,100,47,53,241,19,222,29.32551319648094,13.78299120234604,15.542521994134898,70.67448680351906,5.571847507331378,65.10263929618768
E00085092,507,120,59,61,387,28,359,23.668639053254438,11.637080867850099,12.03155818540434,76.33136094674556,5.522682445759369,70.80867850098619
E00085093,349,122,74,48,227,22,205,34.95702005730659,21.20343839541547,13.753581661891118,65.0429799426934,6.303724928366762,58.73925501432665
E00085094,164,60,30,30,104,16,88,36.58536585365854,18.29268292682927,18.29268292682927,63.41463414634146,9.75609756097561,53.65853658536586
E00085095,349,89,38,51,260,19,241,25.501432664756447,10.888252148997136,14.613180515759314,74.49856733524355,5.444126074498568,69.05444126074498
E00085096,302,79,41,38,223,19,204,26.158940397350992,13.57615894039735,12.582781456953644,73.84105960264901,6.291390728476822,67.54966887417218
E00085097,297,88,49,39,209,12,197,29.629629629629626,16.4983164983165,13.131313131313133,70.37037037037037,4.040404040404041,66.32996632996633
E00085098,282,54,18,36,228,25,203,19.148936170212767,6.382978723404255,12.76595744680851,80.85106382978722,8.865248226950355,71.98581560283688
E00085099,263,86,35,51,177,22,155,32.69961977186312,13.307984790874524,19.39163498098859,67.30038022813687,8.365019011406844,58.935361216730044
E00085100,341,80,38,42,261,28,233,23.46041055718475,11.143695014662756,12.316715542521994,76.53958944281524,8.211143695014663,68.32844574780059
E00085101,201,65,37,28,136,11,125,32.33830845771145,18.407960199004975,13.930348258706468,67.66169154228857,5.472636815920398,62.189054726368155
E00085102,284,52,12,40,232,16,216,18.30985915492958,4.225352112676056,14.084507042253522,81.69014084507043,5.633802816901409,76.05633802816901
E00085103,308,46,20,26,262,28,234,14.935064935064934,6.493506493506493,8.441558441558442,85.06493506493507,9.090909090909092,75.97402597402598
E00085104,263,43,16,27,220,18,202,16.34980988593156,6.083650190114068,10.26615969581749,83.65019011406845,6.844106463878327,76.80608365019012
E00085105,298,48,17,31,250,16,234,16.10738255033557,5.704697986577181,10.40268456375839,83.89261744966443,5.369127516778524,78.52348993288591
E00085106,260,48,14,34,212,30,182,18.461538461538463,5.384615384615385,13.076923076923078,81.53846153846153,11.538461538461538,70
E00085107,227,38,13,25,189,15,174,16.740088105726873,5.726872246696035,11.013215859030836,83.25991189427313,6.607929515418502,76.65198237885463
E00085108,223,36,6,30,187,17,170,16.143497757847534,2.690582959641256,13.452914798206278,83.85650224215246,7.623318385650224,76.23318385650224
E00085109,224,39,8,31,185,26,159,17.410714285714285,3.571428571428571,13.839285714285715,82.58928571428571,11.607142857142858,70.98214285714286
E00085110,195,36,13,23,159,11,148,18.461538461538463,6.666666666666667,11.794871794871794,81.53846153846153,5.641025641025641,75.8974358974359
E00085111,214,29,5,24,185,21,164,13.551401869158877,2.336448598130841,11.214953271028037,86.44859813084112,9.813084112149532,76.63551401869158
E00085112,205,38,13,25,167,16,151,18.536585365853657,6.341463414634147,12.195121951219512,81.46341463414633,7.804878048780488,73.65853658536585
E00085113,229,43,18,25,186,20,166,18.777292576419214,7.860262008733625,10.91703056768559,81.22270742358079,8.73362445414847,72.48908296943232
E00085114,242,93,63,30,149,16,133,38.429752066115704,26.033057851239672,12.396694214876034,61.57024793388429,6.6115702479338845,54.958677685950406
E00085115,243,64,23,41,179,13,166,26.337448559670783,9.465020576131687,16.872427983539097,73.66255144032921,5.349794238683128,68.3127572016461
E00085116,219,58,25,33,161,12,149,26.48401826484018,11.415525114155251,15.068493150684931,73.51598173515981,5.47945205479452,68.0365296803653
E00085117,348,111,57,54,237,22,215,31.896551724137932,16.379310344827587,15.517241379310345,68.10344827586206,6.321839080459771,61.7816091954023
E00085118,257,74,42,32,183,14,169,28.793774319066145,16.342412451361866,12.45136186770428,71.20622568093385,5.447470817120623,65.75875486381322
E00085119,275,87,50,37,188,12,176,31.636363636363633,18.181818181818183,13.454545454545455,68.36363636363636,4.363636363636364,64
E00085120,250,59,26,33,191,17,174,23.599999999999998,10.4,13.200000000000001,76.4,6.800000000000001,69.6
E00085121,291,77,34,43,214,26,188,26.46048109965636,11.683848797250858,14.776632302405499,73.53951890034365,8.934707903780069,64.60481099656357
E00085122,333,93,47,46,240,15,225,27.927927927927925,14.114114114114114,13.813813813813812,72.07207207207207,4.504504504504505,67.56756756756756
E00085123,317,116,59,57,201,16,185,36.59305993690852,18.61198738170347,17.981072555205046,63.40694006309149,5.047318611987381,58.359621451104104
E00085124,254,81,39,42,173,12,161,31.88976377952756,15.354330708661418,16.535433070866144,68.11023622047244,4.724409448818897,63.38582677165354
E00085125,295,87,49,38,208,16,192,29.491525423728817,16.610169491525422,12.88135593220339,70.50847457627118,5.423728813559322,65.08474576271186
E00085126,314,74,36,38,240,20,220,23.56687898089172,11.464968152866243,12.101910828025478,76.43312101910828,6.369426751592357,70.06369426751591
E00085127,183,74,40,34,109,9,100,40.43715846994536,21.85792349726776,18.579234972677597,59.56284153005464,4.918032786885246,54.644808743169406
E00085128,191,65,27,38,126,11,115,34.031413612565444,14.136125654450263,19.895287958115183,65.96858638743456,5.7591623036649215,60.20942408376963
E00085129,247,69,31,38,178,24,154,27.93522267206478,12.550607287449392,15.384615384615385,72.06477732793523,9.7165991902834,62.34817813765182
E00085130,241,80,44,36,161,15,146,33.19502074688796,18.25726141078838,14.937759336099585,66.80497925311202,6.224066390041494,60.58091286307054
E00085131,262,34,8,26,228,30,198,12.977099236641221,3.0534351145038165,9.923664122137405,87.02290076335878,11.450381679389313,75.57251908396947
E00085132,348,106,67,39,242,21,221,30.45977011494253,19.25287356321839,11.206896551724139,69.54022988505747,6.0344827586206895,63.50574712643679
E00085133,305,82,38,44,223,9,214,26.885245901639344,12.459016393442624,14.426229508196723,73.11475409836066,2.9508196721311477,70.16393442622952
E00085134,214,77,34,43,137,6,131,35.981308411214954,15.887850467289718,20.093457943925234,64.01869158878505,2.803738317757009,61.21495327102804
E00085135,286,85,47,38,201,9,192,29.72027972027972,16.433566433566433,13.286713286713287,70.27972027972028,3.146853146853147,67.13286713286713
E00085136,261,35,13,22,226,17,209,13.409961685823754,4.980842911877394,8.42911877394636,86.59003831417624,6.513409961685824,80.07662835249042
E00085137,334,71,27,44,263,22,241,21.25748502994012,8.08383233532934,13.17365269461078,78.74251497005989,6.58682634730539,72.15568862275448
E00085138,363,69,32,37,294,30,264,19.00826446280992,8.81542699724518,10.192837465564738,80.99173553719008,8.264462809917356,72.72727272727273
E00085139,284,39,15,24,245,15,230,13.732394366197184,5.28169014084507,8.450704225352112,86.26760563380282,5.28169014084507,80.98591549295774
E00085140,217,70,39,31,147,10,137,32.25806451612903,17.972350230414747,14.285714285714285,67.74193548387096,4.6082949308755765,63.133640552995395
E00085141,384,59,32,27,325,45,280,15.364583333333334,8.333333333333332,7.03125,84.63541666666666,11.71875,72.91666666666666
E00085142,189,81,48,33,108,15,93,42.857142857142854,25.396825396825395,17.46031746031746,57.14285714285714,7.936507936507936,49.2063492063492
E00085143,375,62,19,43,313,26,287,16.53333333333333,5.066666666666666,11.466666666666667,83.46666666666667,6.933333333333333,76.53333333333333
E00085144,209,60,22,38,149,15,134,28.708133971291865,10.526315789473683,18.181818181818183,71.29186602870813,7.177033492822966,64.11483253588517
E00085146,280,51,19,32,229,23,206,18.21428571428571,6.785714285714286,11.428571428571429,81.78571428571428,8.214285714285714,73.57142857142858
E00085147,212,36,12,24,176,20,156,16.9811320754717,5.660377358490567,11.320754716981133,83.01886792452831,9.433962264150944,73.58490566037736
E00085148,310,30,11,19,280,33,247,9.67741935483871,3.5483870967741935,6.129032258064516,90.32258064516128,10.64516129032258,79.6774193548387
E00085149,306,40,13,27,266,31,235,13.071895424836603,4.248366013071895,8.823529411764707,86.9281045751634,10.130718954248366,76.79738562091504
E00085150,359,83,49,34,276,26,250,23.119777158774372,13.649025069637883,9.47075208913649,76.88022284122563,7.242339832869081,69.63788300835655
E00085151,396,87,50,37,309,21,288,21.96969696969697,12.626262626262626,9.343434343434344,78.03030303030303,5.303030303030303,72.72727272727273
E00085152,205,81,46,35,124,9,115,39.51219512195122,22.439024390243905,17.073170731707318,60.48780487804878,4.390243902439024,56.09756097560976
E00085153,313,30,9,21,283,26,257,9.584664536741213,2.8753993610223643,6.7092651757188495,90.41533546325878,8.30670926517572,82.10862619808307
E00085154,251,38,16,22,213,20,193,15.139442231075698,6.374501992031872,8.764940239043826,84.86055776892431,7.968127490039841,76.89243027888446
E00085155,223,39,7,32,184,21,163,17.48878923766816,3.1390134529147984,14.349775784753364,82.51121076233184,9.417040358744394,73.09417040358744
E00085156,417,58,22,36,359,30,329,13.908872901678656,5.275779376498801,8.633093525179856,86.09112709832134,7.1942446043165464,78.8968824940048
E00085157,299,77,38,39,222,22,200,25.75250836120401,12.709030100334449,13.043478260869565,74.24749163879598,7.357859531772576,66.88963210702342
E00085158,215,29,3,26,186,10,176,13.488372093023257,1.3953488372093024,12.093023255813954,86.51162790697674,4.651162790697675,81.86046511627907
E00085159,165,32,11,21,133,21,112,19.393939393939394,6.666666666666667,12.727272727272727,80.60606060606061,12.727272727272727,67.87878787878789
E00085160,327,30,10,20,297,29,268,9.174311926605505,3.058103975535168,6.116207951070336,90.82568807339449,8.868501529051988,81.9571865443425
E00085161,217,35,13,22,182,11,171,16.129032258064516,5.990783410138248,10.138248847926267,83.87096774193549,5.0691244239631335,78.80184331797236
E00085162,268,22,3,19,246,21,225,8.208955223880597,1.1194029850746268,7.08955223880597,91.7910447761194,7.835820895522389,83.95522388059702
E00085163,278,48,11,37,230,14,216,17.26618705035971,3.9568345323741005,13.309352517985612,82.73381294964028,5.0359712230215825,77.6978417266187
E00085164,214,39,16,23,175,24,151,18.22429906542056,7.476635514018691,10.74766355140187,81.77570093457945,11.214953271028037,70.56074766355141
E00085165,216,37,6,31,179,15,164,17.12962962962963,2.7777777777777777,14.351851851851851,82.87037037037037,6.944444444444445,75.92592592592592
E00085166,272,29,9,20,243,28,215,10.661764705882353,3.308823529411765,7.352941176470589,89.33823529411765,10.294117647058822,79.04411764705883
E00085167,275,54,17,37,221,14,207,19.636363636363637,6.181818181818182,13.454545454545455,80.36363636363636,5.090909090909091,75.27272727272727
E00085168,232,32,15,17,200,14,186,13.793103448275861,6.4655172413793105,7.327586206896551,86.20689655172413,6.0344827586206895,80.17241379310344
E00085169,360,47,11,36,313,36,277,13.055555555555557,3.0555555555555554,10,86.94444444444444,10,76.94444444444444
E00085170,215,33,16,17,182,18,164,15.348837209302326,7.441860465116279,7.906976744186046,84.65116279069768,8.372093023255815,76.27906976744187
E00085171,105,59,34,25,46,6,40,56.19047619047619,32.38095238095238,23.809523809523807,43.80952380952381,5.714285714285714,38.095238095238095
E00085172,217,29,13,16,188,16,172,13.36405529953917,5.990783410138248,7.373271889400922,86.63594470046083,7.373271889400922,79.26267281105991
E00085173,297,25,12,13,272,21,251,8.417508417508419,4.040404040404041,4.377104377104377,91.58249158249158,7.07070707070707,84.51178451178451
E00085174,184,20,3,17,164,10,154,10.869565217391305,1.6304347826086956,9.239130434782608,89.13043478260869,5.434782608695652,83.69565217391305
E00085175,273,48,20,28,225,18,207,17.582417582417584,7.326007326007327,10.256410256410255,82.41758241758241,6.593406593406594,75.82417582417582
E00085176,310,44,13,31,266,27,239,14.193548387096774,4.193548387096775,10,85.80645161290322,8.709677419354838,77.09677419354838
E00085177,199,37,15,22,162,17,145,18.592964824120603,7.537688442211055,11.055276381909549,81.4070351758794,8.542713567839195,72.8643216080402
E00085178,291,49,15,34,242,16,226,16.83848797250859,5.154639175257731,11.683848797250858,83.16151202749141,5.498281786941581,77.66323024054984
E00085179,221,44,16,28,177,24,153,19.90950226244344,7.239819004524888,12.669683257918551,80.09049773755656,10.85972850678733,69.23076923076923
E00085180,248,46,16,30,202,13,189,18.548387096774192,6.451612903225806,12.096774193548388,81.45161290322581,5.241935483870968,76.20967741935483
E00085181,316,49,16,33,267,17,250,15.50632911392405,5.063291139240507,10.443037974683545,84.49367088607595,5.379746835443038,79.11392405063292
E00085182,211,35,16,19,176,14,162,16.587677725118482,7.5829383886255926,9.004739336492891,83.41232227488152,6.6350710900473935,76.77725118483413
E00085183,241,55,19,36,186,12,174,22.821576763485478,7.883817427385892,14.937759336099585,77.17842323651453,4.979253112033195,72.19917012448133
E00085184,208,24,11,13,184,12,172,11.538461538461538,5.288461538461538,6.25,88.46153846153845,5.769230769230769,82.6923076923077
E00085185,203,34,9,25,169,17,152,16.748768472906402,4.433497536945813,12.31527093596059,83.2512315270936,8.374384236453201,74.8768472906404
E00085186,228,28,9,19,200,20,180,12.280701754385964,3.9473684210526314,8.333333333333332,87.71929824561403,8.771929824561402,78.94736842105263
E00085187,162,42,19,23,120,13,107,25.925925925925924,11.728395061728394,14.19753086419753,74.07407407407408,8.024691358024691,66.0493827160494
E00085188,272,40,17,23,232,19,213,14.705882352941178,6.25,8.455882352941178,85.29411764705883,6.985294117647059,78.30882352941177
E00085189,286,61,21,40,225,10,215,21.328671328671327,7.3426573426573425,13.986013986013987,78.67132867132867,3.4965034965034967,75.17482517482517
E00085190,256,48,16,32,208,25,183,18.75,6.25,12.5,81.25,9.765625,71.484375
E00085191,210,35,11,24,175,15,160,16.666666666666664,5.238095238095238,11.428571428571429,83.33333333333334,7.142857142857142,76.19047619047619
E00085192,420,87,45,42,333,30,303,20.714285714285715,10.714285714285714,10,79.28571428571428,7.142857142857142,72.14285714285714
E00085193,313,55,29,26,258,30,228,17.57188498402556,9.26517571884984,8.30670926517572,82.42811501597444,9.584664536741213,72.84345047923323
E00085194,289,33,13,20,256,25,231,11.418685121107266,4.498269896193772,6.920415224913495,88.58131487889274,8.650519031141869,79.93079584775087
E00085195,276,54,22,32,222,36,186,19.565217391304348,7.971014492753622,11.594202898550725,80.43478260869566,13.043478260869565,67.3913043478261
E00085196,285,53,17,36,232,16,216,18.596491228070175,5.964912280701754,12.631578947368421,81.40350877192982,5.614035087719298,75.78947368421053
E00085197,306,61,19,42,245,25,220,19.934640522875817,6.209150326797386,13.725490196078432,80.06535947712419,8.169934640522875,71.89542483660131
E00085198,296,55,25,30,241,12,229,18.58108108108108,8.445945945945946,10.135135135135135,81.41891891891892,4.054054054054054,77.36486486486487
E00085199,370,52,15,37,318,29,289,14.054054054054054,4.054054054054054,10,85.94594594594595,7.837837837837839,78.10810810810811
E00085200,220,56,20,36,164,14,150,25.454545454545453,9.090909090909092,16.363636363636363,74.54545454545455,6.363636363636363,68.18181818181817
E00085201,408,109,54,55,299,26,273,26.715686274509803,13.23529411764706,13.480392156862745,73.2843137254902,6.372549019607843,66.91176470588235
E00085202,359,113,47,66,246,18,228,31.47632311977716,13.09192200557103,18.384401114206128,68.52367688022284,5.013927576601671,63.50974930362116
E00085203,268,65,27,38,203,19,184,24.253731343283583,10.074626865671641,14.17910447761194,75.74626865671642,7.08955223880597,68.65671641791045
E00085204,239,44,19,25,195,20,175,18.410041841004183,7.949790794979079,10.460251046025103,81.58995815899581,8.368200836820083,73.22175732217573
E00085205,306,47,21,26,259,23,236,15.359477124183007,6.862745098039216,8.49673202614379,84.640522875817,7.516339869281046,77.12418300653596
E00085206,366,73,35,38,293,24,269,19.94535519125683,9.562841530054644,10.382513661202186,80.05464480874316,6.557377049180328,73.49726775956285
E00085207,353,49,17,32,304,24,280,13.881019830028329,4.815864022662889,9.06515580736544,86.11898016997166,6.79886685552408,79.3201133144476
E00085208,316,39,10,29,277,24,253,12.341772151898734,3.1645569620253164,9.177215189873419,87.65822784810126,7.59493670886076,80.0632911392405
E00085209,457,64,20,44,393,26,367,14.00437636761488,4.3763676148796495,9.62800875273523,85.99562363238512,5.689277899343545,80.30634573304157
E00085210,397,49,12,37,348,27,321,12.34256926952141,3.022670025188917,9.319899244332493,87.6574307304786,6.801007556675064,80.85642317380352
E00085211,312,61,29,32,251,19,232,19.55128205128205,9.294871794871796,10.256410256410255,80.44871794871796,6.089743589743589,74.35897435897436
E00085212,333,49,16,33,284,23,261,14.714714714714713,4.804804804804805,9.90990990990991,85.28528528528528,6.906906906906906,78.37837837837837
E00085213,407,130,69,61,277,22,255,31.941031941031937,16.953316953316953,14.987714987714988,68.05896805896806,5.405405405405405,62.65356265356266
E00085214,378,52,16,36,326,24,302,13.756613756613756,4.232804232804233,9.523809523809524,86.24338624338624,6.349206349206349,79.8941798941799
E00085215,296,54,21,33,242,32,210,18.243243243243242,7.094594594594595,11.14864864864865,81.75675675675676,10.81081081081081,70.94594594594594
E00085216,315,92,43,49,223,15,208,29.20634920634921,13.65079365079365,15.555555555555555,70.7936507936508,4.761904761904762,66.03174603174602
E00085217,308,82,47,35,226,22,204,26.623376623376622,15.259740259740258,11.363636363636363,73.37662337662337,7.142857142857142,66.23376623376623
E00085218,410,60,22,38,350,34,316,14.634146341463413,5.365853658536586,9.268292682926829,85.36585365853658,8.292682926829269,77.07317073170732
E00085219,292,86,45,41,206,15,191,29.45205479452055,15.41095890410959,14.04109589041096,70.54794520547945,5.136986301369863,65.41095890410958
E00085220,330,77,44,33,253,17,236,23.333333333333332,13.333333333333334,10,76.66666666666667,5.151515151515151,71.51515151515152
E00085221,271,73,34,39,198,18,180,26.937269372693727,12.546125461254611,14.391143911439114,73.06273062730627,6.642066420664207,66.42066420664207
E00085222,327,54,24,30,273,23,250,16.51376146788991,7.339449541284404,9.174311926605505,83.4862385321101,7.033639143730887,76.45259938837921
E00085223,302,84,41,43,218,12,206,27.81456953642384,13.57615894039735,14.23841059602649,72.18543046357617,3.9735099337748347,68.21192052980133
E00085224,279,45,21,24,234,25,209,16.129032258064516,7.526881720430108,8.60215053763441,83.87096774193549,8.960573476702509,74.91039426523297
E00085225,377,103,44,59,274,22,252,27.320954907161806,11.671087533156498,15.649867374005305,72.67904509283821,5.835543766578249,66.84350132625994
E00085226,296,45,21,24,251,20,231,15.202702702702704,7.094594594594595,8.108108108108109,84.7972972972973,6.756756756756757,78.04054054054053
E00085227,320,84,43,41,236,18,218,26.25,13.4375,12.812499999999998,73.75,5.625,68.125
E00085228,403,71,26,45,332,25,307,17.617866004962778,6.451612903225806,11.166253101736972,82.38213399503722,6.20347394540943,76.1786600496278
E00085229,252,67,29,38,185,18,167,26.58730158730159,11.507936507936508,15.079365079365079,73.4126984126984,7.142857142857142,66.26984126984127
E00085230,300,60,33,27,240,21,219,20,11,9,80,7.000000000000001,73
E00085231,187,53,26,27,134,17,117,28.342245989304814,13.903743315508022,14.43850267379679,71.65775401069519,9.090909090909092,62.56684491978609
E00085232,281,46,23,23,235,27,208,16.370106761565836,8.185053380782918,8.185053380782918,83.62989323843416,9.608540925266903,74.02135231316726
E00085233,347,54,25,29,293,25,268,15.561959654178676,7.204610951008646,8.357348703170029,84.43804034582134,7.204610951008646,77.23342939481267
E00085234,363,74,35,39,289,17,272,20.385674931129476,9.641873278236915,10.743801652892563,79.61432506887053,4.683195592286501,74.93112947658402
E00085235,360,80,37,43,280,15,265,22.22222222222222,10.277777777777777,11.944444444444445,77.77777777777779,4.166666666666666,73.61111111111111
E00085236,261,51,19,32,210,18,192,19.54022988505747,7.2796934865900385,12.260536398467432,80.45977011494253,6.896551724137931,73.5632183908046
E00085237,357,89,44,45,268,21,247,24.92997198879552,12.324929971988796,12.605042016806722,75.07002801120449,5.88235294117647,69.187675070028
E00085238,359,67,18,49,292,32,260,18.662952646239557,5.013927576601671,13.649025069637883,81.33704735376045,8.913649025069638,72.42339832869081
E00085239,327,48,17,31,279,26,253,14.678899082568808,5.198776758409786,9.480122324159021,85.3211009174312,7.951070336391437,77.37003058103976
E00085240,310,30,12,18,280,15,265,9.67741935483871,3.870967741935484,5.806451612903226,90.32258064516128,4.838709677419355,85.48387096774194
E00085241,353,54,29,25,299,31,268,15.29745042492918,8.21529745042493,7.0821529745042495,84.70254957507082,8.78186968838527,75.92067988668555
E00085242,314,45,13,32,269,24,245,14.331210191082802,4.140127388535031,10.191082802547772,85.6687898089172,7.643312101910828,78.02547770700637
E00085243,517,164,65,99,353,51,302,31.721470019342355,12.572533849129593,19.148936170212767,68.27852998065764,9.864603481624759,58.41392649903289
E00085244,339,75,26,49,264,33,231,22.123893805309734,7.669616519174041,14.454277286135694,77.87610619469027,9.734513274336283,68.14159292035397
E00085245,256,52,17,35,204,21,183,20.3125,6.640625,13.671875,79.6875,8.203125,71.484375
E00085246,276,84,42,42,192,18,174,30.434782608695656,15.217391304347828,15.217391304347828,69.56521739130434,6.521739130434782,63.04347826086957
E00085247,276,60,25,35,216,26,190,21.73913043478261,9.057971014492754,12.681159420289855,78.26086956521739,9.420289855072465,68.84057971014492
E00085248,362,57,16,41,305,31,274,15.745856353591158,4.41988950276243,11.32596685082873,84.25414364640883,8.56353591160221,75.69060773480662
E00085249,379,71,20,51,308,26,282,18.733509234828496,5.277044854881266,13.456464379947231,81.26649076517151,6.860158311345646,74.40633245382587
E00085250,497,116,41,75,381,40,341,23.340040241448694,8.249496981891348,15.090543259557343,76.65995975855131,8.048289738430583,68.61167002012073
E00085251,275,51,10,41,224,20,204,18.545454545454547,3.6363636363636362,14.909090909090908,81.45454545454545,7.2727272727272725,74.18181818181819
E00085252,294,40,15,25,254,24,230,13.60544217687075,5.1020408163265305,8.503401360544217,86.39455782312925,8.16326530612245,78.2312925170068
E00085253,332,53,7,46,279,34,245,15.963855421686745,2.108433734939759,13.855421686746988,84.03614457831326,10.240963855421686,73.79518072289156
E00085254,247,60,31,29,187,16,171,24.291497975708502,12.550607287449392,11.740890688259109,75.7085020242915,6.477732793522267,69.23076923076923
E00085255,228,32,7,25,196,25,171,14.035087719298245,3.070175438596491,10.964912280701753,85.96491228070175,10.964912280701753,75
E00085256,337,74,28,46,263,21,242,21.958456973293767,8.30860534124629,13.649851632047477,78.04154302670622,6.231454005934718,71.81008902077151
E00085257,338,49,11,38,289,29,260,14.497041420118343,3.2544378698224854,11.242603550295858,85.50295857988166,8.579881656804734,76.92307692307693
E00085258,304,36,4,32,268,34,234,11.842105263157894,1.3157894736842104,10.526315789473683,88.1578947368421,11.18421052631579,76.97368421052632
E00085259,402,61,9,52,341,39,302,15.17412935323383,2.2388059701492535,12.935323383084576,84.82587064676616,9.701492537313433,75.12437810945273
E00085260,273,85,38,47,188,14,174,31.135531135531135,13.91941391941392,17.216117216117215,68.86446886446886,5.128205128205128,63.73626373626373
E00085261,320,44,19,25,276,28,248,13.750000000000002,5.9375,7.8125,86.25,8.75,77.5
E00085262,324,51,15,36,273,21,252,15.74074074074074,4.62962962962963,11.11111111111111,84.25925925925925,6.481481481481481,77.77777777777779
E00085263,335,85,33,52,250,20,230,25.37313432835821,9.850746268656717,15.522388059701491,74.6268656716418,5.970149253731343,68.65671641791045
E00085264,352,50,21,29,302,31,271,14.204545454545455,5.965909090909091,8.238636363636363,85.79545454545455,8.806818181818182,76.98863636363636
E00085265,297,46,12,34,251,23,228,15.488215488215488,4.040404040404041,11.447811447811448,84.51178451178451,7.744107744107744,76.76767676767676
E00085266,507,91,20,71,416,47,369,17.94871794871795,3.9447731755424065,14.003944773175542,82.05128205128204,9.270216962524655,72.7810650887574
E00085267,344,66,13,53,278,26,252,19.186046511627907,3.77906976744186,15.406976744186046,80.81395348837209,7.55813953488372,73.25581395348837
E00085268,250,45,14,31,205,23,182,18,5.6000000000000005,12.4,82,9.2,72.8
E00085269,340,52,8,44,288,34,254,15.294117647058824,2.3529411764705883,12.941176470588237,84.70588235294117,10,74.70588235294117
E00085270,285,55,20,35,230,34,196,19.298245614035086,7.017543859649122,12.280701754385964,80.7017543859649,11.929824561403509,68.77192982456141
E00085271,206,46,9,37,160,21,139,22.330097087378643,4.368932038834951,17.96116504854369,77.66990291262135,10.194174757281553,67.47572815533981
E00085272,433,78,14,64,355,42,313,18.013856812933028,3.233256351039261,14.780600461893764,81.98614318706697,9.699769053117784,72.2863741339492
E00085273,320,69,15,54,251,27,224,21.5625,4.6875,16.875,78.4375,8.4375,70
E00085274,356,40,10,30,316,28,288,11.235955056179774,2.8089887640449436,8.426966292134832,88.76404494382022,7.865168539325842,80.89887640449437
E00085275,375,74,13,61,301,42,259,19.733333333333334,3.4666666666666663,16.266666666666666,80.26666666666667,11.200000000000001,69.06666666666666
E00085276,404,87,31,56,317,23,294,21.534653465346533,7.673267326732673,13.861386138613863,78.46534653465346,5.693069306930694,72.77227722772277
E00085277,377,49,14,35,328,23,305,12.9973474801061,3.7135278514588856,9.283819628647215,87.0026525198939,6.10079575596817,80.90185676392572
E00085278,273,43,11,32,230,25,205,15.75091575091575,4.029304029304029,11.72161172161172,84.24908424908425,9.157509157509157,75.0915750915751
E00085279,253,70,29,41,183,19,164,27.66798418972332,11.462450592885375,16.205533596837945,72.33201581027669,7.5098814229249005,64.82213438735178
E00085280,343,37,11,26,306,37,269,10.787172011661808,3.206997084548105,7.580174927113703,89.21282798833819,10.787172011661808,78.4256559766764
E00085281,281,48,17,31,233,20,213,17.08185053380783,6.049822064056939,11.032028469750891,82.91814946619218,7.11743772241993,75.80071174377224
E00085282,291,75,32,43,216,17,199,25.773195876288657,10.996563573883162,14.776632302405499,74.22680412371135,5.841924398625429,68.38487972508591
E00085283,254,49,10,39,205,18,187,19.291338582677163,3.937007874015748,15.354330708661418,80.70866141732283,7.086614173228346,73.62204724409449
E00085284,291,28,7,21,263,21,242,9.621993127147768,2.405498281786942,7.216494845360824,90.37800687285224,7.216494845360824,83.16151202749141
E00085285,248,44,7,37,204,20,184,17.741935483870968,2.82258064516129,14.919354838709678,82.25806451612904,8.064516129032258,74.19354838709677
E00085286,481,124,68,56,357,23,334,25.779625779625782,14.137214137214137,11.642411642411643,74.22037422037423,4.781704781704782,69.43866943866944
E00085287,288,36,11,25,252,34,218,12.5,3.8194444444444446,8.680555555555555,87.5,11.805555555555555,75.69444444444444
E00085288,284,57,15,42,227,28,199,20.070422535211268,5.28169014084507,14.788732394366196,79.92957746478874,9.859154929577464,70.07042253521126
E00085289,399,65,13,52,334,32,302,16.290726817042607,3.258145363408521,13.032581453634084,83.70927318295739,8.020050125313283,75.6892230576441
E00085290,255,48,11,37,207,17,190,18.823529411764707,4.313725490196078,14.50980392156863,81.17647058823529,6.666666666666667,74.50980392156863
E00085291,288,48,13,35,240,20,220,16.666666666666664,4.513888888888888,12.152777777777777,83.33333333333334,6.944444444444445,76.38888888888889
E00085292,300,85,40,45,215,19,196,28.333333333333332,13.333333333333334,15,71.66666666666667,6.333333333333334,65.33333333333333
E00085293,287,79,45,34,208,24,184,27.526132404181187,15.6794425087108,11.846689895470384,72.47386759581882,8.362369337979095,64.11149825783971
E00085294,260,73,30,43,187,15,172,28.076923076923077,11.538461538461538,16.538461538461537,71.92307692307692,5.769230769230769,66.15384615384615
E00085295,479,129,69,60,350,32,318,26.931106471816285,14.40501043841336,12.526096033402922,73.06889352818372,6.6805845511482245,66.38830897703549
E00085296,314,76,22,54,238,25,213,24.203821656050955,7.006369426751593,17.197452229299362,75.79617834394905,7.961783439490445,67.83439490445859
E00085298,292,52,22,30,240,40,200,17.80821917808219,7.534246575342466,10.273972602739725,82.1917808219178,13.698630136986301,68.4931506849315
E00085299,353,44,16,28,309,28,281,12.464589235127479,4.53257790368272,7.932011331444759,87.53541076487252,7.932011331444759,79.60339943342775
E00085300,425,59,22,37,366,41,325,13.882352941176471,5.176470588235294,8.705882352941176,86.11764705882354,9.647058823529411,76.47058823529412
E00085301,341,65,26,39,276,31,245,19.06158357771261,7.624633431085044,11.436950146627565,80.93841642228739,9.090909090909092,71.8475073313783
E00085302,427,58,22,36,369,25,344,13.583138173302109,5.152224824355972,8.430913348946136,86.41686182669788,5.85480093676815,80.56206088992974
E00085303,326,84,49,35,242,23,219,25.766871165644172,15.030674846625766,10.736196319018406,74.23312883435584,7.05521472392638,67.17791411042946
E00085304,395,102,48,54,293,25,268,25.82278481012658,12.151898734177214,13.670886075949367,74.17721518987341,6.329113924050633,67.84810126582278
E00085305,402,50,15,35,352,44,308,12.437810945273633,3.731343283582089,8.706467661691542,87.56218905472637,10.945273631840797,76.61691542288557
E00085306,327,43,17,26,284,27,257,13.149847094801222,5.198776758409786,7.951070336391437,86.85015290519877,8.256880733944955,78.59327217125383
E00085307,352,86,43,43,266,23,243,24.431818181818183,12.215909090909092,12.215909090909092,75.56818181818183,6.534090909090909,69.0340909090909
E00085308,324,67,19,48,257,16,241,20.679012345679013,5.864197530864197,14.814814814814813,79.32098765432099,4.938271604938271,74.38271604938271
E00085309,450,69,16,53,381,25,356,15.333333333333332,3.5555555555555554,11.777777777777777,84.66666666666667,5.555555555555555,79.11111111111111
E00085310,379,41,6,35,338,33,305,10.817941952506596,1.58311345646438,9.234828496042216,89.18205804749341,8.70712401055409,80.47493403693932
E00085311,531,72,19,53,459,34,425,13.559322033898304,3.5781544256120528,9.981167608286253,86.4406779661017,6.4030131826742,80.0376647834275
E00085312,300,68,36,32,232,30,202,22.666666666666664,12,10.666666666666668,77.33333333333333,10,67.33333333333333
E00085313,316,52,13,39,264,24,240,16.455696202531644,4.113924050632911,12.341772151898734,83.54430379746836,7.59493670886076,75.9493670886076
E00085314,383,56,12,44,327,25,302,14.621409921671018,3.1331592689295036,11.488250652741515,85.37859007832898,6.527415143603134,78.85117493472585
E00085315,303,70,34,36,233,17,216,23.1023102310231,11.221122112211221,11.881188118811881,76.89768976897689,5.6105610561056105,71.28712871287128
E00085316,310,73,32,41,237,33,204,23.548387096774192,10.32258064516129,13.225806451612904,76.45161290322581,10.64516129032258,65.80645161290323
E00085317,265,68,31,37,197,26,171,25.660377358490567,11.69811320754717,13.962264150943396,74.33962264150942,9.811320754716983,64.52830188679245
E00085318,413,125,58,67,288,28,260,30.26634382566586,14.043583535108958,16.222760290556902,69.73365617433413,6.779661016949152,62.95399515738499
E00085319,188,95,60,35,93,12,81,50.53191489361703,31.914893617021278,18.617021276595743,49.46808510638298,6.382978723404255,43.08510638297872
E00085320,578,139,52,87,439,31,408,24.048442906574394,8.996539792387544,15.051903114186851,75.9515570934256,5.3633217993079585,70.58823529411765
E00085323,436,70,22,48,366,26,340,16.055045871559635,5.045871559633028,11.009174311926607,83.94495412844036,5.963302752293578,77.98165137614679
E00085324,327,57,24,33,270,23,247,17.431192660550458,7.339449541284404,10.091743119266056,82.56880733944955,7.033639143730887,75.53516819571865
E00085325,363,64,34,30,299,21,278,17.63085399449036,9.366391184573002,8.264462809917356,82.36914600550963,5.785123966942149,76.5840220385675
E00085326,318,68,31,37,250,20,230,21.38364779874214,9.748427672955975,11.635220125786164,78.61635220125787,6.289308176100629,72.32704402515722
E00085327,281,51,25,26,230,17,213,18.14946619217082,8.896797153024911,9.252669039145907,81.85053380782918,6.049822064056939,75.80071174377224
E00085328,176,75,38,37,101,8,93,42.61363636363637,21.59090909090909,21.022727272727273,57.38636363636363,4.545454545454546,52.84090909090909
E00085329,243,99,54,45,144,5,139,40.74074074074074,22.22222222222222,18.51851851851852,59.25925925925925,2.05761316872428,57.20164609053497
E00085330,170,53,29,24,117,10,107,31.176470588235293,17.058823529411764,14.117647058823529,68.82352941176471,5.88235294117647,62.94117647058823
E00085331,338,70,31,39,268,23,245,20.710059171597635,9.171597633136095,11.538461538461538,79.28994082840237,6.8047337278106506,72.48520710059172
E00085332,360,91,24,67,269,22,247,25.27777777777778,6.666666666666667,18.61111111111111,74.72222222222223,6.111111111111111,68.61111111111111
E00085333,386,119,60,59,267,19,248,30.82901554404145,15.544041450777202,15.284974093264248,69.17098445595855,4.922279792746114,64.24870466321244
E00085334,402,85,36,49,317,25,292,21.144278606965177,8.955223880597014,12.189054726368159,78.85572139303483,6.218905472636816,72.636815920398
E00085335,402,99,38,61,303,22,281,24.62686567164179,9.45273631840796,15.17412935323383,75.3731343283582,5.472636815920398,69.90049751243781
E00085336,297,89,44,45,208,13,195,29.96632996632997,14.814814814814813,15.151515151515152,70.03367003367003,4.377104377104377,65.65656565656566
E00085337,432,72,20,52,360,35,325,16.666666666666664,4.62962962962963,12.037037037037036,83.33333333333334,8.101851851851851,75.23148148148148
E00085338,380,109,51,58,271,28,243,28.68421052631579,13.421052631578947,15.263157894736842,71.3157894736842,7.368421052631578,63.94736842105263
E00085339,323,96,62,34,227,26,201,29.721362229102166,19.195046439628484,10.526315789473683,70.27863777089783,8.04953560371517,62.22910216718266
E00085340,283,100,48,52,183,13,170,35.3356890459364,16.96113074204947,18.374558303886925,64.66431095406361,4.593639575971731,60.07067137809188
E00085341,313,86,47,39,227,17,210,27.47603833865815,15.015974440894569,12.460063897763577,72.52396166134186,5.431309904153355,67.0926517571885
E00085342,389,103,44,59,286,18,268,26.47814910025707,11.311053984575835,15.167095115681233,73.52185089974293,4.627249357326478,68.89460154241645
E00085343,442,110,57,53,332,31,301,24.8868778280543,12.895927601809957,11.990950226244344,75.1131221719457,7.013574660633484,68.09954751131222
E00085344,389,126,50,76,263,24,239,32.390745501285345,12.853470437017995,19.53727506426735,67.60925449871465,6.169665809768637,61.43958868894601
E00085345,333,86,31,55,247,24,223,25.825825825825827,9.30930930930931,16.516516516516518,74.17417417417418,7.207207207207207,66.96696696696696
E00085346,346,96,47,49,250,17,233,27.74566473988439,13.583815028901732,14.16184971098266,72.25433526011561,4.913294797687861,67.34104046242774
E00085347,334,88,44,44,246,26,220,26.34730538922156,13.17365269461078,13.17365269461078,73.65269461077844,7.784431137724551,65.86826347305389
E00085348,396,92,32,60,304,17,287,23.232323232323232,8.080808080808081,15.151515151515152,76.76767676767676,4.292929292929292,72.47474747474747
E00085349,280,63,24,39,217,14,203,22.5,8.571428571428571,13.928571428571429,77.5,5,72.5
E00085350,232,79,40,39,153,15,138,34.05172413793103,17.24137931034483,16.810344827586206,65.94827586206897,6.4655172413793105,59.48275862068966
E00085351,335,87,43,44,248,20,228,25.970149253731346,12.835820895522387,13.134328358208954,74.02985074626865,5.970149253731343,68.05970149253731
E00085352,305,62,30,32,243,16,227,20.327868852459016,9.836065573770492,10.491803278688524,79.67213114754098,5.245901639344262,74.42622950819671
E00085353,181,60,30,30,121,8,113,33.14917127071823,16.574585635359114,16.574585635359114,66.85082872928176,4.41988950276243,62.430939226519335
E00085354,317,89,38,51,228,19,209,28.075709779179807,11.987381703470032,16.08832807570978,71.92429022082018,5.993690851735016,65.93059936908517
E00085355,413,100,48,52,313,17,296,24.213075060532688,11.62227602905569,12.590799031477,75.78692493946731,4.116222760290557,71.67070217917676
E00085356,368,98,35,63,270,23,247,26.6304347826087,9.510869565217392,17.119565217391305,73.36956521739131,6.25,67.11956521739131
E00085357,363,82,36,46,281,19,262,22.58953168044077,9.917355371900827,12.672176308539946,77.41046831955923,5.234159779614325,72.1763085399449
E00085358,375,87,39,48,288,31,257,23.200000000000003,10.4,12.8,76.8,8.266666666666666,68.53333333333333
E00085359,433,112,41,71,321,22,299,25.86605080831409,9.468822170900692,16.397228637413395,74.13394919168591,5.080831408775981,69.05311778290994
E00085360,314,52,19,33,262,32,230,16.560509554140125,6.050955414012739,10.509554140127388,83.43949044585987,10.191082802547772,73.24840764331209
E00085361,352,59,20,39,293,26,267,16.761363636363637,5.681818181818182,11.079545454545455,83.23863636363636,7.386363636363637,75.85227272727273
E00085362,425,92,38,54,333,23,310,21.64705882352941,8.941176470588236,12.705882352941176,78.3529411764706,5.411764705882352,72.94117647058823
E00085363,393,89,31,58,304,33,271,22.646310432569976,7.888040712468193,14.75826972010178,77.35368956743002,8.396946564885496,68.95674300254453
E00085364,209,88,62,26,121,8,113,42.10526315789473,29.665071770334926,12.440191387559809,57.89473684210527,3.827751196172249,54.066985645933016
E00085365,360,74,31,43,286,24,262,20.555555555555554,8.61111111111111,11.944444444444445,79.44444444444444,6.666666666666667,72.77777777777777
E00085366,322,52,13,39,270,24,246,16.149068322981368,4.037267080745342,12.111801242236025,83.85093167701864,7.453416149068323,76.3975155279503
E00085367,365,50,18,32,315,41,274,13.698630136986301,4.931506849315069,8.767123287671232,86.3013698630137,11.232876712328768,75.06849315068493
E00085368,578,96,26,70,482,51,431,16.608996539792386,4.498269896193772,12.110726643598616,83.39100346020761,8.823529411764707,74.5674740484429
E00085369,563,110,35,75,453,56,397,19.538188277087034,6.216696269982238,13.321492007104796,80.46181172291297,9.946714031971581,70.51509769094139
E00085370,394,76,16,60,318,27,291,19.289340101522843,4.060913705583756,15.228426395939088,80.71065989847716,6.852791878172589,73.85786802030458
E00085371,447,68,6,62,379,28,351,15.212527964205815,1.342281879194631,13.870246085011187,84.78747203579418,6.263982102908278,78.52348993288591
E00085372,376,53,15,38,323,33,290,14.095744680851062,3.9893617021276597,10.106382978723403,85.90425531914893,8.77659574468085,77.12765957446808
E00085373,273,63,17,46,210,20,190,23.076923076923077,6.227106227106227,16.84981684981685,76.92307692307693,7.326007326007327,69.59706959706959
E00085374,258,49,19,30,209,17,192,18.992248062015506,7.3643410852713185,11.627906976744185,81.0077519379845,6.5891472868217065,74.4186046511628
E00085376,273,68,36,32,205,25,180,24.90842490842491,13.186813186813188,11.72161172161172,75.0915750915751,9.157509157509157,65.93406593406593
E00085377,376,64,24,40,312,31,281,17.02127659574468,6.382978723404255,10.638297872340425,82.97872340425532,8.24468085106383,74.7340425531915
E00085378,306,48,17,31,258,26,232,15.686274509803921,5.555555555555555,10.130718954248366,84.31372549019608,8.49673202614379,75.81699346405229
E00085379,270,37,13,24,233,19,214,13.703703703703704,4.814814814814815,8.88888888888889,86.29629629629629,7.037037037037037,79.25925925925927
E00085380,367,57,30,27,310,19,291,15.531335149863759,8.174386920980927,7.3569482288828345,84.46866485013625,5.177111716621254,79.291553133515
E00085381,354,64,23,41,290,28,262,18.07909604519774,6.497175141242938,11.581920903954803,81.92090395480226,7.909604519774012,74.01129943502825
E00085383,351,54,14,40,297,35,262,15.384615384615385,3.9886039886039883,11.396011396011396,84.61538461538461,9.971509971509972,74.64387464387464
E00085384,279,48,23,25,231,18,213,17.20430107526882,8.24372759856631,8.960573476702509,82.79569892473118,6.451612903225806,76.34408602150538
E00085385,409,53,18,35,356,30,326,12.95843520782396,4.400977995110025,8.557457212713937,87.04156479217605,7.334963325183375,79.70660146699267
E00085386,237,44,18,26,193,22,171,18.565400843881857,7.59493670886076,10.970464135021098,81.43459915611815,9.282700421940929,72.15189873417721
E00085387,177,38,18,20,139,13,126,21.468926553672315,10.16949152542373,11.299435028248588,78.53107344632768,7.344632768361582,71.1864406779661
E00085388,283,44,13,31,239,15,224,15.547703180212014,4.593639575971731,10.954063604240282,84.45229681978799,5.30035335689046,79.15194346289752
E00085389,201,63,30,33,138,19,119,31.343283582089555,14.925373134328357,16.417910447761194,68.65671641791045,9.45273631840796,59.20398009950249
E00085390,205,37,17,20,168,22,146,18.048780487804876,8.292682926829269,9.75609756097561,81.95121951219512,10.731707317073171,71.21951219512195
E00085391,298,59,31,28,239,22,217,19.798657718120804,10.40268456375839,9.395973154362416,80.20134228187919,7.38255033557047,72.81879194630872
E00085392,284,81,45,36,203,14,189,28.52112676056338,15.845070422535212,12.676056338028168,71.47887323943662,4.929577464788732,66.54929577464789
E00085393,320,45,17,28,275,29,246,14.0625,5.3125,8.75,85.9375,9.0625,76.875
E00085394,201,24,8,16,177,16,161,11.940298507462686,3.9800995024875623,7.960199004975125,88.05970149253731,7.960199004975125,80.09950248756219
E00085395,303,45,18,27,258,28,230,14.85148514851485,5.9405940594059405,8.91089108910891,85.14851485148515,9.24092409240924,75.9075907590759
E00085396,267,93,44,49,174,12,162,34.831460674157306,16.479400749063668,18.352059925093634,65.1685393258427,4.49438202247191,60.67415730337079
E00085397,329,63,32,31,266,24,242,19.148936170212767,9.72644376899696,9.422492401215806,80.85106382978722,7.29483282674772,73.55623100303951
E00085398,293,68,35,33,225,12,213,23.208191126279864,11.945392491467576,11.262798634812286,76.79180887372013,4.09556313993174,72.6962457337884
E00085399,259,61,23,38,198,16,182,23.552123552123554,8.880308880308881,14.671814671814673,76.44787644787645,6.177606177606178,70.27027027027027
E00085400,311,75,38,37,236,19,217,24.115755627009648,12.218649517684888,11.89710610932476,75.88424437299035,6.109324758842444,69.77491961414792
E00085401,250,41,23,18,209,24,185,16.400000000000002,9.2,7.199999999999999,83.6,9.6,74
E00085402,356,63,32,31,293,26,267,17.696629213483146,8.98876404494382,8.707865168539326,82.30337078651685,7.303370786516854,75
E00085403,340,66,27,39,274,34,240,19.411764705882355,7.941176470588235,11.470588235294118,80.58823529411765,10,70.58823529411765
E00085404,345,47,19,28,298,21,277,13.623188405797102,5.507246376811594,8.115942028985506,86.37681159420289,6.086956521739131,80.28985507246377
E00085405,270,48,14,34,222,18,204,17.77777777777778,5.185185185185185,12.592592592592592,82.22222222222221,6.666666666666667,75.55555555555556
E00085406,254,38,10,28,216,17,199,14.960629921259844,3.937007874015748,11.023622047244094,85.03937007874016,6.692913385826772,78.34645669291339
E00085407,305,39,18,21,266,26,240,12.786885245901638,5.901639344262295,6.885245901639345,87.21311475409837,8.524590163934425,78.68852459016394
E00085408,371,59,20,39,312,32,280,15.902964959568733,5.3908355795148255,10.512129380053908,84.09703504043127,8.62533692722372,75.47169811320755
E00085409,283,46,16,30,237,25,212,16.25441696113074,5.6537102473498235,10.60070671378092,83.74558303886926,8.8339222614841,74.91166077738515
E00085410,321,46,15,31,275,18,257,14.330218068535824,4.672897196261682,9.657320872274143,85.66978193146417,5.607476635514018,80.06230529595015
E00085411,345,45,15,30,300,30,270,13.043478260869565,4.3478260869565215,8.695652173913043,86.95652173913044,8.695652173913043,78.26086956521739
E00085412,379,61,31,30,318,23,295,16.094986807387862,8.179419525065963,7.9155672823219,83.90501319261213,6.068601583113456,77.83641160949868
E00085413,322,37,14,23,285,30,255,11.490683229813664,4.3478260869565215,7.142857142857142,88.50931677018633,9.316770186335404,79.19254658385093
E00085414,325,58,21,37,267,37,230,17.846153846153847,6.461538461538462,11.384615384615385,82.15384615384616,11.384615384615385,70.76923076923077
E00085415,354,75,28,47,279,30,249,21.1864406779661,7.909604519774012,13.27683615819209,78.8135593220339,8.47457627118644,70.33898305084746
E00085416,333,82,43,39,251,29,222,24.624624624624623,12.912912912912914,11.711711711711711,75.37537537537537,8.708708708708707,66.66666666666666
E00085417,308,36,10,26,272,29,243,11.688311688311687,3.2467532467532463,8.441558441558442,88.31168831168831,9.415584415584416,78.8961038961039
E00085418,362,70,26,44,292,22,270,19.337016574585636,7.18232044198895,12.154696132596685,80.66298342541437,6.077348066298343,74.58563535911603
E00085419,361,67,20,47,294,17,277,18.559556786703602,5.540166204986149,13.019390581717452,81.4404432132964,4.7091412742382275,76.73130193905817
E00085420,307,47,21,26,260,29,231,15.309446254071663,6.840390879478828,8.469055374592834,84.69055374592834,9.446254071661238,75.2442996742671
E00085421,354,57,19,38,297,31,266,16.101694915254235,5.367231638418079,10.734463276836157,83.89830508474576,8.757062146892656,75.14124293785311
E00085422,304,46,18,28,258,31,227,15.131578947368421,5.921052631578947,9.210526315789473,84.86842105263158,10.197368421052632,74.67105263157895
E00085423,280,62,32,30,218,18,200,22.142857142857142,11.428571428571429,10.714285714285714,77.85714285714286,6.428571428571428,71.42857142857143
E00085424,387,86,37,49,301,24,277,22.22222222222222,9.560723514211885,12.661498708010335,77.77777777777779,6.2015503875969,71.57622739018088
E00085425,309,58,30,28,251,17,234,18.77022653721683,9.70873786407767,9.06148867313916,81.22977346278317,5.501618122977346,75.72815533980582
E00085426,341,52,21,31,289,35,254,15.249266862170089,6.158357771260997,9.090909090909092,84.75073313782991,10.263929618768328,74.48680351906158
E00085427,329,57,19,38,272,23,249,17.325227963525837,5.775075987841945,11.55015197568389,82.67477203647417,6.990881458966565,75.6838905775076
E00085428,261,49,18,31,212,21,191,18.773946360153257,6.896551724137931,11.877394636015326,81.22605363984674,8.045977011494253,73.18007662835248
E00085429,295,29,13,16,266,27,239,9.830508474576272,4.406779661016949,5.423728813559322,90.16949152542372,9.152542372881356,81.01694915254237
E00085430,335,63,30,33,272,28,244,18.80597014925373,8.955223880597014,9.850746268656717,81.19402985074626,8.358208955223882,72.83582089552239
E00085431,258,47,17,30,211,21,190,18.217054263565892,6.5891472868217065,11.627906976744185,81.78294573643412,8.13953488372093,73.64341085271317
E00085432,336,52,18,34,284,30,254,15.476190476190476,5.357142857142857,10.119047619047619,84.52380952380952,8.928571428571429,75.59523809523809
E00085433,279,132,93,39,147,18,129,47.31182795698925,33.33333333333333,13.978494623655912,52.68817204301075,6.451612903225806,46.236559139784944
E00085434,342,62,25,37,280,34,246,18.128654970760234,7.309941520467836,10.818713450292398,81.87134502923976,9.941520467836257,71.9298245614035
E00085435,281,43,10,33,238,12,226,15.302491103202847,3.558718861209965,11.743772241992882,84.69750889679716,4.270462633451958,80.42704626334519
E00085436,270,42,13,29,228,23,205,15.555555555555555,4.814814814814815,10.74074074074074,84.44444444444444,8.518518518518519,75.92592592592592
E00085437,304,63,25,38,241,30,211,20.723684210526315,8.223684210526317,12.5,79.27631578947368,9.868421052631579,69.4078947368421
E00085438,298,50,13,37,248,26,222,16.778523489932887,4.3624161073825505,12.416107382550337,83.22147651006712,8.724832214765101,74.49664429530202
E00085439,318,40,15,25,278,23,255,12.578616352201259,4.716981132075472,7.861635220125786,87.42138364779875,7.232704402515723,80.18867924528303
E00085440,353,46,18,28,307,30,277,13.031161473087819,5.099150141643059,7.932011331444759,86.96883852691218,8.498583569405099,78.47025495750708
E00085441,352,51,13,38,301,23,278,14.488636363636365,3.6931818181818183,10.795454545454545,85.51136363636364,6.534090909090909,78.97727272727273
E00085442,283,44,8,36,239,21,218,15.547703180212014,2.8268551236749118,12.7208480565371,84.45229681978799,7.420494699646643,77.03180212014135
E00085443,322,43,22,21,279,18,261,13.354037267080745,6.832298136645963,6.521739130434782,86.64596273291926,5.590062111801243,81.05590062111801
E00085444,311,49,12,37,262,21,241,15.755627009646304,3.858520900321544,11.89710610932476,84.2443729903537,6.752411575562702,77.491961414791
E00085445,259,50,13,37,209,19,190,19.305019305019304,5.019305019305019,14.285714285714285,80.6949806949807,7.335907335907336,73.35907335907336
E00085446,140,57,37,20,83,10,73,40.714285714285715,26.42857142857143,14.285714285714285,59.285714285714285,7.142857142857142,52.142857142857146
E00085447,375,41,16,25,334,39,295,10.933333333333334,4.266666666666667,6.666666666666667,89.06666666666668,10.4,78.66666666666666
E00085448,310,40,16,24,270,31,239,12.903225806451612,5.161290322580645,7.741935483870968,87.09677419354838,10,77.09677419354838
E00085449,331,64,21,43,267,20,247,19.335347432024168,6.3444108761329305,12.990936555891238,80.66465256797582,6.042296072507553,74.62235649546828
E00085450,368,57,22,35,311,27,284,15.489130434782608,5.978260869565218,9.510869565217392,84.51086956521739,7.336956521739131,77.17391304347827
E00085451,242,39,18,21,203,15,188,16.115702479338843,7.43801652892562,8.677685950413224,83.88429752066115,6.198347107438017,77.68595041322314
E00085452,236,48,26,22,188,19,169,20.33898305084746,11.016949152542372,9.322033898305085,79.66101694915254,8.050847457627118,71.61016949152543
E00085453,339,58,23,35,281,19,262,17.10914454277286,6.784660766961652,10.32448377581121,82.89085545722715,5.604719764011799,77.28613569321534
E00085454,402,44,17,27,358,28,330,10.945273631840797,4.228855721393035,6.7164179104477615,89.05472636815921,6.965174129353234,82.08955223880598
E00085455,349,45,8,37,304,22,282,12.893982808022923,2.292263610315186,10.601719197707736,87.10601719197709,6.303724928366762,80.80229226361033
E00085456,414,73,18,55,341,33,308,17.632850241545896,4.3478260869565215,13.285024154589372,82.3671497584541,7.971014492753622,74.39613526570048
E00085457,337,38,10,28,299,27,272,11.275964391691394,2.967359050445104,8.30860534124629,88.72403560830861,8.011869436201781,80.71216617210682
E00085458,376,31,10,21,345,24,321,8.24468085106383,2.6595744680851063,5.585106382978723,91.75531914893617,6.382978723404255,85.37234042553192
E00085459,248,42,17,25,206,15,191,16.93548387096774,6.854838709677419,10.080645161290322,83.06451612903226,6.048387096774194,77.01612903225806
E00085460,344,41,8,33,303,28,275,11.918604651162791,2.3255813953488373,9.593023255813954,88.0813953488372,8.13953488372093,79.94186046511628
E00085461,319,42,9,33,277,30,247,13.166144200626958,2.8213166144200628,10.344827586206897,86.83385579937304,9.404388714733543,77.4294670846395
E00085463,205,32,15,17,173,15,158,15.609756097560975,7.317073170731707,8.292682926829269,84.39024390243902,7.317073170731707,77.07317073170732
E00085464,281,41,13,28,240,18,222,14.590747330960854,4.6263345195729535,9.9644128113879,85.40925266903915,6.405693950177936,79.00355871886121
E00085465,251,32,11,21,219,22,197,12.749003984063744,4.382470119521913,8.366533864541832,87.25099601593625,8.764940239043826,78.48605577689243
E00085466,562,74,25,49,488,42,446,13.167259786476867,4.448398576512456,8.718861209964412,86.83274021352312,7.473309608540925,79.35943060498221
E00085467,315,42,11,31,273,24,249,13.333333333333334,3.492063492063492,9.841269841269842,86.66666666666667,7.6190476190476195,79.04761904761905
E00085468,549,75,22,53,474,42,432,13.661202185792352,4.007285974499089,9.65391621129326,86.33879781420765,7.650273224043716,78.68852459016394
E00085469,174,30,12,18,144,24,120,17.24137931034483,6.896551724137931,10.344827586206897,82.75862068965517,13.793103448275861,68.96551724137932
E00085470,281,34,5,29,247,24,223,12.099644128113878,1.7793594306049825,10.320284697508896,87.90035587188612,8.540925266903916,79.35943060498221
E00085471,277,27,13,14,250,23,227,9.747292418772563,4.693140794223827,5.054151624548736,90.25270758122743,8.303249097472925,81.94945848375451
E00085472,258,32,10,22,226,16,210,12.4031007751938,3.875968992248062,8.527131782945736,87.59689922480621,6.2015503875969,81.3953488372093
E00085473,286,33,7,26,253,25,228,11.538461538461538,2.4475524475524475,9.090909090909092,88.46153846153845,8.741258741258742,79.72027972027972
E00085474,302,38,13,25,264,26,238,12.582781456953644,4.304635761589404,8.27814569536424,87.41721854304636,8.609271523178808,78.80794701986756
E00085475,261,25,8,17,236,23,213,9.578544061302683,3.065134099616858,6.513409961685824,90.42145593869732,8.812260536398467,81.60919540229885
E00085476,317,26,8,18,291,24,267,8.201892744479496,2.5236593059936907,5.678233438485805,91.7981072555205,7.570977917981073,84.22712933753942
E00085477,309,29,8,21,280,37,243,9.385113268608414,2.5889967637540456,6.796116504854369,90.614886731391593,11.974110032362459,78.64077669902912
E00085478,266,18,3,15,248,21,227,6.7669172932330826,1.1278195488721803,5.639097744360902,93.23308270676691,7.894736842105263,85.33834586466166
E00085479,258,22,6,16,236,25,211,8.527131782945736,2.3255813953488373,6.2015503875969,91.47286821705426,9.689922480620156,81.78294573643412
E00085480,308,61,17,44,247,24,223,19.805194805194805,5.51948051948052,14.285714285714285,80.1948051948052,7.792207792207792,72.40259740259741
E00085481,123,46,23,23,77,9,68,37.39837398373984,18.69918699186992,18.69918699186992,62.601626016260155,7.317073170731707,55.28455284552846
E00085482,246,39,11,28,207,24,183,15.853658536585366,4.471544715447155,11.38211382113821,84.14634146341463,9.75609756097561,74.39024390243902
E00085483,312,46,18,28,266,35,231,14.743589743589745,5.769230769230769,8.974358974358974,85.25641025641025,11.217948717948719,74.03846153846155
E00085484,227,25,8,17,202,14,188,11.013215859030836,3.524229074889868,7.488986784140969,88.98678414096916,6.167400881057269,82.81938325991189
E00085485,287,83,51,32,204,18,186,28.9198606271777,17.770034843205575,11.149825783972126,71.0801393728223,6.2717770034843205,64.80836236933798
E00085486,169,24,0,24,145,13,132,14.201183431952662,0,14.201183431952662,85.79881656804734,7.6923076923076925,78.10650887573965
E00085487,335,55,16,39,280,33,247,16.417910447761194,4.776119402985075,11.641791044776118,83.5820895522388,9.850746268656717,73.73134328358208
E00085488,185,44,25,19,141,9,132,23.783783783783786,13.513513513513514,10.27027027027027,76.21621621621621,4.864864864864865,71.35135135135135
E00085489,274,48,10,38,226,34,192,17.51824817518248,3.64963503649635,13.86861313868613,82.48175182481752,12.408759124087592,70.07299270072993
E00085490,246,35,18,17,211,19,192,14.227642276422763,7.317073170731707,6.910569105691057,85.77235772357723,7.723577235772358,78.04878048780488
E00085491,494,54,11,43,440,47,393,10.931174089068826,2.2267206477732793,8.704453441295547,89.06882591093117,9.51417004048583,79.55465587044534
E00085492,276,36,15,21,240,17,223,13.043478260869565,5.434782608695652,7.608695652173914,86.95652173913044,6.159420289855073,80.79710144927536
E00085493,337,87,29,58,250,20,230,25.816023738872403,8.605341246290802,17.210682492581604,74.1839762611276,5.934718100890208,68.24925816023739
E00085494,304,45,9,36,259,28,231,14.802631578947366,2.9605263157894735,11.842105263157894,85.19736842105263,9.210526315789473,75.98684210526315
E00085495,301,32,14,18,269,16,253,10.631229235880399,4.651162790697675,5.980066445182724,89.3687707641196,5.3156146179401995,84.0531561461794
E00085496,311,57,19,38,254,26,228,18.327974276527332,6.109324758842444,12.218649517684888,81.67202572347267,8.360128617363344,73.31189710610933
E00085497,360,60,18,42,300,33,267,16.666666666666664,5,11.666666666666666,83.33333333333334,9.166666666666666,74.16666666666667
E00085498,422,72,26,46,350,29,321,17.061611374407583,6.161137440758294,10.90047393364929,82.93838862559242,6.872037914691943,76.06635071090048
E00085499,283,47,15,32,236,20,216,16.607773851590103,5.30035335689046,11.307420494699647,83.3922261484099,7.06713780918728,76.32508833922262
E00085500,315,60,19,41,255,29,226,19.047619047619047,6.031746031746032,13.015873015873018,80.95238095238095,9.206349206349207,71.74603174603175
E00085501,249,33,2,31,216,21,195,13.253012048192772,0.8032128514056224,12.449799196787147,86.74698795180723,8.433734939759036,78.3132530120482
E00085502,300,31,7,24,269,24,245,10.333333333333334,2.3333333333333335,8,89.66666666666666,8,81.66666666666667
E00085503,263,48,11,37,215,14,201,18.250950570342205,4.182509505703422,14.068441064638785,81.74904942965779,5.323193916349809,76.42585551330798
E00085504,280,42,13,29,238,22,216,15,4.642857142857143,10.357142857142858,85,7.857142857142857,77.14285714285715
E00085505,256,45,12,33,211,20,191,17.578125,4.6875,12.890625,82.421875,7.8125,74.609375
E00085506,584,100,26,74,484,47,437,17.123287671232877,4.4520547945205475,12.67123287671233,82.87671232876713,8.047945205479452,74.82876712328768
E00085507,337,90,37,53,247,25,222,26.706231454005934,10.979228486646884,15.727002967359049,73.29376854599407,7.418397626112759,65.8753709198813
E00085508,202,41,14,27,161,15,146,20.2970297029703,6.9306930693069315,13.366336633663368,79.70297029702971,7.425742574257425,72.27722772277228
E00085509,272,110,70,40,162,9,153,40.44117647058824,25.735294117647058,14.705882352941178,59.55882352941176,3.308823529411765,56.25
E00085510,228,55,16,39,173,15,158,24.12280701754386,7.017543859649122,17.105263157894736,75.87719298245614,6.578947368421052,69.2982456140351
E00085511,218,33,12,21,185,9,176,15.137614678899084,5.5045871559633035,9.63302752293578,84.86238532110092,4.128440366972478,80.73394495412845
E00085512,331,102,48,54,229,26,203,30.815709969788518,14.501510574018129,16.314199395770395,69.18429003021149,7.854984894259818,61.329305135951664
E00085513,241,39,9,30,202,28,174,16.182572614107883,3.7344398340248963,12.448132780082988,83.81742738589212,11.618257261410788,72.19917012448133
E00085514,286,77,51,26,209,12,197,26.923076923076923,17.832167832167833,9.090909090909092,73.07692307692307,4.195804195804196,68.88111888111888
E00085515,298,51,20,31,247,20,227,17.114093959731544,6.7114093959731544,10.40268456375839,82.88590604026845,6.7114093959731544,76.1744966442953
E00085516,597,143,47,96,454,39,415,23.953098827470686,7.872696817420436,16.08040201005025,76.04690117252932,6.532663316582915,69.5142378559464
E00085517,268,54,24,30,214,19,195,20.149253731343283,8.955223880597014,11.194029850746269,79.8507462686567,7.08955223880597,72.76119402985076
E00085518,241,91,49,42,150,12,138,37.75933609958506,20.33195020746888,17.42738589211618,62.24066390041494,4.979253112033195,57.26141078838174
E00085519,208,25,10,15,183,20,163,12.01923076923077,4.807692307692308,7.211538461538461,87.98076923076923,9.615384615384617,78.36538461538461
E00085520,272,31,4,27,241,26,215,11.397058823529411,1.4705882352941175,9.926470588235293,88.60294117647058,9.558823529411764,79.04411764705883
E00085521,392,53,17,36,339,42,297,13.520408163265307,4.336734693877551,9.183673469387756,86.4795918367347,10.714285714285714,75.76530612244898
E00085522,161,67,37,30,94,8,86,41.61490683229814,22.981366459627328,18.633540372670808,58.38509316770186,4.968944099378882,53.41614906832298
E00085523,302,44,13,31,258,26,232,14.56953642384106,4.304635761589404,10.264900662251655,85.43046357615894,8.609271523178808,76.82119205298014
E00085524,147,58,32,26,89,10,79,39.455782312925166,21.768707482993197,17.687074829931973,60.544217687074834,6.802721088435375,53.74149659863946
E00085525,312,58,29,29,254,28,226,18.58974358974359,9.294871794871796,9.294871794871796,81.41025641025641,8.974358974358974,72.43589743589743
E00085526,254,61,29,32,193,28,165,24.015748031496063,11.41732283464567,12.598425196850393,75.98425196850394,11.023622047244094,64.96062992125984
E00085527,364,74,22,52,290,26,264,20.32967032967033,6.043956043956044,14.285714285714285,79.67032967032966,7.142857142857142,72.52747252747253
E00085528,492,89,30,59,403,51,352,18.089430894308943,6.097560975609756,11.991869918699187,81.91056910569105,10.365853658536585,71.54471544715447
E00085529,259,68,31,37,191,14,177,26.254826254826252,11.96911196911197,14.285714285714285,73.74517374517374,5.405405405405405,68.33976833976834
E00085530,424,94,34,60,330,20,310,22.169811320754718,8.018867924528301,14.150943396226415,77.83018867924528,4.716981132075472,73.11320754716981
E00085531,279,76,32,44,203,16,187,27.24014336917563,11.469534050179211,15.770609318996415,72.75985663082437,5.734767025089606,67.02508960573476
E00085532,299,100,62,38,199,26,173,33.44481605351171,20.735785953177256,12.709030100334449,66.5551839464883,8.695652173913043,57.859531772575245
E00085533,246,39,14,25,207,12,195,15.853658536585366,5.691056910569105,10.16260162601626,84.14634146341463,4.878048780487805,79.26829268292683
E00085534,182,120,85,35,62,4,58,65.93406593406593,46.7032967032967,19.230769230769234,34.065934065934066,2.197802197802198,31.868131868131865
E00085535,234,68,35,33,166,20,146,29.059829059829063,14.957264957264957,14.102564102564102,70.94017094017094,8.547008547008547,62.39316239316239
E00085536,261,112,76,36,149,14,135,42.911877394636015,29.118773946360154,13.793103448275861,57.08812260536399,5.363984674329502,51.724137931034484
E00085537,188,30,8,22,158,15,143,15.957446808510639,4.25531914893617,11.702127659574469,84.04255319148936,7.9787234042553195,76.06382978723404
E00085538,229,79,62,17,150,8,142,34.49781659388647,27.074235807860266,7.423580786026202,65.50218340611353,3.4934497816593884,62.00873362445415
E00085539,223,106,67,39,117,18,99,47.53363228699551,30.04484304932735,17.48878923766816,52.46636771300448,8.071748878923767,44.39461883408072
E00085540,146,30,16,14,116,12,104,20.54794520547945,10.95890410958904,9.58904109589041,79.45205479452055,8.21917808219178,71.23287671232876
E00085541,242,47,17,30,195,19,176,19.421487603305785,7.024793388429752,12.396694214876034,80.57851239669421,7.851239669421488,72.72727272727273
E00085542,230,33,7,26,197,17,180,14.347826086956522,3.0434782608695654,11.304347826086957,85.65217391304348,7.391304347826087,78.26086956521739
E00085543,234,43,14,29,191,23,168,18.37606837606838,5.982905982905983,12.393162393162394,81.62393162393163,9.82905982905983,71.7948717948718
E00085544,249,52,13,39,197,18,179,20.883534136546185,5.220883534136546,15.66265060240964,79.11646586345381,7.228915662650602,71.8875502008032
E00085545,276,44,12,32,232,22,210,15.942028985507244,4.3478260869565215,11.594202898550725,84.05797101449275,7.971014492753622,76.08695652173914
E00085546,235,115,58,57,120,14,106,48.93617021276596,24.680851063829788,24.25531914893617,51.06382978723404,5.957446808510639,45.1063829787234
E00085547,217,55,23,32,162,14,148,25.34562211981567,10.599078341013826,14.746543778801843,74.65437788018433,6.451612903225806,68.20276497695853
E00085548,223,55,30,25,168,15,153,24.663677130044842,13.452914798206278,11.210762331838566,75.33632286995515,6.726457399103139,68.60986547085201
E00085549,144,25,11,14,119,12,107,17.36111111111111,7.638888888888889,9.722222222222223,82.63888888888889,8.333333333333332,74.30555555555556
E00085550,209,31,10,21,178,18,160,14.832535885167463,4.784688995215311,10.047846889952153,85.16746411483254,8.61244019138756,76.55502392344498
E00085551,228,32,6,26,196,27,169,14.035087719298245,2.631578947368421,11.403508771929824,85.96491228070175,11.842105263157894,74.12280701754386
E00085552,198,57,29,28,141,8,133,28.78787878787879,14.646464646464647,14.14141414141414,71.21212121212122,4.040404040404041,67.17171717171718
E00085553,206,28,13,15,178,18,160,13.592233009708737,6.310679611650485,7.281553398058252,86.40776699029125,8.737864077669903,77.66990291262135
E00085554,214,68,31,37,146,15,131,31.775700934579437,14.485981308411214,17.289719626168225,68.22429906542055,7.009345794392523,61.21495327102804
E00085555,280,45,12,33,235,19,216,16.071428571428573,4.285714285714286,11.785714285714285,83.92857142857143,6.785714285714286,77.14285714285715
E00085556,191,49,13,36,142,20,122,25.654450261780106,6.806282722513089,18.848167539267017,74.3455497382199,10.471204188481675,63.87434554973822
E00085557,265,50,13,37,215,23,192,18.867924528301888,4.905660377358491,13.962264150943396,81.13207547169812,8.679245283018867,72.45283018867924
E00085558,247,72,42,30,175,10,165,29.1497975708502,17.00404858299595,12.145748987854251,70.8502024291498,4.048582995951417,66.80161943319838
E00085559,207,28,5,23,179,14,165,13.526570048309178,2.4154589371980677,11.11111111111111,86.47342995169082,6.763285024154589,79.71014492753623
E00085560,254,65,32,33,189,15,174,25.590551181102363,12.598425196850393,12.992125984251967,74.40944881889764,5.905511811023622,68.50393700787401
E00085561,237,27,5,22,210,25,185,11.39240506329114,2.109704641350211,9.282700421940929,88.60759493670885,10.548523206751055,78.05907172995781
E00085562,343,69,28,41,274,14,260,20.11661807580175,8.16326530612245,11.9533527696793,79.88338192419825,4.081632653061225,75.80174927113703
E00085563,414,105,34,71,309,33,276,25.36231884057971,8.212560386473431,17.14975845410628,74.63768115942028,7.971014492753622,66.66666666666666
E00085564,292,72,34,38,220,15,205,24.65753424657534,11.643835616438356,13.013698630136986,75.34246575342466,5.136986301369863,70.2054794520548
E00085565,193,28,9,19,165,13,152,14.507772020725387,4.66321243523316,9.844559585492227,85.49222797927462,6.7357512953367875,78.75647668393782
E00085568,233,41,8,33,192,24,168,17.59656652360515,3.4334763948497855,14.163090128755366,82.40343347639485,10.300429184549357,72.1030042918455
E00085569,198,26,8,18,172,30,142,13.131313131313133,4.040404040404041,9.090909090909092,86.86868686868688,15.151515151515152,71.71717171717171
E00085570,314,44,18,26,270,20,250,14.012738853503185,5.7324840764331215,8.280254777070063,85.98726114649682,6.369426751592357,79.61783439490446
E00085571,276,45,10,35,231,22,209,16.304347826086957,3.6231884057971016,12.681159420289855,83.69565217391305,7.971014492753622,75.72463768115942
E00085572,336,67,28,39,269,29,240,19.940476190476193,8.333333333333332,11.607142857142858,80.05952380952381,8.630952380952381,71.42857142857143
E00085573,193,37,13,24,156,14,142,19.170984455958546,6.7357512953367875,12.435233160621761,80.82901554404145,7.253886010362693,73.57512953367875
E00085574,159,19,3,16,140,16,124,11.949685534591195,1.8867924528301887,10.062893081761008,88.0503144654088,10.062893081761008,77.9874213836478
E00085575,344,51,15,36,293,22,271,14.825581395348838,4.3604651162790695,10.465116279069768,85.17441860465115,6.395348837209303,78.77906976744185
E00085576,197,21,8,13,176,15,161,10.65989847715736,4.060913705583756,6.598984771573605,89.34010152284264,7.614213197969544,81.7258883248731
E00085577,295,47,16,31,248,29,219,15.932203389830507,5.423728813559322,10.508474576271185,84.06779661016948,9.830508474576272,74.23728813559322
E00085578,156,23,4,19,133,17,116,14.743589743589745,2.564102564102564,12.179487179487179,85.25641025641025,10.897435897435898,74.35897435897436
E00085579,281,47,16,31,234,15,219,16.72597864768683,5.6939501779359425,11.032028469750891,83.27402135231317,5.338078291814947,77.93594306049823
E00085580,143,23,8,15,120,15,105,16.083916083916083,5.594405594405594,10.48951048951049,83.91608391608392,10.48951048951049,73.42657342657343
E00085581,184,44,16,28,140,16,124,23.91304347826087,8.695652173913043,15.217391304347828,76.08695652173914,8.695652173913043,67.3913043478261
E00085582,244,51,18,33,193,14,179,20.901639344262296,7.377049180327869,13.524590163934427,79.09836065573771,5.737704918032787,73.36065573770492
E00085583,188,27,7,20,161,21,140,14.361702127659576,3.723404255319149,10.638297872340425,85.63829787234043,11.170212765957446,74.46808510638297
E00085584,197,44,17,27,153,17,136,22.33502538071066,8.629441624365482,13.705583756345177,77.66497461928934,8.629441624365482,69.03553299492386
E00085585,156,33,14,19,123,20,103,21.153846153846153,8.974358974358974,12.179487179487179,78.84615384615384,12.82051282051282,66.02564102564102
E00085586,489,74,26,48,415,28,387,15.132924335378323,5.316973415132924,9.815950920245399,84.86707566462167,5.725971370143149,79.14110429447852
E00085587,221,47,26,21,174,18,156,21.266968325791854,11.76470588235294,9.502262443438914,78.73303167420815,8.144796380090497,70.58823529411765
E00085588,228,29,12,17,199,24,175,12.719298245614036,5.263157894736842,7.456140350877193,87.28070175438597,10.526315789473683,76.75438596491229
E00085589,138,21,3,18,117,12,105,15.217391304347828,2.1739130434782608,13.043478260869565,84.78260869565217,8.695652173913043,76.08695652173914
E00085590,231,41,24,17,190,24,166,17.74891774891775,10.38961038961039,7.35930735930736,82.25108225108225,10.38961038961039,71.86147186147186
E00085592,149,55,22,33,94,10,84,36.91275167785235,14.76510067114094,22.14765100671141,63.08724832214765,6.7114093959731544,56.375838926174495
E00085593,225,55,24,31,170,18,152,24.444444444444443,10.666666666666668,13.777777777777779,75.55555555555556,8,67.55555555555556
E00085594,192,34,10,24,158,16,142,17.708333333333336,5.208333333333334,12.5,82.29166666666666,8.333333333333332,73.95833333333334
E00085595,281,35,13,22,246,23,223,12.455516014234876,4.6263345195729535,7.829181494661921,87.54448398576513,8.185053380782918,79.35943060498221
E00085596,280,59,20,39,221,16,205,21.071428571428573,7.142857142857142,13.928571428571429,78.92857142857143,5.714285714285714,73.21428571428571
E00085597,127,22,7,15,105,21,84,17.322834645669293,5.511811023622047,11.811023622047244,82.67716535433071,16.535433070866144,66.14173228346458
E00085598,194,21,4,17,173,23,150,10.824742268041238,2.0618556701030926,8.762886597938143,89.17525773195877,11.855670103092782,77.31958762886599
E00085599,249,45,12,33,204,21,183,18.072289156626507,4.819277108433735,13.253012048192772,81.92771084337349,8.433734939759036,73.49397590361446
E00085600,212,31,7,24,181,13,168,14.622641509433961,3.30188679245283,11.320754716981133,85.37735849056604,6.132075471698113,79.24528301886792
E00085601,194,30,9,21,164,18,146,15.463917525773196,4.639175257731959,10.824742268041238,84.5360824742268,9.278350515463918,75.25773195876289
E00085602,213,47,13,34,166,20,146,22.065727699530516,6.103286384976526,15.96244131455399,77.93427230046949,9.389671361502346,68.54460093896714
E00085603,402,63,22,41,339,27,312,15.671641791044777,5.472636815920398,10.199004975124378,84.32835820895522,6.7164179104477615,77.61194029850746
E00085604,444,55,14,41,389,40,349,12.387387387387387,3.153153153153153,9.234234234234235,87.61261261261262,9.00900900900901,78.6036036036036
E00085605,278,39,10,29,239,20,219,14.028776978417264,3.5971223021582732,10.431654676258994,85.97122302158273,7.1942446043165464,78.77697841726618
E00085606,327,48,13,35,279,21,258,14.678899082568808,3.9755351681957185,10.703363914373089,85.3211009174312,6.422018348623854,78.89908256880734
E00085607,293,48,13,35,245,31,214,16.38225255972696,4.436860068259386,11.945392491467576,83.61774744027304,10.580204778156997,73.03754266211604
E00085608,323,50,18,32,273,16,257,15.479876160990713,5.572755417956656,9.907120743034056,84.52012383900929,4.953560371517028,79.56656346749226
E00085609,418,64,19,45,354,40,314,15.311004784688995,4.545454545454546,10.76555023923445,84.688995215311,9.569377990430622,75.11961722488039
E00085610,389,56,18,38,333,23,310,14.395886889460154,4.627249357326478,9.768637532133676,85.60411311053984,5.912596401028278,79.69151670951156
E00085611,252,34,12,22,218,13,205,13.492063492063492,4.761904761904762,8.73015873015873,86.5079365079365,5.158730158730158,81.34920634920636
E00085612,498,110,70,40,388,34,354,22.08835341365462,14.056224899598394,8.032128514056225,77.91164658634538,6.827309236947792,71.08433734939759
E00085613,128,19,9,10,109,6,103,14.84375,7.03125,7.8125,85.15625,4.6875,80.46875
E00085614,276,47,18,29,229,19,210,17.02898550724638,6.521739130434782,10.507246376811594,82.97101449275362,6.884057971014493,76.08695652173914
E00085615,232,51,24,27,181,31,150,21.982758620689655,10.344827586206897,11.637931034482758,78.01724137931035,13.36206896551724,64.65517241379311
E00085616,256,56,22,34,200,22,178,21.875,8.59375,13.28125,78.125,8.59375,69.53125
E00085617,218,38,12,26,180,21,159,17.431192660550458,5.5045871559633035,11.926605504587156,82.56880733944955,9.63302752293578,72.93577981651376
E00085619,195,41,9,32,154,18,136,21.025641025641026,4.615384615384616,16.41025641025641,78.97435897435898,9.230769230769232,69.74358974358974
E00085620,403,59,18,41,344,22,322,14.640198511166252,4.466501240694789,10.173697270471465,85.35980148883374,5.459057071960298,79.90074441687345
E00085621,235,39,15,24,196,21,175,16.595744680851062,6.382978723404255,10.212765957446807,83.40425531914893,8.936170212765958,74.46808510638297
E00085622,223,29,11,18,194,27,167,13.004484304932735,4.932735426008969,8.071748878923767,86.99551569506725,12.10762331838565,74.88789237668162
E00085623,308,52,13,39,256,22,234,16.883116883116884,4.220779220779221,12.662337662337661,83.11688311688312,7.142857142857142,75.97402597402598
E00085624,199,39,19,20,160,15,145,19.597989949748744,9.547738693467336,10.050251256281408,80.40201005025126,7.537688442211055,72.8643216080402
E00085625,244,40,13,27,204,23,181,16.39344262295082,5.327868852459016,11.065573770491802,83.60655737704919,9.426229508196721,74.18032786885246
E00085626,295,41,17,24,254,22,232,13.898305084745763,5.762711864406779,8.135593220338983,86.10169491525423,7.457627118644068,78.64406779661017
E00085627,187,21,10,11,166,13,153,11.229946524064172,5.347593582887701,5.88235294117647,88.77005347593582,6.951871657754011,81.81818181818183
E00085628,264,57,26,31,207,19,188,21.59090909090909,9.848484848484848,11.742424242424242,78.4090909090909,7.196969696969697,71.21212121212122
E00085630,153,26,13,13,127,6,121,16.99346405228758,8.49673202614379,8.49673202614379,83.00653594771242,3.9215686274509802,79.08496732026144
E00085631,275,52,16,36,223,17,206,18.90909090909091,5.818181818181818,13.090909090909092,81.0909090909091,6.181818181818182,74.90909090909092
E00085632,206,34,15,19,172,17,155,16.50485436893204,7.281553398058252,9.223300970873787,83.49514563106796,8.25242718446602,75.24271844660194
E00085633,266,78,32,46,188,14,174,29.32330827067669,12.030075187969924,17.293233082706767,70.67669172932331,5.263157894736842,65.41353383458647
E00085634,242,56,24,32,186,13,173,23.140495867768596,9.917355371900827,13.223140495867769,76.85950413223141,5.371900826446281,71.48760330578511
E00085635,272,40,10,30,232,19,213,14.705882352941178,3.6764705882352944,11.029411764705882,85.29411764705883,6.985294117647059,78.30882352941177
E00085636,274,32,8,24,242,19,223,11.678832116788321,2.9197080291970803,8.75912408759124,88.32116788321169,6.934306569343065,81.38686131386861
E00085637,294,38,11,27,256,20,236,12.925170068027212,3.741496598639456,9.183673469387756,87.07482993197279,6.802721088435375,80.27210884353741
E00085639,334,93,41,52,241,20,221,27.844311377245507,12.275449101796406,15.568862275449103,72.15568862275448,5.9880239520958085,66.1676646706587
E00085640,255,40,21,19,215,19,196,15.686274509803921,8.235294117647058,7.450980392156863,84.31372549019608,7.450980392156863,76.86274509803923
E00085641,122,13,7,6,109,5,104,10.655737704918032,5.737704918032787,4.918032786885246,89.34426229508196,4.098360655737705,85.24590163934425
E00085642,345,79,39,40,266,31,235,22.89855072463768,11.304347826086957,11.594202898550725,77.10144927536233,8.985507246376812,68.11594202898551
E00085643,354,51,21,30,303,33,270,14.40677966101695,5.932203389830509,8.47457627118644,85.59322033898306,9.322033898305085,76.27118644067797
E00085644,300,69,22,47,231,22,209,23,7.333333333333333,15.666666666666668,77,7.333333333333333,69.66666666666667
E00085645,279,61,27,34,218,20,198,21.863799283154123,9.67741935483871,12.186379928315413,78.13620071684588,7.168458781362006,70.96774193548387
E00085646,271,46,11,35,225,29,196,16.974169741697416,4.059040590405904,12.915129151291513,83.02583025830258,10.70110701107011,72.32472324723247
E00085647,248,52,23,29,196,18,178,20.967741935483872,9.274193548387096,11.693548387096774,79.03225806451613,7.258064516129033,71.7741935483871
E00085648,236,42,18,24,194,15,179,17.796610169491526,7.627118644067797,10.16949152542373,82.20338983050848,6.3559322033898304,75.84745762711864
E00085649,246,49,18,31,197,14,183,19.91869918699187,7.317073170731707,12.601626016260163,80.08130081300813,5.691056910569105,74.39024390243902
E00085650,286,66,25,41,220,18,202,23.076923076923077,8.741258741258742,14.335664335664337,76.92307692307693,6.293706293706294,70.62937062937063
E00085651,299,46,19,27,253,23,230,15.384615384615385,6.354515050167224,9.03010033444816,84.61538461538461,7.6923076923076925,76.92307692307693
E00085652,300,38,16,22,262,25,237,12.666666666666668,5.333333333333334,7.333333333333333,87.33333333333333,8.333333333333332,79
E00085653,303,31,6,25,272,20,252,10.231023102310232,1.9801980198019802,8.25082508250825,89.76897689768977,6.6006600660066,83.16831683168317
E00085654,344,58,21,37,286,25,261,16.86046511627907,6.104651162790697,10.755813953488373,83.13953488372093,7.267441860465117,75.87209302325581
E00085655,323,49,14,35,274,28,246,15.170278637770899,4.3343653250774,10.8359133126935,84.82972136222911,8.6687306501548,76.16099071207431
E00085656,215,42,13,29,173,17,156,19.53488372093023,6.046511627906977,13.488372093023257,80.46511627906978,7.906976744186046,72.55813953488372
E00085657,393,56,14,42,337,44,293,14.249363867684478,3.5623409669211195,10.687022900763358,85.75063613231552,11.195928753180661,74.55470737913485
E00085658,309,74,37,37,235,16,219,23.948220064724918,11.974110032362459,11.974110032362459,76.05177993527508,5.177993527508091,70.87378640776699
E00085659,245,55,25,30,190,21,169,22.448979591836736,10.204081632653061,12.244897959183673,77.55102040816327,8.571428571428571,68.9795918367347
E00085660,227,54,19,35,173,19,154,23.788546255506606,8.370044052863436,15.418502202643172,76.2114537444934,8.370044052863436,67.84140969162996
E00085661,230,44,14,30,186,29,157,19.130434782608695,6.086956521739131,13.043478260869565,80.8695652173913,12.608695652173912,68.26086956521739
E00085662,266,53,19,34,213,19,194,19.924812030075188,7.142857142857142,12.781954887218044,80.07518796992481,7.142857142857142,72.93233082706767
E00085664,175,34,11,23,141,17,124,19.428571428571427,6.2857142857142865,13.142857142857142,80.57142857142857,9.714285714285714,70.85714285714285
E00085665,432,73,21,52,359,36,323,16.89814814814815,4.861111111111112,12.037037037037036,83.10185185185185,8.333333333333332,74.76851851851852
E00085666,301,55,23,32,246,24,222,18.272425249169437,7.641196013289036,10.631229235880399,81.72757475083057,7.973421926910299,73.75415282392026
E00085667,367,114,56,58,253,26,227,31.062670299727518,15.258855585831062,15.803814713896458,68.93732970027247,7.084468664850137,61.85286103542234
E00085668,315,83,24,59,232,24,208,26.34920634920635,7.6190476190476195,18.73015873015873,73.65079365079366,7.6190476190476195,66.03174603174602
E00085669,258,54,11,43,204,17,187,20.930232558139537,4.263565891472868,16.666666666666664,79.06976744186046,6.5891472868217065,72.48062015503875
E00085670,269,54,27,27,215,21,194,20.074349442379184,10.037174721189592,10.037174721189592,79.92565055762083,7.806691449814126,72.11895910780669
E00085671,317,48,11,37,269,34,235,15.141955835962145,3.4700315457413247,11.67192429022082,84.85804416403786,10.725552050473187,74.13249211356468
E00085672,288,49,14,35,239,26,213,17.01388888888889,4.861111111111112,12.152777777777777,82.98611111111111,9.027777777777777,73.95833333333334
E00085673,169,53,30,23,116,10,106,31.360946745562128,17.75147928994083,13.609467455621301,68.63905325443787,5.9171597633136095,62.721893491124256
E00085674,230,44,17,27,186,23,163,19.130434782608695,7.391304347826087,11.73913043478261,80.8695652173913,10,70.86956521739131
E00085675,254,83,41,42,171,11,160,32.677165354330704,16.141732283464567,16.535433070866144,67.32283464566929,4.330708661417323,62.99212598425197
E00085676,200,26,7,19,174,9,165,13,3.5000000000000004,9.5,87,4.5,82.5
E00085677,263,58,24,34,205,14,191,22.0532319391635,9.125475285171103,12.927756653992395,77.9467680608365,5.323193916349809,72.6235741444867
E00085678,486,100,25,75,386,36,350,20.5761316872428,5.1440329218107,15.432098765432098,79.42386831275721,7.4074074074074066,72.0164609053498
E00085679,439,88,22,66,351,50,301,20.045558086560362,5.0113895216400905,15.034168564920272,79.95444191343964,11.389521640091116,68.56492027334852
E00085680,254,42,8,34,212,12,200,16.535433070866144,3.149606299212598,13.385826771653544,83.46456692913385,4.724409448818897,78.74015748031496
E00085682,268,51,22,29,217,24,193,19.029850746268657,8.208955223880597,10.820895522388058,80.97014925373134,8.955223880597014,72.01492537313433
E00085683,305,53,16,37,252,18,234,17.37704918032787,5.245901639344262,12.131147540983607,82.62295081967214,5.901639344262295,76.72131147540983
E00085684,234,22,5,17,212,22,190,9.401709401709402,2.1367521367521367,7.264957264957266,90.5982905982906,9.401709401709402,81.19658119658119
E00085685,257,59,26,33,198,25,173,22.957198443579767,10.116731517509727,12.840466926070038,77.04280155642024,9.72762645914397,67.31517509727627
E00085686,153,60,36,24,93,10,83,39.21568627450981,23.52941176470588,15.686274509803921,60.78431372549019,6.535947712418301,54.248366013071895
E00085687,228,38,11,27,190,20,170,16.666666666666664,4.824561403508771,11.842105263157894,83.33333333333334,8.771929824561402,74.56140350877193
E00085688,223,44,13,31,179,17,162,19.730941704035875,5.829596412556054,13.901345291479823,80.26905829596413,7.623318385650224,72.6457399103139
E00085689,241,34,9,25,207,29,178,14.107883817427386,3.7344398340248963,10.37344398340249,85.89211618257261,12.033195020746888,73.85892116182573
E00085690,190,26,4,22,164,23,141,13.684210526315791,2.1052631578947367,11.578947368421053,86.31578947368422,12.105263157894736,74.21052631578947
E00085691,289,60,14,46,229,23,206,20.761245674740483,4.844290657439446,15.916955017301039,79.23875432525952,7.958477508650519,71.280276816609
E00085692,210,37,11,26,173,27,146,17.61904761904762,5.238095238095238,12.380952380952381,82.38095238095238,12.857142857142856,69.52380952380952
E00085693,148,35,14,21,113,16,97,23.64864864864865,9.45945945945946,14.18918918918919,76.35135135135135,10.81081081081081,65.54054054054053
E00085694,278,42,16,26,236,15,221,15.107913669064748,5.755395683453238,9.352517985611511,84.89208633093526,5.39568345323741,79.49640287769785
E00085695,371,72,25,47,299,32,267,19.40700808625337,6.738544474393531,12.668463611859837,80.59299191374663,8.62533692722372,71.96765498652292
E00085696,286,57,26,31,229,20,209,19.93006993006993,9.090909090909092,10.839160839160838,80.06993006993007,6.993006993006993,73.07692307692307
E00085697,325,59,24,35,266,25,241,18.153846153846153,7.384615384615385,10.76923076923077,81.84615384615384,7.6923076923076925,74.15384615384616
E00085698,335,71,37,34,264,18,246,21.19402985074627,11.044776119402986,10.149253731343283,78.80597014925374,5.3731343283582085,73.43283582089552
E00085699,338,58,12,46,280,26,254,17.159763313609467,3.5502958579881656,13.609467455621301,82.84023668639054,7.6923076923076925,75.14792899408283
E00085700,253,32,10,22,221,31,190,12.648221343873518,3.9525691699604746,8.695652173913043,87.35177865612648,12.25296442687747,75.09881422924902
E00085701,314,57,12,45,257,36,221,18.152866242038215,3.821656050955414,14.331210191082802,81.84713375796179,11.464968152866243,70.38216560509554
E00085702,355,60,12,48,295,32,263,16.901408450704224,3.3802816901408446,13.521126760563378,83.09859154929578,9.014084507042254,74.08450704225352
E00085703,259,37,8,29,222,26,196,14.285714285714285,3.088803088803089,11.196911196911197,85.71428571428571,10.038610038610038,75.67567567567568
E00085704,332,67,13,54,265,27,238,20.180722891566266,3.91566265060241,16.265060240963855,79.81927710843374,8.132530120481928,71.6867469879518
E00085705,257,70,24,46,187,14,173,27.237354085603112,9.33852140077821,17.898832684824903,72.76264591439688,5.447470817120623,67.31517509727627
E00085706,300,64,15,49,236,26,210,21.333333333333336,5,16.333333333333332,78.66666666666666,8.666666666666668,70
E00085707,342,49,15,34,293,27,266,14.327485380116958,4.385964912280701,9.941520467836257,85.67251461988305,7.894736842105263,77.77777777777779
E00085708,507,100,22,78,407,55,352,19.723865877712033,4.339250493096647,15.384615384615385,80.27613412228797,10.848126232741617,69.42800788954635
E00085709,225,39,16,23,186,20,166,17.333333333333336,7.111111111111111,10.222222222222223,82.66666666666667,8.88888888888889,73.77777777777777
E00085710,281,60,20,40,221,17,204,21.352313167259787,7.11743772241993,14.23487544483986,78.64768683274022,6.049822064056939,72.59786476868328
E00085711,310,62,29,33,248,23,225,20,9.35483870967742,10.64516129032258,80,7.419354838709677,72.58064516129032
E00085712,412,74,33,41,338,32,306,17.96116504854369,8.009708737864079,9.951456310679612,82.03883495145631,7.766990291262135,74.27184466019418
E00085713,336,68,28,40,268,32,236,20.238095238095237,8.333333333333332,11.904761904761903,79.76190476190477,9.523809523809524,70.23809523809523
E00085714,328,50,20,30,278,30,248,15.24390243902439,6.097560975609756,9.146341463414634,84.7560975609756,9.146341463414634,75.60975609756098
E00085715,243,54,20,34,189,18,171,22.22222222222222,8.23045267489712,13.991769547325102,77.77777777777779,7.4074074074074066,70.37037037037037
E00085716,256,42,16,26,214,28,186,16.40625,6.25,10.15625,83.59375,10.9375,72.65625
E00085717,281,36,16,20,245,19,226,12.811387900355871,5.6939501779359425,7.11743772241993,87.18861209964413,6.761565836298933,80.42704626334519
E00085718,373,79,39,40,294,17,277,21.179624664879356,10.455764075067025,10.723860589812332,78.82037533512064,4.557640750670242,74.26273458445041
E00085719,271,63,30,33,208,20,188,23.247232472324722,11.07011070110701,12.177121771217712,76.75276752767527,7.380073800738007,69.37269372693727
E00085720,341,46,11,35,295,29,266,13.48973607038123,3.225806451612903,10.263929618768328,86.51026392961877,8.504398826979472,78.00586510263929
E00085721,350,58,20,38,292,20,272,16.57142857142857,5.714285714285714,10.857142857142858,83.42857142857143,5.714285714285714,77.71428571428571
E00085722,228,65,33,32,163,24,139,28.50877192982456,14.473684210526317,14.035087719298245,71.49122807017544,10.526315789473683,60.96491228070175
E00085723,367,70,28,42,297,23,274,19.07356948228883,7.629427792915531,11.444141689373296,80.92643051771117,6.267029972752043,74.65940054495913
E00085724,389,64,25,39,325,34,291,16.452442159383033,6.426735218508997,10.025706940874036,83.54755784061697,8.740359897172237,74.80719794344472
E00085725,284,39,9,30,245,21,224,13.732394366197184,3.169014084507042,10.56338028169014,86.26760563380282,7.394366197183098,78.87323943661971
E00085726,335,64,22,42,271,26,245,19.1044776119403,6.567164179104477,12.53731343283582,80.8955223880597,7.761194029850746,73.13432835820896
E00085727,267,49,17,32,218,16,202,18.352059925093634,6.367041198501873,11.985018726591761,81.64794007490637,5.992509363295881,75.65543071161048
E00085728,312,43,18,25,269,24,245,13.782051282051283,5.769230769230769,8.012820512820513,86.21794871794873,7.6923076923076925,78.52564102564102
E00085729,245,65,36,29,180,11,169,26.53061224489796,14.69387755102041,11.83673469387755,73.46938775510205,4.489795918367347,68.9795918367347
E00085730,353,72,28,44,281,41,240,20.396600566572236,7.932011331444759,12.464589235127479,79.60339943342775,11.614730878186968,67.98866855524079
E00085731,343,62,23,39,281,23,258,18.075801749271136,6.705539358600583,11.370262390670554,81.92419825072886,6.705539358600583,75.21865889212827
E00085732,281,59,21,38,222,23,199,20.99644128113879,7.473309608540925,13.523131672597867,79.00355871886121,8.185053380782918,70.8185053380783
E00085733,353,115,57,58,238,18,220,32.577903682719544,16.147308781869686,16.43059490084986,67.42209631728045,5.099150141643059,62.3229461756374
E00085734,312,63,27,36,249,13,236,20.192307692307693,8.653846153846153,11.538461538461538,79.8076923076923,4.166666666666666,75.64102564102564
E00085735,358,49,18,31,309,26,283,13.687150837988826,5.027932960893855,8.659217877094973,86.31284916201118,7.262569832402235,79.05027932960894
E00085736,297,61,25,36,236,25,211,20.53872053872054,8.417508417508419,12.121212121212121,79.46127946127946,8.417508417508419,71.04377104377105
E00085737,388,61,29,32,327,19,308,15.721649484536082,7.474226804123711,8.24742268041237,84.27835051546391,4.896907216494846,79.38144329896907
E00085738,321,55,16,39,266,29,237,17.133956386292834,4.984423676012461,12.149532710280374,82.86604361370716,9.034267912772584,73.83177570093457
E00085739,378,87,47,40,291,27,264,23.015873015873016,12.433862433862434,10.582010582010582,76.98412698412699,7.142857142857142,69.84126984126983
E00085740,303,81,32,49,222,17,205,26.732673267326735,10.561056105610561,16.17161716171617,73.26732673267327,5.6105610561056105,67.65676567656766
E00085741,380,55,23,32,325,36,289,14.473684210526317,6.052631578947368,8.421052631578947,85.52631578947368,9.473684210526317,76.05263157894737
E00085742,360,74,41,33,286,24,262,20.555555555555554,11.38888888888889,9.166666666666666,79.44444444444444,6.666666666666667,72.77777777777777
E00085744,324,31,6,25,293,19,274,9.5679012345679,1.8518518518518516,7.716049382716049,90.4320987654321,5.864197530864197,84.5679012345679
E00085745,364,48,15,33,316,34,282,13.186813186813188,4.1208791208791204,9.065934065934066,86.81318681318682,9.340659340659341,77.47252747252747
E00085746,350,52,14,38,298,24,274,14.857142857142858,4,10.857142857142858,85.14285714285714,6.857142857142858,78.28571428571428
E00085747,214,31,10,21,183,14,169,14.485981308411214,4.672897196261682,9.813084112149532,85.51401869158879,6.5420560747663545,78.97196261682244
E00085748,354,39,9,30,315,26,289,11.016949152542372,2.5423728813559325,8.47457627118644,88.98305084745762,7.344632768361582,81.63841807909604
E00085749,408,81,33,48,327,24,303,19.852941176470587,8.088235294117647,11.76470588235294,80.14705882352942,5.88235294117647,74.26470588235294
E00085750,399,63,18,45,336,29,307,15.789473684210526,4.511278195488721,11.278195488721805,84.21052631578947,7.268170426065162,76.94235588972431
E00085751,283,33,7,26,250,17,233,11.66077738515901,2.4734982332155475,9.187279151943462,88.33922261484098,6.007067137809187,82.3321554770318
E00085752,337,38,11,27,299,25,274,11.275964391691394,3.2640949554896146,8.011869436201781,88.72403560830861,7.418397626112759,81.30563798219585
E00085753,422,56,24,32,366,30,336,13.270142180094787,5.687203791469194,7.5829383886255926,86.7298578199052,7.109004739336493,79.62085308056872
E00085754,275,42,16,26,233,20,213,15.272727272727273,5.818181818181818,9.454545454545455,84.72727272727273,7.2727272727272725,77.45454545454545
E00085755,332,43,13,30,289,27,262,12.951807228915662,3.91566265060241,9.036144578313253,87.04819277108435,8.132530120481928,78.91566265060241
E00085756,407,49,16,33,358,25,333,12.039312039312039,3.9312039312039313,8.108108108108109,87.96068796068795,6.142506142506143,81.81818181818183
E00085757,327,46,17,29,281,24,257,14.067278287461773,5.198776758409786,8.868501529051988,85.93272171253822,7.339449541284404,78.59327217125383
E00085758,280,22,4,18,258,23,235,7.857142857142857,1.4285714285714286,6.428571428571428,92.14285714285714,8.214285714285714,83.92857142857143
E00085759,403,50,13,37,353,32,321,12.40694789081886,3.225806451612903,9.181141439205955,87.59305210918114,7.94044665012407,79.65260545905707
E00085760,378,35,12,23,343,27,316,9.25925925925926,3.1746031746031744,6.084656084656085,90.74074074074075,7.142857142857142,83.5978835978836
E00085761,382,56,21,35,326,22,304,14.659685863874344,5.49738219895288,9.162303664921465,85.34031413612566,5.7591623036649215,79.58115183246073
E00085762,379,32,17,15,347,28,319,8.443271767810026,4.485488126649076,3.95778364116095,91.55672823218998,7.387862796833773,84.1688654353562
E00085763,387,53,21,32,334,24,310,13.695090439276486,5.426356589147287,8.2687338501292,86.30490956072352,6.2015503875969,80.10335917312662
E00085764,297,39,15,24,258,15,243,13.131313131313133,5.05050505050505,8.080808080808081,86.86868686868688,5.05050505050505,81.81818181818183
E00085765,292,32,11,21,260,18,242,10.95890410958904,3.767123287671233,7.191780821917808,89.04109589041096,6.164383561643835,82.87671232876713
E00085766,310,35,15,20,275,20,255,11.29032258064516,4.838709677419355,6.451612903225806,88.70967741935483,6.451612903225806,82.25806451612904
E00085767,332,34,12,22,298,21,277,10.240963855421686,3.614457831325301,6.626506024096386,89.7590361445783,6.325301204819277,83.43373493975903
E00085768,323,36,13,23,287,25,262,11.145510835913312,4.024767801857585,7.120743034055728,88.85448916408669,7.739938080495357,81.11455108359134
E00085769,311,47,24,23,264,22,242,15.112540192926044,7.717041800643088,7.395498392282958,84.88745980707395,7.07395498392283,77.81350482315112
E00085770,291,42,14,28,249,22,227,14.432989690721648,4.810996563573884,9.621993127147768,85.56701030927834,7.560137457044673,78.00687285223368
E00085771,281,44,17,27,237,23,214,15.658362989323843,6.049822064056939,9.608540925266903,84.34163701067615,8.185053380782918,76.15658362989323
E00085772,310,34,12,22,276,28,248,10.967741935483872,3.870967741935484,7.096774193548387,89.03225806451613,9.032258064516128,80
E00085773,340,48,14,34,292,26,266,14.117647058823529,4.117647058823529,10,85.88235294117646,7.647058823529412,78.23529411764706
E00085774,290,82,51,31,208,21,187,28.27586206896552,17.586206896551722,10.689655172413794,71.72413793103448,7.241379310344828,64.48275862068965
E00085775,304,68,28,40,236,23,213,22.36842105263158,9.210526315789473,13.157894736842104,77.63157894736842,7.565789473684211,70.06578947368422
E00085776,231,50,14,36,181,12,169,21.645021645021643,6.0606060606060606,15.584415584415584,78.35497835497836,5.194805194805195,73.16017316017316
E00085777,234,70,48,22,164,14,150,29.914529914529915,20.51282051282051,9.401709401709402,70.08547008547008,5.982905982905983,64.1025641025641
E00085778,324,57,18,39,267,23,244,17.59259259259259,5.555555555555555,12.037037037037036,82.4074074074074,7.098765432098765,75.30864197530865
E00085779,254,51,22,29,203,19,184,20.078740157480315,8.661417322834646,11.41732283464567,79.92125984251969,7.480314960629922,72.44094488188976
E00085780,266,62,29,33,204,12,192,23.308270676691727,10.902255639097744,12.406015037593985,76.69172932330827,4.511278195488721,72.18045112781954
E00085781,266,43,14,29,223,18,205,16.165413533834585,5.263157894736842,10.902255639097744,83.83458646616542,6.7669172932330826,77.06766917293233
E00085782,296,36,11,25,260,22,238,12.162162162162163,3.7162162162162162,8.445945945945946,87.83783783783784,7.4324324324324325,80.4054054054054
E00085783,315,43,17,26,272,18,254,13.65079365079365,5.396825396825397,8.253968253968253,86.34920634920636,5.714285714285714,80.63492063492063
E00085784,253,36,8,28,217,13,204,14.229249011857709,3.1620553359683794,11.067193675889328,85.7707509881423,5.138339920948617,80.63241106719367
E00085785,212,58,34,24,154,19,135,27.358490566037734,16.037735849056602,11.320754716981133,72.64150943396226,8.962264150943396,63.67924528301887
E00085786,257,60,22,38,197,25,172,23.346303501945524,8.560311284046692,14.785992217898833,76.65369649805449,9.72762645914397,66.9260700389105
E00085787,308,39,9,30,269,21,248,12.662337662337661,2.922077922077922,9.740259740259742,87.33766233766234,6.8181818181818175,80.51948051948052
E00085788,300,36,15,21,264,21,243,12,5,7.000000000000001,88,7.000000000000001,81
E00085789,324,30,10,20,294,27,267,9.25925925925926,3.0864197530864197,6.172839506172839,90.74074074074075,8.333333333333332,82.4074074074074
E00085790,314,38,9,29,276,19,257,12.101910828025478,2.8662420382165608,9.235668789808917,87.89808917197452,6.050955414012739,81.84713375796179
E00085791,241,44,27,17,197,14,183,18.25726141078838,11.20331950207469,7.053941908713693,81.74273858921161,5.809128630705394,75.93360995850622
E00085792,321,34,10,24,287,26,261,10.59190031152648,3.115264797507788,7.476635514018691,89.40809968847351,8.09968847352025,81.30841121495327
E00085793,270,45,15,30,225,24,201,16.666666666666664,5.555555555555555,11.11111111111111,83.33333333333334,8.88888888888889,74.44444444444444
E00085794,291,47,17,30,244,20,224,16.151202749140893,5.841924398625429,10.309278350515463,83.8487972508591,6.872852233676976,76.97594501718214
E00085795,258,44,15,29,214,14,200,17.05426356589147,5.813953488372093,11.24031007751938,82.94573643410853,5.426356589147287,77.51937984496125
E00085796,270,86,57,29,184,20,164,31.851851851851855,21.11111111111111,10.74074074074074,68.14814814814815,7.4074074074074066,60.74074074074074
E00085797,138,24,9,15,114,10,104,17.391304347826086,6.521739130434782,10.869565217391305,82.6086956521739,7.246376811594203,75.36231884057972
E00085798,282,68,42,26,214,17,197,24.113475177304963,14.893617021276595,9.219858156028367,75.88652482269504,6.028368794326241,69.8581560283688
E00085799,292,43,13,30,249,30,219,14.726027397260275,4.4520547945205475,10.273972602739725,85.27397260273972,10.273972602739725,75
E00085800,196,35,9,26,161,14,147,17.857142857142858,4.591836734693878,13.26530612244898,82.14285714285714,7.142857142857142,75
E00085801,309,106,58,48,203,20,183,34.3042071197411,18.77022653721683,15.53398058252427,65.69579288025889,6.472491909385113,59.22330097087378
E00085802,220,49,15,34,171,20,151,22.272727272727273,6.8181818181818175,15.454545454545453,77.72727272727272,9.090909090909092,68.63636363636364
E00085803,364,78,51,27,286,28,258,21.428571428571427,14.010989010989011,7.417582417582418,78.57142857142857,7.6923076923076925,70.87912087912088
E00085804,298,44,17,27,254,15,239,14.76510067114094,5.704697986577181,9.060402684563758,85.23489932885906,5.033557046979865,80.20134228187919
E00085805,374,72,33,39,302,26,276,19.25133689839572,8.823529411764707,10.427807486631016,80.74866310160428,6.951871657754011,73.79679144385027
E00085806,269,62,36,26,207,24,183,23.04832713754647,13.382899628252787,9.66542750929368,76.95167286245353,8.921933085501859,68.02973977695167
E00085807,309,60,29,31,249,18,231,19.41747572815534,9.385113268608414,10.032362459546926,80.58252427184466,5.825242718446602,74.75728155339806
E00085808,408,44,19,25,364,23,341,10.784313725490197,4.6568627450980395,6.127450980392156,89.2156862745098,5.637254901960785,83.57843137254902
E00085809,305,46,20,26,259,18,241,15.081967213114755,6.557377049180328,8.524590163934425,84.91803278688525,5.901639344262295,79.01639344262294
E00085810,314,45,17,28,269,20,249,14.331210191082802,5.414012738853503,8.9171974522293,85.6687898089172,6.369426751592357,79.29936305732484
E00085811,352,37,13,24,315,24,291,10.511363636363637,3.6931818181818183,6.8181818181818175,89.48863636363636,6.8181818181818175,82.67045454545455
E00085812,309,36,15,21,273,21,252,11.650485436893204,4.854368932038835,6.796116504854369,88.3495145631068,6.796116504854369,81.55339805825243
E00085813,303,54,26,28,249,15,234,17.82178217821782,8.58085808580858,9.24092409240924,82.17821782178217,4.9504950495049505,77.22772277227723
E00085814,239,40,15,25,199,19,180,16.736401673640167,6.2761506276150625,10.460251046025103,83.26359832635984,7.949790794979079,75.31380753138075
E00085815,397,35,7,28,362,35,327,8.816120906801007,1.7632241813602016,7.052896725440807,91.183879093199,8.816120906801007,82.36775818639799
E00085816,153,66,35,31,87,3,84,43.13725490196079,22.875816993464053,20.26143790849673,56.86274509803921,1.9607843137254901,54.90196078431373
E00085817,265,89,53,36,176,16,160,33.58490566037736,20,13.584905660377359,66.41509433962264,6.037735849056604,60.37735849056604
E00085818,318,41,12,29,277,19,258,12.89308176100629,3.7735849056603774,9.119496855345911,87.10691823899371,5.9748427672955975,81.13207547169812
E00085819,340,74,44,30,266,21,245,21.764705882352942,12.941176470588237,8.823529411764707,78.23529411764706,6.176470588235294,72.05882352941177
E00085820,421,60,16,44,361,33,328,14.251781472684085,3.800475059382423,10.451306413301662,85.74821852731591,7.8384798099762465,77.90973871733968
E00085821,246,65,40,25,181,9,172,26.422764227642276,16.260162601626014,10.16260162601626,73.57723577235772,3.6585365853658534,69.91869918699187
E00085822,438,34,7,27,404,34,370,7.76255707762557,1.5981735159817352,6.164383561643835,92.23744292237443,7.76255707762557,84.47488584474885
E00085823,350,39,11,28,311,30,281,11.142857142857142,3.1428571428571432,8,88.85714285714286,8.571428571428571,80.28571428571428
E00085824,325,51,13,38,274,17,257,15.692307692307692,4,11.692307692307692,84.3076923076923,5.230769230769231,79.07692307692308
E00085825,429,54,23,31,375,34,341,12.587412587412588,5.361305361305361,7.226107226107226,87.41258741258741,7.925407925407925,79.48717948717949
E00085826,263,75,49,26,188,7,181,28.517110266159694,18.631178707224336,9.885931558935361,71.48288973384031,2.6615969581749046,68.8212927756654
E00085827,357,46,21,25,311,21,290,12.885154061624648,5.88235294117647,7.002801120448179,87.11484593837535,5.88235294117647,81.23249299719888
E00085828,435,69,32,37,366,19,347,15.862068965517242,7.35632183908046,8.505747126436782,84.13793103448276,4.3678160919540225,79.77011494252874
E00085829,328,34,8,26,294,28,266,10.365853658536585,2.4390243902439024,7.926829268292683,89.63414634146342,8.536585365853659,81.09756097560977
E00085830,297,37,15,22,260,18,242,12.457912457912458,5.05050505050505,7.4074074074074066,87.54208754208754,6.0606060606060606,81.48148148148148
E00085831,364,34,9,25,330,33,297,9.340659340659341,2.4725274725274726,6.868131868131869,90.65934065934066,9.065934065934066,81.5934065934066
E00085832,439,60,20,40,379,30,349,13.66742596810934,4.555808656036446,9.111617312072893,86.33257403189066,6.83371298405467,79.49886104783599
E00085833,326,60,20,40,266,19,247,18.404907975460123,6.134969325153374,12.269938650306749,81.59509202453987,5.828220858895705,75.76687116564416
E00085834,318,48,18,30,270,32,238,15.09433962264151,5.660377358490567,9.433962264150944,84.90566037735849,10.062893081761008,74.84276729559748
E00085835,311,41,17,24,270,23,247,13.183279742765272,5.466237942122187,7.717041800643088,86.81672025723472,7.395498392282958,79.42122186495176
E00085836,330,44,16,28,286,25,261,13.333333333333334,4.848484848484849,8.484848484848486,86.66666666666667,7.575757575757576,79.0909090909091
E00085837,312,40,14,26,272,14,258,12.82051282051282,4.487179487179487,8.333333333333332,87.17948717948718,4.487179487179487,82.6923076923077
E00085838,338,71,38,33,267,23,244,21.005917159763314,11.242603550295858,9.763313609467456,78.99408284023669,6.8047337278106506,72.18934911242604
E00085839,233,30,8,22,203,21,182,12.875536480686694,3.4334763948497855,9.44206008583691,87.1244635193133,9.012875536480687,78.11158798283262
E00085840,290,47,18,29,243,25,218,16.206896551724135,6.206896551724138,10,83.79310344827586,8.620689655172415,75.17241379310344
E00085841,291,36,12,24,255,16,239,12.371134020618557,4.123711340206185,8.24742268041237,87.62886597938144,5.498281786941581,82.13058419243985
E00085842,292,31,8,23,261,32,229,10.616438356164384,2.73972602739726,7.876712328767123,89.38356164383562,10.95890410958904,78.42465753424658
E00085843,326,42,14,28,284,24,260,12.883435582822086,4.294478527607362,8.588957055214724,87.11656441717791,7.361963190184049,79.75460122699386
E00085844,324,41,11,30,283,31,252,12.654320987654321,3.3950617283950617,9.25925925925926,87.34567901234568,9.5679012345679,77.77777777777779
E00085845,302,32,5,27,270,20,250,10.596026490066226,1.6556291390728477,8.940397350993377,89.40397350993378,6.622516556291391,82.78145695364239
E00085846,319,47,20,27,272,16,256,14.733542319749215,6.269592476489027,8.463949843260188,85.26645768025078,5.015673981191222,80.25078369905955
E00085847,310,41,13,28,269,13,256,13.225806451612904,4.193548387096775,9.032258064516128,86.7741935483871,4.193548387096775,82.58064516129032
E00085848,278,41,17,24,237,16,221,14.748201438848922,6.115107913669065,8.633093525179856,85.25179856115108,5.755395683453238,79.49640287769785
E00085849,383,44,14,30,339,29,310,11.488250652741515,3.6553524804177546,7.83289817232376,88.51174934725849,7.5718015665796345,80.93994778067885
E00085850,270,37,12,25,233,25,208,13.703703703703704,4.444444444444445,9.25925925925926,86.29629629629629,9.25925925925926,77.03703703703704
E00085851,316,47,15,32,269,20,249,14.873417721518987,4.746835443037975,10.126582278481013,85.12658227848101,6.329113924050633,78.79746835443038
E00085852,277,38,18,20,239,35,204,13.718411552346572,6.4981949458483745,7.2202166064981945,86.28158844765343,12.63537906137184,73.6462093862816
E00085853,395,39,15,24,356,30,326,9.873417721518987,3.79746835443038,6.075949367088607,90.12658227848101,7.59493670886076,82.53164556962025
E00085854,261,36,10,26,225,17,208,13.793103448275861,3.8314176245210727,9.961685823754788,86.20689655172413,6.513409961685824,79.6934865900383
E00085855,284,35,9,26,249,30,219,12.323943661971832,3.169014084507042,9.15492957746479,87.67605633802818,10.56338028169014,77.11267605633803
E00085856,427,50,13,37,377,34,343,11.7096018735363,3.0444964871194378,8.665105386416862,88.2903981264637,7.962529274004685,80.32786885245902
E00085857,356,54,24,30,302,36,266,15.168539325842698,6.741573033707865,8.426966292134832,84.8314606741573,10.112359550561797,74.71910112359551
E00085858,242,26,7,19,216,27,189,10.743801652892563,2.8925619834710745,7.851239669421488,89.25619834710744,11.15702479338843,78.099173553719
E00085859,223,35,11,24,188,14,174,15.695067264573993,4.932735426008969,10.762331838565023,84.30493273542601,6.278026905829597,78.02690582959642
E00085860,274,43,15,28,231,23,208,15.693430656934307,5.474452554744526,10.218978102189782,84.30656934306569,8.394160583941606,75.91240875912408
E00085861,339,36,6,30,303,26,277,10.619469026548673,1.7699115044247788,8.849557522123893,89.38053097345133,7.669616519174041,81.71091445427729
E00085862,233,16,4,12,217,17,200,6.866952789699571,1.7167381974248928,5.150214592274678,93.13304721030042,7.296137339055794,85.83690987124464
E00085863,297,43,7,36,254,23,231,14.47811447811448,2.356902356902357,12.121212121212121,85.52188552188552,7.744107744107744,77.77777777777779
E00085864,303,50,18,32,253,27,226,16.5016501650165,5.9405940594059405,10.561056105610561,83.4983498349835,8.91089108910891,74.58745874587459
E00085865,288,37,11,26,251,21,230,12.847222222222221,3.8194444444444446,9.027777777777777,87.15277777777779,7.291666666666667,79.86111111111111
E00085866,320,52,15,37,268,19,249,16.25,4.6875,11.5625,83.75,5.9375,77.8125
E00085867,282,43,21,22,239,28,211,15.24822695035461,7.446808510638298,7.801418439716312,84.75177304964538,9.929078014184398,74.822695035461
E00085868,296,41,17,24,255,25,230,13.85135135135135,5.743243243243244,8.108108108108109,86.14864864864865,8.445945945945946,77.7027027027027
E00085869,277,34,15,19,243,12,231,12.274368231046932,5.415162454873646,6.859205776173286,87.72563176895306,4.332129963898916,83.39350180505414
E00085870,294,46,20,26,248,24,224,15.646258503401361,6.802721088435375,8.843537414965986,84.35374149659864,8.16326530612245,76.19047619047619
E00085871,338,51,20,31,287,24,263,15.088757396449704,5.9171597633136095,9.171597633136095,84.91124260355029,7.100591715976331,77.81065088757396
E00085872,224,42,13,29,182,17,165,18.75,5.803571428571429,12.946428571428573,81.25,7.5892857142857135,73.66071428571429
E00085873,235,29,14,15,206,13,193,12.340425531914894,5.957446808510639,6.382978723404255,87.65957446808511,5.531914893617021,82.12765957446808
E00085874,249,40,10,30,209,23,186,16.06425702811245,4.016064257028113,12.048192771084338,83.93574297188755,9.236947791164658,74.69879518072288
E00085875,332,43,13,30,289,31,258,12.951807228915662,3.91566265060241,9.036144578313253,87.04819277108435,9.33734939759036,77.71084337349397
E00085876,292,44,21,23,248,35,213,15.068493150684931,7.191780821917808,7.876712328767123,84.93150684931507,11.986301369863012,72.94520547945206
E00085877,353,50,19,31,303,35,268,14.164305949008499,5.382436260623229,8.78186968838527,85.8356940509915,9.91501416430595,75.92067988668555
E00085878,401,94,38,56,307,23,284,23.44139650872818,9.476309226932669,13.96508728179551,76.55860349127181,5.7356608478802995,70.82294264339151
E00085879,262,35,12,23,227,23,204,13.358778625954198,4.580152671755725,8.778625954198473,86.64122137404581,8.778625954198473,77.86259541984732
E00085880,279,45,16,29,234,22,212,16.129032258064516,5.734767025089606,10.39426523297491,83.87096774193549,7.885304659498208,75.98566308243727
E00085881,345,31,2,29,314,41,273,8.985507246376812,0.5797101449275363,8.405797101449275,91.01449275362319,11.884057971014492,79.13043478260869
E00085882,298,44,7,37,254,27,227,14.76510067114094,2.348993288590604,12.416107382550337,85.23489932885906,9.060402684563758,76.1744966442953
E00085883,293,43,18,25,250,21,229,14.675767918088736,6.143344709897611,8.532423208191126,85.32423208191126,7.167235494880546,78.15699658703072
E00085884,282,49,25,24,233,22,211,17.375886524822697,8.865248226950355,8.51063829787234,82.62411347517731,7.801418439716312,74.822695035461
E00085885,327,67,24,43,260,23,237,20.489296636085626,7.339449541284404,13.149847094801222,79.51070336391437,7.033639143730887,72.47706422018348
E00085886,373,47,17,30,326,25,301,12.600536193029491,4.557640750670242,8.04289544235925,87.39946380697052,6.702412868632708,80.6970509383378
E00085887,241,44,12,32,197,17,180,18.25726141078838,4.979253112033195,13.278008298755188,81.74273858921161,7.053941908713693,74.68879668049793
E00085888,273,40,17,23,233,25,208,14.652014652014653,6.227106227106227,8.424908424908425,85.34798534798534,9.157509157509157,76.19047619047619
E00085889,366,78,34,44,288,28,260,21.311475409836063,9.289617486338798,12.021857923497267,78.68852459016394,7.650273224043716,71.03825136612022
E00085890,479,129,54,75,350,37,313,26.931106471816285,11.273486430062631,15.657620041753653,73.06889352818372,7.724425887265135,65.34446764091858
E00085891,309,81,42,39,228,14,214,26.21359223300971,13.592233009708737,12.62135922330097,73.7864077669903,4.53074433656958,69.25566343042071
E00085892,330,52,21,31,278,21,257,15.757575757575756,6.363636363636363,9.393939393939393,84.24242424242424,6.363636363636363,77.87878787878788
E00085893,310,81,38,43,229,28,201,26.129032258064516,12.258064516129032,13.870967741935484,73.87096774193549,9.032258064516128,64.83870967741936
E00085894,262,65,39,26,197,22,175,24.80916030534351,14.885496183206106,9.923664122137405,75.19083969465649,8.396946564885496,66.79389312977099
E00085895,397,84,41,43,313,25,288,21.158690176322416,10.327455919395465,10.831234256926953,78.84130982367759,6.297229219143577,72.544080604534
E00085896,293,58,20,38,235,23,212,19.795221843003414,6.825938566552901,12.969283276450511,80.2047781569966,7.849829351535837,72.35494880546075
E00085897,266,69,33,36,197,14,183,25.93984962406015,12.406015037593985,13.533834586466165,74.06015037593986,5.263157894736842,68.796992481203
E00085898,319,48,16,32,271,26,245,15.047021943573668,5.015673981191222,10.031347962382444,84.95297805642633,8.150470219435736,76.8025078369906
E00085899,354,60,24,36,294,26,268,16.94915254237288,6.779661016949152,10.16949152542373,83.05084745762711,7.344632768361582,75.70621468926554
E00085900,294,74,33,41,220,28,192,25.170068027210885,11.224489795918368,13.945578231292515,74.82993197278913,9.523809523809524,65.3061224489796
E00085901,383,66,21,45,317,35,282,17.232375979112273,5.483028720626632,11.74934725848564,82.76762402088774,9.138381201044385,73.62924281984334
E00085902,284,54,21,33,230,20,210,19.014084507042252,7.394366197183098,11.619718309859154,80.98591549295774,7.042253521126761,73.94366197183099
E00085903,266,59,25,34,207,31,176,22.18045112781955,9.398496240601503,12.781954887218044,77.81954887218046,11.654135338345863,66.16541353383458
E00085904,292,73,38,35,219,14,205,25,13.013698630136986,11.986301369863012,75,4.794520547945205,70.2054794520548
E00085905,396,122,69,53,274,26,248,30.808080808080806,17.424242424242426,13.383838383838384,69.1919191919192,6.565656565656567,62.62626262626263
E00085906,326,61,26,35,265,22,243,18.711656441717793,7.975460122699387,10.736196319018406,81.28834355828221,6.748466257668712,74.5398773006135
E00085907,277,52,20,32,225,20,205,18.772563176895307,7.2202166064981945,11.552346570397113,81.2274368231047,7.2202166064981945,74.0072202166065
E00085908,284,46,14,32,238,30,208,16.19718309859155,4.929577464788732,11.267605633802818,83.80281690140845,10.56338028169014,73.23943661971832
E00085909,243,44,14,30,199,29,170,18.106995884773664,5.761316872427984,12.345679012345679,81.89300411522635,11.934156378600823,69.95884773662551
E00085910,326,67,17,50,259,28,231,20.552147239263803,5.214723926380368,15.337423312883436,79.4478527607362,8.588957055214724,70.85889570552148
E00085911,319,51,21,30,268,21,247,15.987460815047022,6.583072100313479,9.404388714733543,84.01253918495298,6.583072100313479,77.4294670846395
E00085912,293,62,30,32,231,23,208,21.160409556313994,10.238907849829351,10.921501706484642,78.839590443686,7.849829351535837,70.98976109215018
E00085913,307,56,24,32,251,27,224,18.241042345276874,7.81758957654723,10.423452768729643,81.75895765472313,8.794788273615636,72.9641693811075
E00085914,262,35,13,22,227,18,209,13.358778625954198,4.961832061068702,8.396946564885496,86.64122137404581,6.870229007633588,79.77099236641222
E00085915,302,41,16,25,261,21,240,13.57615894039735,5.298013245033113,8.27814569536424,86.42384105960265,6.95364238410596,79.47019867549669
E00085916,294,48,24,24,246,20,226,16.3265306122449,8.16326530612245,8.16326530612245,83.6734693877551,6.802721088435375,76.87074829931973
E00085917,370,82,36,46,288,21,267,22.162162162162165,9.72972972972973,12.432432432432433,77.83783783783784,5.675675675675676,72.16216216216216
E00085918,289,77,34,43,212,23,189,26.643598615916954,11.76470588235294,14.878892733564014,73.35640138408304,7.958477508650519,65.39792387543253
E00172899,175,32,8,24,143,11,132,18.285714285714285,4.571428571428571,13.714285714285715,81.71428571428572,6.2857142857142865,75.42857142857143
E00172900,112,16,5,11,96,11,85,14.285714285714285,4.464285714285714,9.821428571428571,85.71428571428571,9.821428571428571,75.89285714285714
E00172901,164,12,5,7,152,4,148,7.317073170731707,3.048780487804878,4.2682926829268295,92.6829268292683,2.4390243902439024,90.2439024390244
E00172902,517,86,27,59,431,33,398,16.634429400386846,5.222437137330754,11.411992263056092,83.36557059961315,6.382978723404255,76.9825918762089
E00172903,221,37,16,21,184,11,173,16.7420814479638,7.239819004524888,9.502262443438914,83.2579185520362,4.97737556561086,78.28054298642535
E00172904,241,51,18,33,190,12,178,21.16182572614108,7.468879668049793,13.692946058091287,78.83817427385893,4.979253112033195,73.85892116182573
E00172906,264,36,12,24,228,29,199,13.636363636363635,4.545454545454546,9.090909090909092,86.36363636363636,10.984848484848484,75.37878787878788
E00172907,123,23,10,13,100,10,90,18.69918699186992,8.130081300813007,10.569105691056912,81.30081300813008,8.130081300813007,73.17073170731707
E00172908,330,57,27,30,273,28,245,17.272727272727273,8.181818181818182,9.090909090909092,82.72727272727273,8.484848484848486,74.24242424242425
E00172909,357,61,25,36,296,30,266,17.086834733893557,7.002801120448179,10.084033613445378,82.91316526610645,8.403361344537815,74.50980392156863
E00172910,265,66,25,41,199,16,183,24.90566037735849,9.433962264150944,15.471698113207546,75.09433962264151,6.037735849056604,69.0566037735849
E00172911,424,69,23,46,355,46,309,16.27358490566038,5.4245283018867925,10.849056603773585,83.72641509433963,10.849056603773585,72.87735849056604
E00172912,170,35,16,19,135,11,124,20.588235294117645,9.411764705882353,11.176470588235295,79.41176470588235,6.470588235294119,72.94117647058823
E00172916,656,117,32,85,539,44,495,17.835365853658537,4.878048780487805,12.957317073170731,82.16463414634147,6.707317073170732,75.45731707317073
E00172918,113,39,20,19,74,6,68,34.51327433628318,17.699115044247787,16.8141592920354,65.48672566371681,5.3097345132743365,60.17699115044248
E00184730,956,198,61,137,758,83,675,20.711297071129707,6.380753138075314,14.330543933054393,79.2887029288703,8.682008368200837,70.60669456066945
E00184745,155,19,5,14,136,3,133,12.258064516129032,3.225806451612903,9.032258064516128,87.74193548387098,1.935483870967742,85.80645161290322
E00184750,337,66,15,51,271,21,250,19.584569732937684,4.451038575667656,15.133531157270031,80.41543026706232,6.231454005934718,74.1839762611276
E00184751,338,87,41,46,251,23,228,25.7396449704142,12.1301775147929,13.609467455621301,74.2603550295858,6.8047337278106506,67.45562130177515
E00184753,206,49,23,26,157,17,140,23.78640776699029,11.165048543689322,12.62135922330097,76.2135922330097,8.25242718446602,67.96116504854369
E00184764,160,38,18,20,122,13,109,23.75,11.25,12.5,76.25,8.125,68.125
E00184769,276,50,22,28,226,21,205,18.115942028985508,7.971014492753622,10.144927536231885,81.88405797101449,7.608695652173914,74.27536231884058
E00184772,186,40,16,24,146,10,136,21.50537634408602,8.60215053763441,12.903225806451612,78.49462365591397,5.376344086021505,73.11827956989248
E00184774,416,68,19,49,348,31,317,16.346153846153847,4.567307692307692,11.778846153846153,83.65384615384616,7.451923076923077,76.20192307692307
E00184782,144,13,2,11,131,11,120,9.027777777777777,1.3888888888888888,7.638888888888889,90.97222222222221,7.638888888888889,83.33333333333334
E00184787,238,43,18,25,195,15,180,18.067226890756302,7.563025210084033,10.504201680672269,81.9327731092437,6.302521008403361,75.63025210084034
E00184795,3328,578,107,471,2750,229,2521,17.36778846153846,3.2151442307692304,14.152644230769232,82.63221153846155,6.881009615384616,75.75120192307693
E00184800,314,43,8,35,271,28,243,13.694267515923567,2.547770700636943,11.146496815286625,86.30573248407643,8.9171974522293,77.38853503184714
E00184805,102,23,9,14,79,7,72,22.54901960784314,8.823529411764707,13.725490196078432,77.45098039215686,6.862745098039216,70.58823529411765
E00184810,174,40,16,24,134,9,125,22.988505747126435,9.195402298850574,13.793103448275861,77.01149425287356,5.172413793103448,71.83908045977012
E00184812,457,79,34,45,378,39,339,17.286652078774615,7.439824945295405,9.846827133479213,82.71334792122538,8.533916849015318,74.17943107221006
E00184814,130,12,4,8,118,18,100,9.230769230769232,3.076923076923077,6.153846153846154,90.76923076923077,13.846153846153847,76.92307692307693
E00184816,297,44,13,31,253,32,221,14.814814814814813,4.377104377104377,10.437710437710438,85.18518518518519,10.774410774410773,74.41077441077442
E00184817,214,39,11,28,175,26,149,18.22429906542056,5.14018691588785,13.084112149532709,81.77570093457945,12.149532710280374,69.62616822429906
E00184818,249,42,7,35,207,20,187,16.867469879518072,2.8112449799196786,14.056224899598394,83.13253012048193,8.032128514056225,75.1004016064257
E00184819,130,33,22,11,97,6,91,25.384615384615383,16.923076923076923,8.461538461538462,74.61538461538461,4.615384615384616,70
