OA,ts0590001,ts0590002,ts0590003,ts0590004,ts0590005,ts0590006,ts0590007,ts0590002_PCT,ts0590003_PCT,ts0590004_PCT,ts0590005_PCT,ts0590006_PCT,ts0590007_PCT
E00071738,106,31,1,30,75,63,12,29.245283018867923,0.9433962264150944,28.30188679245283,70.75471698113208,59.43396226415094,11.320754716981133
E00071739,123,34,9,25,89,79,10,27.64227642276423,7.317073170731707,20.32520325203252,72.35772357723577,64.22764227642277,8.130081300813007
E00071740,124,40,14,26,84,74,10,32.25806451612903,11.29032258064516,20.967741935483872,67.74193548387096,59.67741935483871,8.064516129032258
E00071741,141,45,10,35,96,88,8,31.914893617021278,7.092198581560284,24.822695035460992,68.08510638297872,62.4113475177305,5.673758865248227
E00071742,118,39,11,28,79,71,8,33.05084745762712,9.322033898305085,23.728813559322035,66.94915254237289,60.16949152542372,6.779661016949152
E00071743,139,42,13,29,97,86,11,30.215827338129497,9.352517985611511,20.863309352517987,69.7841726618705,61.87050359712231,7.913669064748201
E00071744,124,51,15,36,73,69,4,41.12903225806452,12.096774193548388,29.03225806451613,58.87096774193549,55.64516129032258,3.225806451612903
E00071745,93,27,12,15,66,56,10,29.03225806451613,12.903225806451612,16.129032258064516,70.96774193548387,60.215053763440864,10.75268817204301
E00071746,193,70,17,53,123,103,20,36.26943005181347,8.808290155440414,27.461139896373055,63.730569948186535,53.36787564766839,10.362694300518134
E00071747,162,45,7,38,117,103,14,27.77777777777778,4.320987654320987,23.456790123456788,72.22222222222221,63.580246913580254,8.641975308641975
E00071748,143,33,6,27,110,95,15,23.076923076923077,4.195804195804196,18.88111888111888,76.92307692307693,66.43356643356644,10.48951048951049
E00071749,162,46,20,26,116,101,15,28.39506172839506,12.345679012345679,16.049382716049383,71.60493827160494,62.34567901234568,9.25925925925926
E00071750,148,44,8,36,104,89,15,29.72972972972973,5.405405405405405,24.324324324324326,70.27027027027027,60.13513513513513,10.135135135135135
E00071751,149,35,5,30,114,104,10,23.48993288590604,3.3557046979865772,20.13422818791946,76.51006711409396,69.79865771812081,6.7114093959731544
E00071752,142,29,5,24,113,97,16,20.422535211267608,3.5211267605633805,16.901408450704224,79.5774647887324,68.30985915492957,11.267605633802818
E00071753,148,43,13,30,105,87,18,29.054054054054053,8.783783783783784,20.27027027027027,70.94594594594594,58.78378378378378,12.162162162162163
E00071754,102,32,5,27,70,58,12,31.372549019607842,4.901960784313726,26.47058823529412,68.62745098039215,56.86274509803921,11.76470588235294
E00071755,133,56,17,39,77,64,13,42.10526315789473,12.781954887218044,29.32330827067669,57.89473684210527,48.1203007518797,9.774436090225564
E00071756,96,32,11,21,64,56,8,33.33333333333333,11.458333333333332,21.875,66.66666666666666,58.333333333333336,8.333333333333332
E00071757,87,21,5,16,66,54,12,24.137931034482758,5.747126436781609,18.39080459770115,75.86206896551724,62.06896551724138,13.793103448275861
E00071758,102,28,2,26,74,67,7,27.450980392156865,1.9607843137254901,25.49019607843137,72.54901960784314,65.68627450980392,6.862745098039216
E00071759,112,36,9,27,76,64,12,32.142857142857146,8.035714285714286,24.107142857142858,67.85714285714286,57.14285714285714,10.714285714285714
E00071760,116,23,6,17,93,82,11,19.82758620689655,5.172413793103448,14.655172413793101,80.17241379310344,70.6896551724138,9.482758620689655
E00071761,109,32,11,21,77,69,8,29.357798165137616,10.091743119266056,19.26605504587156,70.64220183486239,63.30275229357798,7.339449541284404
E00071762,109,36,11,25,73,62,11,33.02752293577982,10.091743119266056,22.93577981651376,66.97247706422019,56.88073394495413,10.091743119266056
E00071763,115,38,15,23,77,68,9,33.04347826086956,13.043478260869565,20,66.95652173913044,59.130434782608695,7.82608695652174
E00071764,111,35,8,27,76,67,9,31.53153153153153,7.207207207207207,24.324324324324326,68.46846846846847,60.36036036036037,8.108108108108109
E00071765,114,24,10,14,90,80,10,21.052631578947366,8.771929824561402,12.280701754385964,78.94736842105263,70.17543859649122,8.771929824561402
E00071766,105,23,6,17,82,73,9,21.904761904761905,5.714285714285714,16.19047619047619,78.0952380952381,69.52380952380952,8.571428571428571
E00071767,52,19,5,14,33,27,6,36.53846153846153,9.615384615384617,26.923076923076923,63.46153846153846,51.92307692307693,11.538461538461538
E00071769,136,34,12,22,102,88,14,25,8.823529411764707,16.176470588235293,75,64.70588235294117,10.294117647058822
E00071770,171,48,16,32,123,111,12,28.07017543859649,9.35672514619883,18.71345029239766,71.9298245614035,64.91228070175438,7.017543859649122
E00071771,304,62,16,46,242,211,31,20.394736842105264,5.263157894736842,15.131578947368421,79.60526315789474,69.4078947368421,10.197368421052632
E00071772,107,33,10,23,74,67,7,30.8411214953271,9.345794392523365,21.49532710280374,69.1588785046729,62.616822429906534,6.5420560747663545
E00071773,108,38,16,22,70,61,9,35.18518518518518,14.814814814814813,20.37037037037037,64.81481481481481,56.481481481481474,8.333333333333332
E00071774,74,16,4,12,58,47,11,21.62162162162162,5.405405405405405,16.216216216216218,78.37837837837837,63.51351351351351,14.864864864864865
E00071775,135,50,17,33,85,73,12,37.03703703703704,12.592592592592592,24.444444444444443,62.96296296296296,54.074074074074076,8.88888888888889
E00071776,110,29,9,20,81,71,10,26.36363636363636,8.181818181818182,18.181818181818183,73.63636363636363,64.54545454545455,9.090909090909092
E00071777,126,27,9,18,99,89,10,21.428571428571427,7.142857142857142,14.285714285714285,78.57142857142857,70.63492063492063,7.936507936507936
E00071778,110,30,7,23,80,70,10,27.27272727272727,6.363636363636363,20.909090909090907,72.72727272727273,63.63636363636363,9.090909090909092
E00071779,116,42,13,29,74,60,14,36.206896551724135,11.206896551724139,25,63.793103448275865,51.724137931034484,12.068965517241379
E00071780,94,27,5,22,67,57,10,28.723404255319153,5.319148936170213,23.404255319148938,71.27659574468085,60.63829787234043,10.638297872340425
E00071781,157,53,15,38,104,90,14,33.75796178343949,9.554140127388536,24.203821656050955,66.2420382165605,57.324840764331206,8.9171974522293
E00071782,137,36,9,27,101,93,8,26.277372262773724,6.569343065693431,19.708029197080293,73.72262773722628,67.88321167883211,5.839416058394161
E00071783,130,40,11,29,90,78,12,30.76923076923077,8.461538461538462,22.30769230769231,69.23076923076923,60,9.230769230769232
E00071784,130,45,12,33,85,75,10,34.61538461538461,9.230769230769232,25.384615384615383,65.38461538461539,57.692307692307686,7.6923076923076925
E00071785,104,25,6,19,79,74,5,24.03846153846154,5.769230769230769,18.269230769230766,75.96153846153845,71.15384615384616,4.807692307692308
E00071786,93,25,12,13,68,57,11,26.881720430107524,12.903225806451612,13.978494623655912,73.11827956989248,61.29032258064516,11.827956989247312
E00071787,89,26,4,22,63,55,8,29.213483146067414,4.49438202247191,24.719101123595504,70.78651685393258,61.79775280898876,8.98876404494382
E00071788,96,34,7,27,62,54,8,35.41666666666667,7.291666666666667,28.125,64.58333333333334,56.25,8.333333333333332
E00071789,113,33,6,27,80,71,9,29.20353982300885,5.3097345132743365,23.893805309734514,70.79646017699115,62.83185840707964,7.964601769911504
E00071790,140,49,13,36,91,80,11,35,9.285714285714286,25.71428571428571,65,57.14285714285714,7.857142857142857
E00071791,102,29,6,23,73,69,4,28.431372549019606,5.88235294117647,22.54901960784314,71.56862745098039,67.64705882352942,3.9215686274509802
E00071792,108,33,13,20,75,67,8,30.555555555555557,12.037037037037036,18.51851851851852,69.44444444444444,62.03703703703704,7.4074074074074066
E00071793,144,47,16,31,97,78,19,32.63888888888889,11.11111111111111,21.52777777777778,67.36111111111111,54.166666666666664,13.194444444444445
E00071794,129,42,15,27,87,74,13,32.55813953488372,11.627906976744185,20.930232558139537,67.44186046511628,57.36434108527132,10.077519379844961
E00071795,166,42,11,31,124,108,16,25.301204819277107,6.626506024096386,18.67469879518072,74.69879518072288,65.06024096385542,9.63855421686747
E00071796,108,39,10,29,69,64,5,36.11111111111111,9.25925925925926,26.851851851851855,63.888888888888886,59.25925925925925,4.62962962962963
E00071797,93,28,9,19,65,59,6,30.107526881720432,9.67741935483871,20.43010752688172,69.89247311827957,63.44086021505376,6.451612903225806
E00071798,116,38,8,30,78,70,8,32.758620689655174,6.896551724137931,25.862068965517242,67.24137931034483,60.3448275862069,6.896551724137931
E00071799,122,38,5,33,84,68,16,31.147540983606557,4.098360655737705,27.049180327868854,68.85245901639344,55.73770491803278,13.114754098360656
E00071800,86,23,5,18,63,56,7,26.744186046511626,5.813953488372093,20.930232558139537,73.25581395348837,65.11627906976744,8.13953488372093
E00071801,120,27,5,22,93,84,9,22.5,4.166666666666666,18.333333333333332,77.5,70,7.5
E00071802,132,35,8,27,97,86,11,26.515151515151516,6.0606060606060606,20.454545454545457,73.48484848484848,65.15151515151516,8.333333333333332
E00071803,134,39,12,27,95,85,10,29.1044776119403,8.955223880597014,20.149253731343283,70.8955223880597,63.43283582089553,7.462686567164178
E00071804,112,42,9,33,70,61,9,37.5,8.035714285714286,29.464285714285715,62.5,54.46428571428571,8.035714285714286
E00071805,106,36,11,25,70,64,6,33.9622641509434,10.377358490566039,23.58490566037736,66.0377358490566,60.37735849056604,5.660377358490567
E00071806,136,40,9,31,96,86,10,29.411764705882355,6.61764705882353,22.794117647058822,70.58823529411765,63.23529411764706,7.352941176470589
E00071807,119,30,7,23,89,77,12,25.210084033613445,5.88235294117647,19.327731092436977,74.78991596638656,64.70588235294117,10.084033613445378
E00071808,96,26,9,17,70,66,4,27.083333333333332,9.375,17.708333333333336,72.91666666666666,68.75,4.166666666666666
E00071809,134,38,4,34,96,86,10,28.35820895522388,2.9850746268656714,25.37313432835821,71.64179104477611,64.17910447761194,7.462686567164178
E00071810,166,37,9,28,129,117,12,22.289156626506024,5.421686746987952,16.867469879518072,77.71084337349397,70.48192771084338,7.228915662650602
E00071811,113,34,9,25,79,73,6,30.08849557522124,7.964601769911504,22.123893805309734,69.91150442477876,64.60176991150442,5.3097345132743365
E00071812,115,39,11,28,76,69,7,33.91304347826087,9.565217391304348,24.347826086956523,66.08695652173913,60,6.086956521739131
E00071813,112,31,7,24,81,70,11,27.67857142857143,6.25,21.428571428571427,72.32142857142857,62.5,9.821428571428571
E00071814,95,28,8,20,67,59,8,29.47368421052631,8.421052631578947,21.052631578947366,70.52631578947368,62.10526315789474,8.421052631578947
E00071815,122,21,4,17,101,90,11,17.21311475409836,3.278688524590164,13.934426229508196,82.78688524590164,73.77049180327869,9.01639344262295
E00071816,96,31,10,21,65,58,7,32.29166666666667,10.416666666666668,21.875,67.70833333333334,60.416666666666664,7.291666666666667
E00071817,141,37,7,30,104,91,13,26.24113475177305,4.964539007092199,21.27659574468085,73.75886524822694,64.53900709219859,9.219858156028367
E00071818,132,38,10,28,94,83,11,28.78787878787879,7.575757575757576,21.21212121212121,71.21212121212122,62.878787878787875,8.333333333333332
E00071820,91,19,6,13,72,68,4,20.87912087912088,6.593406593406594,14.285714285714285,79.12087912087912,74.72527472527473,4.395604395604396
E00071821,158,40,16,24,118,104,14,25.31645569620253,10.126582278481013,15.18987341772152,74.68354430379746,65.82278481012658,8.860759493670885
E00071824,108,35,4,31,73,69,4,32.407407407407405,3.7037037037037033,28.703703703703702,67.5925925925926,63.888888888888886,3.7037037037037033
E00071825,136,39,13,26,97,85,12,28.676470588235293,9.558823529411764,19.11764705882353,71.32352941176471,62.5,8.823529411764707
E00071826,140,36,7,29,104,90,14,25.71428571428571,5,20.714285714285715,74.28571428571429,64.28571428571429,10
E00071827,26,7,1,6,19,16,3,26.923076923076923,3.8461538461538463,23.076923076923077,73.07692307692307,61.53846153846154,11.538461538461538
E00071828,77,28,3,25,49,42,7,36.36363636363637,3.896103896103896,32.467532467532465,63.63636363636363,54.54545454545454,9.090909090909092
E00071829,150,43,11,32,107,90,17,28.666666666666668,7.333333333333333,21.333333333333336,71.33333333333334,60,11.333333333333332
E00071831,116,38,9,29,78,65,13,32.758620689655174,7.758620689655173,25,67.24137931034483,56.03448275862068,11.206896551724139
E00071832,127,45,12,33,82,78,4,35.43307086614173,9.448818897637794,25.984251968503933,64.56692913385827,61.417322834645674,3.149606299212598
E00071833,98,31,5,26,67,57,10,31.63265306122449,5.1020408163265305,26.53061224489796,68.36734693877551,58.16326530612245,10.204081632653061
E00071835,113,32,9,23,81,69,12,28.31858407079646,7.964601769911504,20.353982300884958,71.68141592920354,61.06194690265486,10.619469026548673
E00071836,133,42,10,32,91,85,6,31.57894736842105,7.518796992481203,24.06015037593985,68.42105263157895,63.90977443609023,4.511278195488721
E00071837,87,22,4,18,65,56,9,25.287356321839084,4.597701149425287,20.689655172413794,74.71264367816092,64.36781609195403,10.344827586206897
E00071838,102,28,8,20,74,61,13,27.450980392156865,7.8431372549019605,19.607843137254903,72.54901960784314,59.80392156862745,12.745098039215685
E00071839,90,23,8,15,67,54,13,25.555555555555554,8.88888888888889,16.666666666666664,74.44444444444444,60,14.444444444444443
E00071840,110,33,7,26,77,73,4,30,6.363636363636363,23.636363636363637,70,66.36363636363637,3.6363636363636362
E00071841,108,37,9,28,71,63,8,34.25925925925926,8.333333333333332,25.925925925925924,65.74074074074075,58.333333333333336,7.4074074074074066
E00071842,117,28,9,19,89,74,15,23.931623931623932,7.6923076923076925,16.23931623931624,76.06837606837607,63.24786324786324,12.82051282051282
E00071843,37,10,2,8,27,24,3,27.027027027027028,5.405405405405405,21.62162162162162,72.97297297297297,64.86486486486487,8.108108108108109
E00071844,106,31,6,25,75,66,9,29.245283018867923,5.660377358490567,23.58490566037736,70.75471698113208,62.264150943396224,8.49056603773585
E00071845,186,52,7,45,134,115,19,27.956989247311824,3.763440860215054,24.193548387096776,72.04301075268818,61.82795698924731,10.21505376344086
E00071846,85,21,4,17,64,59,5,24.705882352941178,4.705882352941177,20,75.29411764705883,69.41176470588235,5.88235294117647
E00071847,116,40,14,26,76,62,14,34.48275862068966,12.068965517241379,22.413793103448278,65.51724137931035,53.44827586206896,12.068965517241379
E00071848,126,32,7,25,94,85,9,25.396825396825395,5.555555555555555,19.841269841269842,74.60317460317461,67.46031746031747,7.142857142857142
E00071849,178,58,22,36,120,101,19,32.58426966292135,12.359550561797752,20.224719101123593,67.41573033707866,56.74157303370787,10.674157303370785
E00071850,82,21,0,21,61,53,8,25.609756097560975,0,25.609756097560975,74.39024390243902,64.63414634146342,9.75609756097561
E00071851,114,39,17,22,75,70,5,34.21052631578947,14.912280701754385,19.298245614035086,65.78947368421053,61.40350877192983,4.385964912280701
E00071852,101,30,5,25,71,65,6,29.7029702970297,4.9504950495049505,24.752475247524753,70.29702970297029,64.35643564356435,5.9405940594059405
E00071853,101,34,19,15,67,55,12,33.663366336633665,18.81188118811881,14.85148514851485,66.33663366336634,54.45544554455446,11.881188118811881
E00071855,127,34,8,26,93,78,15,26.77165354330709,6.299212598425196,20.47244094488189,73.22834645669292,61.417322834645674,11.811023622047244
E00071856,129,37,11,26,92,79,13,28.68217054263566,8.527131782945736,20.155038759689923,71.31782945736434,61.240310077519375,10.077519379844961
E00071859,141,41,10,31,100,86,14,29.078014184397162,7.092198581560284,21.98581560283688,70.92198581560284,60.99290780141844,9.929078014184398
E00071860,133,35,9,26,98,88,10,26.31578947368421,6.7669172932330826,19.548872180451127,73.68421052631578,66.16541353383458,7.518796992481203
E00071861,64,14,1,13,50,46,4,21.875,1.5625,20.3125,78.125,71.875,6.25
E00071862,99,30,10,20,69,66,3,30.303030303030305,10.1010101010101,20.2020202020202,69.6969696969697,66.66666666666666,3.0303030303030303
E00071863,96,33,8,25,63,57,6,34.375,8.333333333333332,26.041666666666668,65.625,59.375,6.25
E00071864,115,31,10,21,84,74,10,26.956521739130434,8.695652173913043,18.26086956521739,73.04347826086956,64.34782608695652,8.695652173913043
E00071865,109,33,12,21,76,63,13,30.275229357798167,11.009174311926607,19.26605504587156,69.72477064220183,57.798165137614674,11.926605504587156
E00071866,161,77,9,68,84,68,16,47.82608695652174,5.590062111801243,42.2360248447205,52.17391304347826,42.2360248447205,9.937888198757763
E00071867,124,33,8,25,91,80,11,26.61290322580645,6.451612903225806,20.161290322580644,73.38709677419355,64.51612903225806,8.870967741935484
E00071868,145,29,7,22,116,108,8,20,4.827586206896552,15.172413793103448,80,74.48275862068967,5.517241379310345
E00071869,106,35,11,24,71,65,6,33.0188679245283,10.377358490566039,22.641509433962266,66.98113207547169,61.32075471698113,5.660377358490567
E00071870,108,30,9,21,78,73,5,27.77777777777778,8.333333333333332,19.444444444444446,72.22222222222221,67.5925925925926,4.62962962962963
E00071871,78,19,4,15,59,52,7,24.358974358974358,5.128205128205128,19.230769230769234,75.64102564102564,66.66666666666666,8.974358974358974
E00071872,125,44,9,35,81,74,7,35.199999999999996,7.199999999999999,28.000000000000004,64.8,59.199999999999996,5.6000000000000005
E00071873,172,47,14,33,125,96,29,27.325581395348834,8.13953488372093,19.186046511627907,72.67441860465115,55.81395348837209,16.86046511627907
E00071874,122,34,16,18,88,79,9,27.86885245901639,13.114754098360656,14.754098360655737,72.1311475409836,64.75409836065575,7.377049180327869
E00071875,157,36,12,24,121,112,9,22.929936305732486,7.643312101910828,15.286624203821656,77.07006369426752,71.3375796178344,5.7324840764331215
E00071876,152,32,9,23,120,106,14,21.052631578947366,5.921052631578947,15.131578947368421,78.94736842105263,69.73684210526315,9.210526315789473
E00071877,156,40,6,34,116,106,10,25.64102564102564,3.8461538461538463,21.794871794871796,74.35897435897436,67.94871794871796,6.41025641025641
E00071878,149,42,7,35,107,93,14,28.187919463087248,4.697986577181208,23.48993288590604,71.81208053691275,62.41610738255034,9.395973154362416
E00071879,134,31,8,23,103,95,8,23.134328358208954,5.970149253731343,17.16417910447761,76.86567164179104,70.8955223880597,5.970149253731343
E00071880,119,31,6,25,88,79,9,26.05042016806723,5.042016806722689,21.008403361344538,73.94957983193278,66.38655462184873,7.563025210084033
E00071881,165,43,12,31,122,113,9,26.060606060606062,7.2727272727272725,18.787878787878785,73.93939393939394,68.48484848484848,5.454545454545454
E00071882,161,25,6,19,136,123,13,15.527950310559005,3.7267080745341614,11.801242236024844,84.472049689441,76.3975155279503,8.074534161490684
E00071883,144,46,19,27,98,86,12,31.944444444444443,13.194444444444445,18.75,68.05555555555556,59.72222222222222,8.333333333333332
E00071884,131,34,9,25,97,87,10,25.954198473282442,6.870229007633588,19.083969465648856,74.04580152671755,66.41221374045801,7.633587786259542
E00071885,116,31,7,24,85,74,11,26.72413793103448,6.0344827586206895,20.689655172413794,73.27586206896551,63.793103448275865,9.482758620689655
E00071886,177,55,13,42,122,116,6,31.07344632768362,7.344632768361582,23.728813559322035,68.92655367231639,65.5367231638418,3.389830508474576
E00071887,92,28,9,19,64,59,5,30.434782608695656,9.782608695652174,20.652173913043477,69.56521739130434,64.13043478260869,5.434782608695652
E00071888,96,28,5,23,68,55,13,29.166666666666668,5.208333333333334,23.958333333333336,70.83333333333334,57.291666666666664,13.541666666666666
E00071889,143,38,6,32,105,95,10,26.573426573426573,4.195804195804196,22.377622377622377,73.42657342657343,66.43356643356644,6.993006993006993
E00071890,136,42,8,34,94,86,8,30.88235294117647,5.88235294117647,25,69.11764705882352,63.23529411764706,5.88235294117647
E00071891,150,40,11,29,110,98,12,26.666666666666668,7.333333333333333,19.333333333333332,73.33333333333333,65.33333333333333,8
E00071892,90,22,5,17,68,55,13,24.444444444444443,5.555555555555555,18.88888888888889,75.55555555555556,61.111111111111114,14.444444444444443
E00071893,122,35,6,29,87,81,6,28.688524590163933,4.918032786885246,23.770491803278688,71.31147540983606,66.39344262295081,4.918032786885246
E00071894,153,52,19,33,101,89,12,33.98692810457516,12.418300653594772,21.568627450980394,66.01307189542483,58.16993464052288,7.8431372549019605
E00071895,125,41,4,37,84,75,9,32.800000000000004,3.2,29.599999999999998,67.2,60,7.199999999999999
E00071896,110,22,4,18,88,80,8,20,3.6363636363636362,16.363636363636363,80,72.72727272727273,7.2727272727272725
E00071897,112,34,9,25,78,68,10,30.357142857142854,8.035714285714286,22.321428571428573,69.64285714285714,60.71428571428571,8.928571428571429
E00071898,120,35,4,31,85,80,5,29.166666666666668,3.3333333333333335,25.833333333333336,70.83333333333334,66.66666666666666,4.166666666666666
E00071900,140,47,13,34,93,88,5,33.57142857142857,9.285714285714286,24.285714285714285,66.42857142857143,62.857142857142854,3.571428571428571
E00071901,151,39,12,27,112,99,13,25.82781456953642,7.9470198675496695,17.880794701986755,74.17218543046357,65.56291390728477,8.609271523178808
E00071902,111,36,7,29,75,70,5,32.432432432432435,6.306306306306306,26.126126126126124,67.56756756756756,63.06306306306306,4.504504504504505
E00071903,109,27,7,20,82,70,12,24.770642201834864,6.422018348623854,18.34862385321101,75.22935779816514,64.22018348623854,11.009174311926607
E00071904,161,60,22,38,101,83,18,37.267080745341616,13.664596273291925,23.60248447204969,62.732919254658384,51.5527950310559,11.180124223602485
E00071905,145,44,16,28,101,87,14,30.344827586206897,11.03448275862069,19.310344827586206,69.6551724137931,60,9.655172413793103
E00071906,101,41,14,27,60,53,7,40.5940594059406,13.861386138613863,26.732673267326735,59.4059405940594,52.475247524752476,6.9306930693069315
E00071907,89,35,11,24,54,49,5,39.325842696629216,12.359550561797752,26.96629213483146,60.67415730337079,55.0561797752809,5.617977528089887
E00071908,122,23,10,13,99,90,9,18.852459016393443,8.19672131147541,10.655737704918032,81.14754098360656,73.77049180327869,7.377049180327869
E00071909,143,42,5,37,101,90,11,29.37062937062937,3.4965034965034967,25.874125874125873,70.62937062937063,62.93706293706294,7.6923076923076925
E00071910,146,42,12,30,104,94,10,28.767123287671232,8.21917808219178,20.54794520547945,71.23287671232876,64.38356164383562,6.8493150684931505
E00071911,127,42,15,27,85,77,8,33.07086614173229,11.811023622047244,21.25984251968504,66.92913385826772,60.629921259842526,6.299212598425196
E00071912,110,25,6,19,85,73,12,22.727272727272727,5.454545454545454,17.272727272727273,77.27272727272727,66.36363636363637,10.909090909090908
E00071913,150,41,14,27,109,92,17,27.333333333333332,9.333333333333334,18,72.66666666666667,61.33333333333333,11.333333333333332
E00071914,95,24,5,19,71,66,5,25.263157894736842,5.263157894736842,20,74.73684210526315,69.47368421052632,5.263157894736842
E00071915,126,39,6,33,87,80,7,30.952380952380953,4.761904761904762,26.190476190476193,69.04761904761905,63.49206349206349,5.555555555555555
E00071916,127,39,15,24,88,70,18,30.708661417322837,11.811023622047244,18.89763779527559,69.29133858267717,55.118110236220474,14.173228346456693
E00071917,247,70,16,54,177,167,10,28.34008097165992,6.477732793522267,21.86234817813765,71.65991902834008,67.61133603238866,4.048582995951417
E00071918,102,45,14,31,57,47,10,44.11764705882353,13.725490196078432,30.392156862745097,55.88235294117647,46.07843137254902,9.803921568627452
E00071919,84,20,2,18,64,57,7,23.809523809523807,2.380952380952381,21.428571428571427,76.19047619047619,67.85714285714286,8.333333333333332
E00071920,102,29,8,21,73,64,9,28.431372549019606,7.8431372549019605,20.588235294117645,71.56862745098039,62.745098039215684,8.823529411764707
E00071921,155,40,9,31,115,99,16,25.806451612903224,5.806451612903226,20,74.19354838709677,63.87096774193548,10.32258064516129
E00071922,139,46,10,36,93,81,12,33.093525179856115,7.1942446043165464,25.899280575539567,66.90647482014388,58.27338129496403,8.633093525179856
E00071923,146,34,6,28,112,102,10,23.28767123287671,4.10958904109589,19.17808219178082,76.71232876712328,69.86301369863014,6.8493150684931505
E00071924,146,42,5,37,104,93,11,28.767123287671232,3.4246575342465753,25.34246575342466,71.23287671232876,63.6986301369863,7.534246575342466
E00071925,102,31,5,26,71,58,13,30.392156862745097,4.901960784313726,25.49019607843137,69.6078431372549,56.86274509803921,12.745098039215685
E00071926,102,32,6,26,70,61,9,31.372549019607842,5.88235294117647,25.49019607843137,68.62745098039215,59.80392156862745,8.823529411764707
E00071927,111,29,9,20,82,71,11,26.126126126126124,8.108108108108109,18.01801801801802,73.87387387387388,63.96396396396396,9.90990990990991
E00071928,109,29,10,19,80,72,8,26.605504587155966,9.174311926605505,17.431192660550458,73.39449541284404,66.05504587155964,7.339449541284404
E00071929,40,7,1,6,33,32,1,17.5,2.5,15,82.5,80,2.5
E00071930,142,42,12,30,100,95,5,29.577464788732392,8.450704225352112,21.12676056338028,70.4225352112676,66.90140845070422,3.5211267605633805
E00071931,147,50,11,39,97,86,11,34.01360544217687,7.482993197278912,26.53061224489796,65.98639455782312,58.50340136054422,7.482993197278912
E00071932,136,40,8,32,96,84,12,29.411764705882355,5.88235294117647,23.52941176470588,70.58823529411765,61.76470588235294,8.823529411764707
E00071933,134,34,7,27,100,92,8,25.37313432835821,5.223880597014925,20.149253731343283,74.6268656716418,68.65671641791045,5.970149253731343
E00071934,112,42,14,28,70,66,4,37.5,12.5,25,62.5,58.92857142857143,3.571428571428571
E00071935,134,47,14,33,87,73,14,35.07462686567165,10.44776119402985,24.62686567164179,64.92537313432835,54.47761194029851,10.44776119402985
E00071936,138,48,15,33,90,82,8,34.78260869565217,10.869565217391305,23.91304347826087,65.21739130434783,59.42028985507246,5.797101449275362
E00071937,120,39,11,28,81,73,8,32.5,9.166666666666666,23.333333333333332,67.5,60.83333333333333,6.666666666666667
E00071938,127,30,8,22,97,85,12,23.62204724409449,6.299212598425196,17.322834645669293,76.37795275590551,66.92913385826772,9.448818897637794
E00071939,96,30,13,17,66,61,5,31.25,13.541666666666666,17.708333333333336,68.75,63.541666666666664,5.208333333333334
E00071940,140,46,19,27,94,82,12,32.857142857142854,13.571428571428571,19.28571428571429,67.14285714285714,58.57142857142858,8.571428571428571
E00071941,107,42,10,32,65,56,9,39.25233644859813,9.345794392523365,29.906542056074763,60.747663551401864,52.336448598130836,8.411214953271028
E00071942,103,30,10,20,73,66,7,29.126213592233007,9.70873786407767,19.41747572815534,70.87378640776699,64.07766990291263,6.796116504854369
E00071943,192,49,13,36,143,128,15,25.520833333333332,6.770833333333333,18.75,74.47916666666666,66.66666666666666,7.8125
E00071944,160,44,11,33,116,97,19,27.500000000000004,6.875000000000001,20.625,72.5,60.62499999999999,11.875
E00071946,91,42,17,25,49,43,6,46.15384615384615,18.681318681318682,27.472527472527474,53.84615384615385,47.25274725274725,6.593406593406594
E00071947,116,61,16,45,55,48,7,52.58620689655172,13.793103448275861,38.793103448275865,47.41379310344828,41.37931034482759,6.0344827586206895
E00071948,144,76,26,50,68,54,14,52.77777777777778,18.055555555555554,34.72222222222222,47.22222222222222,37.5,9.722222222222223
E00071949,272,74,18,56,198,177,21,27.205882352941174,6.61764705882353,20.588235294117645,72.79411764705883,65.07352941176471,7.720588235294118
E00071950,144,30,9,21,114,99,15,20.833333333333336,6.25,14.583333333333334,79.16666666666666,68.75,10.416666666666668
E00071952,99,24,4,20,75,69,6,24.242424242424242,4.040404040404041,20.2020202020202,75.75757575757575,69.6969696969697,6.0606060606060606
E00071953,70,11,1,10,59,52,7,15.714285714285714,1.4285714285714286,14.285714285714285,84.28571428571429,74.28571428571429,10
E00071954,82,10,4,6,72,64,8,12.195121951219512,4.878048780487805,7.317073170731707,87.8048780487805,78.04878048780488,9.75609756097561
E00071955,55,13,0,13,42,38,4,23.636363636363637,0,23.636363636363637,76.36363636363637,69.0909090909091,7.2727272727272725
E00071956,110,39,13,26,71,67,4,35.45454545454545,11.818181818181818,23.636363636363637,64.54545454545455,60.909090909090914,3.6363636363636362
E00071957,179,40,11,29,139,122,17,22.3463687150838,6.145251396648044,16.201117318435752,77.6536312849162,68.15642458100558,9.497206703910614
E00071958,183,51,14,37,132,116,16,27.86885245901639,7.650273224043716,20.21857923497268,72.1311475409836,63.387978142076506,8.743169398907105
E00071959,99,33,9,24,66,59,7,33.33333333333333,9.090909090909092,24.242424242424242,66.66666666666666,59.59595959595959,7.07070707070707
E00071960,111,32,6,26,79,74,5,28.82882882882883,5.405405405405405,23.423423423423422,71.17117117117117,66.66666666666666,4.504504504504505
E00071961,168,43,7,36,125,112,13,25.595238095238095,4.166666666666666,21.428571428571427,74.40476190476191,66.66666666666666,7.738095238095238
E00071962,127,42,12,30,85,80,5,33.07086614173229,9.448818897637794,23.62204724409449,66.92913385826772,62.99212598425197,3.937007874015748
E00071963,85,34,8,26,51,43,8,40,9.411764705882353,30.58823529411765,60,50.588235294117645,9.411764705882353
E00071964,73,15,5,10,58,46,12,20.54794520547945,6.8493150684931505,13.698630136986301,79.45205479452055,63.013698630136986,16.43835616438356
E00071965,111,40,12,28,71,63,8,36.03603603603604,10.81081081081081,25.225225225225223,63.96396396396396,56.75675675675676,7.207207207207207
E00071966,120,55,15,40,65,57,8,45.83333333333333,12.5,33.33333333333333,54.166666666666664,47.5,6.666666666666667
E00071967,133,42,16,26,91,83,8,31.57894736842105,12.030075187969924,19.548872180451127,68.42105263157895,62.40601503759399,6.015037593984962
E00071968,158,41,12,29,117,102,15,25.949367088607595,7.59493670886076,18.354430379746837,74.0506329113924,64.55696202531645,9.49367088607595
E00071969,166,48,11,37,118,103,15,28.915662650602407,6.626506024096386,22.289156626506024,71.08433734939759,62.048192771084345,9.036144578313253
E00071970,141,37,12,25,104,95,9,26.24113475177305,8.51063829787234,17.73049645390071,73.75886524822694,67.37588652482269,6.382978723404255
E00071971,148,67,21,46,81,73,8,45.27027027027027,14.18918918918919,31.08108108108108,54.729729729729726,49.32432432432432,5.405405405405405
E00071972,163,54,18,36,109,97,12,33.12883435582822,11.042944785276074,22.085889570552148,66.87116564417178,59.50920245398773,7.361963190184049
E00071973,97,26,5,21,71,60,11,26.804123711340207,5.154639175257731,21.649484536082475,73.19587628865979,61.855670103092784,11.34020618556701
E00071974,180,61,18,43,119,104,15,33.88888888888889,10,23.88888888888889,66.11111111111111,57.77777777777777,8.333333333333332
E00071975,95,31,9,22,64,51,13,32.631578947368425,9.473684210526317,23.157894736842106,67.36842105263158,53.68421052631579,13.684210526315791
E00071976,146,48,10,38,98,88,10,32.87671232876712,6.8493150684931505,26.027397260273972,67.12328767123287,60.273972602739725,6.8493150684931505
E00071977,109,31,3,28,78,65,13,28.440366972477065,2.7522935779816518,25.688073394495415,71.55963302752293,59.63302752293578,11.926605504587156
E00071978,124,32,6,26,92,87,5,25.806451612903224,4.838709677419355,20.967741935483872,74.19354838709677,70.16129032258065,4.032258064516129
E00071979,125,37,13,24,88,82,6,29.599999999999998,10.4,19.2,70.39999999999999,65.60000000000001,4.8
E00071980,136,29,5,24,107,94,13,21.323529411764707,3.6764705882352944,17.647058823529413,78.67647058823529,69.11764705882352,9.558823529411764
E00071981,176,39,7,32,137,120,17,22.15909090909091,3.977272727272727,18.181818181818183,77.8409090909091,68.18181818181817,9.659090909090908
E00071984,132,49,12,37,83,77,6,37.121212121212125,9.090909090909092,28.030303030303028,62.878787878787875,58.333333333333336,4.545454545454546
E00071985,135,28,11,17,107,88,19,20.74074074074074,8.148148148148149,12.592592592592592,79.25925925925927,65.18518518518519,14.074074074074074
E00071986,173,50,10,40,123,106,17,28.901734104046245,5.780346820809249,23.121387283236995,71.09826589595376,61.27167630057804,9.826589595375722
E00071987,70,25,7,18,45,38,7,35.714285714285715,10,25.71428571428571,64.28571428571429,54.285714285714285,10
E00071988,119,29,6,23,90,83,7,24.369747899159663,5.042016806722689,19.327731092436977,75.63025210084034,69.74789915966386,5.88235294117647
E00071989,120,29,6,23,91,74,17,24.166666666666668,5,19.166666666666668,75.83333333333333,61.66666666666667,14.166666666666666
E00071990,206,63,16,47,143,124,19,30.582524271844658,7.766990291262135,22.815533980582526,69.41747572815534,60.19417475728155,9.223300970873787
E00071991,111,33,8,25,78,73,5,29.72972972972973,7.207207207207207,22.52252252252252,70.27027027027027,65.76576576576578,4.504504504504505
E00071992,134,40,12,28,94,86,8,29.850746268656714,8.955223880597014,20.8955223880597,70.1492537313433,64.17910447761194,5.970149253731343
E00071993,118,37,9,28,81,72,9,31.35593220338983,7.627118644067797,23.728813559322035,68.64406779661016,61.016949152542374,7.627118644067797
E00071994,135,43,7,36,92,82,10,31.851851851851855,5.185185185185185,26.666666666666668,68.14814814814815,60.74074074074074,7.4074074074074066
E00071995,78,23,7,16,55,47,8,29.48717948717949,8.974358974358974,20.51282051282051,70.51282051282051,60.256410256410255,10.256410256410255
E00071996,204,55,10,45,149,129,20,26.96078431372549,4.901960784313726,22.058823529411764,73.0392156862745,63.23529411764706,9.803921568627452
E00071997,94,31,8,23,63,52,11,32.97872340425532,8.51063829787234,24.46808510638298,67.02127659574468,55.319148936170215,11.702127659574469
E00071998,92,27,6,21,65,63,2,29.347826086956523,6.521739130434782,22.82608695652174,70.65217391304348,68.47826086956522,2.1739130434782608
E00071999,117,52,13,39,65,51,14,44.44444444444444,11.11111111111111,33.33333333333333,55.55555555555556,43.58974358974359,11.965811965811966
E00072000,125,35,15,20,90,79,11,28.000000000000004,12,16,72,63.2,8.799999999999999
E00072002,140,34,11,23,106,91,15,24.285714285714285,7.857142857142857,16.428571428571427,75.71428571428571,65,10.714285714285714
E00072003,83,25,8,17,58,51,7,30.120481927710845,9.63855421686747,20.481927710843372,69.87951807228916,61.44578313253012,8.433734939759036
E00072004,95,41,10,31,54,48,6,43.15789473684211,10.526315789473683,32.631578947368425,56.84210526315789,50.526315789473685,6.315789473684211
E00072005,133,43,11,32,90,82,8,32.33082706766917,8.270676691729323,24.06015037593985,67.66917293233082,61.65413533834586,6.015037593984962
E00072006,126,35,5,30,91,84,7,27.77777777777778,3.968253968253968,23.809523809523807,72.22222222222221,66.66666666666666,5.555555555555555
E00072007,99,24,6,18,75,66,9,24.242424242424242,6.0606060606060606,18.181818181818183,75.75757575757575,66.66666666666666,9.090909090909092
E00072008,143,35,9,26,108,94,14,24.475524475524477,6.293706293706294,18.181818181818183,75.52447552447552,65.73426573426573,9.79020979020979
E00072009,113,49,14,35,64,56,8,43.36283185840708,12.389380530973451,30.973451327433626,56.63716814159292,49.557522123893804,7.079646017699115
E00072010,61,22,9,13,39,35,4,36.0655737704918,14.754098360655737,21.311475409836063,63.934426229508205,57.377049180327866,6.557377049180328
E00072011,112,27,10,17,85,76,9,24.107142857142858,8.928571428571429,15.178571428571427,75.89285714285714,67.85714285714286,8.035714285714286
E00072012,172,47,7,40,125,108,17,27.325581395348834,4.069767441860465,23.25581395348837,72.67441860465115,62.7906976744186,9.883720930232558
E00072013,142,54,11,43,88,87,1,38.028169014084504,7.746478873239436,30.28169014084507,61.97183098591549,61.267605633802816,0.7042253521126761
E00072014,134,44,11,33,90,82,8,32.83582089552239,8.208955223880597,24.62686567164179,67.16417910447761,61.19402985074627,5.970149253731343
E00072015,140,43,10,33,97,88,9,30.714285714285715,7.142857142857142,23.57142857142857,69.28571428571428,62.857142857142854,6.428571428571428
E00072016,169,42,4,38,127,120,7,24.85207100591716,2.366863905325444,22.485207100591715,75.14792899408283,71.00591715976331,4.142011834319527
E00072017,128,29,6,23,99,85,14,22.65625,4.6875,17.96875,77.34375,66.40625,10.9375
E00072018,145,42,14,28,103,79,24,28.965517241379313,9.655172413793103,19.310344827586206,71.03448275862068,54.48275862068965,16.551724137931036
E00072019,133,29,6,23,104,98,6,21.804511278195488,4.511278195488721,17.293233082706767,78.19548872180451,73.68421052631578,4.511278195488721
E00072021,128,30,10,20,98,85,13,23.4375,7.8125,15.625,76.5625,66.40625,10.15625
E00072022,330,85,15,70,245,220,25,25.757575757575758,4.545454545454546,21.21212121212121,74.24242424242425,66.66666666666666,7.575757575757576
E00072023,111,37,15,22,74,70,4,33.33333333333333,13.513513513513514,19.81981981981982,66.66666666666666,63.06306306306306,3.6036036036036037
E00072024,96,24,1,23,72,63,9,25,1.0416666666666665,23.958333333333336,75,65.625,9.375
E00072025,131,30,3,27,101,80,21,22.900763358778626,2.2900763358778624,20.610687022900763,77.09923664122137,61.06870229007634,16.030534351145036
E00072027,92,36,10,26,56,44,12,39.130434782608695,10.869565217391305,28.26086956521739,60.86956521739131,47.82608695652174,13.043478260869565
E00072028,152,35,11,24,117,107,10,23.026315789473685,7.236842105263158,15.789473684210526,76.97368421052632,70.39473684210526,6.578947368421052
E00072029,142,42,11,31,100,88,12,29.577464788732392,7.746478873239436,21.830985915492956,70.4225352112676,61.97183098591549,8.450704225352112
E00072030,160,50,10,40,110,99,11,31.25,6.25,25,68.75,61.875,6.875000000000001
E00072031,120,37,13,24,83,72,11,30.833333333333336,10.833333333333334,20,69.16666666666667,60,9.166666666666666
E00072033,85,25,6,19,60,54,6,29.411764705882355,7.0588235294117645,22.35294117647059,70.58823529411765,63.52941176470588,7.0588235294117645
E00072034,112,23,9,14,89,77,12,20.535714285714285,8.035714285714286,12.5,79.46428571428571,68.75,10.714285714285714
E00072035,282,74,14,60,208,172,36,26.24113475177305,4.964539007092199,21.27659574468085,73.75886524822694,60.99290780141844,12.76595744680851
E00072036,107,40,12,28,67,59,8,37.38317757009346,11.214953271028037,26.168224299065418,62.616822429906534,55.140186915887845,7.476635514018691
E00072037,128,31,9,22,97,89,8,24.21875,7.03125,17.1875,75.78125,69.53125,6.25
E00072038,88,26,6,20,62,54,8,29.545454545454547,6.8181818181818175,22.727272727272727,70.45454545454545,61.36363636363637,9.090909090909092
E00072039,53,16,4,12,37,34,3,30.18867924528302,7.547169811320755,22.641509433962266,69.81132075471697,64.15094339622641,5.660377358490567
E00072040,89,31,9,22,58,50,8,34.831460674157306,10.112359550561797,24.719101123595504,65.1685393258427,56.17977528089888,8.98876404494382
E00072041,162,50,15,35,112,96,16,30.864197530864196,9.25925925925926,21.604938271604937,69.1358024691358,59.25925925925925,9.876543209876543
E00072042,118,30,9,21,88,76,12,25.423728813559322,7.627118644067797,17.796610169491526,74.57627118644068,64.40677966101694,10.16949152542373
E00072043,93,30,6,24,63,52,11,32.25806451612903,6.451612903225806,25.806451612903224,67.74193548387096,55.91397849462365,11.827956989247312
E00072044,178,57,19,38,121,104,17,32.02247191011236,10.674157303370785,21.34831460674157,67.97752808988764,58.42696629213483,9.550561797752808
E00072045,115,33,7,26,82,76,6,28.695652173913043,6.086956521739131,22.608695652173914,71.30434782608695,66.08695652173913,5.217391304347826
E00072046,136,32,9,23,104,94,10,23.52941176470588,6.61764705882353,16.911764705882355,76.47058823529412,69.11764705882352,7.352941176470589
E00072047,99,32,11,21,67,62,5,32.323232323232325,11.11111111111111,21.21212121212121,67.67676767676768,62.62626262626263,5.05050505050505
E00072048,178,50,18,32,128,113,15,28.08988764044944,10.112359550561797,17.97752808988764,71.91011235955057,63.48314606741573,8.426966292134832
E00072049,109,38,10,28,71,59,12,34.862385321100916,9.174311926605505,25.688073394495415,65.13761467889908,54.12844036697248,11.009174311926607
E00072050,137,29,10,19,108,98,10,21.16788321167883,7.2992700729927,13.86861313868613,78.83211678832117,71.53284671532847,7.2992700729927
E00072051,144,35,10,25,109,93,16,24.305555555555554,6.944444444444445,17.36111111111111,75.69444444444444,64.58333333333334,11.11111111111111
E00072052,121,41,13,28,80,69,11,33.88429752066116,10.743801652892563,23.140495867768596,66.11570247933885,57.02479338842975,9.090909090909092
E00072053,145,31,5,26,114,103,11,21.379310344827587,3.4482758620689653,17.93103448275862,78.62068965517241,71.03448275862068,7.586206896551724
E00072054,162,33,10,23,129,112,17,20.37037037037037,6.172839506172839,14.19753086419753,79.62962962962963,69.1358024691358,10.493827160493826
E00072055,122,36,11,25,86,75,11,29.508196721311474,9.01639344262295,20.491803278688526,70.49180327868852,61.47540983606557,9.01639344262295
E00072056,152,42,8,34,110,105,5,27.631578947368425,5.263157894736842,22.36842105263158,72.36842105263158,69.07894736842105,3.289473684210526
E00072057,108,25,3,22,83,77,6,23.14814814814815,2.7777777777777777,20.37037037037037,76.85185185185185,71.29629629629629,5.555555555555555
E00072058,120,35,15,20,85,76,9,29.166666666666668,12.5,16.666666666666664,70.83333333333334,63.33333333333333,7.5
E00072059,286,81,23,58,205,179,26,28.321678321678323,8.041958041958042,20.27972027972028,71.67832167832168,62.58741258741259,9.090909090909092
E00072060,120,27,1,26,93,83,10,22.5,0.8333333333333334,21.666666666666668,77.5,69.16666666666667,8.333333333333332
E00072061,124,40,9,31,84,79,5,32.25806451612903,7.258064516129033,25,67.74193548387096,63.70967741935484,4.032258064516129
E00072062,108,31,6,25,77,71,6,28.703703703703702,5.555555555555555,23.14814814814815,71.29629629629629,65.74074074074075,5.555555555555555
E00072063,112,21,7,14,91,79,12,18.75,6.25,12.5,81.25,70.53571428571429,10.714285714285714
E00072064,114,32,8,24,82,73,9,28.07017543859649,7.017543859649122,21.052631578947366,71.9298245614035,64.03508771929825,7.894736842105263
E00072065,109,33,9,24,76,68,8,30.275229357798167,8.256880733944955,22.018348623853214,69.72477064220183,62.38532110091744,7.339449541284404
E00072066,280,62,17,45,218,183,35,22.142857142857142,6.071428571428571,16.071428571428573,77.85714285714286,65.35714285714286,12.5
E00072067,141,43,6,37,98,92,6,30.49645390070922,4.25531914893617,26.24113475177305,69.50354609929079,65.24822695035462,4.25531914893617
E00072068,148,38,13,25,110,99,11,25.675675675675674,8.783783783783784,16.89189189189189,74.32432432432432,66.8918918918919,7.4324324324324325
E00072069,126,31,7,24,95,86,9,24.6031746031746,5.555555555555555,19.047619047619047,75.39682539682539,68.25396825396825,7.142857142857142
E00072070,113,32,10,22,81,76,5,28.31858407079646,8.849557522123893,19.469026548672566,71.68141592920354,67.2566371681416,4.424778761061947
E00072071,143,38,10,28,105,90,15,26.573426573426573,6.993006993006993,19.58041958041958,73.42657342657343,62.93706293706294,10.48951048951049
E00072072,128,35,15,20,93,83,10,27.34375,11.71875,15.625,72.65625,64.84375,7.8125
E00072073,140,33,13,20,107,91,16,23.57142857142857,9.285714285714286,14.285714285714285,76.42857142857142,65,11.428571428571429
E00072074,130,37,11,26,93,85,8,28.46153846153846,8.461538461538462,20,71.53846153846153,65.38461538461539,6.153846153846154
E00072075,160,39,9,30,121,110,11,24.375,5.625,18.75,75.625,68.75,6.875000000000001
E00072076,120,42,11,31,78,70,8,35,9.166666666666666,25.833333333333336,65,58.333333333333336,6.666666666666667
E00072077,116,24,8,16,92,84,8,20.689655172413794,6.896551724137931,13.793103448275861,79.3103448275862,72.41379310344827,6.896551724137931
E00072078,67,17,4,13,50,43,7,25.37313432835821,5.970149253731343,19.402985074626866,74.6268656716418,64.17910447761194,10.44776119402985
E00072079,128,35,12,23,93,85,8,27.34375,9.375,17.96875,72.65625,66.40625,6.25
E00072080,85,23,6,17,62,57,5,27.058823529411764,7.0588235294117645,20,72.94117647058823,67.05882352941175,5.88235294117647
E00072081,105,27,8,19,78,73,5,25.71428571428571,7.6190476190476195,18.095238095238095,74.28571428571429,69.52380952380952,4.761904761904762
E00072082,97,27,7,20,70,62,8,27.835051546391753,7.216494845360824,20.618556701030926,72.16494845360825,63.91752577319587,8.24742268041237
E00072083,62,15,3,12,47,47,0,24.193548387096776,4.838709677419355,19.35483870967742,75.80645161290323,75.80645161290323,0
E00072084,129,31,10,21,98,84,14,24.031007751937985,7.751937984496124,16.27906976744186,75.96899224806202,65.11627906976744,10.852713178294573
E00072085,109,26,10,16,83,73,10,23.853211009174313,9.174311926605505,14.678899082568808,76.14678899082568,66.97247706422019,9.174311926605505
E00072086,142,38,10,28,104,90,14,26.76056338028169,7.042253521126761,19.718309859154928,73.23943661971832,63.38028169014085,9.859154929577464
E00072087,109,35,12,23,74,67,7,32.11009174311927,11.009174311926607,21.100917431192663,67.88990825688074,61.46788990825688,6.422018348623854
E00072088,104,33,14,19,71,65,6,31.73076923076923,13.461538461538462,18.269230769230766,68.26923076923077,62.5,5.769230769230769
E00072089,52,16,3,13,36,26,10,30.76923076923077,5.769230769230769,25,69.23076923076923,50,19.230769230769234
E00072090,113,32,13,19,81,71,10,28.31858407079646,11.504424778761061,16.8141592920354,71.68141592920354,62.83185840707964,8.849557522123893
E00072091,88,21,4,17,67,59,8,23.863636363636363,4.545454545454546,19.318181818181817,76.13636363636364,67.04545454545455,9.090909090909092
E00072092,138,48,19,29,90,80,10,34.78260869565217,13.768115942028986,21.014492753623188,65.21739130434783,57.971014492753625,7.246376811594203
E00072093,147,38,9,29,109,93,16,25.850340136054424,6.122448979591836,19.727891156462583,74.14965986394559,63.26530612244898,10.884353741496598
E00072094,128,45,12,33,83,74,9,35.15625,9.375,25.78125,64.84375,57.8125,7.03125
E00072095,135,30,9,21,105,96,9,22.22222222222222,6.666666666666667,15.555555555555555,77.77777777777779,71.11111111111111,6.666666666666667
E00072096,126,32,4,28,94,80,14,25.396825396825395,3.1746031746031744,22.22222222222222,74.60317460317461,63.49206349206349,11.11111111111111
E00072097,107,21,4,17,86,78,8,19.626168224299064,3.7383177570093453,15.887850467289718,80.37383177570094,72.89719626168224,7.476635514018691
E00072098,116,40,10,30,76,66,10,34.48275862068966,8.620689655172415,25.862068965517242,65.51724137931035,56.896551724137936,8.620689655172415
E00072099,99,24,9,15,75,70,5,24.242424242424242,9.090909090909092,15.151515151515152,75.75757575757575,70.70707070707071,5.05050505050505
E00072100,139,39,5,34,100,93,7,28.05755395683453,3.5971223021582732,24.46043165467626,71.94244604316546,66.90647482014388,5.0359712230215825
E00072101,86,20,5,15,66,55,11,23.25581395348837,5.813953488372093,17.441860465116278,76.74418604651163,63.95348837209303,12.790697674418606
E00072102,125,37,14,23,88,80,8,29.599999999999998,11.200000000000001,18.4,70.39999999999999,64,6.4
E00072103,91,24,8,16,67,58,9,26.373626373626376,8.791208791208792,17.582417582417584,73.62637362637363,63.73626373626373,9.89010989010989
E00072104,121,31,12,19,90,84,6,25.6198347107438,9.917355371900827,15.702479338842975,74.3801652892562,69.42148760330579,4.958677685950414
E00072105,98,19,7,12,79,69,10,19.387755102040817,7.142857142857142,12.244897959183673,80.61224489795919,70.40816326530613,10.204081632653061
E00072106,111,33,8,25,78,70,8,29.72972972972973,7.207207207207207,22.52252252252252,70.27027027027027,63.06306306306306,7.207207207207207
E00072108,152,70,32,38,82,74,8,46.05263157894737,21.052631578947366,25,53.94736842105263,48.68421052631579,5.263157894736842
E00072109,143,51,22,29,92,85,7,35.66433566433567,15.384615384615385,20.27972027972028,64.33566433566433,59.44055944055944,4.895104895104895
E00072110,139,95,52,43,44,38,6,68.34532374100719,37.410071942446045,30.935251798561154,31.654676258992804,27.33812949640288,4.316546762589928
E00072112,118,54,20,34,64,58,6,45.76271186440678,16.94915254237288,28.8135593220339,54.23728813559322,49.152542372881356,5.084745762711865
E00072114,145,70,34,36,75,66,9,48.275862068965516,23.448275862068964,24.82758620689655,51.724137931034484,45.51724137931035,6.206896551724138
E00072115,132,31,11,20,101,89,12,23.484848484848484,8.333333333333332,15.151515151515152,76.51515151515152,67.42424242424242,9.090909090909092
E00072117,125,63,29,34,62,53,9,50.4,23.200000000000003,27.200000000000003,49.6,42.4,7.199999999999999
E00072118,115,66,29,37,49,45,4,57.391304347826086,25.217391304347824,32.17391304347826,42.608695652173914,39.130434782608695,3.4782608695652173
E00072120,128,65,36,29,63,58,5,50.78125,28.125,22.65625,49.21875,45.3125,3.90625
E00072121,118,57,29,28,61,52,9,48.30508474576271,24.576271186440678,23.728813559322035,51.69491525423729,44.06779661016949,7.627118644067797
E00072122,111,73,43,30,38,38,0,65.76576576576578,38.73873873873874,27.027027027027028,34.234234234234236,34.234234234234236,0
E00072123,61,34,15,19,27,25,2,55.73770491803278,24.59016393442623,31.147540983606557,44.26229508196721,40.98360655737705,3.278688524590164
E00072124,123,47,15,32,76,71,5,38.21138211382114,12.195121951219512,26.01626016260163,61.78861788617886,57.72357723577236,4.0650406504065035
E00072126,120,38,6,32,82,74,8,31.666666666666664,5,26.666666666666668,68.33333333333333,61.66666666666667,6.666666666666667
E00072127,170,55,16,39,115,106,9,32.35294117647059,9.411764705882353,22.941176470588236,67.64705882352942,62.35294117647059,5.294117647058823
E00072128,217,79,26,53,138,121,17,36.405529953917046,11.981566820276496,24.42396313364055,63.594470046082954,55.76036866359447,7.834101382488479
E00072129,88,40,12,28,48,48,0,45.45454545454545,13.636363636363635,31.818181818181817,54.54545454545454,54.54545454545454,0
E00072130,127,53,19,34,74,69,5,41.732283464566926,14.960629921259844,26.77165354330709,58.26771653543307,54.330708661417326,3.937007874015748
E00072131,129,46,21,25,83,73,10,35.65891472868217,16.27906976744186,19.379844961240313,64.34108527131784,56.58914728682171,7.751937984496124
E00072132,147,53,20,33,94,86,8,36.054421768707485,13.60544217687075,22.448979591836736,63.94557823129252,58.50340136054422,5.442176870748299
E00072133,153,68,22,46,85,78,7,44.44444444444444,14.37908496732026,30.065359477124183,55.55555555555556,50.98039215686274,4.57516339869281
E00072134,113,43,13,30,70,61,9,38.05309734513274,11.504424778761061,26.548672566371685,61.94690265486725,53.98230088495575,7.964601769911504
E00072135,43,12,6,6,31,27,4,27.906976744186046,13.953488372093023,13.953488372093023,72.09302325581395,62.7906976744186,9.30232558139535
E00072136,146,46,12,34,100,95,5,31.506849315068493,8.21917808219178,23.28767123287671,68.4931506849315,65.06849315068493,3.4246575342465753
E00072137,100,42,16,26,58,52,6,42,16,26,57.99999999999999,52,6
E00072138,164,33,11,22,131,121,10,20.121951219512198,6.707317073170732,13.414634146341465,79.8780487804878,73.78048780487805,6.097560975609756
E00072139,124,18,5,13,106,96,10,14.516129032258066,4.032258064516129,10.483870967741936,85.48387096774194,77.41935483870968,8.064516129032258
E00072140,119,32,6,26,87,83,4,26.89075630252101,5.042016806722689,21.84873949579832,73.10924369747899,69.74789915966386,3.361344537815126
E00072141,133,28,11,17,105,95,10,21.052631578947366,8.270676691729323,12.781954887218044,78.94736842105263,71.42857142857143,7.518796992481203
E00072142,138,31,8,23,107,98,9,22.463768115942027,5.797101449275362,16.666666666666664,77.53623188405797,71.01449275362319,6.521739130434782
E00072143,159,43,18,25,116,102,14,27.044025157232703,11.320754716981133,15.723270440251572,72.95597484276729,64.15094339622641,8.80503144654088
E00072144,154,48,19,29,106,93,13,31.16883116883117,12.337662337662337,18.83116883116883,68.83116883116884,60.3896103896104,8.441558441558442
E00072145,149,53,10,43,96,85,11,35.57046979865772,6.7114093959731544,28.859060402684566,64.42953020134227,57.04697986577181,7.38255033557047
E00072146,130,32,10,22,98,85,13,24.615384615384617,7.6923076923076925,16.923076923076923,75.38461538461539,65.38461538461539,10
E00072147,129,38,11,27,91,81,10,29.457364341085274,8.527131782945736,20.930232558139537,70.54263565891473,62.7906976744186,7.751937984496124
E00072148,155,44,14,30,111,100,11,28.387096774193548,9.032258064516128,19.35483870967742,71.61290322580646,64.51612903225806,7.096774193548387
E00072149,119,37,10,27,82,73,9,31.092436974789916,8.403361344537815,22.689075630252102,68.90756302521008,61.34453781512605,7.563025210084033
E00072150,96,32,10,22,64,55,9,33.33333333333333,10.416666666666668,22.916666666666664,66.66666666666666,57.291666666666664,9.375
E00072151,163,31,14,17,132,116,16,19.018404907975462,8.588957055214724,10.429447852760736,80.98159509202453,71.16564417177914,9.815950920245399
E00072152,128,37,9,28,91,83,8,28.90625,7.03125,21.875,71.09375,64.84375,6.25
E00072153,137,38,9,29,99,84,15,27.73722627737226,6.569343065693431,21.16788321167883,72.26277372262774,61.31386861313869,10.948905109489052
E00072154,145,33,6,27,112,103,9,22.758620689655174,4.137931034482759,18.620689655172416,77.24137931034483,71.03448275862068,6.206896551724138
E00072155,330,72,19,53,258,232,26,21.818181818181817,5.757575757575758,16.060606060606062,78.18181818181819,70.3030303030303,7.878787878787878
E00072156,157,40,15,25,117,110,7,25.477707006369428,9.554140127388536,15.92356687898089,74.52229299363057,70.06369426751591,4.45859872611465
E00072157,158,29,5,24,129,120,9,18.354430379746837,3.1645569620253164,15.18987341772152,81.64556962025317,75.9493670886076,5.69620253164557
E00072158,130,56,14,42,74,65,9,43.07692307692308,10.76923076923077,32.30769230769231,56.92307692307692,50,6.923076923076923
E00072159,158,48,22,26,110,95,15,30.37974683544304,13.924050632911392,16.455696202531644,69.62025316455697,60.12658227848101,9.49367088607595
E00072160,143,39,14,25,104,96,8,27.27272727272727,9.79020979020979,17.482517482517483,72.72727272727273,67.13286713286713,5.594405594405594
E00072161,150,39,9,30,111,101,10,26,6,20,74,67.33333333333333,6.666666666666667
E00072162,163,73,37,36,90,76,14,44.785276073619634,22.699386503067483,22.085889570552148,55.21472392638037,46.62576687116564,8.588957055214724
E00072163,149,33,10,23,116,101,15,22.14765100671141,6.7114093959731544,15.436241610738255,77.85234899328859,67.78523489932886,10.06711409395973
E00072164,145,53,21,32,92,79,13,36.55172413793103,14.482758620689657,22.06896551724138,63.44827586206897,54.48275862068965,8.96551724137931
E00072165,169,47,14,33,122,114,8,27.810650887573964,8.284023668639055,19.526627218934912,72.18934911242604,67.45562130177515,4.733727810650888
E00072166,218,44,15,29,174,147,27,20.18348623853211,6.8807339449541285,13.302752293577983,79.81651376146789,67.43119266055045,12.385321100917432
E00072167,203,49,17,32,154,141,13,24.137931034482758,8.374384236453201,15.763546798029557,75.86206896551724,69.45812807881774,6.403940886699508
E00072168,179,46,18,28,133,124,9,25.69832402234637,10.05586592178771,15.64245810055866,74.30167597765363,69.27374301675978,5.027932960893855
E00072169,135,30,12,18,105,90,15,22.22222222222222,8.88888888888889,13.333333333333334,77.77777777777779,66.66666666666666,11.11111111111111
E00072170,166,49,12,37,117,99,18,29.518072289156628,7.228915662650602,22.289156626506024,70.48192771084338,59.63855421686747,10.843373493975903
E00072171,69,14,6,8,55,52,3,20.28985507246377,8.695652173913043,11.594202898550725,79.71014492753623,75.36231884057972,4.3478260869565215
E00072172,138,41,15,26,97,92,5,29.71014492753623,10.869565217391305,18.84057971014493,70.28985507246377,66.66666666666666,3.6231884057971016
E00072173,147,43,10,33,104,92,12,29.25170068027211,6.802721088435375,22.448979591836736,70.74829931972789,62.585034013605444,8.16326530612245
E00072174,137,45,20,25,92,86,6,32.846715328467155,14.5985401459854,18.248175182481752,67.15328467153284,62.77372262773723,4.37956204379562
E00072175,174,46,12,34,128,119,9,26.436781609195403,6.896551724137931,19.54022988505747,73.5632183908046,68.39080459770115,5.172413793103448
E00072176,107,24,6,18,83,71,12,22.429906542056074,5.607476635514018,16.822429906542055,77.57009345794393,66.35514018691589,11.214953271028037
E00072177,145,37,9,28,108,100,8,25.517241379310345,6.206896551724138,19.310344827586206,74.48275862068967,68.96551724137932,5.517241379310345
E00072178,133,43,6,37,90,74,16,32.33082706766917,4.511278195488721,27.819548872180448,67.66917293233082,55.639097744360896,12.030075187969924
E00072179,138,37,12,25,101,93,8,26.811594202898554,8.695652173913043,18.115942028985508,73.18840579710145,67.3913043478261,5.797101449275362
E00072180,130,41,8,33,89,80,9,31.538461538461537,6.153846153846154,25.384615384615383,68.46153846153847,61.53846153846154,6.923076923076923
E00072181,107,30,8,22,77,67,10,28.037383177570092,7.476635514018691,20.5607476635514,71.96261682242991,62.616822429906534,9.345794392523365
E00072182,152,30,7,23,122,108,14,19.736842105263158,4.605263157894736,15.131578947368421,80.26315789473685,71.05263157894737,9.210526315789473
E00072183,120,35,10,25,85,78,7,29.166666666666668,8.333333333333332,20.833333333333336,70.83333333333334,65,5.833333333333333
E00072184,151,38,6,32,113,98,15,25.165562913907287,3.9735099337748347,21.192052980132452,74.83443708609272,64.90066225165563,9.933774834437086
E00072185,140,29,11,18,111,96,15,20.714285714285715,7.857142857142857,12.857142857142856,79.28571428571428,68.57142857142857,10.714285714285714
E00072186,139,42,15,27,97,90,7,30.215827338129497,10.79136690647482,19.424460431654676,69.7841726618705,64.74820143884892,5.0359712230215825
E00072187,155,44,15,29,111,97,14,28.387096774193548,9.67741935483871,18.70967741935484,71.61290322580646,62.58064516129033,9.032258064516128
E00072188,94,36,9,27,58,53,5,38.297872340425535,9.574468085106384,28.723404255319153,61.702127659574465,56.38297872340425,5.319148936170213
E00072189,152,31,8,23,121,105,16,20.394736842105264,5.263157894736842,15.131578947368421,79.60526315789474,69.07894736842105,10.526315789473683
E00072190,167,43,17,26,124,104,20,25.748502994011975,10.179640718562874,15.568862275449103,74.25149700598801,62.27544910179641,11.976047904191617
E00072191,124,32,8,24,92,85,7,25.806451612903224,6.451612903225806,19.35483870967742,74.19354838709677,68.54838709677419,5.64516129032258
E00072192,139,38,14,24,101,87,14,27.33812949640288,10.071942446043165,17.26618705035971,72.66187050359713,62.589928057553955,10.071942446043165
E00072193,158,39,16,23,119,102,17,24.68354430379747,10.126582278481013,14.556962025316455,75.31645569620254,64.55696202531645,10.759493670886076
E00072194,116,31,10,21,85,75,10,26.72413793103448,8.620689655172415,18.103448275862068,73.27586206896551,64.65517241379311,8.620689655172415
E00072195,132,39,11,28,93,86,7,29.545454545454547,8.333333333333332,21.21212121212121,70.45454545454545,65.15151515151516,5.303030303030303
E00072196,147,41,12,29,106,101,5,27.89115646258503,8.16326530612245,19.727891156462583,72.10884353741497,68.70748299319727,3.4013605442176873
E00072197,96,23,4,19,73,67,6,23.958333333333336,4.166666666666666,19.791666666666664,76.04166666666666,69.79166666666666,6.25
E00072198,130,37,12,25,93,88,5,28.46153846153846,9.230769230769232,19.230769230769234,71.53846153846153,67.6923076923077,3.8461538461538463
E00072199,83,18,6,12,65,56,9,21.686746987951807,7.228915662650602,14.457831325301203,78.3132530120482,67.46987951807229,10.843373493975903
E00072200,107,31,10,21,76,64,12,28.971962616822427,9.345794392523365,19.626168224299064,71.02803738317756,59.813084112149525,11.214953271028037
E00072201,211,48,7,41,163,146,17,22.748815165876778,3.3175355450236967,19.431279620853083,77.25118483412322,69.19431279620854,8.056872037914692
E00072202,85,18,4,14,67,59,8,21.176470588235293,4.705882352941177,16.470588235294116,78.82352941176471,69.41176470588235,9.411764705882353
E00072203,140,51,13,38,89,80,9,36.42857142857142,9.285714285714286,27.142857142857142,63.57142857142857,57.14285714285714,6.428571428571428
E00072205,139,36,6,30,103,94,9,25.899280575539567,4.316546762589928,21.58273381294964,74.10071942446042,67.62589928057554,6.474820143884892
E00072206,104,37,5,32,67,59,8,35.57692307692308,4.807692307692308,30.76923076923077,64.42307692307693,56.730769230769226,7.6923076923076925
E00072207,149,41,8,33,108,93,15,27.516778523489933,5.369127516778524,22.14765100671141,72.48322147651007,62.41610738255034,10.06711409395973
E00072208,154,45,13,32,109,101,8,29.22077922077922,8.441558441558442,20.77922077922078,70.77922077922078,65.5844155844156,5.194805194805195
E00072209,188,36,6,30,152,133,19,19.148936170212767,3.1914893617021276,15.957446808510639,80.85106382978722,70.74468085106383,10.106382978723403
E00072210,107,30,8,22,77,63,14,28.037383177570092,7.476635514018691,20.5607476635514,71.96261682242991,58.87850467289719,13.084112149532709
E00072211,143,35,8,27,108,93,15,24.475524475524477,5.594405594405594,18.88111888111888,75.52447552447552,65.03496503496503,10.48951048951049
E00072212,160,40,12,28,120,100,20,25,7.5,17.5,75,62.5,12.5
E00072213,171,47,11,36,124,112,12,27.485380116959064,6.432748538011696,21.052631578947366,72.51461988304094,65.49707602339181,7.017543859649122
E00072214,164,40,11,29,124,115,9,24.390243902439025,6.707317073170732,17.682926829268293,75.60975609756098,70.1219512195122,5.487804878048781
E00072215,188,42,11,31,146,129,17,22.340425531914892,5.851063829787234,16.48936170212766,77.6595744680851,68.61702127659575,9.042553191489363
E00072216,149,40,11,29,109,95,14,26.845637583892618,7.38255033557047,19.463087248322147,73.15436241610739,63.758389261744966,9.395973154362416
E00072217,163,38,8,30,125,101,24,23.31288343558282,4.9079754601226995,18.404907975460123,76.68711656441718,61.963190184049076,14.723926380368098
E00072218,130,32,12,20,98,78,20,24.615384615384617,9.230769230769232,15.384615384615385,75.38461538461539,60,15.384615384615385
E00072219,112,23,9,14,89,74,15,20.535714285714285,8.035714285714286,12.5,79.46428571428571,66.07142857142857,13.392857142857142
E00072220,102,26,8,18,76,67,9,25.49019607843137,7.8431372549019605,17.647058823529413,74.50980392156863,65.68627450980392,8.823529411764707
E00072221,130,38,10,28,92,83,9,29.230769230769234,7.6923076923076925,21.53846153846154,70.76923076923077,63.84615384615384,6.923076923076923
E00072222,162,35,11,24,127,112,15,21.604938271604937,6.790123456790123,14.814814814814813,78.39506172839506,69.1358024691358,9.25925925925926
E00072223,167,46,13,33,121,112,9,27.54491017964072,7.784431137724551,19.760479041916167,72.45508982035929,67.06586826347305,5.389221556886228
E00072224,95,32,9,23,63,55,8,33.68421052631579,9.473684210526317,24.210526315789473,66.3157894736842,57.89473684210527,8.421052631578947
E00072225,101,30,7,23,71,61,10,29.7029702970297,6.9306930693069315,22.772277227722775,70.29702970297029,60.396039603960396,9.900990099009901
E00072226,128,47,21,26,81,76,5,36.71875,16.40625,20.3125,63.28125,59.375,3.90625
E00072228,62,22,8,14,40,40,0,35.483870967741936,12.903225806451612,22.58064516129032,64.51612903225806,64.51612903225806,0
E00072229,105,35,9,26,70,62,8,33.33333333333333,8.571428571428571,24.761904761904763,66.66666666666666,59.04761904761905,7.6190476190476195
E00072230,130,72,19,53,58,53,5,55.38461538461539,14.615384615384617,40.76923076923077,44.61538461538462,40.76923076923077,3.8461538461538463
E00072231,185,40,16,24,145,128,17,21.62162162162162,8.64864864864865,12.972972972972974,78.37837837837837,69.1891891891892,9.18918918918919
E00072232,109,37,18,19,72,64,8,33.94495412844037,16.51376146788991,17.431192660550458,66.05504587155964,58.71559633027523,7.339449541284404
E00072233,108,31,7,24,77,73,4,28.703703703703702,6.481481481481481,22.22222222222222,71.29629629629629,67.5925925925926,3.7037037037037033
E00072234,139,43,15,28,96,88,8,30.935251798561154,10.79136690647482,20.14388489208633,69.06474820143885,63.30935251798561,5.755395683453238
E00072235,113,30,8,22,83,75,8,26.548672566371685,7.079646017699115,19.469026548672566,73.45132743362832,66.3716814159292,7.079646017699115
E00072236,146,57,17,40,89,77,12,39.04109589041096,11.643835616438356,27.397260273972602,60.95890410958904,52.73972602739726,8.21917808219178
E00072237,149,60,19,41,89,83,6,40.26845637583892,12.751677852348994,27.516778523489933,59.73154362416108,55.70469798657718,4.026845637583892
E00072238,103,44,15,29,59,53,6,42.71844660194174,14.563106796116504,28.155339805825243,57.28155339805825,51.45631067961165,5.825242718446602
E00072239,141,49,13,36,92,82,10,34.751773049645394,9.219858156028367,25.53191489361702,65.24822695035462,58.156028368794324,7.092198581560284
E00072240,100,43,8,35,57,54,3,43,8,35,56.99999999999999,54,3
E00072241,138,58,13,45,80,67,13,42.028985507246375,9.420289855072465,32.608695652173914,57.971014492753625,48.55072463768116,9.420289855072465
E00072242,94,33,10,23,61,54,7,35.1063829787234,10.638297872340425,24.46808510638298,64.8936170212766,57.446808510638306,7.446808510638298
E00072243,133,59,19,40,74,66,8,44.3609022556391,14.285714285714285,30.075187969924812,55.639097744360896,49.62406015037594,6.015037593984962
E00072244,117,45,13,32,72,64,8,38.46153846153847,11.11111111111111,27.350427350427353,61.53846153846154,54.700854700854705,6.837606837606838
E00072245,91,24,12,12,67,57,10,26.373626373626376,13.186813186813188,13.186813186813188,73.62637362637363,62.637362637362635,10.989010989010989
E00072246,142,35,8,27,107,100,7,24.647887323943664,5.633802816901409,19.014084507042252,75.35211267605634,70.4225352112676,4.929577464788732
E00072247,63,17,3,14,46,46,0,26.984126984126984,4.761904761904762,22.22222222222222,73.01587301587301,73.01587301587301,0
E00072248,84,24,6,18,60,53,7,28.57142857142857,7.142857142857142,21.428571428571427,71.42857142857143,63.095238095238095,8.333333333333332
E00072249,141,59,11,48,82,74,8,41.843971631205676,7.801418439716312,34.04255319148936,58.156028368794324,52.4822695035461,5.673758865248227
E00072250,232,50,13,37,182,164,18,21.551724137931032,5.603448275862069,15.948275862068966,78.44827586206897,70.6896551724138,7.758620689655173
E00072251,132,37,6,31,95,82,13,28.030303030303028,4.545454545454546,23.484848484848484,71.96969696969697,62.121212121212125,9.848484848484848
E00072252,115,29,8,21,86,73,13,25.217391304347824,6.956521739130435,18.26086956521739,74.78260869565217,63.47826086956522,11.304347826086957
E00072253,90,25,8,17,65,59,6,27.77777777777778,8.88888888888889,18.88888888888889,72.22222222222221,65.55555555555556,6.666666666666667
E00072254,168,55,19,36,113,97,16,32.73809523809524,11.30952380952381,21.428571428571427,67.26190476190477,57.738095238095234,9.523809523809524
E00072255,100,29,5,24,71,60,11,28.999999999999996,5,24,71,60,11
E00072256,104,28,4,24,76,72,4,26.923076923076923,3.8461538461538463,23.076923076923077,73.07692307692307,69.23076923076923,3.8461538461538463
E00072257,143,42,12,30,101,90,11,29.37062937062937,8.391608391608392,20.97902097902098,70.62937062937063,62.93706293706294,7.6923076923076925
E00072258,63,14,4,10,49,46,3,22.22222222222222,6.349206349206349,15.873015873015872,77.77777777777779,73.01587301587301,4.761904761904762
E00072259,106,33,11,22,73,61,12,31.132075471698112,10.377358490566039,20.754716981132077,68.86792452830188,57.54716981132076,11.320754716981133
E00072260,74,23,12,11,51,46,5,31.08108108108108,16.216216216216218,14.864864864864865,68.91891891891892,62.16216216216216,6.756756756756757
E00072261,158,39,9,30,119,92,27,24.68354430379747,5.69620253164557,18.9873417721519,75.31645569620254,58.22784810126582,17.088607594936708
E00072262,98,29,7,22,69,65,4,29.591836734693878,7.142857142857142,22.448979591836736,70.40816326530613,66.3265306122449,4.081632653061225
E00072263,60,24,7,17,36,36,0,40,11.666666666666666,28.333333333333332,60,60,0
E00072264,96,37,8,29,59,52,7,38.54166666666667,8.333333333333332,30.208333333333332,61.458333333333336,54.166666666666664,7.291666666666667
E00072265,76,19,4,15,57,48,9,25,5.263157894736842,19.736842105263158,75,63.1578947368421,11.842105263157894
E00072266,120,38,16,22,82,69,13,31.666666666666664,13.333333333333334,18.333333333333332,68.33333333333333,57.49999999999999,10.833333333333334
E00072267,84,29,6,23,55,48,7,34.523809523809526,7.142857142857142,27.380952380952383,65.47619047619048,57.14285714285714,8.333333333333332
E00072268,118,32,8,24,86,71,15,27.11864406779661,6.779661016949152,20.33898305084746,72.88135593220339,60.16949152542372,12.711864406779661
E00072269,141,51,18,33,90,89,1,36.17021276595745,12.76595744680851,23.404255319148938,63.829787234042556,63.12056737588653,0.7092198581560284
E00072270,91,36,12,24,55,49,6,39.56043956043956,13.186813186813188,26.373626373626376,60.43956043956044,53.84615384615385,6.593406593406594
E00072271,177,62,18,44,115,88,27,35.02824858757062,10.16949152542373,24.858757062146893,64.97175141242938,49.717514124293785,15.254237288135593
E00072272,157,43,9,34,114,106,8,27.388535031847134,5.7324840764331215,21.656050955414013,72.61146496815286,67.51592356687898,5.095541401273886
E00072273,130,35,10,25,95,84,11,26.923076923076923,7.6923076923076925,19.230769230769234,73.07692307692307,64.61538461538461,8.461538461538462
E00072274,117,35,12,23,82,73,9,29.914529914529915,10.256410256410255,19.65811965811966,70.08547008547008,62.39316239316239,7.6923076923076925
E00072275,212,54,19,35,158,120,38,25.471698113207548,8.962264150943396,16.50943396226415,74.52830188679245,56.60377358490566,17.92452830188679
E00072276,107,37,11,26,70,61,9,34.57943925233645,10.2803738317757,24.299065420560748,65.42056074766354,57.009345794392516,8.411214953271028
E00072277,222,55,17,38,167,143,24,24.774774774774773,7.657657657657657,17.117117117117118,75.22522522522522,64.41441441441441,10.81081081081081
E00072278,174,53,21,32,121,99,22,30.45977011494253,12.068965517241379,18.39080459770115,69.54022988505747,56.896551724137936,12.643678160919542
E00072279,145,51,18,33,94,85,9,35.172413793103445,12.413793103448276,22.758620689655174,64.82758620689654,58.620689655172406,6.206896551724138
E00072280,88,27,11,16,61,55,6,30.681818181818183,12.5,18.181818181818183,69.31818181818183,62.5,6.8181818181818175
E00072281,115,36,12,24,79,72,7,31.30434782608696,10.434782608695652,20.869565217391305,68.69565217391305,62.60869565217392,6.086956521739131
E00072282,105,34,11,23,71,61,10,32.38095238095238,10.476190476190476,21.904761904761905,67.61904761904762,58.0952380952381,9.523809523809524
E00072283,128,23,7,16,105,91,14,17.96875,5.46875,12.5,82.03125,71.09375,10.9375
E00072284,169,44,15,29,125,110,15,26.035502958579883,8.875739644970414,17.159763313609467,73.96449704142012,65.08875739644971,8.875739644970414
E00072285,169,51,11,40,118,99,19,30.17751479289941,6.508875739644971,23.668639053254438,69.8224852071006,58.57988165680473,11.242603550295858
E00072286,152,43,16,27,109,104,5,28.289473684210524,10.526315789473683,17.763157894736842,71.71052631578947,68.42105263157895,3.289473684210526
E00072287,126,28,7,21,98,85,13,22.22222222222222,5.555555555555555,16.666666666666664,77.77777777777779,67.46031746031747,10.317460317460316
E00072288,168,40,9,31,128,113,15,23.809523809523807,5.357142857142857,18.452380952380953,76.19047619047619,67.26190476190477,8.928571428571429
E00072289,155,45,18,27,110,91,19,29.03225806451613,11.612903225806452,17.419354838709676,70.96774193548387,58.70967741935483,12.258064516129032
E00072290,131,34,11,23,97,82,15,25.954198473282442,8.396946564885496,17.557251908396946,74.04580152671755,62.59541984732825,11.450381679389313
E00072291,114,31,8,23,83,70,13,27.192982456140353,7.017543859649122,20.175438596491226,72.80701754385966,61.40350877192983,11.403508771929824
E00072292,152,54,19,35,98,83,15,35.526315789473685,12.5,23.026315789473685,64.47368421052632,54.60526315789473,9.868421052631579
E00072293,156,36,10,26,120,98,22,23.076923076923077,6.41025641025641,16.666666666666664,76.92307692307693,62.82051282051282,14.102564102564102
E00072294,89,22,11,11,67,59,8,24.719101123595504,12.359550561797752,12.359550561797752,75.28089887640449,66.29213483146067,8.98876404494382
E00072295,150,52,23,29,98,88,10,34.66666666666667,15.333333333333332,19.333333333333332,65.33333333333333,58.666666666666664,6.666666666666667
E00072296,144,32,9,23,112,93,19,22.22222222222222,6.25,15.972222222222221,77.77777777777779,64.58333333333334,13.194444444444445
E00072297,128,46,7,39,82,82,0,35.9375,5.46875,30.46875,64.0625,64.0625,0
E00072298,83,23,5,18,60,49,11,27.710843373493976,6.024096385542169,21.686746987951807,72.28915662650603,59.036144578313255,13.253012048192772
E00072299,142,56,13,43,86,73,13,39.436619718309856,9.15492957746479,30.28169014084507,60.56338028169014,51.40845070422535,9.15492957746479
E00072300,125,37,10,27,88,79,9,29.599999999999998,8,21.6,70.39999999999999,63.2,7.199999999999999
E00072301,94,39,8,31,55,45,10,41.48936170212766,8.51063829787234,32.97872340425532,58.51063829787234,47.87234042553192,10.638297872340425
E00072302,120,40,12,28,80,76,4,33.33333333333333,10,23.333333333333332,66.66666666666666,63.33333333333333,3.3333333333333335
E00072303,102,32,10,22,70,63,7,31.372549019607842,9.803921568627452,21.568627450980394,68.62745098039215,61.76470588235294,6.862745098039216
E00072304,124,35,13,22,89,76,13,28.225806451612907,10.483870967741936,17.741935483870968,71.7741935483871,61.29032258064516,10.483870967741936
E00072305,186,57,12,45,129,111,18,30.64516129032258,6.451612903225806,24.193548387096776,69.35483870967742,59.67741935483871,9.67741935483871
E00072306,94,30,11,19,64,50,14,31.914893617021278,11.702127659574469,20.212765957446805,68.08510638297872,53.191489361702125,14.893617021276595
E00072307,112,41,6,35,71,61,10,36.607142857142854,5.357142857142857,31.25,63.39285714285714,54.46428571428571,8.928571428571429
E00072308,136,41,16,25,95,79,16,30.14705882352941,11.76470588235294,18.38235294117647,69.85294117647058,58.08823529411765,11.76470588235294
E00072309,165,43,19,24,122,105,17,26.060606060606062,11.515151515151516,14.545454545454545,73.93939393939394,63.63636363636363,10.303030303030303
E00072310,112,53,10,43,59,51,8,47.32142857142857,8.928571428571429,38.392857142857146,52.67857142857143,45.535714285714285,7.142857142857142
E00072311,119,25,8,17,94,84,10,21.008403361344538,6.722689075630252,14.285714285714285,78.99159663865547,70.58823529411765,8.403361344537815
E00072312,118,37,8,29,81,71,10,31.35593220338983,6.779661016949152,24.576271186440678,68.64406779661016,60.16949152542372,8.47457627118644
E00072313,141,36,11,25,105,86,19,25.53191489361702,7.801418439716312,17.73049645390071,74.46808510638297,60.99290780141844,13.47517730496454
E00072314,73,14,4,10,59,52,7,19.17808219178082,5.47945205479452,13.698630136986301,80.82191780821918,71.23287671232876,9.58904109589041
E00072315,160,37,12,25,123,102,21,23.125,7.5,15.625,76.875,63.74999999999999,13.125
E00072316,256,91,31,60,165,143,22,35.546875,12.109375,23.4375,64.453125,55.859375,8.59375
E00072317,182,55,20,35,127,113,14,30.21978021978022,10.989010989010989,19.230769230769234,69.78021978021978,62.08791208791209,7.6923076923076925
E00072318,139,30,11,19,109,97,12,21.58273381294964,7.913669064748201,13.66906474820144,78.41726618705036,69.7841726618705,8.633093525179856
E00072319,126,37,14,23,89,79,10,29.365079365079367,11.11111111111111,18.253968253968253,70.63492063492063,62.698412698412696,7.936507936507936
E00072320,113,41,10,31,72,65,7,36.283185840707965,8.849557522123893,27.43362831858407,63.716814159292035,57.52212389380531,6.1946902654867255
E00072321,110,32,9,23,78,68,10,29.09090909090909,8.181818181818182,20.909090909090907,70.9090909090909,61.81818181818181,9.090909090909092
E00072322,114,35,11,24,79,71,8,30.701754385964914,9.649122807017543,21.052631578947366,69.2982456140351,62.28070175438597,7.017543859649122
E00072323,125,27,4,23,98,78,20,21.6,3.2,18.4,78.4,62.4,16
E00072324,101,33,10,23,68,62,6,32.67326732673268,9.900990099009901,22.772277227722775,67.32673267326733,61.386138613861384,5.9405940594059405
E00072325,89,24,11,13,65,59,6,26.96629213483146,12.359550561797752,14.606741573033707,73.03370786516854,66.29213483146067,6.741573033707865
E00072326,113,41,12,29,72,62,10,36.283185840707965,10.619469026548673,25.663716814159294,63.716814159292035,54.86725663716814,8.849557522123893
E00072327,95,32,9,23,63,55,8,33.68421052631579,9.473684210526317,24.210526315789473,66.3157894736842,57.89473684210527,8.421052631578947
E00072328,100,24,5,19,76,63,13,24,5,19,76,63,13
E00072329,118,31,10,21,87,77,10,26.27118644067797,8.47457627118644,17.796610169491526,73.72881355932203,65.2542372881356,8.47457627118644
E00072330,142,37,6,31,105,90,15,26.056338028169012,4.225352112676056,21.830985915492956,73.94366197183099,63.38028169014085,10.56338028169014
E00072331,162,51,15,36,111,87,24,31.48148148148148,9.25925925925926,22.22222222222222,68.51851851851852,53.70370370370371,14.814814814814813
E00072332,133,37,10,27,96,87,9,27.819548872180448,7.518796992481203,20.30075187969925,72.18045112781954,65.41353383458647,6.7669172932330826
E00072333,86,26,4,22,60,55,5,30.23255813953488,4.651162790697675,25.581395348837212,69.76744186046511,63.95348837209303,5.813953488372093
E00072334,149,47,16,31,102,93,9,31.543624161073826,10.738255033557047,20.80536912751678,68.45637583892618,62.41610738255034,6.0402684563758395
E00072335,124,34,6,28,90,81,9,27.419354838709676,4.838709677419355,22.58064516129032,72.58064516129032,65.32258064516128,7.258064516129033
E00072336,135,22,2,20,113,107,6,16.296296296296298,1.4814814814814816,14.814814814814813,83.7037037037037,79.25925925925927,4.444444444444445
E00072337,128,41,19,22,87,77,10,32.03125,14.84375,17.1875,67.96875,60.15625,7.8125
E00072338,116,37,10,27,79,70,9,31.896551724137932,8.620689655172415,23.275862068965516,68.10344827586206,60.3448275862069,7.758620689655173
E00072339,195,48,13,35,147,128,19,24.615384615384617,6.666666666666667,17.94871794871795,75.38461538461539,65.64102564102564,9.7435897435897445
E00072340,140,43,10,33,97,84,13,30.714285714285715,7.142857142857142,23.57142857142857,69.28571428571428,60,9.285714285714286
E00072341,120,34,10,24,86,79,7,28.333333333333332,8.333333333333332,20,71.66666666666667,65.83333333333333,5.833333333333333
E00072342,127,32,10,22,95,81,14,25.196850393700785,7.874015748031496,17.322834645669293,74.80314960629921,63.77952755905512,11.023622047244094
E00072343,136,39,7,32,97,86,11,28.676470588235293,5.147058823529411,23.52941176470588,71.32352941176471,63.23529411764706,8.088235294117647
E00072344,126,42,9,33,84,73,11,33.33333333333333,7.142857142857142,26.190476190476193,66.66666666666666,57.936507936507944,8.73015873015873
E00072345,121,29,5,24,92,85,7,23.96694214876033,4.132231404958678,19.834710743801654,76.03305785123968,70.24793388429752,5.785123966942149
E00072346,101,32,9,23,69,66,3,31.683168316831683,8.91089108910891,22.772277227722775,68.31683168316832,65.34653465346535,2.9702970297029703
E00072347,42,12,5,7,30,28,2,28.57142857142857,11.904761904761903,16.666666666666664,71.42857142857143,66.66666666666666,4.761904761904762
E00072348,136,36,10,26,100,86,14,26.47058823529412,7.352941176470589,19.11764705882353,73.52941176470588,63.23529411764706,10.294117647058822
E00072349,135,36,11,25,99,87,12,26.666666666666668,8.148148148148149,18.51851851851852,73.33333333333333,64.44444444444444,8.88888888888889
E00072350,147,52,10,42,95,87,8,35.374149659863946,6.802721088435375,28.57142857142857,64.62585034013605,59.183673469387756,5.442176870748299
E00072351,105,27,8,19,78,70,8,25.71428571428571,7.6190476190476195,18.095238095238095,74.28571428571429,66.66666666666666,7.6190476190476195
E00072352,99,32,13,19,67,60,7,32.323232323232325,13.131313131313133,19.19191919191919,67.67676767676768,60.60606060606061,7.07070707070707
E00072353,122,40,15,25,82,73,9,32.78688524590164,12.295081967213115,20.491803278688526,67.21311475409836,59.83606557377049,7.377049180327869
E00072354,41,15,4,11,26,26,0,36.58536585365854,9.75609756097561,26.82926829268293,63.41463414634146,63.41463414634146,0
E00072355,118,41,10,31,77,67,10,34.74576271186441,8.47457627118644,26.27118644067797,65.2542372881356,56.779661016949156,8.47457627118644
E00072356,132,29,8,21,103,91,12,21.96969696969697,6.0606060606060606,15.909090909090908,78.03030303030303,68.93939393939394,9.090909090909092
E00072357,112,34,16,18,78,71,7,30.357142857142854,14.285714285714285,16.071428571428573,69.64285714285714,63.39285714285714,6.25
E00072358,107,40,9,31,67,59,8,37.38317757009346,8.411214953271028,28.971962616822427,62.616822429906534,55.140186915887845,7.476635514018691
E00072359,123,34,9,25,89,77,12,27.64227642276423,7.317073170731707,20.32520325203252,72.35772357723577,62.601626016260155,9.75609756097561
E00072360,112,29,13,16,83,72,11,25.892857142857146,11.607142857142858,14.285714285714285,74.10714285714286,64.28571428571429,9.821428571428571
E00072361,105,23,8,15,82,71,11,21.904761904761905,7.6190476190476195,14.285714285714285,78.0952380952381,67.61904761904762,10.476190476190476
E00072363,124,33,6,27,91,74,17,26.61290322580645,4.838709677419355,21.774193548387096,73.38709677419355,59.67741935483871,13.709677419354838
E00072364,128,33,7,26,95,81,14,25.78125,5.46875,20.3125,74.21875,63.28125,10.9375
E00072365,107,35,12,23,72,62,10,32.71028037383177,11.214953271028037,21.49532710280374,67.28971962616822,57.943925233644855,9.345794392523365
E00072366,133,34,15,19,99,80,19,25.563909774436087,11.278195488721805,14.285714285714285,74.43609022556392,60.150375939849624,14.285714285714285
E00072367,85,26,9,17,59,49,10,30.58823529411765,10.588235294117647,20,69.41176470588235,57.647058823529406,11.76470588235294
E00072368,137,36,13,23,101,88,13,26.277372262773724,9.48905109489051,16.78832116788321,73.72262773722628,64.23357664233576,9.48905109489051
E00072369,85,22,5,17,63,51,12,25.882352941176475,5.88235294117647,20,74.11764705882354,60,14.117647058823529
E00072370,126,33,4,29,93,82,11,26.190476190476193,3.1746031746031744,23.015873015873016,73.80952380952381,65.07936507936508,8.73015873015873
E00072371,125,44,11,33,81,71,10,35.199999999999996,8.799999999999999,26.400000000000002,64.8,56.8,8
E00072372,104,34,7,27,70,59,11,32.69230769230769,6.730769230769231,25.961538461538463,67.3076923076923,56.730769230769226,10.576923076923077
E00072373,106,30,4,26,76,63,13,28.30188679245283,3.7735849056603774,24.528301886792452,71.69811320754717,59.43396226415094,12.264150943396226
E00072374,109,27,12,15,82,67,15,24.770642201834864,11.009174311926607,13.761467889908257,75.22935779816514,61.46788990825688,13.761467889908257
E00072375,129,42,15,27,87,77,10,32.55813953488372,11.627906976744185,20.930232558139537,67.44186046511628,59.68992248062015,7.751937984496124
E00072376,45,14,6,8,31,29,2,31.11111111111111,13.333333333333334,17.77777777777778,68.88888888888889,64.44444444444444,4.444444444444445
E00072377,120,29,7,22,91,81,10,24.166666666666668,5.833333333333333,18.333333333333332,75.83333333333333,67.5,8.333333333333332
E00072378,121,41,9,32,80,76,4,33.88429752066116,7.43801652892562,26.446280991735538,66.11570247933885,62.8099173553719,3.3057851239669422
E00072379,142,43,10,33,99,86,13,30.28169014084507,7.042253521126761,23.239436619718308,69.71830985915493,60.56338028169014,9.15492957746479
E00072380,152,36,12,24,116,103,13,23.684210526315788,7.894736842105263,15.789473684210526,76.31578947368422,67.76315789473685,8.552631578947368
E00072381,202,49,12,37,153,132,21,24.257425742574256,5.9405940594059405,18.316831683168317,75.74257425742574,65.34653465346535,10.396039603960396
E00072382,95,36,9,27,59,51,8,37.89473684210527,9.473684210526317,28.421052631578945,62.10526315789474,53.68421052631579,8.421052631578947
E00072383,92,29,9,20,63,59,4,31.521739130434785,9.782608695652174,21.73913043478261,68.47826086956522,64.13043478260869,4.3478260869565215
E00072384,12,8,5,3,4,4,0,66.66666666666666,41.66666666666667,25,33.33333333333333,33.33333333333333,0
E00072385,122,42,15,27,80,70,10,34.42622950819672,12.295081967213115,22.131147540983605,65.57377049180327,57.377049180327866,8.19672131147541
E00072386,155,46,12,34,109,96,13,29.677419354838708,7.741935483870968,21.935483870967744,70.3225806451613,61.935483870967744,8.38709677419355
E00072387,105,30,5,25,75,64,11,28.57142857142857,4.761904761904762,23.809523809523807,71.42857142857143,60.952380952380956,10.476190476190476
E00072388,89,23,7,16,66,60,6,25.842696629213485,7.865168539325842,17.97752808988764,74.15730337078652,67.41573033707866,6.741573033707865
E00072389,86,25,5,20,61,56,5,29.069767441860467,5.813953488372093,23.25581395348837,70.93023255813954,65.11627906976744,5.813953488372093
E00072390,163,37,7,30,126,111,15,22.699386503067483,4.294478527607362,18.404907975460123,77.30061349693251,68.09815950920245,9.202453987730062
E00072391,44,11,7,4,33,30,3,25,15.909090909090908,9.090909090909092,75,68.18181818181817,6.8181818181818175
E00072392,115,28,4,24,87,78,9,24.347826086956523,3.4782608695652173,20.869565217391305,75.65217391304347,67.82608695652173,7.82608695652174
E00072393,126,36,13,23,90,77,13,28.57142857142857,10.317460317460316,18.253968253968253,71.42857142857143,61.111111111111114,10.317460317460316
E00072394,133,41,11,30,92,73,19,30.82706766917293,8.270676691729323,22.55639097744361,69.17293233082707,54.88721804511278,14.285714285714285
E00072395,143,51,15,36,92,79,13,35.66433566433567,10.48951048951049,25.174825174825177,64.33566433566433,55.24475524475524,9.090909090909092
E00072397,133,33,6,27,100,85,15,24.81203007518797,4.511278195488721,20.30075187969925,75.18796992481202,63.90977443609023,11.278195488721805
E00072398,177,63,16,47,114,104,10,35.59322033898305,9.03954802259887,26.55367231638418,64.40677966101694,58.75706214689266,5.649717514124294
E00072399,139,41,17,24,98,85,13,29.496402877697843,12.23021582733813,17.26618705035971,70.50359712230215,61.15107913669065,9.352517985611511
E00072400,160,49,17,32,111,105,6,30.625000000000004,10.625,20,69.375,65.625,3.75
E00072401,124,39,9,30,85,74,11,31.451612903225808,7.258064516129033,24.193548387096776,68.54838709677419,59.67741935483871,8.870967741935484
E00072402,123,20,5,15,103,91,12,16.260162601626014,4.0650406504065035,12.195121951219512,83.73983739837398,73.98373983739837,9.75609756097561
E00072403,99,27,11,16,72,67,5,27.27272727272727,11.11111111111111,16.161616161616163,72.72727272727273,67.67676767676768,5.05050505050505
E00072404,125,31,7,24,94,87,7,24.8,5.6000000000000005,19.2,75.2,69.6,5.6000000000000005
E00072406,126,38,12,26,88,82,6,30.158730158730158,9.523809523809524,20.634920634920633,69.84126984126983,65.07936507936508,4.761904761904762
E00072407,128,23,3,20,105,90,15,17.96875,2.34375,15.625,82.03125,70.3125,11.71875
E00072408,125,46,12,34,79,69,10,36.8,9.6,27.200000000000003,63.2,55.2,8
E00072409,131,33,7,26,98,89,9,25.190839694656486,5.343511450381679,19.84732824427481,74.80916030534351,67.93893129770993,6.870229007633588
E00072410,155,41,8,33,114,107,7,26.451612903225808,5.161290322580645,21.29032258064516,73.54838709677419,69.03225806451613,4.516129032258064
E00072411,95,22,9,13,73,66,7,23.157894736842106,9.473684210526317,13.684210526315791,76.84210526315789,69.47368421052632,7.368421052631578
E00072412,150,45,16,29,105,92,13,30,10.666666666666668,19.333333333333332,70,61.33333333333333,8.666666666666668
E00072413,146,50,10,40,96,92,4,34.24657534246575,6.8493150684931505,27.397260273972602,65.75342465753424,63.013698630136986,2.73972602739726
E00072414,146,35,11,24,111,104,7,23.972602739726025,7.534246575342466,16.43835616438356,76.02739726027397,71.23287671232876,4.794520547945205
E00072415,107,33,15,18,74,69,5,30.8411214953271,14.018691588785046,16.822429906542055,69.1588785046729,64.48598130841121,4.672897196261682
E00072416,171,40,16,24,131,115,16,23.391812865497073,9.35672514619883,14.035087719298245,76.60818713450293,67.2514619883041,9.35672514619883
E00072417,217,85,34,51,132,124,8,39.1705069124424,15.668202764976957,23.502304147465438,60.82949308755761,57.14285714285714,3.686635944700461
E00072418,87,20,2,18,67,63,4,22.988505747126435,2.2988505747126435,20.689655172413794,77.01149425287356,72.41379310344827,4.597701149425287
E00072419,91,24,4,20,67,59,8,26.373626373626376,4.395604395604396,21.978021978021978,73.62637362637363,64.83516483516483,8.791208791208792
E00072420,149,35,13,22,114,102,12,23.48993288590604,8.724832214765101,14.76510067114094,76.51006711409396,68.45637583892618,8.053691275167784
E00072421,153,45,17,28,108,94,14,29.411764705882355,11.11111111111111,18.30065359477124,70.58823529411765,61.43790849673203,9.15032679738562
E00072422,80,17,7,10,63,53,10,21.25,8.75,12.5,78.75,66.25,12.5
E00072423,277,76,28,48,201,175,26,27.436823104693143,10.108303249097473,17.328519855595665,72.56317689530685,63.1768953068592,9.386281588447654
E00072424,161,36,8,28,125,116,9,22.36024844720497,4.968944099378882,17.391304347826086,77.63975155279503,72.04968944099379,5.590062111801243
E00072425,122,35,9,26,87,79,8,28.688524590163933,7.377049180327869,21.311475409836063,71.31147540983606,64.75409836065575,6.557377049180328
E00072426,103,31,9,22,72,67,5,30.097087378640776,8.737864077669903,21.35922330097087,69.90291262135922,65.0485436893204,4.854368932038835
E00072427,171,41,7,34,130,113,17,23.976608187134502,4.093567251461988,19.883040935672515,76.0233918128655,66.08187134502924,9.941520467836257
E00072428,140,36,10,26,104,92,12,25.71428571428571,7.142857142857142,18.571428571428573,74.28571428571429,65.71428571428571,8.571428571428571
E00072429,143,41,14,27,102,84,18,28.671328671328673,9.79020979020979,18.88111888111888,71.32867132867133,58.74125874125874,12.587412587412588
E00072430,113,35,11,24,78,68,10,30.973451327433626,9.734513274336283,21.238938053097346,69.02654867256636,60.17699115044248,8.849557522123893
E00072432,265,72,15,57,193,163,30,27.169811320754718,5.660377358490567,21.50943396226415,72.83018867924528,61.50943396226415,11.320754716981133
E00072433,170,45,15,30,125,117,8,26.47058823529412,8.823529411764707,17.647058823529413,73.52941176470588,68.82352941176471,4.705882352941177
E00072434,95,32,8,24,63,57,6,33.68421052631579,8.421052631578947,25.263157894736842,66.3157894736842,60,6.315789473684211
E00072435,140,36,13,23,104,87,17,25.71428571428571,9.285714285714286,16.428571428571427,74.28571428571429,62.142857142857146,12.142857142857142
E00072436,127,29,13,16,98,84,14,22.83464566929134,10.236220472440944,12.598425196850393,77.16535433070865,66.14173228346458,11.023622047244094
E00072437,161,41,12,29,120,103,17,25.465838509316768,7.453416149068323,18.012422360248447,74.53416149068323,63.975155279503106,10.559006211180124
E00072438,150,34,15,19,116,107,9,22.666666666666664,10,12.666666666666668,77.33333333333333,71.33333333333334,6
E00072439,121,38,12,26,83,73,10,31.40495867768595,9.917355371900827,21.487603305785125,68.59504132231406,60.33057851239669,8.264462809917356
E00072440,171,45,12,33,126,105,21,26.31578947368421,7.017543859649122,19.298245614035086,73.68421052631578,61.40350877192983,12.280701754385964
E00072441,143,44,11,33,99,82,17,30.76923076923077,7.6923076923076925,23.076923076923077,69.23076923076923,57.34265734265735,11.888111888111888
E00072442,141,39,10,29,102,80,22,27.659574468085108,7.092198581560284,20.56737588652482,72.3404255319149,56.73758865248227,15.602836879432624
E00072443,235,76,25,51,159,122,37,32.340425531914896,10.638297872340425,21.70212765957447,67.65957446808511,51.91489361702127,15.74468085106383
E00072444,156,35,10,25,121,105,16,22.435897435897438,6.41025641025641,16.025641025641026,77.56410256410257,67.3076923076923,10.256410256410255
E00072445,141,37,15,22,104,86,18,26.24113475177305,10.638297872340425,15.602836879432624,73.75886524822694,60.99290780141844,12.76595744680851
E00072446,137,37,10,27,100,89,11,27.00729927007299,7.2992700729927,19.708029197080293,72.99270072992701,64.96350364963503,8.02919708029197
E00072447,214,60,14,46,154,137,17,28.037383177570092,6.5420560747663545,21.49532710280374,71.96261682242991,64.01869158878505,7.943925233644859
E00072448,147,34,11,23,113,95,18,23.12925170068027,7.482993197278912,15.646258503401361,76.87074829931973,64.62585034013605,12.244897959183673
E00072449,122,39,15,24,83,71,12,31.967213114754102,12.295081967213115,19.672131147540984,68.0327868852459,58.19672131147541,9.836065573770492
E00072450,133,29,7,22,104,96,8,21.804511278195488,5.263157894736842,16.541353383458645,78.19548872180451,72.18045112781954,6.015037593984962
E00072451,120,32,13,19,88,78,10,26.666666666666668,10.833333333333334,15.833333333333332,73.33333333333333,65,8.333333333333332
E00072452,75,26,8,18,49,45,4,34.66666666666667,10.666666666666668,24,65.33333333333333,60,5.333333333333334
E00072453,77,18,8,10,59,53,6,23.376623376623375,10.38961038961039,12.987012987012985,76.62337662337663,68.83116883116884,7.792207792207792
E00072454,159,42,16,26,117,102,15,26.41509433962264,10.062893081761008,16.352201257861633,73.58490566037736,64.15094339622641,9.433962264150944
E00072455,151,52,18,34,99,79,20,34.437086092715234,11.920529801324504,22.516556291390728,65.56291390728477,52.317880794701985,13.245033112582782
E00072456,81,19,3,16,62,57,5,23.456790123456788,3.7037037037037033,19.753086419753085,76.5432098765432,70.37037037037037,6.172839506172839
E00072457,146,40,10,30,106,88,18,27.397260273972602,6.8493150684931505,20.54794520547945,72.6027397260274,60.273972602739725,12.32876712328767
E00072458,145,43,11,32,102,90,12,29.655172413793103,7.586206896551724,22.06896551724138,70.34482758620689,62.06896551724138,8.275862068965518
E00072459,133,45,15,30,88,76,12,33.83458646616541,11.278195488721805,22.55639097744361,66.16541353383458,57.14285714285714,9.022556390977442
E00072460,77,26,8,18,51,41,10,33.76623376623377,10.38961038961039,23.376623376623375,66.23376623376623,53.246753246753244,12.987012987012985
E00072461,103,24,11,13,79,63,16,23.300970873786408,10.679611650485436,12.62135922330097,76.69902912621359,61.165048543689316,15.53398058252427
E00072462,122,39,8,31,83,81,2,31.967213114754102,6.557377049180328,25.40983606557377,68.0327868852459,66.39344262295081,1.639344262295082
E00072463,148,41,13,28,107,88,19,27.7027027027027,8.783783783783784,18.91891891891892,72.2972972972973,59.45945945945946,12.837837837837837
E00072464,152,42,10,32,110,94,16,27.631578947368425,6.578947368421052,21.052631578947366,72.36842105263158,61.8421052631579,10.526315789473683
E00072465,142,33,4,29,109,103,6,23.239436619718308,2.8169014084507045,20.422535211267608,76.76056338028168,72.53521126760563,4.225352112676056
E00072466,116,31,4,27,85,76,9,26.72413793103448,3.4482758620689653,23.275862068965516,73.27586206896551,65.51724137931035,7.758620689655173
E00072467,112,37,17,20,75,65,10,33.035714285714285,15.178571428571427,17.857142857142858,66.96428571428571,58.03571428571429,8.928571428571429
E00072468,122,33,8,25,89,75,14,27.049180327868854,6.557377049180328,20.491803278688526,72.95081967213115,61.47540983606557,11.475409836065573
E00072469,82,26,12,14,56,52,4,31.70731707317073,14.634146341463413,17.073170731707318,68.29268292682927,63.41463414634146,4.878048780487805
E00072470,109,27,6,21,82,70,12,24.770642201834864,5.5045871559633035,19.26605504587156,75.22935779816514,64.22018348623854,11.009174311926607
E00072471,157,48,13,35,109,89,20,30.573248407643312,8.280254777070063,22.29299363057325,69.42675159235668,56.68789808917197,12.738853503184714
E00072472,89,30,6,24,59,49,10,33.70786516853933,6.741573033707865,26.96629213483146,66.29213483146067,55.0561797752809,11.235955056179774
E00072473,117,31,12,19,86,69,17,26.495726495726498,10.256410256410255,16.23931623931624,73.50427350427351,58.97435897435898,14.529914529914532
E00072474,106,29,5,24,77,68,9,27.358490566037734,4.716981132075472,22.641509433962266,72.64150943396226,64.15094339622641,8.49056603773585
E00072475,150,43,10,33,107,92,15,28.666666666666668,6.666666666666667,22,71.33333333333334,61.33333333333333,10
E00072476,198,55,24,31,143,116,27,27.77777777777778,12.121212121212121,15.656565656565657,72.22222222222221,58.58585858585859,13.636363636363635
E00072477,151,35,10,25,116,101,15,23.178807947019866,6.622516556291391,16.55629139072848,76.82119205298014,66.88741721854305,9.933774834437086
E00072478,159,44,10,34,115,99,16,27.67295597484277,6.289308176100629,21.38364779874214,72.32704402515722,62.264150943396224,10.062893081761008
E00072479,144,47,19,28,97,88,9,32.63888888888889,13.194444444444445,19.444444444444446,67.36111111111111,61.111111111111114,6.25
E00072480,120,40,12,28,80,69,11,33.33333333333333,10,23.333333333333332,66.66666666666666,57.49999999999999,9.166666666666666
E00072481,105,26,2,24,79,71,8,24.761904761904763,1.9047619047619049,22.857142857142858,75.23809523809524,67.61904761904762,7.6190476190476195
E00072483,92,34,13,21,58,52,6,36.95652173913043,14.130434782608695,22.82608695652174,63.04347826086957,56.52173913043478,6.521739130434782
E00072485,109,23,6,17,86,76,10,21.100917431192663,5.5045871559633035,15.59633027522936,78.89908256880734,69.72477064220183,9.174311926605505
E00072486,211,51,16,35,160,140,20,24.170616113744074,7.5829383886255926,16.587677725118482,75.82938388625593,66.35071090047393,9.47867298578199
E00072487,112,35,2,33,77,67,10,31.25,1.7857142857142856,29.464285714285715,68.75,59.82142857142857,8.928571428571429
E00072488,88,32,7,25,56,47,9,36.36363636363637,7.954545454545454,28.40909090909091,63.63636363636363,53.40909090909091,10.227272727272728
E00072489,122,42,10,32,80,75,5,34.42622950819672,8.19672131147541,26.229508196721312,65.57377049180327,61.47540983606557,4.098360655737705
E00072490,278,93,24,69,185,159,26,33.45323741007194,8.633093525179856,24.820143884892087,66.54676258992805,57.194244604316545,9.352517985611511
E00072491,81,33,5,28,48,43,5,40.74074074074074,6.172839506172839,34.5679012345679,59.25925925925925,53.086419753086425,6.172839506172839
E00072492,74,22,5,17,52,45,7,29.72972972972973,6.756756756756757,22.972972972972975,70.27027027027027,60.810810810810814,9.45945945945946
E00072493,89,28,9,19,61,55,6,31.46067415730337,10.112359550561797,21.34831460674157,68.53932584269663,61.79775280898876,6.741573033707865
E00072494,116,42,12,30,74,63,11,36.206896551724135,10.344827586206897,25.862068965517242,63.793103448275865,54.310344827586206,9.482758620689655
E00072495,93,20,7,13,73,63,10,21.50537634408602,7.526881720430108,13.978494623655912,78.49462365591397,67.74193548387096,10.75268817204301
E00072496,38,7,2,5,31,22,9,18.421052631578945,5.263157894736842,13.157894736842104,81.57894736842105,57.89473684210527,23.684210526315788
E00072497,133,26,9,17,107,99,8,19.548872180451127,6.7669172932330826,12.781954887218044,80.45112781954887,74.43609022556392,6.015037593984962
E00072498,131,28,8,20,103,95,8,21.374045801526716,6.106870229007633,15.267175572519085,78.62595419847328,72.51908396946564,6.106870229007633
E00072499,107,35,9,26,72,64,8,32.71028037383177,8.411214953271028,24.299065420560748,67.28971962616822,59.813084112149525,7.476635514018691
E00072500,112,28,8,20,84,73,11,25,7.142857142857142,17.857142857142858,75,65.17857142857143,9.821428571428571
E00072501,120,32,12,20,88,76,12,26.666666666666668,10,16.666666666666664,73.33333333333333,63.33333333333333,10
E00072502,136,47,12,35,89,79,10,34.55882352941176,8.823529411764707,25.735294117647058,65.44117647058823,58.08823529411765,7.352941176470589
E00072503,121,40,13,27,81,76,5,33.057851239669425,10.743801652892563,22.31404958677686,66.94214876033058,62.8099173553719,4.132231404958678
E00072504,142,41,7,34,101,85,16,28.87323943661972,4.929577464788732,23.943661971830984,71.12676056338029,59.859154929577464,11.267605633802818
E00072505,137,40,9,31,97,91,6,29.1970802919708,6.569343065693431,22.62773722627737,70.8029197080292,66.42335766423358,4.37956204379562
E00072506,213,53,16,37,160,147,13,24.88262910798122,7.511737089201878,17.370892018779344,75.11737089201877,69.01408450704226,6.103286384976526
E00072507,136,34,8,26,102,90,12,25,5.88235294117647,19.11764705882353,75,66.17647058823529,8.823529411764707
E00072508,167,50,14,36,117,105,12,29.94011976047904,8.383233532934131,21.55688622754491,70.05988023952095,62.874251497005986,7.18562874251497
E00072509,105,23,4,19,82,76,6,21.904761904761905,3.8095238095238098,18.095238095238095,78.0952380952381,72.38095238095238,5.714285714285714
E00072510,119,24,4,20,95,81,14,20.168067226890756,3.361344537815126,16.80672268907563,79.83193277310924,68.0672268907563,11.76470588235294
E00072511,110,28,9,19,82,74,8,25.454545454545453,8.181818181818182,17.272727272727273,74.54545454545455,67.27272727272727,7.2727272727272725
E00072512,123,33,10,23,90,85,5,26.82926829268293,8.130081300813007,18.69918699186992,73.17073170731707,69.10569105691057,4.0650406504065035
E00072513,93,27,3,24,66,59,7,29.03225806451613,3.225806451612903,25.806451612903224,70.96774193548387,63.44086021505376,7.526881720430108
E00072514,159,47,12,35,112,99,13,29.559748427672954,7.547169811320755,22.0125786163522,70.44025157232704,62.264150943396224,8.176100628930817
E00072515,177,85,20,65,92,83,9,48.0225988700565,11.299435028248588,36.72316384180791,51.9774011299435,46.89265536723164,5.084745762711865
E00072516,232,77,15,62,155,130,25,33.189655172413794,6.4655172413793105,26.72413793103448,66.8103448275862,56.03448275862068,10.775862068965516
E00072517,84,28,9,19,56,49,7,33.33333333333333,10.714285714285714,22.61904761904762,66.66666666666666,58.333333333333336,8.333333333333332
E00072518,159,53,19,34,106,90,16,33.33333333333333,11.949685534591195,21.38364779874214,66.66666666666666,56.60377358490566,10.062893081761008
E00072519,150,55,18,37,95,83,12,36.666666666666664,12,24.666666666666668,63.33333333333333,55.333333333333336,8
E00072520,85,28,11,17,57,51,6,32.94117647058823,12.941176470588237,20,67.05882352941175,60,7.0588235294117645
E00072521,88,31,8,23,57,48,9,35.22727272727273,9.090909090909092,26.136363636363637,64.77272727272727,54.54545454545454,10.227272727272728
E00072522,115,22,6,16,93,78,15,19.130434782608695,5.217391304347826,13.91304347826087,80.8695652173913,67.82608695652173,13.043478260869565
E00072523,115,40,12,28,75,66,9,34.78260869565217,10.434782608695652,24.347826086956523,65.21739130434783,57.391304347826086,7.82608695652174
E00072524,99,29,8,21,70,62,8,29.292929292929294,8.080808080808081,21.21212121212121,70.70707070707071,62.62626262626263,8.080808080808081
E00072525,216,56,17,39,160,141,19,25.925925925925924,7.87037037037037,18.055555555555554,74.07407407407408,65.27777777777779,8.796296296296296
E00072526,154,51,11,40,103,86,17,33.116883116883116,7.142857142857142,25.97402597402597,66.88311688311688,55.84415584415584,11.03896103896104
E00072527,106,22,5,17,84,72,12,20.754716981132077,4.716981132075472,16.037735849056602,79.24528301886792,67.9245283018868,11.320754716981133
E00072528,176,47,16,31,129,114,15,26.704545454545453,9.090909090909092,17.613636363636363,73.29545454545455,64.77272727272727,8.522727272727272
E00072529,109,32,9,23,77,66,11,29.357798165137616,8.256880733944955,21.100917431192663,70.64220183486239,60.550458715596335,10.091743119266056
E00072530,126,41,9,32,85,71,14,32.53968253968254,7.142857142857142,25.396825396825395,67.46031746031747,56.34920634920635,11.11111111111111
E00072531,93,33,10,23,60,54,6,35.483870967741936,10.75268817204301,24.731182795698924,64.51612903225806,58.06451612903226,6.451612903225806
E00072532,183,42,9,33,141,115,26,22.950819672131146,4.918032786885246,18.0327868852459,77.04918032786885,62.841530054644814,14.207650273224044
E00072533,92,28,7,21,64,58,6,30.434782608695656,7.608695652173914,22.82608695652174,69.56521739130434,63.04347826086957,6.521739130434782
E00072534,119,44,11,33,75,67,8,36.97478991596639,9.243697478991598,27.73109243697479,63.02521008403361,56.30252100840336,6.722689075630252
E00072535,134,36,7,29,98,91,7,26.865671641791046,5.223880597014925,21.641791044776117,73.13432835820896,67.91044776119402,5.223880597014925
E00072536,166,18,1,17,148,130,18,10.843373493975903,0.6024096385542169,10.240963855421686,89.1566265060241,78.3132530120482,10.843373493975903
E00072537,162,39,15,24,123,116,7,24.074074074074073,9.25925925925926,14.814814814814813,75.92592592592592,71.60493827160494,4.320987654320987
E00072538,113,38,3,35,75,67,8,33.6283185840708,2.6548672566371683,30.973451327433626,66.3716814159292,59.29203539823009,7.079646017699115
E00072539,74,17,3,14,57,51,6,22.972972972972975,4.054054054054054,18.91891891891892,77.02702702702703,68.91891891891892,8.108108108108109
E00072540,170,54,15,39,116,100,16,31.76470588235294,8.823529411764707,22.941176470588236,68.23529411764706,58.82352941176471,9.411764705882353
E00072541,124,36,7,29,88,75,13,29.03225806451613,5.64516129032258,23.387096774193548,70.96774193548387,60.483870967741936,10.483870967741936
E00072542,244,74,21,53,170,156,14,30.327868852459016,8.60655737704918,21.721311475409834,69.67213114754098,63.934426229508205,5.737704918032787
E00072543,137,41,8,33,96,83,13,29.927007299270077,5.839416058394161,24.087591240875913,70.07299270072993,60.58394160583942,9.48905109489051
E00072544,130,33,13,20,97,84,13,25.384615384615383,10,15.384615384615385,74.61538461538461,64.61538461538461,10
E00072545,184,39,5,34,145,125,20,21.195652173913043,2.717391304347826,18.478260869565215,78.80434782608695,67.93478260869566,10.869565217391305
E00072546,146,42,13,29,104,88,16,28.767123287671232,8.904109589041095,19.863013698630137,71.23287671232876,60.273972602739725,10.95890410958904
E00072547,69,23,13,10,46,39,7,33.33333333333333,18.84057971014493,14.492753623188406,66.66666666666666,56.52173913043478,10.144927536231885
E00072548,146,37,6,31,109,102,7,25.34246575342466,4.10958904109589,21.232876712328768,74.65753424657534,69.86301369863014,4.794520547945205
E00072549,96,25,7,18,71,64,7,26.041666666666668,7.291666666666667,18.75,73.95833333333334,66.66666666666666,7.291666666666667
E00072550,103,34,11,23,69,60,9,33.00970873786408,10.679611650485436,22.330097087378643,66.99029126213593,58.252427184466015,8.737864077669903
E00072551,145,46,10,36,99,87,12,31.724137931034484,6.896551724137931,24.82758620689655,68.27586206896552,60,8.275862068965518
E00072552,140,34,8,26,106,91,15,24.285714285714285,5.714285714285714,18.571428571428573,75.71428571428571,65,10.714285714285714
E00072553,95,20,8,12,75,61,14,21.052631578947366,8.421052631578947,12.631578947368421,78.94736842105263,64.21052631578948,14.736842105263156
E00072554,127,37,7,30,90,78,12,29.133858267716533,5.511811023622047,23.62204724409449,70.86614173228347,61.417322834645674,9.448818897637794
E00072555,134,41,16,25,93,81,12,30.597014925373134,11.940298507462686,18.65671641791045,69.40298507462687,60.447761194029844,8.955223880597014
E00072556,117,29,8,21,88,77,11,24.786324786324787,6.837606837606838,17.94871794871795,75.21367521367522,65.8119658119658,9.401709401709402
E00072557,147,40,12,28,107,98,9,27.2108843537415,8.16326530612245,19.047619047619047,72.78911564625851,66.66666666666666,6.122448979591836
E00072558,103,38,16,22,65,57,8,36.89320388349515,15.53398058252427,21.35922330097087,63.10679611650486,55.33980582524271,7.766990291262135
E00072559,133,37,7,30,96,79,17,27.819548872180448,5.263157894736842,22.55639097744361,72.18045112781954,59.3984962406015,12.781954887218044
E00072560,122,27,10,17,95,87,8,22.131147540983605,8.19672131147541,13.934426229508196,77.8688524590164,71.31147540983606,6.557377049180328
E00072561,122,31,7,24,91,80,11,25.40983606557377,5.737704918032787,19.672131147540984,74.59016393442623,65.57377049180327,9.01639344262295
E00072562,114,24,9,15,90,79,11,21.052631578947366,7.894736842105263,13.157894736842104,78.94736842105263,69.2982456140351,9.649122807017543
E00171625,119,33,12,21,86,77,9,27.73109243697479,10.084033613445378,17.647058823529413,72.26890756302521,64.70588235294117,7.563025210084033
E00171626,249,46,11,35,203,171,32,18.473895582329316,4.417670682730924,14.056224899598394,81.52610441767068,68.67469879518072,12.851405622489958
E00171627,196,47,11,36,149,126,23,23.97959183673469,5.612244897959184,18.367346938775512,76.0204081632653,64.28571428571429,11.73469387755102
E00171628,194,46,14,32,148,128,20,23.711340206185564,7.216494845360824,16.49484536082474,76.28865979381443,65.97938144329896,10.309278350515463
E00171629,122,28,7,21,94,81,13,22.950819672131146,5.737704918032787,17.21311475409836,77.04918032786885,66.39344262295081,10.655737704918032
E00171630,234,62,16,46,172,146,26,26.495726495726498,6.837606837606838,19.65811965811966,73.50427350427351,62.39316239316239,11.11111111111111
E00171631,148,43,7,36,105,98,7,29.054054054054053,4.72972972972973,24.324324324324326,70.94594594594594,66.21621621621621,4.72972972972973
E00171632,87,23,5,18,64,58,6,26.436781609195403,5.747126436781609,20.689655172413794,73.5632183908046,66.66666666666666,6.896551724137931
E00171633,127,37,8,29,90,80,10,29.133858267716533,6.299212598425196,22.83464566929134,70.86614173228347,62.99212598425197,7.874015748031496
E00171634,97,18,4,14,79,70,9,18.556701030927837,4.123711340206185,14.432989690721648,81.44329896907216,72.16494845360825,9.278350515463918
E00171635,94,17,0,17,77,71,6,18.085106382978726,0,18.085106382978726,81.91489361702128,75.53191489361703,6.382978723404255
E00171636,114,24,8,16,90,81,9,21.052631578947366,7.017543859649122,14.035087719298245,78.94736842105263,71.05263157894737,7.894736842105263
E00171637,176,52,12,40,124,109,15,29.545454545454547,6.8181818181818175,22.727272727272727,70.45454545454545,61.93181818181818,8.522727272727272
E00171638,170,38,10,28,132,115,17,22.35294117647059,5.88235294117647,16.470588235294116,77.64705882352942,67.64705882352942,10
E00171639,192,44,13,31,148,131,17,22.916666666666664,6.770833333333333,16.145833333333336,77.08333333333334,68.22916666666666,8.854166666666668
E00171640,108,29,8,21,79,75,4,26.851851851851855,7.4074074074074066,19.444444444444446,73.14814814814815,69.44444444444444,3.7037037037037033
E00171641,126,27,9,18,99,82,17,21.428571428571427,7.142857142857142,14.285714285714285,78.57142857142857,65.07936507936508,13.492063492063492
E00171643,110,10,5,5,100,85,15,9.090909090909092,4.545454545454546,4.545454545454546,90.9090909090909,77.27272727272727,13.636363636363635
E00171644,73,19,5,14,54,44,10,26.027397260273972,6.8493150684931505,19.17808219178082,73.97260273972603,60.273972602739725,13.698630136986301
E00171645,155,34,7,27,121,97,24,21.935483870967744,4.516129032258064,17.419354838709676,78.06451612903226,62.58064516129033,15.483870967741936
E00171646,97,21,4,17,76,69,7,21.649484536082475,4.123711340206185,17.525773195876287,78.35051546391753,71.1340206185567,7.216494845360824
E00171647,171,42,16,26,129,106,23,24.561403508771928,9.35672514619883,15.204678362573098,75.43859649122807,61.98830409356725,13.450292397660817
E00171648,183,41,12,29,142,123,19,22.404371584699454,6.557377049180328,15.846994535519126,77.59562841530054,67.21311475409836,10.382513661202186
E00171649,236,57,20,37,179,158,21,24.152542372881356,8.47457627118644,15.677966101694915,75.84745762711864,66.94915254237289,8.898305084745763
E00171650,74,17,6,11,57,54,3,22.972972972972975,8.108108108108109,14.864864864864865,77.02702702702703,72.97297297297297,4.054054054054054
E00171652,76,26,7,19,50,48,2,34.21052631578947,9.210526315789473,25,65.78947368421053,63.1578947368421,2.631578947368421
E00171653,137,27,8,19,110,90,20,19.708029197080293,5.839416058394161,13.86861313868613,80.2919708029197,65.69343065693431,14.5985401459854
E00171654,216,52,21,31,164,135,29,24.074074074074073,9.722222222222223,14.351851851851851,75.92592592592592,62.5,13.425925925925927
E00171655,147,41,12,29,106,90,16,27.89115646258503,8.16326530612245,19.727891156462583,72.10884353741497,61.224489795918366,10.884353741496598
E00171656,113,32,10,22,81,73,8,28.31858407079646,8.849557522123893,19.469026548672566,71.68141592920354,64.60176991150442,7.079646017699115
E00171657,119,27,4,23,92,83,9,22.689075630252102,3.361344537815126,19.327731092436977,77.31092436974791,69.74789915966386,7.563025210084033
E00171659,126,36,12,24,90,84,6,28.57142857142857,9.523809523809524,19.047619047619047,71.42857142857143,66.66666666666666,4.761904761904762
E00171660,314,57,14,43,257,222,35,18.152866242038215,4.45859872611465,13.694267515923567,81.84713375796179,70.70063694267516,11.146496815286625
E00171661,223,45,17,28,178,160,18,20.179372197309416,7.623318385650224,12.556053811659194,79.82062780269058,71.74887892376681,8.071748878923767
E00171662,83,15,2,13,68,56,12,18.072289156626507,2.4096385542168677,15.66265060240964,81.92771084337349,67.46987951807229,14.457831325301203
E00171664,134,10,1,9,124,110,14,7.462686567164178,0.7462686567164178,6.7164179104477615,92.53731343283582,82.08955223880598,10.44776119402985
E00171666,267,69,18,51,198,171,27,25.842696629213485,6.741573033707865,19.101123595505616,74.15730337078652,64.04494382022472,10.112359550561797
E00171667,188,58,18,40,130,110,20,30.851063829787233,9.574468085106384,21.27659574468085,69.14893617021278,58.51063829787234,10.638297872340425
E00171669,155,45,10,35,110,90,20,29.03225806451613,6.451612903225806,22.58064516129032,70.96774193548387,58.06451612903226,12.903225806451612
E00171670,103,24,5,19,79,70,9,23.300970873786408,4.854368932038835,18.446601941747574,76.69902912621359,67.96116504854369,8.737864077669903
E00171671,161,39,13,26,122,100,22,24.22360248447205,8.074534161490684,16.149068322981368,75.77639751552795,62.11180124223602,13.664596273291925
E00171672,166,45,15,30,121,105,16,27.10843373493976,9.036144578313253,18.072289156626507,72.89156626506023,63.25301204819277,9.63855421686747
E00179349,220,115,56,59,105,89,16,52.27272727272727,25.454545454545453,26.81818181818182,47.72727272727273,40.45454545454545,7.2727272727272725
E00179350,174,115,61,54,59,56,3,66.0919540229885,35.05747126436782,31.03448275862069,33.90804597701149,32.18390804597701,1.7241379310344827
E00179357,109,22,10,12,87,75,12,20.18348623853211,9.174311926605505,11.009174311926607,79.81651376146789,68.80733944954129,11.009174311926607
E00179358,166,44,14,30,122,107,15,26.506024096385545,8.433734939759036,18.072289156626507,73.49397590361446,64.45783132530121,9.036144578313253
E00179361,178,29,8,21,149,116,33,16.292134831460675,4.49438202247191,11.797752808988763,83.70786516853933,65.1685393258427,18.53932584269663
E00179362,153,52,21,31,101,90,11,33.98692810457516,13.725490196078432,20.26143790849673,66.01307189542483,58.82352941176471,7.18954248366013
E00179364,149,41,15,26,108,86,22,27.516778523489933,10.06711409395973,17.449664429530202,72.48322147651007,57.71812080536913,14.76510067114094
E00179368,245,64,14,50,181,165,16,26.122448979591837,5.714285714285714,20.408163265306122,73.87755102040816,67.3469387755102,6.530612244897959
E00179374,206,34,8,26,172,153,19,16.50485436893204,3.8834951456310676,12.62135922330097,83.49514563106796,74.27184466019418,9.223300970873787
E00179375,123,15,5,10,108,98,10,12.195121951219512,4.0650406504065035,8.130081300813007,87.8048780487805,79.67479674796748,8.130081300813007
E00179376,339,49,14,35,290,245,45,14.454277286135694,4.129793510324483,10.32448377581121,85.54572271386431,72.27138643067846,13.274336283185843
E00179377,9,1,0,1,8,7,1,11.11111111111111,0,11.11111111111111,88.88888888888889,77.77777777777779,11.11111111111111
E00179378,163,51,9,42,112,94,18,31.28834355828221,5.521472392638037,25.766871165644172,68.71165644171779,57.668711656441715,11.042944785276074
E00179382,122,29,7,22,93,77,16,23.770491803278688,5.737704918032787,18.0327868852459,76.22950819672131,63.114754098360656,13.114754098360656
E00179384,123,27,7,20,96,86,10,21.951219512195124,5.691056910569105,16.260162601626014,78.04878048780488,69.91869918699187,8.130081300813007
E00179387,206,36,8,28,170,149,21,17.475728155339805,3.8834951456310676,13.592233009708737,82.52427184466019,72.33009708737865,10.194174757281553
E00179393,204,37,8,29,167,151,16,18.137254901960784,3.9215686274509802,14.215686274509803,81.86274509803921,74.01960784313727,7.8431372549019605
E00179397,94,19,5,14,75,66,9,20.212765957446805,5.319148936170213,14.893617021276595,79.7872340425532,70.2127659574468,9.574468085106384
E00179406,104,33,9,24,71,67,4,31.73076923076923,8.653846153846153,23.076923076923077,68.26923076923077,64.42307692307693,3.8461538461538463
E00179410,123,36,11,25,87,81,6,29.268292682926827,8.94308943089431,20.32520325203252,70.73170731707317,65.85365853658537,4.878048780487805
E00179413,372,63,15,48,309,268,41,16.93548387096774,4.032258064516129,12.903225806451612,83.06451612903226,72.04301075268818,11.021505376344086
E00179418,192,37,13,24,155,139,16,19.270833333333336,6.770833333333333,12.5,80.72916666666666,72.39583333333334,8.333333333333332
E00179420,248,44,16,28,204,182,22,17.741935483870968,6.451612903225806,11.29032258064516,82.25806451612904,73.38709677419355,8.870967741935484
E00179425,6,1,0,1,5,3,2,16.666666666666664,0,16.666666666666664,83.33333333333334,50,33.33333333333333
E00179426,191,46,14,32,145,126,19,24.083769633507853,7.329842931937172,16.75392670157068,75.91623036649214,65.96858638743456,9.947643979057592
E00179427,78,18,6,12,60,50,10,23.076923076923077,7.6923076923076925,15.384615384615385,76.92307692307693,64.1025641025641,12.82051282051282
E00179429,11,8,3,5,3,3,0,72.72727272727273,27.27272727272727,45.45454545454545,27.27272727272727,27.27272727272727,0
E00179431,148,27,9,18,121,89,32,18.243243243243242,6.081081081081082,12.162162162162163,81.75675675675676,60.13513513513513,21.62162162162162
