OA,ts0590001,ts0590002,ts0590003,ts0590004,ts0590005,ts0590006,ts0590007,ts0590002_PCT,ts0590003_PCT,ts0590004_PCT,ts0590005_PCT,ts0590006_PCT,ts0590007_PCT
E00127314,135,45,15,30,90,78,12,33.33333333333333,11.11111111111111,22.22222222222222,66.66666666666666,57.77777777777777,8.88888888888889
E00127315,121,38,8,30,83,73,10,31.40495867768595,6.6115702479338845,24.793388429752067,68.59504132231406,60.33057851239669,8.264462809917356
E00127316,89,31,12,19,58,43,15,34.831460674157306,13.48314606741573,21.34831460674157,65.1685393258427,48.31460674157304,16.853932584269664
E00127317,88,35,12,23,53,45,8,39.77272727272727,13.636363636363635,26.136363636363637,60.22727272727273,51.13636363636363,9.090909090909092
E00127318,79,35,11,24,44,37,7,44.303797468354425,13.924050632911392,30.37974683544304,55.69620253164557,46.835443037974684,8.860759493670885
E00127319,128,54,17,37,74,60,14,42.1875,13.28125,28.90625,57.8125,46.875,10.9375
E00127320,45,18,3,15,27,23,4,40,6.666666666666667,33.33333333333333,60,51.11111111111111,8.88888888888889
E00127321,61,29,9,20,32,29,3,47.540983606557376,14.754098360655737,32.78688524590164,52.459016393442624,47.540983606557376,4.918032786885246
E00127322,105,39,15,24,66,57,9,37.142857142857146,14.285714285714285,22.857142857142858,62.857142857142854,54.285714285714285,8.571428571428571
E00127323,120,38,11,27,82,70,12,31.666666666666664,9.166666666666666,22.5,68.33333333333333,58.333333333333336,10
E00127324,83,33,14,19,50,42,8,39.75903614457831,16.867469879518072,22.89156626506024,60.24096385542169,50.602409638554214,9.63855421686747
E00127325,118,36,5,31,82,66,16,30.508474576271187,4.23728813559322,26.27118644067797,69.49152542372882,55.932203389830505,13.559322033898304
E00127326,125,38,11,27,87,76,11,30.4,8.799999999999999,21.6,69.6,60.8,8.799999999999999
E00127327,157,56,17,39,101,85,16,35.6687898089172,10.828025477707007,24.840764331210192,64.3312101910828,54.14012738853503,10.191082802547772
E00127328,138,47,21,26,91,79,12,34.05797101449276,15.217391304347828,18.84057971014493,65.94202898550725,57.2463768115942,8.695652173913043
E00127329,119,33,9,24,86,71,15,27.73109243697479,7.563025210084033,20.168067226890756,72.26890756302521,59.66386554621849,12.605042016806722
E00127330,124,45,15,30,79,68,11,36.29032258064516,12.096774193548388,24.193548387096776,63.70967741935484,54.83870967741935,8.870967741935484
E00127331,151,49,19,30,102,83,19,32.450331125827816,12.582781456953644,19.867549668874172,67.54966887417218,54.966887417218544,12.582781456953644
E00127332,162,53,16,37,109,87,22,32.71604938271605,9.876543209876543,22.839506172839506,67.28395061728395,53.70370370370371,13.580246913580247
E00127333,125,45,15,30,80,72,8,36,12,24,64,57.599999999999994,6.4
E00127334,114,37,12,25,77,63,14,32.45614035087719,10.526315789473683,21.929824561403507,67.54385964912281,55.26315789473685,12.280701754385964
E00127335,129,38,10,28,91,72,19,29.457364341085274,7.751937984496124,21.705426356589147,70.54263565891473,55.81395348837209,14.728682170542637
E00127336,107,37,16,21,70,56,14,34.57943925233645,14.953271028037381,19.626168224299064,65.42056074766354,52.336448598130836,13.084112149532709
E00127337,154,56,21,35,98,86,12,36.36363636363637,13.636363636363635,22.727272727272727,63.63636363636363,55.84415584415584,7.792207792207792
E00127338,130,35,5,30,95,80,15,26.923076923076923,3.8461538461538463,23.076923076923077,73.07692307692307,61.53846153846154,11.538461538461538
E00127339,140,43,13,30,97,80,17,30.714285714285715,9.285714285714286,21.428571428571427,69.28571428571428,57.14285714285714,12.142857142857142
E00127340,149,46,14,32,103,85,18,30.87248322147651,9.395973154362416,21.476510067114095,69.12751677852349,57.04697986577181,12.080536912751679
E00127341,188,53,14,39,135,116,19,28.191489361702125,7.446808510638298,20.74468085106383,71.80851063829788,61.702127659574465,10.106382978723403
E00127342,96,35,11,24,61,54,7,36.45833333333333,11.458333333333332,25,63.541666666666664,56.25,7.291666666666667
E00127343,103,34,15,19,69,58,11,33.00970873786408,14.563106796116504,18.446601941747574,66.99029126213593,56.310679611650485,10.679611650485436
E00127344,142,42,9,33,100,84,16,29.577464788732392,6.338028169014084,23.239436619718308,70.4225352112676,59.154929577464785,11.267605633802818
E00127345,93,30,18,12,63,49,14,32.25806451612903,19.35483870967742,12.903225806451612,67.74193548387096,52.68817204301075,15.053763440860216
E00127346,150,46,14,32,104,89,15,30.666666666666664,9.333333333333334,21.333333333333336,69.33333333333334,59.333333333333336,10
E00127347,133,41,11,30,92,83,9,30.82706766917293,8.270676691729323,22.55639097744361,69.17293233082707,62.40601503759399,6.7669172932330826
E00127348,129,46,17,29,83,68,15,35.65891472868217,13.178294573643413,22.48062015503876,64.34108527131784,52.71317829457365,11.627906976744185
E00127349,99,36,12,24,63,55,8,36.36363636363637,12.121212121212121,24.242424242424242,63.63636363636363,55.55555555555556,8.080808080808081
E00127350,184,64,18,46,120,107,13,34.78260869565217,9.782608695652174,25,65.21739130434783,58.152173913043484,7.065217391304348
E00127351,125,40,16,24,85,78,7,32,12.8,19.2,68,62.4,5.6000000000000005
E00127352,179,66,13,53,113,102,11,36.87150837988827,7.262569832402235,29.608938547486037,63.128491620111724,56.98324022346368,6.145251396648044
E00127354,127,52,22,30,75,64,11,40.94488188976378,17.322834645669293,23.62204724409449,59.055118110236215,50.39370078740157,8.661417322834646
E00127355,149,43,23,20,106,86,20,28.859060402684566,15.436241610738255,13.422818791946309,71.14093959731544,57.71812080536913,13.422818791946309
E00127357,127,51,27,24,76,70,6,40.15748031496063,21.25984251968504,18.89763779527559,59.84251968503938,55.118110236220474,4.724409448818897
E00127358,149,69,49,20,80,62,18,46.308724832214764,32.88590604026846,13.422818791946309,53.691275167785236,41.61073825503356,12.080536912751679
E00127359,144,52,16,36,92,85,7,36.11111111111111,11.11111111111111,25,63.888888888888886,59.02777777777778,4.861111111111112
E00127360,125,38,12,26,87,71,16,30.4,9.6,20.8,69.6,56.8,12.8
E00127361,88,29,15,14,59,49,10,32.95454545454545,17.045454545454543,15.909090909090908,67.04545454545455,55.68181818181818,11.363636363636363
E00127362,139,47,20,27,92,83,9,33.81294964028777,14.388489208633093,19.424460431654676,66.18705035971223,59.71223021582733,6.474820143884892
E00127363,160,51,20,31,109,90,19,31.874999999999996,12.5,19.375,68.125,56.25,11.875
E00127364,167,57,28,29,110,94,16,34.13173652694611,16.766467065868262,17.365269461077844,65.86826347305389,56.287425149700596,9.580838323353294
E00127365,121,53,22,31,68,62,6,43.80165289256198,18.181818181818183,25.6198347107438,56.19834710743802,51.2396694214876,4.958677685950414
E00127366,130,42,10,32,88,71,17,32.30769230769231,7.6923076923076925,24.615384615384617,67.6923076923077,54.61538461538461,13.076923076923078
E00127367,165,57,21,36,108,96,12,34.54545454545455,12.727272727272727,21.818181818181817,65.45454545454545,58.18181818181818,7.2727272727272725
E00127368,134,48,13,35,86,73,13,35.82089552238806,9.701492537313433,26.119402985074625,64.17910447761194,54.47761194029851,9.701492537313433
E00127369,185,59,20,39,126,104,22,31.891891891891895,10.81081081081081,21.08108108108108,68.10810810810811,56.21621621621622,11.891891891891893
E00127370,158,57,16,41,101,87,14,36.075949367088604,10.126582278481013,25.949367088607595,63.92405063291139,55.06329113924051,8.860759493670885
E00127371,160,56,20,36,104,94,10,35,12.5,22.5,65,58.75,6.25
E00127372,182,48,16,32,134,113,21,26.373626373626376,8.791208791208792,17.582417582417584,73.62637362637363,62.08791208791209,11.538461538461538
E00127373,159,47,12,35,112,93,19,29.559748427672954,7.547169811320755,22.0125786163522,70.44025157232704,58.490566037735846,11.949685534591195
E00127374,59,20,7,13,39,32,7,33.89830508474576,11.864406779661017,22.033898305084744,66.10169491525424,54.23728813559322,11.864406779661017
E00127375,258,78,30,48,180,150,30,30.23255813953488,11.627906976744185,18.6046511627907,69.76744186046511,58.139534883720934,11.627906976744185
E00127376,137,55,21,34,82,72,10,40.14598540145985,15.328467153284672,24.817518248175183,59.854014598540154,52.55474452554745,7.2992700729927
E00127377,140,46,13,33,94,77,17,32.857142857142854,9.285714285714286,23.57142857142857,67.14285714285714,55.00000000000001,12.142857142857142
E00127378,165,51,12,39,114,105,9,30.909090909090907,7.2727272727272725,23.636363636363637,69.0909090909091,63.63636363636363,5.454545454545454
E00127379,96,26,6,20,70,61,9,27.083333333333332,6.25,20.833333333333336,72.91666666666666,63.541666666666664,9.375
E00127380,151,57,22,35,94,84,10,37.74834437086093,14.56953642384106,23.178807947019866,62.251655629139066,55.62913907284768,6.622516556291391
E00127381,141,55,27,28,86,75,11,39.00709219858156,19.148936170212767,19.858156028368796,60.99290780141844,53.191489361702125,7.801418439716312
E00127382,159,62,27,35,97,76,21,38.9937106918239,16.9811320754717,22.0125786163522,61.0062893081761,47.79874213836478,13.20754716981132
E00127383,153,51,22,29,102,89,13,33.33333333333333,14.37908496732026,18.954248366013072,66.66666666666666,58.16993464052288,8.49673202614379
E00127384,131,64,22,42,67,59,8,48.854961832061065,16.793893129770993,32.06106870229007,51.14503816793893,45.038167938931295,6.106870229007633
E00127385,144,60,26,34,84,70,14,41.66666666666667,18.055555555555554,23.61111111111111,58.333333333333336,48.61111111111111,9.722222222222223
E00127386,140,48,12,36,92,80,12,34.285714285714285,8.571428571428571,25.71428571428571,65.71428571428571,57.14285714285714,8.571428571428571
E00127387,154,48,24,24,106,85,21,31.16883116883117,15.584415584415584,15.584415584415584,68.83116883116884,55.1948051948052,13.636363636363635
E00127389,150,52,21,31,98,79,19,34.66666666666667,14.000000000000002,20.666666666666668,65.33333333333333,52.666666666666664,12.666666666666668
E00127390,118,34,13,21,84,72,12,28.8135593220339,11.016949152542372,17.796610169491526,71.1864406779661,61.016949152542374,10.16949152542373
E00127391,146,58,35,23,88,74,14,39.726027397260275,23.972602739726025,15.753424657534246,60.273972602739725,50.68493150684932,9.58904109589041
E00127392,115,50,23,27,65,60,5,43.47826086956522,20,23.47826086956522,56.52173913043478,52.17391304347826,4.3478260869565215
E00127393,84,37,7,30,47,46,1,44.047619047619044,8.333333333333332,35.714285714285715,55.952380952380956,54.761904761904766,1.1904761904761905
E00127394,128,49,15,34,79,73,6,38.28125,11.71875,26.5625,61.71875,57.03125,4.6875
E00127396,124,49,17,32,75,70,5,39.516129032258064,13.709677419354838,25.806451612903224,60.483870967741936,56.451612903225815,4.032258064516129
E00127397,119,38,10,28,81,71,10,31.932773109243694,8.403361344537815,23.52941176470588,68.0672268907563,59.66386554621849,8.403361344537815
E00127398,165,55,11,44,110,94,16,33.33333333333333,6.666666666666667,26.666666666666668,66.66666666666666,56.96969696969697,9.696969696969697
E00127399,114,39,16,23,75,59,16,34.21052631578947,14.035087719298245,20.175438596491226,65.78947368421053,51.75438596491229,14.035087719298245
E00127400,139,52,28,24,87,81,6,37.410071942446045,20.14388489208633,17.26618705035971,62.589928057553955,58.27338129496403,4.316546762589928
E00127402,153,63,27,36,90,84,6,41.17647058823529,17.647058823529413,23.52941176470588,58.82352941176471,54.90196078431373,3.9215686274509802
E00127403,72,23,10,13,49,47,2,31.944444444444443,13.88888888888889,18.055555555555554,68.05555555555556,65.27777777777779,2.7777777777777777
E00127406,136,46,26,20,90,78,12,33.82352941176471,19.11764705882353,14.705882352941178,66.17647058823529,57.35294117647059,8.823529411764707
E00127407,114,39,20,19,75,67,8,34.21052631578947,17.543859649122805,16.666666666666664,65.78947368421053,58.77192982456141,7.017543859649122
E00127408,150,78,51,27,72,58,14,52,34,18,48,38.666666666666664,9.333333333333334
E00127409,142,63,38,25,79,63,16,44.36619718309859,26.76056338028169,17.6056338028169,55.633802816901415,44.36619718309859,11.267605633802818
E00127410,92,36,21,15,56,44,12,39.130434782608695,22.82608695652174,16.304347826086957,60.86956521739131,47.82608695652174,13.043478260869565
E00127411,179,56,17,39,123,76,47,31.28491620111732,9.497206703910614,21.787709497206702,68.71508379888269,42.45810055865922,26.256983240223462
E00127412,205,68,24,44,137,99,38,33.170731707317074,11.707317073170733,21.463414634146343,66.82926829268293,48.292682926829265,18.536585365853657
E00127413,294,77,31,46,217,175,42,26.190476190476193,10.54421768707483,15.646258503401361,73.80952380952381,59.523809523809526,14.285714285714285
E00127415,190,64,22,42,126,116,10,33.68421052631579,11.578947368421053,22.105263157894736,66.3157894736842,61.05263157894737,5.263157894736842
E00127416,188,61,27,34,127,96,31,32.4468085106383,14.361702127659576,18.085106382978726,67.5531914893617,51.06382978723404,16.48936170212766
E00127417,139,48,17,31,91,69,22,34.53237410071942,12.23021582733813,22.302158273381295,65.46762589928058,49.64028776978417,15.827338129496402
E00127419,125,42,16,26,83,63,20,33.6,12.8,20.8,66.4,50.4,16
E00127420,163,57,17,40,106,89,17,34.96932515337423,10.429447852760736,24.539877300613497,65.03067484662577,54.601226993865026,10.429447852760736
E00127421,138,46,11,35,92,81,11,33.33333333333333,7.971014492753622,25.36231884057971,66.66666666666666,58.69565217391305,7.971014492753622
E00127422,175,47,18,29,128,77,51,26.857142857142858,10.285714285714285,16.57142857142857,73.14285714285714,44,29.142857142857142
E00127423,162,48,22,26,114,81,33,29.629629629629626,13.580246913580247,16.049382716049383,70.37037037037037,50,20.37037037037037
E00127424,132,45,14,31,87,69,18,34.090909090909086,10.606060606060606,23.484848484848484,65.9090909090909,52.27272727272727,13.636363636363635
E00127425,171,63,27,36,108,56,52,36.84210526315789,15.789473684210526,21.052631578947366,63.1578947368421,32.748538011695906,30.409356725146196
E00127426,146,47,12,35,99,87,12,32.19178082191781,8.21917808219178,23.972602739726025,67.8082191780822,59.589041095890416,8.21917808219178
E00127427,156,45,10,35,111,99,12,28.846153846153843,6.41025641025641,22.435897435897438,71.15384615384616,63.46153846153846,7.6923076923076925
E00127428,136,38,7,31,98,85,13,27.941176470588236,5.147058823529411,22.794117647058822,72.05882352941177,62.5,9.558823529411764
E00127429,127,43,15,28,84,77,7,33.85826771653544,11.811023622047244,22.04724409448819,66.14173228346458,60.629921259842526,5.511811023622047
E00127431,129,44,20,24,85,58,27,34.10852713178294,15.503875968992247,18.6046511627907,65.89147286821705,44.96124031007752,20.930232558139537
E00127433,132,45,10,35,87,67,20,34.090909090909086,7.575757575757576,26.515151515151516,65.9090909090909,50.75757575757576,15.151515151515152
E00127434,138,43,15,28,95,88,7,31.15942028985507,10.869565217391305,20.28985507246377,68.84057971014492,63.76811594202898,5.072463768115942
E00127435,178,51,19,32,127,106,21,28.651685393258425,10.674157303370785,17.97752808988764,71.34831460674157,59.55056179775281,11.797752808988763
E00127436,91,21,8,13,70,57,13,23.076923076923077,8.791208791208792,14.285714285714285,76.92307692307693,62.637362637362635,14.285714285714285
E00127437,128,56,16,40,72,64,8,43.75,12.5,31.25,56.25,50,6.25
E00127438,80,36,15,21,44,35,9,45,18.75,26.25,55.00000000000001,43.75,11.25
E00127439,110,38,11,27,72,67,5,34.54545454545455,10,24.545454545454547,65.45454545454545,60.909090909090914,4.545454545454546
E00127440,81,30,9,21,51,49,2,37.03703703703704,11.11111111111111,25.925925925925924,62.96296296296296,60.49382716049383,2.4691358024691357
E00127441,111,39,5,34,72,66,6,35.13513513513514,4.504504504504505,30.630630630630627,64.86486486486487,59.45945945945946,5.405405405405405
E00127442,100,34,16,18,66,61,5,34,16,18,66,61,5
E00127443,162,62,19,43,100,85,15,38.2716049382716,11.728395061728394,26.543209876543212,61.72839506172839,52.46913580246913,9.25925925925926
E00127444,134,45,14,31,89,77,12,33.582089552238806,10.44776119402985,23.134328358208954,66.4179104477612,57.46268656716418,8.955223880597014
E00127445,147,55,20,35,92,78,14,37.41496598639456,13.60544217687075,23.809523809523807,62.585034013605444,53.06122448979592,9.523809523809524
E00127446,146,45,15,30,101,86,15,30.82191780821918,10.273972602739725,20.54794520547945,69.17808219178082,58.9041095890411,10.273972602739725
E00127447,80,31,10,21,49,42,7,38.75,12.5,26.25,61.25000000000001,52.5,8.75
E00127448,160,51,13,38,109,92,17,31.874999999999996,8.125,23.75,68.125,57.49999999999999,10.625
E00127449,156,53,14,39,103,86,17,33.97435897435898,8.974358974358974,25,66.02564102564102,55.12820512820513,10.897435897435898
E00127450,120,38,11,27,82,69,13,31.666666666666664,9.166666666666666,22.5,68.33333333333333,57.49999999999999,10.833333333333334
E00127451,94,34,8,26,60,48,12,36.17021276595745,8.51063829787234,27.659574468085108,63.829787234042556,51.06382978723404,12.76595744680851
E00127452,164,44,9,35,120,101,19,26.82926829268293,5.487804878048781,21.341463414634145,73.17073170731707,61.58536585365854,11.585365853658537
E00127453,142,44,15,29,98,84,14,30.985915492957744,10.56338028169014,20.422535211267608,69.01408450704226,59.154929577464785,9.859154929577464
E00127454,91,25,7,18,66,58,8,27.472527472527474,7.6923076923076925,19.78021978021978,72.52747252747253,63.73626373626373,8.791208791208792
E00127455,113,42,10,32,71,57,14,37.16814159292036,8.849557522123893,28.31858407079646,62.83185840707964,50.442477876106196,12.389380530973451
E00127456,112,32,10,22,80,69,11,28.57142857142857,8.928571428571429,19.642857142857142,71.42857142857143,61.60714285714286,9.821428571428571
E00127457,86,31,9,22,55,43,12,36.04651162790697,10.465116279069768,25.581395348837212,63.95348837209303,50,13.953488372093023
E00127458,109,37,8,29,72,59,13,33.94495412844037,7.339449541284404,26.605504587155966,66.05504587155964,54.12844036697248,11.926605504587156
E00127459,121,29,11,18,92,84,8,23.96694214876033,9.090909090909092,14.87603305785124,76.03305785123968,69.42148760330579,6.6115702479338845
E00127460,136,41,10,31,95,80,15,30.14705882352941,7.352941176470589,22.794117647058822,69.85294117647058,58.82352941176471,11.029411764705882
E00127461,78,17,5,12,61,50,11,21.794871794871796,6.41025641025641,15.384615384615385,78.2051282051282,64.1025641025641,14.102564102564102
E00127462,94,27,6,21,67,55,12,28.723404255319153,6.382978723404255,22.340425531914892,71.27659574468085,58.51063829787234,12.76595744680851
E00127463,91,29,8,21,62,51,11,31.868131868131865,8.791208791208792,23.076923076923077,68.13186813186813,56.043956043956044,12.087912087912088
E00127464,119,55,18,37,64,54,10,46.21848739495798,15.126050420168067,31.092436974789916,53.78151260504202,45.378151260504204,8.403361344537815
E00127465,100,28,7,21,72,57,15,28.000000000000004,7.000000000000001,21,72,56.99999999999999,15
E00127466,111,43,17,26,68,52,16,38.73873873873874,15.315315315315313,23.423423423423422,61.261261261261254,46.846846846846844,14.414414414414415
E00127467,91,31,6,25,60,54,6,34.065934065934066,6.593406593406594,27.472527472527474,65.93406593406593,59.34065934065934,6.593406593406594
E00127468,111,39,9,30,72,59,13,35.13513513513514,8.108108108108109,27.027027027027028,64.86486486486487,53.153153153153156,11.711711711711711
E00127469,191,59,27,32,132,110,22,30.89005235602094,14.136125654450263,16.75392670157068,69.10994764397905,57.59162303664922,11.518324607329843
E00127470,92,32,9,23,60,52,8,34.78260869565217,9.782608695652174,25,65.21739130434783,56.52173913043478,8.695652173913043
E00127471,155,44,17,27,111,101,10,28.387096774193548,10.967741935483872,17.419354838709676,71.61290322580646,65.16129032258064,6.451612903225806
E00127472,148,46,12,34,102,88,14,31.08108108108108,8.108108108108109,22.972972972972975,68.91891891891892,59.45945945945946,9.45945945945946
E00127473,107,45,17,28,62,49,13,42.05607476635514,15.887850467289718,26.168224299065418,57.943925233644855,45.794392523364486,12.149532710280374
E00127474,49,13,4,9,36,27,9,26.53061224489796,8.16326530612245,18.367346938775512,73.46938775510205,55.10204081632652,18.367346938775512
E00127475,113,55,15,40,58,43,15,48.67256637168141,13.274336283185843,35.39823008849557,51.32743362831859,38.05309734513274,13.274336283185843
E00127476,122,44,14,30,78,72,6,36.0655737704918,11.475409836065573,24.59016393442623,63.934426229508205,59.01639344262295,4.918032786885246
E00127477,130,41,8,33,89,83,6,31.538461538461537,6.153846153846154,25.384615384615383,68.46153846153847,63.84615384615384,4.615384615384616
E00127478,136,42,12,30,94,81,13,30.88235294117647,8.823529411764707,22.058823529411764,69.11764705882352,59.55882352941176,9.558823529411764
E00127479,89,34,6,28,55,48,7,38.20224719101123,6.741573033707865,31.46067415730337,61.79775280898876,53.93258426966292,7.865168539325842
E00127480,129,42,18,24,87,68,19,32.55813953488372,13.953488372093023,18.6046511627907,67.44186046511628,52.71317829457365,14.728682170542637
E00127481,124,37,11,26,87,78,9,29.838709677419356,8.870967741935484,20.967741935483872,70.16129032258065,62.903225806451616,7.258064516129033
E00127482,151,45,14,31,106,96,10,29.80132450331126,9.271523178807946,20.52980132450331,70.19867549668875,63.576158940397356,6.622516556291391
E00127483,187,61,19,42,126,113,13,32.62032085561498,10.16042780748663,22.459893048128343,67.37967914438502,60.42780748663101,6.951871657754011
E00127484,132,30,9,21,102,88,14,22.727272727272727,6.8181818181818175,15.909090909090908,77.27272727272727,66.66666666666666,10.606060606060606
E00127485,131,54,24,30,77,67,10,41.221374045801525,18.3206106870229,22.900763358778626,58.778625954198475,51.14503816793893,7.633587786259542
E00127486,131,40,14,26,91,71,20,30.53435114503817,10.687022900763358,19.84732824427481,69.46564885496184,54.19847328244275,15.267175572519085
E00127487,151,58,20,38,93,85,8,38.41059602649007,13.245033112582782,25.165562913907287,61.58940397350994,56.29139072847682,5.298013245033113
E00127488,62,26,9,17,36,30,6,41.935483870967744,14.516129032258066,27.419354838709676,58.06451612903226,48.38709677419355,9.67741935483871
E00127489,81,30,12,18,51,41,10,37.03703703703704,14.814814814814813,22.22222222222222,62.96296296296296,50.617283950617285,12.345679012345679
E00127490,117,42,17,25,75,66,9,35.8974358974359,14.529914529914532,21.367521367521366,64.1025641025641,56.41025641025641,7.6923076923076925
E00127491,104,38,12,26,66,52,14,36.53846153846153,11.538461538461538,25,63.46153846153846,50,13.461538461538462
E00127492,114,27,13,14,87,72,15,23.684210526315788,11.403508771929824,12.280701754385964,76.31578947368422,63.1578947368421,13.157894736842104
E00127493,117,42,11,31,75,68,7,35.8974358974359,9.401709401709402,26.495726495726498,64.1025641025641,58.119658119658126,5.982905982905983
E00127494,148,53,16,37,95,78,17,35.810810810810814,10.81081081081081,25,64.1891891891892,52.702702702702695,11.486486486486488
E00127495,112,41,18,23,71,59,12,36.607142857142854,16.071428571428573,20.535714285714285,63.39285714285714,52.67857142857143,10.714285714285714
E00127496,110,40,15,25,70,56,14,36.36363636363637,13.636363636363635,22.727272727272727,63.63636363636363,50.90909090909091,12.727272727272727
E00127497,119,34,13,21,85,75,10,28.57142857142857,10.92436974789916,17.647058823529413,71.42857142857143,63.02521008403361,8.403361344537815
E00127499,128,41,13,28,87,80,7,32.03125,10.15625,21.875,67.96875,62.5,5.46875
E00127500,187,56,13,43,131,114,17,29.946524064171122,6.951871657754011,22.994652406417114,70.05347593582889,60.962566844919785,9.090909090909092
E00127501,111,35,11,24,76,62,14,31.53153153153153,9.90990990990991,21.62162162162162,68.46846846846847,55.85585585585585,12.612612612612612
E00127502,128,42,17,25,86,67,19,32.8125,13.28125,19.53125,67.1875,52.34375,14.84375
E00127503,120,30,13,17,90,78,12,25,10.833333333333334,14.166666666666666,75,65,10
E00127504,160,40,14,26,120,105,15,25,8.75,16.25,75,65.625,9.375
E00127505,157,50,14,36,107,97,10,31.84713375796178,8.9171974522293,22.929936305732486,68.15286624203821,61.78343949044586,6.369426751592357
E00127506,143,51,15,36,92,77,15,35.66433566433567,10.48951048951049,25.174825174825177,64.33566433566433,53.84615384615385,10.48951048951049
E00127507,149,56,17,39,93,76,17,37.58389261744966,11.409395973154362,26.174496644295303,62.41610738255034,51.006711409395976,11.409395973154362
E00127508,137,48,12,36,89,78,11,35.03649635036496,8.75912408759124,26.277372262773724,64.96350364963503,56.934306569343065,8.02919708029197
E00127509,103,27,8,19,76,62,14,26.21359223300971,7.766990291262135,18.446601941747574,73.7864077669903,60.19417475728155,13.592233009708737
E00127512,173,53,18,35,120,103,17,30.63583815028902,10.404624277456648,20.23121387283237,69.36416184971098,59.53757225433526,9.826589595375722
E00127513,136,34,6,28,102,86,16,25,4.411764705882353,20.588235294117645,75,63.23529411764706,11.76470588235294
E00127514,129,41,14,27,88,81,7,31.782945736434108,10.852713178294573,20.930232558139537,68.21705426356588,62.7906976744186,5.426356589147287
E00127515,88,35,15,20,53,43,10,39.77272727272727,17.045454545454543,22.727272727272727,60.22727272727273,48.86363636363637,11.363636363636363
E00127516,126,44,18,26,82,78,4,34.92063492063492,14.285714285714285,20.634920634920633,65.07936507936508,61.904761904761905,3.1746031746031744
E00127517,316,89,39,50,227,180,47,28.164556962025316,12.341772151898734,15.822784810126583,71.83544303797468,56.9620253164557,14.873417721518987
E00127518,150,76,42,34,74,68,6,50.66666666666667,28.000000000000004,22.666666666666664,49.333333333333336,45.33333333333333,4
E00127519,102,37,19,18,65,59,6,36.27450980392157,18.627450980392158,17.647058823529413,63.725490196078425,57.84313725490197,5.88235294117647
E00127520,141,52,12,40,89,80,9,36.87943262411347,8.51063829787234,28.368794326241137,63.12056737588653,56.73758865248227,6.382978723404255
E00127521,108,31,10,21,77,74,3,28.703703703703702,9.25925925925926,19.444444444444446,71.29629629629629,68.51851851851852,2.7777777777777777
E00127522,135,48,21,27,87,76,11,35.55555555555556,15.555555555555555,20,64.44444444444444,56.2962962962963,8.148148148148149
E00127524,138,63,37,26,75,69,6,45.65217391304348,26.811594202898554,18.84057971014493,54.347826086956516,50,4.3478260869565215
E00127525,109,58,33,25,51,45,6,53.21100917431193,30.275229357798167,22.93577981651376,46.788990825688074,41.284403669724774,5.5045871559633035
E00127527,129,51,19,32,78,68,10,39.53488372093023,14.728682170542637,24.8062015503876,60.46511627906976,52.71317829457365,7.751937984496124
E00127528,121,41,17,24,80,74,6,33.88429752066116,14.049586776859504,19.834710743801654,66.11570247933885,61.15702479338842,4.958677685950414
E00127529,152,47,12,35,105,91,14,30.92105263157895,7.894736842105263,23.026315789473685,69.07894736842105,59.86842105263158,9.210526315789473
E00127530,108,33,5,28,75,66,9,30.555555555555557,4.62962962962963,25.925925925925924,69.44444444444444,61.111111111111114,8.333333333333332
E00127531,110,37,14,23,73,63,10,33.63636363636363,12.727272727272727,20.909090909090907,66.36363636363637,57.27272727272727,9.090909090909092
E00127532,171,58,12,46,113,95,18,33.91812865497076,7.017543859649122,26.900584795321635,66.08187134502924,55.55555555555556,10.526315789473683
E00127533,129,37,11,26,92,79,13,28.68217054263566,8.527131782945736,20.155038759689923,71.31782945736434,61.240310077519375,10.077519379844961
E00127534,144,56,21,35,88,75,13,38.88888888888889,14.583333333333334,24.305555555555554,61.111111111111114,52.083333333333336,9.027777777777777
E00127535,147,54,23,31,93,85,8,36.734693877551024,15.646258503401361,21.08843537414966,63.26530612244898,57.82312925170068,5.442176870748299
E00127536,148,48,19,29,100,85,15,32.432432432432435,12.837837837837837,19.594594594594593,67.56756756756756,57.432432432432435,10.135135135135135
E00127537,166,58,17,41,108,66,42,34.93975903614458,10.240963855421686,24.69879518072289,65.06024096385542,39.75903614457831,25.301204819277107
E00127538,78,31,10,21,47,32,15,39.743589743589745,12.82051282051282,26.923076923076923,60.256410256410255,41.02564102564102,19.230769230769234
E00127539,151,64,26,38,87,69,18,42.384105960264904,17.218543046357617,25.165562913907287,57.615894039735096,45.6953642384106,11.920529801324504
E00127540,190,65,26,39,125,103,22,34.21052631578947,13.684210526315791,20.526315789473685,65.78947368421053,54.21052631578947,11.578947368421053
E00127541,109,37,15,22,72,52,20,33.94495412844037,13.761467889908257,20.18348623853211,66.05504587155964,47.706422018348626,18.34862385321101
E00127542,132,38,18,20,94,71,23,28.78787878787879,13.636363636363635,15.151515151515152,71.21212121212122,53.78787878787878,17.424242424242426
E00127543,132,41,14,27,91,73,18,31.060606060606062,10.606060606060606,20.454545454545457,68.93939393939394,55.3030303030303,13.636363636363635
E00127544,65,22,10,12,43,34,9,33.84615384615385,15.384615384615385,18.461538461538463,66.15384615384615,52.307692307692314,13.846153846153847
E00127545,164,64,21,43,100,87,13,39.02439024390244,12.804878048780488,26.21951219512195,60.97560975609756,53.04878048780488,7.926829268292683
E00127546,144,52,25,27,92,52,40,36.11111111111111,17.36111111111111,18.75,63.888888888888886,36.11111111111111,27.77777777777778
E00127547,151,44,13,31,107,90,17,29.13907284768212,8.609271523178808,20.52980132450331,70.86092715231787,59.60264900662252,11.258278145695364
E00127548,132,41,10,31,91,80,11,31.060606060606062,7.575757575757576,23.484848484848484,68.93939393939394,60.60606060606061,8.333333333333332
E00127549,111,40,14,26,71,58,13,36.03603603603604,12.612612612612612,23.423423423423422,63.96396396396396,52.25225225225225,11.711711711711711
E00127550,166,58,26,32,108,83,25,34.93975903614458,15.66265060240964,19.27710843373494,65.06024096385542,50,15.060240963855422
E00127551,141,49,20,29,92,78,14,34.751773049645394,14.184397163120568,20.56737588652482,65.24822695035462,55.319148936170215,9.929078014184398
E00127552,187,50,18,32,137,114,23,26.737967914438503,9.62566844919786,17.11229946524064,73.2620320855615,60.962566844919785,12.299465240641712
E00127553,141,36,9,27,105,90,15,25.53191489361702,6.382978723404255,19.148936170212767,74.46808510638297,63.829787234042556,10.638297872340425
E00127554,116,37,18,19,79,48,31,31.896551724137932,15.517241379310345,16.379310344827587,68.10344827586206,41.37931034482759,26.72413793103448
E00127555,156,49,15,34,107,66,41,31.41025641025641,9.615384615384617,21.794871794871796,68.58974358974359,42.30769230769231,26.282051282051285
E00127556,153,47,17,30,106,78,28,30.718954248366014,11.11111111111111,19.607843137254903,69.28104575163398,50.98039215686274,18.30065359477124
E00127557,199,76,32,44,123,67,56,38.19095477386934,16.08040201005025,22.110552763819097,61.80904522613066,33.66834170854271,28.14070351758794
E00127558,95,38,16,22,57,47,10,40,16.842105263157894,23.157894736842106,60,49.473684210526315,10.526315789473683
E00127559,136,46,9,37,90,54,36,33.82352941176471,6.61764705882353,27.205882352941174,66.17647058823529,39.705882352941174,26.47058823529412
E00127560,85,30,7,23,55,43,12,35.294117647058826,8.235294117647058,27.058823529411764,64.70588235294117,50.588235294117645,14.117647058823529
E00127561,167,51,14,37,116,100,16,30.538922155688624,8.383233532934131,22.15568862275449,69.46107784431138,59.88023952095808,9.580838323353294
E00127564,211,58,18,40,153,123,30,27.488151658767773,8.530805687203792,18.95734597156398,72.51184834123224,58.29383886255924,14.218009478672986
E00127565,121,45,17,28,76,63,13,37.1900826446281,14.049586776859504,23.140495867768596,62.8099173553719,52.066115702479344,10.743801652892563
E00127566,112,41,15,26,71,54,17,36.607142857142854,13.392857142857142,23.214285714285715,63.39285714285714,48.214285714285715,15.178571428571427
E00127567,147,44,17,27,103,90,13,29.931972789115648,11.564625850340136,18.367346938775512,70.06802721088435,61.224489795918366,8.843537414965986
E00127568,99,37,8,29,62,50,12,37.37373737373738,8.080808080808081,29.292929292929294,62.62626262626263,50.505050505050505,12.121212121212121
E00127569,141,47,7,40,94,84,10,33.33333333333333,4.964539007092199,28.368794326241137,66.66666666666666,59.57446808510638,7.092198581560284
E00127570,92,34,11,23,58,49,9,36.95652173913043,11.956521739130435,25,63.04347826086957,53.2608695652174,9.782608695652174
E00127571,100,41,11,30,59,49,10,41,11,30,59,49,10
E00127572,140,45,18,27,95,86,9,32.142857142857146,12.857142857142856,19.28571428571429,67.85714285714286,61.42857142857143,6.428571428571428
E00127573,138,54,17,37,84,70,14,39.130434782608695,12.318840579710146,26.811594202898554,60.86956521739131,50.72463768115942,10.144927536231885
E00127574,156,48,12,36,108,93,15,30.76923076923077,7.6923076923076925,23.076923076923077,69.23076923076923,59.61538461538461,9.615384615384617
E00127575,123,50,13,37,73,64,9,40.65040650406504,10.569105691056912,30.081300813008134,59.34959349593496,52.03252032520326,7.317073170731707
E00127576,111,40,11,29,71,62,9,36.03603603603604,9.90990990990991,26.126126126126124,63.96396396396396,55.85585585585585,8.108108108108109
E00127577,65,29,6,23,36,30,6,44.61538461538462,9.230769230769232,35.38461538461539,55.38461538461539,46.15384615384615,9.230769230769232
E00127578,84,30,11,19,54,49,5,35.714285714285715,13.095238095238097,22.61904761904762,64.28571428571429,58.333333333333336,5.952380952380952
E00127579,129,38,16,22,91,75,16,29.457364341085274,12.4031007751938,17.05426356589147,70.54263565891473,58.139534883720934,12.4031007751938
E00127580,51,19,9,10,32,29,3,37.254901960784316,17.647058823529413,19.607843137254903,62.745098039215684,56.86274509803921,5.88235294117647
E00127581,128,47,13,34,81,72,9,36.71875,10.15625,26.5625,63.28125,56.25,7.03125
E00127582,130,43,9,34,87,79,8,33.07692307692307,6.923076923076923,26.153846153846157,66.92307692307692,60.76923076923077,6.153846153846154
E00127583,78,24,6,18,54,50,4,30.76923076923077,7.6923076923076925,23.076923076923077,69.23076923076923,64.1025641025641,5.128205128205128
E00127584,112,46,16,30,66,60,6,41.07142857142857,14.285714285714285,26.785714285714285,58.92857142857143,53.57142857142857,5.357142857142857
E00127585,109,47,14,33,62,56,6,43.11926605504588,12.844036697247708,30.275229357798167,56.88073394495413,51.37614678899083,5.5045871559633035
E00127586,160,48,17,31,112,107,5,30,10.625,19.375,70,66.875,3.125
E00127587,98,35,13,22,63,58,5,35.714285714285715,13.26530612244898,22.448979591836736,64.28571428571429,59.183673469387756,5.1020408163265305
E00127588,114,41,12,29,73,62,11,35.96491228070175,10.526315789473683,25.438596491228072,64.03508771929825,54.385964912280706,9.649122807017543
E00127589,98,39,12,27,59,49,10,39.795918367346935,12.244897959183673,27.55102040816326,60.204081632653065,50,10.204081632653061
E00127590,104,38,11,27,66,59,7,36.53846153846153,10.576923076923077,25.961538461538463,63.46153846153846,56.730769230769226,6.730769230769231
E00127591,46,24,11,13,22,13,9,52.17391304347826,23.91304347826087,28.26086956521739,47.82608695652174,28.26086956521739,19.565217391304348
E00127592,117,43,12,31,74,61,13,36.75213675213676,10.256410256410255,26.495726495726498,63.24786324786324,52.13675213675214,11.11111111111111
E00127593,119,51,7,44,68,60,8,42.857142857142854,5.88235294117647,36.97478991596639,57.14285714285714,50.42016806722689,6.722689075630252
E00127594,99,30,11,19,69,57,12,30.303030303030305,11.11111111111111,19.19191919191919,69.6969696969697,57.57575757575758,12.121212121212121
E00127595,98,31,14,17,67,62,5,31.63265306122449,14.285714285714285,17.346938775510203,68.36734693877551,63.26530612244898,5.1020408163265305
E00127596,119,40,9,31,79,74,5,33.61344537815126,7.563025210084033,26.05042016806723,66.38655462184873,62.18487394957983,4.201680672268908
E00127597,130,45,11,34,85,71,14,34.61538461538461,8.461538461538462,26.153846153846157,65.38461538461539,54.61538461538461,10.76923076923077
E00127598,137,50,18,32,87,72,15,36.496350364963504,13.138686131386862,23.357664233576642,63.503649635036496,52.55474452554745,10.948905109489052
E00127599,121,40,16,24,81,65,16,33.057851239669425,13.223140495867769,19.834710743801654,66.94214876033058,53.71900826446281,13.223140495867769
E00127600,125,33,13,20,92,76,16,26.400000000000002,10.4,16,73.6,60.8,12.8
E00127601,87,29,12,17,58,47,11,33.33333333333333,13.793103448275861,19.54022988505747,66.66666666666666,54.02298850574713,12.643678160919542
E00127602,149,41,13,28,108,93,15,27.516778523489933,8.724832214765101,18.79194630872483,72.48322147651007,62.41610738255034,10.06711409395973
E00127603,123,32,6,26,91,79,12,26.01626016260163,4.878048780487805,21.138211382113823,73.98373983739837,64.22764227642277,9.75609756097561
E00127604,151,50,22,28,101,89,12,33.11258278145696,14.56953642384106,18.543046357615893,66.88741721854305,58.94039735099338,7.9470198675496695
E00127605,155,56,19,37,99,89,10,36.12903225806451,12.258064516129032,23.870967741935484,63.87096774193548,57.41935483870968,6.451612903225806
E00127606,147,52,16,36,95,81,14,35.374149659863946,10.884353741496598,24.489795918367346,64.62585034013605,55.10204081632652,9.523809523809524
E00127607,100,27,12,15,73,61,12,27,12,15,73,61,12
E00127608,82,25,6,19,57,48,9,30.48780487804878,7.317073170731707,23.170731707317074,69.51219512195121,58.536585365853654,10.975609756097562
E00127609,91,23,4,19,68,60,8,25.274725274725274,4.395604395604396,20.87912087912088,74.72527472527473,65.93406593406593,8.791208791208792
E00127610,134,48,23,25,86,78,8,35.82089552238806,17.16417910447761,18.65671641791045,64.17910447761194,58.2089552238806,5.970149253731343
E00127611,153,58,21,37,95,81,14,37.908496732026144,13.725490196078432,24.183006535947712,62.091503267973856,52.94117647058824,9.15032679738562
E00127612,158,51,17,34,107,84,23,32.278481012658226,10.759493670886076,21.518987341772153,67.72151898734177,53.16455696202531,14.556962025316455
E00127613,132,42,14,28,90,73,17,31.818181818181817,10.606060606060606,21.21212121212121,68.18181818181817,55.3030303030303,12.878787878787879
E00127614,115,42,22,20,73,58,15,36.52173913043478,19.130434782608695,17.391304347826086,63.47826086956522,50.43478260869565,13.043478260869565
E00127615,100,37,11,26,63,50,13,37,11,26,63,50,13
E00127616,268,87,32,55,181,138,43,32.46268656716418,11.940298507462686,20.522388059701495,67.53731343283582,51.49253731343284,16.044776119402986
E00127618,75,30,15,15,45,37,8,40,20,20,60,49.333333333333336,10.666666666666668
E00127619,138,36,5,31,102,92,10,26.08695652173913,3.6231884057971016,22.463768115942027,73.91304347826086,66.66666666666666,7.246376811594203
E00127620,136,34,13,21,102,89,13,25,9.558823529411764,15.441176470588236,75,65.44117647058823,9.558823529411764
E00127621,141,53,21,32,88,78,10,37.5886524822695,14.893617021276595,22.69503546099291,62.4113475177305,55.319148936170215,7.092198581560284
E00127622,63,17,7,10,46,37,9,26.984126984126984,11.11111111111111,15.873015873015872,73.01587301587301,58.730158730158735,14.285714285714285
E00127623,153,50,9,41,103,94,9,32.6797385620915,5.88235294117647,26.797385620915033,67.3202614379085,61.43790849673203,5.88235294117647
E00127624,153,53,20,33,100,83,17,34.64052287581699,13.071895424836603,21.568627450980394,65.359477124183,54.248366013071895,11.11111111111111
E00127625,144,41,22,19,103,88,15,28.47222222222222,15.277777777777779,13.194444444444445,71.52777777777779,61.111111111111114,10.416666666666668
E00127626,155,45,17,28,110,99,11,29.03225806451613,10.967741935483872,18.064516129032256,70.96774193548387,63.87096774193548,7.096774193548387
E00127627,130,49,17,32,81,71,10,37.69230769230769,13.076923076923078,24.615384615384617,62.30769230769231,54.61538461538461,7.6923076923076925
E00127628,121,42,23,19,79,67,12,34.710743801652896,19.00826446280992,15.702479338842975,65.28925619834712,55.371900826446286,9.917355371900827
E00127629,148,50,16,34,98,92,6,33.78378378378378,10.81081081081081,22.972972972972975,66.21621621621621,62.16216216216216,4.054054054054054
E00127630,118,42,10,32,76,69,7,35.59322033898305,8.47457627118644,27.11864406779661,64.40677966101694,58.47457627118644,5.932203389830509
E00127631,148,44,15,29,104,86,18,29.72972972972973,10.135135135135135,19.594594594594593,70.27027027027027,58.108108108108105,12.162162162162163
E00127632,108,36,19,17,72,69,3,33.33333333333333,17.59259259259259,15.74074074074074,66.66666666666666,63.888888888888886,2.7777777777777777
E00127633,135,35,7,28,100,88,12,25.925925925925924,5.185185185185185,20.74074074074074,74.07407407407408,65.18518518518519,8.88888888888889
E00127634,120,47,20,27,73,58,15,39.166666666666664,16.666666666666664,22.5,60.83333333333333,48.333333333333336,12.5
E00127635,83,34,9,25,49,37,12,40.963855421686745,10.843373493975903,30.120481927710845,59.036144578313255,44.57831325301205,14.457831325301203
E00127636,125,54,27,27,71,61,10,43.2,21.6,21.6,56.8,48.8,8
E00127637,56,22,7,15,34,27,7,39.285714285714285,12.5,26.785714285714285,60.71428571428571,48.214285714285715,12.5
E00127638,120,46,17,29,74,61,13,38.333333333333336,14.166666666666666,24.166666666666668,61.66666666666667,50.83333333333333,10.833333333333334
E00127639,94,39,17,22,55,42,13,41.48936170212766,18.085106382978726,23.404255319148938,58.51063829787234,44.680851063829785,13.829787234042554
E00127640,90,33,9,24,57,46,11,36.666666666666664,10,26.666666666666668,63.33333333333333,51.11111111111111,12.222222222222221
E00127641,160,63,27,36,97,76,21,39.375,16.875,22.5,60.62499999999999,47.5,13.125
E00127642,162,53,14,39,109,90,19,32.71604938271605,8.641975308641975,24.074074074074073,67.28395061728395,55.55555555555556,11.728395061728394
E00127643,171,49,21,28,122,109,13,28.654970760233915,12.280701754385964,16.374269005847953,71.34502923976608,63.74269005847953,7.602339181286549
E00127644,152,57,16,41,95,83,12,37.5,10.526315789473683,26.973684210526315,62.5,54.60526315789473,7.894736842105263
E00127645,139,42,11,31,97,87,10,30.215827338129497,7.913669064748201,22.302158273381295,69.7841726618705,62.589928057553955,7.1942446043165464
E00127646,164,54,16,38,110,96,14,32.926829268292686,9.75609756097561,23.170731707317074,67.07317073170732,58.536585365853654,8.536585365853659
E00127647,157,57,12,45,100,90,10,36.30573248407643,7.643312101910828,28.662420382165603,63.69426751592356,57.324840764331206,6.369426751592357
E00127648,200,56,15,41,144,125,19,28.000000000000004,7.5,20.5,72,62.5,9.5
E00127649,154,59,17,42,95,84,11,38.311688311688314,11.03896103896104,27.27272727272727,61.68831168831169,54.54545454545454,7.142857142857142
E00127650,120,44,13,31,76,58,18,36.666666666666664,10.833333333333334,25.833333333333336,63.33333333333333,48.333333333333336,15
E00127651,140,48,9,39,92,86,6,34.285714285714285,6.428571428571428,27.857142857142858,65.71428571428571,61.42857142857143,4.285714285714286
E00127652,36,5,1,4,31,25,6,13.88888888888889,2.7777777777777777,11.11111111111111,86.11111111111111,69.44444444444444,16.666666666666664
E00127653,135,46,19,27,89,78,11,34.074074074074076,14.074074074074074,20,65.92592592592592,57.77777777777777,8.148148148148149
E00127654,206,76,25,51,130,103,27,36.89320388349515,12.135922330097088,24.75728155339806,63.10679611650486,50,13.106796116504855
E00127655,161,51,12,39,110,99,11,31.67701863354037,7.453416149068323,24.22360248447205,68.32298136645963,61.49068322981367,6.832298136645963
E00127656,63,27,9,18,36,35,1,42.857142857142854,14.285714285714285,28.57142857142857,57.14285714285714,55.55555555555556,1.5873015873015872
E00127657,119,41,15,26,78,68,10,34.45378151260504,12.605042016806722,21.84873949579832,65.54621848739495,57.14285714285714,8.403361344537815
E00127658,141,38,14,24,103,87,16,26.95035460992908,9.929078014184398,17.02127659574468,73.04964539007092,61.702127659574465,11.347517730496454
E00127659,153,47,15,32,106,95,11,30.718954248366014,9.803921568627452,20.915032679738562,69.28104575163398,62.091503267973856,7.18954248366013
E00127660,137,37,14,23,100,82,18,27.00729927007299,10.218978102189782,16.78832116788321,72.99270072992701,59.854014598540154,13.138686131386862
E00127661,144,51,14,37,93,78,15,35.41666666666667,9.722222222222223,25.694444444444443,64.58333333333334,54.166666666666664,10.416666666666668
E00127662,138,52,17,35,86,80,6,37.68115942028986,12.318840579710146,25.36231884057971,62.31884057971014,57.971014492753625,4.3478260869565215
E00127663,160,52,17,35,108,97,11,32.5,10.625,21.875,67.5,60.62499999999999,6.875000000000001
E00127664,133,42,18,24,91,74,17,31.57894736842105,13.533834586466165,18.045112781954884,68.42105263157895,55.639097744360896,12.781954887218044
E00127665,138,59,15,44,79,66,13,42.7536231884058,10.869565217391305,31.88405797101449,57.2463768115942,47.82608695652174,9.420289855072465
E00127666,169,57,20,37,112,98,14,33.72781065088758,11.834319526627219,21.893491124260358,66.27218934911244,57.98816568047337,8.284023668639055
E00127667,159,59,16,43,100,87,13,37.10691823899371,10.062893081761008,27.044025157232703,62.893081761006286,54.71698113207547,8.176100628930817
E00127668,166,54,17,37,112,95,17,32.53012048192771,10.240963855421686,22.289156626506024,67.46987951807229,57.22891566265061,10.240963855421686
E00127669,169,57,23,34,112,89,23,33.72781065088758,13.609467455621301,20.118343195266274,66.27218934911244,52.662721893491124,13.609467455621301
E00127670,140,51,20,31,89,77,12,36.42857142857142,14.285714285714285,22.142857142857142,63.57142857142857,55.00000000000001,8.571428571428571
E00127671,165,48,18,30,117,101,16,29.09090909090909,10.909090909090908,18.181818181818183,70.9090909090909,61.212121212121204,9.696969696969697
E00127672,81,27,4,23,54,42,12,33.33333333333333,4.938271604938271,28.39506172839506,66.66666666666666,51.85185185185185,14.814814814814813
E00127673,181,48,7,41,133,120,13,26.519337016574585,3.867403314917127,22.65193370165746,73.48066298342542,66.29834254143645,7.18232044198895
E00127674,157,47,11,36,110,92,18,29.936305732484076,7.006369426751593,22.929936305732486,70.06369426751591,58.59872611464968,11.464968152866243
E00127675,35,14,5,9,21,17,4,40,14.285714285714285,25.71428571428571,60,48.57142857142857,11.428571428571429
E00127676,125,57,14,43,68,59,9,45.6,11.200000000000001,34.4,54.400000000000006,47.199999999999996,7.199999999999999
E00127677,197,64,15,49,133,118,15,32.48730964467005,7.614213197969544,24.873096446700508,67.51269035532995,59.89847715736041,7.614213197969544
E00127678,97,43,14,29,54,46,8,44.329896907216494,14.432989690721648,29.896907216494846,55.670103092783506,47.42268041237113,8.24742268041237
E00127679,115,37,9,28,78,62,16,32.17391304347826,7.82608695652174,24.347826086956523,67.82608695652173,53.91304347826087,13.91304347826087
E00127680,128,62,24,38,66,56,10,48.4375,18.75,29.6875,51.5625,43.75,7.8125
E00127681,106,38,5,33,68,52,16,35.84905660377358,4.716981132075472,31.132075471698112,64.15094339622641,49.056603773584904,15.09433962264151
E00127682,145,42,10,32,103,92,11,28.965517241379313,6.896551724137931,22.06896551724138,71.03448275862068,63.44827586206897,7.586206896551724
E00127683,39,17,8,9,22,15,7,43.58974358974359,20.51282051282051,23.076923076923077,56.41025641025641,38.46153846153847,17.94871794871795
E00127684,91,34,10,24,57,38,19,37.362637362637365,10.989010989010989,26.373626373626376,62.637362637362635,41.75824175824176,20.87912087912088
E00127685,123,42,11,31,81,62,19,34.146341463414636,8.94308943089431,25.203252032520325,65.85365853658537,50.40650406504065,15.447154471544716
E00127686,50,19,2,17,31,24,7,38,4,34,62,48,14.000000000000002
E00127687,109,35,11,24,74,64,10,32.11009174311927,10.091743119266056,22.018348623853214,67.88990825688074,58.71559633027523,9.174311926605505
E00127688,139,50,15,35,89,67,22,35.97122302158273,10.79136690647482,25.179856115107913,64.02877697841727,48.201438848920866,15.827338129496402
E00127689,95,31,16,15,64,42,22,32.631578947368425,16.842105263157894,15.789473684210526,67.36842105263158,44.21052631578947,23.157894736842106
E00127690,193,56,22,34,137,113,24,29.015544041450774,11.398963730569948,17.616580310880828,70.98445595854922,58.549222797927456,12.435233160621761
E00127691,166,68,22,46,98,74,24,40.963855421686745,13.253012048192772,27.710843373493976,59.036144578313255,44.57831325301205,14.457831325301203
E00127692,94,35,15,20,59,53,6,37.234042553191486,15.957446808510639,21.27659574468085,62.76595744680851,56.38297872340425,6.382978723404255
E00127693,128,56,15,41,72,55,17,43.75,11.71875,32.03125,56.25,42.96875,13.28125
E00127694,125,44,11,33,81,63,18,35.199999999999996,8.799999999999999,26.400000000000002,64.8,50.4,14.399999999999999
E00127695,86,36,21,15,50,36,14,41.86046511627907,24.418604651162788,17.441860465116278,58.139534883720934,41.86046511627907,16.27906976744186
E00127696,139,49,21,28,90,69,21,35.25179856115108,15.107913669064748,20.14388489208633,64.74820143884892,49.64028776978417,15.107913669064748
E00127697,101,35,12,23,66,57,9,34.65346534653465,11.881188118811881,22.772277227722775,65.34653465346535,56.43564356435643,8.91089108910891
E00127698,85,29,9,20,56,46,10,34.11764705882353,10.588235294117647,23.52941176470588,65.88235294117646,54.11764705882353,11.76470588235294
E00127699,120,32,9,23,88,67,21,26.666666666666668,7.5,19.166666666666668,73.33333333333333,55.833333333333336,17.5
E00127700,128,39,14,25,89,77,12,30.46875,10.9375,19.53125,69.53125,60.15625,9.375
E00127701,120,41,17,24,79,61,18,34.166666666666664,14.166666666666666,20,65.83333333333333,50.83333333333333,15
E00127702,95,22,7,15,73,59,14,23.157894736842106,7.368421052631578,15.789473684210526,76.84210526315789,62.10526315789474,14.736842105263156
E00127703,97,34,12,22,63,55,8,35.051546391752574,12.371134020618557,22.68041237113402,64.94845360824742,56.70103092783505,8.24742268041237
E00127704,121,38,13,25,83,72,11,31.40495867768595,10.743801652892563,20.66115702479339,68.59504132231406,59.50413223140496,9.090909090909092
E00127705,58,28,9,19,30,26,4,48.275862068965516,15.517241379310345,32.758620689655174,51.724137931034484,44.827586206896555,6.896551724137931
E00127706,91,29,6,23,62,54,8,31.868131868131865,6.593406593406594,25.274725274725274,68.13186813186813,59.34065934065934,8.791208791208792
E00127707,48,18,6,12,30,27,3,37.5,12.5,25,62.5,56.25,6.25
E00127708,128,48,9,39,80,66,14,37.5,7.03125,30.46875,62.5,51.5625,10.9375
E00127709,98,36,11,25,62,54,8,36.734693877551024,11.224489795918368,25.510204081632654,63.26530612244898,55.10204081632652,8.16326530612245
E00127710,75,27,9,18,48,41,7,36,12,24,64,54.666666666666664,9.333333333333334
E00127711,101,41,8,33,60,49,11,40.5940594059406,7.920792079207921,32.67326732673268,59.4059405940594,48.51485148514851,10.891089108910892
E00127712,95,38,12,26,57,48,9,40,12.631578947368421,27.368421052631582,60,50.526315789473685,9.473684210526317
E00127713,46,21,10,11,25,19,6,45.65217391304348,21.73913043478261,23.91304347826087,54.347826086956516,41.30434782608695,13.043478260869565
E00127714,115,38,12,26,77,66,11,33.04347826086956,10.434782608695652,22.608695652173914,66.95652173913044,57.391304347826086,9.565217391304348
E00127715,140,53,21,32,87,71,16,37.857142857142854,15,22.857142857142858,62.142857142857146,50.71428571428571,11.428571428571429
E00127716,138,48,17,31,90,76,14,34.78260869565217,12.318840579710146,22.463768115942027,65.21739130434783,55.072463768115945,10.144927536231885
E00127717,125,42,14,28,83,76,7,33.6,11.200000000000001,22.400000000000002,66.4,60.8,5.6000000000000005
E00127718,111,39,12,27,72,61,11,35.13513513513514,10.81081081081081,24.324324324324326,64.86486486486487,54.95495495495496,9.90990990990991
E00127719,98,38,13,25,60,54,6,38.775510204081634,13.26530612244898,25.510204081632654,61.224489795918366,55.10204081632652,6.122448979591836
E00127720,132,37,4,33,95,88,7,28.030303030303028,3.0303030303030303,25,71.96969696969697,66.66666666666666,5.303030303030303
E00127721,123,45,9,36,78,68,10,36.58536585365854,7.317073170731707,29.268292682926827,63.41463414634146,55.28455284552846,8.130081300813007
E00127722,203,71,18,53,132,113,19,34.97536945812808,8.866995073891626,26.108374384236456,65.02463054187191,55.66502463054187,9.35960591133005
E00127723,319,102,26,76,217,180,37,31.974921630094045,8.150470219435736,23.824451410658305,68.02507836990596,56.42633228840125,11.598746081504702
E00127724,43,17,8,9,26,19,7,39.53488372093023,18.6046511627907,20.930232558139537,60.46511627906976,44.18604651162791,16.27906976744186
E00127725,255,79,22,57,176,154,22,30.980392156862745,8.627450980392156,22.35294117647059,69.01960784313725,60.3921568627451,8.627450980392156
E00127726,68,16,4,12,52,46,6,23.52941176470588,5.88235294117647,17.647058823529413,76.47058823529412,67.64705882352942,8.823529411764707
E00127727,117,46,23,23,71,49,22,39.31623931623932,19.65811965811966,19.65811965811966,60.68376068376068,41.88034188034188,18.803418803418804
E00127728,76,18,3,15,58,42,16,23.684210526315788,3.9473684210526314,19.736842105263158,76.31578947368422,55.26315789473685,21.052631578947366
E00127729,85,27,10,17,58,44,14,31.76470588235294,11.76470588235294,20,68.23529411764706,51.76470588235295,16.470588235294116
E00127730,82,37,16,21,45,32,13,45.1219512195122,19.51219512195122,25.609756097560975,54.87804878048781,39.02439024390244,15.853658536585366
E00127731,140,43,15,28,97,64,33,30.714285714285715,10.714285714285714,20,69.28571428571428,45.714285714285715,23.57142857142857
E00127732,119,45,15,30,74,37,37,37.81512605042017,12.605042016806722,25.210084033613445,62.18487394957983,31.092436974789916,31.092436974789916
E00127733,157,58,26,32,99,63,36,36.94267515923567,16.560509554140125,20.382165605095544,63.05732484076433,40.12738853503185,22.929936305732486
E00127734,104,34,16,18,70,43,27,32.69230769230769,15.384615384615385,17.307692307692307,67.3076923076923,41.34615384615385,25.961538461538463
E00127735,62,20,7,13,42,29,13,32.25806451612903,11.29032258064516,20.967741935483872,67.74193548387096,46.774193548387096,20.967741935483872
E00127736,164,64,23,41,100,66,34,39.02439024390244,14.02439024390244,25,60.97560975609756,40.243902439024396,20.73170731707317
E00127737,112,36,13,23,76,64,12,32.142857142857146,11.607142857142858,20.535714285714285,67.85714285714286,57.14285714285714,10.714285714285714
E00127738,134,36,12,24,98,81,17,26.865671641791046,8.955223880597014,17.91044776119403,73.13432835820896,60.447761194029844,12.686567164179104
E00127739,154,41,14,27,113,95,18,26.623376623376622,9.090909090909092,17.532467532467532,73.37662337662337,61.68831168831169,11.688311688311687
E00127740,131,57,20,37,74,65,9,43.51145038167939,15.267175572519085,28.24427480916031,56.48854961832062,49.61832061068702,6.870229007633588
E00127741,118,46,14,32,72,58,14,38.983050847457626,11.864406779661017,27.11864406779661,61.016949152542374,49.152542372881356,11.864406779661017
E00127742,140,54,20,34,86,68,18,38.57142857142858,14.285714285714285,24.285714285714285,61.42857142857143,48.57142857142857,12.857142857142856
E00127743,135,50,18,32,85,69,16,37.03703703703704,13.333333333333334,23.703703703703706,62.96296296296296,51.11111111111111,11.851851851851853
E00127744,128,36,17,19,92,72,20,28.125,13.28125,14.84375,71.875,56.25,15.625
E00127745,79,27,11,16,52,46,6,34.177215189873415,13.924050632911392,20.253164556962027,65.82278481012658,58.22784810126582,7.59493670886076
E00127746,89,33,8,25,56,46,10,37.07865168539326,8.98876404494382,28.08988764044944,62.92134831460674,51.68539325842697,11.235955056179774
E00127747,102,40,15,25,62,50,12,39.21568627450981,14.705882352941178,24.509803921568626,60.78431372549019,49.01960784313725,11.76470588235294
E00127748,106,32,8,24,74,58,16,30.18867924528302,7.547169811320755,22.641509433962266,69.81132075471697,54.71698113207547,15.09433962264151
E00127749,109,36,15,21,73,66,7,33.02752293577982,13.761467889908257,19.26605504587156,66.97247706422019,60.550458715596335,6.422018348623854
E00127750,90,30,6,24,60,50,10,33.33333333333333,6.666666666666667,26.666666666666668,66.66666666666666,55.55555555555556,11.11111111111111
E00127751,90,47,12,35,43,33,10,52.22222222222223,13.333333333333334,38.88888888888889,47.77777777777778,36.666666666666664,11.11111111111111
E00127752,100,28,10,18,72,56,16,28.000000000000004,10,18,72,56.00000000000001,16
E00127753,92,35,10,25,57,50,7,38.04347826086957,10.869565217391305,27.173913043478258,61.95652173913043,54.347826086956516,7.608695652173914
E00127754,116,34,11,23,82,70,12,29.310344827586203,9.482758620689655,19.82758620689655,70.6896551724138,60.3448275862069,10.344827586206897
E00127755,76,22,9,13,54,43,11,28.947368421052634,11.842105263157894,17.105263157894736,71.05263157894737,56.57894736842105,14.473684210526317
E00127756,102,30,12,18,72,64,8,29.411764705882355,11.76470588235294,17.647058823529413,70.58823529411765,62.745098039215684,7.8431372549019605
E00127757,83,35,7,28,48,38,10,42.168674698795186,8.433734939759036,33.734939759036145,57.831325301204814,45.78313253012048,12.048192771084338
E00127758,116,44,12,32,72,56,16,37.93103448275862,10.344827586206897,27.586206896551722,62.06896551724138,48.275862068965516,13.793103448275861
E00127760,80,22,4,18,58,50,8,27.500000000000004,5,22.5,72.5,62.5,10
E00127761,57,21,5,16,36,31,5,36.84210526315789,8.771929824561402,28.07017543859649,63.1578947368421,54.385964912280706,8.771929824561402
E00127762,58,17,5,12,41,36,5,29.310344827586203,8.620689655172415,20.689655172413794,70.6896551724138,62.06896551724138,8.620689655172415
E00127763,95,31,13,18,64,57,7,32.631578947368425,13.684210526315791,18.947368421052634,67.36842105263158,60,7.368421052631578
E00127764,144,48,11,37,96,82,14,33.33333333333333,7.638888888888889,25.694444444444443,66.66666666666666,56.94444444444444,9.722222222222223
E00127765,157,49,11,38,108,96,12,31.210191082802545,7.006369426751593,24.203821656050955,68.78980891719745,61.146496815286625,7.643312101910828
E00127766,136,47,12,35,89,77,12,34.55882352941176,8.823529411764707,25.735294117647058,65.44117647058823,56.61764705882353,8.823529411764707
E00127767,158,56,22,34,102,89,13,35.44303797468354,13.924050632911392,21.518987341772153,64.55696202531645,56.32911392405063,8.227848101265822
E00127768,140,49,13,36,91,74,17,35,9.285714285714286,25.71428571428571,65,52.85714285714286,12.142857142857142
E00170158,101,37,8,29,64,56,8,36.633663366336634,7.920792079207921,28.71287128712871,63.366336633663366,55.44554455445545,7.920792079207921
E00170159,139,43,12,31,96,85,11,30.935251798561154,8.633093525179856,22.302158273381295,69.06474820143885,61.15107913669065,7.913669064748201
E00170160,60,18,9,9,42,38,4,30,15,15,70,63.33333333333333,6.666666666666667
E00170161,109,45,34,11,64,59,5,41.284403669724774,31.19266055045872,10.091743119266056,58.71559633027523,54.12844036697248,4.587155963302752
E00170162,92,31,8,23,61,51,10,33.69565217391305,8.695652173913043,25,66.30434782608695,55.434782608695656,10.869565217391305
E00170163,74,31,22,9,43,42,1,41.891891891891895,29.72972972972973,12.162162162162163,58.108108108108105,56.75675675675676,1.3513513513513513
E00170164,192,55,19,36,137,119,18,28.645833333333332,9.895833333333332,18.75,71.35416666666666,61.979166666666664,9.375
E00170165,74,28,15,13,46,41,5,37.83783783783784,20.27027027027027,17.56756756756757,62.16216216216216,55.4054054054054,6.756756756756757
E00170166,118,33,9,24,85,77,8,27.966101694915253,7.627118644067797,20.33898305084746,72.03389830508475,65.2542372881356,6.779661016949152
E00170167,153,40,7,33,113,89,24,26.143790849673206,4.57516339869281,21.568627450980394,73.8562091503268,58.16993464052288,15.686274509803921
E00170168,370,298,242,56,72,51,21,80.54054054054053,65.4054054054054,15.135135135135137,19.45945945945946,13.783783783783784,5.675675675675676
E00170169,170,20,10,10,150,131,19,11.76470588235294,5.88235294117647,5.88235294117647,88.23529411764706,77.05882352941177,11.176470588235295
E00170170,226,181,144,37,45,32,13,80.08849557522124,63.716814159292035,16.371681415929203,19.911504424778762,14.15929203539823,5.752212389380531
E00170171,65,20,6,14,45,35,10,30.76923076923077,9.230769230769232,21.53846153846154,69.23076923076923,53.84615384615385,15.384615384615385
E00170172,140,45,12,33,95,71,24,32.142857142857146,8.571428571428571,23.57142857142857,67.85714285714286,50.71428571428571,17.142857142857142
E00185570,207,54,8,46,153,126,27,26.08695652173913,3.864734299516908,22.22222222222222,73.91304347826086,60.86956521739131,13.043478260869565
E00185574,153,47,21,26,106,95,11,30.718954248366014,13.725490196078432,16.99346405228758,69.28104575163398,62.091503267973856,7.18954248366013
E00185582,286,67,24,43,219,189,30,23.426573426573427,8.391608391608392,15.034965034965033,76.57342657342657,66.08391608391608,10.48951048951049
E00185587,119,50,32,18,69,64,5,42.016806722689076,26.89075630252101,15.126050420168067,57.98319327731093,53.78151260504202,4.201680672268908
E00185589,174,36,15,21,138,121,17,20.689655172413794,8.620689655172415,12.068965517241379,79.3103448275862,69.54022988505747,9.770114942528735
E00185590,123,60,45,15,63,48,15,48.78048780487805,36.58536585365854,12.195121951219512,51.21951219512195,39.02439024390244,12.195121951219512
E00185592,193,42,11,31,151,128,23,21.761658031088082,5.699481865284974,16.06217616580311,78.23834196891191,66.32124352331607,11.917098445595855
E00185593,163,71,22,49,92,80,12,43.558282208588956,13.496932515337424,30.061349693251532,56.44171779141104,49.079754601226995,7.361963190184049
E00185594,228,64,26,38,164,136,28,28.07017543859649,11.403508771929824,16.666666666666664,71.9298245614035,59.64912280701754,12.280701754385964
E00185598,60,20,9,11,40,32,8,33.33333333333333,15,18.333333333333332,66.66666666666666,53.333333333333336,13.333333333333334
E00185602,66,33,24,9,33,29,4,50,36.36363636363637,13.636363636363635,50,43.93939393939394,6.0606060606060606
E00185610,194,50,15,35,144,123,21,25.773195876288657,7.731958762886598,18.04123711340206,74.22680412371135,63.4020618556701,10.824742268041238
E00185613,269,72,21,51,197,175,22,26.765799256505574,7.806691449814126,18.95910780669145,73.23420074349443,65.05576208178438,8.178438661710038
E00185618,109,41,13,28,68,48,20,37.61467889908257,11.926605504587156,25.688073394495415,62.38532110091744,44.03669724770643,18.34862385321101
E00185619,38,16,7,9,22,19,3,42.10526315789473,18.421052631578945,23.684210526315788,57.89473684210527,50,7.894736842105263
E00185621,163,38,9,29,125,103,22,23.31288343558282,5.521472392638037,17.791411042944784,76.68711656441718,63.190184049079754,13.496932515337424
E00185623,81,39,23,16,42,41,1,48.148148148148145,28.39506172839506,19.753086419753085,51.85185185185185,50.617283950617285,1.2345679012345678
E00185624,322,67,19,48,255,220,35,20.80745341614907,5.900621118012422,14.906832298136646,79.19254658385093,68.32298136645963,10.869565217391305
E00185629,145,78,39,39,67,55,12,53.79310344827586,26.89655172413793,26.89655172413793,46.206896551724135,37.93103448275862,8.275862068965518
E00185635,220,61,26,35,159,124,35,27.727272727272727,11.818181818181818,15.909090909090908,72.27272727272728,56.36363636363636,15.909090909090908
E00185636,112,30,7,23,82,71,11,26.785714285714285,6.25,20.535714285714285,73.21428571428571,63.39285714285714,9.821428571428571
E00185637,177,41,14,27,136,117,19,23.163841807909606,7.909604519774012,15.254237288135593,76.8361581920904,66.10169491525424,10.734463276836157
E00185639,102,38,15,23,64,61,3,37.254901960784316,14.705882352941178,22.54901960784314,62.745098039215684,59.80392156862745,2.941176470588235
E00185643,204,55,17,38,149,123,26,26.96078431372549,8.333333333333332,18.627450980392158,73.0392156862745,60.29411764705882,12.745098039215685
E00185646,244,91,41,50,153,123,30,37.295081967213115,16.80327868852459,20.491803278688526,62.704918032786885,50.409836065573764,12.295081967213115
E00185647,143,45,26,19,98,89,9,31.46853146853147,18.181818181818183,13.286713286713287,68.53146853146853,62.23776223776224,6.293706293706294
E00185649,36,21,2,19,15,11,4,58.333333333333336,5.555555555555555,52.77777777777778,41.66666666666667,30.555555555555557,11.11111111111111
E00185653,109,38,10,28,71,52,19,34.862385321100916,9.174311926605505,25.688073394495415,65.13761467889908,47.706422018348626,17.431192660550458
E00185657,101,30,8,22,71,64,7,29.7029702970297,7.920792079207921,21.782178217821784,70.29702970297029,63.366336633663366,6.9306930693069315
E00185659,86,29,8,21,57,50,7,33.72093023255814,9.30232558139535,24.418604651162788,66.27906976744185,58.139534883720934,8.13953488372093
E00185661,88,18,3,15,70,63,7,20.454545454545457,3.4090909090909087,17.045454545454543,79.54545454545455,71.5909090909091,7.954545454545454
E00185664,143,43,11,32,100,88,12,30.069930069930066,7.6923076923076925,22.377622377622377,69.93006993006993,61.53846153846154,8.391608391608392
