OA,ts0590001,ts0590002,ts0590003,ts0590004,ts0590005,ts0590006,ts0590007,ts0590002_PCT,ts0590003_PCT,ts0590004_PCT,ts0590005_PCT,ts0590006_PCT,ts0590007_PCT
E00142277,119,31,8,23,88,78,10,26.05042016806723,6.722689075630252,19.327731092436977,73.94957983193278,65.54621848739495,8.403361344537815
E00142278,128,34,10,24,94,85,9,26.5625,7.8125,18.75,73.4375,66.40625,7.03125
E00142279,148,39,10,29,109,96,13,26.351351351351347,6.756756756756757,19.594594594594593,73.64864864864865,64.86486486486487,8.783783783783784
E00142280,211,59,17,42,152,134,18,27.96208530805687,8.056872037914692,19.90521327014218,72.03791469194313,63.507109004739334,8.530805687203792
E00142281,153,39,10,29,114,100,14,25.49019607843137,6.535947712418301,18.954248366013072,74.50980392156863,65.359477124183,9.15032679738562
E00142282,164,44,14,30,120,110,10,26.82926829268293,8.536585365853659,18.29268292682927,73.17073170731707,67.07317073170732,6.097560975609756
E00142283,138,50,19,31,88,74,14,36.231884057971016,13.768115942028986,22.463768115942027,63.76811594202898,53.62318840579711,10.144927536231885
E00142284,201,68,23,45,133,116,17,33.83084577114428,11.442786069651742,22.388059701492537,66.16915422885572,57.711442786069654,8.45771144278607
E00142285,141,36,10,26,105,93,12,25.53191489361702,7.092198581560284,18.439716312056735,74.46808510638297,65.95744680851064,8.51063829787234
E00142286,198,57,21,36,141,127,14,28.78787878787879,10.606060606060606,18.181818181818183,71.21212121212122,64.14141414141415,7.07070707070707
E00142287,201,54,18,36,147,128,19,26.865671641791046,8.955223880597014,17.91044776119403,73.13432835820896,63.681592039801,9.45273631840796
E00142289,58,15,3,12,43,41,2,25.862068965517242,5.172413793103448,20.689655172413794,74.13793103448276,70.6896551724138,3.4482758620689653
E00142290,195,52,18,34,143,125,18,26.666666666666668,9.230769230769232,17.435897435897434,73.33333333333333,64.1025641025641,9.230769230769232
E00142291,104,38,11,27,66,61,5,36.53846153846153,10.576923076923077,25.961538461538463,63.46153846153846,58.65384615384615,4.807692307692308
E00142292,229,62,24,38,167,154,13,27.074235807860266,10.480349344978166,16.593886462882097,72.92576419213974,67.24890829694323,5.676855895196507
E00142293,113,26,4,22,87,77,10,23.008849557522122,3.5398230088495577,19.469026548672566,76.99115044247787,68.14159292035397,8.849557522123893
E00142294,160,38,10,28,122,105,17,23.75,6.25,17.5,76.25,65.625,10.625
E00142295,156,43,12,31,113,104,9,27.564102564102566,7.6923076923076925,19.871794871794872,72.43589743589743,66.66666666666666,5.769230769230769
E00142296,136,37,14,23,99,90,9,27.205882352941174,10.294117647058822,16.911764705882355,72.79411764705883,66.17647058823529,6.61764705882353
E00142297,132,42,11,31,90,78,12,31.818181818181817,8.333333333333332,23.484848484848484,68.18181818181817,59.09090909090909,9.090909090909092
E00142298,162,44,7,37,118,106,12,27.160493827160494,4.320987654320987,22.839506172839506,72.8395061728395,65.4320987654321,7.4074074074074066
E00142299,282,69,18,51,213,187,26,24.46808510638298,6.382978723404255,18.085106382978726,75.53191489361703,66.31205673758865,9.219858156028367
E00142300,128,37,10,27,91,84,7,28.90625,7.8125,21.09375,71.09375,65.625,5.46875
E00142301,108,23,8,15,85,74,11,21.296296296296298,7.4074074074074066,13.88888888888889,78.70370370370371,68.51851851851852,10.185185185185185
E00142302,101,29,9,20,72,63,9,28.71287128712871,8.91089108910891,19.801980198019802,71.28712871287128,62.37623762376238,8.91089108910891
E00142303,110,31,10,21,79,66,13,28.18181818181818,9.090909090909092,19.090909090909093,71.81818181818181,60,11.818181818181818
E00142304,294,65,15,50,229,207,22,22.108843537414966,5.1020408163265305,17.006802721088434,77.89115646258503,70.40816326530613,7.482993197278912
E00142307,110,37,13,24,73,62,11,33.63636363636363,11.818181818181818,21.818181818181817,66.36363636363637,56.36363636363636,10
E00142311,146,31,10,21,115,102,13,21.232876712328768,6.8493150684931505,14.383561643835616,78.76712328767124,69.86301369863014,8.904109589041095
E00142312,188,55,18,37,133,119,14,29.25531914893617,9.574468085106384,19.680851063829788,70.74468085106383,63.297872340425535,7.446808510638298
E00142314,146,49,11,38,97,86,11,33.56164383561644,7.534246575342466,26.027397260273972,66.43835616438356,58.9041095890411,7.534246575342466
E00142315,162,48,14,34,114,101,13,29.629629629629626,8.641975308641975,20.98765432098765,70.37037037037037,62.34567901234568,8.024691358024691
E00142316,132,31,6,25,101,88,13,23.484848484848484,4.545454545454546,18.939393939393938,76.51515151515152,66.66666666666666,9.848484848484848
E00142317,88,30,6,24,58,54,4,34.090909090909086,6.8181818181818175,27.27272727272727,65.9090909090909,61.36363636363637,4.545454545454546
E00142318,127,39,8,31,88,80,8,30.708661417322837,6.299212598425196,24.409448818897637,69.29133858267717,62.99212598425197,6.299212598425196
E00142319,84,28,8,20,56,46,10,33.33333333333333,9.523809523809524,23.809523809523807,66.66666666666666,54.761904761904766,11.904761904761903
E00142320,140,38,13,25,102,88,14,27.142857142857142,9.285714285714286,17.857142857142858,72.85714285714285,62.857142857142854,10
E00142321,86,27,6,21,59,54,5,31.3953488372093,6.976744186046512,24.418604651162788,68.6046511627907,62.7906976744186,5.813953488372093
E00142322,153,53,12,41,100,86,14,34.64052287581699,7.8431372549019605,26.797385620915033,65.359477124183,56.209150326797385,9.15032679738562
E00142323,179,58,20,38,121,105,16,32.402234636871505,11.1731843575419,21.22905027932961,67.59776536312849,58.659217877094974,8.938547486033519
E00142324,93,27,6,21,66,63,3,29.03225806451613,6.451612903225806,22.58064516129032,70.96774193548387,67.74193548387096,3.225806451612903
E00142325,138,33,13,20,105,96,9,23.91304347826087,9.420289855072465,14.492753623188406,76.08695652173914,69.56521739130434,6.521739130434782
E00142326,127,35,8,27,92,83,9,27.559055118110237,6.299212598425196,21.25984251968504,72.44094488188976,65.35433070866141,7.086614173228346
E00142327,105,32,7,25,73,66,7,30.476190476190478,6.666666666666667,23.809523809523807,69.52380952380952,62.857142857142854,6.666666666666667
E00142328,150,34,7,27,116,103,13,22.666666666666664,4.666666666666667,18,77.33333333333333,68.66666666666667,8.666666666666668
E00142329,208,51,19,32,157,140,17,24.519230769230766,9.134615384615383,15.384615384615385,75.48076923076923,67.3076923076923,8.173076923076923
E00142330,147,38,5,33,109,95,14,25.850340136054424,3.4013605442176873,22.448979591836736,74.14965986394559,64.62585034013605,9.523809523809524
E00142331,213,59,17,42,154,137,17,27.699530516431924,7.981220657276995,19.718309859154928,72.30046948356808,64.31924882629107,7.981220657276995
E00142332,160,47,12,35,113,98,15,29.375,7.5,21.875,70.625,61.25000000000001,9.375
E00142333,170,42,8,34,128,116,12,24.705882352941178,4.705882352941177,20,75.29411764705883,68.23529411764706,7.0588235294117645
E00142334,110,28,8,20,82,77,5,25.454545454545453,7.2727272727272725,18.181818181818183,74.54545454545455,70,4.545454545454546
E00142335,78,29,8,21,49,45,4,37.17948717948718,10.256410256410255,26.923076923076923,62.82051282051282,57.692307692307686,5.128205128205128
E00142336,156,43,16,27,113,102,11,27.564102564102566,10.256410256410255,17.307692307692307,72.43589743589743,65.38461538461539,7.051282051282051
E00142337,95,27,11,16,68,57,11,28.421052631578945,11.578947368421053,16.842105263157894,71.57894736842105,60,11.578947368421053
E00142338,125,32,7,25,93,87,6,25.6,5.6000000000000005,20,74.4,69.6,4.8
E00142339,153,40,11,29,113,98,15,26.143790849673206,7.18954248366013,18.954248366013072,73.8562091503268,64.05228758169935,9.803921568627452
E00142340,175,70,23,47,105,94,11,40,13.142857142857142,26.857142857142858,60,53.714285714285715,6.2857142857142865
E00142341,184,49,11,38,135,119,16,26.6304347826087,5.978260869565218,20.652173913043477,73.36956521739131,64.67391304347827,8.695652173913043
E00142342,160,45,13,32,115,104,11,28.125,8.125,20,71.875,65,6.875000000000001
E00142343,185,50,14,36,135,116,19,27.027027027027028,7.567567567567568,19.45945945945946,72.97297297297297,62.70270270270271,10.27027027027027
E00142344,202,56,16,40,146,125,21,27.722772277227726,7.920792079207921,19.801980198019802,72.27722772277228,61.88118811881188,10.396039603960396
E00142345,133,38,9,29,95,78,17,28.57142857142857,6.7669172932330826,21.804511278195488,71.42857142857143,58.64661654135338,12.781954887218044
E00142347,153,48,17,31,105,87,18,31.372549019607842,11.11111111111111,20.26143790849673,68.62745098039215,56.86274509803921,11.76470588235294
E00142348,137,42,6,36,95,89,6,30.656934306569344,4.37956204379562,26.277372262773724,69.34306569343066,64.96350364963503,4.37956204379562
E00142349,119,43,14,29,76,71,5,36.134453781512605,11.76470588235294,24.369747899159663,63.86554621848739,59.66386554621849,4.201680672268908
E00142350,94,32,8,24,62,52,10,34.04255319148936,8.51063829787234,25.53191489361702,65.95744680851064,55.319148936170215,10.638297872340425
E00142351,121,45,11,34,76,72,4,37.1900826446281,9.090909090909092,28.09917355371901,62.8099173553719,59.50413223140496,3.3057851239669422
E00142352,151,48,14,34,103,96,7,31.788079470198678,9.271523178807946,22.516556291390728,68.21192052980133,63.576158940397356,4.635761589403973
E00142353,91,29,11,18,62,52,10,31.868131868131865,12.087912087912088,19.78021978021978,68.13186813186813,57.14285714285714,10.989010989010989
E00142354,149,53,14,39,96,84,12,35.57046979865772,9.395973154362416,26.174496644295303,64.42953020134227,56.375838926174495,8.053691275167784
E00142355,119,37,16,21,82,70,12,31.092436974789916,13.445378151260504,17.647058823529413,68.90756302521008,58.82352941176471,10.084033613445378
E00142356,126,41,16,25,85,74,11,32.53968253968254,12.698412698412698,19.841269841269842,67.46031746031747,58.730158730158735,8.73015873015873
E00142357,204,62,21,41,142,119,23,30.392156862745097,10.294117647058822,20.098039215686274,69.6078431372549,58.333333333333336,11.27450980392157
E00142358,124,56,19,37,68,64,4,45.16129032258064,15.32258064516129,29.838709677419356,54.83870967741935,51.61290322580645,3.225806451612903
E00142359,142,40,13,27,102,87,15,28.169014084507044,9.15492957746479,19.014084507042252,71.83098591549296,61.267605633802816,10.56338028169014
E00142360,148,53,13,40,95,81,14,35.810810810810814,8.783783783783784,27.027027027027028,64.1891891891892,54.729729729729726,9.45945945945946
E00142361,73,22,0,22,51,46,5,30.136986301369863,0,30.136986301369863,69.86301369863014,63.013698630136986,6.8493150684931505
E00142362,125,40,15,25,85,76,9,32,12,20,68,60.8,7.199999999999999
E00142363,104,29,15,14,75,66,9,27.884615384615387,14.423076923076922,13.461538461538462,72.11538461538461,63.46153846153846,8.653846153846153
E00142364,148,34,9,25,114,109,5,22.972972972972975,6.081081081081082,16.89189189189189,77.02702702702703,73.64864864864865,3.3783783783783785
E00142365,93,26,5,21,67,57,10,27.956989247311824,5.376344086021505,22.58064516129032,72.04301075268818,61.29032258064516,10.75268817204301
E00142366,161,59,18,41,102,87,15,36.64596273291926,11.180124223602485,25.465838509316768,63.35403726708074,54.037267080745345,9.316770186335404
E00142367,170,48,10,38,122,100,22,28.235294117647058,5.88235294117647,22.35294117647059,71.76470588235294,58.82352941176471,12.941176470588237
E00142368,144,45,14,31,99,87,12,31.25,9.722222222222223,21.52777777777778,68.75,60.416666666666664,8.333333333333332
E00142369,56,22,7,15,34,30,4,39.285714285714285,12.5,26.785714285714285,60.71428571428571,53.57142857142857,7.142857142857142
E00142370,118,29,6,23,89,81,8,24.576271186440678,5.084745762711865,19.491525423728813,75.42372881355932,68.64406779661016,6.779661016949152
E00142371,85,32,8,24,53,47,6,37.64705882352941,9.411764705882353,28.235294117647058,62.35294117647059,55.294117647058826,7.0588235294117645
E00142372,172,53,14,39,119,104,15,30.813953488372093,8.13953488372093,22.674418604651162,69.18604651162791,60.46511627906976,8.720930232558139
E00142373,157,36,7,29,121,107,14,22.929936305732486,4.45859872611465,18.471337579617835,77.07006369426752,68.15286624203821,8.9171974522293
E00142374,140,53,22,31,87,74,13,37.857142857142854,15.714285714285714,22.142857142857142,62.142857142857146,52.85714285714286,9.285714285714286
E00142375,133,41,12,29,92,83,9,30.82706766917293,9.022556390977442,21.804511278195488,69.17293233082707,62.40601503759399,6.7669172932330826
E00142376,147,40,15,25,107,92,15,27.2108843537415,10.204081632653061,17.006802721088434,72.78911564625851,62.585034013605444,10.204081632653061
E00142377,120,39,12,27,81,71,10,32.5,10,22.5,67.5,59.166666666666664,8.333333333333332
E00142378,122,36,10,26,86,77,9,29.508196721311474,8.19672131147541,21.311475409836063,70.49180327868852,63.114754098360656,7.377049180327869
E00142379,124,37,8,29,87,72,15,29.838709677419356,6.451612903225806,23.387096774193548,70.16129032258065,58.06451612903226,12.096774193548388
E00142380,137,42,12,30,95,85,10,30.656934306569344,8.75912408759124,21.897810218978105,69.34306569343066,62.04379562043796,7.2992700729927
E00142381,118,44,11,33,74,61,13,37.28813559322034,9.322033898305085,27.966101694915253,62.71186440677966,51.69491525423729,11.016949152542372
E00142382,134,30,8,22,104,92,12,22.388059701492537,5.970149253731343,16.417910447761194,77.61194029850746,68.65671641791045,8.955223880597014
E00142383,138,44,18,26,94,85,9,31.88405797101449,13.043478260869565,18.84057971014493,68.11594202898551,61.59420289855072,6.521739130434782
E00142384,132,45,13,32,87,67,20,34.090909090909086,9.848484848484848,24.242424242424242,65.9090909090909,50.75757575757576,15.151515151515152
E00142385,130,40,11,29,90,80,10,30.76923076923077,8.461538461538462,22.30769230769231,69.23076923076923,61.53846153846154,7.6923076923076925
E00142386,104,31,7,24,73,63,10,29.807692307692307,6.730769230769231,23.076923076923077,70.1923076923077,60.57692307692307,9.615384615384617
E00142387,133,33,11,22,100,86,14,24.81203007518797,8.270676691729323,16.541353383458645,75.18796992481202,64.66165413533834,10.526315789473683
E00142388,149,47,13,34,102,92,10,31.543624161073826,8.724832214765101,22.818791946308725,68.45637583892618,61.74496644295302,6.7114093959731544
E00142390,152,40,13,27,112,102,10,26.31578947368421,8.552631578947368,17.763157894736842,73.68421052631578,67.10526315789474,6.578947368421052
E00142391,134,42,14,28,92,79,13,31.343283582089555,10.44776119402985,20.8955223880597,68.65671641791045,58.95522388059702,9.701492537313433
E00142392,143,37,11,26,106,97,9,25.874125874125873,7.6923076923076925,18.181818181818183,74.12587412587412,67.83216783216784,6.293706293706294
E00142393,163,45,15,30,118,106,12,27.607361963190186,9.202453987730062,18.404907975460123,72.39263803680981,65.03067484662577,7.361963190184049
E00142394,155,49,18,31,106,95,11,31.61290322580645,11.612903225806452,20,68.38709677419355,61.29032258064516,7.096774193548387
E00142395,212,68,21,47,144,121,23,32.075471698113205,9.90566037735849,22.169811320754718,67.9245283018868,57.07547169811321,10.849056603773585
E00142396,143,43,16,27,100,92,8,30.069930069930066,11.188811188811188,18.88111888111888,69.93006993006993,64.33566433566433,5.594405594405594
E00142397,124,31,7,24,93,76,17,25,5.64516129032258,19.35483870967742,75,61.29032258064516,13.709677419354838
E00142398,90,36,13,23,54,50,4,40,14.444444444444443,25.555555555555554,60,55.55555555555556,4.444444444444445
E00142399,247,65,19,46,182,163,19,26.31578947368421,7.6923076923076925,18.62348178137652,73.68421052631578,65.9919028340081,7.6923076923076925
E00142401,126,44,14,30,82,72,10,34.92063492063492,11.11111111111111,23.809523809523807,65.07936507936508,57.14285714285714,7.936507936507936
E00142402,129,43,14,29,86,72,14,33.33333333333333,10.852713178294573,22.48062015503876,66.66666666666666,55.81395348837209,10.852713178294573
E00142403,107,38,10,28,69,61,8,35.51401869158878,9.345794392523365,26.168224299065418,64.48598130841121,57.009345794392516,7.476635514018691
E00142404,286,78,28,50,208,176,32,27.27272727272727,9.79020979020979,17.482517482517483,72.72727272727273,61.53846153846154,11.188811188811188
E00142405,102,37,12,25,65,65,0,36.27450980392157,11.76470588235294,24.509803921568626,63.725490196078425,63.725490196078425,0
E00142406,210,53,20,33,157,135,22,25.238095238095237,9.523809523809524,15.714285714285714,74.76190476190476,64.28571428571429,10.476190476190476
E00142407,173,45,10,35,128,117,11,26.011560693641616,5.780346820809249,20.23121387283237,73.98843930635837,67.63005780346822,6.358381502890173
E00142408,163,48,13,35,115,95,20,29.447852760736197,7.975460122699387,21.472392638036812,70.5521472392638,58.282208588957054,12.269938650306749
E00142409,121,29,12,17,92,78,14,23.96694214876033,9.917355371900827,14.049586776859504,76.03305785123968,64.46280991735537,11.570247933884298
E00142410,142,41,17,24,101,85,16,28.87323943661972,11.971830985915492,16.901408450704224,71.12676056338029,59.859154929577464,11.267605633802818
E00142411,124,27,5,22,97,81,16,21.774193548387096,4.032258064516129,17.741935483870968,78.2258064516129,65.32258064516128,12.903225806451612
E00142412,135,27,9,18,108,98,10,20,6.666666666666667,13.333333333333334,80,72.5925925925926,7.4074074074074066
E00142413,136,35,15,20,101,88,13,25.735294117647058,11.029411764705882,14.705882352941178,74.26470588235294,64.70588235294117,9.558823529411764
E00142414,65,18,7,11,47,39,8,27.692307692307693,10.76923076923077,16.923076923076923,72.3076923076923,60,12.307692307692308
E00142415,91,25,7,18,66,57,9,27.472527472527474,7.6923076923076925,19.78021978021978,72.52747252747253,62.637362637362635,9.89010989010989
E00142416,170,49,15,34,121,107,14,28.823529411764703,8.823529411764707,20,71.17647058823529,62.94117647058823,8.235294117647058
E00142417,102,28,9,19,74,65,9,27.450980392156865,8.823529411764707,18.627450980392158,72.54901960784314,63.725490196078425,8.823529411764707
E00142418,147,37,16,21,110,99,11,25.170068027210885,10.884353741496598,14.285714285714285,74.82993197278913,67.3469387755102,7.482993197278912
E00142419,159,46,13,33,113,100,13,28.930817610062892,8.176100628930817,20.754716981132077,71.0691823899371,62.893081761006286,8.176100628930817
E00142420,145,44,13,31,101,86,15,30.344827586206897,8.96551724137931,21.379310344827587,69.6551724137931,59.310344827586206,10.344827586206897
E00142421,116,34,9,25,82,68,14,29.310344827586203,7.758620689655173,21.551724137931032,70.6896551724138,58.620689655172406,12.068965517241379
E00142422,94,38,7,31,56,49,7,40.42553191489361,7.446808510638298,32.97872340425532,59.57446808510638,52.12765957446809,7.446808510638298
E00142423,117,39,17,22,78,70,8,33.33333333333333,14.529914529914532,18.803418803418804,66.66666666666666,59.82905982905983,6.837606837606838
E00142424,161,34,4,30,127,114,13,21.11801242236025,2.484472049689441,18.633540372670808,78.88198757763976,70.80745341614907,8.074534161490684
E00142425,123,47,14,33,76,71,5,38.21138211382114,11.38211382113821,26.82926829268293,61.78861788617886,57.72357723577236,4.0650406504065035
E00142426,42,8,2,6,34,30,4,19.047619047619047,4.761904761904762,14.285714285714285,80.95238095238095,71.42857142857143,9.523809523809524
E00142427,131,39,13,26,92,82,10,29.770992366412212,9.923664122137405,19.84732824427481,70.22900763358778,62.59541984732825,7.633587786259542
E00142428,139,32,7,25,107,100,7,23.021582733812952,5.0359712230215825,17.985611510791365,76.97841726618705,71.94244604316546,5.0359712230215825
E00142429,294,68,26,42,226,185,41,23.12925170068027,8.843537414965986,14.285714285714285,76.87074829931973,62.925170068027214,13.945578231292515
E00142430,219,56,17,39,163,137,26,25.570776255707763,7.76255707762557,17.80821917808219,74.42922374429224,62.55707762557078,11.87214611872146
E00142431,153,43,15,28,110,95,15,28.104575163398692,9.803921568627452,18.30065359477124,71.89542483660131,62.091503267973856,9.803921568627452
E00142432,150,42,8,34,108,95,13,28.000000000000004,5.333333333333334,22.666666666666664,72,63.33333333333333,8.666666666666668
E00142433,108,27,7,20,81,77,4,25,6.481481481481481,18.51851851851852,75,71.29629629629629,3.7037037037037033
E00142434,126,29,11,18,97,85,12,23.015873015873016,8.73015873015873,14.285714285714285,76.98412698412699,67.46031746031747,9.523809523809524
E00142435,136,37,5,32,99,87,12,27.205882352941174,3.6764705882352944,23.52941176470588,72.79411764705883,63.970588235294116,8.823529411764707
E00142436,104,29,10,19,75,64,11,27.884615384615387,9.615384615384617,18.269230769230766,72.11538461538461,61.53846153846154,10.576923076923077
E00142437,79,31,6,25,48,44,4,39.24050632911392,7.59493670886076,31.645569620253166,60.75949367088608,55.69620253164557,5.063291139240507
E00142438,169,50,16,34,119,94,25,29.585798816568047,9.467455621301776,20.118343195266274,70.41420118343196,55.62130177514793,14.792899408284024
E00142439,53,16,6,10,37,32,5,30.18867924528302,11.320754716981133,18.867924528301888,69.81132075471697,60.37735849056604,9.433962264150944
E00142440,220,59,17,42,161,140,21,26.81818181818182,7.727272727272727,19.090909090909093,73.18181818181819,63.63636363636363,9.545454545454547
E00142441,165,45,11,34,120,105,15,27.27272727272727,6.666666666666667,20.606060606060606,72.72727272727273,63.63636363636363,9.090909090909092
E00142442,126,43,13,30,83,74,9,34.12698412698413,10.317460317460316,23.809523809523807,65.87301587301587,58.730158730158735,7.142857142857142
E00142443,121,44,14,30,77,70,7,36.36363636363637,11.570247933884298,24.793388429752067,63.63636363636363,57.85123966942148,5.785123966942149
E00142444,106,30,10,20,76,71,5,28.30188679245283,9.433962264150944,18.867924528301888,71.69811320754717,66.98113207547169,4.716981132075472
E00142445,171,49,14,35,122,109,13,28.654970760233915,8.187134502923977,20.46783625730994,71.34502923976608,63.74269005847953,7.602339181286549
E00142446,132,39,14,25,93,84,9,29.545454545454547,10.606060606060606,18.939393939393938,70.45454545454545,63.63636363636363,6.8181818181818175
E00142447,130,35,11,24,95,84,11,26.923076923076923,8.461538461538462,18.461538461538463,73.07692307692307,64.61538461538461,8.461538461538462
E00142448,141,36,10,26,105,98,7,25.53191489361702,7.092198581560284,18.439716312056735,74.46808510638297,69.50354609929079,4.964539007092199
E00142450,122,34,14,20,88,75,13,27.86885245901639,11.475409836065573,16.39344262295082,72.1311475409836,61.47540983606557,10.655737704918032
E00142451,100,28,7,21,72,63,9,28.000000000000004,7.000000000000001,21,72,63,9
E00142452,100,30,9,21,70,61,9,30,9,21,70,61,9
E00142453,98,33,13,20,65,60,5,33.6734693877551,13.26530612244898,20.408163265306122,66.3265306122449,61.224489795918366,5.1020408163265305
E00142454,97,31,8,23,66,56,10,31.958762886597935,8.24742268041237,23.711340206185564,68.04123711340206,57.73195876288659,10.309278350515463
E00142455,161,45,11,34,116,100,16,27.95031055900621,6.832298136645963,21.11801242236025,72.04968944099379,62.11180124223602,9.937888198757763
E00142456,142,44,16,28,98,85,13,30.985915492957744,11.267605633802818,19.718309859154928,69.01408450704226,59.859154929577464,9.15492957746479
E00142457,132,28,7,21,104,89,15,21.21212121212121,5.303030303030303,15.909090909090908,78.78787878787878,67.42424242424242,11.363636363636363
E00142458,140,46,11,35,94,78,16,32.857142857142854,7.857142857142857,25,67.14285714285714,55.714285714285715,11.428571428571429
E00142459,108,31,12,19,77,60,17,28.703703703703702,11.11111111111111,17.59259259259259,71.29629629629629,55.55555555555556,15.74074074074074
E00142460,225,59,20,39,166,144,22,26.222222222222225,8.88888888888889,17.333333333333336,73.77777777777777,64,9.777777777777779
E00142461,112,25,9,16,87,78,9,22.321428571428573,8.035714285714286,14.285714285714285,77.67857142857143,69.64285714285714,8.035714285714286
E00142462,205,47,14,33,158,132,26,22.926829268292686,6.829268292682928,16.097560975609756,77.07317073170732,64.39024390243902,12.682926829268293
E00142463,109,28,5,23,81,62,19,25.688073394495415,4.587155963302752,21.100917431192663,74.31192660550458,56.88073394495413,17.431192660550458
E00142464,90,25,8,17,65,57,8,27.77777777777778,8.88888888888889,18.88888888888889,72.22222222222221,63.33333333333333,8.88888888888889
E00142465,142,39,15,24,103,83,20,27.464788732394368,10.56338028169014,16.901408450704224,72.53521126760563,58.45070422535211,14.084507042253522
E00142466,88,30,9,21,58,49,9,34.090909090909086,10.227272727272728,23.863636363636363,65.9090909090909,55.68181818181818,10.227272727272728
E00142467,226,69,26,43,157,134,23,30.53097345132743,11.504424778761061,19.02654867256637,69.46902654867256,59.29203539823009,10.176991150442479
E00142468,85,28,8,20,57,49,8,32.94117647058823,9.411764705882353,23.52941176470588,67.05882352941175,57.647058823529406,9.411764705882353
E00142469,108,30,7,23,78,63,15,27.77777777777778,6.481481481481481,21.296296296296298,72.22222222222221,58.333333333333336,13.88888888888889
E00142470,155,49,13,36,106,80,26,31.61290322580645,8.38709677419355,23.225806451612904,68.38709677419355,51.61290322580645,16.7741935483871
E00142471,108,29,8,21,79,66,13,26.851851851851855,7.4074074074074066,19.444444444444446,73.14814814814815,61.111111111111114,12.037037037037036
E00142472,123,29,6,23,94,83,11,23.577235772357724,4.878048780487805,18.69918699186992,76.42276422764228,67.47967479674797,8.94308943089431
E00142473,154,51,12,39,103,85,18,33.116883116883116,7.792207792207792,25.324675324675322,66.88311688311688,55.1948051948052,11.688311688311687
E00142474,196,64,19,45,132,113,19,32.6530612244898,9.693877551020408,22.95918367346939,67.3469387755102,57.6530612244898,9.693877551020408
E00142475,135,42,12,30,93,87,6,31.11111111111111,8.88888888888889,22.22222222222222,68.88888888888889,64.44444444444444,4.444444444444445
E00142476,106,24,4,20,82,74,8,22.641509433962266,3.7735849056603774,18.867924528301888,77.35849056603774,69.81132075471697,7.547169811320755
E00142477,110,37,8,29,73,67,6,33.63636363636363,7.2727272727272725,26.36363636363636,66.36363636363637,60.909090909090914,5.454545454545454
E00142478,203,64,22,42,139,120,19,31.527093596059114,10.83743842364532,20.689655172413794,68.4729064039409,59.11330049261084,9.35960591133005
E00142479,65,28,8,20,37,31,6,43.07692307692308,12.307692307692308,30.76923076923077,56.92307692307692,47.69230769230769,9.230769230769232
E00142480,92,30,11,19,62,55,7,32.608695652173914,11.956521739130435,20.652173913043477,67.3913043478261,59.78260869565217,7.608695652173914
E00142481,120,41,14,27,79,65,14,34.166666666666664,11.666666666666666,22.5,65.83333333333333,54.166666666666664,11.666666666666666
E00142482,61,18,6,12,43,37,6,29.508196721311474,9.836065573770492,19.672131147540984,70.49180327868852,60.65573770491803,9.836065573770492
E00142483,116,26,7,19,90,80,10,22.413793103448278,6.0344827586206895,16.379310344827587,77.58620689655173,68.96551724137932,8.620689655172415
E00142484,126,35,11,24,91,86,5,27.77777777777778,8.73015873015873,19.047619047619047,72.22222222222221,68.25396825396825,3.968253968253968
E00142485,121,40,12,28,81,64,17,33.057851239669425,9.917355371900827,23.140495867768596,66.94214876033058,52.892561983471076,14.049586776859504
E00142486,117,34,9,25,83,75,8,29.059829059829063,7.6923076923076925,21.367521367521366,70.94017094017094,64.1025641025641,6.837606837606838
E00142487,147,41,6,35,106,89,17,27.89115646258503,4.081632653061225,23.809523809523807,72.10884353741497,60.544217687074834,11.564625850340136
E00142488,136,41,12,29,95,79,16,30.14705882352941,8.823529411764707,21.323529411764707,69.85294117647058,58.08823529411765,11.76470588235294
E00142489,131,31,8,23,100,86,14,23.66412213740458,6.106870229007633,17.557251908396946,76.33587786259542,65.64885496183206,10.687022900763358
E00142490,101,27,12,15,74,70,4,26.732673267326735,11.881188118811881,14.85148514851485,73.26732673267327,69.3069306930693,3.9603960396039604
E00142491,140,33,10,23,107,92,15,23.57142857142857,7.142857142857142,16.428571428571427,76.42857142857142,65.71428571428571,10.714285714285714
E00142492,108,38,10,28,70,58,12,35.18518518518518,9.25925925925926,25.925925925925924,64.81481481481481,53.70370370370371,11.11111111111111
E00142493,234,56,17,39,178,151,27,23.931623931623932,7.264957264957266,16.666666666666664,76.06837606837607,64.52991452991454,11.538461538461538
E00142494,49,15,9,6,34,31,3,30.612244897959183,18.367346938775512,12.244897959183673,69.38775510204081,63.26530612244898,6.122448979591836
E00142495,117,35,13,22,82,68,14,29.914529914529915,11.11111111111111,18.803418803418804,70.08547008547008,58.119658119658126,11.965811965811966
E00142496,144,32,8,24,112,101,11,22.22222222222222,5.555555555555555,16.666666666666664,77.77777777777779,70.13888888888889,7.638888888888889
E00142497,132,28,9,19,104,91,13,21.21212121212121,6.8181818181818175,14.393939393939394,78.78787878787878,68.93939393939394,9.848484848484848
E00142498,120,35,5,30,85,78,7,29.166666666666668,4.166666666666666,25,70.83333333333334,65,5.833333333333333
E00142499,92,26,10,16,66,55,11,28.26086956521739,10.869565217391305,17.391304347826086,71.73913043478261,59.78260869565217,11.956521739130435
E00142500,135,42,5,37,93,79,14,31.11111111111111,3.7037037037037033,27.40740740740741,68.88888888888889,58.51851851851851,10.37037037037037
E00142501,143,31,7,24,112,105,7,21.678321678321677,4.895104895104895,16.783216783216783,78.32167832167832,73.42657342657343,4.895104895104895
E00142502,169,45,12,33,124,107,17,26.627218934911244,7.100591715976331,19.526627218934912,73.37278106508876,63.31360946745562,10.059171597633137
E00142503,124,33,14,19,91,86,5,26.61290322580645,11.29032258064516,15.32258064516129,73.38709677419355,69.35483870967742,4.032258064516129
E00142504,86,19,5,14,67,61,6,22.093023255813954,5.813953488372093,16.27906976744186,77.90697674418605,70.93023255813954,6.976744186046512
E00142505,95,21,2,19,74,68,6,22.105263157894736,2.1052631578947367,20,77.89473684210526,71.57894736842105,6.315789473684211
E00142506,166,42,12,30,124,111,13,25.301204819277107,7.228915662650602,18.072289156626507,74.69879518072288,66.86746987951807,7.83132530120482
E00142507,102,22,8,14,80,74,6,21.568627450980394,7.8431372549019605,13.725490196078432,78.43137254901961,72.54901960784314,5.88235294117647
E00142508,199,55,13,42,144,130,14,27.63819095477387,6.532663316582915,21.105527638190953,72.36180904522614,65.32663316582915,7.035175879396985
E00142509,87,14,3,11,73,65,8,16.091954022988507,3.4482758620689653,12.643678160919542,83.9080459770115,74.71264367816092,9.195402298850574
E00142510,143,38,7,31,105,92,13,26.573426573426573,4.895104895104895,21.678321678321677,73.42657342657343,64.33566433566433,9.090909090909092
E00142511,194,64,16,48,130,119,11,32.98969072164948,8.24742268041237,24.742268041237114,67.0103092783505,61.34020618556701,5.670103092783505
E00142512,104,36,9,27,68,57,11,34.61538461538461,8.653846153846153,25.961538461538463,65.38461538461539,54.807692307692314,10.576923076923077
E00142513,94,22,7,15,72,62,10,23.404255319148938,7.446808510638298,15.957446808510639,76.59574468085107,65.95744680851064,10.638297872340425
E00142514,156,34,10,24,122,106,16,21.794871794871796,6.41025641025641,15.384615384615385,78.2051282051282,67.94871794871796,10.256410256410255
E00142515,143,50,12,38,93,83,10,34.96503496503497,8.391608391608392,26.573426573426573,65.03496503496503,58.04195804195804,6.993006993006993
E00142516,145,40,6,34,105,94,11,27.586206896551722,4.137931034482759,23.448275862068964,72.41379310344827,64.82758620689654,7.586206896551724
E00142517,113,35,17,18,78,66,12,30.973451327433626,15.04424778761062,15.929203539823009,69.02654867256636,58.4070796460177,10.619469026548673
E00142518,128,35,7,28,93,84,9,27.34375,5.46875,21.875,72.65625,65.625,7.03125
E00142519,149,42,12,30,107,90,17,28.187919463087248,8.053691275167784,20.13422818791946,71.81208053691275,60.40268456375839,11.409395973154362
E00142520,128,34,4,30,94,88,6,26.5625,3.125,23.4375,73.4375,68.75,4.6875
E00142521,166,59,14,45,107,93,14,35.54216867469879,8.433734939759036,27.10843373493976,64.45783132530121,56.024096385542165,8.433734939759036
E00142522,139,29,11,18,110,102,8,20.863309352517987,7.913669064748201,12.949640287769784,79.13669064748201,73.38129496402878,5.755395683453238
E00142523,115,30,4,26,85,79,6,26.08695652173913,3.4782608695652173,22.608695652173914,73.91304347826086,68.69565217391305,5.217391304347826
E00142524,163,35,12,23,128,111,17,21.472392638036812,7.361963190184049,14.11042944785276,78.52760736196319,68.09815950920245,10.429447852760736
E00142525,131,44,17,27,87,78,9,33.587786259541986,12.977099236641221,20.610687022900763,66.41221374045801,59.541984732824424,6.870229007633588
E00142527,193,51,22,29,142,129,13,26.42487046632124,11.398963730569948,15.025906735751295,73.57512953367875,66.83937823834198,6.7357512953367875
E00142528,131,47,12,35,84,75,9,35.87786259541985,9.16030534351145,26.717557251908396,64.12213740458014,57.25190839694656,6.870229007633588
E00142529,151,39,5,34,112,96,16,25.82781456953642,3.3112582781456954,22.516556291390728,74.17218543046357,63.576158940397356,10.596026490066226
E00142530,209,56,10,46,153,136,17,26.794258373205743,4.784688995215311,22.00956937799043,73.20574162679426,65.07177033492823,8.133971291866029
E00142531,93,32,8,24,61,56,5,34.40860215053764,8.60215053763441,25.806451612903224,65.59139784946237,60.215053763440864,5.376344086021505
E00142532,244,77,24,53,167,125,42,31.557377049180328,9.836065573770492,21.721311475409834,68.44262295081968,51.229508196721305,17.21311475409836
E00142533,123,32,11,21,91,79,12,26.01626016260163,8.94308943089431,17.073170731707318,73.98373983739837,64.22764227642277,9.75609756097561
E00142534,88,26,0,26,62,57,5,29.545454545454547,0,29.545454545454547,70.45454545454545,64.77272727272727,5.681818181818182
E00142536,126,40,11,29,86,69,17,31.746031746031743,8.73015873015873,23.015873015873016,68.25396825396825,54.761904761904766,13.492063492063492
E00142537,127,34,13,21,93,84,9,26.77165354330709,10.236220472440944,16.535433070866144,73.22834645669292,66.14173228346458,7.086614173228346
E00142538,146,45,8,37,101,96,5,30.82191780821918,5.47945205479452,25.34246575342466,69.17808219178082,65.75342465753424,3.4246575342465753
E00142539,113,29,8,21,84,72,12,25.663716814159294,7.079646017699115,18.58407079646018,74.33628318584071,63.716814159292035,10.619469026548673
E00142540,200,43,10,33,157,144,13,21.5,5,16.5,78.5,72,6.5
E00142541,113,36,8,28,77,68,9,31.858407079646017,7.079646017699115,24.778761061946902,68.14159292035397,60.17699115044248,7.964601769911504
E00142542,272,79,23,56,193,169,24,29.044117647058826,8.455882352941178,20.588235294117645,70.95588235294117,62.13235294117647,8.823529411764707
E00142543,170,46,15,31,124,105,19,27.058823529411764,8.823529411764707,18.235294117647058,72.94117647058823,61.76470588235294,11.176470588235295
E00142544,88,19,4,15,69,59,10,21.59090909090909,4.545454545454546,17.045454545454543,78.4090909090909,67.04545454545455,11.363636363636363
E00142545,157,44,15,29,113,101,12,28.02547770700637,9.554140127388536,18.471337579617835,71.97452229299363,64.3312101910828,7.643312101910828
E00142546,112,38,6,32,74,66,8,33.92857142857143,5.357142857142857,28.57142857142857,66.07142857142857,58.92857142857143,7.142857142857142
E00142547,89,25,7,18,64,57,7,28.08988764044944,7.865168539325842,20.224719101123593,71.91011235955057,64.04494382022472,7.865168539325842
E00142548,136,45,17,28,91,74,17,33.088235294117645,12.5,20.588235294117645,66.91176470588235,54.41176470588235,12.5
E00142549,160,47,14,33,113,101,12,29.375,8.75,20.625,70.625,63.125,7.5
E00142550,145,51,12,39,94,82,12,35.172413793103445,8.275862068965518,26.89655172413793,64.82758620689654,56.55172413793104,8.275862068965518
E00142551,137,35,5,30,102,88,14,25.547445255474454,3.64963503649635,21.897810218978105,74.45255474452554,64.23357664233576,10.218978102189782
E00142552,121,24,8,16,97,88,9,19.834710743801654,6.6115702479338845,13.223140495867769,80.16528925619835,72.72727272727273,7.43801652892562
E00142553,217,61,21,40,156,141,15,28.110599078341014,9.67741935483871,18.433179723502306,71.88940092165899,64.97695852534562,6.912442396313365
E00142554,160,40,13,27,120,110,10,25,8.125,16.875,75,68.75,6.25
E00142555,151,49,11,38,102,92,10,32.450331125827816,7.28476821192053,25.165562913907287,67.54966887417218,60.9271523178808,6.622516556291391
E00142556,175,45,10,35,130,112,18,25.71428571428571,5.714285714285714,20,74.28571428571429,64,10.285714285714285
E00142557,111,36,19,17,75,64,11,32.432432432432435,17.117117117117118,15.315315315315313,67.56756756756756,57.65765765765766,9.90990990990991
E00142558,122,26,7,19,96,88,8,21.311475409836063,5.737704918032787,15.573770491803279,78.68852459016394,72.1311475409836,6.557377049180328
E00142559,115,30,8,22,85,74,11,26.08695652173913,6.956521739130435,19.130434782608695,73.91304347826086,64.34782608695652,9.565217391304348
E00142560,141,47,11,36,94,80,14,33.33333333333333,7.801418439716312,25.53191489361702,66.66666666666666,56.73758865248227,9.929078014184398
E00142561,79,30,13,17,49,43,6,37.9746835443038,16.455696202531644,21.518987341772153,62.0253164556962,54.43037974683544,7.59493670886076
E00142562,66,25,7,18,41,36,5,37.878787878787875,10.606060606060606,27.27272727272727,62.121212121212125,54.54545454545454,7.575757575757576
E00142563,171,45,11,34,126,114,12,26.31578947368421,6.432748538011696,19.883040935672515,73.68421052631578,66.66666666666666,7.017543859649122
E00142564,62,21,10,11,41,35,6,33.87096774193548,16.129032258064516,17.741935483870968,66.12903225806451,56.451612903225815,9.67741935483871
E00142565,128,37,14,23,91,81,10,28.90625,10.9375,17.96875,71.09375,63.28125,7.8125
E00142566,95,28,8,20,67,54,13,29.47368421052631,8.421052631578947,21.052631578947366,70.52631578947368,56.84210526315789,13.684210526315791
E00142567,147,43,15,28,104,85,19,29.25170068027211,10.204081632653061,19.047619047619047,70.74829931972789,57.82312925170068,12.925170068027212
E00142568,150,41,10,31,109,96,13,27.333333333333332,6.666666666666667,20.666666666666668,72.66666666666667,64,8.666666666666668
E00142569,126,34,14,20,92,68,24,26.984126984126984,11.11111111111111,15.873015873015872,73.01587301587301,53.96825396825397,19.047619047619047
E00142570,110,34,12,22,76,71,5,30.909090909090907,10.909090909090908,20,69.0909090909091,64.54545454545455,4.545454545454546
E00142571,159,44,9,35,115,88,27,27.67295597484277,5.660377358490567,22.0125786163522,72.32704402515722,55.34591194968554,16.9811320754717
E00142572,233,58,12,46,175,152,23,24.892703862660944,5.150214592274678,19.742489270386265,75.10729613733905,65.23605150214593,9.871244635193133
E00142573,109,23,9,14,86,72,14,21.100917431192663,8.256880733944955,12.844036697247708,78.89908256880734,66.05504587155964,12.844036697247708
E00142574,93,29,11,18,64,58,6,31.182795698924732,11.827956989247312,19.35483870967742,68.81720430107528,62.365591397849464,6.451612903225806
E00142575,112,26,10,16,86,80,6,23.214285714285715,8.928571428571429,14.285714285714285,76.78571428571429,71.42857142857143,5.357142857142857
E00142576,116,29,11,18,87,73,14,25,9.482758620689655,15.517241379310345,75,62.93103448275862,12.068965517241379
E00142577,137,46,11,35,91,81,10,33.57664233576642,8.02919708029197,25.547445255474454,66.42335766423358,59.12408759124088,7.2992700729927
E00142578,220,58,18,40,162,144,18,26.36363636363636,8.181818181818182,18.181818181818183,73.63636363636363,65.45454545454545,8.181818181818182
E00142579,123,27,6,21,96,82,14,21.951219512195124,4.878048780487805,17.073170731707318,78.04878048780488,66.66666666666666,11.38211382113821
E00142580,134,47,8,39,87,77,10,35.07462686567165,5.970149253731343,29.1044776119403,64.92537313432835,57.46268656716418,7.462686567164178
E00142582,207,50,11,39,157,128,29,24.154589371980677,5.314009661835748,18.84057971014493,75.84541062801932,61.83574879227053,14.009661835748794
E00142583,82,34,10,24,48,42,6,41.46341463414634,12.195121951219512,29.268292682926827,58.536585365853654,51.21951219512195,7.317073170731707
E00142584,120,31,8,23,89,73,16,25.833333333333336,6.666666666666667,19.166666666666668,74.16666666666667,60.83333333333333,13.333333333333334
E00142587,256,72,20,52,184,165,19,28.125,7.8125,20.3125,71.875,64.453125,7.421875
E00142588,151,49,17,32,102,88,14,32.450331125827816,11.258278145695364,21.192052980132452,67.54966887417218,58.27814569536424,9.271523178807946
E00142589,199,52,15,37,147,130,17,26.13065326633166,7.537688442211055,18.592964824120603,73.86934673366834,65.32663316582915,8.542713567839195
E00142590,166,43,10,33,123,102,21,25.903614457831324,6.024096385542169,19.879518072289155,74.09638554216868,61.44578313253012,12.650602409638553
E00142591,248,53,16,37,195,167,28,21.370967741935484,6.451612903225806,14.919354838709678,78.62903225806451,67.33870967741935,11.29032258064516
E00142592,240,50,15,35,190,161,29,20.833333333333336,6.25,14.583333333333334,79.16666666666666,67.08333333333333,12.083333333333334
E00142593,156,42,14,28,114,101,13,26.923076923076923,8.974358974358974,17.94871794871795,73.07692307692307,64.74358974358975,8.333333333333332
E00142594,64,17,5,12,47,43,4,26.5625,7.8125,18.75,73.4375,67.1875,6.25
E00142595,167,45,14,31,122,111,11,26.94610778443114,8.383233532934131,18.562874251497004,73.05389221556887,66.46706586826348,6.58682634730539
E00142596,83,22,4,18,61,52,9,26.506024096385545,4.819277108433735,21.686746987951807,73.49397590361446,62.65060240963856,10.843373493975903
E00142597,103,30,9,21,73,68,5,29.126213592233007,8.737864077669903,20.388349514563107,70.87378640776699,66.01941747572816,4.854368932038835
E00142598,131,30,13,17,101,88,13,22.900763358778626,9.923664122137405,12.977099236641221,77.09923664122137,67.17557251908397,9.923664122137405
E00142599,154,49,13,36,105,85,20,31.818181818181817,8.441558441558442,23.376623376623375,68.18181818181817,55.1948051948052,12.987012987012985
E00142600,138,39,15,24,99,86,13,28.26086956521739,10.869565217391305,17.391304347826086,71.73913043478261,62.31884057971014,9.420289855072465
E00142601,145,45,9,36,100,84,16,31.03448275862069,6.206896551724138,24.82758620689655,68.96551724137932,57.931034482758626,11.03448275862069
E00142602,155,44,8,36,111,94,17,28.387096774193548,5.161290322580645,23.225806451612904,71.61290322580646,60.64516129032258,10.967741935483872
E00142603,127,39,10,29,88,78,10,30.708661417322837,7.874015748031496,22.83464566929134,69.29133858267717,61.417322834645674,7.874015748031496
E00142604,189,53,17,36,136,115,21,28.04232804232804,8.994708994708994,19.047619047619047,71.95767195767195,60.84656084656085,11.11111111111111
E00142605,152,35,9,26,117,104,13,23.026315789473685,5.921052631578947,17.105263157894736,76.97368421052632,68.42105263157895,8.552631578947368
E00142606,207,56,16,40,151,123,28,27.053140096618357,7.729468599033816,19.32367149758454,72.94685990338165,59.42028985507246,13.526570048309178
E00142607,249,78,29,49,171,139,32,31.32530120481928,11.646586345381527,19.67871485943775,68.67469879518072,55.82329317269076,12.851405622489958
E00142608,117,41,17,24,76,59,17,35.04273504273504,14.529914529914532,20.51282051282051,64.95726495726495,50.427350427350426,14.529914529914532
E00142609,118,32,11,21,86,77,9,27.11864406779661,9.322033898305085,17.796610169491526,72.88135593220339,65.2542372881356,7.627118644067797
E00142610,110,29,10,19,81,64,17,26.36363636363636,9.090909090909092,17.272727272727273,73.63636363636363,58.18181818181818,15.454545454545453
E00142611,130,27,8,19,103,90,13,20.76923076923077,6.153846153846154,14.615384615384617,79.23076923076923,69.23076923076923,10
E00142612,27,11,4,7,16,16,0,40.74074074074074,14.814814814814813,25.925925925925924,59.25925925925925,59.25925925925925,0
E00142613,129,33,14,19,96,82,14,25.581395348837212,10.852713178294573,14.728682170542637,74.4186046511628,63.565891472868216,10.852713178294573
E00142614,121,28,9,19,93,88,5,23.140495867768596,7.43801652892562,15.702479338842975,76.85950413223141,72.72727272727273,4.132231404958678
E00142615,87,28,10,18,59,46,13,32.18390804597701,11.494252873563218,20.689655172413794,67.81609195402298,52.87356321839081,14.942528735632186
E00142616,74,22,12,10,52,47,5,29.72972972972973,16.216216216216218,13.513513513513514,70.27027027027027,63.51351351351351,6.756756756756757
E00142617,136,29,7,22,107,91,16,21.323529411764707,5.147058823529411,16.176470588235293,78.67647058823529,66.91176470588235,11.76470588235294
E00142618,104,27,9,18,77,64,13,25.961538461538463,8.653846153846153,17.307692307692307,74.03846153846155,61.53846153846154,12.5
E00142619,129,33,7,26,96,80,16,25.581395348837212,5.426356589147287,20.155038759689923,74.4186046511628,62.01550387596899,12.4031007751938
E00142620,140,37,12,25,103,89,14,26.42857142857143,8.571428571428571,17.857142857142858,73.57142857142858,63.57142857142857,10
E00142621,200,70,30,40,130,112,18,35,15,20,65,56.00000000000001,9
E00142622,83,35,12,23,48,47,1,42.168674698795186,14.457831325301203,27.710843373493976,57.831325301204814,56.62650602409639,1.2048192771084338
E00142623,94,26,7,19,68,57,11,27.659574468085108,7.446808510638298,20.212765957446805,72.3404255319149,60.63829787234043,11.702127659574469
E00142624,121,38,14,24,83,65,18,31.40495867768595,11.570247933884298,19.834710743801654,68.59504132231406,53.71900826446281,14.87603305785124
E00142625,157,44,10,34,113,96,17,28.02547770700637,6.369426751592357,21.656050955414013,71.97452229299363,61.146496815286625,10.828025477707007
E00142626,156,53,13,40,103,85,18,33.97435897435898,8.333333333333332,25.64102564102564,66.02564102564102,54.48717948717948,11.538461538461538
E00142627,122,41,21,20,81,64,17,33.60655737704918,17.21311475409836,16.39344262295082,66.39344262295081,52.459016393442624,13.934426229508196
E00142628,116,28,10,18,88,73,15,24.137931034482758,8.620689655172415,15.517241379310345,75.86206896551724,62.93103448275862,12.931034482758621
E00142629,116,32,11,21,84,75,9,27.586206896551722,9.482758620689655,18.103448275862068,72.41379310344827,64.65517241379311,7.758620689655173
E00142630,124,34,5,29,90,73,17,27.419354838709676,4.032258064516129,23.387096774193548,72.58064516129032,58.87096774193549,13.709677419354838
E00142631,143,39,9,30,104,85,19,27.27272727272727,6.293706293706294,20.97902097902098,72.72727272727273,59.44055944055944,13.286713286713287
E00142632,126,46,17,29,80,68,12,36.507936507936506,13.492063492063492,23.015873015873016,63.49206349206349,53.96825396825397,9.523809523809524
E00142633,178,57,21,36,121,98,23,32.02247191011236,11.797752808988763,20.224719101123593,67.97752808988764,55.0561797752809,12.921348314606742
E00142634,152,30,8,22,122,105,17,19.736842105263158,5.263157894736842,14.473684210526317,80.26315789473685,69.07894736842105,11.18421052631579
E00142635,94,29,12,17,65,59,6,30.851063829787233,12.76595744680851,18.085106382978726,69.14893617021278,62.76595744680851,6.382978723404255
E00142636,85,30,13,17,55,46,9,35.294117647058826,15.294117647058824,20,64.70588235294117,54.11764705882353,10.588235294117647
E00142637,138,30,12,18,108,87,21,21.73913043478261,8.695652173913043,13.043478260869565,78.26086956521739,63.04347826086957,15.217391304347828
E00142638,246,68,10,58,178,146,32,27.64227642276423,4.0650406504065035,23.577235772357724,72.35772357723577,59.34959349593496,13.008130081300814
E00142639,131,41,15,26,90,80,10,31.297709923664126,11.450381679389313,19.84732824427481,68.70229007633588,61.06870229007634,7.633587786259542
E00142640,157,48,18,30,109,96,13,30.573248407643312,11.464968152866243,19.10828025477707,69.42675159235668,61.146496815286625,8.280254777070063
E00142641,175,48,19,29,127,107,20,27.42857142857143,10.857142857142858,16.57142857142857,72.57142857142857,61.142857142857146,11.428571428571429
E00142642,123,43,13,30,80,73,7,34.959349593495936,10.569105691056912,24.390243902439025,65.04065040650406,59.34959349593496,5.691056910569105
E00142643,162,42,14,28,120,107,13,25.925925925925924,8.641975308641975,17.28395061728395,74.07407407407408,66.0493827160494,8.024691358024691
E00142644,127,37,14,23,90,82,8,29.133858267716533,11.023622047244094,18.11023622047244,70.86614173228347,64.56692913385827,6.299212598425196
E00142645,96,21,10,11,75,65,10,21.875,10.416666666666668,11.458333333333332,78.125,67.70833333333334,10.416666666666668
E00142646,149,37,10,27,112,102,10,24.832214765100673,6.7114093959731544,18.120805369127517,75.16778523489933,68.45637583892618,6.7114093959731544
E00142647,131,39,12,27,92,80,12,29.770992366412212,9.16030534351145,20.610687022900763,70.22900763358778,61.06870229007634,9.16030534351145
E00142648,101,23,7,16,78,70,8,22.772277227722775,6.9306930693069315,15.841584158415841,77.22772277227723,69.3069306930693,7.920792079207921
E00142649,105,41,10,31,64,48,16,39.04761904761905,9.523809523809524,29.523809523809526,60.952380952380956,45.714285714285715,15.238095238095239
E00142650,137,44,12,32,93,71,22,32.11678832116788,8.75912408759124,23.357664233576642,67.88321167883211,51.82481751824818,16.05839416058394
E00173367,149,33,14,19,116,94,22,22.14765100671141,9.395973154362416,12.751677852348994,77.85234899328859,63.08724832214765,14.76510067114094
E00173368,189,41,7,34,148,134,14,21.693121693121693,3.7037037037037033,17.989417989417987,78.3068783068783,70.8994708994709,7.4074074074074066
E00173370,182,45,16,29,137,111,26,24.725274725274726,8.791208791208792,15.934065934065933,75.27472527472527,60.98901098901099,14.285714285714285
E00173371,104,18,5,13,86,81,5,17.307692307692307,4.807692307692308,12.5,82.6923076923077,77.88461538461539,4.807692307692308
E00173372,116,30,8,22,86,76,10,25.862068965517242,6.896551724137931,18.96551724137931,74.13793103448276,65.51724137931035,8.620689655172415
E00173373,141,37,14,23,104,82,22,26.24113475177305,9.929078014184398,16.312056737588655,73.75886524822694,58.156028368794324,15.602836879432624
E00173374,153,46,10,36,107,95,12,30.065359477124183,6.535947712418301,23.52941176470588,69.93464052287581,62.091503267973856,7.8431372549019605
E00173375,148,36,7,29,112,104,8,24.324324324324326,4.72972972972973,19.594594594594593,75.67567567567568,70.27027027027027,5.405405405405405
E00173376,141,33,13,20,108,93,15,23.404255319148938,9.219858156028367,14.184397163120568,76.59574468085107,65.95744680851064,10.638297872340425
E00173377,147,45,14,31,102,91,11,30.612244897959183,9.523809523809524,21.08843537414966,69.38775510204081,61.904761904761905,7.482993197278912
E00173378,67,17,3,14,50,40,10,25.37313432835821,4.477611940298507,20.8955223880597,74.6268656716418,59.70149253731343,14.925373134328357
E00173379,168,44,9,35,124,106,18,26.190476190476193,5.357142857142857,20.833333333333336,73.80952380952381,63.095238095238095,10.714285714285714
E00173380,113,25,3,22,88,73,15,22.123893805309734,2.6548672566371683,19.469026548672566,77.87610619469027,64.60176991150442,13.274336283185843
E00176777,172,40,9,31,132,112,20,23.25581395348837,5.232558139534884,18.023255813953487,76.74418604651163,65.11627906976744,11.627906976744185
E00176786,154,37,7,30,117,89,28,24.025974025974026,4.545454545454546,19.480519480519483,75.97402597402598,57.7922077922078,18.181818181818183
E00176788,263,75,19,56,188,156,32,28.517110266159694,7.224334600760455,21.292775665399237,71.48288973384031,59.31558935361216,12.167300380228136
E00176791,87,20,10,10,67,61,6,22.988505747126435,11.494252873563218,11.494252873563218,77.01149425287356,70.11494252873564,6.896551724137931
E00176792,76,22,9,13,54,45,9,28.947368421052634,11.842105263157894,17.105263157894736,71.05263157894737,59.210526315789465,11.842105263157894
E00176793,218,39,12,27,179,157,22,17.889908256880734,5.5045871559633035,12.385321100917432,82.11009174311926,72.01834862385321,10.091743119266056
E00176799,272,66,22,44,206,173,33,24.264705882352942,8.088235294117647,16.176470588235293,75.73529411764706,63.60294117647059,12.132352941176471
E00176803,248,63,17,46,185,155,30,25.403225806451612,6.854838709677419,18.548387096774192,74.59677419354838,62.5,12.096774193548388
E00176805,164,35,13,22,129,107,22,21.341463414634145,7.926829268292683,13.414634146341465,78.65853658536585,65.2439024390244,13.414634146341465
E00176808,261,45,17,28,216,188,28,17.24137931034483,6.513409961685824,10.727969348659004,82.75862068965517,72.03065134099617,10.727969348659004
E00176811,99,23,8,15,76,64,12,23.232323232323232,8.080808080808081,15.151515151515152,76.76767676767676,64.64646464646465,12.121212121212121
E00176814,367,55,13,42,312,276,36,14.986376021798364,3.5422343324250685,11.444141689373296,85.01362397820164,75.20435967302453,9.809264305177113
E00176817,64,9,5,4,55,49,6,14.0625,7.8125,6.25,85.9375,76.5625,9.375
E00176822,321,87,25,62,234,196,38,27.102803738317753,7.78816199376947,19.314641744548286,72.89719626168224,61.059190031152646,11.838006230529595
E00176824,70,21,5,16,49,43,6,30,7.142857142857142,22.857142857142858,70,61.42857142857143,8.571428571428571
E00176833,251,44,8,36,207,181,26,17.52988047808765,3.187250996015936,14.342629482071715,82.47011952191235,72.11155378486056,10.358565737051793
E00176837,237,57,13,44,180,147,33,24.050632911392405,5.485232067510549,18.565400843881857,75.9493670886076,62.0253164556962,13.924050632911392
E00176844,202,50,18,32,152,119,33,24.752475247524753,8.91089108910891,15.841584158415841,75.24752475247524,58.91089108910891,16.33663366336634
E00176845,62,12,6,6,50,43,7,19.35483870967742,9.67741935483871,9.67741935483871,80.64516129032258,69.35483870967742,11.29032258064516
E00176848,72,19,6,13,53,47,6,26.38888888888889,8.333333333333332,18.055555555555554,73.61111111111111,65.27777777777779,8.333333333333332
E00176853,77,22,0,22,55,50,5,28.57142857142857,0,28.57142857142857,71.42857142857143,64.93506493506493,6.493506493506493
E00176854,186,49,20,29,137,127,10,26.344086021505376,10.75268817204301,15.591397849462366,73.65591397849462,68.27956989247312,5.376344086021505
E00176855,138,28,8,20,110,94,16,20.28985507246377,5.797101449275362,14.492753623188406,79.71014492753623,68.11594202898551,11.594202898550725
E00176861,224,70,26,44,154,137,17,31.25,11.607142857142858,19.642857142857142,68.75,61.16071428571429,7.5892857142857135
E00176862,179,54,19,35,125,99,26,30.16759776536313,10.614525139664805,19.553072625698324,69.83240223463687,55.3072625698324,14.52513966480447
E00176863,183,42,10,32,141,118,23,22.950819672131146,5.46448087431694,17.48633879781421,77.04918032786885,64.48087431693989,12.568306010928962
E00176865,216,54,16,38,162,153,9,25,7.4074074074074066,17.59259259259259,75,70.83333333333334,4.166666666666666
E00176867,243,48,19,29,195,168,27,19.753086419753085,7.818930041152264,11.934156378600823,80.24691358024691,69.1358024691358,11.11111111111111
E00176868,160,53,12,41,107,95,12,33.125,7.5,25.624999999999996,66.875,59.375,7.5
E00176872,133,30,7,23,103,90,13,22.55639097744361,5.263157894736842,17.293233082706767,77.44360902255639,67.66917293233082,9.774436090225564
E00176877,59,19,5,14,40,35,5,32.20338983050847,8.47457627118644,23.728813559322035,67.79661016949152,59.32203389830508,8.47457627118644
E00176878,238,51,14,37,187,168,19,21.428571428571427,5.88235294117647,15.546218487394958,78.57142857142857,70.58823529411765,7.9831932773109235
E00176881,195,43,8,35,152,137,15,22.05128205128205,4.102564102564102,17.94871794871795,77.94871794871796,70.25641025641025,7.6923076923076925
E00176883,125,35,10,25,90,81,9,28.000000000000004,8,20,72,64.8,7.199999999999999
E00176884,84,23,9,14,61,56,5,27.380952380952383,10.714285714285714,16.666666666666664,72.61904761904762,66.66666666666666,5.952380952380952
E00176887,258,62,16,46,196,163,33,24.031007751937985,6.2015503875969,17.829457364341085,75.96899224806202,63.17829457364341,12.790697674418606
E00176892,179,38,11,27,141,123,18,21.22905027932961,6.145251396648044,15.083798882681565,78.77094972067039,68.71508379888269,10.05586592178771
E00176899,142,43,14,29,99,91,8,30.28169014084507,9.859154929577464,20.422535211267608,69.71830985915493,64.08450704225352,5.633802816901409
E00176900,125,33,12,21,92,70,22,26.400000000000002,9.6,16.8,73.6,56.00000000000001,17.599999999999998
E00176904,87,28,6,22,59,54,5,32.18390804597701,6.896551724137931,25.287356321839084,67.81609195402298,62.06896551724138,5.747126436781609
E00176908,148,19,5,14,129,109,20,12.837837837837837,3.3783783783783785,9.45945945945946,87.16216216216216,73.64864864864865,13.513513513513514
