OA,ts0380001,ts0380002,ts0380003,ts0380004,ts0380005,ts0380006,ts0380007,ts0380002_PCT,ts0380003_PCT,ts0380004_PCT,ts0380005_PCT,ts0380006_PCT,ts0380007_PCT
E00142277,276,69,30,39,207,21,186,25,10.869565217391305,14.130434782608695,75,7.608695652173914,67.3913043478261
E00142278,296,63,21,42,233,17,216,21.283783783783782,7.094594594594595,14.18918918918919,78.71621621621621,5.743243243243244,72.97297297297297
E00142279,301,53,28,25,248,19,229,17.60797342192691,9.30232558139535,8.305647840531561,82.39202657807309,6.312292358803987,76.0797342192691
E00142280,435,86,38,48,349,30,319,19.770114942528735,8.735632183908045,11.03448275862069,80.22988505747126,6.896551724137931,73.33333333333333
E00142281,382,115,70,45,267,26,241,30.104712041884817,18.32460732984293,11.780104712041885,69.89528795811518,6.806282722513089,63.089005235602095
E00142282,311,54,23,31,257,17,240,17.363344051446948,7.395498392282958,9.967845659163988,82.63665594855306,5.466237942122187,77.17041800643086
E00142283,298,89,53,36,209,22,187,29.86577181208054,17.78523489932886,12.080536912751679,70.13422818791946,7.38255033557047,62.751677852349
E00142284,356,45,11,34,311,26,285,12.640449438202248,3.089887640449438,9.550561797752808,87.35955056179775,7.303370786516854,80.0561797752809
E00142285,265,54,21,33,211,22,189,20.37735849056604,7.9245283018867925,12.452830188679245,79.62264150943396,8.30188679245283,71.32075471698113
E00142286,423,88,42,46,335,37,298,20.803782505910164,9.929078014184398,10.874704491725769,79.19621749408984,8.747044917257684,70.44917257683215
E00142287,369,86,34,52,283,30,253,23.306233062330623,9.214092140921409,14.092140921409213,76.69376693766937,8.130081300813007,68.56368563685636
E00142289,184,78,47,31,106,8,98,42.391304347826086,25.543478260869566,16.847826086956523,57.608695652173914,4.3478260869565215,53.2608695652174
E00142290,389,75,36,39,314,33,281,19.28020565552699,9.254498714652955,10.025706940874036,80.719794344473,8.483290488431876,72.23650385604114
E00142291,356,155,86,69,201,22,179,43.53932584269663,24.15730337078652,19.382022471910112,56.46067415730337,6.179775280898876,50.28089887640449
E00142292,442,69,23,46,373,18,355,15.610859728506787,5.203619909502263,10.407239819004525,84.38914027149322,4.072398190045249,80.31674208144797
E00142293,283,83,48,35,200,17,183,29.328621908127207,16.96113074204947,12.36749116607774,70.6713780918728,6.007067137809187,64.66431095406361
E00142294,287,41,15,26,246,26,220,14.285714285714285,5.2264808362369335,9.059233449477352,85.71428571428571,9.059233449477352,76.65505226480836
E00142295,291,57,23,34,234,25,209,19.587628865979383,7.903780068728522,11.683848797250858,80.41237113402062,8.59106529209622,71.8213058419244
E00142296,312,72,28,44,240,14,226,23.076923076923077,8.974358974358974,14.102564102564102,76.92307692307693,4.487179487179487,72.43589743589743
E00142297,309,79,35,44,230,19,211,25.5663430420712,11.326860841423949,14.239482200647249,74.4336569579288,6.148867313915858,68.28478964401295
E00142298,371,97,53,44,274,21,253,26.1455525606469,14.285714285714285,11.859838274932615,73.8544474393531,5.660377358490567,68.19407008086253
E00142299,508,93,34,59,415,31,384,18.30708661417323,6.692913385826772,11.614173228346457,81.69291338582677,6.102362204724409,75.59055118110236
E00142300,268,47,23,24,221,24,197,17.537313432835823,8.582089552238806,8.955223880597014,82.46268656716418,8.955223880597014,73.50746268656717
E00142301,274,78,39,39,196,9,187,28.467153284671532,14.233576642335766,14.233576642335766,71.53284671532847,3.2846715328467155,68.24817518248175
E00142302,276,90,43,47,186,11,175,32.608695652173914,15.579710144927535,17.02898550724638,67.3913043478261,3.985507246376811,63.40579710144928
E00142303,254,72,34,38,182,8,174,28.346456692913385,13.385826771653544,14.960629921259844,71.65354330708661,3.149606299212598,68.50393700787401
E00142304,596,99,36,63,497,32,465,16.610738255033556,6.0402684563758395,10.570469798657719,83.38926174496645,5.369127516778524,78.02013422818791
E00142307,237,50,21,29,187,10,177,21.09704641350211,8.860759493670885,12.236286919831224,78.90295358649789,4.219409282700422,74.68354430379746
E00142311,265,58,23,35,207,14,193,21.88679245283019,8.679245283018867,13.20754716981132,78.11320754716982,5.283018867924529,72.83018867924528
E00142312,354,69,30,39,285,30,255,19.491525423728813,8.47457627118644,11.016949152542372,80.50847457627118,8.47457627118644,72.03389830508475
E00142314,345,93,47,46,252,26,226,26.956521739130434,13.623188405797102,13.333333333333334,73.04347826086956,7.536231884057972,65.5072463768116
E00142315,341,72,26,46,269,18,251,21.114369501466275,7.624633431085044,13.48973607038123,78.88563049853371,5.278592375366569,73.60703812316716
E00142316,295,88,35,53,207,20,187,29.830508474576273,11.864406779661017,17.966101694915253,70.16949152542374,6.779661016949152,63.389830508474574
E00142317,317,120,81,39,197,12,185,37.85488958990536,25.55205047318612,12.302839116719243,62.14511041009464,3.7854889589905363,58.359621451104104
E00142318,269,56,29,27,213,20,193,20.817843866171003,10.780669144981413,10.037174721189592,79.182156133829,7.434944237918216,71.74721189591078
E00142319,241,80,46,34,161,11,150,33.19502074688796,19.08713692946058,14.107883817427386,66.80497925311202,4.564315352697095,62.24066390041494
E00142320,330,57,25,32,273,27,246,17.272727272727273,7.575757575757576,9.696969696969697,82.72727272727273,8.181818181818182,74.54545454545455
E00142321,245,81,41,40,164,13,151,33.06122448979592,16.73469387755102,16.3265306122449,66.93877551020408,5.3061224489795915,61.63265306122449
E00142322,360,116,60,56,244,30,214,32.22222222222222,16.666666666666664,15.555555555555555,67.77777777777779,8.333333333333332,59.44444444444444
E00142323,293,44,12,32,249,25,224,15.017064846416384,4.09556313993174,10.921501706484642,84.98293515358361,8.532423208191126,76.45051194539249
E00142324,228,54,28,26,174,21,153,23.684210526315788,12.280701754385964,11.403508771929824,76.31578947368422,9.210526315789473,67.10526315789474
E00142325,257,52,24,28,205,14,191,20.233463035019454,9.33852140077821,10.894941634241246,79.76653696498055,5.447470817120623,74.31906614785993
E00142326,269,54,25,29,215,16,199,20.074349442379184,9.293680297397769,10.780669144981413,79.92565055762083,5.947955390334572,73.97769516728626
E00142327,232,39,10,29,193,23,170,16.810344827586206,4.310344827586207,12.5,83.1896551724138,9.913793103448276,73.27586206896551
E00142328,362,76,29,47,286,24,262,20.994475138121548,8.011049723756907,12.98342541436464,79.00552486187846,6.629834254143646,72.37569060773481
E00142329,345,27,9,18,318,31,287,7.82608695652174,2.608695652173913,5.217391304347826,92.17391304347827,8.985507246376812,83.18840579710145
E00142330,284,48,25,23,236,17,219,16.901408450704224,8.80281690140845,8.098591549295776,83.09859154929578,5.985915492957746,77.11267605633803
E00142331,373,40,19,21,333,36,297,10.723860589812332,5.093833780160858,5.630026809651475,89.27613941018767,9.651474530831099,79.62466487935657
E00142332,346,72,31,41,274,20,254,20.809248554913296,8.959537572254336,11.849710982658959,79.1907514450867,5.780346820809249,73.41040462427746
E00142333,326,63,23,40,263,21,242,19.32515337423313,7.05521472392638,12.269938650306749,80.67484662576688,6.441717791411043,74.23312883435584
E00142334,236,59,28,31,177,30,147,25,11.864406779661017,13.135593220338984,75,12.711864406779661,62.28813559322034
E00142335,228,60,25,35,168,12,156,26.31578947368421,10.964912280701753,15.350877192982457,73.68421052631578,5.263157894736842,68.42105263157895
E00142336,323,85,28,57,238,22,216,26.31578947368421,8.6687306501548,17.647058823529413,73.68421052631578,6.811145510835913,66.87306501547987
E00142337,240,64,35,29,176,18,158,26.666666666666668,14.583333333333334,12.083333333333334,73.33333333333333,7.5,65.83333333333333
E00142338,273,49,26,23,224,26,198,17.94871794871795,9.523809523809524,8.424908424908425,82.05128205128204,9.523809523809524,72.52747252747253
E00142339,278,43,18,25,235,17,218,15.467625899280577,6.474820143884892,8.992805755395683,84.53237410071942,6.115107913669065,78.41726618705036
E00142340,336,66,21,45,270,24,246,19.642857142857142,6.25,13.392857142857142,80.35714285714286,7.142857142857142,73.21428571428571
E00142341,308,49,18,31,259,22,237,15.909090909090908,5.844155844155844,10.064935064935066,84.0909090909091,7.142857142857142,76.94805194805194
E00142342,303,48,17,31,255,23,232,15.841584158415841,5.6105610561056105,10.231023102310232,84.15841584158416,7.590759075907591,76.56765676567657
E00142343,336,59,21,38,277,20,257,17.559523809523807,6.25,11.30952380952381,82.44047619047619,5.952380952380952,76.48809523809523
E00142344,470,83,29,54,387,40,347,17.659574468085108,6.170212765957447,11.48936170212766,82.34042553191489,8.51063829787234,73.82978723404256
E00142345,287,84,38,46,203,20,183,29.268292682926827,13.240418118466899,16.02787456445993,70.73170731707317,6.968641114982578,63.76306620209059
E00142347,275,36,11,25,239,20,219,13.090909090909092,4,9.090909090909092,86.9090909090909,7.2727272727272725,79.63636363636364
E00142348,271,40,16,24,231,20,211,14.760147601476014,5.904059040590406,8.856088560885608,85.23985239852398,7.380073800738007,77.85977859778598
E00142349,296,61,23,38,235,16,219,20.60810810810811,7.77027027027027,12.837837837837837,79.3918918918919,5.405405405405405,73.98648648648648
E00142350,253,69,39,30,184,10,174,27.27272727272727,15.41501976284585,11.857707509881422,72.72727272727273,3.9525691699604746,68.77470355731225
E00142351,319,83,36,47,236,13,223,26.01880877742947,11.285266457680251,14.733542319749215,73.98119122257053,4.075235109717868,69.90595611285266
E00142352,343,68,30,38,275,21,254,19.825072886297377,8.746355685131196,11.078717201166182,80.17492711370262,6.122448979591836,74.05247813411079
E00142353,210,47,27,20,163,14,149,22.380952380952383,12.857142857142856,9.523809523809524,77.61904761904762,6.666666666666667,70.95238095238095
E00142354,355,82,36,46,273,18,255,23.098591549295776,10.140845070422536,12.957746478873238,76.90140845070422,5.070422535211268,71.83098591549296
E00142355,208,31,8,23,177,20,157,14.903846153846153,3.8461538461538463,11.057692307692307,85.09615384615384,9.615384615384617,75.48076923076923
E00142356,388,148,107,41,240,14,226,38.144329896907216,27.577319587628867,10.56701030927835,61.855670103092784,3.608247422680412,58.24742268041238
E00142357,473,119,50,69,354,19,335,25.158562367864697,10.570824524312897,14.587737843551796,74.84143763213531,4.0169133192389,70.82452431289641
E00142358,346,80,31,49,266,18,248,23.121387283236995,8.959537572254336,14.16184971098266,76.878612716763,5.202312138728324,71.67630057803468
E00142359,285,63,18,45,222,31,191,22.105263157894736,6.315789473684211,15.789473684210526,77.89473684210526,10.87719298245614,67.01754385964912
E00142360,378,105,48,57,273,20,253,27.77777777777778,12.698412698412698,15.079365079365079,72.22222222222221,5.291005291005291,66.93121693121694
E00142361,194,57,26,31,137,9,128,29.381443298969074,13.402061855670103,15.979381443298967,70.61855670103093,4.639175257731959,65.97938144329896
E00142362,276,53,19,34,223,21,202,19.202898550724637,6.884057971014493,12.318840579710146,80.79710144927536,7.608695652173914,73.18840579710145
E00142363,276,77,29,48,199,17,182,27.898550724637683,10.507246376811594,17.391304347826086,72.10144927536231,6.159420289855073,65.94202898550725
E00142364,298,41,15,26,257,27,230,13.758389261744966,5.033557046979865,8.724832214765101,86.24161073825503,9.060402684563758,77.18120805369128
E00142365,210,36,20,16,174,11,163,17.142857142857142,9.523809523809524,7.6190476190476195,82.85714285714286,5.238095238095238,77.61904761904762
E00142366,341,62,23,39,279,25,254,18.181818181818183,6.744868035190615,11.436950146627565,81.81818181818183,7.331378299120235,74.48680351906158
E00142367,347,61,27,34,286,21,265,17.579250720461097,7.780979827089338,9.798270893371757,82.42074927953891,6.051873198847262,76.36887608069163
E00142368,310,64,30,34,246,23,223,20.64516129032258,9.67741935483871,10.967741935483872,79.35483870967742,7.419354838709677,71.93548387096774
E00142369,215,86,46,40,129,16,113,40,21.3953488372093,18.6046511627907,60,7.441860465116279,52.55813953488372
E00142370,274,72,34,38,202,15,187,26.277372262773724,12.408759124087592,13.86861313868613,73.72262773722628,5.474452554744526,68.24817518248175
E00142371,233,55,26,29,178,15,163,23.605150214592275,11.158798283261802,12.446351931330472,76.39484978540773,6.437768240343347,69.95708154506438
E00142372,330,50,10,40,280,20,260,15.151515151515152,3.0303030303030303,12.121212121212121,84.84848484848484,6.0606060606060606,78.78787878787878
E00142373,300,37,10,27,263,15,248,12.333333333333334,3.3333333333333335,9,87.66666666666667,5,82.66666666666667
E00142374,299,73,25,48,226,26,200,24.414715719063544,8.361204013377927,16.05351170568562,75.58528428093646,8.695652173913043,66.88963210702342
E00142375,307,63,38,25,244,26,218,20.521172638436482,12.37785016286645,8.143322475570033,79.47882736156352,8.469055374592834,71.00977198697068
E00142376,292,46,22,24,246,18,228,15.753424657534246,7.534246575342466,8.21917808219178,84.24657534246576,6.164383561643835,78.08219178082192
E00142377,284,65,28,37,219,19,200,22.887323943661972,9.859154929577464,13.028169014084506,77.11267605633803,6.690140845070422,70.4225352112676
E00142378,238,50,23,27,188,17,171,21.008403361344538,9.663865546218489,11.344537815126051,78.99159663865547,7.142857142857142,71.84873949579831
E00142379,271,44,20,24,227,18,209,16.236162361623617,7.380073800738007,8.856088560885608,83.76383763837639,6.642066420664207,77.12177121771218
E00142380,280,50,20,30,230,23,207,17.857142857142858,7.142857142857142,10.714285714285714,82.14285714285714,8.214285714285714,73.92857142857143
E00142381,274,59,29,30,215,14,201,21.532846715328464,10.583941605839415,10.948905109489052,78.46715328467153,5.109489051094891,73.35766423357664
E00142382,301,72,33,39,229,29,200,23.920265780730897,10.96345514950166,12.956810631229235,76.0797342192691,9.634551495016613,66.44518272425249
E00142383,255,61,32,29,194,20,174,23.92156862745098,12.549019607843137,11.372549019607844,76.07843137254902,7.8431372549019605,68.23529411764706
E00142384,255,55,25,30,200,20,180,21.568627450980394,9.803921568627452,11.76470588235294,78.43137254901961,7.8431372549019605,70.58823529411765
E00142385,279,80,45,35,199,22,177,28.673835125448026,16.129032258064516,12.544802867383511,71.32616487455196,7.885304659498208,63.44086021505376
E00142386,247,66,27,39,181,23,158,26.720647773279353,10.931174089068826,15.789473684210526,73.27935222672065,9.31174089068826,63.96761133603239
E00142387,300,61,17,44,239,18,221,20.333333333333332,5.666666666666666,14.666666666666666,79.66666666666666,6,73.66666666666667
E00142388,327,79,32,47,248,23,225,24.159021406727827,9.785932721712538,14.37308868501529,75.84097859327217,7.033639143730887,68.80733944954129
E00142390,312,64,30,34,248,22,226,20.51282051282051,9.615384615384617,10.897435897435898,79.48717948717949,7.051282051282051,72.43589743589743
E00142391,273,63,29,34,210,18,192,23.076923076923077,10.622710622710622,12.454212454212454,76.92307692307693,6.593406593406594,70.32967032967034
E00142392,275,64,21,43,211,27,184,23.272727272727273,7.636363636363637,15.636363636363637,76.72727272727272,9.818181818181818,66.9090909090909
E00142393,285,66,33,33,219,26,193,23.157894736842106,11.578947368421053,11.578947368421053,76.84210526315789,9.12280701754386,67.71929824561404
E00142394,304,48,22,26,256,18,238,15.789473684210526,7.236842105263158,8.552631578947368,84.21052631578947,5.921052631578947,78.28947368421053
E00142395,428,94,56,38,334,26,308,21.962616822429908,13.084112149532709,8.878504672897195,78.03738317757009,6.074766355140187,71.96261682242991
E00142396,296,67,32,35,229,21,208,22.635135135135133,10.81081081081081,11.824324324324325,77.36486486486487,7.094594594594595,70.27027027027027
E00142397,268,61,31,30,207,18,189,22.761194029850746,11.567164179104477,11.194029850746269,77.23880597014924,6.7164179104477615,70.52238805970148
E00142398,248,72,35,37,176,24,152,29.03225806451613,14.112903225806454,14.919354838709678,70.96774193548387,9.67741935483871,61.29032258064516
E00142399,438,75,34,41,363,20,343,17.123287671232877,7.76255707762557,9.360730593607306,82.87671232876713,4.5662100456621,78.31050228310502
E00142401,282,68,27,41,214,21,193,24.113475177304963,9.574468085106384,14.539007092198581,75.88652482269504,7.446808510638298,68.43971631205675
E00142402,286,63,26,37,223,20,203,22.02797202797203,9.090909090909092,12.937062937062937,77.97202797202797,6.993006993006993,70.97902097902097
E00142403,243,65,36,29,178,9,169,26.748971193415638,14.814814814814813,11.934156378600823,73.25102880658436,3.7037037037037033,69.54732510288066
E00142404,555,123,64,59,432,49,383,22.162162162162165,11.531531531531531,10.63063063063063,77.83783783783784,8.82882882882883,69.009009009009
E00142405,217,61,24,37,156,18,138,28.110599078341014,11.059907834101383,17.050691244239633,71.88940092165899,8.294930875576037,63.594470046082954
E00142406,385,47,20,27,338,35,303,12.207792207792208,5.194805194805195,7.012987012987012,87.79220779220779,9.090909090909092,78.70129870129871
E00142407,263,54,15,39,209,18,191,20.53231939163498,5.7034220532319395,14.82889733840304,79.46768060836501,6.844106463878327,72.6235741444867
E00142408,420,119,59,60,301,16,285,28.333333333333332,14.047619047619047,14.285714285714285,71.66666666666667,3.8095238095238098,67.85714285714286
E00142409,376,98,55,43,278,19,259,26.063829787234045,14.627659574468085,11.436170212765957,73.93617021276596,5.053191489361701,68.88297872340425
E00142410,342,76,38,38,266,24,242,22.22222222222222,11.11111111111111,11.11111111111111,77.77777777777779,7.017543859649122,70.76023391812866
E00142411,286,82,37,45,204,15,189,28.671328671328673,12.937062937062937,15.734265734265735,71.32867132867133,5.244755244755245,66.08391608391608
E00142412,300,93,60,33,207,25,182,31,20,11,69,8.333333333333332,60.66666666666667
E00142413,315,65,31,34,250,27,223,20.634920634920633,9.841269841269842,10.793650793650794,79.36507936507937,8.571428571428571,70.7936507936508
E00142414,170,46,28,18,124,10,114,27.058823529411764,16.470588235294116,10.588235294117647,72.94117647058823,5.88235294117647,67.05882352941175
E00142415,274,72,35,37,202,19,183,26.277372262773724,12.773722627737227,13.503649635036496,73.72262773722628,6.934306569343065,66.78832116788321
E00142416,312,55,18,37,257,27,230,17.628205128205128,5.769230769230769,11.858974358974358,82.37179487179486,8.653846153846153,73.71794871794873
E00142417,277,60,22,38,217,30,187,21.660649819494584,7.9422382671480145,13.718411552346572,78.33935018050542,10.830324909747292,67.50902527075813
E00142418,306,79,33,46,227,23,204,25.816993464052292,10.784313725490197,15.032679738562091,74.18300653594771,7.516339869281046,66.66666666666666
E00142419,370,95,50,45,275,29,246,25.675675675675674,13.513513513513514,12.162162162162163,74.32432432432432,7.837837837837839,66.48648648648648
E00142420,367,131,78,53,236,25,211,35.694822888283376,21.25340599455041,14.441416893732969,64.30517711171662,6.811989100817439,57.49318801089919
E00142421,331,90,39,51,241,17,224,27.19033232628399,11.782477341389729,15.407854984894259,72.80966767371602,5.13595166163142,67.6737160120846
E00142422,353,118,53,65,235,11,224,33.42776203966006,15.01416430594901,18.413597733711047,66.57223796033995,3.1161473087818696,63.45609065155807
E00142423,300,81,43,38,219,16,203,27,14.333333333333334,12.666666666666668,73,5.333333333333334,67.66666666666666
E00142424,369,92,48,44,277,16,261,24.932249322493224,13.008130081300814,11.924119241192411,75.06775067750678,4.336043360433604,70.73170731707317
E00142425,367,107,51,56,260,9,251,29.155313351498634,13.896457765667575,15.258855585831062,70.84468664850137,2.452316076294278,68.39237057220708
E00142426,197,52,26,26,145,8,137,26.39593908629442,13.19796954314721,13.19796954314721,73.60406091370558,4.060913705583756,69.54314720812182
E00142427,341,96,41,55,245,22,223,28.152492668621704,12.023460410557185,16.129032258064516,71.8475073313783,6.451612903225806,65.39589442815249
E00142428,313,73,21,52,240,22,218,23.322683706070286,6.7092651757188495,16.61341853035144,76.6773162939297,7.0287539936102235,69.6485623003195
E00142429,495,82,28,54,413,28,385,16.565656565656568,5.656565656565657,10.909090909090908,83.43434343434343,5.656565656565657,77.77777777777779
E00142430,410,51,17,34,359,21,338,12.439024390243903,4.146341463414634,8.292682926829269,87.5609756097561,5.121951219512195,82.4390243902439
E00142431,314,60,19,41,254,28,226,19.10828025477707,6.050955414012739,13.05732484076433,80.89171974522293,8.9171974522293,71.97452229299363
E00142432,281,56,25,31,225,22,203,19.9288256227758,8.896797153024911,11.032028469750891,80.0711743772242,7.829181494661921,72.24199288256227
E00142433,284,82,43,39,202,12,190,28.87323943661972,15.140845070422534,13.732394366197184,71.12676056338029,4.225352112676056,66.90140845070422
E00142434,232,56,21,35,176,27,149,24.137931034482758,9.051724137931034,15.086206896551724,75.86206896551724,11.637931034482758,64.22413793103449
E00142435,341,98,46,52,243,22,221,28.739002932551323,13.48973607038123,15.249266862170089,71.26099706744868,6.451612903225806,64.80938416422288
E00142436,316,81,51,30,235,16,219,25.63291139240506,16.139240506329113,9.49367088607595,74.36708860759494,5.063291139240507,69.30379746835443
E00142437,273,87,50,37,186,22,164,31.868131868131865,18.315018315018314,13.553113553113553,68.13186813186813,8.058608058608058,60.07326007326007
E00142438,344,69,22,47,275,26,249,20.058139534883722,6.395348837209303,13.662790697674417,79.94186046511628,7.55813953488372,72.38372093023256
E00142439,199,76,40,36,123,5,118,38.19095477386934,20.100502512562816,18.090452261306535,61.80904522613066,2.512562814070352,59.2964824120603
E00142440,463,95,47,48,368,19,349,20.518358531317496,10.151187904967603,10.367170626349893,79.48164146868251,4.103671706263499,75.377969762419
E00142441,395,91,41,50,304,21,283,23.037974683544306,10.379746835443038,12.658227848101266,76.9620253164557,5.3164556962025316,71.64556962025317
E00142442,338,81,43,38,257,15,242,23.964497041420117,12.721893491124261,11.242603550295858,76.03550295857988,4.437869822485207,71.59763313609467
E00142443,303,75,36,39,228,9,219,24.752475247524753,11.881188118811881,12.871287128712872,75.24752475247524,2.9702970297029703,72.27722772277228
E00142444,302,98,44,54,204,10,194,32.450331125827816,14.56953642384106,17.880794701986755,67.54966887417218,3.3112582781456954,64.23841059602648
E00142445,363,66,29,37,297,26,271,18.181818181818183,7.988980716253444,10.192837465564738,81.81818181818183,7.162534435261708,74.65564738292011
E00142446,273,49,21,28,224,20,204,17.94871794871795,7.6923076923076925,10.256410256410255,82.05128205128204,7.326007326007327,74.72527472527473
E00142447,308,85,22,63,223,15,208,27.5974025974026,7.142857142857142,20.454545454545457,72.40259740259741,4.870129870129871,67.53246753246754
E00142448,303,65,31,34,238,14,224,21.45214521452145,10.231023102310232,11.221122112211221,78.54785478547855,4.62046204620462,73.92739273927393
E00142450,217,20,9,11,197,31,166,9.216589861751153,4.147465437788019,5.0691244239631335,90.78341013824884,14.285714285714285,76.49769585253456
E00142451,246,81,36,45,165,11,154,32.926829268292686,14.634146341463413,18.29268292682927,67.07317073170732,4.471544715447155,62.601626016260155
E00142452,222,64,29,35,158,13,145,28.82882882882883,13.063063063063062,15.765765765765765,71.17117117117117,5.8558558558558556,65.31531531531532
E00142453,304,81,36,45,223,15,208,26.644736842105267,11.842105263157894,14.802631578947366,73.35526315789474,4.934210526315789,68.42105263157895
E00142454,291,86,41,45,205,10,195,29.553264604810998,14.0893470790378,15.463917525773196,70.44673539518901,3.436426116838488,67.0103092783505
E00142455,326,55,25,30,271,22,249,16.87116564417178,7.668711656441718,9.202453987730062,83.12883435582822,6.748466257668712,76.38036809815951
E00142456,303,48,18,30,255,24,231,15.841584158415841,5.9405940594059405,9.900990099009901,84.15841584158416,7.920792079207921,76.23762376237624
E00142457,336,83,34,49,253,21,232,24.702380952380953,10.119047619047619,14.583333333333334,75.29761904761905,6.25,69.04761904761905
E00142458,305,69,36,33,236,24,212,22.62295081967213,11.80327868852459,10.819672131147541,77.37704918032787,7.868852459016394,69.50819672131148
E00142459,266,58,26,32,208,13,195,21.804511278195488,9.774436090225564,12.030075187969924,78.19548872180451,4.887218045112782,73.30827067669173
E00142460,435,84,28,56,351,20,331,19.310344827586206,6.436781609195402,12.873563218390805,80.6896551724138,4.597701149425287,76.0919540229885
E00142461,204,16,9,7,188,9,179,7.8431372549019605,4.411764705882353,3.431372549019608,92.15686274509804,4.411764705882353,87.74509803921569
E00142462,413,73,28,45,340,39,301,17.675544794188863,6.779661016949152,10.895883777239709,82.32445520581115,9.443099273607748,72.88135593220339
E00142463,280,74,27,47,206,12,194,26.42857142857143,9.642857142857144,16.785714285714285,73.57142857142858,4.285714285714286,69.28571428571428
E00142464,226,49,19,30,177,11,166,21.68141592920354,8.4070796460177,13.274336283185843,78.31858407079646,4.867256637168142,73.45132743362832
E00142465,257,55,20,35,202,15,187,21.40077821011673,7.782101167315175,13.618677042801556,78.59922178988327,5.836575875486381,72.76264591439688
E00142466,190,46,23,23,144,12,132,24.210526315789473,12.105263157894736,12.105263157894736,75.78947368421053,6.315789473684211,69.47368421052632
E00142467,414,94,38,56,320,30,290,22.705314009661837,9.178743961352657,13.526570048309178,77.29468599033817,7.246376811594203,70.04830917874396
E00142468,240,71,30,41,169,11,158,29.583333333333332,12.5,17.083333333333332,70.41666666666667,4.583333333333333,65.83333333333333
E00142469,263,78,42,36,185,17,168,29.65779467680608,15.96958174904943,13.688212927756654,70.34220532319392,6.4638783269961975,63.87832699619772
E00142470,368,115,75,40,253,19,234,31.25,20.380434782608695,10.869565217391305,68.75,5.163043478260869,63.58695652173913
E00142471,247,55,20,35,192,13,179,22.267206477732792,8.097165991902834,14.17004048582996,77.7327935222672,5.263157894736842,72.46963562753037
E00142472,232,48,20,28,184,10,174,20.689655172413794,8.620689655172415,12.068965517241379,79.3103448275862,4.310344827586207,75
E00142473,314,52,25,27,262,18,244,16.560509554140125,7.961783439490445,8.598726114649681,83.43949044585987,5.7324840764331215,77.70700636942675
E00142474,350,69,25,44,281,22,259,19.714285714285715,7.142857142857142,12.571428571428573,80.28571428571428,6.2857142857142865,74
E00142475,327,89,40,49,238,21,217,27.217125382262996,12.232415902140673,14.984709480122325,72.78287461773701,6.422018348623854,66.36085626911316
E00142476,284,79,37,42,205,7,198,27.816901408450708,13.028169014084506,14.788732394366196,72.1830985915493,2.464788732394366,69.71830985915493
E00142477,379,186,152,34,193,10,183,49.07651715039577,40.105540897097626,8.970976253298153,50.92348284960422,2.638522427440633,48.284960422163586
E00142478,542,140,69,71,402,24,378,25.830258302583026,12.730627306273062,13.099630996309964,74.16974169741697,4.428044280442804,69.74169741697416
E00142479,231,108,59,49,123,14,109,46.75324675324675,25.541125541125542,21.21212121212121,53.246753246753244,6.0606060606060606,47.18614718614719
E00142480,214,62,37,25,152,10,142,28.971962616822427,17.289719626168225,11.682242990654206,71.02803738317756,4.672897196261682,66.35514018691589
E00142481,248,50,22,28,198,23,175,20.161290322580644,8.870967741935484,11.29032258064516,79.83870967741935,9.274193548387096,70.56451612903226
E00142482,233,73,41,32,160,16,144,31.330472103004293,17.59656652360515,13.733905579399142,68.6695278969957,6.866952789699571,61.80257510729614
E00142483,281,85,38,47,196,17,179,30.2491103202847,13.523131672597867,16.72597864768683,69.7508896797153,6.049822064056939,63.70106761565836
E00142484,265,59,17,42,206,27,179,22.264150943396228,6.415094339622642,15.849056603773585,77.73584905660378,10.18867924528302,67.54716981132076
E00142485,258,61,27,34,197,19,178,23.643410852713178,10.465116279069768,13.178294573643413,76.35658914728683,7.3643410852713185,68.9922480620155
E00142486,241,46,27,19,195,16,179,19.08713692946058,11.20331950207469,7.883817427385892,80.91286307053942,6.639004149377594,74.27385892116183
E00142487,291,61,18,43,230,21,209,20.962199312714777,6.185567010309279,14.776632302405499,79.03780068728523,7.216494845360824,71.8213058419244
E00142488,307,71,35,36,236,17,219,23.12703583061889,11.400651465798045,11.726384364820847,76.8729641693811,5.537459283387622,71.33550488599349
E00142489,263,61,23,38,202,22,180,23.193916349809886,8.745247148288973,14.44866920152091,76.80608365019012,8.365019011406844,68.44106463878326
E00142490,257,54,30,24,203,13,190,21.011673151750973,11.673151750972762,9.33852140077821,78.98832684824903,5.058365758754864,73.92996108949417
E00142491,279,53,32,21,226,21,205,18.996415770609318,11.469534050179211,7.526881720430108,81.00358422939068,7.526881720430108,73.47670250896059
E00142492,253,65,29,36,188,16,172,25.691699604743086,11.462450592885375,14.229249011857709,74.30830039525692,6.324110671936759,67.98418972332016
E00142493,491,106,63,43,385,30,355,21.58859470468432,12.830957230142568,8.757637474541752,78.41140529531569,6.109979633401222,72.30142566191446
E00142494,197,98,66,32,99,8,91,49.746192893401016,33.50253807106599,16.243654822335024,50.25380710659898,4.060913705583756,46.192893401015226
E00142495,261,53,19,34,208,18,190,20.306513409961685,7.2796934865900385,13.026819923371647,79.6934865900383,6.896551724137931,72.79693486590038
E00142496,356,82,37,45,274,25,249,23.03370786516854,10.393258426966293,12.640449438202248,76.96629213483146,7.02247191011236,69.9438202247191
E00142497,286,48,26,22,238,20,218,16.783216783216783,9.090909090909092,7.6923076923076925,83.21678321678321,6.993006993006993,76.22377622377621
E00142498,251,53,26,27,198,11,187,21.115537848605577,10.358565737051793,10.756972111553784,78.88446215139442,4.382470119521913,74.5019920318725
E00142499,225,58,19,39,167,21,146,25.77777777777778,8.444444444444445,17.333333333333336,74.22222222222223,9.333333333333334,64.88888888888889
E00142500,305,61,23,38,244,19,225,20,7.540983606557377,12.459016393442624,80,6.229508196721312,73.77049180327869
E00142501,322,84,50,34,238,19,219,26.08695652173913,15.527950310559005,10.559006211180124,73.91304347826086,5.900621118012422,68.01242236024845
E00142502,297,54,24,30,243,22,221,18.181818181818183,8.080808080808081,10.1010101010101,81.81818181818183,7.4074074074074066,74.41077441077442
E00142503,290,84,44,40,206,14,192,28.965517241379313,15.172413793103448,13.793103448275861,71.03448275862068,4.827586206896552,66.20689655172414
E00142504,265,109,60,49,156,4,152,41.132075471698116,22.641509433962266,18.49056603773585,58.867924528301884,1.509433962264151,57.35849056603774
E00142505,256,68,38,30,188,11,177,26.5625,14.84375,11.71875,73.4375,4.296875,69.140625
E00142506,371,81,34,47,290,20,270,21.83288409703504,9.164420485175203,12.668463611859837,78.16711590296495,5.3908355795148255,72.77628032345014
E00142507,267,86,41,45,181,15,166,32.20973782771536,15.355805243445692,16.853932584269664,67.79026217228464,5.617977528089887,62.172284644194754
E00142508,398,74,26,48,324,11,313,18.592964824120603,6.532663316582915,12.060301507537687,81.4070351758794,2.763819095477387,78.64321608040201
E00142509,237,57,32,25,180,11,169,24.050632911392405,13.502109704641349,10.548523206751055,75.9493670886076,4.641350210970464,71.30801687763713
E00142510,320,72,30,42,248,16,232,22.5,9.375,13.125,77.5,5,72.5
E00142511,409,92,40,52,317,18,299,22.493887530562347,9.7799511002445,12.71393643031785,77.50611246943765,4.400977995110025,73.10513447432763
E00142512,280,74,38,36,206,19,187,26.42857142857143,13.571428571428571,12.857142857142856,73.57142857142858,6.785714285714286,66.78571428571428
E00142513,279,99,58,41,180,11,169,35.483870967741936,20.78853046594982,14.695340501792115,64.51612903225806,3.942652329749104,60.57347670250897
E00142514,292,34,19,15,258,23,235,11.643835616438356,6.506849315068493,5.136986301369863,88.35616438356165,7.876712328767123,80.47945205479452
E00142515,307,70,31,39,237,17,220,22.80130293159609,10.097719869706841,12.703583061889251,77.19869706840392,5.537459283387622,71.66123778501628
E00142516,323,92,42,50,231,26,205,28.482972136222912,13.003095975232199,15.479876160990713,71.51702786377709,8.04953560371517,63.46749226006192
E00142517,291,83,48,35,208,12,196,28.52233676975945,16.49484536082474,12.027491408934708,71.47766323024055,4.123711340206185,67.35395189003437
E00142518,283,53,23,30,230,16,214,18.727915194346288,8.12720848056537,10.60070671378092,81.2720848056537,5.6537102473498235,75.61837455830388
E00142519,330,71,40,31,259,30,229,21.515151515151516,12.121212121212121,9.393939393939393,78.48484848484848,9.090909090909092,69.39393939393939
E00142520,280,69,38,31,211,16,195,24.642857142857146,13.571428571428571,11.071428571428571,75.35714285714286,5.714285714285714,69.64285714285714
E00142521,359,69,30,39,290,24,266,19.220055710306408,8.356545961002785,10.86350974930362,80.77994428969359,6.685236768802229,74.09470752089136
E00142522,293,62,32,30,231,16,215,21.160409556313994,10.921501706484642,10.238907849829351,78.839590443686,5.460750853242321,73.37883959044369
E00142523,276,75,35,40,201,10,191,27.173913043478258,12.681159420289855,14.492753623188406,72.82608695652173,3.6231884057971016,69.20289855072464
E00142524,455,157,100,57,298,24,274,34.505494505494504,21.978021978021978,12.527472527472527,65.49450549450549,5.274725274725275,60.21978021978022
E00142525,316,65,32,33,251,18,233,20.569620253164558,10.126582278481013,10.443037974683545,79.43037974683544,5.69620253164557,73.73417721518987
E00142527,430,86,46,40,344,23,321,20,10.69767441860465,9.30232558139535,80,5.348837209302325,74.65116279069768
E00142528,329,85,42,43,244,24,220,25.835866261398177,12.76595744680851,13.069908814589665,74.16413373860182,7.29483282674772,66.8693009118541
E00142529,297,59,22,37,238,25,213,19.865319865319865,7.4074074074074066,12.457912457912458,80.13468013468014,8.417508417508419,71.71717171717171
E00142530,364,61,25,36,303,28,275,16.758241758241756,6.868131868131869,9.89010989010989,83.24175824175825,7.6923076923076925,75.54945054945054
E00142531,307,111,63,48,196,18,178,36.156351791530945,20.521172638436482,15.63517915309446,63.84364820846905,5.863192182410423,57.98045602605863
E00142532,443,46,17,29,397,32,365,10.383747178329571,3.837471783295711,6.5462753950338595,89.61625282167043,7.223476297968396,82.39277652370203
E00142533,283,70,33,37,213,13,200,24.73498233215548,11.66077738515901,13.074204946996467,75.26501766784452,4.593639575971731,70.6713780918728
E00142534,269,85,54,31,184,9,175,31.59851301115242,20.074349442379184,11.524163568773234,68.40148698884758,3.3457249070631967,65.05576208178438
E00142536,368,109,61,48,259,18,241,29.6195652173913,16.57608695652174,13.043478260869565,70.38043478260869,4.891304347826087,65.48913043478261
E00142537,335,90,48,42,245,11,234,26.865671641791046,14.328358208955224,12.53731343283582,73.13432835820896,3.2835820895522385,69.85074626865672
E00142538,322,66,32,34,256,19,237,20.496894409937887,9.937888198757763,10.559006211180124,79.5031055900621,5.900621118012422,73.6024844720497
E00142539,269,73,35,38,196,15,181,27.137546468401485,13.011152416356877,14.12639405204461,72.86245353159852,5.5762081784386615,67.28624535315984
E00142540,381,78,22,56,303,22,281,20.47244094488189,5.774278215223097,14.698162729658792,79.52755905511812,5.774278215223097,73.75328083989501
E00142541,303,83,44,39,220,8,212,27.39273927392739,14.521452145214523,12.871287128712872,72.60726072607261,2.6402640264026402,69.96699669966998
E00142542,600,161,98,63,439,14,425,26.833333333333332,16.333333333333332,10.5,73.16666666666667,2.3333333333333335,70.83333333333334
E00142543,382,120,70,50,262,16,246,31.413612565445025,18.32460732984293,13.089005235602095,68.58638743455498,4.18848167539267,64.3979057591623
E00142544,211,67,39,28,144,14,130,31.753554502369667,18.48341232227488,13.270142180094787,68.24644549763033,6.6350710900473935,61.61137440758294
E00142545,336,73,33,40,263,12,251,21.726190476190478,9.821428571428571,11.904761904761903,78.27380952380952,3.571428571428571,74.70238095238095
E00142546,320,79,29,50,241,23,218,24.6875,9.0625,15.625,75.3125,7.187499999999999,68.125
E00142547,238,91,43,48,147,12,135,38.23529411764706,18.067226890756302,20.168067226890756,61.76470588235294,5.042016806722689,56.72268907563025
E00142548,258,29,10,19,229,17,212,11.24031007751938,3.875968992248062,7.3643410852713185,88.75968992248062,6.5891472868217065,82.17054263565892
E00142549,361,60,28,32,301,29,272,16.62049861495845,7.756232686980609,8.86426592797784,83.37950138504155,8.033240997229916,75.34626038781164
E00142550,327,87,38,49,240,24,216,26.605504587155966,11.62079510703364,14.984709480122325,73.39449541284404,7.339449541284404,66.05504587155964
E00142551,271,65,38,27,206,16,190,23.985239852398525,14.022140221402212,9.96309963099631,76.01476014760148,5.904059040590406,70.11070110701108
E00142552,268,68,37,31,200,15,185,25.37313432835821,13.805970149253731,11.567164179104477,74.6268656716418,5.597014925373134,69.02985074626866
E00142553,376,54,20,34,322,33,289,14.361702127659576,5.319148936170213,9.042553191489363,85.63829787234043,8.77659574468085,76.86170212765957
E00142554,322,54,28,26,268,16,252,16.77018633540373,8.695652173913043,8.074534161490684,83.22981366459628,4.968944099378882,78.26086956521739
E00142555,303,60,30,30,243,21,222,19.801980198019802,9.900990099009901,9.900990099009901,80.19801980198021,6.9306930693069315,73.26732673267327
E00142556,336,67,30,37,269,18,251,19.940476190476193,8.928571428571429,11.011904761904761,80.05952380952381,5.357142857142857,74.70238095238095
E00142557,235,59,27,32,176,14,162,25.106382978723403,11.48936170212766,13.617021276595745,74.8936170212766,5.957446808510639,68.93617021276596
E00142558,273,59,26,33,214,9,205,21.611721611721613,9.523809523809524,12.087912087912088,78.3882783882784,3.296703296703297,75.0915750915751
E00142559,291,102,53,49,189,8,181,35.051546391752574,18.213058419243985,16.83848797250859,64.94845360824742,2.7491408934707904,62.19931271477663
E00142560,311,67,33,34,244,22,222,21.54340836012862,10.610932475884244,10.932475884244374,78.45659163987139,7.07395498392283,71.38263665594855
E00142561,226,56,21,35,170,16,154,24.778761061946902,9.29203539823009,15.486725663716813,75.22123893805309,7.079646017699115,68.14159292035397
E00142562,224,82,32,50,142,15,127,36.607142857142854,14.285714285714285,22.321428571428573,63.39285714285714,6.696428571428571,56.69642857142857
E00142563,334,61,27,34,273,27,246,18.263473053892216,8.08383233532934,10.179640718562874,81.73652694610777,8.08383233532934,73.65269461077844
E00142564,203,63,28,35,140,19,121,31.03448275862069,13.793103448275861,17.24137931034483,68.96551724137932,9.35960591133005,59.60591133004927
E00142565,382,98,43,55,284,20,264,25.654450261780106,11.2565445026178,14.397905759162304,74.3455497382199,5.2356020942408374,69.10994764397905
E00142566,214,40,15,25,174,20,154,18.69158878504673,7.009345794392523,11.682242990654206,81.30841121495327,9.345794392523365,71.96261682242991
E00142567,300,67,28,39,233,22,211,22.333333333333332,9.333333333333334,13,77.66666666666666,7.333333333333333,70.33333333333334
E00142568,343,81,36,45,262,33,229,23.61516034985423,10.495626822157435,13.119533527696792,76.38483965014578,9.620991253644315,66.76384839650146
E00142569,312,75,39,36,237,13,224,24.03846153846154,12.5,11.538461538461538,75.96153846153845,4.166666666666666,71.7948717948718
E00142570,301,84,34,50,217,14,203,27.906976744186046,11.295681063122924,16.611295681063122,72.09302325581395,4.651162790697675,67.44186046511628
E00142571,356,76,29,47,280,24,256,21.34831460674157,8.146067415730338,13.202247191011235,78.65168539325843,6.741573033707865,71.91011235955057
E00142572,403,51,19,32,352,33,319,12.655086848635236,4.714640198511166,7.94044665012407,87.34491315136476,8.188585607940446,79.15632754342433
E00142573,313,77,32,45,236,15,221,24.600638977635782,10.223642172523961,14.376996805111823,75.39936102236422,4.792332268370607,70.6070287539936
E00142574,246,74,38,36,172,16,156,30.081300813008134,15.447154471544716,14.634146341463413,69.91869918699187,6.504065040650407,63.41463414634146
E00142575,255,65,26,39,190,11,179,25.49019607843137,10.196078431372548,15.294117647058824,74.50980392156863,4.313725490196078,70.19607843137254
E00142576,242,48,20,28,194,15,179,19.834710743801654,8.264462809917356,11.570247933884298,80.16528925619835,6.198347107438017,73.96694214876032
E00142577,284,74,35,39,210,18,192,26.056338028169012,12.323943661971832,13.732394366197184,73.94366197183099,6.338028169014084,67.6056338028169
E00142578,489,136,94,42,353,25,328,27.811860940695297,19.222903885480573,8.588957055214724,72.1881390593047,5.112474437627812,67.07566462167689
E00142579,289,70,35,35,219,13,206,24.22145328719723,12.110726643598616,12.110726643598616,75.77854671280276,4.498269896193772,71.280276816609
E00142580,316,74,30,44,242,13,229,23.417721518987342,9.49367088607595,13.924050632911392,76.58227848101265,4.113924050632911,72.46835443037975
E00142582,412,95,45,50,317,30,287,23.058252427184467,10.922330097087379,12.135922330097088,76.94174757281553,7.281553398058252,69.66019417475728
E00142583,241,65,30,35,176,18,158,26.970954356846473,12.448132780082988,14.522821576763487,73.02904564315352,7.468879668049793,65.56016597510373
E00142584,288,72,43,29,216,13,203,25,14.930555555555555,10.069444444444445,75,4.513888888888888,70.48611111111111
E00142587,420,49,18,31,371,28,343,11.666666666666666,4.285714285714286,7.380952380952381,88.33333333333333,6.666666666666667,81.66666666666667
E00142588,324,71,29,42,253,23,230,21.91358024691358,8.950617283950617,12.962962962962962,78.08641975308642,7.098765432098765,70.98765432098766
E00142589,454,107,54,53,347,29,318,23.568281938325992,11.894273127753303,11.674008810572687,76.431718061674,6.387665198237885,70.04405286343612
E00142590,343,66,22,44,277,25,252,19.24198250728863,6.41399416909621,12.82798833819242,80.75801749271136,7.288629737609329,73.46938775510205
E00142591,456,72,26,46,384,33,351,15.789473684210526,5.701754385964912,10.087719298245613,84.21052631578947,7.236842105263158,76.97368421052632
E00142592,376,44,14,30,332,37,295,11.702127659574469,3.723404255319149,7.9787234042553195,88.29787234042553,9.840425531914894,78.45744680851064
E00142593,321,51,22,29,270,32,238,15.887850467289718,6.853582554517133,9.034267912772584,84.11214953271028,9.968847352024921,74.14330218068535
E00142594,240,77,32,45,163,9,154,32.083333333333336,13.333333333333334,18.75,67.91666666666667,3.75,64.16666666666667
E00142595,310,61,21,40,249,20,229,19.67741935483871,6.774193548387098,12.903225806451612,80.3225806451613,6.451612903225806,73.87096774193549
E00142596,247,77,30,47,170,12,158,31.17408906882591,12.145748987854251,19.02834008097166,68.82591093117408,4.8582995951417,63.96761133603239
E00142597,297,100,37,63,197,21,176,33.670033670033675,12.457912457912458,21.21212121212121,66.32996632996633,7.07070707070707,59.25925925925925
E00142598,297,71,29,42,226,23,203,23.905723905723907,9.764309764309765,14.14141414141414,76.0942760942761,7.744107744107744,68.35016835016835
E00142599,359,61,28,33,298,28,270,16.991643454038996,7.7994428969359335,9.192200557103064,83.008356545961007,7.7994428969359335,75.20891364902506
E00142600,254,49,22,27,205,28,177,19.291338582677163,8.661417322834646,10.62992125984252,80.70866141732283,11.023622047244094,69.68503937007874
E00142601,356,81,43,38,275,22,253,22.752808988764045,12.07865168539326,10.674157303370785,77.24719101123596,6.179775280898876,71.06741573033707
E00142602,295,56,19,37,239,15,224,18.983050847457626,6.440677966101695,12.54237288135593,81.01694915254237,5.084745762711865,75.9322033898305
E00142603,319,81,43,38,238,10,228,25.391849529780565,13.479623824451412,11.912225705329153,74.60815047021944,3.1347962382445136,71.47335423197492
E00142604,310,39,11,28,271,28,243,12.580645161290322,3.5483870967741935,9.032258064516128,87.41935483870968,9.032258064516128,78.38709677419354
E00142605,345,84,43,41,261,20,241,24.347826086956523,12.46376811594203,11.884057971014492,75.65217391304347,5.797101449275362,69.85507246376812
E00142606,371,61,21,40,310,36,274,16.442048517520217,5.660377358490567,10.781671159029651,83.55795148247978,9.703504043126685,73.8544474393531
E00142607,509,100,37,63,409,44,365,19.646365422396855,7.269155206286837,12.37721021611002,80.35363457760315,8.644400785854616,71.70923379174853
E00142608,245,36,13,23,209,19,190,14.69387755102041,5.3061224489795915,9.387755102040817,85.3061224489796,7.755102040816326,77.55102040816327
E00142609,292,80,36,44,212,15,197,27.397260273972602,12.32876712328767,15.068493150684931,72.6027397260274,5.136986301369863,67.46575342465754
E00142610,267,67,30,37,200,16,184,25.0936329588015,11.235955056179774,13.857677902621724,74.90636704119851,5.992509363295881,68.91385767790263
E00142611,238,37,21,16,201,21,180,15.546218487394958,8.823529411764707,6.722689075630252,84.45378151260505,8.823529411764707,75.63025210084034
E00142612,138,59,32,27,79,10,69,42.7536231884058,23.18840579710145,19.565217391304348,57.2463768115942,7.246376811594203,50
E00142613,278,66,34,32,212,21,191,23.741007194244602,12.23021582733813,11.510791366906476,76.2589928057554,7.553956834532374,68.70503597122301
E00142614,311,72,33,39,239,18,221,23.15112540192926,10.610932475884244,12.540192926045016,76.84887459807074,5.787781350482315,71.06109324758843
E00142615,245,51,22,29,194,20,174,20.816326530612244,8.979591836734693,11.83673469387755,79.18367346938776,8.16326530612245,71.0204081632653
E00142616,223,76,29,47,147,23,124,34.08071748878923,13.004484304932735,21.076233183856502,65.91928251121077,10.31390134529148,55.60538116591929
E00142617,296,68,31,37,228,8,220,22.972972972972975,10.472972972972974,12.5,77.02702702702703,2.7027027027027026,74.32432432432432
E00142618,269,62,33,29,207,15,192,23.04832713754647,12.267657992565056,10.780669144981413,76.95167286245353,5.5762081784386615,71.37546468401487
E00142619,287,66,34,32,221,15,206,22.99651567944251,11.846689895470384,11.149825783972126,77.00348432055749,5.2264808362369335,71.77700348432056
E00142620,310,65,26,39,245,25,220,20.967741935483872,8.38709677419355,12.580645161290322,79.03225806451613,8.064516129032258,70.96774193548387
E00142621,369,60,22,38,309,25,284,16.260162601626014,5.9620596205962055,10.29810298102981,83.73983739837398,6.775067750677506,76.96476964769647
E00142622,242,74,35,39,168,15,153,30.57851239669421,14.46280991735537,16.115702479338843,69.42148760330579,6.198347107438017,63.22314049586777
E00142623,246,42,16,26,204,19,185,17.073170731707318,6.504065040650407,10.569105691056912,82.92682926829268,7.723577235772358,75.20325203252033
E00142624,269,51,26,25,218,17,201,18.95910780669145,9.66542750929368,9.293680297397769,81.04089219330855,6.319702602230483,74.72118959107806
E00142625,308,60,20,40,248,15,233,19.480519480519483,6.493506493506493,12.987012987012985,80.51948051948052,4.870129870129871,75.64935064935064
E00142626,299,65,25,40,234,26,208,21.73913043478261,8.361204013377927,13.377926421404682,78.26086956521739,8.695652173913043,69.56521739130434
E00142627,274,52,18,34,222,23,199,18.97810218978102,6.569343065693431,12.408759124087592,81.02189781021897,8.394160583941606,72.62773722627736
E00142628,239,45,19,26,194,19,175,18.828451882845187,7.949790794979079,10.87866108786611,81.17154811715481,7.949790794979079,73.22175732217573
E00142629,276,69,34,35,207,16,191,25,12.318840579710146,12.681159420289855,75,5.797101449275362,69.20289855072464
E00142630,276,48,19,29,228,20,208,17.391304347826086,6.884057971014493,10.507246376811594,82.6086956521739,7.246376811594203,75.36231884057972
E00142631,294,57,22,35,237,17,220,19.387755102040817,7.482993197278912,11.904761904761903,80.61224489795919,5.782312925170068,74.82993197278913
E00142632,267,63,27,36,204,18,186,23.595505617977526,10.112359550561797,13.48314606741573,76.40449438202246,6.741573033707865,69.66292134831461
E00142633,371,83,48,35,288,12,276,22.371967654986523,12.93800539083558,9.433962264150944,77.62803234501348,3.234501347708895,74.39353099730458
E00142634,326,94,41,53,232,25,207,28.834355828220858,12.576687116564417,16.257668711656443,71.16564417177914,7.668711656441718,63.49693251533742
E00142635,234,71,34,37,163,20,143,30.34188034188034,14.529914529914532,15.81196581196581,69.65811965811966,8.547008547008547,61.111111111111114
E00142636,252,82,38,44,170,15,155,32.53968253968254,15.079365079365079,17.46031746031746,67.46031746031747,5.952380952380952,61.50793650793651
E00142637,330,82,45,37,248,17,231,24.848484848484848,13.636363636363635,11.212121212121213,75.15151515151514,5.151515151515151,70
E00142638,512,93,46,47,419,39,380,18.1640625,8.984375,9.1796875,81.8359375,7.6171875,74.21875
E00142639,291,61,28,33,230,31,199,20.962199312714777,9.621993127147768,11.34020618556701,79.03780068728523,10.652920962199312,68.38487972508591
E00142640,297,39,12,27,258,19,239,13.131313131313133,4.040404040404041,9.090909090909092,86.86868686868688,6.397306397306397,80.47138047138047
E00142641,364,75,27,48,289,27,262,20.604395604395602,7.417582417582418,13.186813186813188,79.3956043956044,7.417582417582418,71.97802197802197
E00142642,280,67,30,37,213,17,196,23.92857142857143,10.714285714285714,13.214285714285715,76.07142857142857,6.071428571428571,70
E00142643,349,83,46,37,266,12,254,23.78223495702006,13.18051575931232,10.601719197707736,76.21776504297995,3.4383954154727796,72.77936962750717
E00142644,315,64,30,34,251,20,231,20.317460317460316,9.523809523809524,10.793650793650794,79.68253968253968,6.349206349206349,73.33333333333333
E00142645,264,64,36,28,200,19,181,24.242424242424242,13.636363636363635,10.606060606060606,75.75757575757575,7.196969696969697,68.56060606060606
E00142646,296,54,19,35,242,24,218,18.243243243243242,6.418918918918918,11.824324324324325,81.75675675675676,8.108108108108109,73.64864864864865
E00142647,289,60,25,35,229,23,206,20.761245674740483,8.650519031141869,12.110726643598616,79.23875432525952,7.958477508650519,71.280276816609
E00142648,239,68,28,40,171,21,150,28.451882845188287,11.715481171548117,16.736401673640167,71.54811715481172,8.786610878661087,62.76150627615063
E00142649,240,55,28,27,185,16,169,22.916666666666664,11.666666666666666,11.25,77.08333333333334,6.666666666666667,70.41666666666667
E00142650,281,61,21,40,220,19,201,21.70818505338078,7.473309608540925,14.23487544483986,78.29181494661923,6.761565836298933,71.53024911032028
E00173367,258,53,28,25,205,10,195,20.54263565891473,10.852713178294573,9.689922480620156,79.45736434108527,3.875968992248062,75.5813953488372
E00173368,405,80,32,48,325,34,291,19.753086419753085,7.901234567901234,11.851851851851853,80.24691358024691,8.395061728395062,71.85185185185186
E00173370,321,38,11,27,283,27,256,11.838006230529595,3.4267912772585665,8.411214953271028,88.1619937694704,8.411214953271028,79.75077881619937
E00173371,160,20,5,15,140,13,127,12.5,3.125,9.375,87.5,8.125,79.375
E00173372,239,54,25,29,185,13,172,22.594142259414227,10.460251046025103,12.133891213389122,77.40585774058577,5.439330543933055,71.96652719665272
E00173373,245,41,12,29,204,21,183,16.73469387755102,4.8979591836734695,11.83673469387755,83.26530612244898,8.571428571428571,74.6938775510204
E00173374,323,61,27,34,262,22,240,18.885448916408667,8.359133126934983,10.526315789473683,81.11455108359134,6.811145510835913,74.30340557275542
E00173375,274,77,43,34,197,20,177,28.102189781021895,15.693430656934307,12.408759124087592,71.8978102189781,7.2992700729927,64.59854014598541
E00173376,256,48,15,33,208,17,191,18.75,5.859375,12.890625,81.25,6.640625,74.609375
E00173377,246,34,11,23,212,9,203,13.821138211382115,4.471544715447155,9.34959349593496,86.1788617886179,3.6585365853658534,82.52032520325203
E00173378,140,26,9,17,114,7,107,18.571428571428573,6.428571428571428,12.142857142857142,81.42857142857143,5,76.42857142857142
E00173379,288,40,14,26,248,26,222,13.88888888888889,4.861111111111112,9.027777777777777,86.11111111111111,9.027777777777777,77.08333333333334
E00173380,196,28,15,13,168,24,144,14.285714285714285,7.653061224489796,6.63265306122449,85.71428571428571,12.244897959183673,73.46938775510205
E00176777,319,48,20,28,271,26,245,15.047021943573668,6.269592476489027,8.77742946708464,84.95297805642633,8.150470219435736,76.8025078369906
E00176786,276,17,3,14,259,30,229,6.159420289855073,1.0869565217391304,5.072463768115942,93.84057971014492,10.869565217391305,82.97101449275362
E00176788,522,94,34,60,428,51,377,18.007662835249043,6.513409961685824,11.494252873563218,81.99233716475096,9.770114942528735,72.22222222222221
E00176791,138,15,6,9,123,15,108,10.869565217391305,4.3478260869565215,6.521739130434782,89.13043478260869,10.869565217391305,78.26086956521739
E00176792,131,18,6,12,113,11,102,13.740458015267176,4.580152671755725,9.16030534351145,86.25954198473282,8.396946564885496,77.86259541984732
E00176793,321,29,8,21,292,22,270,9.034267912772584,2.4922118380062304,6.5420560747663545,90.96573208722741,6.853582554517133,84.11214953271028
E00176799,465,68,37,31,397,37,360,14.623655913978496,7.956989247311828,6.666666666666667,85.3763440860215,7.956989247311828,77.41935483870968
E00176803,417,45,16,29,372,19,353,10.79136690647482,3.8369304556354913,6.954436450839328,89.20863309352518,4.556354916067146,84.65227817745803
E00176805,282,33,10,23,249,20,229,11.702127659574469,3.546099290780142,8.156028368794328,88.29787234042553,7.092198581560284,81.20567375886525
E00176808,454,47,15,32,407,29,378,10.352422907488986,3.303964757709251,7.048458149779736,89.64757709251101,6.387665198237885,83.25991189427313
E00176811,177,22,8,14,155,9,146,12.429378531073446,4.519774011299435,7.909604519774012,87.57062146892656,5.084745762711865,82.485875706214685
E00176814,599,42,10,32,557,39,518,7.0116861435726205,1.669449081803005,5.342237061769616,92.98831385642737,6.51085141903172,86.47746243739566
E00176817,112,11,3,8,101,9,92,9.821428571428571,2.6785714285714284,7.142857142857142,90.17857142857143,8.035714285714286,82.14285714285714
E00176822,550,78,28,50,472,46,426,14.181818181818182,5.090909090909091,9.090909090909092,85.81818181818181,8.363636363636363,77.45454545454545
E00176824,181,44,26,18,137,8,129,24.30939226519337,14.3646408839779,9.94475138121547,75.69060773480662,4.41988950276243,71.27071823204419
E00176833,402,32,7,25,370,25,345,7.960199004975125,1.7412935323383085,6.218905472636816,92.03980099502488,6.218905472636816,85.82089552238806
E00176837,389,51,14,37,338,34,304,13.110539845758353,3.5989717223650386,9.511568123393316,86.88946015424165,8.740359897172237,78.1491002570694
E00176844,420,49,18,31,371,14,357,11.666666666666666,4.285714285714286,7.380952380952381,88.33333333333333,3.3333333333333335,85
E00176845,118,22,12,10,96,9,87,18.64406779661017,10.16949152542373,8.47457627118644,81.35593220338984,7.627118644067797,73.72881355932203
E00176848,107,15,7,8,92,9,83,14.018691588785046,6.5420560747663545,7.476635514018691,85.98130841121495,8.411214953271028,77.57009345794393
E00176853,163,41,23,18,122,18,104,25.153374233128833,14.11042944785276,11.042944785276074,74.84662576687117,11.042944785276074,63.80368098159509
E00176854,400,85,38,47,315,33,282,21.25,9.5,11.75,78.75,8.25,70.5
E00176855,217,30,15,15,187,16,171,13.82488479262673,6.912442396313365,6.912442396313365,86.17511520737328,7.373271889400922,78.80184331797236
E00176861,377,28,7,21,349,25,324,7.427055702917771,1.8567639257294428,5.570291777188329,92.57294429708223,6.631299734748011,85.94164456233422
E00176862,363,56,25,31,307,21,286,15.426997245179063,6.887052341597796,8.539944903581267,84.57300275482093,5.785123966942149,78.78787878787878
E00176863,319,37,14,23,282,19,263,11.598746081504702,4.38871473354232,7.210031347962382,88.40125391849529,5.956112852664576,82.44514106583071
E00176865,429,65,35,30,364,28,336,15.151515151515152,8.158508158508159,6.993006993006993,84.84848484848484,6.526806526806526,78.32167832167832
E00176867,426,42,18,24,384,33,351,9.859154929577464,4.225352112676056,5.633802816901409,90.14084507042254,7.746478873239436,82.3943661971831
E00176868,357,68,29,39,289,27,262,19.047619047619047,8.123249299719888,10.92436974789916,80.95238095238095,7.563025210084033,73.38935574229691
E00176872,347,94,50,44,253,26,227,27.089337175792505,14.409221902017292,12.680115273775217,72.91066282420749,7.492795389048991,65.4178674351585
E00176877,162,49,20,29,113,17,96,30.246913580246915,12.345679012345679,17.901234567901234,69.75308641975309,10.493827160493826,59.25925925925925
E00176878,415,64,26,38,351,35,316,15.421686746987953,6.265060240963856,9.156626506024097,84.57831325301206,8.433734939759036,76.144578313253
E00176881,324,35,15,20,289,18,271,10.802469135802468,4.62962962962963,6.172839506172839,89.19753086419753,5.555555555555555,83.64197530864197
E00176883,203,23,11,12,180,11,169,11.330049261083744,5.41871921182266,5.911330049261084,88.66995073891626,5.41871921182266,83.2512315270936
E00176884,146,12,5,7,134,13,121,8.21917808219178,3.4246575342465753,4.794520547945205,91.78082191780823,8.904109589041095,82.87671232876713
E00176887,445,52,15,37,393,45,348,11.685393258426966,3.3707865168539324,8.314606741573034,88.31460674157303,10.112359550561797,78.20224719101122
E00176892,322,65,22,43,257,15,242,20.18633540372671,6.832298136645963,13.354037267080745,79.8136645962733,4.658385093167702,75.15527950310559
E00176899,308,51,25,26,257,15,242,16.558441558441558,8.116883116883116,8.441558441558442,83.44155844155844,4.870129870129871,78.57142857142857
E00176900,249,44,13,31,205,17,188,17.670682730923694,5.220883534136546,12.449799196787147,82.32931726907631,6.827309236947792,75.50200803212851
E00176904,205,56,31,25,149,17,132,27.31707317073171,15.121951219512194,12.195121951219512,72.6829268292683,8.292682926829269,64.39024390243902
E00176908,236,31,14,17,205,19,186,13.135593220338984,5.932203389830509,7.203389830508475,86.86440677966102,8.050847457627118,78.8135593220339
