OA,ts0590001,ts0590002,ts0590003,ts0590004,ts0590005,ts0590006,ts0590007,ts0590002_PCT,ts0590003_PCT,ts0590004_PCT,ts0590005_PCT,ts0590006_PCT,ts0590007_PCT
E00130743,124,34,10,24,90,60,30,27.419354838709676,8.064516129032258,19.35483870967742,72.58064516129032,48.38709677419355,24.193548387096776
E00130744,124,32,15,17,92,75,17,25.806451612903224,12.096774193548388,13.709677419354838,74.19354838709677,60.483870967741936,13.709677419354838
E00130745,185,53,20,33,132,105,27,28.64864864864865,10.81081081081081,17.83783783783784,71.35135135135135,56.75675675675676,14.594594594594595
E00130746,118,47,20,27,71,48,23,39.83050847457627,16.94915254237288,22.88135593220339,60.16949152542372,40.67796610169492,19.491525423728813
E00130747,68,15,6,9,53,37,16,22.058823529411764,8.823529411764707,13.23529411764706,77.94117647058823,54.41176470588235,23.52941176470588
E00130748,97,35,12,23,62,38,24,36.08247422680412,12.371134020618557,23.711340206185564,63.91752577319587,39.175257731958766,24.742268041237114
E00130749,110,28,9,19,82,59,23,25.454545454545453,8.181818181818182,17.272727272727273,74.54545454545455,53.63636363636364,20.909090909090907
E00130750,112,34,13,21,78,58,20,30.357142857142854,11.607142857142858,18.75,69.64285714285714,51.78571428571429,17.857142857142858
E00130751,181,41,14,27,140,116,24,22.65193370165746,7.734806629834254,14.917127071823206,77.34806629834254,64.08839779005525,13.259668508287293
E00130752,223,60,17,43,163,134,29,26.905829596412556,7.623318385650224,19.282511210762333,73.09417040358744,60.0896860986547,13.004484304932735
E00130753,128,33,20,13,95,65,30,25.78125,15.625,10.15625,74.21875,50.78125,23.4375
E00130754,225,61,19,42,164,124,40,27.111111111111114,8.444444444444445,18.666666666666668,72.88888888888889,55.111111111111114,17.77777777777778
E00130755,158,48,21,27,110,71,39,30.37974683544304,13.291139240506327,17.088607594936708,69.62025316455697,44.936708860759495,24.68354430379747
E00130756,185,60,24,36,125,98,27,32.432432432432435,12.972972972972974,19.45945945945946,67.56756756756756,52.972972972972975,14.594594594594595
E00130757,208,59,15,44,149,117,32,28.365384615384613,7.211538461538461,21.153846153846153,71.63461538461539,56.25,15.384615384615385
E00130758,320,93,44,49,227,163,64,29.062500000000004,13.750000000000002,15.312500000000002,70.9375,50.9375,20
E00130759,214,50,14,36,164,136,28,23.364485981308412,6.5420560747663545,16.822429906542055,76.63551401869158,63.55140186915887,13.084112149532709
E00130760,157,42,17,25,115,90,25,26.751592356687897,10.828025477707007,15.92356687898089,73.24840764331209,57.324840764331206,15.92356687898089
E00130761,252,67,24,43,185,161,24,26.58730158730159,9.523809523809524,17.063492063492063,73.4126984126984,63.888888888888886,9.523809523809524
E00130762,163,44,15,29,119,105,14,26.993865030674847,9.202453987730062,17.791411042944784,73.00613496932516,64.41717791411043,8.588957055214724
E00130763,173,54,16,38,119,97,22,31.213872832369944,9.248554913294797,21.965317919075144,68.78612716763006,56.06936416184971,12.716763005780345
E00130764,171,57,12,45,114,97,17,33.33333333333333,7.017543859649122,26.31578947368421,66.66666666666666,56.72514619883041,9.941520467836257
E00130765,188,57,24,33,131,115,16,30.319148936170215,12.76595744680851,17.5531914893617,69.68085106382979,61.170212765957444,8.51063829787234
E00130766,308,82,34,48,226,187,39,26.623376623376622,11.03896103896104,15.584415584415584,73.37662337662337,60.71428571428571,12.662337662337661
E00130767,182,57,15,42,125,107,18,31.318681318681318,8.241758241758241,23.076923076923077,68.68131868131869,58.791208791208796,9.89010989010989
E00130770,320,94,24,70,226,190,36,29.375,7.5,21.875,70.625,59.375,11.25
E00130771,205,50,14,36,155,140,15,24.390243902439025,6.829268292682928,17.560975609756095,75.60975609756098,68.29268292682927,7.317073170731707
E00130772,117,37,15,22,80,70,10,31.62393162393162,12.82051282051282,18.803418803418804,68.37606837606837,59.82905982905983,8.547008547008547
E00130773,164,53,11,42,111,95,16,32.31707317073171,6.707317073170732,25.609756097560975,67.6829268292683,57.92682926829268,9.75609756097561
E00130774,169,63,20,43,106,83,23,37.278106508875744,11.834319526627219,25.443786982248522,62.721893491124256,49.112426035502956,13.609467455621301
E00130776,66,21,6,15,45,40,5,31.818181818181817,9.090909090909092,22.727272727272727,68.18181818181817,60.60606060606061,7.575757575757576
E00130777,167,44,19,25,123,101,22,26.34730538922156,11.377245508982035,14.97005988023952,73.65269461077844,60.47904191616767,13.17365269461078
E00130778,175,57,15,42,118,98,20,32.57142857142858,8.571428571428571,24,67.42857142857143,56.00000000000001,11.428571428571429
E00130779,210,68,23,45,142,117,25,32.38095238095238,10.952380952380953,21.428571428571427,67.61904761904762,55.714285714285715,11.904761904761903
E00130780,154,62,22,40,92,77,15,40.25974025974026,14.285714285714285,25.97402597402597,59.74025974025974,50,9.740259740259742
E00130781,147,47,17,30,100,74,26,31.97278911564626,11.564625850340136,20.408163265306122,68.02721088435374,50.34013605442177,17.687074829931973
E00130782,134,34,13,21,100,89,11,25.37313432835821,9.701492537313433,15.671641791044777,74.6268656716418,66.4179104477612,8.208955223880597
E00130783,155,45,15,30,110,91,19,29.03225806451613,9.67741935483871,19.35483870967742,70.96774193548387,58.70967741935483,12.258064516129032
E00130784,202,63,20,43,139,98,41,31.18811881188119,9.900990099009901,21.287128712871286,68.8118811881188,48.51485148514851,20.2970297029703
E00130785,107,37,18,19,70,54,16,34.57943925233645,16.822429906542055,17.75700934579439,65.42056074766354,50.467289719626166,14.953271028037381
E00130786,126,40,21,19,86,68,18,31.746031746031743,16.666666666666664,15.079365079365079,68.25396825396825,53.96825396825397,14.285714285714285
E00130787,141,53,21,32,88,64,24,37.5886524822695,14.893617021276595,22.69503546099291,62.4113475177305,45.39007092198582,17.02127659574468
E00130788,120,37,14,23,83,64,19,30.833333333333336,11.666666666666666,19.166666666666668,69.16666666666667,53.333333333333336,15.833333333333332
E00130789,167,58,31,27,109,76,33,34.73053892215569,18.562874251497004,16.16766467065868,65.26946107784431,45.50898203592814,19.760479041916167
E00130790,143,55,19,36,88,76,12,38.46153846153847,13.286713286713287,25.174825174825177,61.53846153846154,53.14685314685315,8.391608391608392
E00130791,171,57,12,45,114,100,14,33.33333333333333,7.017543859649122,26.31578947368421,66.66666666666666,58.47953216374269,8.187134502923977
E00130792,159,55,18,37,104,93,11,34.59119496855346,11.320754716981133,23.270440251572328,65.40880503144653,58.490566037735846,6.918238993710692
E00130793,238,60,23,37,178,158,20,25.210084033613445,9.663865546218489,15.546218487394958,74.78991596638656,66.38655462184873,8.403361344537815
E00130794,176,39,14,25,137,107,30,22.15909090909091,7.954545454545454,14.204545454545455,77.8409090909091,60.79545454545454,17.045454545454543
E00130795,139,48,19,29,91,78,13,34.53237410071942,13.66906474820144,20.863309352517987,65.46762589928058,56.11510791366906,9.352517985611511
E00130796,165,49,17,32,116,97,19,29.6969696969697,10.303030303030303,19.393939393939394,70.3030303030303,58.78787878787879,11.515151515151516
E00130797,137,43,14,29,94,72,22,31.386861313868614,10.218978102189782,21.16788321167883,68.61313868613139,52.55474452554745,16.05839416058394
E00130798,144,54,16,38,90,79,11,37.5,11.11111111111111,26.38888888888889,62.5,54.861111111111114,7.638888888888889
E00130799,148,34,9,25,114,97,17,22.972972972972975,6.081081081081082,16.89189189189189,77.02702702702703,65.54054054054053,11.486486486486488
E00130801,161,42,20,22,119,99,20,26.08695652173913,12.422360248447205,13.664596273291925,73.91304347826086,61.49068322981367,12.422360248447205
E00130802,146,44,13,31,102,85,17,30.136986301369863,8.904109589041095,21.232876712328768,69.86301369863014,58.21917808219178,11.643835616438356
E00130803,169,58,24,34,111,97,14,34.319526627218934,14.201183431952662,20.118343195266274,65.68047337278107,57.396449704142015,8.284023668639055
E00130804,146,51,25,26,95,83,12,34.93150684931507,17.123287671232877,17.80821917808219,65.06849315068493,56.849315068493155,8.21917808219178
E00130805,188,53,19,34,135,117,18,28.191489361702125,10.106382978723403,18.085106382978726,71.80851063829788,62.23404255319149,9.574468085106384
E00130806,218,73,26,47,145,94,51,33.48623853211009,11.926605504587156,21.55963302752294,66.5137614678899,43.11926605504588,23.394495412844037
E00130808,149,36,9,27,113,97,16,24.161073825503358,6.0402684563758395,18.120805369127517,75.83892617449665,65.1006711409396,10.738255033557047
E00130809,139,40,14,26,99,75,24,28.776978417266186,10.071942446043165,18.705035971223023,71.22302158273382,53.956834532374096,17.26618705035971
E00130810,235,65,20,45,170,140,30,27.659574468085108,8.51063829787234,19.148936170212767,72.3404255319149,59.57446808510638,12.76595744680851
E00130812,263,69,32,37,194,160,34,26.23574144486692,12.167300380228136,14.068441064638785,73.76425855513308,60.836501901140686,12.927756653992395
E00130813,141,34,5,29,107,90,17,24.113475177304963,3.546099290780142,20.56737588652482,75.88652482269504,63.829787234042556,12.056737588652481
E00130814,114,26,11,15,88,79,9,22.807017543859647,9.649122807017543,13.157894736842104,77.19298245614034,69.2982456140351,7.894736842105263
E00130815,86,25,11,14,61,49,12,29.069767441860467,12.790697674418606,16.27906976744186,70.93023255813954,56.97674418604651,13.953488372093023
E00130816,165,57,22,35,108,94,14,34.54545454545455,13.333333333333334,21.21212121212121,65.45454545454545,56.96969696969697,8.484848484848486
E00130817,143,37,14,23,106,88,18,25.874125874125873,9.79020979020979,16.083916083916083,74.12587412587412,61.53846153846154,12.587412587412588
E00130818,142,44,22,22,98,58,40,30.985915492957744,15.492957746478872,15.492957746478872,69.01408450704226,40.845070422535215,28.169014084507044
E00130819,226,72,33,39,154,110,44,31.858407079646017,14.601769911504425,17.25663716814159,68.14159292035397,48.67256637168141,19.469026548672566
E00130820,166,45,15,30,121,98,23,27.10843373493976,9.036144578313253,18.072289156626507,72.89156626506023,59.036144578313255,13.855421686746988
E00130821,151,56,21,35,95,71,24,37.086092715231786,13.90728476821192,23.178807947019866,62.913907284768214,47.019867549668874,15.894039735099339
E00130822,169,61,19,42,108,96,12,36.09467455621302,11.242603550295858,24.85207100591716,63.905325443786985,56.80473372781065,7.100591715976331
E00130824,164,44,15,29,120,101,19,26.82926829268293,9.146341463414634,17.682926829268293,73.17073170731707,61.58536585365854,11.585365853658537
E00130825,190,67,28,39,123,100,23,35.26315789473684,14.736842105263156,20.526315789473685,64.73684210526316,52.63157894736842,12.105263157894736
E00130827,162,62,23,39,100,81,19,38.2716049382716,14.19753086419753,24.074074074074073,61.72839506172839,50,11.728395061728394
E00130828,170,56,20,36,114,95,19,32.94117647058823,11.76470588235294,21.176470588235293,67.05882352941175,55.88235294117647,11.176470588235295
E00130829,107,34,15,19,73,62,11,31.775700934579437,14.018691588785046,17.75700934579439,68.22429906542055,57.943925233644855,10.2803738317757
E00130830,134,47,21,26,87,70,17,35.07462686567165,15.671641791044777,19.402985074626866,64.92537313432835,52.23880597014925,12.686567164179104
E00130831,84,24,8,16,60,49,11,28.57142857142857,9.523809523809524,19.047619047619047,71.42857142857143,58.333333333333336,13.095238095238097
E00130833,175,41,15,26,134,108,26,23.42857142857143,8.571428571428571,14.857142857142858,76.57142857142857,61.71428571428571,14.857142857142858
E00130834,173,51,19,32,122,92,30,29.47976878612717,10.982658959537572,18.497109826589593,70.52023121387283,53.179190751445084,17.341040462427745
E00130835,155,58,22,36,97,74,23,37.41935483870968,14.193548387096774,23.225806451612904,62.58064516129033,47.74193548387097,14.838709677419354
E00130836,106,28,8,20,78,53,25,26.41509433962264,7.547169811320755,18.867924528301888,73.58490566037736,50,23.58490566037736
E00130837,160,50,31,19,110,78,32,31.25,19.375,11.875,68.75,48.75,20
E00130838,61,19,11,8,42,32,10,31.147540983606557,18.0327868852459,13.114754098360656,68.85245901639344,52.459016393442624,16.39344262295082
E00130839,123,46,23,23,77,58,19,37.39837398373984,18.69918699186992,18.69918699186992,62.601626016260155,47.15447154471545,15.447154471544716
E00130840,105,32,12,20,73,55,18,30.476190476190478,11.428571428571429,19.047619047619047,69.52380952380952,52.38095238095239,17.142857142857142
E00130841,137,36,17,19,101,66,35,26.277372262773724,12.408759124087592,13.86861313868613,73.72262773722628,48.175182481751825,25.547445255474454
E00130843,219,63,29,34,156,122,34,28.767123287671232,13.24200913242009,15.52511415525114,71.23287671232876,55.70776255707762,15.52511415525114
E00130844,230,56,20,36,174,151,23,24.347826086956523,8.695652173913043,15.65217391304348,75.65217391304347,65.65217391304347,10
E00130845,188,56,27,29,132,102,30,29.78723404255319,14.361702127659576,15.425531914893616,70.2127659574468,54.25531914893617,15.957446808510639
E00130846,118,29,16,13,89,69,20,24.576271186440678,13.559322033898304,11.016949152542372,75.42372881355932,58.47457627118644,16.94915254237288
E00130847,166,48,17,31,118,102,16,28.915662650602407,10.240963855421686,18.67469879518072,71.08433734939759,61.44578313253012,9.63855421686747
E00130849,117,26,12,14,91,70,21,22.22222222222222,10.256410256410255,11.965811965811966,77.77777777777779,59.82905982905983,17.94871794871795
E00130850,105,36,15,21,69,60,9,34.285714285714285,14.285714285714285,20,65.71428571428571,57.14285714285714,8.571428571428571
E00130851,179,55,17,38,124,110,14,30.726256983240223,9.497206703910614,21.22905027932961,69.27374301675978,61.452513966480446,7.82122905027933
E00130852,170,43,12,31,127,103,24,25.294117647058822,7.0588235294117645,18.235294117647058,74.70588235294117,60.588235294117645,14.117647058823529
E00130853,56,20,4,16,36,31,5,35.714285714285715,7.142857142857142,28.57142857142857,64.28571428571429,55.35714285714286,8.928571428571429
E00130854,133,41,18,23,92,78,14,30.82706766917293,13.533834586466165,17.293233082706767,69.17293233082707,58.64661654135338,10.526315789473683
E00130855,144,49,14,35,95,82,13,34.02777777777778,9.722222222222223,24.305555555555554,65.97222222222221,56.94444444444444,9.027777777777777
E00130856,165,50,12,38,115,97,18,30.303030303030305,7.2727272727272725,23.03030303030303,69.6969696969697,58.78787878787879,10.909090909090908
E00130858,129,34,5,29,95,82,13,26.356589147286826,3.875968992248062,22.48062015503876,73.64341085271317,63.565891472868216,10.077519379844961
E00130859,159,37,7,30,122,107,15,23.270440251572328,4.40251572327044,18.867924528301888,76.72955974842768,67.29559748427673,9.433962264150944
E00130860,170,42,15,27,128,95,33,24.705882352941178,8.823529411764707,15.88235294117647,75.29411764705883,55.88235294117647,19.411764705882355
E00130861,134,51,17,34,83,65,18,38.059701492537314,12.686567164179104,25.37313432835821,61.940298507462686,48.507462686567166,13.432835820895523
E00130862,191,54,17,37,137,115,22,28.272251308900525,8.900523560209423,19.3717277486911,71.72774869109948,60.20942408376963,11.518324607329843
E00130863,159,51,21,30,108,86,22,32.075471698113205,13.20754716981132,18.867924528301888,67.9245283018868,54.088050314465406,13.836477987421384
E00130864,144,40,13,27,104,80,24,27.77777777777778,9.027777777777777,18.75,72.22222222222221,55.55555555555556,16.666666666666664
E00130865,128,35,17,18,93,81,12,27.34375,13.28125,14.0625,72.65625,63.28125,9.375
E00130866,79,23,9,14,56,44,12,29.11392405063291,11.39240506329114,17.72151898734177,70.88607594936708,55.69620253164557,15.18987341772152
E00130867,108,24,8,16,84,74,10,22.22222222222222,7.4074074074074066,14.814814814814813,77.77777777777779,68.51851851851852,9.25925925925926
E00130868,89,31,13,18,58,47,11,34.831460674157306,14.606741573033707,20.224719101123593,65.1685393258427,52.80898876404494,12.359550561797752
E00130869,102,33,15,18,69,54,15,32.35294117647059,14.705882352941178,17.647058823529413,67.64705882352942,52.94117647058824,14.705882352941178
E00130871,219,54,18,36,165,136,29,24.65753424657534,8.21917808219178,16.43835616438356,75.34246575342466,62.10045662100456,13.24200913242009
E00130872,114,32,18,14,82,63,19,28.07017543859649,15.789473684210526,12.280701754385964,71.9298245614035,55.26315789473685,16.666666666666664
E00130873,178,51,17,34,127,102,25,28.651685393258425,9.550561797752808,19.101123595505616,71.34831460674157,57.30337078651685,14.04494382022472
E00130875,94,23,7,16,71,51,20,24.46808510638298,7.446808510638298,17.02127659574468,75.53191489361703,54.25531914893617,21.27659574468085
E00130876,150,50,17,33,100,86,14,33.33333333333333,11.333333333333332,22,66.66666666666666,57.333333333333336,9.333333333333334
E00130877,189,54,25,29,135,104,31,28.57142857142857,13.227513227513226,15.343915343915343,71.42857142857143,55.026455026455025,16.402116402116402
E00130878,145,53,15,38,92,80,12,36.55172413793103,10.344827586206897,26.20689655172414,63.44827586206897,55.172413793103445,8.275862068965518
E00130879,172,48,10,38,124,111,13,27.906976744186046,5.813953488372093,22.093023255813954,72.09302325581395,64.53488372093024,7.55813953488372
E00130880,236,68,25,43,168,147,21,28.8135593220339,10.59322033898305,18.220338983050848,71.1864406779661,62.28813559322034,8.898305084745763
E00130881,156,54,24,30,102,82,20,34.61538461538461,15.384615384615385,19.230769230769234,65.38461538461539,52.56410256410257,12.82051282051282
E00130882,201,51,14,37,150,133,17,25.37313432835821,6.965174129353234,18.407960199004975,74.6268656716418,66.16915422885572,8.45771144278607
E00130883,145,59,23,36,86,69,17,40.689655172413794,15.862068965517242,24.82758620689655,59.310344827586206,47.58620689655172,11.724137931034482
E00130884,187,55,19,36,132,108,24,29.411764705882355,10.16042780748663,19.25133689839572,70.58823529411765,57.75401069518716,12.834224598930483
E00130885,218,63,28,35,155,124,31,28.899082568807337,12.844036697247708,16.055045871559635,71.10091743119266,56.88073394495413,14.220183486238533
E00130886,145,49,17,32,96,86,10,33.793103448275865,11.724137931034482,22.06896551724138,66.20689655172414,59.310344827586206,6.896551724137931
E00130887,147,37,15,22,110,87,23,25.170068027210885,10.204081632653061,14.965986394557824,74.82993197278913,59.183673469387756,15.646258503401361
E00130888,171,53,15,38,118,102,16,30.994152046783626,8.771929824561402,22.22222222222222,69.00584795321637,59.64912280701754,9.35672514619883
E00130889,159,52,18,34,107,94,13,32.70440251572327,11.320754716981133,21.38364779874214,67.29559748427673,59.11949685534591,8.176100628930817
E00130890,118,39,10,29,79,70,9,33.05084745762712,8.47457627118644,24.576271186440678,66.94915254237289,59.32203389830508,7.627118644067797
E00130891,115,44,15,29,71,57,14,38.26086956521739,13.043478260869565,25.217391304347824,61.73913043478261,49.56521739130435,12.173913043478262
E00130892,131,36,20,16,95,77,18,27.480916030534353,15.267175572519085,12.213740458015266,72.51908396946564,58.778625954198475,13.740458015267176
E00130893,116,36,19,17,80,71,9,31.03448275862069,16.379310344827587,14.655172413793101,68.96551724137932,61.206896551724135,7.758620689655173
E00130894,259,81,30,51,178,122,56,31.27413127413127,11.583011583011583,19.69111969111969,68.72586872586872,47.10424710424711,21.62162162162162
E00130896,128,43,19,24,85,63,22,33.59375,14.84375,18.75,66.40625,49.21875,17.1875
E00130900,169,47,10,37,122,101,21,27.810650887573964,5.9171597633136095,21.893491124260358,72.18934911242604,59.76331360946746,12.42603550295858
E00130901,173,43,15,28,130,106,24,24.85549132947977,8.670520231213873,16.184971098265898,75.14450867052022,61.27167630057804,13.872832369942195
E00130902,110,41,13,28,69,53,16,37.27272727272727,11.818181818181818,25.454545454545453,62.727272727272734,48.18181818181818,14.545454545454545
E00130903,152,39,14,25,113,97,16,25.657894736842106,9.210526315789473,16.447368421052634,74.3421052631579,63.81578947368421,10.526315789473683
E00130904,199,71,29,42,128,108,20,35.678391959798994,14.572864321608039,21.105527638190953,64.321608040201,54.2713567839196,10.050251256281408
E00130905,127,46,21,25,81,71,10,36.22047244094488,16.535433070866144,19.68503937007874,63.77952755905512,55.90551181102362,7.874015748031496
E00130906,201,69,20,49,132,105,27,34.32835820895522,9.950248756218906,24.378109452736318,65.67164179104478,52.23880597014925,13.432835820895523
E00130908,192,66,30,36,126,101,25,34.375,15.625,18.75,65.625,52.604166666666664,13.020833333333334
E00130909,239,66,29,37,173,143,30,27.615062761506277,12.133891213389122,15.481171548117153,72.38493723849372,59.83263598326359,12.552301255230125
E00130910,52,16,4,12,36,32,4,30.76923076923077,7.6923076923076925,23.076923076923077,69.23076923076923,61.53846153846154,7.6923076923076925
E00130911,219,48,26,22,171,136,35,21.91780821917808,11.87214611872146,10.045662100456621,78.08219178082192,62.10045662100456,15.981735159817351
E00130912,236,63,21,42,173,145,28,26.69491525423729,8.898305084745763,17.796610169491526,73.30508474576271,61.440677966101696,11.864406779661017
E00130913,218,69,24,45,149,119,30,31.65137614678899,11.009174311926607,20.642201834862387,68.34862385321101,54.58715596330275,13.761467889908257
E00130914,143,53,19,34,90,68,22,37.06293706293706,13.286713286713287,23.776223776223777,62.93706293706294,47.55244755244755,15.384615384615385
E00130915,199,52,22,30,147,128,19,26.13065326633166,11.055276381909549,15.07537688442211,73.86934673366834,64.321608040201,9.547738693467336
E00130916,85,37,13,24,48,40,8,43.529411764705884,15.294117647058824,28.235294117647058,56.470588235294116,47.05882352941176,9.411764705882353
E00130917,134,45,15,30,89,73,16,33.582089552238806,11.194029850746269,22.388059701492537,66.4179104477612,54.47761194029851,11.940298507462686
E00130918,235,55,16,39,180,154,26,23.404255319148938,6.808510638297872,16.595744680851062,76.59574468085107,65.53191489361701,11.063829787234042
E00130919,117,29,14,15,88,73,15,24.786324786324787,11.965811965811966,12.82051282051282,75.21367521367522,62.39316239316239,12.82051282051282
E00130920,69,28,18,10,41,28,13,40.57971014492754,26.08695652173913,14.492753623188406,59.42028985507246,40.57971014492754,18.84057971014493
E00130921,124,37,11,26,87,76,11,29.838709677419356,8.870967741935484,20.967741935483872,70.16129032258065,61.29032258064516,8.870967741935484
E00130922,175,52,20,32,123,97,26,29.714285714285715,11.428571428571429,18.285714285714285,70.28571428571428,55.42857142857143,14.857142857142858
E00130923,105,40,16,24,65,52,13,38.095238095238095,15.238095238095239,22.857142857142858,61.904761904761905,49.523809523809526,12.380952380952381
E00130924,90,21,7,14,69,59,10,23.333333333333332,7.777777777777778,15.555555555555555,76.66666666666667,65.55555555555556,11.11111111111111
E00130925,221,78,32,46,143,115,28,35.294117647058826,14.479638009049776,20.81447963800905,64.70588235294117,52.03619909502263,12.669683257918551
E00130926,164,54,26,28,110,96,14,32.926829268292686,15.853658536585366,17.073170731707318,67.07317073170732,58.536585365853654,8.536585365853659
E00130927,208,62,17,45,146,122,24,29.807692307692307,8.173076923076923,21.634615384615387,70.1923076923077,58.65384615384615,11.538461538461538
E00130928,226,73,26,47,153,130,23,32.30088495575221,11.504424778761061,20.79646017699115,67.69911504424779,57.52212389380531,10.176991150442479
E00130929,360,101,27,74,259,216,43,28.055555555555557,7.5,20.555555555555554,71.94444444444444,60,11.944444444444445
E00130930,155,44,10,34,111,94,17,28.387096774193548,6.451612903225806,21.935483870967744,71.61290322580646,60.64516129032258,10.967741935483872
E00130931,147,35,13,22,112,92,20,23.809523809523807,8.843537414965986,14.965986394557824,76.19047619047619,62.585034013605444,13.60544217687075
E00130932,151,50,17,33,101,82,19,33.11258278145696,11.258278145695364,21.85430463576159,66.88741721854305,54.3046357615894,12.582781456953644
E00130933,97,38,8,30,59,50,9,39.175257731958766,8.24742268041237,30.927835051546392,60.824742268041234,51.546391752577314,9.278350515463918
E00130934,173,73,23,50,100,83,17,42.19653179190752,13.294797687861271,28.901734104046245,57.80346820809249,47.97687861271676,9.826589595375722
E00130935,127,44,13,31,83,76,7,34.645669291338585,10.236220472440944,24.409448818897637,65.35433070866141,59.84251968503938,5.511811023622047
E00130937,58,20,8,12,38,30,8,34.48275862068966,13.793103448275861,20.689655172413794,65.51724137931035,51.724137931034484,13.793103448275861
E00130938,81,19,7,12,62,53,9,23.456790123456788,8.641975308641975,14.814814814814813,76.5432098765432,65.4320987654321,11.11111111111111
E00130939,119,33,11,22,86,69,17,27.73109243697479,9.243697478991598,18.487394957983195,72.26890756302521,57.98319327731093,14.285714285714285
E00130941,187,50,17,33,137,124,13,26.737967914438503,9.090909090909092,17.647058823529413,73.2620320855615,66.31016042780749,6.951871657754011
E00130942,125,40,16,24,85,68,17,32,12.8,19.2,68,54.400000000000006,13.600000000000001
E00130943,101,20,9,11,81,63,18,19.801980198019802,8.91089108910891,10.891089108910892,80.19801980198021,62.37623762376238,17.82178217821782
E00130944,137,37,15,22,100,69,31,27.00729927007299,10.948905109489052,16.05839416058394,72.99270072992701,50.36496350364964,22.62773722627737
E00130945,201,62,23,39,139,118,21,30.845771144278604,11.442786069651742,19.402985074626866,69.15422885572139,58.70646766169154,10.44776119402985
E00130946,216,68,28,40,148,122,26,31.48148148148148,12.962962962962962,18.51851851851852,68.51851851851852,56.481481481481474,12.037037037037036
E00130947,236,67,29,38,169,120,49,28.389830508474578,12.288135593220339,16.101694915254235,71.61016949152543,50.847457627118644,20.76271186440678
E00130948,286,76,36,40,210,143,67,26.573426573426573,12.587412587412588,13.986013986013987,73.42657342657343,50,23.426573426573427
E00130949,113,34,11,23,79,60,19,30.08849557522124,9.734513274336283,20.353982300884958,69.91150442477876,53.09734513274337,16.8141592920354
E00130951,119,41,16,25,78,60,18,34.45378151260504,13.445378151260504,21.008403361344538,65.54621848739495,50.42016806722689,15.126050420168067
E00130952,175,50,19,31,125,89,36,28.57142857142857,10.857142857142858,17.71428571428571,71.42857142857143,50.857142857142854,20.57142857142857
E00130953,179,60,24,36,119,91,28,33.5195530726257,13.40782122905028,20.11173184357542,66.4804469273743,50.83798882681564,15.64245810055866
E00130954,177,50,21,29,127,91,36,28.24858757062147,11.864406779661017,16.38418079096045,71.75141242937853,51.41242937853108,20.33898305084746
E00130955,136,36,19,17,100,73,27,26.47058823529412,13.970588235294118,12.5,73.52941176470588,53.67647058823529,19.852941176470587
E00130956,148,55,16,39,93,61,32,37.16216216216216,10.81081081081081,26.351351351351347,62.83783783783784,41.21621621621622,21.62162162162162
E00130957,227,78,35,43,149,107,42,34.36123348017621,15.418502202643172,18.94273127753304,65.63876651982379,47.136563876651984,18.502202643171806
E00130958,184,63,27,36,121,90,31,34.23913043478261,14.673913043478262,19.565217391304348,65.76086956521739,48.91304347826087,16.847826086956523
E00130959,215,68,31,37,147,108,39,31.627906976744185,14.418604651162791,17.209302325581397,68.37209302325581,50.23255813953489,18.13953488372093
E00130960,127,45,18,27,82,62,20,35.43307086614173,14.173228346456693,21.25984251968504,64.56692913385827,48.818897637795274,15.748031496062993
E00130961,163,44,19,25,119,79,40,26.993865030674847,11.65644171779141,15.337423312883436,73.00613496932516,48.466257668711656,24.539877300613497
E00130962,128,47,19,28,81,56,25,36.71875,14.84375,21.875,63.28125,43.75,19.53125
E00130963,122,29,10,19,93,67,26,23.770491803278688,8.19672131147541,15.573770491803279,76.22950819672131,54.91803278688525,21.311475409836063
E00130964,102,34,13,21,68,53,15,33.33333333333333,12.745098039215685,20.588235294117645,66.66666666666666,51.9607843137255,14.705882352941178
E00130965,150,58,24,34,92,64,28,38.666666666666664,16,22.666666666666664,61.33333333333333,42.66666666666667,18.666666666666668
E00130966,120,45,15,30,75,61,14,37.5,12.5,25,62.5,50.83333333333333,11.666666666666666
E00130967,188,50,18,32,138,123,15,26.595744680851062,9.574468085106384,17.02127659574468,73.40425531914893,65.42553191489363,7.9787234042553195
E00130968,174,62,16,46,112,100,12,35.63218390804598,9.195402298850574,26.436781609195403,64.36781609195403,57.47126436781609,6.896551724137931
E00130969,139,30,9,21,109,87,22,21.58273381294964,6.474820143884892,15.107913669064748,78.41726618705036,62.589928057553955,15.827338129496402
E00130970,181,56,29,27,125,93,32,30.939226519337016,16.022099447513813,14.917127071823206,69.06077348066299,51.38121546961326,17.67955801104972
E00130973,170,48,16,32,122,109,13,28.235294117647058,9.411764705882353,18.823529411764707,71.76470588235294,64.11764705882354,7.647058823529412
E00130974,159,45,12,33,114,104,10,28.30188679245283,7.547169811320755,20.754716981132077,71.69811320754717,65.40880503144653,6.289308176100629
E00130975,187,51,14,37,136,104,32,27.27272727272727,7.4866310160427805,19.786096256684495,72.72727272727273,55.61497326203209,17.11229946524064
E00130976,218,66,28,38,152,138,14,30.275229357798167,12.844036697247708,17.431192660550458,69.72477064220183,63.30275229357798,6.422018348623854
E00130977,145,44,11,33,101,88,13,30.344827586206897,7.586206896551724,22.758620689655174,69.6551724137931,60.689655172413794,8.96551724137931
E00130978,113,45,20,25,68,54,14,39.823008849557525,17.699115044247787,22.123893805309734,60.17699115044248,47.78761061946903,12.389380530973451
E00130979,159,59,29,30,100,92,8,37.10691823899371,18.238993710691823,18.867924528301888,62.893081761006286,57.861635220125784,5.031446540880504
E00130980,143,54,12,42,89,86,3,37.76223776223776,8.391608391608392,29.37062937062937,62.23776223776224,60.13986013986013,2.097902097902098
E00130981,302,72,23,49,230,210,20,23.841059602649008,7.6158940397351,16.225165562913908,76.15894039735099,69.5364238410596,6.622516556291391
E00130982,92,32,12,20,60,51,9,34.78260869565217,13.043478260869565,21.73913043478261,65.21739130434783,55.434782608695656,9.782608695652174
E00130983,287,80,25,55,207,173,34,27.874564459930312,8.710801393728223,19.16376306620209,72.12543554006969,60.278745644599304,11.846689895470384
E00130984,158,58,18,40,100,85,15,36.708860759493675,11.39240506329114,25.31645569620253,63.29113924050633,53.79746835443038,9.49367088607595
E00130985,220,55,20,35,165,144,21,25,9.090909090909092,15.909090909090908,75,65.45454545454545,9.545454545454547
E00130986,153,45,23,22,108,51,57,29.411764705882355,15.032679738562091,14.37908496732026,70.58823529411765,33.33333333333333,37.254901960784316
E00130987,193,56,28,28,137,103,34,29.015544041450774,14.507772020725387,14.507772020725387,70.98445595854922,53.36787564766839,17.616580310880828
E00130988,55,17,10,7,38,26,12,30.909090909090907,18.181818181818183,12.727272727272727,69.0909090909091,47.27272727272727,21.818181818181817
E00130989,63,16,6,10,47,34,13,25.396825396825395,9.523809523809524,15.873015873015872,74.60317460317461,53.96825396825397,20.634920634920633
E00130990,85,29,16,13,56,39,17,34.11764705882353,18.823529411764707,15.294117647058824,65.88235294117646,45.88235294117647,20
E00130991,122,31,11,20,91,66,25,25.40983606557377,9.01639344262295,16.39344262295082,74.59016393442623,54.09836065573771,20.491803278688526
E00130992,139,50,21,29,89,63,26,35.97122302158273,15.107913669064748,20.863309352517987,64.02877697841727,45.32374100719424,18.705035971223023
E00130993,168,56,26,30,112,79,33,33.33333333333333,15.476190476190476,17.857142857142858,66.66666666666666,47.023809523809526,19.642857142857142
E00130994,179,62,27,35,117,88,29,34.63687150837989,15.083798882681565,19.553072625698324,65.36312849162012,49.162011173184354,16.201117318435752
E00130995,231,70,34,36,161,114,47,30.303030303030305,14.71861471861472,15.584415584415584,69.6969696969697,49.35064935064935,20.346320346320347
E00130996,145,43,20,23,102,84,18,29.655172413793103,13.793103448275861,15.862068965517242,70.34482758620689,57.931034482758626,12.413793103448276
E00130997,218,63,28,35,155,118,37,28.899082568807337,12.844036697247708,16.055045871559635,71.10091743119266,54.12844036697248,16.972477064220186
E00130998,97,28,11,17,69,55,14,28.865979381443296,11.34020618556701,17.525773195876287,71.1340206185567,56.70103092783505,14.432989690721648
E00130999,276,71,24,47,205,179,26,25.724637681159418,8.695652173913043,17.02898550724638,74.27536231884058,64.85507246376811,9.420289855072465
E00131000,182,47,15,32,135,116,19,25.82417582417583,8.241758241758241,17.582417582417584,74.17582417582418,63.73626373626373,10.43956043956044
E00131001,137,49,13,36,88,63,25,35.76642335766424,9.48905109489051,26.277372262773724,64.23357664233576,45.98540145985402,18.248175182481752
E00165825,188,56,28,28,132,117,15,29.78723404255319,14.893617021276595,14.893617021276595,70.2127659574468,62.23404255319149,7.9787234042553195
E00170636,204,43,17,26,161,133,28,21.07843137254902,8.333333333333332,12.745098039215685,78.92156862745098,65.19607843137256,13.725490196078432
E00170637,198,48,10,38,150,125,25,24.242424242424242,5.05050505050505,19.19191919191919,75.75757575757575,63.13131313131313,12.626262626262626
E00170638,223,62,20,42,161,138,23,27.802690582959645,8.968609865470851,18.83408071748879,72.19730941704036,61.88340807174888,10.31390134529148
E00170640,159,45,17,28,114,92,22,28.30188679245283,10.69182389937107,17.61006289308176,71.69811320754717,57.861635220125784,13.836477987421384
E00170642,223,71,21,50,152,131,21,31.838565022421523,9.417040358744394,22.421524663677133,68.16143497757847,58.744394618834086,9.417040358744394
E00170643,129,33,9,24,96,79,17,25.581395348837212,6.976744186046512,18.6046511627907,74.4186046511628,61.240310077519375,13.178294573643413
E00170644,222,62,22,40,160,118,42,27.927927927927925,9.90990990990991,18.01801801801802,72.07207207207207,53.153153153153156,18.91891891891892
E00170645,98,27,9,18,71,53,18,27.55102040816326,9.183673469387756,18.367346938775512,72.44897959183673,54.08163265306123,18.367346938775512
E00170646,211,72,27,45,139,111,28,34.12322274881517,12.796208530805686,21.32701421800948,65.87677725118483,52.60663507109005,13.270142180094787
E00170647,208,71,24,47,137,112,25,34.13461538461539,11.538461538461538,22.596153846153847,65.86538461538461,53.84615384615385,12.01923076923077
E00170648,166,42,12,30,124,101,23,25.301204819277107,7.228915662650602,18.072289156626507,74.69879518072288,60.8433734939759,13.855421686746988
E00170649,176,48,19,29,128,109,19,27.27272727272727,10.795454545454545,16.477272727272727,72.72727272727273,61.93181818181818,10.795454545454545
E00170650,217,48,11,37,169,133,36,22.119815668202765,5.0691244239631335,17.050691244239633,77.88018433179722,61.29032258064516,16.589861751152075
E00170651,90,22,4,18,68,56,12,24.444444444444443,4.444444444444445,20,75.55555555555556,62.22222222222222,13.333333333333334
E00170652,187,46,12,34,141,117,24,24.598930481283425,6.417112299465241,18.181818181818183,75.40106951871658,62.56684491978609,12.834224598930483
E00170654,96,29,8,21,67,55,12,30.208333333333332,8.333333333333332,21.875,69.79166666666666,57.291666666666664,12.5
E00170655,184,50,21,29,134,107,27,27.173913043478258,11.41304347826087,15.760869565217392,72.82608695652173,58.152173913043484,14.673913043478262
E00170656,120,42,15,27,78,60,18,35,12.5,22.5,65,50,15
E00170657,60,18,6,12,42,33,9,30,10,20,70,55.00000000000001,15
E00170658,202,53,16,37,149,126,23,26.237623762376238,7.920792079207921,18.316831683168317,73.76237623762376,62.37623762376238,11.386138613861387
E00187338,310,88,16,72,222,186,36,28.387096774193548,5.161290322580645,23.225806451612904,71.61290322580646,60,11.612903225806452
E00187343,192,35,6,29,157,133,24,18.229166666666664,3.125,15.104166666666666,81.77083333333334,69.27083333333334,12.5
E00187349,271,77,32,45,194,141,53,28.413284132841326,11.808118081180812,16.605166051660518,71.58671586715867,52.02952029520295,19.557195571955717
E00187356,135,28,7,21,107,94,13,20.74074074074074,5.185185185185185,15.555555555555555,79.25925925925927,69.62962962962963,9.62962962962963
E00187362,159,39,18,21,120,94,26,24.528301886792452,11.320754716981133,13.20754716981132,75.47169811320755,59.11949685534591,16.352201257861633
E00187364,250,52,17,35,198,168,30,20.8,6.800000000000001,14.000000000000002,79.2,67.2,12
E00187366,63,17,5,12,46,35,11,26.984126984126984,7.936507936507936,19.047619047619047,73.01587301587301,55.55555555555556,17.46031746031746
E00187373,166,42,13,29,124,100,24,25.301204819277107,7.83132530120482,17.46987951807229,74.69879518072288,60.24096385542169,14.457831325301203
E00187374,188,35,8,27,153,132,21,18.617021276595743,4.25531914893617,14.361702127659576,81.38297872340425,70.2127659574468,11.170212765957446
E00187380,159,54,27,27,105,89,16,33.9622641509434,16.9811320754717,16.9811320754717,66.0377358490566,55.9748427672956,10.062893081761008
E00187391,247,56,16,40,191,164,27,22.672064777327936,6.477732793522267,16.194331983805668,77.32793522267207,66.39676113360325,10.931174089068826
E00187392,72,14,7,7,58,44,14,19.444444444444446,9.722222222222223,9.722222222222223,80.55555555555556,61.111111111111114,19.444444444444446
E00187393,134,30,11,19,104,95,9,22.388059701492537,8.208955223880597,14.17910447761194,77.61194029850746,70.8955223880597,6.7164179104477615
E00187394,140,42,5,37,98,87,11,30,3.571428571428571,26.42857142857143,70,62.142857142857146,7.857142857142857
E00187395,195,67,29,38,128,96,32,34.35897435897436,14.871794871794872,19.48717948717949,65.64102564102564,49.23076923076923,16.41025641025641
E00187400,172,45,7,38,127,113,14,26.16279069767442,4.069767441860465,22.093023255813954,73.83720930232558,65.69767441860465,8.13953488372093
E00187403,132,31,12,19,101,85,16,23.484848484848484,9.090909090909092,14.393939393939394,76.51515151515152,64.39393939393939,12.121212121212121
E00187404,149,50,19,31,99,79,20,33.557046979865774,12.751677852348994,20.80536912751678,66.44295302013423,53.02013422818792,13.422818791946309
E00187418,121,26,10,16,95,76,19,21.487603305785125,8.264462809917356,13.223140495867769,78.51239669421489,62.8099173553719,15.702479338842975
E00187421,163,50,23,27,113,95,18,30.67484662576687,14.11042944785276,16.56441717791411,69.32515337423312,58.282208588957054,11.042944785276074
E00187426,72,16,4,12,56,51,5,22.22222222222222,5.555555555555555,16.666666666666664,77.77777777777779,70.83333333333334,6.944444444444445
E00187427,108,35,16,19,73,63,10,32.407407407407405,14.814814814814813,17.59259259259259,67.5925925925926,58.333333333333336,9.25925925925926
E00187429,120,32,16,16,88,76,12,26.666666666666668,13.333333333333334,13.333333333333334,73.33333333333333,63.33333333333333,10
E00187434,323,69,19,50,254,227,27,21.36222910216718,5.88235294117647,15.479876160990713,78.63777089783281,70.27863777089783,8.359133126934983
E00187436,200,54,15,39,146,126,20,27,7.5,19.5,73,63,10
E00187438,72,23,7,16,49,37,12,31.944444444444443,9.722222222222223,22.22222222222222,68.05555555555556,51.388888888888886,16.666666666666664
E00187439,118,30,10,20,88,72,16,25.423728813559322,8.47457627118644,16.94915254237288,74.57627118644068,61.016949152542374,13.559322033898304
E00187444,156,39,11,28,117,95,22,25,7.051282051282051,17.94871794871795,75,60.89743589743589,14.102564102564102
E00187451,228,43,16,27,185,151,34,18.859649122807017,7.017543859649122,11.842105263157894,81.14035087719299,66.22807017543859,14.912280701754385
E00187453,73,20,4,16,53,42,11,27.397260273972602,5.47945205479452,21.91780821917808,72.6027397260274,57.534246575342465,15.068493150684931
E00187460,132,48,11,37,84,59,25,36.36363636363637,8.333333333333332,28.030303030303028,63.63636363636363,44.696969696969695,18.939393939393938
E00187464,153,43,17,26,110,96,14,28.104575163398692,11.11111111111111,16.99346405228758,71.89542483660131,62.745098039215684,9.15032679738562
E00187466,338,72,21,51,266,224,42,21.301775147928996,6.21301775147929,15.088757396449704,78.69822485207101,66.27218934911244,12.42603550295858
E00187469,110,39,16,23,71,70,1,35.45454545454545,14.545454545454545,20.909090909090907,64.54545454545455,63.63636363636363,0.9090909090909091
E00187471,92,32,11,21,60,44,16,34.78260869565217,11.956521739130435,22.82608695652174,65.21739130434783,47.82608695652174,17.391304347826086
E00187475,133,19,6,13,114,97,17,14.285714285714285,4.511278195488721,9.774436090225564,85.71428571428571,72.93233082706767,12.781954887218044
E00187477,66,11,2,9,55,39,16,16.666666666666664,3.0303030303030303,13.636363636363635,83.33333333333334,59.09090909090909,24.242424242424242
E00187478,103,32,11,21,71,57,14,31.06796116504854,10.679611650485436,20.388349514563107,68.93203883495146,55.33980582524271,13.592233009708737
E00187479,160,76,35,41,84,71,13,47.5,21.875,25.624999999999996,52.5,44.375,8.125
E00187491,60,13,8,5,47,39,8,21.666666666666668,13.333333333333334,8.333333333333332,78.33333333333333,65,13.333333333333334
E00187492,227,60,21,39,167,143,24,26.431718061674008,9.251101321585903,17.180616740088105,73.568281938326,62.99559471365639,10.572687224669604
E00187502,267,80,26,54,187,153,34,29.962546816479403,9.737827715355806,20.224719101123593,70.0374531835206,57.30337078651685,12.734082397003746
E00187503,320,82,28,54,238,194,44,25.624999999999996,8.75,16.875,74.375,60.62499999999999,13.750000000000002
E00187505,72,12,2,10,60,51,9,16.666666666666664,2.7777777777777777,13.88888888888889,83.33333333333334,70.83333333333334,12.5
E00187506,174,42,12,30,132,119,13,24.137931034482758,6.896551724137931,17.24137931034483,75.86206896551724,68.39080459770115,7.471264367816093
E00187508,255,58,14,44,197,170,27,22.745098039215687,5.490196078431373,17.254901960784313,77.25490196078432,66.66666666666666,10.588235294117647
