OA,ts0380001,ts0380002,ts0380003,ts0380004,ts0380005,ts0380006,ts0380007,ts0380002_PCT,ts0380003_PCT,ts0380004_PCT,ts0380005_PCT,ts0380006_PCT,ts0380007_PCT
W00002956,384,68,33,35,316,26,290,17.708333333333336,8.59375,9.114583333333332,82.29166666666666,6.770833333333333,75.52083333333334
W00002957,209,42,18,24,167,14,153,20.095693779904305,8.61244019138756,11.483253588516746,79.90430622009569,6.698564593301436,73.20574162679426
W00002958,379,88,37,51,291,34,257,23.218997361477573,9.762532981530343,13.456464379947231,76.78100263852242,8.970976253298153,67.81002638522428
W00002959,254,50,21,29,204,24,180,19.68503937007874,8.267716535433072,11.41732283464567,80.31496062992126,9.448818897637794,70.86614173228347
W00002960,426,71,35,36,355,27,328,16.666666666666664,8.215962441314554,8.450704225352112,83.33333333333334,6.338028169014084,76.99530516431925
W00002961,197,33,10,23,164,16,148,16.751269035532996,5.0761421319796955,11.6751269035533,83.24873096446701,8.121827411167512,75.1269035532995
W00002962,260,53,20,33,207,16,191,20.384615384615383,7.6923076923076925,12.692307692307692,79.61538461538461,6.153846153846154,73.46153846153847
W00002963,348,90,52,38,258,24,234,25.862068965517242,14.942528735632186,10.919540229885058,74.13793103448276,6.896551724137931,67.24137931034483
W00002966,214,29,7,22,185,15,170,13.551401869158877,3.2710280373831773,10.2803738317757,86.44859813084112,7.009345794392523,79.43925233644859
W00002967,324,72,47,25,252,19,233,22.22222222222222,14.506172839506174,7.716049382716049,77.77777777777779,5.864197530864197,71.91358024691358
W00002968,251,92,58,34,159,9,150,36.65338645418327,23.107569721115535,13.545816733067728,63.34661354581673,3.5856573705179287,59.76095617529881
W00002969,434,78,29,49,356,24,332,17.972350230414747,6.682027649769585,11.29032258064516,82.02764976958525,5.529953917050691,76.49769585253456
W00002970,277,52,19,33,225,20,205,18.772563176895307,6.859205776173286,11.913357400722022,81.2274368231047,7.2202166064981945,74.0072202166065
W00002972,370,73,30,43,297,33,264,19.72972972972973,8.108108108108109,11.621621621621623,80.27027027027027,8.91891891891892,71.35135135135135
W00002974,297,55,24,31,242,18,224,18.51851851851852,8.080808080808081,10.437710437710438,81.48148148148148,6.0606060606060606,75.42087542087542
W00002975,506,96,35,61,410,26,384,18.972332015810274,6.91699604743083,12.055335968379447,81.02766798418972,5.138339920948617,75.8893280632411
W00002976,378,63,28,35,315,27,288,16.666666666666664,7.4074074074074066,9.25925925925926,83.33333333333334,7.142857142857142,76.19047619047619
W00002977,350,66,28,38,284,27,257,18.857142857142858,8,10.857142857142858,81.14285714285714,7.7142857142857135,73.42857142857143
W00002978,383,71,33,38,312,20,292,18.5378590078329,8.616187989556137,9.921671018276761,81.4621409921671,5.221932114882506,76.2402088772846
W00002979,301,69,27,42,232,22,210,22.92358803986711,8.970099667774086,13.953488372093023,77.0764119601329,7.308970099667775,69.76744186046511
W00002980,285,70,38,32,215,19,196,24.561403508771928,13.333333333333334,11.228070175438596,75.43859649122807,6.666666666666667,68.77192982456141
W00002981,305,45,17,28,260,21,239,14.754098360655737,5.573770491803279,9.180327868852459,85.24590163934425,6.885245901639345,78.36065573770492
W00002982,296,60,27,33,236,17,219,20.27027027027027,9.121621621621621,11.14864864864865,79.72972972972973,5.743243243243244,73.98648648648648
W00002983,282,58,21,37,224,18,206,20.56737588652482,7.446808510638298,13.120567375886525,79.43262411347519,6.382978723404255,73.04964539007092
W00002984,270,58,20,38,212,14,198,21.48148148148148,7.4074074074074066,14.074074074074074,78.51851851851852,5.185185185185185,73.33333333333333
W00002985,306,57,23,34,249,15,234,18.627450980392158,7.516339869281046,11.11111111111111,81.37254901960785,4.901960784313726,76.47058823529412
W00002986,434,100,46,54,334,20,314,23.04147465437788,10.599078341013826,12.442396313364055,76.95852534562212,4.6082949308755765,72.35023041474655
W00002987,380,90,36,54,290,30,260,23.684210526315788,9.473684210526317,14.210526315789473,76.31578947368422,7.894736842105263,68.42105263157895
W00002988,333,70,29,41,263,19,244,21.02102102102102,8.708708708708707,12.312312312312311,78.97897897897897,5.7057057057057055,73.27327327327328
W00002989,394,84,38,46,310,29,281,21.31979695431472,9.644670050761421,11.6751269035533,78.68020304568529,7.3604060913705585,71.31979695431471
W00002990,458,89,38,51,369,22,347,19.432314410480352,8.296943231441048,11.135371179039302,80.56768558951966,4.8034934497816595,75.764192139738
W00002991,322,67,35,32,255,20,235,20.80745341614907,10.869565217391305,9.937888198757763,79.19254658385093,6.211180124223603,72.98136645962732
W00002992,212,45,9,36,167,10,157,21.22641509433962,4.245283018867925,16.9811320754717,78.77358490566037,4.716981132075472,74.05660377358491
W00002993,439,93,36,57,346,21,325,21.184510250569478,8.200455580865604,12.984054669703873,78.81548974943053,4.783599088838269,74.03189066059225
W00002994,362,69,31,38,293,17,276,19.060773480662984,8.56353591160221,10.497237569060774,80.93922651933701,4.696132596685083,76.24309392265194
W00002995,402,73,25,48,329,32,297,18.1592039800995,6.218905472636816,11.940298507462686,81.8407960199005,7.960199004975125,73.88059701492537
W00002996,298,44,16,28,254,19,235,14.76510067114094,5.369127516778524,9.395973154362416,85.23489932885906,6.375838926174497,78.85906040268456
W00002997,286,53,26,27,233,33,200,18.53146853146853,9.090909090909092,9.44055944055944,81.46853146853147,11.538461538461538,69.93006993006993
W00002998,198,30,13,17,168,18,150,15.151515151515152,6.565656565656567,8.585858585858585,84.84848484848484,9.090909090909092,75.75757575757575
W00002999,274,58,24,34,216,16,200,21.16788321167883,8.75912408759124,12.408759124087592,78.83211678832117,5.839416058394161,72.99270072992701
W00003000,266,54,22,32,212,21,191,20.30075187969925,8.270676691729323,12.030075187969924,79.69924812030075,7.894736842105263,71.80451127819549
W00003001,285,46,21,25,239,21,218,16.140350877192983,7.368421052631578,8.771929824561402,83.85964912280703,7.368421052631578,76.49122807017544
W00003002,288,97,48,49,191,15,176,33.68055555555556,16.666666666666664,17.01388888888889,66.31944444444444,5.208333333333334,61.111111111111114
W00003003,298,61,30,31,237,21,216,20.469798657718123,10.06711409395973,10.40268456375839,79.53020134228188,7.046979865771812,72.48322147651007
W00003004,259,72,33,39,187,18,169,27.7992277992278,12.741312741312742,15.057915057915059,72.2007722007722,6.94980694980695,65.25096525096525
W00003005,258,62,27,35,196,11,185,24.031007751937985,10.465116279069768,13.565891472868216,75.96899224806202,4.263565891472868,71.70542635658916
W00003006,380,82,38,44,298,39,259,21.578947368421055,10,11.578947368421053,78.42105263157895,10.263157894736842,68.15789473684211
W00003007,376,90,47,43,286,25,261,23.93617021276596,12.5,11.436170212765957,76.06382978723404,6.648936170212766,69.41489361702128
W00003008,238,49,19,30,189,18,171,20.588235294117645,7.9831932773109235,12.605042016806722,79.41176470588235,7.563025210084033,71.84873949579831
W00003009,329,86,45,41,243,23,220,26.13981762917933,13.677811550151976,12.462006079027356,73.86018237082067,6.990881458966565,66.8693009118541
W00003010,383,125,66,59,258,11,247,32.637075718015666,17.232375979112273,15.404699738903393,67.36292428198433,2.8720626631853787,64.49086161879896
W00003011,332,69,29,40,263,19,244,20.783132530120483,8.734939759036145,12.048192771084338,79.21686746987952,5.72289156626506,73.49397590361446
W00003012,325,67,30,37,258,23,235,20.615384615384617,9.230769230769232,11.384615384615385,79.38461538461539,7.076923076923077,72.3076923076923
W00003013,281,61,34,27,220,16,204,21.70818505338078,12.099644128113878,9.608540925266903,78.29181494661923,5.6939501779359425,72.59786476868328
W00003014,265,47,16,31,218,22,196,17.735849056603772,6.037735849056604,11.69811320754717,82.26415094339623,8.30188679245283,73.9622641509434
W00003015,248,62,27,35,186,25,161,25,10.887096774193548,14.112903225806454,75,10.080645161290322,64.91935483870968
W00003016,307,59,24,35,248,24,224,19.218241042345277,7.81758957654723,11.400651465798045,80.78175895765473,7.81758957654723,72.9641693811075
W00003017,391,93,46,47,298,19,279,23.785166240409207,11.76470588235294,12.020460358056265,76.21483375959079,4.859335038363171,71.35549872122762
W00003018,242,63,22,41,179,20,159,26.033057851239672,9.090909090909092,16.94214876033058,73.96694214876032,8.264462809917356,65.70247933884298
W00003019,299,54,19,35,245,25,220,18.06020066889632,6.354515050167224,11.705685618729097,81.93979933110369,8.361204013377927,73.57859531772574
W00003020,349,88,40,48,261,19,242,25.214899713467048,11.461318051575931,13.753581661891118,74.78510028653295,5.444126074498568,69.34097421203438
W00003021,294,65,25,40,229,23,206,22.108843537414966,8.503401360544217,13.60544217687075,77.89115646258503,7.8231292517006805,70.06802721088435
W00003022,334,73,42,31,261,25,236,21.856287425149702,12.574850299401197,9.281437125748502,78.1437125748503,7.48502994011976,70.65868263473054
W00003023,409,60,30,30,349,31,318,14.66992665036675,7.334963325183375,7.334963325183375,85.33007334963325,7.579462102689487,77.75061124694376
W00003024,321,97,46,51,224,30,194,30.218068535825545,14.330218068535824,15.887850467289718,69.78193146417445,9.345794392523365,60.43613707165109
W00003025,257,45,23,22,212,25,187,17.509727626459142,8.949416342412452,8.560311284046692,82.49027237354085,9.72762645914397,72.76264591439688
W00003026,401,94,38,56,307,22,285,23.44139650872818,9.476309226932669,13.96508728179551,76.55860349127181,5.486284289276807,71.07231920199501
W00003027,278,72,34,38,206,14,192,25.899280575539567,12.23021582733813,13.66906474820144,74.10071942446042,5.0359712230215825,69.06474820143885
W00003028,257,69,23,46,188,15,173,26.848249027237355,8.949416342412452,17.898832684824903,73.15175097276264,5.836575875486381,67.31517509727627
W00003029,240,68,36,32,172,12,160,28.333333333333332,15,13.333333333333334,71.66666666666667,5,66.66666666666666
W00003030,322,57,23,34,265,30,235,17.70186335403727,7.142857142857142,10.559006211180124,82.29813664596274,9.316770186335404,72.98136645962732
W00003031,353,86,32,54,267,27,240,24.362606232294617,9.06515580736544,15.29745042492918,75.63739376770539,7.64872521246459,67.98866855524079
W00003032,307,70,29,41,237,25,212,22.80130293159609,9.446254071661238,13.355048859934854,77.19869706840392,8.143322475570033,69.05537459283387
W00003033,278,65,25,40,213,22,191,23.381294964028775,8.992805755395683,14.388489208633093,76.61870503597122,7.913669064748201,68.70503597122301
W00003034,265,66,37,29,199,17,182,24.90566037735849,13.962264150943396,10.943396226415095,75.09433962264151,6.415094339622642,68.67924528301886
W00003035,240,55,29,26,185,11,174,22.916666666666664,12.083333333333334,10.833333333333334,77.08333333333334,4.583333333333333,72.5
W00003036,370,112,43,69,258,20,238,30.270270270270274,11.621621621621623,18.64864864864865,69.72972972972973,5.405405405405405,64.32432432432432
W00003037,274,41,13,28,233,18,215,14.963503649635038,4.744525547445255,10.218978102189782,85.03649635036497,6.569343065693431,78.46715328467153
W00003038,321,85,35,50,236,13,223,26.479750778816197,10.903426791277258,15.57632398753894,73.5202492211838,4.049844236760125,69.47040498442367
W00003039,241,75,40,35,166,13,153,31.12033195020747,16.59751037344398,14.522821576763487,68.87966804979253,5.394190871369295,63.48547717842323
W00003040,364,91,43,48,273,14,259,25,11.813186813186812,13.186813186813188,75,3.8461538461538463,71.15384615384616
W00003041,266,63,20,43,203,26,177,23.684210526315788,7.518796992481203,16.165413533834585,76.31578947368422,9.774436090225564,66.54135338345864
W00003042,255,74,37,37,181,15,166,29.01960784313726,14.50980392156863,14.50980392156863,70.98039215686275,5.88235294117647,65.09803921568627
W00003043,244,51,20,31,193,10,183,20.901639344262296,8.19672131147541,12.704918032786885,79.09836065573771,4.098360655737705,75
W00003044,265,64,29,35,201,16,185,24.150943396226417,10.943396226415095,13.20754716981132,75.84905660377359,6.037735849056604,69.81132075471697
W00003045,376,78,35,43,298,23,275,20.74468085106383,9.308510638297872,11.436170212765957,79.25531914893617,6.117021276595745,73.13829787234043
W00003046,385,96,44,52,289,13,276,24.935064935064936,11.428571428571429,13.506493506493506,75.06493506493507,3.3766233766233764,71.68831168831169
W00003047,376,92,59,33,284,20,264,24.46808510638298,15.691489361702127,8.77659574468085,75.53191489361703,5.319148936170213,70.2127659574468
W00003048,248,55,24,31,193,22,171,22.177419354838708,9.67741935483871,12.5,77.82258064516128,8.870967741935484,68.95161290322581
W00003049,291,67,34,33,224,17,207,23.02405498281787,11.683848797250858,11.34020618556701,76.97594501718214,5.841924398625429,71.1340206185567
W00003050,240,55,24,31,185,18,167,22.916666666666664,10,12.916666666666668,77.08333333333334,7.5,69.58333333333333
W00003051,250,37,16,21,213,11,202,14.799999999999999,6.4,8.4,85.2,4.3999999999999995,80.80000000000001
W00003052,247,55,32,23,192,17,175,22.267206477732792,12.955465587044534,9.31174089068826,77.7327935222672,6.882591093117409,70.8502024291498
W00003053,276,44,21,23,232,17,215,15.942028985507244,7.608695652173914,8.333333333333332,84.05797101449275,6.159420289855073,77.89855072463769
W00003054,291,71,34,37,220,20,200,24.398625429553263,11.683848797250858,12.714776632302405,75.60137457044674,6.872852233676976,68.72852233676976
W00003055,327,51,17,34,276,23,253,15.59633027522936,5.198776758409786,10.397553516819572,84.40366972477065,7.033639143730887,77.37003058103976
W00003056,346,41,14,27,305,29,276,11.849710982658959,4.046242774566474,7.803468208092486,88.15028901734104,8.38150289017341,79.76878612716763
W00003057,346,58,24,34,288,20,268,16.76300578034682,6.9364161849710975,9.826589595375722,83.23699421965318,5.780346820809249,77.45664739884393
W00003058,222,61,29,32,161,16,145,27.47747747747748,13.063063063063062,14.414414414414415,72.52252252252252,7.207207207207207,65.31531531531532
W00003059,295,45,21,24,250,25,225,15.254237288135593,7.118644067796611,8.135593220338983,84.7457627118644,8.47457627118644,76.27118644067797
W00003060,171,45,17,28,126,14,112,26.31578947368421,9.941520467836257,16.374269005847953,73.68421052631578,8.187134502923977,65.49707602339181
W00003062,263,45,15,30,218,20,198,17.110266159695815,5.7034220532319395,11.406844106463879,82.88973384030417,7.604562737642586,75.2851711026616
W00003063,236,61,31,30,175,18,157,25.847457627118644,13.135593220338984,12.711864406779661,74.15254237288136,7.627118644067797,66.52542372881356
W00003064,255,44,21,23,211,15,196,17.254901960784313,8.235294117647058,9.019607843137255,82.74509803921568,5.88235294117647,76.86274509803923
W00003065,470,76,30,46,394,32,362,16.170212765957448,6.382978723404255,9.787234042553191,83.82978723404256,6.808510638297872,77.02127659574468
W00003066,305,69,24,45,236,26,210,22.62295081967213,7.868852459016394,14.754098360655737,77.37704918032787,8.524590163934425,68.85245901639344
W00003067,156,24,9,15,132,11,121,15.384615384615385,5.769230769230769,9.615384615384617,84.61538461538461,7.051282051282051,77.56410256410257
W00003068,399,77,48,29,322,26,296,19.298245614035086,12.030075187969924,7.268170426065162,80.7017543859649,6.516290726817042,74.18546365914787
W00003069,459,93,42,51,366,42,324,20.26143790849673,9.15032679738562,11.11111111111111,79.73856209150327,9.15032679738562,70.58823529411765
W00003070,399,80,41,39,319,37,282,20.050125313283207,10.275689223057643,9.774436090225564,79.9498746867168,9.273182957393484,70.67669172932331
W00003071,446,151,109,42,295,28,267,33.856502242152466,24.43946188340807,9.417040358744394,66.14349775784754,6.278026905829597,59.865470852017935
W00003072,445,90,40,50,355,18,337,20.224719101123593,8.98876404494382,11.235955056179774,79.7752808988764,4.044943820224719,75.73033707865169
W00003073,473,86,34,52,387,26,361,18.181818181818183,7.188160676532769,10.993657505285412,81.81818181818183,5.496828752642706,76.32135306553911
W00003074,253,66,34,32,187,18,169,26.08695652173913,13.438735177865613,12.648221343873518,73.91304347826086,7.114624505928854,66.79841897233202
W00003075,350,70,31,39,280,20,260,20,8.857142857142856,11.142857142857142,80,5.714285714285714,74.28571428571429
W00003076,247,63,34,29,184,15,169,25.506072874493928,13.765182186234817,11.740890688259109,74.49392712550608,6.0728744939271255,68.42105263157895
W00003077,126,28,14,14,98,10,88,22.22222222222222,11.11111111111111,11.11111111111111,77.77777777777779,7.936507936507936,69.84126984126983
W00003078,439,112,60,52,327,26,301,25.512528473804103,13.66742596810934,11.845102505694761,74.4874715261959,5.922551252847381,68.56492027334852
W00003079,341,72,30,42,269,37,232,21.114369501466275,8.797653958944283,12.316715542521994,78.88563049853371,10.850439882697946,68.03519061583577
W00003080,348,86,40,46,262,19,243,24.71264367816092,11.494252873563218,13.218390804597702,75.28735632183908,5.459770114942529,69.82758620689656
W00003081,274,52,25,27,222,16,206,18.97810218978102,9.124087591240876,9.854014598540147,81.02189781021897,5.839416058394161,75.18248175182481
W00003082,248,58,25,33,190,17,173,23.387096774193548,10.080645161290322,13.306451612903224,76.61290322580645,6.854838709677419,69.75806451612904
W00003083,205,71,38,33,134,10,124,34.63414634146341,18.536585365853657,16.097560975609756,65.3658536585366,4.878048780487805,60.48780487804878
W00003084,429,90,37,53,339,35,304,20.97902097902098,8.624708624708624,12.354312354312354,79.02097902097903,8.158508158508159,70.86247086247086
W00003085,452,114,54,60,338,23,315,25.221238938053098,11.946902654867257,13.274336283185843,74.77876106194691,5.0884955752212395,69.69026548672566
W00003086,334,81,33,48,253,23,230,24.251497005988025,9.880239520958083,14.37125748502994,75.74850299401199,6.88622754491018,68.8622754491018
W00003087,379,89,47,42,290,27,263,23.482849604221638,12.401055408970976,11.081794195250659,76.51715039577837,7.12401055408971,69.39313984168865
W00003088,451,91,40,51,360,14,346,20.17738359201774,8.869179600886918,11.30820399113082,79.82261640798227,3.1042128603104215,76.71840354767184
W00003089,383,72,29,43,311,22,289,18.79895561357702,7.5718015665796345,11.22715404699739,81.20104438642298,5.7441253263707575,75.45691906005221
W00003090,415,85,27,58,330,37,293,20.481927710843372,6.506024096385541,13.975903614457833,79.51807228915662,8.91566265060241,70.60240963855422
W00003091,415,111,50,61,304,26,278,26.746987951807228,12.048192771084338,14.698795180722893,73.25301204819277,6.265060240963856,66.98795180722892
W00003092,338,71,29,42,267,32,235,21.005917159763314,8.579881656804734,12.42603550295858,78.99408284023669,9.467455621301776,69.5266272189349
W00003093,251,64,32,32,187,13,174,25.49800796812749,12.749003984063744,12.749003984063744,74.5019920318725,5.179282868525896,69.32270916334662
W00003094,308,80,38,42,228,24,204,25.97402597402597,12.337662337662337,13.636363636363635,74.02597402597402,7.792207792207792,66.23376623376623
W00003095,457,84,36,48,373,32,341,18.38074398249453,7.87746170678337,10.50328227571116,81.61925601750546,7.00218818380744,74.61706783369803
W00003096,430,99,50,49,331,28,303,23.02325581395349,11.627906976744185,11.395348837209303,76.9767441860465,6.511627906976744,70.46511627906978
W00003097,407,82,31,51,325,22,303,20.14742014742015,7.616707616707617,12.530712530712531,79.85257985257985,5.405405405405405,74.44717444717445
W00003098,434,80,40,40,354,29,325,18.433179723502306,9.216589861751153,9.216589861751153,81.5668202764977,6.682027649769585,74.88479262672811
W00003099,324,59,18,41,265,24,241,18.209876543209877,5.555555555555555,12.654320987654321,81.79012345679013,7.4074074074074066,74.38271604938271
W00003100,324,64,32,32,260,17,243,19.753086419753085,9.876543209876543,9.876543209876543,80.24691358024691,5.246913580246913,75
W00003101,293,62,35,27,231,18,213,21.160409556313994,11.945392491467576,9.215017064846416,78.839590443686,6.143344709897611,72.6962457337884
W00003102,314,70,21,49,244,18,226,22.29299363057325,6.687898089171974,15.605095541401273,77.70700636942675,5.7324840764331215,71.97452229299363
W00003103,274,53,24,29,221,24,197,19.34306569343066,8.75912408759124,10.583941605839415,80.65693430656934,8.75912408759124,71.8978102189781
W00003104,320,47,14,33,273,23,250,14.6875,4.375,10.3125,85.3125,7.187499999999999,78.125
W00003105,227,52,24,28,175,12,163,22.90748898678414,10.572687224669604,12.334801762114537,77.09251101321586,5.286343612334802,71.80616740088107
W00003106,448,69,25,44,379,43,336,15.401785714285715,5.580357142857143,9.821428571428571,84.59821428571429,9.598214285714286,75
W00003107,438,85,38,47,353,24,329,19.406392694063925,8.67579908675799,10.730593607305936,80.59360730593608,5.47945205479452,75.11415525114155
W00003108,313,69,35,34,244,22,222,22.044728434504794,11.182108626198083,10.86261980830671,77.95527156549521,7.0287539936102235,70.92651757188499
W00003109,340,51,18,33,289,29,260,15,5.294117647058823,9.705882352941178,85,8.529411764705882,76.47058823529412
W00003110,216,42,21,21,174,11,163,19.444444444444446,9.722222222222223,9.722222222222223,80.55555555555556,5.092592592592593,75.46296296296296
W00003111,231,44,18,26,187,14,173,19.047619047619047,7.792207792207792,11.255411255411255,80.95238095238095,6.0606060606060606,74.89177489177489
W00003112,295,55,24,31,240,19,221,18.64406779661017,8.135593220338983,10.508474576271185,81.35593220338984,6.440677966101695,74.91525423728814
W00003113,218,51,25,26,167,13,154,23.394495412844037,11.46788990825688,11.926605504587156,76.60550458715596,5.963302752293578,70.64220183486239
W00003114,255,38,19,19,217,15,202,14.901960784313726,7.450980392156863,7.450980392156863,85.09803921568627,5.88235294117647,79.2156862745098
W00003115,395,78,33,45,317,18,299,19.746835443037973,8.354430379746836,11.39240506329114,80.25316455696202,4.556962025316456,75.69620253164557
W00003116,355,62,30,32,293,16,277,17.464788732394364,8.450704225352112,9.014084507042254,82.53521126760563,4.507042253521127,78.0281690140845
W00003117,306,68,22,46,238,19,219,22.22222222222222,7.18954248366013,15.032679738562091,77.77777777777779,6.209150326797386,71.56862745098039
W00003118,194,47,24,23,147,9,138,24.22680412371134,12.371134020618557,11.855670103092782,75.77319587628865,4.639175257731959,71.1340206185567
W00003119,423,91,35,56,332,28,304,21.513002364066196,8.274231678486997,13.238770685579196,78.4869976359338,6.619385342789598,71.8676122931442
W00003120,369,87,45,42,282,23,259,23.577235772357724,12.195121951219512,11.38211382113821,76.42276422764228,6.233062330623306,70.18970189701898
W00003121,317,45,15,30,272,16,256,14.195583596214512,4.73186119873817,9.46372239747634,85.8044164037855,5.047318611987381,80.7570977917981
W00003122,265,46,16,30,219,27,192,17.358490566037734,6.037735849056604,11.320754716981133,82.64150943396227,10.18867924528302,72.45283018867924
W00003123,330,78,35,43,252,17,235,23.636363636363637,10.606060606060606,13.030303030303031,76.36363636363637,5.151515151515151,71.21212121212122
W00003124,291,71,34,37,220,19,201,24.398625429553263,11.683848797250858,12.714776632302405,75.60137457044674,6.529209621993128,69.0721649484536
W00003125,316,71,21,50,245,27,218,22.468354430379748,6.6455696202531636,15.822784810126583,77.53164556962025,8.544303797468354,68.9873417721519
W00003126,329,82,43,39,247,17,230,24.924012158054712,13.069908814589665,11.854103343465045,75.07598784194529,5.167173252279635,69.90881458966565
W00003127,375,66,24,42,309,33,276,17.599999999999998,6.4,11.200000000000001,82.39999999999999,8.799999999999999,73.6
W00003128,424,85,37,48,339,23,316,20.047169811320757,8.726415094339622,11.320754716981133,79.95283018867924,5.4245283018867925,74.52830188679245
W00003129,338,111,70,41,227,31,196,32.84023668639053,20.710059171597635,12.1301775147929,67.15976331360946,9.171597633136095,57.98816568047337
W00003130,298,58,29,29,240,13,227,19.463087248322147,9.731543624161073,9.731543624161073,80.53691275167785,4.3624161073825505,76.1744966442953
W00003131,343,52,18,34,291,27,264,15.160349854227405,5.247813411078718,9.912536443148689,84.8396501457726,7.871720116618077,76.96793002915452
W00003132,239,36,10,26,203,17,186,15.062761506276152,4.184100418410042,10.87866108786611,84.93723849372385,7.112970711297072,77.82426778242679
W00003133,138,31,14,17,107,13,94,22.463768115942027,10.144927536231885,12.318840579710146,77.53623188405797,9.420289855072465,68.11594202898551
W00003134,319,88,41,47,231,18,213,27.586206896551722,12.852664576802509,14.733542319749215,72.41379310344827,5.6426332288401255,66.77115987460816
W00003135,335,36,14,22,299,25,274,10.746268656716417,4.179104477611941,6.567164179104477,89.25373134328358,7.462686567164178,81.7910447761194
W00003136,285,69,30,39,216,25,191,24.210526315789473,10.526315789473683,13.684210526315791,75.78947368421053,8.771929824561402,67.01754385964912
W00003137,234,36,14,22,198,26,172,15.384615384615385,5.982905982905983,9.401709401709402,84.61538461538461,11.11111111111111,73.50427350427351
W00003138,386,130,82,48,256,18,238,33.67875647668394,21.243523316062177,12.435233160621761,66.32124352331607,4.66321243523316,61.6580310880829
W00003139,416,103,58,45,313,17,296,24.759615384615387,13.942307692307693,10.817307692307693,75.24038461538461,4.086538461538462,71.15384615384616
W00003140,246,84,44,40,162,12,150,34.146341463414636,17.88617886178862,16.260162601626014,65.85365853658537,4.878048780487805,60.97560975609756
W00003141,289,61,23,38,228,25,203,21.10726643598616,7.958477508650519,13.148788927335639,78.89273356401384,8.650519031141869,70.24221453287197
W00003142,248,54,25,29,194,17,177,21.774193548387096,10.080645161290322,11.693548387096774,78.2258064516129,6.854838709677419,71.37096774193549
W00003143,274,85,52,33,189,24,165,31.02189781021898,18.97810218978102,12.043795620437956,68.97810218978103,8.75912408759124,60.21897810218978
W00003144,225,74,41,33,151,17,134,32.88888888888889,18.22222222222222,14.666666666666666,67.11111111111111,7.555555555555555,59.55555555555555
W00003146,283,69,34,35,214,22,192,24.381625441696116,12.014134275618375,12.36749116607774,75.61837455830388,7.773851590106007,67.84452296819788
W00003147,263,53,23,30,210,13,197,20.15209125475285,8.745247148288973,11.406844106463879,79.84790874524715,4.942965779467681,74.90494296577947
W00003149,230,53,20,33,177,11,166,23.043478260869566,8.695652173913043,14.347826086956522,76.95652173913044,4.782608695652174,72.17391304347827
W00003150,381,66,32,34,315,14,301,17.322834645669293,8.398950131233596,8.923884514435695,82.67716535433071,3.674540682414698,79.00262467191601
W00003151,182,17,3,14,165,14,151,9.340659340659341,1.6483516483516485,7.6923076923076925,90.65934065934066,7.6923076923076925,82.96703296703298
W00003152,146,40,20,20,106,7,99,27.397260273972602,13.698630136986301,13.698630136986301,72.6027397260274,4.794520547945205,67.8082191780822
W00003153,281,81,40,41,200,6,194,28.825622775800714,14.23487544483986,14.590747330960854,71.17437722419929,2.135231316725979,69.03914590747331
W00003154,216,87,45,42,129,12,117,40.27777777777778,20.833333333333336,19.444444444444446,59.72222222222222,5.555555555555555,54.166666666666664
W00003155,329,55,17,38,274,21,253,16.717325227963524,5.167173252279635,11.55015197568389,83.28267477203647,6.382978723404255,76.89969604863222
W00003156,302,72,36,36,230,18,212,23.841059602649008,11.920529801324504,11.920529801324504,76.15894039735099,5.960264900662252,70.19867549668875
W00003157,321,61,34,27,260,27,233,19.003115264797508,10.59190031152648,8.411214953271028,80.99688473520249,8.411214953271028,72.58566978193146
W00003158,277,71,45,26,206,15,191,25.63176895306859,16.24548736462094,9.386281588447654,74.36823104693141,5.415162454873646,68.95306859205776
W00003159,288,66,34,32,222,19,203,22.916666666666664,11.805555555555555,11.11111111111111,77.08333333333334,6.597222222222222,70.48611111111111
W00003160,310,64,22,42,246,22,224,20.64516129032258,7.096774193548387,13.548387096774196,79.35483870967742,7.096774193548387,72.25806451612902
W00003161,245,88,49,39,157,14,143,35.91836734693877,20,15.918367346938775,64.08163265306122,5.714285714285714,58.36734693877551
W00003162,266,61,27,34,205,21,184,22.932330827067666,10.150375939849624,12.781954887218044,77.06766917293233,7.894736842105263,69.17293233082707
W00003163,277,64,29,35,213,17,196,23.104693140794225,10.469314079422382,12.63537906137184,76.89530685920577,6.137184115523466,70.7581227436823
W00003164,352,90,44,46,262,13,249,25.568181818181817,12.5,13.068181818181818,74.43181818181817,3.6931818181818183,70.73863636363636
W00003165,377,108,57,51,269,16,253,28.647214854111407,15.119363395225463,13.527851458885943,71.3527851458886,4.244031830238726,67.10875331564988
W00003166,290,60,25,35,230,11,219,20.689655172413794,8.620689655172415,12.068965517241379,79.3103448275862,3.793103448275862,75.51724137931033
W00003167,391,75,36,39,316,19,297,19.18158567774936,9.207161125319693,9.974424552429667,80.81841432225065,4.859335038363171,75.95907928388746
W00003168,211,60,23,37,151,22,129,28.436018957345972,10.90047393364929,17.535545023696685,71.56398104265402,10.42654028436019,61.137440758293835
W00003169,324,69,35,34,255,20,235,21.296296296296298,10.802469135802468,10.493827160493826,78.70370370370371,6.172839506172839,72.53086419753086
W00003170,334,72,34,38,262,20,242,21.55688622754491,10.179640718562874,11.377245508982035,78.44311377245509,5.9880239520958085,72.45508982035929
W00003172,436,84,34,50,352,28,324,19.26605504587156,7.79816513761468,11.46788990825688,80.73394495412845,6.422018348623854,74.31192660550458
W00003173,227,60,27,33,167,13,154,26.431718061674008,11.894273127753303,14.537444933920703,73.568281938326,5.726872246696035,67.84140969162996
W00003174,443,130,72,58,313,27,286,29.345372460496616,16.252821670428894,13.092550790067719,70.6546275395034,6.094808126410835,64.55981941309255
W00003175,508,117,51,66,391,26,365,23.031496062992126,10.039370078740157,12.992125984251967,76.96850393700787,5.118110236220472,71.8503937007874
W00003177,469,127,71,56,342,20,322,27.078891257995735,15.13859275053305,11.940298507462686,72.92110874200426,4.264392324093817,68.65671641791045
W00003178,305,84,44,40,221,16,205,27.54098360655738,14.426229508196723,13.114754098360656,72.45901639344262,5.245901639344262,67.21311475409836
W00003179,265,62,39,23,203,16,187,23.39622641509434,14.716981132075471,8.679245283018867,76.60377358490567,6.037735849056604,70.56603773584905
W00003180,299,65,35,30,234,23,211,21.73913043478261,11.705685618729097,10.033444816053512,78.26086956521739,7.6923076923076925,70.5685618729097
W00003181,227,91,41,50,136,11,125,40.08810572687225,18.06167400881057,22.026431718061673,59.91189427312775,4.845814977973569,55.06607929515418
W00003182,305,74,41,33,231,18,213,24.262295081967213,13.442622950819672,10.819672131147541,75.73770491803279,5.901639344262295,69.83606557377048
W00003183,302,84,37,47,218,16,202,27.81456953642384,12.251655629139073,15.562913907284766,72.18543046357617,5.298013245033113,66.88741721854305
W00003184,342,76,34,42,266,22,244,22.22222222222222,9.941520467836257,12.280701754385964,77.77777777777779,6.432748538011696,71.34502923976608
W00003185,257,63,29,34,194,19,175,24.5136186770428,11.284046692607005,13.229571984435799,75.4863813229572,7.392996108949417,68.09338521400778
W00003186,195,61,23,38,134,16,118,31.28205128205128,11.794871794871794,19.48717948717949,68.71794871794872,8.205128205128204,60.51282051282051
W00003187,516,78,33,45,438,40,398,15.11627906976744,6.395348837209303,8.720930232558139,84.88372093023256,7.751937984496124,77.13178294573643
W00003188,252,43,17,26,209,21,188,17.063492063492063,6.746031746031746,10.317460317460316,82.93650793650794,8.333333333333332,74.60317460317461
W00003189,227,45,14,31,182,24,158,19.823788546255507,6.167400881057269,13.656387665198238,80.1762114537445,10.572687224669604,69.60352422907489
W00003190,274,92,51,41,182,16,166,33.57664233576642,18.613138686131386,14.963503649635038,66.42335766423358,5.839416058394161,60.58394160583942
W00003191,279,59,18,41,220,28,192,21.14695340501792,6.451612903225806,14.695340501792115,78.85304659498208,10.03584229390681,68.81720430107528
W00003192,499,89,28,61,410,39,371,17.835671342685373,5.61122244488978,12.224448897795591,82.16432865731463,7.8156312625250495,74.34869739478958
W00003193,320,74,45,29,246,14,232,23.125,14.0625,9.0625,76.875,4.375,72.5
W00003194,240,34,13,21,206,18,188,14.166666666666666,5.416666666666667,8.75,85.83333333333333,7.5,78.33333333333333
W00003195,402,102,63,39,300,18,282,25.37313432835821,15.671641791044777,9.701492537313433,74.6268656716418,4.477611940298507,70.1492537313433
W00003196,305,50,18,32,255,12,243,16.39344262295082,5.901639344262295,10.491803278688524,83.60655737704919,3.934426229508197,79.67213114754098
W00003197,416,78,44,34,338,32,306,18.75,10.576923076923077,8.173076923076923,81.25,7.6923076923076925,73.5576923076923
W00003198,350,73,33,40,277,23,254,20.857142857142858,9.428571428571429,11.428571428571429,79.14285714285715,6.571428571428571,72.57142857142857
W00003199,278,52,19,33,226,17,209,18.705035971223023,6.83453237410072,11.870503597122301,81.29496402877699,6.115107913669065,75.17985611510791
W00003200,213,37,18,19,176,25,151,17.370892018779344,8.450704225352112,8.92018779342723,82.62910798122066,11.737089201877934,70.89201877934272
W00003201,256,53,17,36,203,26,177,20.703125,6.640625,14.0625,79.296875,10.15625,69.140625
W00003202,307,66,37,29,241,24,217,21.49837133550489,12.052117263843648,9.446254071661238,78.50162866449512,7.81758957654723,70.68403908794788
W00003203,327,47,24,23,280,17,263,14.37308868501529,7.339449541284404,7.033639143730887,85.62691131498471,5.198776758409786,80.42813455657493
W00003204,315,88,52,36,227,15,212,27.936507936507937,16.507936507936506,11.428571428571429,72.06349206349206,4.761904761904762,67.3015873015873
W00003205,338,65,27,38,273,22,251,19.230769230769234,7.988165680473373,11.242603550295858,80.76923076923077,6.508875739644971,74.2603550295858
W00003206,255,63,30,33,192,18,174,24.705882352941178,11.76470588235294,12.941176470588237,75.29411764705883,7.0588235294117645,68.23529411764706
W00003207,302,84,38,46,218,15,203,27.81456953642384,12.582781456953644,15.2317880794702,72.18543046357617,4.966887417218543,67.21854304635761
W00003208,322,83,39,44,239,15,224,25.77639751552795,12.111801242236025,13.664596273291925,74.22360248447205,4.658385093167702,69.56521739130434
W00003209,315,67,25,42,248,29,219,21.26984126984127,7.936507936507936,13.333333333333334,78.73015873015873,9.206349206349207,69.52380952380952
W00003210,324,58,25,33,266,21,245,17.901234567901234,7.716049382716049,10.185185185185185,82.09876543209876,6.481481481481481,75.61728395061729
W00003211,228,47,15,32,181,16,165,20.614035087719298,6.578947368421052,14.035087719298245,79.3859649122807,7.017543859649122,72.36842105263158
W00003212,274,60,36,24,214,21,193,21.897810218978105,13.138686131386862,8.75912408759124,78.1021897810219,7.664233576642336,70.43795620437956
W00003213,265,54,17,37,211,21,190,20.37735849056604,6.415094339622642,13.962264150943396,79.62264150943396,7.9245283018867925,71.69811320754717
W00003214,288,95,48,47,193,23,170,32.98611111111111,16.666666666666664,16.319444444444446,67.01388888888889,7.986111111111111,59.02777777777778
W00003215,267,68,31,37,199,10,189,25.468164794007492,11.610486891385769,13.857677902621724,74.53183520599251,3.7453183520599254,70.78651685393258
W00003216,348,71,28,43,277,24,253,20.402298850574713,8.045977011494253,12.35632183908046,79.59770114942529,6.896551724137931,72.70114942528735
W00003217,221,69,41,28,152,16,136,31.221719457013574,18.552036199095024,12.669683257918551,68.77828054298642,7.239819004524888,61.53846153846154
W00003218,283,75,33,42,208,21,187,26.501766784452297,11.66077738515901,14.840989399293287,73.4982332155477,7.420494699646643,66.07773851590106
W00003219,212,57,27,30,155,11,144,26.88679245283019,12.735849056603774,14.150943396226415,73.11320754716981,5.188679245283019,67.9245283018868
W00003220,292,83,47,36,209,19,190,28.424657534246577,16.095890410958905,12.32876712328767,71.57534246575342,6.506849315068493,65.06849315068493
W00003221,265,56,26,30,209,12,197,21.132075471698116,9.811320754716983,11.320754716981133,78.8679245283019,4.528301886792453,74.33962264150942
W00003222,321,93,47,46,228,22,206,28.971962616822427,14.641744548286603,14.330218068535824,71.02803738317756,6.853582554517133,64.17445482866043
W00003223,283,80,46,34,203,20,183,28.26855123674912,16.25441696113074,12.014134275618375,71.73144876325088,7.06713780918728,64.66431095406361
W00003224,325,85,40,45,240,10,230,26.153846153846157,12.307692307692308,13.846153846153847,73.84615384615385,3.076923076923077,70.76923076923077
W00003225,271,110,63,47,161,12,149,40.59040590405904,23.247232472324722,17.343173431734318,59.40959409594095,4.428044280442804,54.981549815498155
W00003226,289,66,32,34,223,22,201,22.837370242214533,11.072664359861593,11.76470588235294,77.16262975778547,7.612456747404845,69.55017301038062
W00003227,284,50,18,32,234,25,209,17.6056338028169,6.338028169014084,11.267605633802818,82.3943661971831,8.80281690140845,73.59154929577466
W00003228,306,66,31,35,240,20,220,21.568627450980394,10.130718954248366,11.437908496732026,78.43137254901961,6.535947712418301,71.89542483660131
W00003229,281,78,35,43,203,16,187,27.75800711743772,12.455516014234876,15.302491103202847,72.24199288256227,5.6939501779359425,66.54804270462633
W00003230,362,78,22,56,284,26,258,21.54696132596685,6.077348066298343,15.469613259668508,78.45303867403315,7.18232044198895,71.27071823204419
W00003231,339,89,49,40,250,7,243,26.253687315634217,14.454277286135694,11.799410029498524,73.74631268436578,2.0648967551622417,71.68141592920354
W00003232,299,88,45,43,211,14,197,29.431438127090303,15.050167224080269,14.381270903010032,70.5685618729097,4.682274247491638,65.88628762541806
W00003233,291,67,28,39,224,13,211,23.02405498281787,9.621993127147768,13.402061855670103,76.97594501718214,4.4673539518900345,72.5085910652921
W00003234,294,56,32,24,238,20,218,19.047619047619047,10.884353741496598,8.16326530612245,80.95238095238095,6.802721088435375,74.14965986394559
W00003235,289,74,30,44,215,24,191,25.60553633217993,10.380622837370241,15.22491349480969,74.39446366782006,8.304498269896193,66.08996539792388
W00003236,258,58,21,37,200,21,179,22.48062015503876,8.13953488372093,14.34108527131783,77.51937984496125,8.13953488372093,69.37984496124031
W00003237,372,82,39,43,290,22,268,22.043010752688172,10.483870967741936,11.559139784946236,77.95698924731182,5.913978494623656,72.04301075268818
W00003238,239,50,22,28,189,21,168,20.920502092050206,9.205020920502092,11.715481171548117,79.07949790794979,8.786610878661087,70.29288702928869
W00003239,358,89,41,48,269,19,250,24.860335195530723,11.452513966480447,13.40782122905028,75.13966480446928,5.307262569832402,69.83240223463687
W00003240,535,149,81,68,386,29,357,27.850467289719628,15.14018691588785,12.710280373831775,72.14953271028037,5.420560747663552,66.72897196261682
W00003241,362,83,41,42,279,12,267,22.92817679558011,11.32596685082873,11.602209944751381,77.07182320441989,3.314917127071823,73.75690607734806
W00003242,535,107,49,58,428,40,388,20,9.158878504672897,10.841121495327103,80,7.476635514018691,72.52336448598132
W00003243,349,72,34,38,277,21,256,20.630372492836678,9.742120343839542,10.888252148997136,79.36962750716332,6.017191977077363,73.35243553008596
W00003244,284,62,39,23,222,17,205,21.830985915492956,13.732394366197184,8.098591549295776,78.16901408450704,5.985915492957746,72.1830985915493
W00003245,231,49,27,22,182,13,169,21.21212121212121,11.688311688311687,9.523809523809524,78.78787878787878,5.627705627705628,73.16017316017316
W00003246,308,75,37,38,233,25,208,24.350649350649352,12.012987012987013,12.337662337662337,75.64935064935064,8.116883116883116,67.53246753246754
W00003247,315,66,28,38,249,26,223,20.952380952380953,8.88888888888889,12.063492063492063,79.04761904761905,8.253968253968253,70.7936507936508
W00003248,317,84,47,37,233,20,213,26.498422712933756,14.826498422712934,11.67192429022082,73.50157728706624,6.309148264984227,67.19242902208202
W00003249,253,48,17,31,205,19,186,18.972332015810274,6.719367588932807,12.25296442687747,81.02766798418972,7.5098814229249005,73.51778656126481
W00003250,375,115,80,35,260,17,243,30.666666666666664,21.333333333333336,9.333333333333334,69.33333333333334,4.533333333333333,64.8
W00003251,353,78,43,35,275,21,254,22.096317280453256,12.181303116147308,9.91501416430595,77.90368271954674,5.94900849858357,71.95467422096317
W00003252,391,105,49,56,286,13,273,26.854219948849106,12.531969309462914,14.322250639386189,73.1457800511509,3.324808184143223,69.82097186700767
W00003253,349,114,66,48,235,15,220,32.664756446991404,18.911174785100286,13.753581661891118,67.3352435530086,4.297994269340974,63.03724928366762
W00003255,373,106,55,51,267,21,246,28.418230563002684,14.745308310991955,13.672922252010725,71.58176943699732,5.630026809651475,65.95174262734585
W00003256,328,66,34,32,262,12,250,20.121951219512198,10.365853658536585,9.75609756097561,79.8780487804878,3.6585365853658534,76.21951219512195
W00003257,346,81,41,40,265,23,242,23.410404624277454,11.849710982658959,11.560693641618498,76.58959537572254,6.6473988439306355,69.94219653179191
W00003258,417,141,76,65,276,20,256,33.81294964028777,18.225419664268586,15.587529976019185,66.18705035971223,4.796163069544365,61.39088729016786
W00003259,277,76,33,43,201,31,170,27.436823104693143,11.913357400722022,15.523465703971121,72.56317689530685,11.191335740072201,61.371841155234655
W00003260,310,97,56,41,213,12,201,31.290322580645164,18.064516129032256,13.225806451612904,68.70967741935485,3.870967741935484,64.83870967741936
W00003261,288,69,31,38,219,17,202,23.958333333333336,10.76388888888889,13.194444444444445,76.04166666666666,5.902777777777778,70.13888888888889
W00003262,256,68,24,44,188,13,175,26.5625,9.375,17.1875,73.4375,5.078125,68.359375
W00003263,286,61,26,35,225,17,208,21.328671328671327,9.090909090909092,12.237762237762238,78.67132867132867,5.944055944055944,72.72727272727273
W00003264,276,59,30,29,217,18,199,21.3768115942029,10.869565217391305,10.507246376811594,78.62318840579711,6.521739130434782,72.10144927536231
W00003265,288,80,33,47,208,27,181,27.77777777777778,11.458333333333332,16.319444444444446,72.22222222222221,9.375,62.84722222222222
W00003266,277,49,24,25,228,24,204,17.689530685920577,8.664259927797833,9.025270758122744,82.31046931407943,8.664259927797833,73.6462093862816
W00003267,294,61,21,40,233,21,212,20.74829931972789,7.142857142857142,13.60544217687075,79.25170068027211,7.142857142857142,72.10884353741497
W00003268,403,101,42,59,302,43,259,25.06203473945409,10.421836228287841,14.640198511166252,74.93796526054591,10.669975186104217,64.26799007444168
W00003269,303,62,21,41,241,22,219,20.462046204620464,6.9306930693069315,13.531353135313532,79.53795379537954,7.2607260726072615,72.27722772277228
W00003270,309,65,30,35,244,25,219,21.035598705501616,9.70873786407767,11.326860841423949,78.96440129449837,8.090614886731391,70.87378640776699
W00003271,262,58,29,29,204,21,183,22.137404580152673,11.068702290076336,11.068702290076336,77.86259541984732,8.015267175572518,69.8473282442748
W00003272,256,60,27,33,196,17,179,23.4375,10.546875,12.890625,76.5625,6.640625,69.921875
W00003273,237,56,17,39,181,11,170,23.628691983122362,7.172995780590717,16.455696202531644,76.37130801687763,4.641350210970464,71.72995780590718
W00003274,318,59,20,39,259,29,230,18.553459119496853,6.289308176100629,12.264150943396226,81.44654088050315,9.119496855345911,72.32704402515722
W00003275,598,160,99,61,438,34,404,26.755852842809364,16.555183946488295,10.200668896321071,73.24414715719062,5.68561872909699,67.55852842809364
W00003276,286,57,25,32,229,20,209,19.93006993006993,8.741258741258742,11.188811188811188,80.06993006993007,6.993006993006993,73.07692307692307
W00003277,188,40,20,20,148,14,134,21.27659574468085,10.638297872340425,10.638297872340425,78.72340425531915,7.446808510638298,71.27659574468085
W00003279,276,57,30,27,219,22,197,20.652173913043477,10.869565217391305,9.782608695652174,79.34782608695652,7.971014492753622,71.37681159420289
W00003280,462,79,34,45,383,33,350,17.0995670995671,7.35930735930736,9.740259740259742,82.90043290043289,7.142857142857142,75.75757575757575
W00003281,194,35,18,17,159,17,142,18.04123711340206,9.278350515463918,8.762886597938143,81.95876288659794,8.762886597938143,73.19587628865979
W00003282,357,72,24,48,285,23,262,20.168067226890756,6.722689075630252,13.445378151260504,79.83193277310924,6.442577030812324,73.38935574229691
W00003283,285,47,18,29,238,28,210,16.49122807017544,6.315789473684211,10.175438596491228,83.50877192982456,9.824561403508772,73.68421052631578
W00003284,291,69,41,28,222,18,204,23.711340206185564,14.0893470790378,9.621993127147768,76.28865979381443,6.185567010309279,70.10309278350515
W00003285,314,66,20,46,248,21,227,21.019108280254777,6.369426751592357,14.64968152866242,78.98089171974523,6.687898089171974,72.29299363057325
W00003286,216,52,27,25,164,22,142,24.074074074074073,12.5,11.574074074074074,75.92592592592592,10.185185185185185,65.74074074074075
W00003287,402,72,18,54,330,35,295,17.91044776119403,4.477611940298507,13.432835820895523,82.08955223880598,8.706467661691542,73.38308457711443
W00003288,243,58,25,33,185,19,166,23.868312757201647,10.2880658436214,13.580246913580247,76.13168724279835,7.818930041152264,68.3127572016461
W00003289,284,59,24,35,225,24,201,20.774647887323944,8.450704225352112,12.323943661971832,79.22535211267606,8.450704225352112,70.77464788732394
W00003290,255,37,14,23,218,18,200,14.50980392156863,5.490196078431373,9.019607843137255,85.49019607843137,7.0588235294117645,78.43137254901961
W00003291,308,39,12,27,269,18,251,12.662337662337661,3.896103896103896,8.766233766233766,87.33766233766234,5.844155844155844,81.4935064935065
W00003292,289,61,21,40,228,16,212,21.10726643598616,7.26643598615917,13.84083044982699,78.89273356401384,5.536332179930796,73.35640138408304
W00003293,248,64,35,29,184,17,167,25.806451612903224,14.112903225806454,11.693548387096774,74.19354838709677,6.854838709677419,67.33870967741935
W00003294,244,45,21,24,199,24,175,18.442622950819672,8.60655737704918,9.836065573770492,81.55737704918032,9.836065573770492,71.72131147540983
W00003295,198,41,17,24,157,20,137,20.707070707070706,8.585858585858585,12.121212121212121,79.29292929292929,10.1010101010101,69.1919191919192
W00003296,228,50,20,30,178,13,165,21.929824561403507,8.771929824561402,13.157894736842104,78.0701754385965,5.701754385964912,72.36842105263158
W00003297,182,33,10,23,149,10,139,18.13186813186813,5.4945054945054945,12.637362637362637,81.86813186813187,5.4945054945054945,76.37362637362637
W00003298,422,92,49,43,330,25,305,21.80094786729858,11.61137440758294,10.189573459715639,78.19905213270142,5.924170616113744,72.27488151658767
W00003299,331,54,19,35,277,23,254,16.314199395770395,5.740181268882175,10.574018126888216,83.68580060422961,6.948640483383686,76.73716012084593
W00003300,240,47,16,31,193,20,173,19.583333333333332,6.666666666666667,12.916666666666668,80.41666666666667,8.333333333333332,72.08333333333333
W00003301,217,39,19,20,178,19,159,17.972350230414747,8.755760368663594,9.216589861751153,82.02764976958525,8.755760368663594,73.27188940092167
W00003302,332,108,63,45,224,20,204,32.53012048192771,18.97590361445783,13.55421686746988,67.46987951807229,6.024096385542169,61.44578313253012
W00003303,220,43,18,25,177,17,160,19.545454545454547,8.181818181818182,11.363636363636363,80.45454545454545,7.727272727272727,72.72727272727273
W00003304,177,40,13,27,137,13,124,22.598870056497177,7.344632768361582,15.254237288135593,77.40112994350282,7.344632768361582,70.05649717514125
W00003305,178,33,15,18,145,16,129,18.53932584269663,8.426966292134832,10.112359550561797,81.46067415730337,8.98876404494382,72.47191011235955
W00003306,215,39,12,27,176,15,161,18.13953488372093,5.5813953488372094,12.558139534883722,81.86046511627907,6.976744186046512,74.88372093023256
W00003307,108,16,5,11,92,10,82,14.814814814814813,4.62962962962963,10.185185185185185,85.18518518518519,9.25925925925926,75.92592592592592
W00003308,174,54,30,24,120,11,109,31.03448275862069,17.24137931034483,13.793103448275861,68.96551724137932,6.321839080459771,62.643678160919535
W00003309,175,34,15,19,141,12,129,19.428571428571427,8.571428571428571,10.857142857142858,80.57142857142857,6.857142857142858,73.71428571428571
W00003310,194,44,21,23,150,10,140,22.68041237113402,10.824742268041238,11.855670103092782,77.31958762886599,5.154639175257731,72.16494845360825
W00003311,124,24,5,19,100,13,87,19.35483870967742,4.032258064516129,15.32258064516129,80.64516129032258,10.483870967741936,70.16129032258065
W00003312,261,56,20,36,205,14,191,21.455938697318008,7.662835249042145,13.793103448275861,78.544061302682,5.363984674329502,73.18007662835248
W00003313,193,60,28,32,133,15,118,31.088082901554404,14.507772020725387,16.580310880829018,68.9119170984456,7.772020725388601,61.13989637305699
W00003314,417,87,41,46,330,27,303,20.863309352517987,9.832134292565947,11.031175059952037,79.13669064748201,6.474820143884892,72.66187050359713
W00003315,392,98,31,67,294,20,274,25,7.908163265306123,17.091836734693878,75,5.1020408163265305,69.89795918367348
W00003316,316,59,39,20,257,21,236,18.670886075949365,12.341772151898734,6.329113924050633,81.32911392405063,6.6455696202531636,74.68354430379746
W00003317,394,86,31,55,308,26,282,21.82741116751269,7.868020304568528,13.959390862944163,78.1725888324873,6.598984771573605,71.57360406091371
W00003318,387,93,40,53,294,29,265,24.031007751937985,10.335917312661499,13.695090439276486,75.96899224806202,7.493540051679587,68.47545219638242
W00003319,519,66,25,41,453,27,426,12.716763005780345,4.8169556840077075,7.89980732177264,87.28323699421965,5.202312138728324,82.08092485549133
W00003320,223,66,38,28,157,30,127,29.596412556053814,17.040358744394617,12.556053811659194,70.4035874439462,13.452914798206278,56.95067264573991
W00003321,236,56,20,36,180,23,157,23.728813559322035,8.47457627118644,15.254237288135593,76.27118644067797,9.745762711864407,66.52542372881356
W00003322,151,24,9,15,127,11,116,15.894039735099339,5.960264900662252,9.933774834437086,84.10596026490066,7.28476821192053,76.82119205298014
W00003323,195,45,20,25,150,16,134,23.076923076923077,10.256410256410255,12.82051282051282,76.92307692307693,8.205128205128204,68.71794871794872
W00003324,215,65,31,34,150,19,131,30.23255813953488,14.418604651162791,15.813953488372093,69.76744186046511,8.837209302325581,60.93023255813953
W00003325,286,37,17,20,249,14,235,12.937062937062937,5.944055944055944,6.993006993006993,87.06293706293707,4.895104895104895,82.16783216783216
W00003326,283,55,25,30,228,14,214,19.434628975265017,8.8339222614841,10.60070671378092,80.56537102473497,4.946996466431095,75.61837455830388
W00003327,232,62,31,31,170,19,151,26.72413793103448,13.36206896551724,13.36206896551724,73.27586206896551,8.189655172413794,65.08620689655173
W00003328,236,48,19,29,188,9,179,20.33898305084746,8.050847457627118,12.288135593220339,79.66101694915254,3.8135593220338984,75.84745762711864
W00003329,229,64,26,38,165,10,155,27.947598253275107,11.353711790393014,16.593886462882097,72.0524017467249,4.366812227074235,67.68558951965066
W00003330,257,50,19,31,207,24,183,19.45525291828794,7.392996108949417,12.062256809338521,80.54474708171206,9.33852140077821,71.20622568093385
W00003331,262,58,29,29,204,18,186,22.137404580152673,11.068702290076336,11.068702290076336,77.86259541984732,6.870229007633588,70.99236641221374
W00003332,121,33,16,17,88,9,79,27.27272727272727,13.223140495867769,14.049586776859504,72.72727272727273,7.43801652892562,65.28925619834712
W00003333,170,47,23,24,123,6,117,27.647058823529413,13.529411764705882,14.117647058823529,72.35294117647058,3.5294117647058822,68.82352941176471
W00003334,155,34,16,18,121,6,115,21.935483870967744,10.32258064516129,11.612903225806452,78.06451612903226,3.870967741935484,74.19354838709677
W00003335,197,45,21,24,152,10,142,22.84263959390863,10.65989847715736,12.18274111675127,77.15736040609137,5.0761421319796955,72.08121827411168
W00003336,379,89,57,32,290,18,272,23.482849604221638,15.03957783641161,8.443271767810026,76.51715039577837,4.749340369393139,71.76781002638522
W00003337,106,19,7,12,87,6,81,17.92452830188679,6.60377358490566,11.320754716981133,82.0754716981132,5.660377358490567,76.41509433962264
W00003338,206,44,19,25,162,16,146,21.35922330097087,9.223300970873787,12.135922330097088,78.64077669902912,7.766990291262135,70.87378640776699
W00003339,284,57,27,30,227,14,213,20.070422535211268,9.507042253521126,10.56338028169014,79.92957746478874,4.929577464788732,75
W00003340,171,51,23,28,120,11,109,29.82456140350877,13.450292397660817,16.374269005847953,70.17543859649122,6.432748538011696,63.74269005847953
W00003341,153,37,19,18,116,10,106,24.183006535947712,12.418300653594772,11.76470588235294,75.81699346405229,6.535947712418301,69.28104575163398
W00003342,154,30,10,20,124,14,110,19.480519480519483,6.493506493506493,12.987012987012985,80.51948051948052,9.090909090909092,71.42857142857143
W00003343,264,49,23,26,215,31,184,18.560606060606062,8.712121212121213,9.848484848484848,81.43939393939394,11.742424242424242,69.6969696969697
W00003344,266,42,11,31,224,25,199,15.789473684210526,4.135338345864661,11.654135338345863,84.21052631578947,9.398496240601503,74.81203007518798
W00003345,229,38,14,24,191,11,180,16.593886462882097,6.11353711790393,10.480349344978166,83.4061135371179,4.8034934497816595,78.60262008733623
W00003346,328,57,20,37,271,19,252,17.378048780487802,6.097560975609756,11.28048780487805,82.6219512195122,5.7926829268292686,76.82926829268293
W00003347,323,81,44,37,242,30,212,25.077399380804955,13.622291021671826,11.455108359133128,74.92260061919505,9.287925696594428,65.63467492260062
W00003348,392,109,62,47,283,28,255,27.806122448979593,15.816326530612246,11.989795918367346,72.1938775510204,7.142857142857142,65.05102040816327
W00003349,248,47,18,29,201,10,191,18.951612903225808,7.258064516129033,11.693548387096774,81.04838709677419,4.032258064516129,77.01612903225806
W00003350,232,31,12,19,201,21,180,13.36206896551724,5.172413793103448,8.189655172413794,86.63793103448276,9.051724137931034,77.58620689655173
W00003351,382,59,21,38,323,24,299,15.44502617801047,5.49738219895288,9.947643979057592,84.55497382198953,6.282722513089005,78.27225130890052
W00003352,379,66,26,40,313,22,291,17.41424802110818,6.860158311345646,10.554089709762533,82.58575197889182,5.804749340369393,76.78100263852242
W00003353,388,72,37,35,316,19,297,18.556701030927837,9.536082474226804,9.02061855670103,81.44329896907216,4.896907216494846,76.5463917525773
W00009986,302,38,10,28,264,17,247,12.582781456953644,3.3112582781456954,9.271523178807946,87.41721854304636,5.629139072847682,81.78807947019867
W00009987,341,46,16,30,295,22,273,13.48973607038123,4.69208211143695,8.797653958944283,86.51026392961877,6.451612903225806,80.05865102639295
W00010359,201,76,47,29,125,8,117,37.81094527363184,23.383084577114428,14.427860696517413,62.189054726368155,3.9800995024875623,58.2089552238806
W00010654,210,37,9,28,173,8,165,17.61904761904762,4.285714285714286,13.333333333333334,82.38095238095238,3.8095238095238098,78.57142857142857
W00010658,345,69,33,36,276,19,257,20,9.565217391304348,10.434782608695652,80,5.507246376811594,74.4927536231884
W00010662,319,94,44,50,225,16,209,29.46708463949843,13.793103448275861,15.673981191222571,70.53291536050156,5.015673981191222,65.51724137931035
W00010667,345,45,16,29,300,19,281,13.043478260869565,4.63768115942029,8.405797101449275,86.95652173913044,5.507246376811594,81.44927536231884
W00010672,284,43,18,25,241,33,208,15.140845070422534,6.338028169014084,8.80281690140845,84.85915492957746,11.619718309859154,73.23943661971832
W00010676,336,85,45,40,251,11,240,25.297619047619047,13.392857142857142,11.904761904761903,74.70238095238095,3.273809523809524,71.42857142857143
W00010677,203,55,21,34,148,17,131,27.093596059113302,10.344827586206897,16.748768472906402,72.9064039408867,8.374384236453201,64.5320197044335
W00010679,326,51,18,33,275,32,243,15.644171779141105,5.521472392638037,10.122699386503067,84.3558282208589,9.815950920245399,74.5398773006135
W00010680,305,53,29,24,252,20,232,17.37704918032787,9.508196721311474,7.868852459016394,82.62295081967214,6.557377049180328,76.0655737704918
W00010683,308,71,40,31,237,23,214,23.051948051948052,12.987012987012985,10.064935064935066,76.94805194805194,7.467532467532467,69.48051948051948
W00010684,289,51,22,29,238,20,218,17.647058823529413,7.612456747404845,10.034602076124568,82.35294117647058,6.920415224913495,75.4325259515571
W00010686,370,50,12,38,320,26,294,13.513513513513514,3.2432432432432434,10.27027027027027,86.48648648648648,7.027027027027027,79.45945945945945
W00010687,364,68,32,36,296,17,279,18.681318681318682,8.791208791208792,9.89010989010989,81.31868131868131,4.670329670329671,76.64835164835165
W00010689,332,53,20,33,279,27,252,15.963855421686745,6.024096385542169,9.939759036144578,84.03614457831326,8.132530120481928,75.90361445783132
W00010690,219,42,20,22,177,16,161,19.17808219178082,9.1324200913242,10.045662100456621,80.82191780821918,7.30593607305936,73.51598173515981
W00010692,271,60,24,36,211,12,199,22.14022140221402,8.856088560885608,13.284132841328415,77.85977859778598,4.428044280442804,73.43173431734317
