OA,ts0590001,ts0590002,ts0590003,ts0590004,ts0590005,ts0590006,ts0590007,ts0590002_PCT,ts0590003_PCT,ts0590004_PCT,ts0590005_PCT,ts0590006_PCT,ts0590007_PCT
E00118604,235,68,24,44,167,148,19,28.936170212765955,10.212765957446807,18.72340425531915,71.06382978723404,62.97872340425532,8.085106382978724
E00118605,181,45,13,32,136,120,16,24.861878453038674,7.18232044198895,17.67955801104972,75.13812154696133,66.29834254143645,8.83977900552486
E00118607,75,27,10,17,48,42,6,36,13.333333333333334,22.666666666666664,64,56.00000000000001,8
E00118610,192,49,17,32,143,116,27,25.520833333333332,8.854166666666668,16.666666666666664,74.47916666666666,60.416666666666664,14.0625
E00118611,130,44,20,24,86,76,10,33.84615384615385,15.384615384615385,18.461538461538463,66.15384615384615,58.46153846153847,7.6923076923076925
E00118612,271,79,18,61,192,164,28,29.15129151291513,6.642066420664207,22.509225092250922,70.84870848708486,60.51660516605166,10.33210332103321
E00118613,134,44,17,27,90,67,23,32.83582089552239,12.686567164179104,20.149253731343283,67.16417910447761,50,17.16417910447761
E00118614,168,53,18,35,115,100,15,31.547619047619047,10.714285714285714,20.833333333333336,68.45238095238095,59.523809523809526,8.928571428571429
E00118615,159,52,19,33,107,91,16,32.70440251572327,11.949685534591195,20.754716981132077,67.29559748427673,57.23270440251572,10.062893081761008
E00118616,125,47,20,27,78,69,9,37.6,16,21.6,62.4,55.2,7.199999999999999
E00118618,156,47,21,26,109,97,12,30.128205128205128,13.461538461538462,16.666666666666664,69.87179487179486,62.17948717948718,7.6923076923076925
E00118619,166,56,18,38,110,91,19,33.734939759036145,10.843373493975903,22.89156626506024,66.26506024096386,54.81927710843374,11.44578313253012
E00118620,167,65,23,42,102,92,10,38.92215568862276,13.77245508982036,25.149700598802394,61.07784431137725,55.08982035928144,5.9880239520958085
E00118621,204,58,15,43,146,130,16,28.431372549019606,7.352941176470589,21.07843137254902,71.56862745098039,63.725490196078425,7.8431372549019605
E00118622,163,43,13,30,120,104,16,26.380368098159508,7.975460122699387,18.404907975460123,73.61963190184049,63.80368098159509,9.815950920245399
E00118623,143,45,16,29,98,81,17,31.46853146853147,11.188811188811188,20.27972027972028,68.53146853146853,56.64335664335665,11.888111888111888
E00118624,122,39,15,24,83,77,6,31.967213114754102,12.295081967213115,19.672131147540984,68.0327868852459,63.114754098360656,4.918032786885246
E00118625,199,59,19,40,140,120,20,29.64824120603015,9.547738693467336,20.100502512562816,70.35175879396985,60.30150753768844,10.050251256281408
E00118626,181,46,17,29,135,114,21,25.41436464088398,9.392265193370166,16.022099447513813,74.58563535911603,62.98342541436463,11.602209944751381
E00118627,218,67,22,45,151,125,26,30.73394495412844,10.091743119266056,20.642201834862387,69.26605504587155,57.3394495412844,11.926605504587156
E00118628,202,63,26,37,139,123,16,31.18811881188119,12.871287128712872,18.316831683168317,68.8118811881188,60.89108910891089,7.920792079207921
E00118629,225,54,16,38,171,143,28,24,7.111111111111111,16.88888888888889,76,63.55555555555556,12.444444444444445
E00118630,152,57,17,40,95,84,11,37.5,11.18421052631579,26.31578947368421,62.5,55.26315789473685,7.236842105263158
E00118631,154,44,19,25,110,99,11,28.57142857142857,12.337662337662337,16.233766233766232,71.42857142857143,64.28571428571429,7.142857142857142
E00118632,126,43,16,27,83,70,13,34.12698412698413,12.698412698412698,21.428571428571427,65.87301587301587,55.55555555555556,10.317460317460316
E00118633,164,37,11,26,127,109,18,22.5609756097561,6.707317073170732,15.853658536585366,77.4390243902439,66.46341463414635,10.975609756097562
E00118634,194,50,16,34,144,120,24,25.773195876288657,8.24742268041237,17.525773195876287,74.22680412371135,61.855670103092784,12.371134020618557
E00118635,198,46,13,33,152,131,21,23.232323232323232,6.565656565656567,16.666666666666664,76.76767676767676,66.16161616161617,10.606060606060606
E00118636,141,50,18,32,91,75,16,35.46099290780142,12.76595744680851,22.69503546099291,64.53900709219859,53.191489361702125,11.347517730496454
E00118637,102,40,15,25,62,56,6,39.21568627450981,14.705882352941178,24.509803921568626,60.78431372549019,54.90196078431373,5.88235294117647
E00118638,158,57,21,36,101,80,21,36.075949367088604,13.291139240506327,22.78481012658228,63.92405063291139,50.63291139240506,13.291139240506327
E00118639,184,42,17,25,142,107,35,22.82608695652174,9.239130434782608,13.586956521739129,77.17391304347827,58.152173913043484,19.021739130434785
E00118640,125,40,21,19,85,59,26,32,16.8,15.2,68,47.199999999999996,20.8
E00118641,137,47,21,26,90,69,21,34.306569343065696,15.328467153284672,18.97810218978102,65.69343065693431,50.36496350364964,15.328467153284672
E00118642,133,41,18,23,92,65,27,30.82706766917293,13.533834586466165,17.293233082706767,69.17293233082707,48.87218045112782,20.30075187969925
E00118643,113,47,22,25,66,58,8,41.5929203539823,19.469026548672566,22.123893805309734,58.4070796460177,51.32743362831859,7.079646017699115
E00118644,298,95,53,42,203,154,49,31.879194630872483,17.78523489932886,14.093959731543624,68.12080536912751,51.67785234899329,16.44295302013423
E00118645,22,11,6,5,11,10,1,50,27.27272727272727,22.727272727272727,50,45.45454545454545,4.545454545454546
E00118646,299,65,24,41,234,197,37,21.73913043478261,8.02675585284281,13.712374581939798,78.26086956521739,65.88628762541806,12.37458193979933
E00118647,193,24,10,14,169,143,26,12.435233160621761,5.181347150259067,7.253886010362693,87.56476683937824,74.09326424870466,13.471502590673575
E00118650,191,51,21,30,140,111,29,26.701570680628272,10.99476439790576,15.706806282722512,73.29842931937172,58.1151832460733,15.18324607329843
E00118651,240,49,18,31,191,163,28,20.416666666666668,7.5,12.916666666666668,79.58333333333333,67.91666666666667,11.666666666666666
E00118653,211,49,15,34,162,121,41,23.22274881516588,7.109004739336493,16.113744075829384,76.77725118483413,57.345971563981045,19.431279620853083
E00118654,324,60,21,39,264,217,47,18.51851851851852,6.481481481481481,12.037037037037036,81.48148148148148,66.9753086419753,14.506172839506174
E00118655,156,43,9,34,113,96,17,27.564102564102566,5.769230769230769,21.794871794871796,72.43589743589743,61.53846153846154,10.897435897435898
E00118656,124,44,20,24,80,52,28,35.483870967741936,16.129032258064516,19.35483870967742,64.51612903225806,41.935483870967744,22.58064516129032
E00118657,56,25,13,12,31,20,11,44.642857142857146,23.214285714285715,21.428571428571427,55.35714285714286,35.714285714285715,19.642857142857142
E00118658,70,19,13,6,51,36,15,27.142857142857142,18.571428571428573,8.571428571428571,72.85714285714285,51.42857142857142,21.428571428571427
E00118659,80,30,13,17,50,39,11,37.5,16.25,21.25,62.5,48.75,13.750000000000002
E00118660,148,43,18,25,105,70,35,29.054054054054053,12.162162162162163,16.89189189189189,70.94594594594594,47.2972972972973,23.64864864864865
E00118661,45,15,7,8,30,20,10,33.33333333333333,15.555555555555555,17.77777777777778,66.66666666666666,44.44444444444444,22.22222222222222
E00118662,113,43,17,26,70,55,15,38.05309734513274,15.04424778761062,23.008849557522122,61.94690265486725,48.67256637168141,13.274336283185843
E00118663,198,65,36,29,133,113,20,32.82828282828283,18.181818181818183,14.646464646464647,67.17171717171718,57.07070707070707,10.1010101010101
E00118664,142,42,24,18,100,66,34,29.577464788732392,16.901408450704224,12.676056338028168,70.4225352112676,46.478873239436616,23.943661971830984
E00118665,87,24,12,12,63,47,16,27.586206896551722,13.793103448275861,13.793103448275861,72.41379310344827,54.02298850574713,18.39080459770115
E00118666,155,55,24,31,100,77,23,35.483870967741936,15.483870967741936,20,64.51612903225806,49.67741935483871,14.838709677419354
E00118667,188,59,27,32,129,114,15,31.382978723404253,14.361702127659576,17.02127659574468,68.61702127659575,60.63829787234043,7.9787234042553195
E00118668,191,54,24,30,137,116,21,28.272251308900525,12.56544502617801,15.706806282722512,71.72774869109948,60.73298429319372,10.99476439790576
E00118669,192,68,23,45,124,105,19,35.41666666666667,11.979166666666668,23.4375,64.58333333333334,54.6875,9.895833333333332
E00118670,99,32,7,25,67,58,9,32.323232323232325,7.07070707070707,25.252525252525253,67.67676767676768,58.58585858585859,9.090909090909092
E00118671,178,68,18,50,110,103,7,38.20224719101123,10.112359550561797,28.08988764044944,61.79775280898876,57.865168539325836,3.932584269662921
E00118672,200,46,25,21,154,125,29,23,12.5,10.5,77,62.5,14.499999999999998
E00118673,154,60,17,43,94,79,15,38.961038961038966,11.03896103896104,27.92207792207792,61.038961038961034,51.298701298701296,9.740259740259742
E00118674,168,47,13,34,121,101,20,27.976190476190478,7.738095238095238,20.238095238095237,72.02380952380952,60.11904761904761,11.904761904761903
E00118675,204,65,25,40,139,123,16,31.862745098039213,12.254901960784313,19.607843137254903,68.13725490196079,60.29411764705882,7.8431372549019605
E00118676,212,71,26,45,141,121,20,33.490566037735846,12.264150943396226,21.22641509433962,66.50943396226415,57.07547169811321,9.433962264150944
E00118677,190,58,22,36,132,119,13,30.526315789473685,11.578947368421053,18.947368421052634,69.47368421052632,62.63157894736842,6.842105263157896
E00118678,177,51,16,35,126,113,13,28.8135593220339,9.03954802259887,19.774011299435028,71.1864406779661,63.84180790960452,7.344632768361582
E00118679,218,62,22,40,156,135,21,28.440366972477065,10.091743119266056,18.34862385321101,71.55963302752293,61.92660550458715,9.63302752293578
E00118680,206,69,26,43,137,118,19,33.49514563106796,12.62135922330097,20.87378640776699,66.50485436893204,57.28155339805825,9.223300970873787
E00118681,204,60,21,39,144,126,18,29.411764705882355,10.294117647058822,19.11764705882353,70.58823529411765,61.76470588235294,8.823529411764707
E00118682,185,41,12,29,144,118,26,22.162162162162165,6.486486486486487,15.675675675675677,77.83783783783784,63.78378378378379,14.054054054054054
E00118683,161,48,23,25,113,97,16,29.81366459627329,14.285714285714285,15.527950310559005,70.1863354037267,60.24844720496895,9.937888198757763
E00118684,132,34,10,24,98,86,12,25.757575757575758,7.575757575757576,18.181818181818183,74.24242424242425,65.15151515151516,9.090909090909092
E00118685,140,51,28,23,89,47,42,36.42857142857142,20,16.428571428571427,63.57142857142857,33.57142857142857,30
E00118686,137,46,11,35,91,75,16,33.57664233576642,8.02919708029197,25.547445255474454,66.42335766423358,54.74452554744526,11.678832116788321
E00118687,173,38,15,23,135,105,30,21.965317919075144,8.670520231213873,13.294797687861271,78.03468208092485,60.69364161849711,17.341040462427745
E00118688,244,46,22,24,198,146,52,18.852459016393443,9.01639344262295,9.836065573770492,81.14754098360656,59.83606557377049,21.311475409836063
E00118689,253,55,27,28,198,142,56,21.73913043478261,10.67193675889328,11.067193675889328,78.26086956521739,56.126482213438734,22.134387351778656
E00118690,117,39,12,27,78,58,20,33.33333333333333,10.256410256410255,23.076923076923077,66.66666666666666,49.572649572649574,17.094017094017094
E00118691,139,38,9,29,101,70,31,27.33812949640288,6.474820143884892,20.863309352517987,72.66187050359713,50.35971223021583,22.302158273381295
E00118692,160,31,12,19,129,102,27,19.375,7.5,11.875,80.625,63.74999999999999,16.875
E00118694,176,60,24,36,116,92,24,34.090909090909086,13.636363636363635,20.454545454545457,65.9090909090909,52.27272727272727,13.636363636363635
E00118695,162,42,17,25,120,100,20,25.925925925925924,10.493827160493826,15.432098765432098,74.07407407407408,61.72839506172839,12.345679012345679
E00118696,175,49,18,31,126,99,27,28.000000000000004,10.285714285714285,17.71428571428571,72,56.57142857142857,15.428571428571427
E00118697,161,38,15,23,123,106,17,23.60248447204969,9.316770186335404,14.285714285714285,76.3975155279503,65.83850931677019,10.559006211180124
E00118698,158,49,23,26,109,87,22,31.0126582278481,14.556962025316455,16.455696202531644,68.9873417721519,55.06329113924051,13.924050632911392
E00118699,142,41,11,30,101,87,14,28.87323943661972,7.746478873239436,21.12676056338028,71.12676056338029,61.267605633802816,9.859154929577464
E00118700,174,50,20,30,124,79,45,28.735632183908045,11.494252873563218,17.24137931034483,71.26436781609196,45.40229885057471,25.862068965517242
E00118701,147,42,23,19,105,79,26,28.57142857142857,15.646258503401361,12.925170068027212,71.42857142857143,53.74149659863946,17.687074829931973
E00118702,146,38,17,21,108,82,26,26.027397260273972,11.643835616438356,14.383561643835616,73.97260273972603,56.16438356164384,17.80821917808219
E00118703,138,48,23,25,90,60,30,34.78260869565217,16.666666666666664,18.115942028985508,65.21739130434783,43.47826086956522,21.73913043478261
E00118704,122,26,9,17,96,83,13,21.311475409836063,7.377049180327869,13.934426229508196,78.68852459016394,68.0327868852459,10.655737704918032
E00118705,198,61,28,33,137,104,33,30.808080808080806,14.14141414141414,16.666666666666664,69.1919191919192,52.52525252525253,16.666666666666664
E00118706,163,55,22,33,108,76,32,33.74233128834356,13.496932515337424,20.245398773006134,66.25766871165644,46.62576687116564,19.631901840490798
E00118707,135,45,18,27,90,68,22,33.33333333333333,13.333333333333334,20,66.66666666666666,50.37037037037037,16.296296296296298
E00118708,172,54,28,26,118,91,27,31.3953488372093,16.27906976744186,15.11627906976744,68.6046511627907,52.90697674418605,15.69767441860465
E00118709,136,47,16,31,89,65,24,34.55882352941176,11.76470588235294,22.794117647058822,65.44117647058823,47.794117647058826,17.647058823529413
E00118710,215,75,33,42,140,98,42,34.883720930232556,15.348837209302326,19.53488372093023,65.11627906976744,45.58139534883721,19.53488372093023
E00118711,203,55,18,37,148,117,31,27.093596059113302,8.866995073891626,18.226600985221676,72.9064039408867,57.635467980295566,15.270935960591133
E00118712,189,50,24,26,139,102,37,26.455026455026452,12.698412698412698,13.756613756613756,73.54497354497354,53.96825396825397,19.576719576719576
E00118713,194,62,26,36,132,102,30,31.958762886597935,13.402061855670103,18.556701030927837,68.04123711340206,52.57731958762887,15.463917525773196
E00118714,186,48,13,35,138,98,40,25.806451612903224,6.989247311827956,18.817204301075268,74.19354838709677,52.68817204301075,21.50537634408602
E00118715,175,48,21,27,127,91,36,27.42857142857143,12,15.428571428571427,72.57142857142857,52,20.57142857142857
E00118716,192,53,24,29,139,100,39,27.604166666666668,12.5,15.104166666666666,72.39583333333334,52.083333333333336,20.3125
E00118717,199,48,14,34,151,123,28,24.120603015075375,7.035175879396985,17.08542713567839,75.87939698492463,61.80904522613066,14.07035175879397
E00118718,149,46,17,29,103,81,22,30.87248322147651,11.409395973154362,19.463087248322147,69.12751677852349,54.36241610738255,14.76510067114094
E00118719,157,59,22,37,98,82,16,37.57961783439491,14.012738853503185,23.56687898089172,62.42038216560509,52.22929936305732,10.191082802547772
E00118720,148,43,18,25,105,90,15,29.054054054054053,12.162162162162163,16.89189189189189,70.94594594594594,60.810810810810814,10.135135135135135
E00118721,187,59,20,39,128,107,21,31.550802139037433,10.695187165775401,20.855614973262032,68.44919786096256,57.21925133689839,11.229946524064172
E00118722,154,34,14,20,120,93,27,22.07792207792208,9.090909090909092,12.987012987012985,77.92207792207793,60.3896103896104,17.532467532467532
E00118723,159,49,28,21,110,78,32,30.81761006289308,17.61006289308176,13.20754716981132,69.18238993710692,49.056603773584904,20.125786163522015
E00118724,130,41,19,22,89,63,26,31.538461538461537,14.615384615384617,16.923076923076923,68.46153846153847,48.46153846153846,20
E00118725,156,53,23,30,103,71,32,33.97435897435898,14.743589743589745,19.230769230769234,66.02564102564102,45.51282051282051,20.51282051282051
E00118726,169,53,29,24,116,85,31,31.360946745562128,17.159763313609467,14.201183431952662,68.63905325443787,50.29585798816568,18.34319526627219
E00118728,198,62,30,32,136,98,38,31.313131313131315,15.151515151515152,16.161616161616163,68.68686868686868,49.494949494949495,19.19191919191919
E00118729,160,43,14,29,117,95,22,26.875,8.75,18.125,73.125,59.375,13.750000000000002
E00118730,199,77,35,42,122,94,28,38.69346733668342,17.587939698492463,21.105527638190953,61.30653266331658,47.23618090452261,14.07035175879397
E00118731,146,43,10,33,103,83,20,29.45205479452055,6.8493150684931505,22.602739726027394,70.54794520547945,56.849315068493155,13.698630136986301
E00118732,117,38,12,26,79,66,13,32.47863247863248,10.256410256410255,22.22222222222222,67.52136752136752,56.41025641025641,11.11111111111111
E00118733,217,62,27,35,155,119,36,28.57142857142857,12.442396313364055,16.129032258064516,71.42857142857143,54.83870967741935,16.589861751152075
E00118735,107,27,7,20,80,66,14,25.233644859813083,6.5420560747663545,18.69158878504673,74.76635514018692,61.6822429906542,13.084112149532709
E00118736,199,68,29,39,131,114,17,34.17085427135678,14.572864321608039,19.597989949748744,65.82914572864321,57.286432160804026,8.542713567839195
E00118737,187,64,20,44,123,96,27,34.22459893048128,10.695187165775401,23.52941176470588,65.77540106951871,51.33689839572193,14.43850267379679
E00118738,190,63,18,45,127,86,41,33.1578947368421,9.473684210526317,23.684210526315788,66.84210526315789,45.26315789473684,21.578947368421055
E00118739,180,65,32,33,115,69,46,36.11111111111111,17.77777777777778,18.333333333333332,63.888888888888886,38.333333333333336,25.555555555555554
E00118740,198,45,14,31,153,120,33,22.727272727272727,7.07070707070707,15.656565656565657,77.27272727272727,60.60606060606061,16.666666666666664
E00118741,137,39,17,22,98,68,30,28.467153284671532,12.408759124087592,16.05839416058394,71.53284671532847,49.63503649635037,21.897810218978105
E00118742,151,48,27,21,103,74,29,31.788079470198678,17.880794701986755,13.90728476821192,68.21192052980133,49.00662251655629,19.205298013245034
E00118743,182,51,22,29,131,96,35,28.021978021978022,12.087912087912088,15.934065934065933,71.97802197802197,52.74725274725275,19.230769230769234
E00118744,153,60,27,33,93,65,28,39.21568627450981,17.647058823529413,21.568627450980394,60.78431372549019,42.48366013071895,18.30065359477124
E00118745,141,49,19,30,92,69,23,34.751773049645394,13.47517730496454,21.27659574468085,65.24822695035462,48.93617021276596,16.312056737588655
E00118746,175,57,20,37,118,81,37,32.57142857142858,11.428571428571429,21.142857142857142,67.42857142857143,46.285714285714285,21.142857142857142
E00118748,103,30,7,23,73,61,12,29.126213592233007,6.796116504854369,22.330097087378643,70.87378640776699,59.22330097087378,11.650485436893204
E00118749,160,54,20,34,106,92,14,33.75,12.5,21.25,66.25,57.49999999999999,8.75
E00118750,127,41,9,32,86,74,12,32.28346456692913,7.086614173228346,25.196850393700785,67.71653543307087,58.26771653543307,9.448818897637794
E00118752,167,49,20,29,118,103,15,29.34131736526946,11.976047904191617,17.365269461077844,70.65868263473054,61.67664670658682,8.982035928143713
E00118753,145,47,16,31,98,81,17,32.41379310344827,11.03448275862069,21.379310344827587,67.58620689655173,55.86206896551724,11.724137931034482
E00118754,148,52,18,34,96,72,24,35.13513513513514,12.162162162162163,22.972972972972975,64.86486486486487,48.64864864864865,16.216216216216218
E00118755,184,50,16,34,134,117,17,27.173913043478258,8.695652173913043,18.478260869565215,72.82608695652173,63.58695652173913,9.239130434782608
E00118756,153,42,21,21,111,90,21,27.450980392156865,13.725490196078432,13.725490196078432,72.54901960784314,58.82352941176471,13.725490196078432
E00118757,156,59,24,35,97,80,17,37.82051282051282,15.384615384615385,22.435897435897438,62.17948717948718,51.28205128205128,10.897435897435898
E00118758,167,57,30,27,110,90,20,34.13173652694611,17.964071856287426,16.16766467065868,65.86826347305389,53.89221556886228,11.976047904191617
E00118759,103,34,14,20,69,49,20,33.00970873786408,13.592233009708737,19.41747572815534,66.99029126213593,47.57281553398058,19.41747572815534
E00118760,146,54,24,30,92,66,26,36.986301369863014,16.43835616438356,20.54794520547945,63.013698630136986,45.20547945205479,17.80821917808219
E00118761,105,30,13,17,75,53,22,28.57142857142857,12.380952380952381,16.19047619047619,71.42857142857143,50.476190476190474,20.952380952380953
E00118762,190,61,26,35,129,89,40,32.10526315789474,13.684210526315791,18.421052631578945,67.89473684210526,46.8421052631579,21.052631578947366
E00118763,158,57,22,35,101,76,25,36.075949367088604,13.924050632911392,22.151898734177212,63.92405063291139,48.10126582278481,15.822784810126583
E00118764,152,51,27,24,101,71,30,33.55263157894737,17.763157894736842,15.789473684210526,66.44736842105263,46.71052631578947,19.736842105263158
E00118765,149,47,18,29,102,74,28,31.543624161073826,12.080536912751679,19.463087248322147,68.45637583892618,49.664429530201346,18.79194630872483
E00118766,132,30,11,19,102,88,14,22.727272727272727,8.333333333333332,14.393939393939394,77.27272727272727,66.66666666666666,10.606060606060606
E00118767,188,60,16,44,128,105,23,31.914893617021278,8.51063829787234,23.404255319148938,68.08510638297872,55.85106382978723,12.23404255319149
E00118768,180,35,14,21,145,117,28,19.444444444444446,7.777777777777778,11.666666666666666,80.55555555555556,65,15.555555555555555
E00118769,115,27,6,21,88,70,18,23.47826086956522,5.217391304347826,18.26086956521739,76.52173913043478,60.86956521739131,15.65217391304348
E00118770,170,52,17,35,118,78,40,30.58823529411765,10,20.588235294117645,69.41176470588235,45.88235294117647,23.52941176470588
E00118771,176,56,22,34,120,105,15,31.818181818181817,12.5,19.318181818181817,68.18181818181817,59.65909090909091,8.522727272727272
E00118772,187,52,20,32,135,111,24,27.807486631016044,10.695187165775401,17.11229946524064,72.19251336898395,59.35828877005348,12.834224598930483
E00118773,153,44,22,22,109,87,22,28.75816993464052,14.37908496732026,14.37908496732026,71.24183006535948,56.86274509803921,14.37908496732026
E00118774,173,38,13,25,135,107,28,21.965317919075144,7.514450867052023,14.450867052023122,78.03468208092485,61.849710982658955,16.184971098265898
E00118775,140,43,13,30,97,82,15,30.714285714285715,9.285714285714286,21.428571428571427,69.28571428571428,58.57142857142858,10.714285714285714
E00118776,192,46,19,27,146,122,24,23.958333333333336,9.895833333333332,14.0625,76.04166666666666,63.541666666666664,12.5
E00118777,180,55,32,23,125,102,23,30.555555555555557,17.77777777777778,12.777777777777777,69.44444444444444,56.666666666666664,12.777777777777777
E00118778,192,56,15,41,136,108,28,29.166666666666668,7.8125,21.354166666666664,70.83333333333334,56.25,14.583333333333334
E00118779,150,52,17,35,98,85,13,34.66666666666667,11.333333333333332,23.333333333333332,65.33333333333333,56.666666666666664,8.666666666666668
E00118780,149,33,9,24,116,103,13,22.14765100671141,6.0402684563758395,16.10738255033557,77.85234899328859,69.12751677852349,8.724832214765101
E00118781,183,50,23,27,133,112,21,27.322404371584703,12.568306010928962,14.754098360655737,72.6775956284153,61.20218579234973,11.475409836065573
E00118782,138,41,17,24,97,80,17,29.71014492753623,12.318840579710146,17.391304347826086,70.28985507246377,57.971014492753625,12.318840579710146
E00118783,152,43,21,22,109,85,24,28.289473684210524,13.815789473684212,14.473684210526317,71.71052631578947,55.92105263157895,15.789473684210526
E00118784,186,57,21,36,129,113,16,30.64516129032258,11.29032258064516,19.35483870967742,69.35483870967742,60.752688172043015,8.60215053763441
E00118785,158,49,21,28,109,83,26,31.0126582278481,13.291139240506327,17.72151898734177,68.9873417721519,52.53164556962025,16.455696202531644
E00118786,195,50,14,36,145,127,18,25.64102564102564,7.179487179487179,18.461538461538463,74.35897435897436,65.12820512820512,9.230769230769232
E00118787,90,29,7,22,61,51,10,32.22222222222222,7.777777777777778,24.444444444444443,67.77777777777779,56.666666666666664,11.11111111111111
E00118788,169,44,16,28,125,108,17,26.035502958579883,9.467455621301776,16.56804733727811,73.96449704142012,63.905325443786985,10.059171597633137
E00118789,143,49,15,34,94,84,10,34.26573426573427,10.48951048951049,23.776223776223777,65.73426573426573,58.74125874125874,6.993006993006993
E00118790,164,50,18,32,114,100,14,30.48780487804878,10.975609756097562,19.51219512195122,69.51219512195121,60.97560975609756,8.536585365853659
E00118791,173,54,26,28,119,106,13,31.213872832369944,15.028901734104046,16.184971098265898,68.78612716763006,61.27167630057804,7.514450867052023
E00118792,167,38,14,24,129,111,18,22.75449101796407,8.383233532934131,14.37125748502994,77.24550898203593,66.46706586826348,10.778443113772456
E00118793,164,50,17,33,114,98,16,30.48780487804878,10.365853658536585,20.121951219512198,69.51219512195121,59.756097560975604,9.75609756097561
E00118794,157,48,14,34,109,97,12,30.573248407643312,8.9171974522293,21.656050955414013,69.42675159235668,61.78343949044586,7.643312101910828
E00118795,167,48,16,32,119,97,22,28.74251497005988,9.580838323353294,19.16167664670659,71.25748502994011,58.08383233532935,13.17365269461078
E00118796,191,61,26,35,130,108,22,31.93717277486911,13.612565445026178,18.32460732984293,68.06282722513089,56.54450261780105,11.518324607329843
E00118797,163,54,21,33,109,96,13,33.12883435582822,12.883435582822086,20.245398773006134,66.87116564417178,58.895705521472394,7.975460122699387
E00118798,128,24,7,17,104,86,18,18.75,5.46875,13.28125,81.25,67.1875,14.0625
E00118799,138,46,12,34,92,83,9,33.33333333333333,8.695652173913043,24.637681159420293,66.66666666666666,60.14492753623188,6.521739130434782
E00118800,155,61,18,43,94,82,12,39.35483870967742,11.612903225806452,27.741935483870968,60.64516129032258,52.903225806451616,7.741935483870968
E00118801,161,45,13,32,116,97,19,27.95031055900621,8.074534161490684,19.875776397515526,72.04968944099379,60.24844720496895,11.801242236024844
E00118802,163,40,11,29,123,107,16,24.539877300613497,6.748466257668712,17.791411042944784,75.4601226993865,65.6441717791411,9.815950920245399
E00118803,185,62,21,41,123,108,15,33.513513513513516,11.351351351351353,22.162162162162165,66.48648648648648,58.37837837837838,8.108108108108109
E00118804,125,33,13,20,92,80,12,26.400000000000002,10.4,16,73.6,64,9.6
E00118805,168,50,14,36,118,102,16,29.761904761904763,8.333333333333332,21.428571428571427,70.23809523809523,60.71428571428571,9.523809523809524
E00118806,237,60,20,40,177,149,28,25.31645569620253,8.438818565400844,16.877637130801688,74.68354430379746,62.869198312236286,11.814345991561181
E00118807,181,61,18,43,120,108,12,33.70165745856354,9.94475138121547,23.756906077348066,66.29834254143645,59.66850828729282,6.629834254143646
E00118808,177,59,16,43,118,95,23,33.33333333333333,9.03954802259887,24.293785310734464,66.66666666666666,53.672316384180796,12.994350282485875
E00118809,178,54,18,36,124,102,22,30.337078651685395,10.112359550561797,20.224719101123593,69.66292134831461,57.30337078651685,12.359550561797752
E00118810,192,51,18,33,141,125,16,26.5625,9.375,17.1875,73.4375,65.10416666666666,8.333333333333332
E00118811,174,45,14,31,129,103,26,25.862068965517242,8.045977011494253,17.81609195402299,74.13793103448276,59.195402298850574,14.942528735632186
E00118812,198,63,24,39,135,107,28,31.818181818181817,12.121212121212121,19.696969696969695,68.18181818181817,54.04040404040404,14.14141414141414
E00118813,126,36,15,21,90,75,15,28.57142857142857,11.904761904761903,16.666666666666664,71.42857142857143,59.523809523809526,11.904761904761903
E00118814,201,59,19,40,142,118,24,29.35323383084577,9.45273631840796,19.900497512437813,70.64676616915423,58.70646766169154,11.940298507462686
E00118815,157,59,24,35,98,84,14,37.57961783439491,15.286624203821656,22.29299363057325,62.42038216560509,53.503184713375795,8.9171974522293
E00118816,183,58,19,39,125,107,18,31.693989071038253,10.382513661202186,21.311475409836063,68.30601092896174,58.46994535519126,9.836065573770492
E00118817,149,58,21,37,91,82,9,38.92617449664429,14.093959731543624,24.832214765100673,61.07382550335571,55.033557046979865,6.0402684563758395
E00118818,177,44,15,29,133,114,19,24.858757062146893,8.47457627118644,16.38418079096045,75.14124293785311,64.40677966101694,10.734463276836157
E00118819,179,52,13,39,127,112,15,29.05027932960894,7.262569832402235,21.787709497206702,70.94972067039106,62.56983240223464,8.379888268156424
E00118820,227,85,36,49,142,115,27,37.44493392070485,15.859030837004406,21.58590308370044,62.55506607929515,50.66079295154186,11.894273127753303
E00118821,176,53,15,38,123,111,12,30.113636363636363,8.522727272727272,21.59090909090909,69.88636363636364,63.06818181818182,6.8181818181818175
E00118822,119,28,8,20,91,74,17,23.52941176470588,6.722689075630252,16.80672268907563,76.47058823529412,62.18487394957983,14.285714285714285
E00118823,171,52,15,37,119,104,15,30.409356725146196,8.771929824561402,21.637426900584796,69.5906432748538,60.81871345029239,8.771929824561402
E00118824,143,41,11,30,102,84,18,28.671328671328673,7.6923076923076925,20.97902097902098,71.32867132867133,58.74125874125874,12.587412587412588
E00118825,183,58,20,38,125,102,23,31.693989071038253,10.92896174863388,20.76502732240437,68.30601092896174,55.73770491803278,12.568306010928962
E00118826,152,46,18,28,106,91,15,30.263157894736842,11.842105263157894,18.421052631578945,69.73684210526315,59.86842105263158,9.868421052631579
E00118827,157,55,15,40,102,78,24,35.03184713375796,9.554140127388536,25.477707006369428,64.96815286624204,49.681528662420384,15.286624203821656
E00118828,146,41,16,25,105,92,13,28.08219178082192,10.95890410958904,17.123287671232877,71.91780821917808,63.013698630136986,8.904109589041095
E00118829,180,52,18,34,128,107,21,28.888888888888886,10,18.88888888888889,71.11111111111111,59.44444444444444,11.666666666666666
E00118830,144,36,8,28,108,92,16,25,5.555555555555555,19.444444444444446,75,63.888888888888886,11.11111111111111
E00118831,192,58,19,39,134,114,20,30.208333333333332,9.895833333333332,20.3125,69.79166666666666,59.375,10.416666666666668
E00118832,155,38,12,26,117,106,11,24.516129032258064,7.741935483870968,16.7741935483871,75.48387096774194,68.38709677419355,7.096774193548387
E00118833,184,55,25,30,129,114,15,29.891304347826086,13.586956521739129,16.304347826086957,70.1086956521739,61.95652173913043,8.152173913043478
E00118834,127,36,19,17,91,81,10,28.346456692913385,14.960629921259844,13.385826771653544,71.65354330708661,63.77952755905512,7.874015748031496
E00118835,122,37,11,26,85,71,14,30.327868852459016,9.01639344262295,21.311475409836063,69.67213114754098,58.19672131147541,11.475409836065573
E00118836,158,51,12,39,107,95,12,32.278481012658226,7.59493670886076,24.68354430379747,67.72151898734177,60.12658227848101,7.59493670886076
E00118837,177,39,17,22,138,107,31,22.033898305084744,9.6045197740113,12.429378531073446,77.96610169491525,60.451977401129945,17.51412429378531
E00118838,201,55,20,35,146,136,10,27.363184079601986,9.950248756218906,17.412935323383085,72.636815920398,67.66169154228857,4.975124378109453
E00118839,173,51,15,36,122,99,23,29.47976878612717,8.670520231213873,20.809248554913296,70.52023121387283,57.22543352601156,13.294797687861271
E00118840,186,58,15,43,128,111,17,31.182795698924732,8.064516129032258,23.118279569892472,68.81720430107528,59.67741935483871,9.13978494623656
E00118841,112,29,11,18,83,76,7,25.892857142857146,9.821428571428571,16.071428571428573,74.10714285714286,67.85714285714286,6.25
E00118842,58,18,7,11,40,36,4,31.03448275862069,12.068965517241379,18.96551724137931,68.96551724137932,62.06896551724138,6.896551724137931
E00118843,157,46,18,28,111,100,11,29.29936305732484,11.464968152866243,17.8343949044586,70.70063694267516,63.69426751592356,7.006369426751593
E00118844,87,32,8,24,55,48,7,36.7816091954023,9.195402298850574,27.586206896551722,63.2183908045977,55.172413793103445,8.045977011494253
E00118845,183,68,21,47,115,101,14,37.15846994535519,11.475409836065573,25.683060109289617,62.841530054644814,55.19125683060109,7.650273224043716
E00118846,87,26,9,17,61,52,9,29.88505747126437,10.344827586206897,19.54022988505747,70.11494252873564,59.77011494252874,10.344827586206897
E00118847,214,78,29,49,136,110,26,36.44859813084112,13.551401869158877,22.897196261682243,63.55140186915887,51.4018691588785,12.149532710280374
E00118848,149,38,16,22,111,95,16,25.503355704697988,10.738255033557047,14.76510067114094,74.49664429530202,63.758389261744966,10.738255033557047
E00118849,142,26,9,17,116,97,19,18.30985915492958,6.338028169014084,11.971830985915492,81.69014084507043,68.30985915492957,13.380281690140844
E00118850,158,47,18,29,111,92,19,29.746835443037973,11.39240506329114,18.354430379746837,70.25316455696202,58.22784810126582,12.025316455696203
E00118851,154,47,17,30,107,88,19,30.519480519480517,11.03896103896104,19.480519480519483,69.48051948051948,57.14285714285714,12.337662337662337
E00118852,149,38,14,24,111,98,13,25.503355704697988,9.395973154362416,16.10738255033557,74.49664429530202,65.77181208053692,8.724832214765101
E00118853,174,51,22,29,123,104,19,29.310344827586203,12.643678160919542,16.666666666666664,70.6896551724138,59.77011494252874,10.919540229885058
E00118854,131,36,16,20,95,81,14,27.480916030534353,12.213740458015266,15.267175572519085,72.51908396946564,61.832061068702295,10.687022900763358
E00118855,168,50,21,29,118,107,11,29.761904761904763,12.5,17.261904761904763,70.23809523809523,63.69047619047619,6.547619047619048
E00118856,161,40,10,30,121,107,14,24.84472049689441,6.211180124223603,18.633540372670808,75.15527950310559,66.45962732919256,8.695652173913043
E00118857,179,51,16,35,128,112,16,28.49162011173184,8.938547486033519,19.553072625698324,71.50837988826815,62.56983240223464,8.938547486033519
E00118858,167,51,10,41,116,100,16,30.538922155688624,5.9880239520958085,24.550898203592812,69.46107784431138,59.88023952095808,9.580838323353294
E00118859,173,52,32,20,121,97,24,30.057803468208093,18.497109826589593,11.560693641618498,69.94219653179191,56.06936416184971,13.872832369942195
E00118860,234,68,30,38,166,137,29,29.059829059829063,12.82051282051282,16.23931623931624,70.94017094017094,58.54700854700855,12.393162393162394
E00118861,192,53,17,36,139,119,20,27.604166666666668,8.854166666666668,18.75,72.39583333333334,61.979166666666664,10.416666666666668
E00118862,204,57,21,36,147,122,25,27.941176470588236,10.294117647058822,17.647058823529413,72.05882352941177,59.80392156862745,12.254901960784313
E00118865,121,43,22,21,78,65,13,35.53719008264463,18.181818181818183,17.355371900826448,64.46280991735537,53.71900826446281,10.743801652892563
E00118866,163,42,16,26,121,105,16,25.766871165644172,9.815950920245399,15.950920245398773,74.23312883435584,64.41717791411043,9.815950920245399
E00118867,95,25,11,14,70,61,9,26.31578947368421,11.578947368421053,14.736842105263156,73.68421052631578,64.21052631578948,9.473684210526317
E00118868,175,42,14,28,133,113,20,24,8,16,76,64.57142857142857,11.428571428571429
E00118869,237,61,25,36,176,142,34,25.738396624472575,10.548523206751055,15.18987341772152,74.26160337552743,59.91561181434599,14.345991561181433
E00118870,142,41,16,25,101,82,19,28.87323943661972,11.267605633802818,17.6056338028169,71.12676056338029,57.74647887323944,13.380281690140844
E00118871,192,45,15,30,147,124,23,23.4375,7.8125,15.625,76.5625,64.58333333333334,11.979166666666668
E00118872,71,22,9,13,49,46,3,30.985915492957744,12.676056338028168,18.30985915492958,69.01408450704226,64.7887323943662,4.225352112676056
E00118873,46,11,4,7,35,30,5,23.91304347826087,8.695652173913043,15.217391304347828,76.08695652173914,65.21739130434783,10.869565217391305
E00118875,211,56,19,37,155,130,25,26.540284360189574,9.004739336492891,17.535545023696685,73.45971563981043,61.61137440758294,11.848341232227488
E00118876,171,54,23,31,117,98,19,31.57894736842105,13.450292397660817,18.128654970760234,68.42105263157895,57.30994152046783,11.11111111111111
E00118877,110,25,0,25,85,77,8,22.727272727272727,0,22.727272727272727,77.27272727272727,70,7.2727272727272725
E00118878,163,44,12,32,119,96,23,26.993865030674847,7.361963190184049,19.631901840490798,73.00613496932516,58.895705521472394,14.11042944785276
E00118879,167,57,17,40,110,97,13,34.13173652694611,10.179640718562874,23.952095808383234,65.86826347305389,58.08383233532935,7.784431137724551
E00118880,175,41,13,28,134,108,26,23.42857142857143,7.428571428571429,16,76.57142857142857,61.71428571428571,14.857142857142858
E00118881,129,45,13,32,84,71,13,34.883720930232556,10.077519379844961,24.8062015503876,65.11627906976744,55.03875968992248,10.077519379844961
E00118882,159,35,13,22,124,108,16,22.0125786163522,8.176100628930817,13.836477987421384,77.9874213836478,67.9245283018868,10.062893081761008
E00118883,175,55,21,34,120,101,19,31.428571428571427,12,19.428571428571427,68.57142857142857,57.714285714285715,10.857142857142858
E00118884,146,60,27,33,86,73,13,41.0958904109589,18.493150684931507,22.602739726027394,58.9041095890411,50,8.904109589041095
E00118885,139,44,13,31,95,81,14,31.654676258992804,9.352517985611511,22.302158273381295,68.34532374100719,58.27338129496403,10.071942446043165
E00118886,107,20,2,18,87,81,6,18.69158878504673,1.8691588785046727,16.822429906542055,81.30841121495327,75.70093457943925,5.607476635514018
E00118887,102,38,12,26,64,57,7,37.254901960784316,11.76470588235294,25.49019607843137,62.745098039215684,55.88235294117647,6.862745098039216
E00118888,152,59,25,34,93,77,16,38.81578947368421,16.447368421052634,22.36842105263158,61.18421052631579,50.6578947368421,10.526315789473683
E00118889,158,47,18,29,111,100,11,29.746835443037973,11.39240506329114,18.354430379746837,70.25316455696202,63.29113924050633,6.962025316455696
E00118890,120,33,10,23,87,69,18,27.500000000000004,8.333333333333332,19.166666666666668,72.5,57.49999999999999,15
E00118891,167,41,13,28,126,109,17,24.550898203592812,7.784431137724551,16.766467065868262,75.44910179640718,65.26946107784431,10.179640718562874
E00118892,139,40,9,31,99,81,18,28.776978417266186,6.474820143884892,22.302158273381295,71.22302158273382,58.27338129496403,12.949640287769784
E00118893,136,28,14,14,108,103,5,20.588235294117645,10.294117647058822,10.294117647058822,79.41176470588235,75.73529411764706,3.6764705882352944
E00118894,171,38,12,26,133,117,16,22.22222222222222,7.017543859649122,15.204678362573098,77.77777777777779,68.42105263157895,9.35672514619883
E00118895,186,57,20,37,129,110,19,30.64516129032258,10.75268817204301,19.892473118279568,69.35483870967742,59.13978494623656,10.21505376344086
E00118896,128,32,10,22,96,87,9,25,7.8125,17.1875,75,67.96875,7.03125
E00118897,156,45,11,34,111,103,8,28.846153846153843,7.051282051282051,21.794871794871796,71.15384615384616,66.02564102564102,5.128205128205128
E00118898,208,45,17,28,163,140,23,21.634615384615387,8.173076923076923,13.461538461538462,78.36538461538461,67.3076923076923,11.057692307692307
E00118899,147,44,15,29,103,91,12,29.931972789115648,10.204081632653061,19.727891156462583,70.06802721088435,61.904761904761905,8.16326530612245
E00118900,177,62,24,38,115,94,21,35.02824858757062,13.559322033898304,21.468926553672315,64.97175141242938,53.10734463276836,11.864406779661017
E00118901,194,52,24,28,142,95,47,26.804123711340207,12.371134020618557,14.432989690721648,73.19587628865979,48.96907216494845,24.22680412371134
E00118902,191,65,26,39,126,100,26,34.031413612565444,13.612565445026178,20.418848167539267,65.96858638743456,52.35602094240838,13.612565445026178
E00118903,123,42,15,27,81,68,13,34.146341463414636,12.195121951219512,21.951219512195124,65.85365853658537,55.28455284552846,10.569105691056912
E00118904,150,61,24,37,89,66,23,40.666666666666664,16,24.666666666666668,59.333333333333336,44,15.333333333333332
E00118905,146,47,19,28,99,70,29,32.19178082191781,13.013698630136986,19.17808219178082,67.8082191780822,47.94520547945205,19.863013698630137
E00118906,138,41,15,26,97,82,15,29.71014492753623,10.869565217391305,18.84057971014493,70.28985507246377,59.42028985507246,10.869565217391305
E00118907,115,45,17,28,70,55,15,39.130434782608695,14.782608695652174,24.347826086956523,60.86956521739131,47.82608695652174,13.043478260869565
E00118908,178,70,28,42,108,80,28,39.325842696629216,15.730337078651685,23.595505617977526,60.67415730337079,44.9438202247191,15.730337078651685
E00118909,147,35,16,19,112,96,16,23.809523809523807,10.884353741496598,12.925170068027212,76.19047619047619,65.3061224489796,10.884353741496598
E00118910,113,33,12,21,80,64,16,29.20353982300885,10.619469026548673,18.58407079646018,70.79646017699115,56.63716814159292,14.15929203539823
E00118911,140,45,14,31,95,82,13,32.142857142857146,10,22.142857142857142,67.85714285714286,58.57142857142858,9.285714285714286
E00118912,144,46,16,30,98,75,23,31.944444444444443,11.11111111111111,20.833333333333336,68.05555555555556,52.083333333333336,15.972222222222221
E00118913,88,30,16,14,58,45,13,34.090909090909086,18.181818181818183,15.909090909090908,65.9090909090909,51.13636363636363,14.772727272727273
E00118914,182,49,12,37,133,116,17,26.923076923076923,6.593406593406594,20.32967032967033,73.07692307692307,63.73626373626373,9.340659340659341
E00118915,115,40,20,20,75,54,21,34.78260869565217,17.391304347826086,17.391304347826086,65.21739130434783,46.95652173913044,18.26086956521739
E00118916,171,52,25,27,119,96,23,30.409356725146196,14.619883040935672,15.789473684210526,69.5906432748538,56.14035087719298,13.450292397660817
E00118917,143,41,16,25,102,86,16,28.671328671328673,11.188811188811188,17.482517482517483,71.32867132867133,60.13986013986013,11.188811188811188
E00118918,153,52,21,31,101,91,10,33.98692810457516,13.725490196078432,20.26143790849673,66.01307189542483,59.47712418300654,6.535947712418301
E00118919,166,34,15,19,132,113,19,20.481927710843372,9.036144578313253,11.44578313253012,79.51807228915662,68.07228915662651,11.44578313253012
E00118920,174,53,10,43,121,102,19,30.45977011494253,5.747126436781609,24.71264367816092,69.54022988505747,58.620689655172406,10.919540229885058
E00118921,149,43,21,22,106,81,25,28.859060402684566,14.093959731543624,14.76510067114094,71.14093959731544,54.36241610738255,16.778523489932887
E00118922,148,51,15,36,97,85,12,34.45945945945946,10.135135135135135,24.324324324324326,65.54054054054053,57.432432432432435,8.108108108108109
E00118923,146,44,23,21,102,83,19,30.136986301369863,15.753424657534246,14.383561643835616,69.86301369863014,56.849315068493155,13.013698630136986
E00118924,127,33,15,18,94,75,19,25.984251968503933,11.811023622047244,14.173228346456693,74.01574803149606,59.055118110236215,14.960629921259844
E00118925,154,41,12,29,113,106,7,26.623376623376622,7.792207792207792,18.83116883116883,73.37662337662337,68.83116883116884,4.545454545454546
E00118926,150,44,14,30,106,86,20,29.333333333333332,9.333333333333334,20,70.66666666666667,57.333333333333336,13.333333333333334
E00118927,155,43,16,27,112,94,18,27.741935483870968,10.32258064516129,17.419354838709676,72.25806451612902,60.64516129032258,11.612903225806452
E00118928,127,47,21,26,80,71,9,37.00787401574803,16.535433070866144,20.47244094488189,62.99212598425197,55.90551181102362,7.086614173228346
E00118929,151,45,20,25,106,90,16,29.80132450331126,13.245033112582782,16.55629139072848,70.19867549668875,59.60264900662252,10.596026490066226
E00118930,149,40,12,28,109,88,21,26.845637583892618,8.053691275167784,18.79194630872483,73.15436241610739,59.06040268456376,14.093959731543624
E00118931,132,39,15,24,93,82,11,29.545454545454547,11.363636363636363,18.181818181818183,70.45454545454545,62.121212121212125,8.333333333333332
E00118932,144,43,11,32,101,91,10,29.86111111111111,7.638888888888889,22.22222222222222,70.13888888888889,63.19444444444444,6.944444444444445
E00118933,163,39,14,25,124,113,11,23.92638036809816,8.588957055214724,15.337423312883436,76.07361963190185,69.32515337423312,6.748466257668712
E00118934,185,70,21,49,115,101,14,37.83783783783784,11.351351351351353,26.486486486486488,62.16216216216216,54.59459459459459,7.567567567567568
E00118935,159,52,15,37,107,96,11,32.70440251572327,9.433962264150944,23.270440251572328,67.29559748427673,60.37735849056604,6.918238993710692
E00118937,205,57,22,35,148,131,17,27.80487804878049,10.731707317073171,17.073170731707318,72.1951219512195,63.90243902439025,8.292682926829269
E00118938,143,43,11,32,100,89,11,30.069930069930066,7.6923076923076925,22.377622377622377,69.93006993006993,62.23776223776224,7.6923076923076925
E00118939,107,34,11,23,73,64,9,31.775700934579437,10.2803738317757,21.49532710280374,68.22429906542055,59.813084112149525,8.411214953271028
E00118940,211,60,23,37,151,125,26,28.436018957345972,10.90047393364929,17.535545023696685,71.56398104265402,59.241706161137444,12.322274881516588
E00118941,203,54,21,33,149,116,33,26.60098522167488,10.344827586206897,16.25615763546798,73.39901477832512,57.14285714285714,16.25615763546798
E00118943,187,54,17,37,133,110,23,28.87700534759358,9.090909090909092,19.786096256684495,71.12299465240642,58.82352941176471,12.299465240641712
E00118944,134,41,15,26,93,66,27,30.597014925373134,11.194029850746269,19.402985074626866,69.40298507462687,49.25373134328358,20.149253731343283
E00118945,158,49,14,35,109,90,19,31.0126582278481,8.860759493670885,22.151898734177212,68.9873417721519,56.9620253164557,12.025316455696203
E00118946,169,54,21,33,115,100,15,31.952662721893493,12.42603550295858,19.526627218934912,68.04733727810651,59.171597633136095,8.875739644970414
E00118947,166,37,16,21,129,112,17,22.289156626506024,9.63855421686747,12.650602409638553,77.71084337349397,67.46987951807229,10.240963855421686
E00118948,133,33,14,19,100,75,25,24.81203007518797,10.526315789473683,14.285714285714285,75.18796992481202,56.390977443609025,18.796992481203006
E00118949,97,40,23,17,57,43,14,41.23711340206185,23.711340206185564,17.525773195876287,58.76288659793815,44.329896907216494,14.432989690721648
E00118950,92,26,11,15,66,52,14,28.26086956521739,11.956521739130435,16.304347826086957,71.73913043478261,56.52173913043478,15.217391304347828
E00118951,226,76,37,39,150,109,41,33.6283185840708,16.371681415929203,17.25663716814159,66.3716814159292,48.23008849557522,18.141592920353983
E00118952,80,22,8,14,58,44,14,27.500000000000004,10,17.5,72.5,55.00000000000001,17.5
E00118953,56,12,3,9,44,34,10,21.428571428571427,5.357142857142857,16.071428571428573,78.57142857142857,60.71428571428571,17.857142857142858
E00118954,196,59,30,29,137,112,25,30.102040816326532,15.306122448979592,14.795918367346939,69.89795918367348,57.14285714285714,12.755102040816327
E00118955,156,55,22,33,101,78,23,35.256410256410255,14.102564102564102,21.153846153846153,64.74358974358975,50,14.743589743589745
E00118956,100,38,17,21,62,53,9,38,17,21,62,53,9
E00118957,133,33,18,15,100,80,20,24.81203007518797,13.533834586466165,11.278195488721805,75.18796992481202,60.150375939849624,15.037593984962406
E00118958,215,62,18,44,153,123,30,28.837209302325583,8.372093023255815,20.46511627906977,71.16279069767441,57.20930232558139,13.953488372093023
E00118959,146,44,21,23,102,87,15,30.136986301369863,14.383561643835616,15.753424657534246,69.86301369863014,59.589041095890416,10.273972602739725
E00118960,169,55,26,29,114,99,15,32.544378698224854,15.384615384615385,17.159763313609467,67.45562130177515,58.57988165680473,8.875739644970414
E00118961,164,47,13,34,117,90,27,28.65853658536585,7.926829268292683,20.73170731707317,71.34146341463415,54.87804878048781,16.463414634146343
E00118962,128,25,8,17,103,90,13,19.53125,6.25,13.28125,80.46875,70.3125,10.15625
E00118963,262,82,30,52,180,146,34,31.297709923664126,11.450381679389313,19.84732824427481,68.70229007633588,55.72519083969466,12.977099236641221
E00118964,182,47,15,32,135,113,22,25.82417582417583,8.241758241758241,17.582417582417584,74.17582417582418,62.08791208791209,12.087912087912088
E00118965,138,45,19,26,93,80,13,32.608695652173914,13.768115942028986,18.84057971014493,67.3913043478261,57.971014492753625,9.420289855072465
E00118966,152,43,11,32,109,82,27,28.289473684210524,7.236842105263158,21.052631578947366,71.71052631578947,53.94736842105263,17.763157894736842
E00118967,141,45,16,29,96,78,18,31.914893617021278,11.347517730496454,20.56737588652482,68.08510638297872,55.319148936170215,12.76595744680851
E00118968,133,49,20,29,84,67,17,36.84210526315789,15.037593984962406,21.804511278195488,63.1578947368421,50.37593984962406,12.781954887218044
E00118969,160,55,19,36,105,91,14,34.375,11.875,22.5,65.625,56.875,8.75
E00118970,105,32,8,24,73,60,13,30.476190476190478,7.6190476190476195,22.857142857142858,69.52380952380952,57.14285714285714,12.380952380952381
E00118971,180,67,30,37,113,102,11,37.22222222222222,16.666666666666664,20.555555555555554,62.77777777777778,56.666666666666664,6.111111111111111
E00118972,123,39,13,26,84,72,12,31.70731707317073,10.569105691056912,21.138211382113823,68.29268292682927,58.536585365853654,9.75609756097561
E00118973,131,53,22,31,78,63,15,40.458015267175576,16.793893129770993,23.66412213740458,59.541984732824424,48.091603053435115,11.450381679389313
E00118974,170,64,18,46,106,83,23,37.64705882352941,10.588235294117647,27.058823529411764,62.35294117647059,48.8235294117647,13.529411764705882
E00118975,188,51,20,31,137,120,17,27.127659574468083,10.638297872340425,16.48936170212766,72.87234042553192,63.829787234042556,9.042553191489363
E00118976,96,33,20,13,63,51,12,34.375,20.833333333333336,13.541666666666666,65.625,53.125,12.5
E00118977,185,41,14,27,144,114,30,22.162162162162165,7.567567567567568,14.594594594594595,77.83783783783784,61.62162162162163,16.216216216216218
E00118978,217,66,32,34,151,107,44,30.414746543778804,14.746543778801843,15.668202764976957,69.5852534562212,49.30875576036866,20.276497695852534
E00118979,158,50,19,31,108,85,23,31.645569620253166,12.025316455696203,19.62025316455696,68.35443037974683,53.79746835443038,14.556962025316455
E00118980,160,55,21,34,105,84,21,34.375,13.125,21.25,65.625,52.5,13.125
E00118981,137,48,26,22,89,61,28,35.03649635036496,18.97810218978102,16.05839416058394,64.96350364963503,44.52554744525548,20.437956204379564
E00118982,133,41,23,18,92,73,19,30.82706766917293,17.293233082706767,13.533834586466165,69.17293233082707,54.88721804511278,14.285714285714285
E00118983,146,36,12,24,110,87,23,24.65753424657534,8.21917808219178,16.43835616438356,75.34246575342466,59.589041095890416,15.753424657534246
E00118984,168,49,20,29,119,97,22,29.166666666666668,11.904761904761903,17.261904761904763,70.83333333333334,57.738095238095234,13.095238095238097
E00118985,180,74,36,38,106,84,22,41.11111111111111,20,21.11111111111111,58.88888888888889,46.666666666666664,12.222222222222221
E00118986,147,45,17,28,102,81,21,30.612244897959183,11.564625850340136,19.047619047619047,69.38775510204081,55.10204081632652,14.285714285714285
E00118987,181,58,22,36,123,107,16,32.04419889502763,12.154696132596685,19.88950276243094,67.95580110497238,59.11602209944752,8.83977900552486
E00118988,176,52,11,41,124,101,23,29.545454545454547,6.25,23.295454545454543,70.45454545454545,57.38636363636363,13.068181818181818
E00118989,173,50,21,29,123,101,22,28.901734104046245,12.138728323699421,16.76300578034682,71.09826589595376,58.38150289017341,12.716763005780345
E00118990,162,50,25,25,112,87,25,30.864197530864196,15.432098765432098,15.432098765432098,69.1358024691358,53.70370370370371,15.432098765432098
E00118991,111,27,10,17,84,67,17,24.324324324324326,9.00900900900901,15.315315315315313,75.67567567567568,60.36036036036037,15.315315315315313
E00118992,178,64,22,42,114,90,24,35.95505617977528,12.359550561797752,23.595505617977526,64.04494382022472,50.56179775280899,13.48314606741573
E00118993,151,28,13,15,123,99,24,18.543046357615893,8.609271523178808,9.933774834437086,81.45695364238411,65.56291390728477,15.894039735099339
E00118994,182,33,14,19,149,117,32,18.13186813186813,7.6923076923076925,10.43956043956044,81.86813186813187,64.28571428571429,17.582417582417584
E00118995,205,59,26,33,146,114,32,28.780487804878046,12.682926829268293,16.097560975609756,71.21951219512195,55.60975609756098,15.609756097560975
E00118996,221,68,35,33,153,97,56,30.76923076923077,15.837104072398189,14.93212669683258,69.23076923076923,43.89140271493213,25.339366515837103
E00118997,172,49,21,28,123,107,16,28.488372093023255,12.209302325581394,16.27906976744186,71.51162790697676,62.2093023255814,9.30232558139535
E00118998,228,62,28,34,166,122,44,27.192982456140353,12.280701754385964,14.912280701754385,72.80701754385966,53.50877192982456,19.298245614035086
E00118999,193,68,32,36,125,97,28,35.233160621761655,16.580310880829018,18.65284974093264,64.76683937823834,50.259067357512954,14.507772020725387
E00119000,151,45,20,25,106,88,18,29.80132450331126,13.245033112582782,16.55629139072848,70.19867549668875,58.27814569536424,11.920529801324504
E00119001,188,46,14,32,142,124,18,24.46808510638298,7.446808510638298,17.02127659574468,75.53191489361703,65.95744680851064,9.574468085106384
E00119002,182,48,18,30,134,107,27,26.373626373626376,9.89010989010989,16.483516483516482,73.62637362637363,58.791208791208796,14.835164835164836
E00119003,198,51,12,39,147,131,16,25.757575757575758,6.0606060606060606,19.696969696969695,74.24242424242425,66.16161616161617,8.080808080808081
E00119004,79,22,8,14,57,50,7,27.848101265822784,10.126582278481013,17.72151898734177,72.15189873417721,63.29113924050633,8.860759493670885
E00119005,146,39,13,26,107,97,10,26.71232876712329,8.904109589041095,17.80821917808219,73.28767123287672,66.43835616438356,6.8493150684931505
E00119006,156,35,11,24,121,105,16,22.435897435897438,7.051282051282051,15.384615384615385,77.56410256410257,67.3076923076923,10.256410256410255
E00119007,117,42,14,28,75,63,12,35.8974358974359,11.965811965811966,23.931623931623932,64.1025641025641,53.84615384615385,10.256410256410255
E00119008,167,47,22,25,120,103,17,28.143712574850298,13.17365269461078,14.97005988023952,71.8562874251497,61.67664670658682,10.179640718562874
E00119009,154,46,16,30,108,92,16,29.87012987012987,10.38961038961039,19.480519480519483,70.12987012987013,59.74025974025974,10.38961038961039
E00119010,144,36,17,19,108,91,17,25,11.805555555555555,13.194444444444445,75,63.19444444444444,11.805555555555555
E00119011,191,46,22,24,145,124,21,24.083769633507853,11.518324607329843,12.56544502617801,75.91623036649214,64.92146596858639,10.99476439790576
E00119012,166,61,15,46,105,93,12,36.74698795180723,9.036144578313253,27.710843373493976,63.25301204819277,56.024096385542165,7.228915662650602
E00119013,223,64,25,39,159,141,18,28.699551569506728,11.210762331838566,17.48878923766816,71.30044843049326,63.22869955156951,8.071748878923767
E00119014,152,48,15,33,104,88,16,31.57894736842105,9.868421052631579,21.710526315789476,68.42105263157895,57.89473684210527,10.526315789473683
E00119015,159,41,16,25,118,96,22,25.78616352201258,10.062893081761008,15.723270440251572,74.21383647798741,60.37735849056604,13.836477987421384
E00119016,155,61,26,35,94,64,30,39.35483870967742,16.7741935483871,22.58064516129032,60.64516129032258,41.29032258064516,19.35483870967742
E00119017,107,31,12,19,76,65,11,28.971962616822427,11.214953271028037,17.75700934579439,71.02803738317756,60.747663551401864,10.2803738317757
E00119018,142,46,24,22,96,71,25,32.3943661971831,16.901408450704224,15.492957746478872,67.6056338028169,50,17.6056338028169
E00119019,100,33,11,22,67,37,30,33,11,22,67,37,30
E00119020,94,38,12,26,56,45,11,40.42553191489361,12.76595744680851,27.659574468085108,59.57446808510638,47.87234042553192,11.702127659574469
E00119021,89,27,13,14,62,46,16,30.337078651685395,14.606741573033707,15.730337078651685,69.66292134831461,51.68539325842697,17.97752808988764
E00119022,167,52,25,27,115,78,37,31.137724550898206,14.97005988023952,16.16766467065868,68.8622754491018,46.706586826347305,22.15568862275449
E00119023,148,46,14,32,102,79,23,31.08108108108108,9.45945945945946,21.62162162162162,68.91891891891892,53.37837837837838,15.54054054054054
E00119024,175,61,21,40,114,88,26,34.85714285714286,12,22.857142857142858,65.14285714285715,50.28571428571429,14.857142857142858
E00119025,129,30,15,15,99,85,14,23.25581395348837,11.627906976744185,11.627906976744185,76.74418604651163,65.89147286821705,10.852713178294573
E00119026,180,44,11,33,136,113,23,24.444444444444443,6.111111111111111,18.333333333333332,75.55555555555556,62.77777777777778,12.777777777777777
E00119027,200,51,23,28,149,120,29,25.5,11.5,14.000000000000002,74.5,60,14.499999999999998
E00119028,141,42,16,26,99,80,19,29.78723404255319,11.347517730496454,18.439716312056735,70.2127659574468,56.73758865248227,13.47517730496454
E00119029,181,47,15,32,134,107,27,25.96685082872928,8.287292817679557,17.67955801104972,74.03314917127072,59.11602209944752,14.917127071823206
E00119030,117,33,14,19,84,68,16,28.205128205128204,11.965811965811966,16.23931623931624,71.7948717948718,58.119658119658126,13.675213675213676
E00119031,332,101,38,63,231,192,39,30.42168674698795,11.44578313253012,18.97590361445783,69.57831325301204,57.831325301204814,11.74698795180723
E00119032,178,50,16,34,128,106,22,28.08988764044944,8.98876404494382,19.101123595505616,71.91011235955057,59.55056179775281,12.359550561797752
E00119033,208,56,20,36,152,121,31,26.923076923076923,9.615384615384617,17.307692307692307,73.07692307692307,58.17307692307693,14.903846153846153
E00119034,158,40,16,24,118,104,14,25.31645569620253,10.126582278481013,15.18987341772152,74.68354430379746,65.82278481012658,8.860759493670885
E00119035,150,45,16,29,105,92,13,30,10.666666666666668,19.333333333333332,70,61.33333333333333,8.666666666666668
E00119036,155,43,16,27,112,104,8,27.741935483870968,10.32258064516129,17.419354838709676,72.25806451612902,67.0967741935484,5.161290322580645
E00119037,205,50,10,40,155,128,27,24.390243902439025,4.878048780487805,19.51219512195122,75.60975609756098,62.4390243902439,13.170731707317074
E00119038,131,28,7,21,103,87,16,21.374045801526716,5.343511450381679,16.030534351145036,78.62595419847328,66.41221374045801,12.213740458015266
E00119039,148,37,15,22,111,94,17,25,10.135135135135135,14.864864864864865,75,63.51351351351351,11.486486486486488
E00119040,162,42,14,28,120,103,17,25.925925925925924,8.641975308641975,17.28395061728395,74.07407407407408,63.580246913580254,10.493827160493826
E00119041,158,38,9,29,120,108,12,24.050632911392405,5.69620253164557,18.354430379746837,75.9493670886076,68.35443037974683,7.59493670886076
E00119042,149,24,9,15,125,104,21,16.10738255033557,6.0402684563758395,10.06711409395973,83.89261744966443,69.79865771812081,14.093959731543624
E00119043,167,48,23,25,119,100,19,28.74251497005988,13.77245508982036,14.97005988023952,71.25748502994011,59.88023952095808,11.377245508982035
E00119044,90,30,9,21,60,54,6,33.33333333333333,10,23.333333333333332,66.66666666666666,60,6.666666666666667
E00119045,177,61,18,43,116,98,18,34.463276836158194,10.16949152542373,24.293785310734464,65.5367231638418,55.367231638418076,10.16949152542373
E00119046,181,50,19,31,131,107,24,27.624309392265197,10.497237569060774,17.12707182320442,72.37569060773481,59.11602209944752,13.259668508287293
E00119047,190,68,22,46,122,102,20,35.78947368421053,11.578947368421053,24.210526315789473,64.21052631578948,53.68421052631579,10.526315789473683
E00119048,116,39,14,25,77,68,9,33.62068965517241,12.068965517241379,21.551724137931032,66.37931034482759,58.620689655172406,7.758620689655173
E00119049,196,46,20,26,150,133,17,23.46938775510204,10.204081632653061,13.26530612244898,76.53061224489795,67.85714285714286,8.673469387755102
E00119050,168,46,12,34,122,107,15,27.380952380952383,7.142857142857142,20.238095238095237,72.61904761904762,63.69047619047619,8.928571428571429
E00119051,159,40,12,28,119,104,15,25.157232704402517,7.547169811320755,17.61006289308176,74.84276729559748,65.40880503144653,9.433962264150944
E00119052,158,36,9,27,122,108,14,22.78481012658228,5.69620253164557,17.088607594936708,77.21518987341773,68.35443037974683,8.860759493670885
E00119053,162,33,8,25,129,107,22,20.37037037037037,4.938271604938271,15.432098765432098,79.62962962962963,66.0493827160494,13.580246913580247
E00169631,159,32,11,21,127,101,26,20.125786163522015,6.918238993710692,13.20754716981132,79.87421383647799,63.52201257861635,16.352201257861633
E00169632,219,58,15,43,161,141,20,26.48401826484018,6.8493150684931505,19.63470319634703,73.51598173515981,64.38356164383562,9.1324200913242
E00169633,175,42,14,28,133,112,21,24,8,16,76,64,12
E00169634,167,39,11,28,128,107,21,23.353293413173652,6.58682634730539,16.766467065868262,76.64670658682635,64.07185628742515,12.574850299401197
E00169635,167,39,15,24,128,100,28,23.353293413173652,8.982035928143713,14.37125748502994,76.64670658682635,59.88023952095808,16.766467065868262
E00169636,168,34,11,23,134,106,28,20.238095238095237,6.547619047619048,13.690476190476192,79.76190476190477,63.095238095238095,16.666666666666664
E00169637,130,47,23,24,83,60,23,36.15384615384615,17.692307692307693,18.461538461538463,63.84615384615384,46.15384615384615,17.692307692307693
E00169638,5,2,0,2,3,3,0,40,0,40,60,60,0
E00169644,126,30,11,19,96,86,10,23.809523809523807,8.73015873015873,15.079365079365079,76.19047619047619,68.25396825396825,7.936507936507936
E00169645,214,60,23,37,154,132,22,28.037383177570092,10.74766355140187,17.289719626168225,71.96261682242991,61.6822429906542,10.2803738317757
E00189318,209,65,19,46,144,119,25,31.100478468899524,9.090909090909092,22.00956937799043,68.89952153110048,56.9377990430622,11.961722488038278
E00189320,140,55,18,37,85,72,13,39.285714285714285,12.857142857142856,26.42857142857143,60.71428571428571,51.42857142857142,9.285714285714286
E00189321,158,36,14,22,122,105,17,22.78481012658228,8.860759493670885,13.924050632911392,77.21518987341773,66.45569620253164,10.759493670886076
E00189324,167,46,17,29,121,102,19,27.54491017964072,10.179640718562874,17.365269461077844,72.45508982035929,61.07784431137725,11.377245508982035
E00189325,187,33,8,25,154,134,20,17.647058823529413,4.27807486631016,13.368983957219251,82.35294117647058,71.65775401069519,10.695187165775401
E00189326,153,32,13,19,121,104,17,20.915032679738562,8.49673202614379,12.418300653594772,79.08496732026144,67.97385620915033,11.11111111111111
E00189327,189,39,10,29,150,118,32,20.634920634920633,5.291005291005291,15.343915343915343,79.36507936507937,62.43386243386243,16.93121693121693
E00189333,159,37,11,26,122,106,16,23.270440251572328,6.918238993710692,16.352201257861633,76.72955974842768,66.66666666666666,10.062893081761008
E00189334,124,24,8,16,100,92,8,19.35483870967742,6.451612903225806,12.903225806451612,80.64516129032258,74.19354838709677,6.451612903225806
E00189335,43,18,10,8,25,19,6,41.86046511627907,23.25581395348837,18.6046511627907,58.139534883720934,44.18604651162791,13.953488372093023
E00189340,122,30,11,19,92,68,24,24.59016393442623,9.01639344262295,15.573770491803279,75.40983606557377,55.73770491803278,19.672131147540984
E00189346,177,59,25,34,118,90,28,33.33333333333333,14.124293785310735,19.2090395480226,66.66666666666666,50.847457627118644,15.819209039548024
E00189347,146,32,12,20,114,88,26,21.91780821917808,8.21917808219178,13.698630136986301,78.08219178082192,60.273972602739725,17.80821917808219
E00189354,165,42,19,23,123,98,25,25.454545454545453,11.515151515151516,13.939393939393941,74.54545454545455,59.3939393939394,15.151515151515152
E00189355,151,46,16,30,105,86,19,30.4635761589404,10.596026490066226,19.867549668874172,69.5364238410596,56.95364238410596,12.582781456953644
E00189365,169,49,17,32,120,95,25,28.994082840236686,10.059171597633137,18.93491124260355,71.00591715976331,56.213017751479285,14.792899408284024
E00189369,145,36,21,15,109,79,30,24.82758620689655,14.482758620689657,10.344827586206897,75.17241379310344,54.48275862068965,20.689655172413794
E00189371,125,48,18,30,77,63,14,38.4,14.399999999999999,24,61.6,50.4,11.200000000000001
E00189372,173,35,8,27,138,121,17,20.23121387283237,4.624277456647398,15.606936416184972,79.76878612716763,69.94219653179191,9.826589595375722
E00189373,219,52,17,35,167,141,26,23.74429223744292,7.76255707762557,15.981735159817351,76.25570776255708,64.38356164383562,11.87214611872146
E00189378,177,74,26,48,103,61,42,41.80790960451977,14.689265536723164,27.11864406779661,58.19209039548022,34.463276836158194,23.728813559322035
E00189379,131,40,13,27,91,79,12,30.53435114503817,9.923664122137405,20.610687022900763,69.46564885496184,60.30534351145038,9.16030534351145
E00189383,198,28,14,14,170,134,36,14.14141414141414,7.07070707070707,7.07070707070707,85.85858585858585,67.67676767676768,18.181818181818183
E00189390,201,48,20,28,153,131,22,23.88059701492537,9.950248756218906,13.930348258706468,76.11940298507463,65.17412935323384,10.945273631840797
E00189392,173,58,15,43,115,92,23,33.52601156069364,8.670520231213873,24.85549132947977,66.47398843930635,53.179190751445084,13.294797687861271
E00189394,97,30,16,14,67,51,16,30.927835051546392,16.49484536082474,14.432989690721648,69.0721649484536,52.57731958762887,16.49484536082474
E00189410,143,19,2,17,124,102,22,13.286713286713287,1.3986013986013985,11.888111888111888,86.7132867132867,71.32867132867133,15.384615384615385
E00189413,141,34,9,25,107,87,20,24.113475177304963,6.382978723404255,17.73049645390071,75.88652482269504,61.702127659574465,14.184397163120568
E00189414,212,42,19,23,170,140,30,19.81132075471698,8.962264150943396,10.849056603773585,80.18867924528303,66.0377358490566,14.150943396226415
E00189419,178,25,14,11,153,131,22,14.04494382022472,7.865168539325842,6.179775280898876,85.95505617977528,73.59550561797754,12.359550561797752
E00189422,155,35,6,29,120,101,19,22.58064516129032,3.870967741935484,18.70967741935484,77.41935483870968,65.16129032258064,12.258064516129032
E00189423,109,10,3,7,99,82,17,9.174311926605505,2.7522935779816518,6.422018348623854,90.82568807339449,75.22935779816514,15.59633027522936
E00189425,136,27,11,16,109,90,19,19.852941176470587,8.088235294117647,11.76470588235294,80.14705882352942,66.17647058823529,13.970588235294118
E00189426,166,21,12,9,145,126,19,12.650602409638553,7.228915662650602,5.421686746987952,87.34939759036145,75.90361445783132,11.44578313253012
E00189435,202,39,18,21,163,138,25,19.306930693069308,8.91089108910891,10.396039603960396,80.6930693069307,68.31683168316832,12.376237623762377
E00189437,220,50,17,33,170,146,24,22.727272727272727,7.727272727272727,15,77.27272727272727,66.36363636363637,10.909090909090908
E00189438,85,27,8,19,58,51,7,31.76470588235294,9.411764705882353,22.35294117647059,68.23529411764706,60,8.235294117647058
E00189439,64,21,6,15,43,39,4,32.8125,9.375,23.4375,67.1875,60.9375,6.25
E00189440,97,23,5,18,74,65,9,23.711340206185564,5.154639175257731,18.556701030927837,76.28865979381443,67.0103092783505,9.278350515463918
E00189441,124,33,14,19,91,73,18,26.61290322580645,11.29032258064516,15.32258064516129,73.38709677419355,58.87096774193549,14.516129032258066
