OA,ts0380001,ts0380002,ts0380003,ts0380004,ts0380005,ts0380006,ts0380007,ts0380002_PCT,ts0380003_PCT,ts0380004_PCT,ts0380005_PCT,ts0380006_PCT,ts0380007_PCT
E00013385,310,56,22,34,254,20,234,18.064516129032256,7.096774193548387,10.967741935483872,81.93548387096774,6.451612903225806,75.48387096774194
E00013386,255,38,13,25,217,22,195,14.901960784313726,5.098039215686274,9.803921568627452,85.09803921568627,8.627450980392156,76.47058823529412
E00013387,216,48,26,22,168,12,156,22.22222222222222,12.037037037037036,10.185185185185185,77.77777777777779,5.555555555555555,72.22222222222221
E00013388,266,38,20,18,228,19,209,14.285714285714285,7.518796992481203,6.7669172932330826,85.71428571428571,7.142857142857142,78.57142857142857
E00013389,216,19,3,16,197,21,176,8.796296296296296,1.3888888888888888,7.4074074074074066,91.20370370370371,9.722222222222223,81.48148148148148
E00013390,340,37,14,23,303,31,272,10.882352941176471,4.117647058823529,6.764705882352941,89.11764705882354,9.117647058823529,80
E00013391,209,53,28,25,156,8,148,25.358851674641148,13.397129186602871,11.961722488038278,74.64114832535886,3.827751196172249,70.81339712918661
E00013392,531,97,47,50,434,21,413,18.267419962335214,8.851224105461393,9.416195856873824,81.73258003766477,3.954802259887006,77.77777777777779
E00013393,236,47,24,23,189,11,178,19.915254237288135,10.16949152542373,9.745762711864407,80.08474576271186,4.661016949152542,75.42372881355932
E00013395,204,51,26,25,153,13,140,25,12.745098039215685,12.254901960784313,75,6.372549019607843,68.62745098039215
E00013397,458,47,21,26,411,40,371,10.262008733624455,4.585152838427948,5.676855895196507,89.73799126637554,8.73362445414847,81.00436681222706
E00013398,290,53,24,29,237,14,223,18.275862068965516,8.275862068965518,10,81.72413793103448,4.827586206896552,76.89655172413794
E00013399,422,62,38,24,360,21,339,14.691943127962084,9.004739336492891,5.687203791469194,85.30805687203792,4.976303317535545,80.33175355450237
E00013400,186,29,14,15,157,13,144,15.591397849462366,7.526881720430108,8.064516129032258,84.40860215053763,6.989247311827956,77.41935483870968
E00013401,240,21,7,14,219,22,197,8.75,2.9166666666666665,5.833333333333333,91.25,9.166666666666666,82.08333333333333
E00013402,219,63,23,40,156,8,148,28.767123287671232,10.50228310502283,18.2648401826484,71.23287671232876,3.65296803652968,67.57990867579909
E00013403,239,40,14,26,199,17,182,16.736401673640167,5.857740585774058,10.87866108786611,83.26359832635984,7.112970711297072,76.15062761506276
E00013404,299,36,10,26,263,22,241,12.040133779264215,3.3444816053511706,8.695652173913043,87.95986622073578,7.357859531772576,80.60200668896321
E00013405,262,30,10,20,232,14,218,11.450381679389313,3.816793893129771,7.633587786259542,88.54961832061069,5.343511450381679,83.20610687022901
E00013406,291,24,8,16,267,25,242,8.24742268041237,2.7491408934707904,5.498281786941581,91.75257731958763,8.59106529209622,83.16151202749141
E00013407,226,26,6,20,200,11,189,11.504424778761061,2.6548672566371683,8.849557522123893,88.49557522123894,4.867256637168142,83.6283185840708
E00013408,316,34,10,24,282,34,248,10.759493670886076,3.1645569620253164,7.59493670886076,89.24050632911393,10.759493670886076,78.48101265822784
E00013409,351,55,19,36,296,29,267,15.669515669515668,5.413105413105413,10.256410256410255,84.33048433048434,8.262108262108262,76.06837606837607
E00013410,246,28,12,16,218,20,198,11.38211382113821,4.878048780487805,6.504065040650407,88.6178861788618,8.130081300813007,80.48780487804879
E00013411,319,81,39,42,238,13,225,25.391849529780565,12.225705329153605,13.166144200626958,74.60815047021944,4.075235109717868,70.53291536050156
E00013412,290,40,21,19,250,22,228,13.793103448275861,7.241379310344828,6.551724137931035,86.20689655172413,7.586206896551724,78.62068965517241
E00013413,211,26,8,18,185,22,163,12.322274881516588,3.7914691943127963,8.530805687203792,87.67772511848341,10.42654028436019,77.25118483412322
E00013414,402,56,22,34,346,14,332,13.930348258706468,5.472636815920398,8.45771144278607,86.06965174129353,3.482587064676617,82.58706467661692
E00013415,329,71,30,41,258,13,245,21.580547112462007,9.118541033434651,12.462006079027356,78.419452887538,3.951367781155015,74.46808510638297
E00013416,327,64,32,32,263,11,252,19.571865443425075,9.785932721712538,9.785932721712538,80.42813455657493,3.3639143730886847,77.06422018348624
E00013417,317,50,22,28,267,14,253,15.772870662460567,6.940063091482649,8.832807570977918,84.22712933753942,4.416403785488959,79.81072555205047
E00013418,286,53,24,29,233,14,219,18.53146853146853,8.391608391608392,10.13986013986014,81.46853146853147,4.895104895104895,76.57342657342657
E00013419,334,28,11,17,306,18,288,8.383233532934131,3.293413173652695,5.089820359281437,91.61676646706587,5.389221556886228,86.22754491017965
E00013420,365,48,24,24,317,14,303,13.150684931506849,6.575342465753424,6.575342465753424,86.84931506849315,3.8356164383561646,83.01369863013699
E00013421,363,117,76,41,246,22,224,32.231404958677686,20.9366391184573,11.294765840220386,67.76859504132231,6.0606060606060606,61.70798898071625
E00013422,254,24,6,18,230,17,213,9.448818897637794,2.3622047244094486,7.086614173228346,90.5511811023622,6.692913385826772,83.85826771653542
E00013423,209,34,21,13,175,11,164,16.267942583732058,10.047846889952153,6.220095693779904,83.73205741626795,5.263157894736842,78.4688995215311
E00013424,295,57,27,30,238,21,217,19.322033898305087,9.152542372881356,10.16949152542373,80.67796610169492,7.118644067796611,73.5593220338983
E00013425,404,79,44,35,325,19,306,19.554455445544555,10.891089108910892,8.663366336633663,80.44554455445545,4.702970297029703,75.74257425742574
E00013426,200,45,23,22,155,10,145,22.5,11.5,11,77.5,5,72.5
E00013428,329,47,12,35,282,23,259,14.285714285714285,3.64741641337386,10.638297872340425,85.71428571428571,6.990881458966565,78.72340425531915
E00013429,219,64,33,31,155,11,144,29.22374429223744,15.068493150684931,14.15525114155251,70.77625570776256,5.0228310502283104,65.75342465753424
E00013430,135,22,10,12,113,11,102,16.296296296296298,7.4074074074074066,8.88888888888889,83.7037037037037,8.148148148148149,75.55555555555556
E00013431,169,10,2,8,159,14,145,5.9171597633136095,1.183431952662722,4.733727810650888,94.0828402366864,8.284023668639055,85.79881656804734
E00013432,355,76,44,32,279,12,267,21.408450704225352,12.394366197183098,9.014084507042254,78.59154929577464,3.3802816901408446,75.21126760563381
E00013434,220,24,2,22,196,13,183,10.909090909090908,0.9090909090909091,10,89.0909090909091,5.909090909090909,83.18181818181817
E00013435,370,93,44,49,277,19,258,25.135135135135133,11.891891891891893,13.243243243243244,74.86486486486487,5.135135135135135,69.72972972972973
E00013437,223,55,34,21,168,14,154,24.663677130044842,15.246636771300448,9.417040358744394,75.33632286995515,6.278026905829597,69.05829596412556
E00013439,172,22,4,18,150,11,139,12.790697674418606,2.3255813953488373,10.465116279069768,87.20930232558139,6.395348837209303,80.81395348837209
E00013441,239,63,42,21,176,10,166,26.359832635983267,17.573221757322173,8.786610878661087,73.64016736401673,4.184100418410042,69.4560669456067
E00013442,369,65,25,40,304,23,281,17.615176151761517,6.775067750677506,10.840108401084011,82.38482384823848,6.233062330623306,76.15176151761518
E00013443,432,66,39,27,366,24,342,15.277777777777779,9.027777777777777,6.25,84.72222222222221,5.555555555555555,79.16666666666666
E00013444,337,63,32,31,274,16,258,18.694362017804153,9.495548961424333,9.198813056379821,81.30563798219585,4.747774480712167,76.55786350148368
E00013445,217,51,20,31,166,9,157,23.502304147465438,9.216589861751153,14.285714285714285,76.49769585253456,4.147465437788019,72.35023041474655
E00013446,232,37,7,30,195,10,185,15.948275862068966,3.0172413793103448,12.931034482758621,84.05172413793103,4.310344827586207,79.74137931034483
E00013447,321,60,34,26,261,14,247,18.69158878504673,10.59190031152648,8.09968847352025,81.30841121495327,4.361370716510903,76.94704049844236
E00013448,230,50,15,35,180,11,169,21.73913043478261,6.521739130434782,15.217391304347828,78.26086956521739,4.782608695652174,73.47826086956522
E00013449,230,35,19,16,195,13,182,15.217391304347828,8.26086956521739,6.956521739130435,84.78260869565217,5.6521739130434785,79.13043478260869
E00013450,140,41,20,21,99,9,90,29.28571428571429,14.285714285714285,15,70.71428571428572,6.428571428571428,64.28571428571429
E00013452,282,55,30,25,227,12,215,19.50354609929078,10.638297872340425,8.865248226950355,80.49645390070921,4.25531914893617,76.24113475177306
E00013454,361,63,19,44,298,24,274,17.451523545706372,5.263157894736842,12.18836565096953,82.54847645429363,6.64819944598338,75.90027700831024
E00013455,289,31,15,16,258,11,247,10.726643598615917,5.190311418685121,5.536332179930796,89.27335640138409,3.8062283737024223,85.46712802768167
E00013457,230,34,16,18,196,8,188,14.782608695652174,6.956521739130435,7.82608695652174,85.21739130434783,3.4782608695652173,81.73913043478261
E00013458,468,61,23,38,407,24,383,13.034188034188036,4.914529914529915,8.11965811965812,86.96581196581197,5.128205128205128,81.83760683760684
E00013460,360,42,17,25,318,20,298,11.666666666666666,4.722222222222222,6.944444444444445,88.33333333333333,5.555555555555555,82.77777777777777
E00013461,472,64,27,37,408,19,389,13.559322033898304,5.720338983050848,7.838983050847458,86.4406779661017,4.025423728813559,82.41525423728814
E00013462,226,36,12,24,190,15,175,15.929203539823009,5.3097345132743365,10.619469026548673,84.070796460177,6.637168141592921,77.43362831858407
E00013463,253,54,26,28,199,13,186,21.34387351778656,10.276679841897234,11.067193675889328,78.65612648221344,5.138339920948617,73.51778656126481
E00013464,325,67,39,28,258,13,245,20.615384615384617,12,8.615384615384615,79.38461538461539,4,75.38461538461539
E00013465,199,39,12,27,160,12,148,19.597989949748744,6.030150753768844,13.5678391959799,80.40201005025126,6.030150753768844,74.37185929648241
E00013466,309,94,56,38,215,12,203,30.42071197411003,18.12297734627832,12.297734627831716,69.57928802588997,3.8834951456310676,65.69579288025889
E00013467,341,72,29,43,269,26,243,21.114369501466275,8.504398826979472,12.609970674486803,78.88563049853371,7.624633431085044,71.26099706744868
E00013468,262,49,27,22,213,14,199,18.702290076335878,10.305343511450381,8.396946564885496,81.29770992366412,5.343511450381679,75.95419847328245
E00013469,231,27,14,13,204,16,188,11.688311688311687,6.0606060606060606,5.627705627705628,88.31168831168831,6.926406926406926,81.38528138528139
E00013470,554,70,28,42,484,50,434,12.63537906137184,5.054151624548736,7.581227436823104,87.36462093862815,9.025270758122744,78.33935018050542
E00013471,265,62,39,23,203,16,187,23.39622641509434,14.716981132075471,8.679245283018867,76.60377358490567,6.037735849056604,70.56603773584905
E00013472,275,38,20,18,237,13,224,13.818181818181818,7.2727272727272725,6.545454545454546,86.18181818181819,4.7272727272727275,81.45454545454545
E00013473,429,77,51,26,352,16,336,17.94871794871795,11.888111888111888,6.0606060606060606,82.05128205128204,3.7296037296037294,78.32167832167832
E00013474,406,43,16,27,363,31,332,10.591133004926109,3.9408866995073892,6.65024630541872,89.4088669950739,7.635467980295567,81.77339901477832
E00013475,158,33,18,15,125,6,119,20.88607594936709,11.39240506329114,9.49367088607595,79.11392405063292,3.79746835443038,75.31645569620254
E00013477,313,69,32,37,244,13,231,22.044728434504794,10.223642172523961,11.821086261980831,77.95527156549521,4.15335463258786,73.80191693290735
E00013478,318,73,38,35,245,19,226,22.955974842767297,11.949685534591195,11.0062893081761,77.04402515723271,5.9748427672955975,71.0691823899371
E00013479,289,44,13,31,245,23,222,15.22491349480969,4.498269896193772,10.726643598615917,84.77508650519032,7.958477508650519,76.8166089965398
E00013480,305,63,36,27,242,16,226,20.655737704918035,11.80327868852459,8.852459016393443,79.34426229508198,5.245901639344262,74.09836065573771
E00013481,393,72,30,42,321,25,296,18.3206106870229,7.633587786259542,10.687022900763358,81.67938931297711,6.361323155216285,75.31806615776081
E00013482,371,59,19,40,312,25,287,15.902964959568733,5.121293800539084,10.781671159029651,84.09703504043127,6.738544474393531,77.35849056603774
E00013483,281,50,21,29,231,17,214,17.793594306049823,7.473309608540925,10.320284697508896,82.20640569395017,6.049822064056939,76.15658362989323
E00013484,195,13,4,9,182,20,162,6.666666666666667,2.051282051282051,4.615384615384616,93.33333333333333,10.256410256410255,83.07692307692308
E00013485,320,36,24,12,284,30,254,11.25,7.5,3.75,88.75,9.375,79.375
E00013486,336,84,30,54,252,24,228,25,8.928571428571429,16.071428571428573,75,7.142857142857142,67.85714285714286
E00013487,390,68,36,32,322,28,294,17.435897435897434,9.230769230769232,8.205128205128204,82.564102564102555,7.179487179487179,75.38461538461539
E00013488,592,77,29,48,515,26,489,13.006756756756758,4.898648648648648,8.108108108108109,86.99324324324324,4.391891891891892,82.60135135135135
E00013489,321,34,13,21,287,20,267,10.59190031152648,4.049844236760125,6.5420560747663545,89.40809968847351,6.230529595015576,83.17757009345794
E00013490,223,63,33,30,160,16,144,28.251121076233183,14.798206278026907,13.452914798206278,71.74887892376681,7.174887892376682,64.57399103139014
E00013492,305,49,17,32,256,14,242,16.065573770491802,5.573770491803279,10.491803278688524,83.93442622950819,4.590163934426229,79.34426229508198
E00013493,318,82,37,45,236,12,224,25.78616352201258,11.635220125786164,14.150943396226415,74.21383647798741,3.7735849056603774,70.44025157232704
E00013494,790,316,145,171,474,89,385,40,18.354430379746837,21.645569620253163,60,11.265822784810126,48.734177215189874
E00013495,222,24,5,19,198,13,185,10.81081081081081,2.2522522522522523,8.558558558558559,89.1891891891892,5.8558558558558556,83.33333333333334
E00013496,280,53,25,28,227,14,213,18.928571428571427,8.928571428571429,10,81.07142857142857,5,76.07142857142857
E00013497,269,56,27,29,213,20,193,20.817843866171003,10.037174721189592,10.780669144981413,79.182156133829,7.434944237918216,71.74721189591078
E00013500,312,46,16,30,266,18,248,14.743589743589745,5.128205128205128,9.615384615384617,85.25641025641025,5.769230769230769,79.48717948717949
E00013501,451,54,23,31,397,22,375,11.973392461197339,5.099778270509978,6.873614190687362,88.02660753880266,4.878048780487805,83.14855875831486
E00013502,358,51,23,28,307,10,297,14.24581005586592,6.424581005586592,7.82122905027933,85.75418994413407,2.793296089385475,82.9608938547486
E00013503,310,46,29,17,264,14,250,14.838709677419354,9.35483870967742,5.483870967741936,85.16129032258064,4.516129032258064,80.64516129032258
E00013504,300,46,20,26,254,27,227,15.333333333333332,6.666666666666667,8.666666666666668,84.66666666666667,9,75.66666666666667
E00013506,306,66,33,33,240,17,223,21.568627450980394,10.784313725490197,10.784313725490197,78.43137254901961,5.555555555555555,72.87581699346404
E00013507,172,36,20,16,136,8,128,20.930232558139537,11.627906976744185,9.30232558139535,79.06976744186046,4.651162790697675,74.4186046511628
E00013508,307,40,23,17,267,22,245,13.029315960912053,7.491856677524431,5.537459283387622,86.97068403908796,7.166123778501629,79.80456026058633
E00013509,226,41,20,21,185,11,174,18.141592920353983,8.849557522123893,9.29203539823009,81.85840707964603,4.867256637168142,76.99115044247787
E00013510,205,47,27,20,158,13,145,22.926829268292686,13.170731707317074,9.75609756097561,77.07317073170732,6.341463414634147,70.73170731707317
E00013511,216,37,19,18,179,15,164,17.12962962962963,8.796296296296296,8.333333333333332,82.87037037037037,6.944444444444445,75.92592592592592
E00013512,310,41,13,28,269,23,246,13.225806451612904,4.193548387096775,9.032258064516128,86.7741935483871,7.419354838709677,79.35483870967742
E00013513,270,55,27,28,215,16,199,20.37037037037037,10,10.37037037037037,79.62962962962963,5.9259259259259265,73.70370370370371
E00013514,281,47,26,21,234,18,216,16.72597864768683,9.252669039145907,7.473309608540925,83.27402135231317,6.405693950177936,76.86832740213522
E00013515,264,46,20,26,218,18,200,17.424242424242426,7.575757575757576,9.848484848484848,82.57575757575758,6.8181818181818175,75.75757575757575
E00013516,298,57,36,21,241,17,224,19.12751677852349,12.080536912751679,7.046979865771812,80.87248322147651,5.704697986577181,75.16778523489933
E00013517,211,40,18,22,171,15,156,18.95734597156398,8.530805687203792,10.42654028436019,81.04265402843602,7.109004739336493,73.93364928909952
E00013518,259,37,17,20,222,21,201,14.285714285714285,6.563706563706563,7.722007722007722,85.71428571428571,8.108108108108109,77.60617760617761
E00013519,171,34,18,16,137,8,129,19.883040935672515,10.526315789473683,9.35672514619883,80.11695906432749,4.678362573099415,75.43859649122807
E00013520,404,59,29,30,345,14,331,14.603960396039604,7.1782178217821775,7.425742574257425,85.39603960396039,3.4653465346534658,81.93069306930693
E00013521,314,78,43,35,236,21,215,24.840764331210192,13.694267515923567,11.146496815286625,75.15923566878982,6.687898089171974,68.47133757961782
E00013522,274,42,22,20,232,16,216,15.328467153284672,8.02919708029197,7.2992700729927,84.67153284671532,5.839416058394161,78.83211678832117
E00013523,291,38,9,29,253,22,231,13.058419243986256,3.0927835051546393,9.965635738831615,86.94158075601375,7.560137457044673,79.38144329896907
E00013524,280,19,4,15,261,18,243,6.785714285714286,1.4285714285714286,5.357142857142857,93.21428571428572,6.428571428571428,86.78571428571429
E00013525,287,50,21,29,237,16,221,17.421602787456447,7.317073170731707,10.104529616724738,82.57839721254355,5.574912891986063,77.00348432055749
E00013526,488,117,57,60,371,21,350,23.975409836065573,11.68032786885246,12.295081967213115,76.02459016393442,4.30327868852459,71.72131147540983
E00013527,388,101,59,42,287,18,269,26.03092783505155,15.206185567010309,10.824742268041238,73.96907216494846,4.639175257731959,69.3298969072165
E00013528,289,61,26,35,228,17,211,21.10726643598616,8.996539792387544,12.110726643598616,78.89273356401384,5.88235294117647,73.01038062283737
E00013529,288,25,11,14,263,16,247,8.680555555555555,3.8194444444444446,4.861111111111112,91.31944444444444,5.555555555555555,85.76388888888889
E00013530,444,72,37,35,372,26,346,16.216216216216218,8.333333333333332,7.882882882882883,83.78378378378379,5.8558558558558556,77.92792792792793
E00013531,312,62,38,24,250,16,234,19.871794871794872,12.179487179487179,7.6923076923076925,80.12820512820514,5.128205128205128,75
E00013532,308,35,16,19,273,26,247,11.363636363636363,5.194805194805195,6.1688311688311686,88.63636363636364,8.441558441558442,80.1948051948052
E00013533,341,24,0,24,317,30,287,7.038123167155426,0,7.038123167155426,92.96187683284457,8.797653958944283,84.1642228739003
E00013534,445,90,43,47,355,18,337,20.224719101123593,9.662921348314606,10.561797752808989,79.7752808988764,4.044943820224719,75.73033707865169
E00013535,255,30,8,22,225,20,205,11.76470588235294,3.1372549019607843,8.627450980392156,88.23529411764706,7.8431372549019605,80.3921568627451
E00013536,236,30,8,22,206,8,198,12.711864406779661,3.389830508474576,9.322033898305085,87.28813559322035,3.389830508474576,83.89830508474576
E00013538,259,15,3,12,244,13,231,5.7915057915057915,1.1583011583011582,4.633204633204633,94.20849420849422,5.019305019305019,89.1891891891892
E00013539,241,43,15,28,198,15,183,17.842323651452283,6.224066390041494,11.618257261410788,82.15767634854771,6.224066390041494,75.93360995850622
E00013540,292,61,22,39,231,4,227,20.89041095890411,7.534246575342466,13.356164383561644,79.1095890410959,1.36986301369863,77.73972602739725
E00013541,448,62,38,24,386,27,359,13.839285714285715,8.482142857142858,5.357142857142857,86.16071428571429,6.026785714285714,80.13392857142857
E00013542,226,40,21,19,186,11,175,17.699115044247787,9.29203539823009,8.4070796460177,82.30088495575221,4.867256637168142,77.43362831858407
E00013543,278,45,24,21,233,14,219,16.18705035971223,8.633093525179856,7.553956834532374,83.81294964028777,5.0359712230215825,78.77697841726618
E00013544,343,86,40,46,257,19,238,25.072886297376094,11.661807580174926,13.411078717201166,74.9271137026239,5.539358600583091,69.38775510204081
E00013545,215,31,15,16,184,16,168,14.418604651162791,6.976744186046512,7.441860465116279,85.5813953488372,7.441860465116279,78.13953488372093
E00013546,243,14,1,13,229,18,211,5.761316872427984,0.411522633744856,5.349794238683128,94.23868312757202,7.4074074074074066,86.83127572016461
E00013547,373,50,21,29,323,36,287,13.404825737265416,5.630026809651475,7.774798927613941,86.59517426273459,9.651474530831099,76.94369973190348
E00013548,343,73,34,39,270,31,239,21.282798833819243,9.912536443148689,11.370262390670554,78.71720116618076,9.037900874635568,69.67930029154519
E00013549,315,20,9,11,295,21,274,6.349206349206349,2.857142857142857,3.492063492063492,93.65079365079364,6.666666666666667,86.98412698412699
E00013550,432,47,11,36,385,34,351,10.87962962962963,2.5462962962962963,8.333333333333332,89.12037037037037,7.87037037037037,81.25
E00013551,236,41,19,22,195,17,178,17.372881355932204,8.050847457627118,9.322033898305085,82.62711864406779,7.203389830508475,75.42372881355932
E00013552,268,57,23,34,211,14,197,21.26865671641791,8.582089552238806,12.686567164179104,78.73134328358209,5.223880597014925,73.50746268656717
E00013553,279,48,18,30,231,20,211,17.20430107526882,6.451612903225806,10.75268817204301,82.79569892473118,7.168458781362006,75.62724014336918
E00013554,435,69,21,48,366,30,336,15.862068965517242,4.827586206896552,11.03448275862069,84.13793103448276,6.896551724137931,77.24137931034483
E00013555,325,71,31,40,254,24,230,21.846153846153847,9.538461538461538,12.307692307692308,78.15384615384615,7.384615384615385,70.76923076923077
E00013556,270,37,15,22,233,22,211,13.703703703703704,5.555555555555555,8.148148148148149,86.29629629629629,8.148148148148149,78.14814814814814
E00013557,331,24,12,12,307,26,281,7.250755287009064,3.625377643504532,3.625377643504532,92.74924471299094,7.854984894259818,84.89425981873111
E00013558,349,75,34,41,274,19,255,21.48997134670487,9.742120343839542,11.74785100286533,78.51002865329512,5.444126074498568,73.06590257879655
E00013559,174,29,19,10,145,14,131,16.666666666666664,10.919540229885058,5.747126436781609,83.33333333333334,8.045977011494253,75.28735632183908
E00013560,261,43,23,20,218,20,198,16.47509578544061,8.812260536398467,7.662835249042145,83.5249042145594,7.662835249042145,75.86206896551724
E00013561,283,54,22,32,229,21,208,19.081272084805654,7.773851590106007,11.307420494699647,80.91872791519434,7.420494699646643,73.4982332155477
E00013562,236,47,19,28,189,7,182,19.915254237288135,8.050847457627118,11.864406779661017,80.08474576271186,2.9661016949152543,77.11864406779661
E00013563,208,37,18,19,171,15,156,17.78846153846154,8.653846153846153,9.134615384615383,82.21153846153845,7.211538461538461,75
E00013564,289,48,19,29,241,13,228,16.608996539792386,6.5743944636678195,10.034602076124568,83.39100346020761,4.498269896193772,78.89273356401384
E00013565,406,59,21,38,347,34,313,14.532019704433496,5.172413793103448,9.35960591133005,85.4679802955665,8.374384236453201,77.0935960591133
E00013566,304,58,36,22,246,16,230,19.078947368421055,11.842105263157894,7.236842105263158,80.92105263157895,5.263157894736842,75.6578947368421
E00013567,257,56,22,34,201,12,189,21.78988326848249,8.560311284046692,13.229571984435799,78.21011673151752,4.669260700389105,73.54085603112841
E00013568,270,60,20,40,210,25,185,22.22222222222222,7.4074074074074066,14.814814814814813,77.77777777777779,9.25925925925926,68.51851851851852
E00013569,334,37,15,22,297,22,275,11.077844311377245,4.491017964071856,6.58682634730539,88.92215568862275,6.58682634730539,82.33532934131736
E00013570,237,33,9,24,204,8,196,13.924050632911392,3.79746835443038,10.126582278481013,86.07594936708861,3.375527426160337,82.70042194092827
E00013571,352,64,37,27,288,19,269,18.181818181818183,10.511363636363637,7.670454545454546,81.81818181818183,5.3977272727272725,76.42045454545455
E00013572,330,31,9,22,299,25,274,9.393939393939393,2.727272727272727,6.666666666666667,90.6060606060606,7.575757575757576,83.03030303030303
E00013573,215,56,20,36,159,15,144,26.046511627906977,9.30232558139535,16.74418604651163,73.95348837209302,6.976744186046512,66.97674418604652
E00013574,368,62,29,33,306,13,293,16.847826086956523,7.880434782608696,8.967391304347826,83.15217391304348,3.532608695652174,79.61956521739131
E00013575,255,48,13,35,207,13,194,18.823529411764707,5.098039215686274,13.725490196078432,81.17647058823529,5.098039215686274,76.07843137254902
E00013576,242,53,25,28,189,21,168,21.90082644628099,10.330578512396695,11.570247933884298,78.099173553719,8.677685950413224,69.42148760330579
E00013577,408,73,33,40,335,20,315,17.892156862745097,8.088235294117647,9.803921568627452,82.1078431372549,4.901960784313726,77.20588235294117
E00013578,237,48,23,25,189,15,174,20.253164556962027,9.70464135021097,10.548523206751055,79.74683544303798,6.329113924050633,73.41772151898735
E00013579,266,51,28,23,215,12,203,19.172932330827066,10.526315789473683,8.646616541353383,80.82706766917293,4.511278195488721,76.31578947368422
E00013580,283,69,48,21,214,12,202,24.381625441696116,16.96113074204947,7.420494699646643,75.61837455830388,4.240282685512367,71.37809187279152
E00013581,279,47,22,25,232,20,212,16.845878136200717,7.885304659498208,8.960573476702509,83.15412186379928,7.168458781362006,75.98566308243727
E00013582,375,64,33,31,311,11,300,17.066666666666666,8.799999999999999,8.266666666666666,82.93333333333334,2.933333333333333,80
E00013583,454,54,19,35,400,37,363,11.894273127753303,4.185022026431718,7.709251101321586,88.10572687224669,8.149779735682818,79.95594713656388
E00013584,308,59,29,30,249,17,232,19.155844155844157,9.415584415584416,9.740259740259742,80.84415584415584,5.51948051948052,75.32467532467533
E00013585,317,51,19,32,266,18,248,16.08832807570978,5.993690851735016,10.094637223974763,83.91167192429022,5.678233438485805,78.23343848580441
E00013586,236,30,7,23,206,12,194,12.711864406779661,2.9661016949152543,9.745762711864407,87.28813559322035,5.084745762711865,82.20338983050848
E00013587,317,44,15,29,273,15,258,13.880126182965299,4.73186119873817,9.14826498422713,86.1198738170347,4.73186119873817,81.38801261829653
E00013588,312,59,31,28,253,14,239,18.91025641025641,9.935897435897436,8.974358974358974,81.08974358974359,4.487179487179487,76.6025641025641
E00013589,299,55,23,32,244,23,221,18.394648829431436,7.6923076923076925,10.702341137123746,81.60535117056857,7.6923076923076925,73.91304347826086
E00013591,251,36,12,24,215,22,193,14.342629482071715,4.780876494023905,9.56175298804781,85.65737051792829,8.764940239043826,76.89243027888446
E00013592,287,47,21,26,240,13,227,16.376306620209057,7.317073170731707,9.059233449477352,83.62369337979094,4.529616724738676,79.09407665505228
E00013593,306,39,23,16,267,22,245,12.745098039215685,7.516339869281046,5.228758169934641,87.25490196078431,7.18954248366013,80.06535947712419
E00013595,243,33,11,22,210,15,195,13.580246913580247,4.526748971193416,9.053497942386832,86.41975308641975,6.172839506172839,80.24691358024691
E00013596,281,46,19,27,235,23,212,16.370106761565836,6.761565836298933,9.608540925266903,83.62989323843416,8.185053380782918,75.44483985765125
E00013597,409,61,25,36,348,28,320,14.91442542787286,6.112469437652812,8.80195599022005,85.08557457212714,6.845965770171149,78.239608801956
E00013598,317,89,52,37,228,9,219,28.075709779179807,16.40378548895899,11.67192429022082,71.92429022082018,2.8391167192429023,69.08517350157729
E00013599,309,49,21,28,260,12,248,15.857605177993527,6.796116504854369,9.06148867313916,84.14239482200647,3.8834951456310676,80.2588996763754
E00013600,288,33,14,19,255,27,228,11.458333333333332,4.861111111111112,6.597222222222222,88.54166666666666,9.375,79.16666666666666
E00013601,253,57,20,37,196,24,172,22.529644268774703,7.905138339920949,14.624505928853754,77.4703557312253,9.486166007905137,67.98418972332016
E00013602,280,54,26,28,226,12,214,19.28571428571429,9.285714285714286,10,80.71428571428572,4.285714285714286,76.42857142857142
E00013603,245,33,15,18,212,13,199,13.46938775510204,6.122448979591836,7.346938775510205,86.53061224489797,5.3061224489795915,81.22448979591836
E00013604,586,77,30,47,509,23,486,13.139931740614335,5.1194539249146755,8.020477815699659,86.86006825938567,3.9249146757679183,82.93515358361775
E00013605,258,53,19,34,205,12,193,20.54263565891473,7.3643410852713185,13.178294573643413,79.45736434108527,4.651162790697675,74.8062015503876
E00013606,469,65,39,26,404,12,392,13.859275053304904,8.315565031982942,5.543710021321962,86.14072494669509,2.55863539445629,83.5820895522388
E00013608,209,34,14,20,175,14,161,16.267942583732058,6.698564593301436,9.569377990430622,83.73205741626795,6.698564593301436,77.03349282296651
E00013609,347,68,31,37,279,15,264,19.596541786743515,8.93371757925072,10.662824207492795,80.403458213256485,4.322766570605188,76.0806916426513
E00013610,330,35,15,20,295,22,273,10.606060606060606,4.545454545454546,6.0606060606060606,89.39393939393939,6.666666666666667,82.72727272727273
E00013611,283,99,71,28,184,8,176,34.98233215547703,25.08833922261484,9.89399293286219,65.01766784452296,2.8268551236749118,62.19081272084806
E00013612,351,52,31,21,299,10,289,14.814814814814813,8.831908831908832,5.982905982905983,85.18518518518519,2.849002849002849,82.33618233618233
E00013613,363,76,50,26,287,8,279,20.9366391184573,13.774104683195592,7.162534435261708,79.06336088154269,2.203856749311295,76.85950413223141
E00013614,333,44,22,22,289,10,279,13.213213213213212,6.606606606606606,6.606606606606606,86.78678678678679,3.003003003003003,83.78378378378379
E00013615,413,48,22,26,365,20,345,11.62227602905569,5.326876513317192,6.2953995157385,88.37772397094432,4.8426150121065374,83.53510895883777
E00013616,293,48,24,24,245,9,236,16.38225255972696,8.19112627986348,8.19112627986348,83.61774744027304,3.0716723549488054,80.54607508532423
E00013617,293,53,28,25,240,8,232,18.088737201365188,9.556313993174061,8.532423208191126,81.91126279863481,2.7303754266211606,79.18088737201366
E00013619,267,60,31,29,207,7,200,22.47191011235955,11.610486891385769,10.861423220973784,77.52808988764045,2.6217228464419478,74.90636704119851
E00013620,397,79,47,32,318,18,300,19.899244332493705,11.838790931989925,8.060453400503778,80.10075566750629,4.534005037783375,75.56675062972292
E00013622,184,24,16,8,160,8,152,13.043478260869565,8.695652173913043,4.3478260869565215,86.95652173913044,4.3478260869565215,82.6086956521739
E00013624,180,43,16,27,137,8,129,23.88888888888889,8.88888888888889,15,76.11111111111111,4.444444444444445,71.66666666666667
E00013625,298,34,12,22,264,18,246,11.409395973154362,4.026845637583892,7.38255033557047,88.59060402684564,6.0402684563758395,82.5503355704698
E00013626,359,39,13,26,320,26,294,10.86350974930362,3.6211699164345403,7.242339832869081,89.13649025069638,7.242339832869081,81.89415041782729
E00013627,349,56,20,36,293,21,272,16.045845272206304,5.730659025787966,10.315186246418339,83.95415472779369,6.017191977077363,77.93696275071633
E00013628,353,65,33,32,288,17,271,18.413597733711047,9.34844192634561,9.06515580736544,81.58640226628894,4.815864022662889,76.77053824362606
E00013629,301,43,15,28,258,14,244,14.285714285714285,4.983388704318937,9.30232558139535,85.71428571428571,4.651162790697675,81.06312292358804
E00013630,218,16,5,11,202,20,182,7.339449541284404,2.293577981651376,5.045871559633028,92.66055045871559,9.174311926605505,83.4862385321101
E00013631,518,49,17,32,469,46,423,9.45945945945946,3.2818532818532815,6.177606177606178,90.54054054054053,8.880308880308881,81.66023166023166
E00013632,315,29,10,19,286,31,255,9.206349206349207,3.1746031746031744,6.031746031746032,90.7936507936508,9.841269841269842,80.95238095238095
E00013633,283,57,34,23,226,18,208,20.141342756183743,12.014134275618375,8.12720848056537,79.85865724381625,6.36042402826855,73.4982332155477
E00013635,222,46,26,20,176,16,160,20.72072072072072,11.711711711711711,9.00900900900901,79.27927927927928,7.207207207207207,72.07207207207207
E00013636,342,66,28,38,276,25,251,19.298245614035086,8.187134502923977,11.11111111111111,80.7017543859649,7.309941520467836,73.39181286549707
E00013637,332,72,30,42,260,17,243,21.686746987951807,9.036144578313253,12.650602409638553,78.3132530120482,5.120481927710843,73.19277108433735
E00013638,349,22,5,17,327,21,306,6.303724928366762,1.4326647564469914,4.871060171919771,93.69627507163324,6.017191977077363,87.67908309455588
E00013639,349,32,12,20,317,32,285,9.169054441260744,3.4383954154727796,5.730659025787966,90.83094555873924,9.169054441260744,81.66189111747852
E00013640,394,36,8,28,358,36,322,9.137055837563452,2.030456852791878,7.1065989847715745,90.86294416243655,9.137055837563452,81.7258883248731
E00013641,239,30,14,16,209,14,195,12.552301255230125,5.857740585774058,6.694560669456067,87.44769874476988,5.857740585774058,81.58995815899581
E00013642,375,86,38,48,289,25,264,22.933333333333334,10.133333333333333,12.8,77.06666666666668,6.666666666666667,70.39999999999999
E00013643,240,18,5,13,222,16,206,7.5,2.083333333333333,5.416666666666667,92.5,6.666666666666667,85.83333333333333
E00013644,217,34,17,17,183,17,166,15.668202764976957,7.834101382488479,7.834101382488479,84.33179723502305,7.834101382488479,76.49769585253456
E00013645,226,35,16,19,191,15,176,15.486725663716813,7.079646017699115,8.4070796460177,84.51327433628319,6.637168141592921,77.87610619469027
E00013646,258,26,8,18,232,17,215,10.077519379844961,3.10077519379845,6.976744186046512,89.92248062015504,6.5891472868217065,83.33333333333334
E00013647,230,28,11,17,202,22,180,12.173913043478262,4.782608695652174,7.391304347826087,87.82608695652175,9.565217391304348,78.26086956521739
E00013648,157,22,12,10,135,12,123,14.012738853503185,7.643312101910828,6.369426751592357,85.98726114649682,7.643312101910828,78.343949044586
E00013649,206,43,20,23,163,11,152,20.87378640776699,9.70873786407767,11.165048543689322,79.12621359223301,5.339805825242718,73.7864077669903
E00013650,265,32,17,15,233,20,213,12.075471698113208,6.415094339622642,5.660377358490567,87.9245283018868,7.547169811320755,80.37735849056604
E00013651,283,48,17,31,235,19,216,16.96113074204947,6.007067137809187,10.954063604240282,83.03886925795054,6.713780918727916,76.32508833922262
E00013652,365,39,13,26,326,21,305,10.684931506849315,3.5616438356164384,7.123287671232877,89.31506849315069,5.7534246575342465,83.56164383561644
E00013653,351,48,22,26,303,19,284,13.675213675213676,6.267806267806268,7.4074074074074066,86.32478632478633,5.413105413105413,80.91168091168092
E00013654,195,34,11,23,161,19,142,17.435897435897434,5.641025641025641,11.794871794871794,82.564102564102555,9.7435897435897445,72.82051282051282
E00013655,469,62,28,34,407,38,369,13.219616204690832,5.970149253731343,7.249466950959488,86.78038379530916,8.102345415778252,78.67803837953092
E00013656,483,71,38,33,412,28,384,14.699792960662524,7.867494824016563,6.832298136645963,85.30020703933747,5.797101449275362,79.5031055900621
E00013657,286,32,5,27,254,16,238,11.188811188811188,1.7482517482517483,9.44055944055944,88.81118881118881,5.594405594405594,83.21678321678321
E00013658,264,62,36,26,202,18,184,23.484848484848484,13.636363636363635,9.848484848484848,76.51515151515152,6.8181818181818175,69.6969696969697
E00013659,311,38,12,26,273,29,244,12.218649517684888,3.858520900321544,8.360128617363344,87.78135048231512,9.32475884244373,78.45659163987139
E00013660,215,33,17,16,182,17,165,15.348837209302326,7.906976744186046,7.441860465116279,84.65116279069768,7.906976744186046,76.74418604651163
E00013662,305,19,4,15,286,26,260,6.229508196721312,1.3114754098360655,4.918032786885246,93.77049180327869,8.524590163934425,85.24590163934425
E00013663,315,44,19,25,271,26,245,13.968253968253968,6.031746031746032,7.936507936507936,86.03174603174604,8.253968253968253,77.77777777777779
E00013664,313,35,14,21,278,24,254,11.182108626198083,4.472843450479233,6.7092651757188495,88.81789137380191,7.667731629392971,81.15015974440894
E00013665,375,40,16,24,335,31,304,10.666666666666668,4.266666666666667,6.4,89.33333333333333,8.266666666666666,81.06666666666666
E00013667,536,69,32,37,467,37,430,12.87313432835821,5.970149253731343,6.902985074626866,87.1268656716418,6.902985074626866,80.22388059701493
E00013668,297,55,26,29,242,9,233,18.51851851851852,8.754208754208754,9.764309764309765,81.48148148148148,3.0303030303030303,78.45117845117845
E00013669,362,58,25,33,304,28,276,16.022099447513813,6.906077348066299,9.116022099447514,83.97790055248619,7.734806629834254,76.24309392265194
E00013670,354,32,13,19,322,28,294,9.03954802259887,3.672316384180791,5.367231638418079,90.96045197740112,7.909604519774012,83.05084745762711
E00013671,270,47,22,25,223,15,208,17.40740740740741,8.148148148148149,9.25925925925926,82.5925925925926,5.555555555555555,77.03703703703704
E00013672,278,51,19,32,227,21,206,18.345323741007196,6.83453237410072,11.510791366906476,81.65467625899281,7.553956834532374,74.10071942446042
E00013673,204,36,23,13,168,7,161,17.647058823529413,11.27450980392157,6.372549019607843,82.35294117647058,3.431372549019608,78.92156862745098
E00013674,334,46,23,23,288,23,265,13.77245508982036,6.88622754491018,6.88622754491018,86.22754491017965,6.88622754491018,79.34131736526946
E00013675,442,62,28,34,380,29,351,14.027149321266968,6.334841628959276,7.6923076923076925,85.97285067873304,6.561085972850679,79.41176470588235
E00013676,267,19,4,15,248,23,225,7.116104868913857,1.4981273408239701,5.617977528089887,92.88389513108615,8.614232209737828,84.26966292134831
E00013677,370,68,29,39,302,15,287,18.37837837837838,7.837837837837839,10.54054054054054,81.62162162162161,4.054054054054054,77.56756756756756
E00013678,444,45,10,35,399,34,365,10.135135135135135,2.2522522522522523,7.882882882882883,89.86486486486487,7.657657657657657,82.2072072072072
E00013679,291,54,37,17,237,7,230,18.556701030927837,12.714776632302405,5.841924398625429,81.44329896907216,2.405498281786942,79.03780068728523
E00013680,332,55,23,32,277,22,255,16.566265060240966,6.927710843373494,9.63855421686747,83.43373493975903,6.626506024096386,76.80722891566265
E00013681,125,15,5,10,110,9,101,12,4,8,88,7.199999999999999,80.80000000000001
E00013682,385,50,20,30,335,29,306,12.987012987012985,5.194805194805195,7.792207792207792,87.01298701298701,7.532467532467532,79.48051948051949
E00013683,268,60,22,38,208,15,193,22.388059701492537,8.208955223880597,14.17910447761194,77.61194029850746,5.597014925373134,72.01492537313433
E00013684,266,49,24,25,217,16,201,18.421052631578945,9.022556390977442,9.398496240601503,81.57894736842105,6.015037593984962,75.56390977443608
E00013685,233,39,15,24,194,10,184,16.738197424892704,6.437768240343347,10.300429184549357,83.2618025751073,4.291845493562231,78.96995708154506
E00013687,296,25,9,16,271,14,257,8.445945945945946,3.040540540540541,5.405405405405405,91.55405405405406,4.72972972972973,86.82432432432432
E00013688,272,56,24,32,216,17,199,20.588235294117645,8.823529411764707,11.76470588235294,79.41176470588235,6.25,73.16176470588235
E00013689,192,28,8,20,164,12,152,14.583333333333334,4.166666666666666,10.416666666666668,85.41666666666666,6.25,79.16666666666666
E00013690,294,23,4,19,271,21,250,7.8231292517006805,1.3605442176870748,6.462585034013606,92.17687074829932,7.142857142857142,85.03401360544217
E00013691,367,65,29,36,302,26,276,17.71117166212534,7.901907356948229,9.809264305177113,82.28882833787466,7.084468664850137,75.20435967302453
E00013693,247,53,30,23,194,11,183,21.45748987854251,12.145748987854251,9.31174089068826,78.54251012145748,4.4534412955465585,74.08906882591093
E00013694,321,51,21,30,270,14,256,15.887850467289718,6.5420560747663545,9.345794392523365,84.11214953271028,4.361370716510903,79.75077881619937
E00013695,428,64,31,33,364,18,346,14.953271028037381,7.242990654205607,7.710280373831775,85.04672897196261,4.205607476635514,80.8411214953271
E00013696,253,52,35,17,201,8,193,20.55335968379447,13.83399209486166,6.719367588932807,79.44664031620553,3.1620553359683794,76.28458498023716
E00013697,299,40,22,18,259,30,229,13.377926421404682,7.357859531772576,6.0200668896321075,86.62207357859532,10.033444816053512,76.58862876254182
E00013698,294,32,13,19,262,27,235,10.884353741496598,4.421768707482993,6.462585034013606,89.1156462585034,9.183673469387756,79.93197278911565
E00013699,357,89,48,41,268,19,249,24.92997198879552,13.445378151260504,11.484593837535014,75.07002801120449,5.322128851540616,69.74789915966386
E00013700,309,40,17,23,269,33,236,12.944983818770226,5.501618122977346,7.443365695792881,87.05501618122977,10.679611650485436,76.37540453074433
E00013701,315,33,12,21,282,25,257,10.476190476190476,3.8095238095238098,6.666666666666667,89.52380952380953,7.936507936507936,81.58730158730158
E00013702,343,42,25,17,301,25,276,12.244897959183673,7.288629737609329,4.956268221574344,87.75510204081633,7.288629737609329,80.466472303207
E00013703,327,47,18,29,280,20,260,14.37308868501529,5.5045871559633035,8.868501529051988,85.62691131498471,6.116207951070336,79.51070336391437
E00013704,256,51,26,25,205,14,191,19.921875,10.15625,9.765625,80.078125,5.46875,74.609375
E00013705,412,77,36,41,335,10,325,18.689320388349515,8.737864077669903,9.951456310679612,81.31067961165049,2.4271844660194173,78.88349514563106
E00013706,383,80,33,47,303,25,278,20.887728459530024,8.616187989556137,12.27154046997389,79.11227154046998,6.527415143603134,72.58485639686684
E00013707,449,94,45,49,355,37,318,20.93541202672606,10.022271714922049,10.913140311804009,79.06458797327394,8.240534521158128,70.8240534521158
E00013708,292,62,36,26,230,19,211,21.232876712328768,12.32876712328767,8.904109589041095,78.76712328767124,6.506849315068493,72.26027397260275
E00013709,346,95,61,34,251,11,240,27.45664739884393,17.63005780346821,9.826589595375722,72.54335260115607,3.1791907514450863,69.36416184971098
E00013710,259,62,34,28,197,25,172,23.93822393822394,13.127413127413126,10.81081081081081,76.06177606177607,9.652509652509652,66.40926640926641
E00013711,456,63,20,43,393,28,365,13.815789473684212,4.385964912280701,9.429824561403509,86.18421052631578,6.140350877192982,80.04385964912281
E00013712,260,29,9,20,231,24,207,11.153846153846155,3.4615384615384617,7.6923076923076925,88.84615384615384,9.230769230769232,79.61538461538461
E00013713,351,31,11,20,320,28,292,8.831908831908832,3.133903133903134,5.698005698005698,91.16809116809117,7.977207977207977,83.1908831908832
E00013714,297,85,40,45,212,16,196,28.619528619528616,13.468013468013467,15.151515151515152,71.38047138047138,5.387205387205387,65.993265993266
E00013715,302,36,9,27,266,20,246,11.920529801324504,2.980132450331126,8.940397350993377,88.0794701986755,6.622516556291391,81.45695364238411
E00013716,318,54,26,28,264,19,245,16.9811320754717,8.176100628930817,8.80503144654088,83.01886792452831,5.9748427672955975,77.04402515723271
E00013717,318,34,5,29,284,24,260,10.69182389937107,1.5723270440251573,9.119496855345911,89.30817610062893,7.547169811320755,81.76100628930818
E00013718,306,64,42,22,242,16,226,20.915032679738562,13.725490196078432,7.18954248366013,79.08496732026144,5.228758169934641,73.8562091503268
E00013719,236,27,8,19,209,25,184,11.440677966101696,3.389830508474576,8.050847457627118,88.5593220338983,10.59322033898305,77.96610169491525
E00013720,384,62,30,32,322,15,307,16.145833333333336,7.8125,8.333333333333332,83.85416666666666,3.90625,79.94791666666666
E00013721,374,68,24,44,306,36,270,18.181818181818183,6.417112299465241,11.76470588235294,81.81818181818183,9.62566844919786,72.19251336898395
E00013722,309,41,20,21,268,17,251,13.268608414239482,6.472491909385113,6.796116504854369,86.73139158576052,5.501618122977346,81.22977346278317
E00013723,214,35,15,20,179,22,157,16.355140186915886,7.009345794392523,9.345794392523365,83.64485981308411,10.2803738317757,73.36448598130842
E00013724,464,49,17,32,415,30,385,10.560344827586206,3.6637931034482754,6.896551724137931,89.4396551724138,6.4655172413793105,82.97413793103449
E00013725,283,45,18,27,238,12,226,15.901060070671377,6.36042402826855,9.540636042402827,84.09893992932862,4.240282685512367,79.85865724381625
E00013726,226,37,16,21,189,20,169,16.371681415929203,7.079646017699115,9.29203539823009,83.6283185840708,8.849557522123893,74.77876106194691
E00013727,327,73,42,31,254,19,235,22.32415902140673,12.844036697247708,9.480122324159021,77.67584097859327,5.81039755351682,71.86544342507645
E00013728,319,73,42,31,246,14,232,22.884012539184955,13.166144200626958,9.717868338557993,77.11598746081505,4.38871473354232,72.72727272727273
E00013729,307,57,22,35,250,28,222,18.566775244299674,7.166123778501629,11.400651465798045,81.43322475570032,9.120521172638437,72.31270358306189
E00013730,224,27,9,18,197,17,180,12.053571428571429,4.017857142857143,8.035714285714286,87.94642857142857,7.5892857142857135,80.35714285714286
E00013731,278,39,19,20,239,24,215,14.028776978417264,6.83453237410072,7.1942446043165464,85.97122302158273,8.633093525179856,77.33812949640287
E00013732,198,49,25,24,149,8,141,24.747474747474747,12.626262626262626,12.121212121212121,75.25252525252525,4.040404040404041,71.21212121212122
E00013733,279,68,36,32,211,10,201,24.372759856630825,12.903225806451612,11.469534050179211,75.62724014336918,3.584229390681003,72.04301075268818
E00013734,241,49,21,28,192,13,179,20.33195020746888,8.71369294605809,11.618257261410788,79.66804979253112,5.394190871369295,74.27385892116183
E00013735,293,62,22,40,231,22,209,21.160409556313994,7.508532423208192,13.651877133105803,78.839590443686,7.508532423208192,71.33105802047781
E00013736,253,61,26,35,192,15,177,24.110671936758894,10.276679841897234,13.83399209486166,75.8893280632411,5.928853754940711,69.96047430830039
E00013737,264,52,26,26,212,13,199,19.696969696969695,9.848484848484848,9.848484848484848,80.3030303030303,4.924242424242424,75.37878787878788
E00013738,224,49,27,22,175,9,166,21.875,12.053571428571429,9.821428571428571,78.125,4.017857142857143,74.10714285714286
E00013739,260,47,27,20,213,22,191,18.076923076923077,10.384615384615385,7.6923076923076925,81.92307692307692,8.461538461538462,73.46153846153847
E00013740,252,51,24,27,201,9,192,20.238095238095237,9.523809523809524,10.714285714285714,79.76190476190477,3.571428571428571,76.19047619047619
E00013741,319,56,28,28,263,14,249,17.55485893416928,8.77742946708464,8.77742946708464,82.44514106583071,4.38871473354232,78.0564263322884
E00013742,198,39,18,21,159,8,151,19.696969696969695,9.090909090909092,10.606060606060606,80.3030303030303,4.040404040404041,76.26262626262627
E00013743,319,29,19,10,290,18,272,9.090909090909092,5.956112852664576,3.1347962382445136,90.9090909090909,5.6426332288401255,85.26645768025078
E00013744,347,43,18,25,304,36,268,12.39193083573487,5.187319884726225,7.204610951008646,87.60806916426513,10.37463976945245,77.23342939481267
E00013745,370,41,14,27,329,25,304,11.081081081081082,3.783783783783784,7.297297297297297,88.91891891891892,6.756756756756757,82.16216216216216
E00013746,278,53,23,30,225,19,206,19.06474820143885,8.273381294964029,10.79136690647482,80.93525179856115,6.83453237410072,74.10071942446042
E00013747,308,55,26,29,253,24,229,17.857142857142858,8.441558441558442,9.415584415584416,82.14285714285714,7.792207792207792,74.35064935064936
E00013748,260,56,24,32,204,12,192,21.53846153846154,9.230769230769232,12.307692307692308,78.46153846153847,4.615384615384616,73.84615384615385
E00013749,286,55,27,28,231,22,209,19.230769230769234,9.44055944055944,9.79020979020979,80.76923076923077,7.6923076923076925,73.07692307692307
E00013751,498,69,30,39,429,32,397,13.855421686746988,6.024096385542169,7.83132530120482,86.14457831325302,6.425702811244979,79.71887550200803
E00013752,339,47,18,29,292,21,271,13.864306784660767,5.3097345132743365,8.55457227138643,86.13569321533923,6.1946902654867255,79.9410029498525
E00013754,364,80,47,33,284,30,254,21.978021978021978,12.912087912087914,9.065934065934066,78.02197802197803,8.241758241758241,69.78021978021978
E00013755,279,51,29,22,228,14,214,18.27956989247312,10.39426523297491,7.885304659498208,81.72043010752688,5.017921146953405,76.70250896057348
E00013756,419,84,45,39,335,18,317,20.047732696897373,10.739856801909307,9.307875894988067,79.95226730310262,4.295942720763723,75.65632458233891
E00013757,175,29,10,19,146,4,142,16.57142857142857,5.714285714285714,10.857142857142858,83.42857142857143,2.2857142857142856,81.14285714285714
E00013758,422,81,38,43,341,12,329,19.194312796208532,9.004739336492891,10.189573459715639,80.80568720379146,2.843601895734597,77.96208530805687
E00013760,417,69,37,32,348,16,332,16.546762589928058,8.872901678657074,7.673860911270983,83.45323741007195,3.8369304556354913,79.61630695443645
E00013762,209,35,12,23,174,15,159,16.74641148325359,5.741626794258373,11.004784688995215,83.25358851674642,7.177033492822966,76.07655502392345
E00013763,207,38,18,20,169,9,160,18.357487922705314,8.695652173913043,9.66183574879227,81.64251207729468,4.3478260869565215,77.29468599033817
E00013764,342,65,28,37,277,16,261,19.005847953216374,8.187134502923977,10.818713450292398,80.99415204678363,4.678362573099415,76.31578947368422
E00013765,215,48,28,20,167,11,156,22.325581395348838,13.023255813953488,9.30232558139535,77.67441860465117,5.116279069767442,72.55813953488372
E00013766,274,47,24,23,227,14,213,17.153284671532848,8.75912408759124,8.394160583941606,82.84671532846716,5.109489051094891,77.73722627737226
E00013767,318,84,42,42,234,8,226,26.41509433962264,13.20754716981132,13.20754716981132,73.58490566037736,2.515723270440252,71.0691823899371
E00013768,228,59,26,33,169,9,160,25.877192982456144,11.403508771929824,14.473684210526317,74.12280701754386,3.9473684210526314,70.17543859649122
E00013769,250,56,22,34,194,18,176,22.400000000000002,8.799999999999999,13.600000000000001,77.60000000000001,7.199999999999999,70.39999999999999
E00013770,319,41,15,26,278,28,250,12.852664576802509,4.702194357366771,8.150470219435736,87.14733542319749,8.77742946708464,78.36990595611285
E00013771,314,80,41,39,234,16,218,25.477707006369428,13.05732484076433,12.420382165605096,74.52229299363057,5.095541401273886,69.42675159235668
E00013772,430,85,34,51,345,23,322,19.767441860465116,7.906976744186046,11.86046511627907,80.23255813953489,5.348837209302325,74.88372093023256
E00013773,214,54,23,31,160,10,150,25.233644859813083,10.74766355140187,14.485981308411214,74.76635514018692,4.672897196261682,70.09345794392523
E00013774,310,56,19,37,254,20,234,18.064516129032256,6.129032258064516,11.935483870967742,81.93548387096774,6.451612903225806,75.48387096774194
E00013776,350,42,12,30,308,16,292,12,3.428571428571429,8.571428571428571,88,4.571428571428571,83.42857142857143
E00013777,260,44,12,32,216,14,202,16.923076923076923,4.615384615384616,12.307692307692308,83.07692307692308,5.384615384615385,77.6923076923077
E00013778,291,44,19,25,247,21,226,15.120274914089347,6.529209621993128,8.59106529209622,84.87972508591065,7.216494845360824,77.66323024054984
E00013780,273,43,17,26,230,11,219,15.75091575091575,6.227106227106227,9.523809523809524,84.24908424908425,4.029304029304029,80.21978021978022
E00013781,311,47,17,30,264,32,232,15.112540192926044,5.466237942122187,9.646302250803858,84.88745980707395,10.289389067524116,74.59807073954984
E00013782,347,59,27,32,288,13,275,17.002881844380404,7.780979827089338,9.221902017291066,82.9971181556196,3.7463976945244957,79.2507204610951
E00013783,452,80,30,50,372,29,343,17.699115044247787,6.637168141592921,11.061946902654867,82.30088495575221,6.415929203539823,75.88495575221239
E00013784,302,71,38,33,231,12,219,23.509933774834437,12.582781456953644,10.927152317880795,76.49006622516556,3.9735099337748347,72.51655629139073
E00013785,359,55,26,29,304,14,290,15.32033426183844,7.242339832869081,8.07799442896936,84.67966573816156,3.8997214484679668,80.77994428969359
E00013786,245,36,10,26,209,16,193,14.69387755102041,4.081632653061225,10.612244897959183,85.3061224489796,6.530612244897959,78.77551020408163
E00013787,225,44,26,18,181,15,166,19.555555555555557,11.555555555555555,8,80.44444444444444,6.666666666666667,73.77777777777777
E00013788,287,43,18,25,244,8,236,14.982578397212542,6.2717770034843205,8.710801393728223,85.01742160278745,2.7874564459930316,82.22996515679442
E00013789,318,63,30,33,255,18,237,19.81132075471698,9.433962264150944,10.377358490566039,80.18867924528303,5.660377358490567,74.52830188679245
E00013790,349,39,20,19,310,36,274,11.174785100286533,5.730659025787966,5.444126074498568,88.82521489971347,10.315186246418339,78.51002865329512
E00013791,375,56,24,32,319,26,293,14.933333333333335,6.4,8.533333333333333,85.06666666666666,6.933333333333333,78.13333333333333
E00013792,368,78,30,48,290,18,272,21.195652173913043,8.152173913043478,13.043478260869565,78.80434782608695,4.891304347826087,73.91304347826086
E00013793,223,50,23,27,173,17,156,22.421524663677133,10.31390134529148,12.10762331838565,77.57847533632287,7.623318385650224,69.95515695067265
E00013794,345,45,15,30,300,26,274,13.043478260869565,4.3478260869565215,8.695652173913043,86.95652173913044,7.536231884057972,79.42028985507247
E00013795,393,62,43,19,331,17,314,15.776081424936386,10.941475826972011,4.8346055979643765,84.22391857506362,4.325699745547073,79.89821882951654
E00013796,265,45,18,27,220,20,200,16.9811320754717,6.7924528301886795,10.18867924528302,83.01886792452831,7.547169811320755,75.47169811320755
E00013797,259,53,16,37,206,22,184,20.463320463320464,6.177606177606178,14.285714285714285,79.53667953667953,8.494208494208493,71.04247104247105
E00013798,216,34,12,22,182,15,167,15.74074074074074,5.555555555555555,10.185185185185185,84.25925925925925,6.944444444444445,77.31481481481481
E00013799,303,42,13,29,261,25,236,13.861386138613863,4.29042904290429,9.570957095709572,86.13861386138613,8.25082508250825,77.88778877887789
E00013800,220,56,22,34,164,13,151,25.454545454545453,10,15.454545454545453,74.54545454545455,5.909090909090909,68.63636363636364
E00013802,355,45,15,30,310,36,274,12.676056338028168,4.225352112676056,8.450704225352112,87.32394366197182,10.140845070422536,77.1830985915493
E00013803,216,52,25,27,164,13,151,24.074074074074073,11.574074074074074,12.5,75.92592592592592,6.018518518518518,69.9074074074074
E00013804,204,48,27,21,156,12,144,23.52941176470588,13.23529411764706,10.294117647058822,76.47058823529412,5.88235294117647,70.58823529411765
E00013805,193,16,4,12,177,11,166,8.290155440414509,2.072538860103627,6.217616580310881,91.70984455958549,5.699481865284974,86.01036269430051
E00013806,288,80,35,45,208,17,191,27.77777777777778,12.152777777777777,15.625,72.22222222222221,5.902777777777778,66.31944444444444
E00013807,394,57,19,38,337,21,316,14.467005076142131,4.822335025380711,9.644670050761421,85.53299492385787,5.32994923857868,80.20304568527918
E00013808,246,50,17,33,196,12,184,20.32520325203252,6.910569105691057,13.414634146341465,79.67479674796748,4.878048780487805,74.79674796747967
E00013809,350,65,30,35,285,28,257,18.571428571428573,8.571428571428571,10,81.42857142857143,8,73.42857142857143
E00013810,303,54,26,28,249,15,234,17.82178217821782,8.58085808580858,9.24092409240924,82.17821782178217,4.9504950495049505,77.22772277227723
E00013811,244,63,36,27,181,12,169,25.81967213114754,14.754098360655737,11.065573770491802,74.18032786885246,4.918032786885246,69.26229508196722
E00013812,277,45,12,33,232,30,202,16.24548736462094,4.332129963898916,11.913357400722022,83.75451263537906,10.830324909747292,72.92418772563177
E00013814,298,33,13,20,265,15,250,11.073825503355705,4.3624161073825505,6.7114093959731544,88.9261744966443,5.033557046979865,83.89261744966443
E00013815,276,40,15,25,236,14,222,14.492753623188406,5.434782608695652,9.057971014492754,85.5072463768116,5.072463768115942,80.43478260869566
E00013816,321,41,19,22,280,4,276,12.77258566978193,5.919003115264798,6.853582554517133,87.22741433021807,1.2461059190031152,85.98130841121495
E00013817,263,40,17,23,223,17,206,15.209125475285171,6.4638783269961975,8.745247148288973,84.79087452471484,6.4638783269961975,78.32699619771863
E00013818,424,55,22,33,369,39,330,12.971698113207546,5.188679245283019,7.783018867924528,87.02830188679245,9.19811320754717,77.83018867924528
E00013819,220,40,17,23,180,12,168,18.181818181818183,7.727272727272727,10.454545454545453,81.81818181818183,5.454545454545454,76.36363636363637
E00013820,188,41,18,23,147,10,137,21.808510638297875,9.574468085106384,12.23404255319149,78.19148936170212,5.319148936170213,72.87234042553192
E00013821,304,64,30,34,240,17,223,21.052631578947366,9.868421052631579,11.18421052631579,78.94736842105263,5.592105263157895,73.35526315789474
E00013822,148,51,27,24,97,8,89,34.45945945945946,18.243243243243242,16.216216216216218,65.54054054054053,5.405405405405405,60.13513513513513
E00013823,168,53,22,31,115,11,104,31.547619047619047,13.095238095238097,18.452380952380953,68.45238095238095,6.547619047619048,61.904761904761905
E00013824,301,48,25,23,253,13,240,15.946843853820598,8.305647840531561,7.641196013289036,84.0531561461794,4.318936877076411,79.734219269103
E00013825,257,31,12,19,226,17,209,12.062256809338521,4.669260700389105,7.392996108949417,87.93774319066148,6.614785992217899,81.32295719844358
E00013826,259,42,16,26,217,17,200,16.216216216216218,6.177606177606178,10.038610038610038,83.78378378378379,6.563706563706563,77.22007722007721
E00013827,317,54,17,37,263,29,234,17.034700315457414,5.3627760252365935,11.67192429022082,82.96529968454259,9.14826498422713,73.81703470031546
E00013828,282,54,28,26,228,13,215,19.148936170212767,9.929078014184398,9.219858156028367,80.85106382978722,4.609929078014184,76.24113475177306
E00013829,290,46,26,20,244,25,219,15.862068965517242,8.96551724137931,6.896551724137931,84.13793103448276,8.620689655172415,75.51724137931033
E00013830,286,41,19,22,245,20,225,14.335664335664337,6.643356643356643,7.6923076923076925,85.66433566433567,6.993006993006993,78.67132867132867
E00013831,322,73,28,45,249,13,236,22.67080745341615,8.695652173913043,13.975155279503104,77.32919254658384,4.037267080745342,73.29192546583852
E00013832,254,37,15,22,217,15,202,14.566929133858267,5.905511811023622,8.661417322834646,85.43307086614173,5.905511811023622,79.52755905511812
E00013833,230,49,21,28,181,14,167,21.304347826086957,9.130434782608695,12.173913043478262,78.69565217391305,6.086956521739131,72.60869565217392
E00013834,313,43,19,24,270,19,251,13.738019169329075,6.070287539936102,7.667731629392971,86.26198083067092,6.070287539936102,80.19169329073482
E00013835,563,88,39,49,475,28,447,15.630550621669629,6.927175843694494,8.703374777975133,84.36944937833037,4.9733570159857905,79.39609236234459
E00013836,240,31,12,19,209,8,201,12.916666666666668,5,7.916666666666666,87.08333333333333,3.3333333333333335,83.75
E00013837,336,63,27,36,273,16,257,18.75,8.035714285714286,10.714285714285714,81.25,4.761904761904762,76.48809523809523
E00013838,326,47,21,26,279,10,269,14.417177914110429,6.441717791411043,7.975460122699387,85.58282208588957,3.067484662576687,82.51533742331289
E00013839,243,42,21,21,201,21,180,17.28395061728395,8.641975308641975,8.641975308641975,82.71604938271605,8.641975308641975,74.07407407407408
E00013840,302,44,17,27,258,16,242,14.56953642384106,5.629139072847682,8.940397350993377,85.43046357615894,5.298013245033113,80.13245033112582
E00013841,308,32,13,19,276,19,257,10.38961038961039,4.220779220779221,6.1688311688311686,89.6103896103896,6.1688311688311686,83.44155844155844
E00013842,221,33,8,25,188,29,159,14.93212669683258,3.619909502262444,11.312217194570136,85.06787330316742,13.122171945701359,71.94570135746606
E00013843,182,25,6,19,157,14,143,13.736263736263737,3.296703296703297,10.43956043956044,86.26373626373626,7.6923076923076925,78.57142857142857
E00013844,310,22,3,19,288,19,269,7.096774193548387,0.967741935483871,6.129032258064516,92.90322580645162,6.129032258064516,86.7741935483871
E00013845,283,34,11,23,249,17,232,12.014134275618375,3.8869257950530036,8.12720848056537,87.98586572438163,6.007067137809187,81.97879858657244
E00013846,290,56,17,39,234,17,217,19.310344827586206,5.862068965517241,13.448275862068964,80.6896551724138,5.862068965517241,74.82758620689656
E00013847,298,43,20,23,255,14,241,14.429530201342283,6.7114093959731544,7.718120805369128,85.57046979865773,4.697986577181208,80.87248322147651
E00013848,279,49,25,24,230,9,221,17.562724014336915,8.960573476702509,8.60215053763441,82.43727598566308,3.225806451612903,79.21146953405018
E00013849,320,57,24,33,263,12,251,17.8125,7.5,10.3125,82.1875,3.75,78.4375
E00013850,240,46,21,25,194,6,188,19.166666666666668,8.75,10.416666666666668,80.83333333333333,2.5,78.33333333333333
E00013851,287,59,29,30,228,14,214,20.557491289198605,10.104529616724738,10.452961672473867,79.44250871080139,4.878048780487805,74.56445993031359
E00013852,239,33,16,17,206,15,191,13.807531380753138,6.694560669456067,7.112970711297072,86.19246861924687,6.2761506276150625,79.9163179916318
E00013853,314,53,20,33,261,11,250,16.878980891719745,6.369426751592357,10.509554140127388,83.12101910828027,3.5031847133757963,79.61783439490446
E00013854,213,41,15,26,172,18,154,19.248826291079812,7.042253521126761,12.206572769953052,80.75117370892019,8.450704225352112,72.30046948356808
E00013855,313,63,34,29,250,16,234,20.12779552715655,10.86261980830671,9.26517571884984,79.87220447284345,5.111821086261981,74.76038338658148
E00013856,523,71,42,29,452,43,409,13.575525812619501,8.030592734225621,5.544933078393881,86.4244741873805,8.221797323135755,78.20267686424475
E00013857,532,61,35,26,471,18,453,11.466165413533833,6.578947368421052,4.887218045112782,88.53383458646617,3.3834586466165413,85.15037593984962
E00013858,376,54,25,29,322,16,306,14.361702127659576,6.648936170212766,7.712765957446808,85.63829787234043,4.25531914893617,81.38297872340425
E00013859,417,42,19,23,375,19,356,10.071942446043165,4.556354916067146,5.515587529976019,89.92805755395683,4.556354916067146,85.37170263788968
E00013860,314,52,16,36,262,20,242,16.560509554140125,5.095541401273886,11.464968152866243,83.43949044585987,6.369426751592357,77.07006369426752
E00013861,292,53,26,27,239,23,216,18.15068493150685,8.904109589041095,9.246575342465754,81.84931506849315,7.876712328767123,73.97260273972603
E00013862,197,35,17,18,162,12,150,17.766497461928935,8.629441624365482,9.137055837563452,82.23350253807106,6.091370558375635,76.14213197969542
E00013863,248,59,22,37,189,24,165,23.790322580645164,8.870967741935484,14.919354838709678,76.20967741935483,9.67741935483871,66.53225806451613
E00013864,340,60,32,28,280,27,253,17.647058823529413,9.411764705882353,8.235294117647058,82.35294117647058,7.941176470588235,74.41176470588235
E00013865,435,55,25,30,380,22,358,12.643678160919542,5.747126436781609,6.896551724137931,87.356321839080465,5.057471264367816,82.29885057471265
E00013866,338,62,23,39,276,29,247,18.34319526627219,6.8047337278106506,11.538461538461538,81.65680473372781,8.579881656804734,73.07692307692307
E00013867,308,47,17,30,261,29,232,15.259740259740258,5.51948051948052,9.740259740259742,84.74025974025975,9.415584415584416,75.32467532467533
E00013868,290,37,18,19,253,19,234,12.758620689655173,6.206896551724138,6.551724137931035,87.24137931034483,6.551724137931035,80.6896551724138
E00013869,284,51,26,25,233,24,209,17.95774647887324,9.15492957746479,8.80281690140845,82.04225352112677,8.450704225352112,73.59154929577466
E00013870,258,22,6,16,236,19,217,8.527131782945736,2.3255813953488373,6.2015503875969,91.47286821705426,7.3643410852713185,84.10852713178295
E00013871,270,65,37,28,205,15,190,24.074074074074073,13.703703703703704,10.37037037037037,75.92592592592592,5.555555555555555,70.37037037037037
E00013872,270,48,21,27,222,26,196,17.77777777777778,7.777777777777778,10,82.22222222222221,9.62962962962963,72.5925925925926
E00013873,258,52,23,29,206,12,194,20.155038759689923,8.914728682170542,11.24031007751938,79.84496124031007,4.651162790697675,75.1937984496124
E00013874,192,32,7,25,160,13,147,16.666666666666664,3.6458333333333335,13.020833333333334,83.33333333333334,6.770833333333333,76.5625
E00013875,413,42,3,39,371,21,350,10.16949152542373,0.7263922518159807,9.443099273607748,89.83050847457628,5.084745762711865,84.7457627118644
E00013876,329,32,11,21,297,29,268,9.72644376899696,3.343465045592705,6.382978723404255,90.27355623100304,8.814589665653495,81.45896656534954
E00013877,464,141,71,70,323,32,291,30.387931034482758,15.301724137931034,15.086206896551724,69.61206896551724,6.896551724137931,62.71551724137932
E00013878,269,50,23,27,219,11,208,18.587360594795538,8.550185873605948,10.037174721189592,81.41263940520446,4.089219330855019,77.32342007434944
E00013879,304,40,22,18,264,13,251,13.157894736842104,7.236842105263158,5.921052631578947,86.8421052631579,4.276315789473684,82.56578947368422
E00013880,279,71,40,31,208,14,194,25.448028673835125,14.336917562724013,11.11111111111111,74.55197132616487,5.017921146953405,69.53405017921148
E00013881,296,69,41,28,227,11,216,23.31081081081081,13.85135135135135,9.45945945945946,76.6891891891892,3.7162162162162162,72.97297297297297
E00013882,255,52,24,28,203,21,182,20.392156862745097,9.411764705882353,10.980392156862745,79.6078431372549,8.235294117647058,71.37254901960785
E00013883,289,72,37,35,217,9,208,24.91349480968858,12.802768166089965,12.110726643598616,75.08650519031141,3.1141868512110724,71.97231833910035
E00013884,259,107,47,60,152,8,144,41.312741312741316,18.146718146718147,23.166023166023166,58.68725868725869,3.088803088803089,55.5984555984556
E00013885,137,10,6,4,127,13,114,7.2992700729927,4.37956204379562,2.9197080291970803,92.7007299270073,9.48905109489051,83.21167883211679
E00013886,390,53,14,39,337,18,319,13.58974358974359,3.5897435897435894,10,86.41025641025641,4.615384615384616,81.7948717948718
E00013887,422,62,22,40,360,40,320,14.691943127962084,5.213270142180095,9.47867298578199,85.30805687203792,9.47867298578199,75.82938388625593
E00013888,415,62,23,39,353,34,319,14.93975903614458,5.542168674698795,9.397590361445783,85.06024096385542,8.19277108433735,76.86746987951807
E00013889,292,41,19,22,251,21,230,14.04109589041096,6.506849315068493,7.534246575342466,85.95890410958904,7.191780821917808,78.76712328767124
E00013890,344,62,23,39,282,25,257,18.023255813953487,6.686046511627906,11.337209302325581,81.97674418604652,7.267441860465117,74.70930232558139
E00013891,312,48,18,30,264,24,240,15.384615384615385,5.769230769230769,9.615384615384617,84.61538461538461,7.6923076923076925,76.92307692307693
E00013893,305,55,24,31,250,23,227,18.0327868852459,7.868852459016394,10.163934426229508,81.9672131147541,7.540983606557377,74.42622950819671
E00013894,319,69,37,32,250,12,238,21.630094043887148,11.598746081504702,10.031347962382444,78.36990595611285,3.761755485893417,74.60815047021944
E00013895,222,31,17,14,191,15,176,13.963963963963963,7.657657657657657,6.306306306306306,86.03603603603604,6.756756756756757,79.27927927927928
E00013896,197,27,11,16,170,15,155,13.705583756345177,5.583756345177665,8.121827411167512,86.29441624365482,7.614213197969544,78.68020304568529
E00013897,222,56,40,16,166,17,149,25.225225225225223,18.01801801801802,7.207207207207207,74.77477477477478,7.657657657657657,67.11711711711712
E00013898,280,44,16,28,236,16,220,15.714285714285714,5.714285714285714,10,84.28571428571429,5.714285714285714,78.57142857142857
E00013899,224,37,19,18,187,20,167,16.517857142857142,8.482142857142858,8.035714285714286,83.48214285714286,8.928571428571429,74.55357142857143
E00013900,317,55,21,34,262,28,234,17.350157728706623,6.624605678233439,10.725552050473187,82.64984227129337,8.832807570977918,73.81703470031546
E00013901,244,21,10,11,223,16,207,8.60655737704918,4.098360655737705,4.508196721311475,91.39344262295081,6.557377049180328,84.8360655737705
E00013902,316,29,6,23,287,24,263,9.177215189873419,1.89873417721519,7.2784810126582276,90.82278481012658,7.59493670886076,83.22784810126582
E00013903,279,47,19,28,232,18,214,16.845878136200717,6.810035842293908,10.03584229390681,83.15412186379928,6.451612903225806,76.70250896057348
E00013904,257,38,16,22,219,21,198,14.785992217898833,6.22568093385214,8.560311284046692,85.21400778210116,8.171206225680933,77.04280155642024
E00013905,400,46,21,25,354,37,317,11.5,5.25,6.25,88.5,9.25,79.25
E00013906,253,27,12,15,226,20,206,10.67193675889328,4.743083003952568,5.928853754940711,89.32806324110672,7.905138339920949,81.42292490118577
E00013907,233,28,10,18,205,14,191,12.017167381974248,4.291845493562231,7.725321888412018,87.98283261802575,6.008583690987124,81.97424892703863
E00013908,455,100,40,60,355,18,337,21.978021978021978,8.791208791208792,13.186813186813188,78.02197802197803,3.9560439560439558,74.06593406593407
E00013909,214,31,7,24,183,18,165,14.485981308411214,3.2710280373831773,11.214953271028037,85.51401869158879,8.411214953271028,77.10280373831776
E00013910,247,43,17,26,204,17,187,17.408906882591094,6.882591093117409,10.526315789473683,82.5910931174089,6.882591093117409,75.7085020242915
E00013911,261,65,30,35,196,9,187,24.904214559386972,11.494252873563218,13.409961685823754,75.09578544061303,3.4482758620689653,71.64750957854406
E00013912,291,61,30,31,230,21,209,20.962199312714777,10.309278350515463,10.652920962199312,79.03780068728523,7.216494845360824,71.8213058419244
E00013913,230,26,8,18,204,11,193,11.304347826086957,3.4782608695652173,7.82608695652174,88.69565217391305,4.782608695652174,83.91304347826087
E00013914,309,68,34,34,241,18,223,22.006472491909385,11.003236245954692,11.003236245954692,77.99352750809061,5.825242718446602,72.168284789644
E00013915,266,25,9,16,241,17,224,9.398496240601503,3.3834586466165413,6.015037593984962,90.6015037593985,6.390977443609022,84.21052631578947
E00013916,322,56,29,27,266,22,244,17.391304347826086,9.006211180124224,8.385093167701864,82.6086956521739,6.832298136645963,75.77639751552795
E00013917,225,28,11,17,197,17,180,12.444444444444445,4.888888888888889,7.555555555555555,87.55555555555556,7.555555555555555,80
E00013918,351,30,11,19,321,24,297,8.547008547008547,3.133903133903134,5.413105413105413,91.45299145299145,6.837606837606838,84.61538461538461
E00013919,223,57,28,29,166,5,161,25.56053811659193,12.556053811659194,13.004484304932735,74.43946188340807,2.242152466367713,72.19730941704036
E00013920,274,45,19,26,229,24,205,16.423357664233578,6.934306569343065,9.48905109489051,83.57664233576642,8.75912408759124,74.81751824817519
E00013921,300,56,22,34,244,15,229,18.666666666666668,7.333333333333333,11.333333333333332,81.33333333333333,5,76.33333333333333
E00013922,296,82,35,47,214,15,199,27.7027027027027,11.824324324324325,15.878378378378377,72.2972972972973,5.0675675675675675,67.22972972972973
E00013923,180,37,19,18,143,10,133,20.555555555555554,10.555555555555555,10,79.44444444444444,5.555555555555555,73.88888888888889
E00013924,237,44,21,23,193,15,178,18.565400843881857,8.860759493670885,9.70464135021097,81.43459915611815,6.329113924050633,75.10548523206751
E00013925,209,17,5,12,192,20,172,8.133971291866029,2.3923444976076556,5.741626794258373,91.86602870813397,9.569377990430622,82.29665071770334
E00013926,542,59,14,45,483,28,455,10.885608856088561,2.5830258302583027,8.302583025830259,89.11439114391145,5.166051660516605,83.94833948339483
E00013927,251,33,10,23,218,15,203,13.147410358565736,3.9840637450199203,9.163346613545817,86.85258964143426,5.9760956175298805,80.87649402390437
E00013928,277,47,17,30,230,27,203,16.967509025270758,6.137184115523466,10.830324909747292,83.03249097472924,9.747292418772563,73.28519855595668
E00013929,357,38,12,26,319,31,288,10.644257703081232,3.361344537815126,7.282913165266107,89.35574229691878,8.683473389355742,80.67226890756302
E00013930,310,59,23,36,251,14,237,19.032258064516128,7.419354838709677,11.612903225806452,80.96774193548387,4.516129032258064,76.45161290322581
E00013932,363,81,50,31,282,24,258,22.31404958677686,13.774104683195592,8.539944903581267,77.68595041322314,6.6115702479338845,71.07438016528926
E00013933,362,80,27,53,282,17,265,22.099447513812155,7.458563535911603,14.64088397790055,77.90055248618785,4.696132596685083,73.20441988950276
E00013934,320,48,25,23,272,17,255,15,7.8125,7.187499999999999,85,5.3125,79.6875
E00013935,229,17,0,17,212,14,198,7.423580786026202,0,7.423580786026202,92.57641921397381,6.11353711790393,86.46288209606988
E00013936,335,77,44,33,258,17,241,22.98507462686567,13.134328358208954,9.850746268656717,77.01492537313432,5.074626865671641,71.94029850746269
E00013938,356,73,35,38,283,22,261,20.50561797752809,9.831460674157304,10.674157303370785,79.49438202247191,6.179775280898876,73.31460674157303
E00013939,279,68,31,37,211,18,193,24.372759856630825,11.11111111111111,13.261648745519713,75.62724014336918,6.451612903225806,69.17562724014337
E00013940,175,28,15,13,147,18,129,16,8.571428571428571,7.428571428571429,84,10.285714285714285,73.71428571428571
E00013941,240,30,13,17,210,20,190,12.5,5.416666666666667,7.083333333333333,87.5,8.333333333333332,79.16666666666666
E00013942,314,51,16,35,263,14,249,16.24203821656051,5.095541401273886,11.146496815286625,83.7579617834395,4.45859872611465,79.29936305732484
E00013943,243,71,39,32,172,13,159,29.218106995884774,16.049382716049383,13.168724279835391,70.78189300411523,5.349794238683128,65.4320987654321
E00013944,518,91,40,51,427,34,393,17.56756756756757,7.722007722007722,9.845559845559846,82.43243243243244,6.563706563706563,75.86872586872587
E00013945,186,36,21,15,150,17,133,19.35483870967742,11.29032258064516,8.064516129032258,80.64516129032258,9.13978494623656,71.50537634408603
E00013946,191,33,18,15,158,15,143,17.277486910994764,9.424083769633508,7.853403141361256,82.72251308900523,7.853403141361256,74.86910994764398
E00013947,310,51,29,22,259,16,243,16.451612903225808,9.35483870967742,7.096774193548387,83.54838709677419,5.161290322580645,78.38709677419354
E00013948,276,58,31,27,218,11,207,21.014492753623188,11.231884057971014,9.782608695652174,78.98550724637681,3.985507246376811,75
E00013949,281,36,12,24,245,23,222,12.811387900355871,4.270462633451958,8.540925266903916,87.18861209964413,8.185053380782918,79.00355871886121
E00013950,250,31,13,18,219,23,196,12.4,5.2,7.199999999999999,87.6,9.2,78.4
E00013951,250,35,9,26,215,11,204,14.000000000000002,3.5999999999999996,10.4,86,4.3999999999999995,81.6
E00013952,206,61,31,30,145,16,129,29.61165048543689,15.048543689320388,14.563106796116504,70.3883495145631,7.766990291262135,62.62135922330098
E00013953,241,56,24,32,185,9,176,23.236514522821576,9.95850622406639,13.278008298755188,76.76348547717843,3.7344398340248963,73.02904564315352
E00013954,315,59,27,32,256,21,235,18.73015873015873,8.571428571428571,10.158730158730158,81.26984126984127,6.666666666666667,74.60317460317461
E00013956,285,42,24,18,243,14,229,14.736842105263156,8.421052631578947,6.315789473684211,85.26315789473684,4.912280701754386,80.35087719298247
E00013957,329,56,28,28,273,12,261,17.02127659574468,8.51063829787234,8.51063829787234,82.97872340425532,3.64741641337386,79.33130699088146
E00013958,228,31,10,21,197,19,178,13.596491228070176,4.385964912280701,9.210526315789473,86.40350877192982,8.333333333333332,78.0701754385965
E00013959,382,81,33,48,301,18,283,21.20418848167539,8.638743455497382,12.56544502617801,78.79581151832461,4.712041884816754,74.08376963350786
E00013960,349,126,94,32,223,7,216,36.10315186246418,26.93409742120344,9.169054441260744,63.89684813753582,2.005730659025788,61.891117478510026
E00013961,463,80,53,27,383,21,362,17.278617710583152,11.447084233261338,5.831533477321814,82.72138228941685,4.535637149028078,78.18574514038878
E00013962,323,58,39,19,265,17,248,17.956656346749224,12.074303405572756,5.88235294117647,82.04334365325077,5.263157894736842,76.78018575851394
E00013963,294,33,10,23,261,19,242,11.224489795918368,3.4013605442176873,7.8231292517006805,88.77551020408163,6.462585034013606,82.31292517006803
E00013964,227,39,23,16,188,16,172,17.180616740088105,10.13215859030837,7.048458149779736,82.81938325991189,7.048458149779736,75.77092511013215
E00013965,299,22,7,15,277,29,248,7.357859531772576,2.341137123745819,5.016722408026756,92.64214046822742,9.698996655518394,82.94314381270902
E00013966,239,32,8,24,207,14,193,13.389121338912133,3.3472803347280333,10.0418410041841,86.61087866108787,5.857740585774058,80.75313807531381
E00013967,235,43,28,15,192,14,178,18.29787234042553,11.914893617021278,6.382978723404255,81.70212765957446,5.957446808510639,75.74468085106383
E00013969,356,72,28,44,284,20,264,20.224719101123593,7.865168539325842,12.359550561797752,79.7752808988764,5.617977528089887,74.15730337078652
E00013970,251,67,43,24,184,10,174,26.693227091633464,17.131474103585656,9.56175298804781,73.30677290836654,3.9840637450199203,69.32270916334662
E00013971,259,53,27,26,206,13,193,20.463320463320464,10.424710424710424,10.038610038610038,79.53667953667953,5.019305019305019,74.5173745173745
E00013972,319,36,10,26,283,11,272,11.285266457680251,3.1347962382445136,8.150470219435736,88.71473354231975,3.4482758620689653,85.26645768025078
E00013973,300,44,24,20,256,12,244,14.666666666666666,8,6.666666666666667,85.33333333333334,4,81.33333333333333
E00013974,253,72,39,33,181,14,167,28.458498023715418,15.41501976284585,13.043478260869565,71.54150197628458,5.533596837944664,66.00790513833992
E00013975,297,39,18,21,258,10,248,13.131313131313133,6.0606060606060606,7.07070707070707,86.86868686868688,3.3670033670033668,83.5016835016835
E00013977,253,39,17,22,214,13,201,15.41501976284585,6.719367588932807,8.695652173913043,84.58498023715416,5.138339920948617,79.44664031620553
E00013978,257,47,24,23,210,9,201,18.28793774319066,9.33852140077821,8.949416342412452,81.71206225680933,3.501945525291829,78.21011673151752
E00013979,320,43,18,25,277,19,258,13.4375,5.625,7.8125,86.5625,5.9375,80.625
E00013980,267,32,16,16,235,10,225,11.985018726591761,5.992509363295881,5.992509363295881,88.01498127340824,3.7453183520599254,84.26966292134831
E00013981,210,21,6,15,189,13,176,10,2.857142857142857,7.142857142857142,90,6.190476190476191,83.80952380952381
E00013982,298,49,17,32,249,27,222,16.44295302013423,5.704697986577181,10.738255033557047,83.55704697986577,9.060402684563758,74.49664429530202
E00013983,325,20,4,16,305,14,291,6.153846153846154,1.2307692307692308,4.923076923076923,93.84615384615384,4.3076923076923075,89.53846153846153
E00013984,264,19,3,16,245,14,231,7.196969696969697,1.1363636363636365,6.0606060606060606,92.8030303030303,5.303030303030303,87.5
E00013985,244,44,23,21,200,17,183,18.0327868852459,9.426229508196721,8.60655737704918,81.9672131147541,6.967213114754098,75
E00013986,238,22,7,15,216,20,196,9.243697478991598,2.941176470588235,6.302521008403361,90.75630252100841,8.403361344537815,82.35294117647058
E00013988,255,45,9,36,210,23,187,17.647058823529413,3.5294117647058822,14.117647058823529,82.35294117647058,9.019607843137255,73.33333333333333
E00013989,466,81,40,41,385,9,376,17.381974248927037,8.583690987124463,8.798283261802576,82.61802575107296,1.9313304721030045,80.68669527896995
E00013990,219,30,10,20,189,12,177,13.698630136986301,4.5662100456621,9.1324200913242,86.3013698630137,5.47945205479452,80.82191780821918
E00013991,328,56,33,23,272,30,242,17.073170731707318,10.060975609756099,7.01219512195122,82.92682926829268,9.146341463414634,73.78048780487805
E00013992,368,52,25,27,316,14,302,14.130434782608695,6.7934782608695645,7.336956521739131,85.86956521739131,3.804347826086957,82.06521739130434
E00013993,256,25,13,12,231,15,216,9.765625,5.078125,4.6875,90.234375,5.859375,84.375
E00013994,371,75,28,47,296,16,280,20.21563342318059,7.547169811320755,12.668463611859837,79.78436657681941,4.31266846361186,75.47169811320755
E00013995,273,35,18,17,238,19,219,12.82051282051282,6.593406593406594,6.227106227106227,87.17948717948718,6.95970695970696,80.21978021978022
E00013996,292,46,15,31,246,23,223,15.753424657534246,5.136986301369863,10.616438356164384,84.24657534246576,7.876712328767123,76.36986301369863
E00013997,443,70,28,42,373,19,354,15.80135440180587,6.320541760722348,9.480812641083523,84.19864559819413,4.288939051918736,79.90970654627539
E00013998,309,43,22,21,266,16,250,13.915857605177994,7.119741100323624,6.796116504854369,86.08414239482201,5.177993527508091,80.90614886731392
E00013999,266,22,5,17,244,32,212,8.270676691729323,1.8796992481203008,6.390977443609022,91.72932330827066,12.030075187969924,79.69924812030075
E00014000,284,49,22,27,235,17,218,17.253521126760564,7.746478873239436,9.507042253521126,82.74647887323944,5.985915492957746,76.76056338028168
E00014001,263,77,53,24,186,16,170,29.277566539923956,20.15209125475285,9.125475285171103,70.72243346007605,6.083650190114068,64.63878326996198
E00014002,368,47,24,23,321,24,297,12.771739130434783,6.521739130434782,6.25,87.22826086956522,6.521739130434782,80.70652173913044
E00014003,278,49,26,23,229,20,209,17.62589928057554,9.352517985611511,8.273381294964029,82.37410071942446,7.1942446043165464,75.17985611510791
E00014004,205,51,27,24,154,10,144,24.878048780487806,13.170731707317074,11.707317073170733,75.1219512195122,4.878048780487805,70.24390243902438
E00014005,337,65,31,34,272,7,265,19.287833827893174,9.198813056379821,10.089020771513352,80.71216617210682,2.0771513353115725,78.63501483679525
E00014006,264,59,27,32,205,6,199,22.348484848484848,10.227272727272728,12.121212121212121,77.65151515151516,2.272727272727273,75.37878787878788
E00014007,294,35,16,19,259,22,237,11.904761904761903,5.442176870748299,6.462585034013606,88.09523809523809,7.482993197278912,80.61224489795919
E00014008,193,29,11,18,164,6,158,15.025906735751295,5.699481865284974,9.32642487046632,84.97409326424871,3.1088082901554404,81.86528497409327
E00014009,359,55,29,26,304,20,284,15.32033426183844,8.07799442896936,7.242339832869081,84.67966573816156,5.571030640668524,79.10863509749304
E00014010,363,66,27,39,297,12,285,18.181818181818183,7.43801652892562,10.743801652892563,81.81818181818183,3.3057851239669422,78.51239669421489
E00014011,294,35,15,20,259,19,240,11.904761904761903,5.1020408163265305,6.802721088435375,88.09523809523809,6.462585034013606,81.63265306122449
E00014012,182,38,18,20,144,14,130,20.87912087912088,9.89010989010989,10.989010989010989,79.12087912087912,7.6923076923076925,71.42857142857143
E00014013,285,55,29,26,230,24,206,19.298245614035086,10.175438596491228,9.12280701754386,80.7017543859649,8.421052631578947,72.28070175438597
E00014014,328,63,30,33,265,27,238,19.20731707317073,9.146341463414634,10.060975609756099,80.79268292682927,8.231707317073171,72.5609756097561
E00014015,311,50,18,32,261,31,230,16.077170418006432,5.787781350482315,10.289389067524116,83.92282958199357,9.967845659163988,73.95498392282958
E00014016,279,42,17,25,237,24,213,15.053763440860216,6.093189964157706,8.960573476702509,84.94623655913979,8.60215053763441,76.34408602150538
E00014017,307,44,16,28,263,32,231,14.332247557003258,5.211726384364821,9.120521172638437,85.66775244299674,10.423452768729643,75.2442996742671
E00014018,346,68,34,34,278,17,261,19.653179190751445,9.826589595375722,9.826589595375722,80.34682080924856,4.913294797687861,75.43352601156069
E00014019,334,52,18,34,282,24,258,15.568862275449103,5.389221556886228,10.179640718562874,84.4311377245509,7.18562874251497,77.24550898203593
E00014020,217,34,9,25,183,24,159,15.668202764976957,4.147465437788019,11.52073732718894,84.33179723502305,11.059907834101383,73.27188940092167
E00014021,312,65,30,35,247,10,237,20.833333333333336,9.615384615384617,11.217948717948719,79.16666666666666,3.205128205128205,75.96153846153845
E00014022,287,54,29,25,233,15,218,18.81533101045296,10.104529616724738,8.710801393728223,81.18466898954703,5.2264808362369335,75.9581881533101
E00014023,265,56,31,25,209,21,188,21.132075471698116,11.69811320754717,9.433962264150944,78.8679245283019,7.9245283018867925,70.94339622641509
E00014024,310,39,15,24,271,15,256,12.580645161290322,4.838709677419355,7.741935483870968,87.41935483870968,4.838709677419355,82.58064516129032
E00014025,339,43,20,23,296,20,276,12.684365781710916,5.899705014749262,6.784660766961652,87.31563421828909,5.899705014749262,81.41592920353983
E00014026,334,66,28,38,268,21,247,19.760479041916167,8.383233532934131,11.377245508982035,80.23952095808383,6.287425149700598,73.95209580838323
E00014027,226,67,40,27,159,7,152,29.646017699115045,17.699115044247787,11.946902654867257,70.35398230088495,3.0973451327433628,67.2566371681416
E00014028,293,45,19,26,248,16,232,15.358361774744028,6.484641638225256,8.873720136518772,84.64163822525597,5.460750853242321,79.18088737201366
E00014029,315,42,19,23,273,16,257,13.333333333333334,6.031746031746032,7.301587301587302,86.66666666666667,5.079365079365079,81.58730158730158
E00014030,255,47,24,23,208,11,197,18.43137254901961,9.411764705882353,9.019607843137255,81.56862745098039,4.313725490196078,77.25490196078432
E00014031,270,52,21,31,218,15,203,19.25925925925926,7.777777777777778,11.481481481481481,80.74074074074075,5.555555555555555,75.18518518518519
E00014032,283,38,21,17,245,12,233,13.427561837455832,7.420494699646643,6.007067137809187,86.57243816254417,4.240282685512367,82.3321554770318
E00014033,379,72,38,34,307,25,282,18.997361477572557,10.026385224274406,8.970976253298153,81.00263852242745,6.596306068601583,74.40633245382587
E00014034,350,72,45,27,278,28,250,20.57142857142857,12.857142857142856,7.7142857142857135,79.42857142857143,8,71.42857142857143
E00014035,228,43,16,27,185,7,178,18.859649122807017,7.017543859649122,11.842105263157894,81.14035087719299,3.070175438596491,78.0701754385965
E00014036,209,39,22,17,170,18,152,18.660287081339714,10.526315789473683,8.133971291866029,81.3397129186603,8.61244019138756,72.72727272727273
E00014037,272,56,34,22,216,13,203,20.588235294117645,12.5,8.088235294117647,79.41176470588235,4.779411764705882,74.63235294117648
E00014038,209,47,23,24,162,16,146,22.48803827751196,11.004784688995215,11.483253588516746,77.51196172248804,7.655502392344498,69.85645933014354
E00014039,277,49,24,25,228,9,219,17.689530685920577,8.664259927797833,9.025270758122744,82.31046931407943,3.2490974729241873,79.06137184115524
E00014040,314,59,24,35,255,19,236,18.789808917197455,7.643312101910828,11.146496815286625,81.21019108280255,6.050955414012739,75.15923566878982
E00014041,292,42,22,20,250,25,225,14.383561643835616,7.534246575342466,6.8493150684931505,85.61643835616438,8.561643835616438,77.05479452054794
E00174741,562,79,27,52,483,29,454,14.05693950177936,4.804270462633451,9.252669039145907,85.94306049822063,5.160142348754448,80.78291814946618
E00174742,225,19,7,12,206,11,195,8.444444444444445,3.111111111111111,5.333333333333334,91.55555555555556,4.888888888888889,86.66666666666667
E00174744,150,37,18,19,113,6,107,24.666666666666668,12,12.666666666666668,75.33333333333333,4,71.33333333333334
E00174745,323,61,26,35,262,18,244,18.885448916408667,8.04953560371517,10.8359133126935,81.11455108359134,5.572755417956656,75.54179566563467
E00174747,545,96,57,39,449,27,422,17.61467889908257,10.458715596330276,7.155963302752294,82.38532110091742,4.954128440366973,77.43119266055047
E00174749,116,20,7,13,96,10,86,17.24137931034483,6.0344827586206895,11.206896551724139,82.75862068965517,8.620689655172415,74.13793103448276
E00174752,282,31,16,15,251,19,232,10.99290780141844,5.673758865248227,5.319148936170213,89.00709219858156,6.73758865248227,82.26950354609929
E00174753,256,22,4,18,234,18,216,8.59375,1.5625,7.03125,91.40625,7.03125,84.375
E00174755,265,61,26,35,204,14,190,23.0188679245283,9.811320754716983,13.20754716981132,76.9811320754717,5.283018867924529,71.69811320754717
E00174756,624,47,12,35,577,44,533,7.532051282051282,1.9230769230769231,5.6089743589743595,92.46794871794873,7.051282051282051,85.41666666666666
E00174759,335,16,1,15,319,32,287,4.776119402985075,0.2985074626865672,4.477611940298507,95.22388059701493,9.55223880597015,85.67164179104478
E00174761,271,15,2,13,256,20,236,5.535055350553505,0.7380073800738007,4.797047970479705,94.4649446494465,7.380073800738007,87.08487084870849
E00174763,219,13,4,9,206,13,193,5.93607305936073,1.82648401826484,4.10958904109589,94.06392694063926,5.93607305936073,88.12785388127854
E00174764,330,38,22,16,292,10,282,11.515151515151516,6.666666666666667,4.848484848484849,88.48484848484848,3.0303030303030303,85.45454545454545
E00174766,214,35,16,19,179,10,169,16.355140186915886,7.476635514018691,8.878504672897195,83.64485981308411,4.672897196261682,78.97196261682244
E00174767,232,43,18,25,189,12,177,18.53448275862069,7.758620689655173,10.775862068965516,81.46551724137932,5.172413793103448,76.29310344827587
E00174769,552,59,14,45,493,27,466,10.68840579710145,2.536231884057971,8.152173913043478,89.31159420289855,4.891304347826087,84.42028985507247
E00174770,156,15,1,14,141,16,125,9.615384615384617,0.641025641025641,8.974358974358974,90.38461538461539,10.256410256410255,80.12820512820514
E00174772,418,41,19,22,377,20,357,9.808612440191387,4.545454545454546,5.263157894736842,90.19138755980862,4.784688995215311,85.4066985645933
E00174773,199,19,5,14,180,9,171,9.547738693467336,2.512562814070352,7.035175879396985,90.45226130653266,4.522613065326634,85.92964824120602
E00174775,269,38,23,15,231,22,209,14.12639405204461,8.550185873605948,5.5762081784386615,85.87360594795538,8.178438661710038,77.69516728624535
E00174781,250,44,19,25,206,11,195,17.599999999999998,7.6,10,82.39999999999999,4.3999999999999995,78
E00174783,227,12,2,10,215,14,201,5.286343612334802,0.881057268722467,4.405286343612335,94.7136563876652,6.167400881057269,88.54625550660793
E00174784,223,19,2,17,204,9,195,8.520179372197308,0.8968609865470852,7.623318385650224,91.4798206278027,4.0358744394618835,87.4439461883408
E00174786,389,32,8,24,357,21,336,8.226221079691516,2.056555269922879,6.169665809768637,91.77377892030847,5.3984575835475574,86.37532133676092
E00174787,328,54,22,32,274,20,254,16.463414634146343,6.707317073170732,9.75609756097561,83.53658536585365,6.097560975609756,77.4390243902439
E00174789,309,24,0,24,285,35,250,7.766990291262135,0,7.766990291262135,92.23300970873787,11.326860841423949,80.90614886731392
E00174791,281,33,7,26,248,17,231,11.743772241992882,2.491103202846975,9.252669039145907,88.25622775800713,6.049822064056939,82.20640569395017
E00174792,225,40,12,28,185,11,174,17.77777777777778,5.333333333333334,12.444444444444445,82.22222222222221,4.888888888888889,77.33333333333333
E00174794,357,49,13,36,308,31,277,13.725490196078432,3.6414565826330536,10.084033613445378,86.27450980392157,8.683473389355742,77.59103641456583
E00174795,248,40,16,24,208,19,189,16.129032258064516,6.451612903225806,9.67741935483871,83.87096774193549,7.661290322580645,76.20967741935483
E00174797,366,54,24,30,312,20,292,14.754098360655737,6.557377049180328,8.19672131147541,85.24590163934425,5.46448087431694,79.78142076502732
E00174801,211,16,6,10,195,19,176,7.5829383886255926,2.843601895734597,4.739336492890995,92.41706161137441,9.004739336492891,83.41232227488152
E00174805,320,63,33,30,257,16,241,19.6875,10.3125,9.375,80.3125,5,75.3125
E00174806,142,20,10,10,122,8,114,14.084507042253522,7.042253521126761,7.042253521126761,85.91549295774648,5.633802816901409,80.28169014084507
E00174808,186,23,9,14,163,11,152,12.365591397849462,4.838709677419355,7.526881720430108,87.63440860215054,5.913978494623656,81.72043010752688
E00174811,359,34,9,25,325,23,302,9.47075208913649,2.5069637883008355,6.963788300835655,90.5292479108635,6.406685236768802,84.12256267409471
E00174812,161,26,12,14,135,9,126,16.149068322981368,7.453416149068323,8.695652173913043,83.85093167701864,5.590062111801243,78.26086956521739
E00174814,357,19,3,16,338,24,314,5.322128851540616,0.8403361344537815,4.481792717086835,94.67787114845937,6.722689075630252,87.95518207282913
E00174815,356,77,45,32,279,12,267,21.629213483146067,12.640449438202248,8.98876404494382,78.37078651685393,3.3707865168539324,75
E00174817,251,33,14,19,218,13,205,13.147410358565736,5.577689243027888,7.569721115537849,86.85258964143426,5.179282868525896,81.67330677290838
E00174820,388,20,2,18,368,29,339,5.154639175257731,0.5154639175257731,4.639175257731959,94.84536082474226,7.474226804123711,87.37113402061856
E00174822,479,42,15,27,437,31,406,8.768267223382047,3.1315240083507305,5.6367432150313155,91.23173277661796,6.471816283924843,84.75991649269311
E00174823,127,25,10,15,102,13,89,19.68503937007874,7.874015748031496,11.811023622047244,80.31496062992126,10.236220472440944,70.07874015748031
E00174826,389,59,20,39,330,22,308,15.167095115681233,5.141388174807198,10.025706940874036,84.83290488431876,5.655526992287918,79.17737789203085
E00174828,447,36,10,26,411,40,371,8.053691275167784,2.237136465324385,5.8165548098434,91.94630872483222,8.94854586129754,82.99776286353467
E00174829,312,72,36,36,240,17,223,23.076923076923077,11.538461538461538,11.538461538461538,76.92307692307693,5.448717948717949,71.47435897435898
E00174831,257,52,27,25,205,12,193,20.233463035019454,10.505836575875486,9.72762645914397,79.76653696498055,4.669260700389105,75.09727626459144
E00174833,201,45,37,8,156,9,147,22.388059701492537,18.407960199004975,3.9800995024875623,77.61194029850746,4.477611940298507,73.13432835820896
E00174836,256,31,11,20,225,21,204,12.109375,4.296875,7.8125,87.890625,8.203125,79.6875
E00174837,234,27,9,18,207,14,193,11.538461538461538,3.8461538461538463,7.6923076923076925,88.46153846153845,5.982905982905983,82.47863247863248
E00174839,199,18,7,11,181,7,174,9.045226130653267,3.5175879396984926,5.527638190954774,90.95477386934674,3.5175879396984926,87.43718592964824
E00174840,195,21,5,16,174,15,159,10.76923076923077,2.564102564102564,8.205128205128204,89.23076923076924,7.6923076923076925,81.53846153846153
E00174842,292,46,20,26,246,19,227,15.753424657534246,6.8493150684931505,8.904109589041095,84.24657534246576,6.506849315068493,77.73972602739725
E00174843,148,18,8,10,130,9,121,12.162162162162163,5.405405405405405,6.756756756756757,87.83783783783784,6.081081081081082,81.75675675675676
E00174845,177,23,12,11,154,9,145,12.994350282485875,6.779661016949152,6.214689265536723,87.00564971751412,5.084745762711865,81.92090395480226
E00174847,188,24,12,12,164,6,158,12.76595744680851,6.382978723404255,6.382978723404255,87.2340425531915,3.1914893617021276,84.04255319148936
E00183721,548,110,49,61,438,26,412,20.072992700729927,8.94160583941606,11.13138686131387,79.92700729927007,4.744525547445255,75.18248175182481
E00183722,365,54,19,35,311,19,292,14.794520547945206,5.205479452054795,9.58904109589041,85.2054794520548,5.205479452054795,80
E00183723,406,59,14,45,347,34,313,14.532019704433496,3.4482758620689653,11.083743842364532,85.4679802955665,8.374384236453201,77.0935960591133
E00183732,452,51,17,34,401,26,375,11.283185840707963,3.761061946902655,7.52212389380531,88.71681415929203,5.752212389380531,82.96460176991151
E00183760,279,38,16,22,241,12,229,13.620071684587815,5.734767025089606,7.885304659498208,86.37992831541219,4.301075268817205,82.07885304659499
E00183763,293,50,21,29,243,10,233,17.064846416382252,7.167235494880546,9.897610921501707,82.93515358361775,3.4129692832764507,79.5221843003413
E00183772,212,41,22,19,171,9,162,19.339622641509436,10.377358490566039,8.962264150943396,80.66037735849056,4.245283018867925,76.41509433962264
E00183775,278,33,13,20,245,19,226,11.870503597122301,4.676258992805756,7.1942446043165464,88.12949640287769,6.83453237410072,81.29496402877699
E00183792,368,51,28,23,317,13,304,13.858695652173914,7.608695652173914,6.25,86.1413043478261,3.532608695652174,82.6086956521739
E00183798,194,42,26,16,152,14,138,21.649484536082475,13.402061855670103,8.24742268041237,78.35051546391753,7.216494845360824,71.1340206185567
E00183801,283,11,2,9,272,23,249,3.8869257950530036,0.7067137809187279,3.180212014134275,96.113074204947,8.12720848056537,87.98586572438163
E00183802,216,17,4,13,199,15,184,7.87037037037037,1.8518518518518516,6.018518518518518,92.12962962962963,6.944444444444445,85.18518518518519
E00183803,286,50,19,31,236,18,218,17.482517482517483,6.643356643356643,10.839160839160838,82.51748251748252,6.293706293706294,76.22377622377621
E00183823,585,79,20,59,506,27,479,13.504273504273504,3.418803418803419,10.085470085470085,86.4957264957265,4.615384615384616,81.88034188034187
E00183827,144,12,2,10,132,7,125,8.333333333333332,1.3888888888888888,6.944444444444445,91.66666666666666,4.861111111111112,86.80555555555556
E00183839,274,33,16,17,241,13,228,12.043795620437956,5.839416058394161,6.204379562043796,87.95620437956204,4.744525547445255,83.21167883211679
E00183846,246,21,9,12,225,17,208,8.536585365853659,3.6585365853658534,4.878048780487805,91.46341463414635,6.910569105691057,84.5528455284553
E00183852,201,20,4,16,181,16,165,9.950248756218906,1.9900497512437811,7.960199004975125,90.04975124378109,7.960199004975125,82.08955223880598
E00183861,135,31,17,14,104,5,99,22.962962962962962,12.592592592592592,10.37037037037037,77.03703703703704,3.7037037037037033,73.33333333333333
E00183870,233,11,3,8,222,16,206,4.721030042918455,1.2875536480686696,3.4334763948497855,95.27896995708154,6.866952789699571,88.41201716738198
E00183873,291,20,1,19,271,10,261,6.872852233676976,0.3436426116838488,6.529209621993128,93.12714776632302,3.436426116838488,89.69072164948454
E00183877,290,36,14,22,254,15,239,12.413793103448276,4.827586206896552,7.586206896551724,87.58620689655172,5.172413793103448,82.41379310344827
E00183884,270,39,23,16,231,10,221,14.444444444444443,8.518518518518519,5.9259259259259265,85.55555555555556,3.7037037037037033,81.85185185185185
E00183886,180,16,3,13,164,8,156,8.88888888888889,1.6666666666666667,7.222222222222221,91.11111111111111,4.444444444444445,86.66666666666667
E00183898,234,16,2,14,218,24,194,6.837606837606838,0.8547008547008548,5.982905982905983,93.16239316239316,10.256410256410255,82.90598290598291
E00183899,159,18,7,11,141,15,126,11.320754716981133,4.40251572327044,6.918238993710692,88.67924528301887,9.433962264150944,79.24528301886792
E00183906,212,49,27,22,163,9,154,23.11320754716981,12.735849056603774,10.377358490566039,76.88679245283019,4.245283018867925,72.64150943396226
E00183909,277,36,19,17,241,20,221,12.996389891696749,6.859205776173286,6.137184115523466,87.00361010830325,7.2202166064981945,79.78339350180505
E00183910,264,39,21,18,225,6,219,14.772727272727273,7.954545454545454,6.8181818181818175,85.22727272727273,2.272727272727273,82.95454545454545
E00183914,179,22,10,12,157,10,147,12.290502793296088,5.58659217877095,6.70391061452514,87.70949720670392,5.58659217877095,82.12290502793296
E00183920,215,28,14,14,187,8,179,13.023255813953488,6.511627906976744,6.511627906976744,86.9767441860465,3.7209302325581395,83.25581395348837
E00183924,326,19,1,18,307,19,288,5.828220858895705,0.3067484662576687,5.521472392638037,94.1717791411043,5.828220858895705,88.34355828220859
E00183927,306,43,24,19,263,10,253,14.052287581699346,7.8431372549019605,6.209150326797386,85.94771241830065,3.2679738562091507,82.6797385620915
E00183930,536,68,30,38,468,27,441,12.686567164179104,5.597014925373134,7.08955223880597,87.31343283582089,5.037313432835821,82.27611940298507
E00183937,256,28,11,17,228,17,211,10.9375,4.296875,6.640625,89.0625,6.640625,82.421875
E00183938,220,24,7,17,196,17,179,10.909090909090908,3.1818181818181817,7.727272727272727,89.0909090909091,7.727272727272727,81.36363636363636
E00183941,163,10,2,8,153,8,145,6.134969325153374,1.2269938650306749,4.9079754601226995,93.86503067484662,4.9079754601226995,88.95705521472392
E00183949,269,31,10,21,238,19,219,11.524163568773234,3.717472118959108,7.806691449814126,88.47583643122677,7.063197026022305,81.41263940520446
E00183963,410,32,3,29,378,33,345,7.804878048780488,0.7317073170731708,7.073170731707316,92.19512195121952,8.048780487804878,84.14634146341463
E00183967,430,52,25,27,378,13,365,12.093023255813954,5.813953488372093,6.279069767441861,87.90697674418605,3.0232558139534884,84.88372093023256
E00183969,232,25,8,17,207,11,196,10.775862068965516,3.4482758620689653,7.327586206896551,89.22413793103449,4.741379310344827,84.48275862068965
E00183977,189,21,9,12,168,15,153,11.11111111111111,4.761904761904762,6.349206349206349,88.88888888888889,7.936507936507936,80.95238095238095
E00183983,266,16,1,15,250,21,229,6.015037593984962,0.37593984962406013,5.639097744360902,93.98496240601504,7.894736842105263,86.09022556390977
E00183988,269,35,16,19,234,7,227,13.011152416356877,5.947955390334572,7.063197026022305,86.98884758364312,2.6022304832713754,84.38661710037175
E00183990,231,15,2,13,216,10,206,6.493506493506493,0.8658008658008658,5.627705627705628,93.5064935064935,4.329004329004329,89.17748917748918
E00184006,192,35,21,14,157,10,147,18.229166666666664,10.9375,7.291666666666667,81.77083333333334,5.208333333333334,76.5625
E00184023,260,36,18,18,224,12,212,13.846153846153847,6.923076923076923,6.923076923076923,86.15384615384616,4.615384615384616,81.53846153846153
E00184029,377,67,34,33,310,22,288,17.771883289124666,9.018567639257293,8.753315649867375,82.22811671087533,5.835543766578249,76.39257294429707
E00184049,334,44,20,24,290,15,275,13.17365269461078,5.9880239520958085,7.18562874251497,86.82634730538922,4.491017964071856,82.33532934131736
E00184078,225,34,8,26,191,12,179,15.11111111111111,3.5555555555555554,11.555555555555555,84.88888888888889,5.333333333333334,79.55555555555556
E00184093,360,60,26,34,300,14,286,16.666666666666664,7.222222222222221,9.444444444444445,83.33333333333334,3.888888888888889,79.44444444444444
E00184096,164,9,5,4,155,10,145,5.487804878048781,3.048780487804878,2.4390243902439024,94.51219512195121,6.097560975609756,88.41463414634147
E00184098,197,15,6,9,182,12,170,7.614213197969544,3.0456852791878175,4.568527918781726,92.38578680203045,6.091370558375635,86.29441624365482
E00184105,226,16,8,8,210,7,203,7.079646017699115,3.5398230088495577,3.5398230088495577,92.92035398230088,3.0973451327433628,89.82300884955751
E00184109,290,51,20,31,239,21,218,17.586206896551722,6.896551724137931,10.689655172413794,82.41379310344827,7.241379310344828,75.17241379310344
E00184113,277,28,13,15,249,14,235,10.108303249097473,4.693140794223827,5.415162454873646,89.89169675090253,5.054151624548736,84.83754512635379
E00184122,208,22,14,8,186,7,179,10.576923076923077,6.730769230769231,3.8461538461538463,89.42307692307693,3.3653846153846154,86.0576923076923
E00184137,269,43,16,27,226,19,207,15.985130111524162,5.947955390334572,10.037174721189592,84.01486988847584,7.063197026022305,76.95167286245353
