OA,ts0380001,ts0380002,ts0380003,ts0380004,ts0380005,ts0380006,ts0380007,ts0380002_PCT,ts0380003_PCT,ts0380004_PCT,ts0380005_PCT,ts0380006_PCT,ts0380007_PCT
E00106132,364,55,22,33,309,24,285,15.10989010989011,6.043956043956044,9.065934065934066,84.89010989010988,6.593406593406594,78.2967032967033
E00106133,302,60,21,39,242,25,217,19.867549668874172,6.95364238410596,12.91390728476821,80.13245033112582,8.27814569536424,71.8543046357616
E00106134,194,60,32,28,134,15,119,30.927835051546392,16.49484536082474,14.432989690721648,69.0721649484536,7.731958762886598,61.34020618556701
E00106135,296,46,14,32,250,27,223,15.54054054054054,4.72972972972973,10.81081081081081,84.45945945945947,9.121621621621621,75.33783783783784
E00106136,307,89,42,47,218,24,194,28.990228013029316,13.680781758957655,15.309446254071663,71.00977198697068,7.81758957654723,63.19218241042345
E00106137,344,88,39,49,256,24,232,25.581395348837212,11.337209302325581,14.244186046511627,74.4186046511628,6.976744186046512,67.44186046511628
E00106138,351,56,16,40,295,24,271,15.954415954415953,4.5584045584045585,11.396011396011396,84.04558404558404,6.837606837606838,77.20797720797721
E00106139,276,63,29,34,213,16,197,22.82608695652174,10.507246376811594,12.318840579710146,77.17391304347827,5.797101449275362,71.37681159420289
E00106140,281,50,20,30,231,20,211,17.793594306049823,7.11743772241993,10.676156583629894,82.20640569395017,7.11743772241993,75.08896797153025
E00106141,199,57,26,31,142,12,130,28.643216080402013,13.06532663316583,15.577889447236181,71.35678391959799,6.030150753768844,65.32663316582915
E00106142,458,127,53,74,331,38,293,27.729257641921397,11.572052401746726,16.157205240174672,72.27074235807859,8.296943231441048,63.97379912663755
E00106143,310,36,15,21,274,29,245,11.612903225806452,4.838709677419355,6.774193548387098,88.38709677419355,9.35483870967742,79.03225806451613
E00106144,291,57,27,30,234,26,208,19.587628865979383,9.278350515463918,10.309278350515463,80.41237113402062,8.934707903780069,71.47766323024055
E00106145,439,96,49,47,343,30,313,21.867881548974943,11.161731207289293,10.70615034168565,78.13211845102505,6.83371298405467,71.29840546697038
E00106146,293,56,24,32,237,21,216,19.112627986348123,8.19112627986348,10.921501706484642,80.88737201365188,7.167235494880546,73.72013651877133
E00106147,216,77,37,40,139,12,127,35.648148148148145,17.12962962962963,18.51851851851852,64.35185185185185,5.555555555555555,58.79629629629629
E00106148,256,50,19,31,206,15,191,19.53125,7.421875,12.109375,80.46875,5.859375,74.609375
E00106149,330,56,24,32,274,13,261,16.969696969696972,7.2727272727272725,9.696969696969697,83.03030303030303,3.939393939393939,79.0909090909091
E00106150,319,39,18,21,280,22,258,12.225705329153605,5.6426332288401255,6.583072100313479,87.7742946708464,6.896551724137931,80.87774294670847
E00106151,319,49,23,26,270,16,254,15.360501567398119,7.210031347962382,8.150470219435736,84.63949843260188,5.015673981191222,79.62382445141067
E00106152,369,68,33,35,301,18,283,18.428184281842817,8.94308943089431,9.48509485094851,81.57181571815718,4.878048780487805,76.69376693766937
E00106153,328,68,29,39,260,27,233,20.73170731707317,8.841463414634147,11.890243902439025,79.26829268292683,8.231707317073171,71.03658536585365
E00106154,441,81,33,48,360,29,331,18.367346938775512,7.482993197278912,10.884353741496598,81.63265306122449,6.575963718820861,75.05668934240363
E00106155,231,86,51,35,145,8,137,37.22943722943723,22.07792207792208,15.151515151515152,62.77056277056276,3.463203463203463,59.307359307359306
E00106156,271,45,18,27,226,20,206,16.605166051660518,6.642066420664207,9.96309963099631,83.39483394833948,7.380073800738007,76.01476014760148
E00106157,257,69,35,34,188,11,177,26.848249027237355,13.618677042801556,13.229571984435799,73.15175097276264,4.280155642023346,68.8715953307393
E00106158,297,44,18,26,253,20,233,14.814814814814813,6.0606060606060606,8.754208754208754,85.18518518518519,6.7340067340067336,78.45117845117845
E00106159,391,62,18,44,329,40,289,15.856777493606138,4.603580562659847,11.253196930946292,84.14322250639387,10.230179028132993,73.91304347826086
E00106162,197,39,17,22,158,13,145,19.796954314720814,8.629441624365482,11.16751269035533,80.20304568527918,6.598984771573605,73.60406091370558
E00106163,254,62,31,31,192,21,171,24.409448818897637,12.204724409448819,12.204724409448819,75.59055118110236,8.267716535433072,67.32283464566929
E00106164,220,50,14,36,170,16,154,22.727272727272727,6.363636363636363,16.363636363636363,77.27272727272727,7.2727272727272725,70
E00106165,314,73,41,32,241,19,222,23.248407643312103,13.05732484076433,10.191082802547772,76.75159235668791,6.050955414012739,70.70063694267516
E00106166,372,52,19,33,320,13,307,13.978494623655912,5.10752688172043,8.870967741935484,86.02150537634408,3.494623655913978,82.52688172043011
E00106167,297,51,14,37,246,35,211,17.17171717171717,4.713804713804714,12.457912457912458,82.82828282828282,11.784511784511785,71.04377104377105
E00106168,221,65,26,39,156,19,137,29.411764705882355,11.76470588235294,17.647058823529413,70.58823529411765,8.597285067873303,61.990950226244344
E00106169,280,64,19,45,216,23,193,22.857142857142858,6.785714285714286,16.071428571428573,77.14285714285715,8.214285714285714,68.92857142857143
E00106170,280,65,21,44,215,11,204,23.214285714285715,7.5,15.714285714285714,76.78571428571429,3.9285714285714284,72.85714285714285
E00106171,317,49,15,34,268,25,243,15.457413249211358,4.73186119873817,10.725552050473187,84.54258675078864,7.886435331230284,76.65615141955836
E00106172,344,50,21,29,294,31,263,14.534883720930234,6.104651162790697,8.430232558139535,85.46511627906976,9.011627906976743,76.45348837209302
E00106173,289,64,26,38,225,16,209,22.145328719723185,8.996539792387544,13.148788927335639,77.85467128027682,5.536332179930796,72.31833910034602
E00106174,388,73,34,39,315,14,301,18.814432989690722,8.762886597938143,10.051546391752577,81.18556701030928,3.608247422680412,77.57731958762886
E00106175,346,69,26,43,277,27,250,19.942196531791907,7.514450867052023,12.427745664739884,80.05780346820809,7.803468208092486,72.25433526011561
E00106176,310,58,12,46,252,11,241,18.70967741935484,3.870967741935484,14.838709677419354,81.29032258064515,3.5483870967741935,77.74193548387098
E00106177,430,121,60,61,309,32,277,28.13953488372093,13.953488372093023,14.186046511627906,71.86046511627907,7.441860465116279,64.4186046511628
E00106178,359,100,46,54,259,22,237,27.85515320334262,12.813370473537605,15.041782729805014,72.14484679665738,6.128133704735376,66.01671309192201
E00106179,327,81,34,47,246,37,209,24.770642201834864,10.397553516819572,14.37308868501529,75.22935779816514,11.314984709480122,63.91437308868502
E00106180,198,61,31,30,137,18,119,30.808080808080806,15.656565656565657,15.151515151515152,69.1919191919192,9.090909090909092,60.1010101010101
E00106181,324,72,30,42,252,15,237,22.22222222222222,9.25925925925926,12.962962962962962,77.77777777777779,4.62962962962963,73.14814814814815
E00106182,275,64,25,39,211,19,192,23.272727272727273,9.090909090909092,14.181818181818182,76.72727272727272,6.909090909090909,69.81818181818183
E00106183,339,74,24,50,265,28,237,21.828908554572273,7.079646017699115,14.749262536873156,78.17109144542773,8.259587020648967,69.91150442477876
E00106184,280,59,26,33,221,21,200,21.071428571428573,9.285714285714286,11.785714285714285,78.92857142857143,7.5,71.42857142857143
E00106185,168,67,37,30,101,14,87,39.88095238095239,22.023809523809522,17.857142857142858,60.11904761904761,8.333333333333332,51.78571428571429
E00106186,208,69,38,31,139,15,124,33.17307692307692,18.269230769230766,14.903846153846153,66.82692307692307,7.211538461538461,59.61538461538461
E00106187,298,92,41,51,206,20,186,30.87248322147651,13.758389261744966,17.114093959731544,69.12751677852349,6.7114093959731544,62.41610738255034
E00106188,322,58,22,36,264,29,235,18.012422360248447,6.832298136645963,11.180124223602485,81.98757763975155,9.006211180124224,72.98136645962732
E00106189,307,68,21,47,239,23,216,22.149837133550488,6.840390879478828,15.309446254071663,77.85016286644951,7.491856677524431,70.35830618892508
E00106190,267,77,40,37,190,19,171,28.83895131086142,14.981273408239701,13.857677902621724,71.16104868913857,7.116104868913857,64.04494382022472
E00106191,226,51,28,23,175,15,160,22.566371681415927,12.389380530973451,10.176991150442479,77.43362831858407,6.637168141592921,70.79646017699115
E00106192,394,119,75,44,275,33,242,30.20304568527919,19.035532994923855,11.16751269035533,69.79695431472082,8.375634517766498,61.42131979695431
E00106193,341,87,42,45,254,28,226,25.513196480938415,12.316715542521994,13.196480938416421,74.48680351906158,8.211143695014663,66.27565982404691
E00106194,224,61,35,26,163,15,148,27.232142857142854,15.625,11.607142857142858,72.76785714285714,6.696428571428571,66.07142857142857
E00106195,316,86,32,54,230,26,204,27.21518987341772,10.126582278481013,17.088607594936708,72.78481012658227,8.227848101265822,64.55696202531645
E00106196,226,54,22,32,172,13,159,23.893805309734514,9.734513274336283,14.15929203539823,76.10619469026548,5.752212389380531,70.35398230088495
E00106197,386,112,48,64,274,22,252,29.015544041450774,12.435233160621761,16.580310880829018,70.98445595854922,5.699481865284974,65.28497409326425
E00106198,253,68,30,38,185,29,156,26.877470355731226,11.857707509881422,15.019762845849801,73.12252964426878,11.462450592885375,61.6600790513834
E00106199,242,50,26,24,192,16,176,20.66115702479339,10.743801652892563,9.917355371900827,79.33884297520662,6.6115702479338845,72.72727272727273
E00106200,306,65,20,45,241,30,211,21.241830065359476,6.535947712418301,14.705882352941178,78.75816993464052,9.803921568627452,68.95424836601308
E00106201,298,102,48,54,196,14,182,34.22818791946309,16.10738255033557,18.120805369127517,65.77181208053692,4.697986577181208,61.07382550335571
E00106202,363,52,16,36,311,40,271,14.325068870523417,4.40771349862259,9.917355371900827,85.67493112947659,11.019283746556475,74.65564738292011
E00106203,357,65,18,47,292,20,272,18.207282913165265,5.042016806722689,13.165266106442578,81.79271708683473,5.602240896358544,76.19047619047619
E00106204,358,90,39,51,268,16,252,25.139664804469277,10.893854748603351,14.24581005586592,74.86033519553072,4.4692737430167595,70.39106145251397
E00106205,353,68,18,50,285,23,262,19.263456090651555,5.099150141643059,14.164305949008499,80.73654390934844,6.515580736543909,74.22096317280453
E00106206,303,75,25,50,228,19,209,24.752475247524753,8.25082508250825,16.5016501650165,75.24752475247524,6.270627062706271,68.97689768976898
E00106207,306,80,40,40,226,18,208,26.143790849673206,13.071895424836603,13.071895424836603,73.8562091503268,5.88235294117647,67.97385620915033
E00106208,222,100,58,42,122,6,116,45.04504504504504,26.126126126126124,18.91891891891892,54.95495495495496,2.7027027027027026,52.25225225225225
E00106209,360,80,30,50,280,17,263,22.22222222222222,8.333333333333332,13.88888888888889,77.77777777777779,4.722222222222222,73.05555555555556
E00106210,278,56,29,27,222,18,204,20.14388489208633,10.431654676258994,9.712230215827338,79.85611510791367,6.474820143884892,73.38129496402878
E00106211,263,81,52,29,182,16,166,30.798479087452474,19.771863117870723,11.02661596958175,69.20152091254754,6.083650190114068,63.11787072243346
E00106212,544,117,50,67,427,31,396,21.50735294117647,9.191176470588236,12.316176470588236,78.49264705882352,5.698529411764706,72.79411764705883
E00106213,413,113,56,57,300,26,274,27.36077481840194,13.559322033898304,13.801452784503631,72.63922518159806,6.2953995157385,66.34382566585957
E00106214,416,89,37,52,327,23,304,21.394230769230766,8.89423076923077,12.5,78.60576923076923,5.528846153846153,73.07692307692307
E00106217,404,137,65,72,267,22,245,33.910891089108915,16.08910891089109,17.82178217821782,66.0891089108911,5.445544554455446,60.64356435643564
E00106218,567,130,67,63,437,37,400,22.92768959435626,11.816578483245149,11.11111111111111,77.07231040564373,6.525573192239858,70.54673721340387
E00106219,305,46,14,32,259,23,236,15.081967213114755,4.590163934426229,10.491803278688524,84.91803278688525,7.540983606557377,77.37704918032787
E00106220,281,91,43,48,190,18,172,32.38434163701068,15.302491103202847,17.08185053380783,67.61565836298932,6.405693950177936,61.20996441281139
E00106221,152,21,5,16,131,19,112,13.815789473684212,3.289473684210526,10.526315789473683,86.18421052631578,12.5,73.68421052631578
E00106222,229,57,32,25,172,10,162,24.890829694323145,13.973799126637553,10.91703056768559,75.10917030567686,4.366812227074235,70.74235807860262
E00106223,340,104,50,54,236,20,216,30.58823529411765,14.705882352941178,15.88235294117647,69.41176470588235,5.88235294117647,63.52941176470588
E00106224,365,62,17,45,303,36,267,16.986301369863014,4.657534246575342,12.32876712328767,83.01369863013699,9.863013698630137,73.15068493150685
E00106225,332,45,22,23,287,29,258,13.55421686746988,6.626506024096386,6.927710843373494,86.44578313253012,8.734939759036145,77.71084337349397
E00106226,301,68,34,34,233,25,208,22.591362126245848,11.295681063122924,11.295681063122924,77.40863787375415,8.305647840531561,69.10299003322258
E00106227,213,35,13,22,178,23,155,16.431924882629108,6.103286384976526,10.328638497652582,83.56807511737088,10.7981220657277,72.76995305164318
E00106228,262,36,11,25,226,23,203,13.740458015267176,4.198473282442748,9.541984732824428,86.25954198473282,8.778625954198473,77.48091603053436
E00106229,231,52,17,35,179,20,159,22.51082251082251,7.35930735930736,15.151515151515152,77.48917748917748,8.658008658008658,68.83116883116884
E00106230,230,51,21,30,179,15,164,22.17391304347826,9.130434782608695,13.043478260869565,77.82608695652173,6.521739130434782,71.30434782608695
E00106231,191,56,31,25,135,15,120,29.31937172774869,16.230366492146597,13.089005235602095,70.68062827225131,7.853403141361256,62.82722513089005
E00106232,277,58,26,32,219,18,201,20.938628158844764,9.386281588447654,11.552346570397113,79.06137184115524,6.4981949458483745,72.56317689530685
E00106233,274,47,23,24,227,18,209,17.153284671532848,8.394160583941606,8.75912408759124,82.84671532846716,6.569343065693431,76.27737226277372
E00106234,199,38,14,24,161,16,145,19.09547738693467,7.035175879396985,12.060301507537687,80.90452261306532,8.040201005025125,72.8643216080402
E00106235,257,54,26,28,203,21,182,21.011673151750973,10.116731517509727,10.894941634241246,78.98832684824903,8.171206225680933,70.8171206225681
E00106236,167,43,28,15,124,16,108,25.748502994011975,16.766467065868262,8.982035928143713,74.25149700598801,9.580838323353294,64.67065868263472
E00106237,287,80,36,44,207,16,191,27.874564459930312,12.543554006968641,15.33101045296167,72.12543554006969,5.574912891986063,66.55052264808361
E00106238,220,56,28,28,164,10,154,25.454545454545453,12.727272727272727,12.727272727272727,74.54545454545455,4.545454545454546,70
E00106239,157,64,31,33,93,11,82,40.76433121019109,19.745222929936308,21.019108280254777,59.23566878980891,7.006369426751593,52.22929936305732
E00106240,244,59,25,34,185,20,165,24.18032786885246,10.245901639344263,13.934426229508196,75.81967213114754,8.19672131147541,67.62295081967213
E00106241,290,85,45,40,205,17,188,29.310344827586203,15.517241379310345,13.793103448275861,70.6896551724138,5.862068965517241,64.82758620689654
E00106242,230,53,19,34,177,20,157,23.043478260869566,8.26086956521739,14.782608695652174,76.95652173913044,8.695652173913043,68.26086956521739
E00106243,244,57,22,35,187,17,170,23.36065573770492,9.01639344262295,14.344262295081966,76.63934426229508,6.967213114754098,69.67213114754098
E00106244,238,57,21,36,181,23,158,23.949579831932773,8.823529411764707,15.126050420168067,76.05042016806722,9.663865546218489,66.38655462184873
E00106245,292,123,68,55,169,20,149,42.12328767123288,23.28767123287671,18.835616438356166,57.87671232876712,6.8493150684931505,51.02739726027398
E00106246,167,58,35,23,109,12,97,34.73053892215569,20.958083832335326,13.77245508982036,65.26946107784431,7.18562874251497,58.08383233532935
E00106247,273,55,15,40,218,20,198,20.146520146520146,5.4945054945054945,14.652014652014653,79.85347985347985,7.326007326007327,72.52747252747253
E00106248,214,51,19,32,163,28,135,23.83177570093458,8.878504672897195,14.953271028037381,76.16822429906543,13.084112149532709,63.084112149532714
E00106249,158,56,27,29,102,18,84,35.44303797468354,17.088607594936708,18.354430379746837,64.55696202531645,11.39240506329114,53.16455696202531
E00106250,300,80,29,51,220,22,198,26.666666666666668,9.666666666666666,17,73.33333333333333,7.333333333333333,66
E00106251,318,55,13,42,263,41,222,17.29559748427673,4.088050314465408,13.20754716981132,82.70440251572327,12.89308176100629,69.81132075471697
E00106252,305,55,16,39,250,26,224,18.0327868852459,5.245901639344262,12.786885245901638,81.9672131147541,8.524590163934425,73.44262295081967
E00106253,300,40,12,28,260,26,234,13.333333333333334,4,9.333333333333334,86.66666666666667,8.666666666666668,78
E00106254,319,88,30,58,231,30,201,27.586206896551722,9.404388714733543,18.181818181818183,72.41379310344827,9.404388714733543,63.00940438871473
E00106255,237,39,6,33,198,18,180,16.455696202531644,2.5316455696202533,13.924050632911392,83.54430379746836,7.59493670886076,75.9493670886076
E00106256,210,52,19,33,158,29,129,24.761904761904763,9.047619047619047,15.714285714285714,75.23809523809524,13.80952380952381,61.42857142857143
E00106257,309,47,14,33,262,31,231,15.210355987055015,4.53074433656958,10.679611650485436,84.78964401294499,10.032362459546926,74.75728155339806
E00106258,354,82,31,51,272,30,242,23.163841807909606,8.757062146892656,14.40677966101695,76.8361581920904,8.47457627118644,68.36158192090396
E00106259,319,48,20,28,271,18,253,15.047021943573668,6.269592476489027,8.77742946708464,84.95297805642633,5.6426332288401255,79.3103448275862
E00106260,246,47,16,31,199,18,181,19.10569105691057,6.504065040650407,12.601626016260163,80.89430894308943,7.317073170731707,73.57723577235772
E00106261,367,69,18,51,298,25,273,18.80108991825613,4.904632152588556,13.896457765667575,81.19891008174388,6.811989100817439,74.38692098092643
E00106262,178,52,18,34,126,18,108,29.213483146067414,10.112359550561797,19.101123595505616,70.78651685393258,10.112359550561797,60.67415730337079
E00106263,184,55,29,26,129,11,118,29.891304347826086,15.760869565217392,14.130434782608695,70.1086956521739,5.978260869565218,64.13043478260869
E00106264,293,71,27,44,222,22,200,24.2320819112628,9.215017064846416,15.017064846416384,75.76791808873719,7.508532423208192,68.25938566552901
E00106265,196,50,21,29,146,19,127,25.510204081632654,10.714285714285714,14.795918367346939,74.48979591836735,9.693877551020408,64.79591836734694
E00106266,251,44,11,33,207,22,185,17.52988047808765,4.382470119521913,13.147410358565736,82.47011952191235,8.764940239043826,73.70517928286853
E00106267,464,85,33,52,379,34,345,18.318965517241377,7.112068965517242,11.206896551724139,81.68103448275862,7.327586206896551,74.35344827586206
E00106268,167,35,20,15,132,19,113,20.958083832335326,11.976047904191617,8.982035928143713,79.04191616766467,11.377245508982035,67.66467065868264
E00106269,144,60,28,32,84,12,72,41.66666666666667,19.444444444444446,22.22222222222222,58.333333333333336,8.333333333333332,50
E00106270,222,44,20,24,178,14,164,19.81981981981982,9.00900900900901,10.81081081081081,80.18018018018019,6.306306306306306,73.87387387387388
E00106271,184,46,19,27,138,15,123,25,10.326086956521738,14.673913043478262,75,8.152173913043478,66.84782608695652
E00106272,194,62,27,35,132,17,115,31.958762886597935,13.917525773195877,18.04123711340206,68.04123711340206,8.762886597938143,59.27835051546392
E00106273,322,75,40,35,247,23,224,23.29192546583851,12.422360248447205,10.869565217391305,76.70807453416148,7.142857142857142,69.56521739130434
E00106274,200,46,12,34,154,22,132,23,6,17,77,11,66
E00106276,325,70,23,47,255,21,234,21.53846153846154,7.076923076923077,14.461538461538462,78.46153846153847,6.461538461538462,72
E00106277,244,58,20,38,186,25,161,23.770491803278688,8.19672131147541,15.573770491803279,76.22950819672131,10.245901639344263,65.98360655737704
E00106278,195,50,13,37,145,20,125,25.64102564102564,6.666666666666667,18.974358974358974,74.35897435897436,10.256410256410255,64.1025641025641
E00106280,259,76,25,51,183,21,162,29.343629343629345,9.652509652509652,19.69111969111969,70.65637065637065,8.108108108108109,62.54826254826254
E00106281,185,28,12,16,157,19,138,15.135135135135137,6.486486486486487,8.64864864864865,84.86486486486487,10.27027027027027,74.5945945945946
E00106282,216,46,23,23,170,20,150,21.296296296296298,10.648148148148149,10.648148148148149,78.70370370370371,9.25925925925926,69.44444444444444
E00106283,220,62,29,33,158,28,130,28.18181818181818,13.18181818181818,15,71.81818181818181,12.727272727272727,59.09090909090909
E00106284,234,92,63,29,142,23,119,39.31623931623932,26.923076923076923,12.393162393162394,60.68376068376068,9.82905982905983,50.85470085470085
E00106285,216,51,16,35,165,21,144,23.61111111111111,7.4074074074074066,16.203703703703702,76.38888888888889,9.722222222222223,66.66666666666666
E00106286,237,54,16,38,183,21,162,22.78481012658228,6.751054852320674,16.033755274261605,77.21518987341773,8.860759493670885,68.35443037974683
E00106287,285,49,11,38,236,29,207,17.192982456140353,3.8596491228070176,13.333333333333334,82.80701754385966,10.175438596491228,72.63157894736842
E00106288,304,69,34,35,235,17,218,22.697368421052634,11.18421052631579,11.513157894736842,77.30263157894737,5.592105263157895,71.71052631578947
E00106289,376,63,20,43,313,23,290,16.75531914893617,5.319148936170213,11.436170212765957,83.24468085106383,6.117021276595745,77.12765957446808
E00106290,271,57,23,34,214,20,194,21.033210332103323,8.487084870848708,12.546125461254611,78.96678966789668,7.380073800738007,71.58671586715867
E00106291,379,69,26,43,310,31,279,18.20580474934037,6.860158311345646,11.345646437994723,81.79419525065963,8.179419525065963,73.61477572559367
E00106292,299,55,15,40,244,23,221,18.394648829431436,5.016722408026756,13.377926421404682,81.60535117056857,7.6923076923076925,73.91304347826086
E00106293,341,81,30,51,260,31,229,23.75366568914956,8.797653958944283,14.95601173020528,76.24633431085044,9.090909090909092,67.15542521994135
E00106294,362,51,16,35,311,28,283,14.088397790055248,4.41988950276243,9.668508287292818,85.91160220994475,7.734806629834254,78.1767955801105
E00106295,304,41,13,28,263,24,239,13.486842105263158,4.276315789473684,9.210526315789473,86.51315789473685,7.894736842105263,78.61842105263158
E00106296,298,52,17,35,246,31,215,17.449664429530202,5.704697986577181,11.74496644295302,82.5503355704698,10.40268456375839,72.14765100671141
E00106297,319,51,18,33,268,27,241,15.987460815047022,5.6426332288401255,10.344827586206897,84.01253918495298,8.463949843260188,75.54858934169279
E00106298,342,66,25,41,276,38,238,19.298245614035086,7.309941520467836,11.988304093567251,80.7017543859649,11.11111111111111,69.5906432748538
E00106299,326,36,8,28,290,33,257,11.042944785276074,2.4539877300613497,8.588957055214724,88.95705521472392,10.122699386503067,78.83435582822086
E00106300,300,45,9,36,255,24,231,15,3,12,85,8,77
E00106301,284,43,11,32,241,29,212,15.140845070422534,3.873239436619718,11.267605633802818,84.85915492957746,10.211267605633804,74.64788732394366
E00106302,225,57,24,33,168,12,156,25.333333333333336,10.666666666666668,14.666666666666666,74.66666666666667,5.333333333333334,69.33333333333334
E00106303,249,49,21,28,200,18,182,19.67871485943775,8.433734939759036,11.244979919678714,80.32128514056225,7.228915662650602,73.09236947791165
E00106304,193,35,17,18,158,18,140,18.134715025906736,8.808290155440414,9.32642487046632,81.86528497409327,9.32642487046632,72.53886010362694
E00106305,305,47,18,29,258,25,233,15.40983606557377,5.901639344262295,9.508196721311474,84.59016393442623,8.19672131147541,76.39344262295083
E00106306,316,46,23,23,270,33,237,14.556962025316455,7.2784810126582276,7.2784810126582276,85.44303797468355,10.443037974683545,75
E00106307,304,32,7,25,272,26,246,10.526315789473683,2.302631578947368,8.223684210526317,89.47368421052632,8.552631578947368,80.92105263157895
E00106308,235,58,30,28,177,12,165,24.680851063829788,12.76595744680851,11.914893617021278,75.31914893617021,5.106382978723404,70.2127659574468
E00106309,292,44,15,29,248,24,224,15.068493150684931,5.136986301369863,9.931506849315069,84.93150684931507,8.21917808219178,76.71232876712328
E00106310,335,36,14,22,299,36,263,10.746268656716417,4.179104477611941,6.567164179104477,89.25373134328358,10.746268656716417,78.50746268656717
E00106311,304,92,52,40,212,18,194,30.263157894736842,17.105263157894736,13.157894736842104,69.73684210526315,5.921052631578947,63.81578947368421
E00106312,331,34,9,25,297,23,274,10.27190332326284,2.719033232628399,7.552870090634441,89.72809667673715,6.948640483383686,82.77945619335347
E00106313,274,50,14,36,224,20,204,18.248175182481752,5.109489051094891,13.138686131386862,81.75182481751825,7.2992700729927,74.45255474452554
E00106314,300,50,13,37,250,24,226,16.666666666666664,4.333333333333334,12.333333333333334,83.33333333333334,8,75.33333333333333
E00106315,313,51,16,35,262,33,229,16.293929712460063,5.111821086261981,11.182108626198083,83.70607028753993,10.543130990415335,73.1629392971246
E00106316,297,63,21,42,234,25,209,21.21212121212121,7.07070707070707,14.14141414141414,78.78787878787878,8.417508417508419,70.37037037037037
E00106317,356,69,36,33,287,23,264,19.382022471910112,10.112359550561797,9.269662921348315,80.6179775280899,6.460674157303371,74.15730337078652
E00106318,320,56,22,34,264,30,234,17.5,6.875000000000001,10.625,82.5,9.375,73.125
E00106319,330,43,12,31,287,18,269,13.030303030303031,3.6363636363636362,9.393939393939393,86.96969696969697,5.454545454545454,81.51515151515152
E00106320,362,68,34,34,294,21,273,18.784530386740332,9.392265193370166,9.392265193370166,81.21546961325967,5.801104972375691,75.41436464088397
E00106321,352,49,19,30,303,28,275,13.920454545454545,5.3977272727272725,8.522727272727272,86.07954545454545,7.954545454545454,78.125
E00106322,384,87,41,46,297,18,279,22.65625,10.677083333333332,11.979166666666668,77.34375,4.6875,72.65625
E00106323,293,56,22,34,237,25,212,19.112627986348123,7.508532423208192,11.604095563139932,80.88737201365188,8.532423208191126,72.35494880546075
E00106324,259,61,24,37,198,20,178,23.552123552123554,9.266409266409266,14.285714285714285,76.44787644787645,7.722007722007722,68.72586872586872
E00106325,394,102,43,59,292,39,253,25.888324873096447,10.913705583756345,14.974619289340103,74.11167512690355,9.898477157360407,64.21319796954315
E00106326,127,5,2,3,122,8,114,3.937007874015748,1.574803149606299,2.3622047244094486,96.06299212598425,6.299212598425196,89.76377952755905
E00106327,151,35,16,19,116,10,106,23.178807947019866,10.596026490066226,12.582781456953644,76.82119205298014,6.622516556291391,70.19867549668875
E00106328,290,76,34,42,214,19,195,26.20689655172414,11.724137931034482,14.482758620689657,73.79310344827587,6.551724137931035,67.24137931034483
E00106329,242,54,25,29,188,13,175,22.31404958677686,10.330578512396695,11.983471074380166,77.68595041322314,5.371900826446281,72.31404958677686
E00106330,313,60,23,37,253,27,226,19.169329073482427,7.348242811501597,11.821086261980831,80.83067092651757,8.626198083067091,72.20447284345049
E00106331,256,74,34,40,182,21,161,28.90625,13.28125,15.625,71.09375,8.203125,62.890625
E00106332,275,75,29,46,200,17,183,27.27272727272727,10.545454545454545,16.727272727272727,72.72727272727273,6.181818181818182,66.54545454545455
E00106333,278,52,18,34,226,24,202,18.705035971223023,6.474820143884892,12.23021582733813,81.29496402877699,8.633093525179856,72.66187050359713
E00106334,367,85,31,54,282,26,256,23.160762942779293,8.446866485013624,14.713896457765669,76.83923705722071,7.084468664850137,69.75476839237056
E00106335,233,67,29,38,166,21,145,28.75536480686695,12.446351931330472,16.30901287553648,71.24463519313305,9.012875536480687,62.231759656652365
E00106336,302,73,39,34,229,24,205,24.17218543046358,12.91390728476821,11.258278145695364,75.82781456953643,7.9470198675496695,67.88079470198676
E00106337,293,60,23,37,233,20,213,20.477815699658702,7.849829351535837,12.627986348122866,79.5221843003413,6.825938566552901,72.6962457337884
E00106338,269,55,23,32,214,24,190,20.44609665427509,8.550185873605948,11.895910780669144,79.5539033457249,8.921933085501859,70.63197026022306
E00106339,244,48,18,30,196,28,168,19.672131147540984,7.377049180327869,12.295081967213115,80.32786885245902,11.475409836065573,68.85245901639344
E00106340,306,48,14,34,258,20,238,15.686274509803921,4.57516339869281,11.11111111111111,84.31372549019608,6.535947712418301,77.77777777777779
E00106341,243,55,19,36,188,22,166,22.633744855967077,7.818930041152264,14.814814814814813,77.36625514403292,9.053497942386832,68.3127572016461
E00106342,361,111,42,69,250,24,226,30.747922437673132,11.634349030470915,19.113573407202217,69.25207756232687,6.64819944598338,62.603878116343495
E00106343,266,50,14,36,216,21,195,18.796992481203006,5.263157894736842,13.533834586466165,81.203007518797,7.894736842105263,73.30827067669173
E00106344,250,37,12,25,213,29,184,14.799999999999999,4.8,10,85.2,11.600000000000001,73.6
E00106345,194,54,19,35,140,22,118,27.835051546391753,9.793814432989691,18.04123711340206,72.16494845360825,11.34020618556701,60.824742268041234
E00106346,293,48,23,25,245,17,228,16.38225255972696,7.849829351535837,8.532423208191126,83.61774744027304,5.802047781569966,77.81569965870307
E00106347,292,44,19,25,248,28,220,15.068493150684931,6.506849315068493,8.561643835616438,84.93150684931507,9.58904109589041,75.34246575342466
E00106348,350,78,28,50,272,25,247,22.285714285714285,8,14.285714285714285,77.71428571428571,7.142857142857142,70.57142857142857
E00106349,249,42,16,26,207,20,187,16.867469879518072,6.425702811244979,10.441767068273093,83.13253012048193,8.032128514056225,75.1004016064257
E00106350,276,42,18,24,234,34,200,15.217391304347828,6.521739130434782,8.695652173913043,84.78260869565217,12.318840579710146,72.46376811594203
E00106351,315,62,17,45,253,21,232,19.682539682539684,5.396825396825397,14.285714285714285,80.31746031746032,6.666666666666667,73.65079365079366
E00106352,314,54,22,32,260,24,236,17.197452229299362,7.006369426751593,10.191082802547772,82.80254777070064,7.643312101910828,75.15923566878982
E00106353,319,46,19,27,273,32,241,14.420062695924765,5.956112852664576,8.463949843260188,85.57993730407524,10.031347962382444,75.54858934169279
E00106354,306,80,47,33,226,26,200,26.143790849673206,15.359477124183007,10.784313725490197,73.8562091503268,8.49673202614379,65.359477124183
E00106355,173,58,26,32,115,15,100,33.52601156069364,15.028901734104046,18.497109826589593,66.47398843930635,8.670520231213873,57.80346820809249
E00106356,342,61,21,40,281,25,256,17.83625730994152,6.140350877192982,11.695906432748536,82.16374269005848,7.309941520467836,74.85380116959064
E00106357,218,64,23,41,154,15,139,29.357798165137616,10.550458715596331,18.807339449541285,70.64220183486239,6.8807339449541285,63.76146788990825
E00106358,323,62,24,38,261,20,241,19.195046439628484,7.430340557275541,11.76470588235294,80.80495356037152,6.191950464396285,74.61300309597523
E00106359,319,64,35,29,255,19,236,20.06269592476489,10.9717868338558,9.090909090909092,79.9373040752351,5.956112852664576,73.98119122257053
E00106360,278,67,24,43,211,36,175,24.100719424460433,8.633093525179856,15.467625899280577,75.89928057553958,12.949640287769784,62.94964028776978
E00106361,299,60,30,30,239,22,217,20.066889632107024,10.033444816053512,10.033444816053512,79.93311036789298,7.357859531772576,72.5752508361204
E00106362,278,68,24,44,210,18,192,24.46043165467626,8.633093525179856,15.827338129496402,75.53956834532374,6.474820143884892,69.06474820143885
E00106363,318,88,51,37,230,24,206,27.67295597484277,16.037735849056602,11.635220125786164,72.32704402515722,7.547169811320755,64.77987421383648
E00106364,330,51,22,29,279,24,255,15.454545454545453,6.666666666666667,8.787878787878787,84.54545454545455,7.2727272727272725,77.27272727272727
E00106365,301,48,15,33,253,27,226,15.946843853820598,4.983388704318937,10.96345514950166,84.0531561461794,8.970099667774086,75.08305647840533
E00106366,285,39,17,22,246,13,233,13.684210526315791,5.964912280701754,7.719298245614035,86.31578947368422,4.56140350877193,81.75438596491227
E00106367,324,42,13,29,282,31,251,12.962962962962962,4.012345679012346,8.950617283950617,87.03703703703704,9.5679012345679,77.46913580246914
E00106368,255,30,11,19,225,19,206,11.76470588235294,4.313725490196078,7.450980392156863,88.23529411764706,7.450980392156863,80.7843137254902
E00106369,425,71,27,44,354,38,316,16.705882352941178,6.352941176470588,10.352941176470589,83.29411764705881,8.941176470588236,74.3529411764706
E00106370,382,61,23,38,321,31,290,15.968586387434556,6.020942408376963,9.947643979057592,84.03141361256544,8.115183246073299,75.91623036649214
E00106371,369,70,20,50,299,19,280,18.97018970189702,5.420054200542006,13.550135501355012,81.02981029810297,5.149051490514905,75.88075880758808
E00106372,370,76,30,46,294,25,269,20.54054054054054,8.108108108108109,12.432432432432433,79.45945945945945,6.756756756756757,72.70270270270271
E00106373,228,60,30,30,168,13,155,26.31578947368421,13.157894736842104,13.157894736842104,73.68421052631578,5.701754385964912,67.98245614035088
E00106374,278,74,24,50,204,22,182,26.618705035971225,8.633093525179856,17.985611510791365,73.38129496402878,7.913669064748201,65.46762589928058
E00106375,200,44,15,29,156,14,142,22,7.5,14.499999999999998,78,7.000000000000001,71
E00106376,374,78,34,44,296,22,274,20.855614973262032,9.090909090909092,11.76470588235294,79.14438502673798,5.88235294117647,73.2620320855615
E00106377,278,80,49,31,198,22,176,28.776978417266186,17.62589928057554,11.151079136690647,71.22302158273382,7.913669064748201,63.30935251798561
E00106378,218,94,44,50,124,15,109,43.11926605504588,20.18348623853211,22.93577981651376,56.88073394495413,6.8807339449541285,50
E00106379,351,67,27,40,284,28,256,19.08831908831909,7.6923076923076925,11.396011396011396,80.91168091168092,7.977207977207977,72.93447293447294
E00106380,342,67,32,35,275,23,252,19.5906432748538,9.35672514619883,10.23391812865497,80.4093567251462,6.725146198830409,73.68421052631578
E00106381,341,76,21,55,265,25,240,22.28739002932551,6.158357771260997,16.129032258064516,77.71260997067448,7.331378299120235,70.38123167155426
E00106382,216,53,28,25,163,12,151,24.537037037037038,12.962962962962962,11.574074074074074,75.46296296296296,5.555555555555555,69.9074074074074
E00106383,381,85,34,51,296,22,274,22.30971128608924,8.923884514435695,13.385826771653544,77.69028871391076,5.774278215223097,71.91601049868767
E00106384,347,86,37,49,261,27,234,24.78386167146974,10.662824207492795,14.121037463976945,75.21613832853026,7.780979827089338,67.43515850144092
E00106385,352,55,21,34,297,29,268,15.625,5.965909090909091,9.659090909090908,84.375,8.238636363636363,76.13636363636364
E00106386,277,36,16,20,241,25,216,12.996389891696749,5.776173285198556,7.2202166064981945,87.00361010830325,9.025270758122744,77.9783393501805
E00106387,385,49,17,32,336,23,313,12.727272727272727,4.415584415584416,8.311688311688311,87.27272727272727,5.974025974025974,81.2987012987013
E00106388,201,46,12,34,155,17,138,22.885572139303484,5.970149253731343,16.91542288557214,77.11442786069652,8.45771144278607,68.65671641791045
E00106389,290,71,38,33,219,18,201,24.482758620689655,13.10344827586207,11.379310344827587,75.51724137931033,6.206896551724138,69.3103448275862
E00106390,328,54,20,34,274,29,245,16.463414634146343,6.097560975609756,10.365853658536585,83.53658536585365,8.841463414634147,74.6951219512195
E00106391,287,84,40,44,203,16,187,29.268292682926827,13.937282229965156,15.33101045296167,70.73170731707317,5.574912891986063,65.1567944250871
E00106392,392,88,42,46,304,22,282,22.448979591836736,10.714285714285714,11.73469387755102,77.55102040816327,5.612244897959184,71.93877551020408
E00106393,317,60,19,41,257,22,235,18.92744479495268,5.993690851735016,12.933753943217665,81.07255520504731,6.940063091482649,74.13249211356468
E00106394,321,52,12,40,269,27,242,16.1993769470405,3.7383177570093453,12.461059190031152,83.8006230529595,8.411214953271028,75.38940809968847
E00106395,342,68,26,42,274,29,245,19.883040935672515,7.602339181286549,12.280701754385964,80.11695906432749,8.47953216374269,71.6374269005848
E00106396,287,54,22,32,233,23,210,18.81533101045296,7.665505226480835,11.149825783972126,81.18466898954703,8.013937282229964,73.17073170731707
E00106397,339,87,38,49,252,13,239,25.663716814159294,11.209439528023598,14.454277286135694,74.33628318584071,3.8348082595870205,70.50147492625368
E00106398,273,69,36,33,204,20,184,25.274725274725274,13.186813186813188,12.087912087912088,74.72527472527473,7.326007326007327,67.3992673992674
E00106399,314,55,18,37,259,20,239,17.51592356687898,5.7324840764331215,11.78343949044586,82.48407643312102,6.369426751592357,76.11464968152866
E00106401,322,69,25,44,253,32,221,21.428571428571427,7.763975155279502,13.664596273291925,78.57142857142857,9.937888198757763,68.63354037267081
E00106402,296,55,19,36,241,20,221,18.58108108108108,6.418918918918918,12.162162162162163,81.41891891891892,6.756756756756757,74.66216216216216
E00106403,364,47,18,29,317,30,287,12.912087912087914,4.945054945054945,7.967032967032966,87.08791208791209,8.241758241758241,78.84615384615384
E00106404,326,50,20,30,276,15,261,15.337423312883436,6.134969325153374,9.202453987730062,84.66257668711657,4.601226993865031,80.06134969325154
E00106405,279,83,42,41,196,21,175,29.749103942652326,15.053763440860216,14.695340501792115,70.25089605734766,7.526881720430108,62.72401433691756
E00106406,298,46,15,31,252,29,223,15.436241610738255,5.033557046979865,10.40268456375839,84.56375838926175,9.731543624161073,74.83221476510067
E00106407,280,62,23,39,218,20,198,22.142857142857142,8.214285714285714,13.928571428571429,77.85714285714286,7.142857142857142,70.71428571428572
E00106408,260,61,24,37,199,22,177,23.46153846153846,9.230769230769232,14.23076923076923,76.53846153846153,8.461538461538462,68.07692307692308
E00106409,290,60,24,36,230,14,216,20.689655172413794,8.275862068965518,12.413793103448276,79.3103448275862,4.827586206896552,74.48275862068967
E00106410,288,50,21,29,238,22,216,17.36111111111111,7.291666666666667,10.069444444444445,82.63888888888889,7.638888888888889,75
E00106412,267,60,26,34,207,17,190,22.47191011235955,9.737827715355806,12.734082397003746,77.52808988764045,6.367041198501873,71.16104868913857
E00106413,236,48,19,29,188,19,169,20.33898305084746,8.050847457627118,12.288135593220339,79.66101694915254,8.050847457627118,71.61016949152543
E00106414,241,43,23,20,198,19,179,17.842323651452283,9.54356846473029,8.29875518672199,82.15767634854771,7.883817427385892,74.27385892116183
E00106415,223,63,27,36,160,19,141,28.251121076233183,12.10762331838565,16.143497757847534,71.74887892376681,8.520179372197308,63.22869955156951
E00106416,588,82,25,57,506,60,446,13.945578231292515,4.2517006802721085,9.693877551020408,86.05442176870748,10.204081632653061,75.85034013605441
E00106418,292,72,35,37,220,15,205,24.65753424657534,11.986301369863012,12.67123287671233,75.34246575342466,5.136986301369863,70.2054794520548
E00106419,269,79,43,36,190,21,169,29.36802973977695,15.985130111524162,13.382899628252787,70.63197026022306,7.806691449814126,62.825278810408925
E00106421,266,54,11,43,212,23,189,20.30075187969925,4.135338345864661,16.165413533834585,79.69924812030075,8.646616541353383,71.05263157894737
E00106422,211,57,21,36,154,21,133,27.014218009478675,9.95260663507109,17.061611374407583,72.98578199052133,9.95260663507109,63.03317535545023
E00106423,293,73,34,39,220,18,202,24.914675767918087,11.604095563139932,13.310580204778159,75.0853242320819,6.143344709897611,68.94197952218431
E00106424,368,99,45,54,269,20,249,26.902173913043477,12.228260869565217,14.673913043478262,73.09782608695652,5.434782608695652,67.66304347826086
E00106425,350,102,61,41,248,20,228,29.142857142857142,17.42857142857143,11.714285714285715,70.85714285714285,5.714285714285714,65.14285714285715
E00106426,301,75,41,34,226,22,204,24.916943521594686,13.621262458471762,11.295681063122924,75.08305647840533,7.308970099667775,67.77408637873754
E00106427,180,25,9,16,155,13,142,13.88888888888889,5,8.88888888888889,86.11111111111111,7.222222222222221,78.88888888888889
E00106428,354,120,64,56,234,25,209,33.89830508474576,18.07909604519774,15.819209039548024,66.10169491525424,7.062146892655368,59.03954802259888
E00106429,335,63,21,42,272,35,237,18.80597014925373,6.26865671641791,12.53731343283582,81.19402985074626,10.44776119402985,70.74626865671641
E00106430,240,57,16,41,183,23,160,23.75,6.666666666666667,17.083333333333332,76.25,9.583333333333334,66.66666666666666
E00106431,174,45,17,28,129,16,113,25.862068965517242,9.770114942528735,16.091954022988507,74.13793103448276,9.195402298850574,64.9425287356322
E00106432,225,48,17,31,177,15,162,21.333333333333336,7.555555555555555,13.777777777777779,78.66666666666666,6.666666666666667,72
E00106433,263,52,19,33,211,16,195,19.771863117870723,7.224334600760455,12.547528517110266,80.22813688212928,6.083650190114068,74.1444866920152
E00106434,215,44,14,30,171,20,151,20.46511627906977,6.511627906976744,13.953488372093023,79.53488372093022,9.30232558139535,70.23255813953489
E00106435,311,87,53,34,224,31,193,27.974276527331188,17.041800643086816,10.932475884244374,72.02572347266882,9.967845659163988,62.057877813504824
E00106436,211,38,15,23,173,17,156,18.009478672985782,7.109004739336493,10.90047393364929,81.99052132701422,8.056872037914692,73.93364928909952
E00106437,196,33,16,17,163,15,148,16.83673469387755,8.16326530612245,8.673469387755102,83.16326530612244,7.653061224489796,75.51020408163265
E00106438,192,39,16,23,153,16,137,20.3125,8.333333333333332,11.979166666666668,79.6875,8.333333333333332,71.35416666666666
E00106439,234,40,12,28,194,20,174,17.094017094017094,5.128205128205128,11.965811965811966,82.90598290598291,8.547008547008547,74.35897435897436
E00106440,158,59,24,35,99,11,88,37.34177215189873,15.18987341772152,22.151898734177212,62.65822784810127,6.962025316455696,55.69620253164557
E00106441,414,68,27,41,346,29,317,16.425120772946862,6.521739130434782,9.903381642512077,83.57487922705315,7.004830917874397,76.57004830917874
E00106442,222,46,20,26,176,13,163,20.72072072072072,9.00900900900901,11.711711711711711,79.27927927927928,5.8558558558558556,73.42342342342343
E00106443,275,43,9,34,232,26,206,15.636363636363637,3.272727272727273,12.363636363636363,84.36363636363636,9.454545454545455,74.90909090909092
E00106444,306,65,30,35,241,42,199,21.241830065359476,9.803921568627452,11.437908496732026,78.75816993464052,13.725490196078432,65.0326797385621
E00106445,205,52,24,28,153,14,139,25.365853658536587,11.707317073170733,13.658536585365855,74.63414634146342,6.829268292682928,67.8048780487805
E00106446,306,75,47,28,231,27,204,24.509803921568626,15.359477124183007,9.15032679738562,75.49019607843137,8.823529411764707,66.66666666666666
E00106447,266,104,58,46,162,23,139,39.097744360902254,21.804511278195488,17.293233082706767,60.902255639097746,8.646616541353383,52.255639097744364
E00106448,257,46,21,25,211,16,195,17.898832684824903,8.171206225680933,9.72762645914397,82.10116731517509,6.22568093385214,75.87548638132296
E00106449,312,99,52,47,213,16,197,31.73076923076923,16.666666666666664,15.064102564102564,68.26923076923077,5.128205128205128,63.141025641025635
E00106450,237,54,19,35,183,21,162,22.78481012658228,8.016877637130802,14.767932489451477,77.21518987341773,8.860759493670885,68.35443037974683
E00106451,238,27,9,18,211,21,190,11.344537815126051,3.7815126050420167,7.563025210084033,88.65546218487394,8.823529411764707,79.83193277310924
E00106453,391,132,83,49,259,27,232,33.75959079283887,21.22762148337596,12.531969309462914,66.24040920716112,6.905370843989769,59.33503836317136
E00106454,343,30,8,22,313,17,296,8.746355685131196,2.3323615160349855,6.41399416909621,91.25364431486881,4.956268221574344,86.29737609329446
E00106455,299,48,12,36,251,25,226,16.05351170568562,4.013377926421405,12.040133779264215,83.94648829431438,8.361204013377927,75.58528428093646
E00106456,372,85,24,61,287,18,269,22.849462365591396,6.451612903225806,16.397849462365592,77.15053763440861,4.838709677419355,72.31182795698925
E00106457,190,66,31,35,124,8,116,34.73684210526316,16.315789473684212,18.421052631578945,65.26315789473685,4.2105263157894735,61.05263157894737
E00106458,333,107,78,29,226,22,204,32.13213213213213,23.423423423423422,8.708708708708707,67.86786786786787,6.606606606606606,61.261261261261254
E00106459,201,60,28,32,141,15,126,29.850746268656714,13.930348258706468,15.92039800995025,70.1492537313433,7.462686567164178,62.68656716417911
E00167639,281,50,13,37,231,30,201,17.793594306049823,4.6263345195729535,13.167259786476867,82.20640569395017,10.676156583629894,71.53024911032028
E00167640,281,47,17,30,234,22,212,16.72597864768683,6.049822064056939,10.676156583629894,83.27402135231317,7.829181494661921,75.44483985765125
E00167641,548,130,61,69,418,39,379,23.722627737226276,11.13138686131387,12.59124087591241,76.27737226277372,7.116788321167883,69.16058394160584
E00167642,255,62,22,40,193,21,172,24.313725490196077,8.627450980392156,15.686274509803921,75.68627450980392,8.235294117647058,67.45098039215686
E00167643,106,19,6,13,87,6,81,17.92452830188679,5.660377358490567,12.264150943396226,82.0754716981132,5.660377358490567,76.41509433962264
E00167644,147,29,12,17,118,16,102,19.727891156462583,8.16326530612245,11.564625850340136,80.27210884353741,10.884353741496598,69.38775510204081
E00167645,198,32,10,22,166,9,157,16.161616161616163,5.05050505050505,11.11111111111111,83.83838383838383,4.545454545454546,79.29292929292929
E00167646,220,35,15,20,185,15,170,15.909090909090908,6.8181818181818175,9.090909090909092,84.0909090909091,6.8181818181818175,77.27272727272727
E00167647,206,39,18,21,167,21,146,18.932038834951456,8.737864077669903,10.194174757281553,81.06796116504854,10.194174757281553,70.87378640776699
E00167648,263,49,13,36,214,10,204,18.631178707224336,4.942965779467681,13.688212927756654,81.36882129277566,3.802281368821293,77.56653992395437
E00167649,290,43,20,23,247,13,234,14.827586206896552,6.896551724137931,7.931034482758621,85.17241379310346,4.482758620689655,80.6896551724138
E00167650,155,33,12,21,122,8,114,21.29032258064516,7.741935483870968,13.548387096774196,78.70967741935485,5.161290322580645,73.54838709677419
E00167651,183,44,18,26,139,8,131,24.043715846994534,9.836065573770492,14.207650273224044,75.95628415300546,4.371584699453552,71.58469945355192
E00167652,230,29,3,26,201,21,180,12.608695652173912,1.3043478260869565,11.304347826086957,87.39130434782608,9.130434782608695,78.26086956521739
E00167653,205,36,9,27,169,25,144,17.560975609756095,4.390243902439024,13.170731707317074,82.4390243902439,12.195121951219512,70.24390243902438
E00167654,125,23,11,12,102,10,92,18.4,8.799999999999999,9.6,81.6,8,73.6
E00167655,234,27,7,20,207,22,185,11.538461538461538,2.9914529914529915,8.547008547008547,88.46153846153845,9.401709401709402,79.05982905982906
E00167656,179,28,10,18,151,19,132,15.64245810055866,5.58659217877095,10.05586592178771,84.35754189944134,10.614525139664805,73.74301675977654
E00167657,189,34,12,22,155,7,148,17.989417989417987,6.349206349206349,11.64021164021164,82.01058201058201,3.7037037037037033,78.3068783068783
E00167658,176,37,18,19,139,16,123,21.022727272727273,10.227272727272728,10.795454545454545,78.97727272727273,9.090909090909092,69.88636363636364
E00167659,152,39,10,29,113,19,94,25.657894736842106,6.578947368421052,19.078947368421055,74.3421052631579,12.5,61.8421052631579
E00167660,186,29,11,18,157,14,143,15.591397849462366,5.913978494623656,9.67741935483871,84.40860215053763,7.526881720430108,76.88172043010752
E00167661,328,93,47,46,235,25,210,28.353658536585364,14.329268292682926,14.02439024390244,71.64634146341463,7.621951219512195,64.02439024390245
E00167662,266,49,23,26,217,15,202,18.421052631578945,8.646616541353383,9.774436090225564,81.57894736842105,5.639097744360902,75.93984962406014
E00167663,271,66,32,34,205,12,193,24.354243542435423,11.808118081180812,12.546125461254611,75.64575645756457,4.428044280442804,71.21771217712177
E00167664,157,70,51,19,87,7,80,44.5859872611465,32.48407643312102,12.101910828025478,55.4140127388535,4.45859872611465,50.955414012738856
E00167665,287,68,27,41,219,19,200,23.693379790940767,9.40766550522648,14.285714285714285,76.30662020905923,6.620209059233449,69.68641114982579
E00167666,266,56,22,34,210,25,185,21.052631578947366,8.270676691729323,12.781954887218044,78.94736842105263,9.398496240601503,69.54887218045113
E00167667,246,34,14,20,212,27,185,13.821138211382115,5.691056910569105,8.130081300813007,86.1788617886179,10.975609756097562,75.20325203252033
E00167668,277,51,23,28,226,26,200,18.4115523465704,8.303249097472925,10.108303249097473,81.58844765342961,9.386281588447654,72.20216606498195
E00167669,219,42,11,31,177,18,159,19.17808219178082,5.0228310502283104,14.15525114155251,80.82191780821918,8.21917808219178,72.6027397260274
E00167670,189,34,14,20,155,13,142,17.989417989417987,7.4074074074074066,10.582010582010582,82.01058201058201,6.878306878306878,75.13227513227513
E00167671,344,42,6,36,302,24,278,12.209302325581394,1.744186046511628,10.465116279069768,87.79069767441861,6.976744186046512,80.81395348837209
E00167672,238,112,82,30,126,10,116,47.05882352941176,34.45378151260504,12.605042016806722,52.94117647058824,4.201680672268908,48.739495798319325
E00181205,279,66,32,34,213,21,192,23.655913978494624,11.469534050179211,12.186379928315413,76.34408602150538,7.526881720430108,68.81720430107528
E00181212,286,51,16,35,235,15,220,17.832167832167833,5.594405594405594,12.237762237762238,82.16783216783216,5.244755244755245,76.92307692307693
E00181220,168,29,15,14,139,8,131,17.261904761904763,8.928571428571429,8.333333333333332,82.73809523809523,4.761904761904762,77.97619047619048
E00181237,119,35,22,13,84,11,73,29.411764705882355,18.487394957983195,10.92436974789916,70.58823529411765,9.243697478991598,61.34453781512605
E00181240,419,76,37,39,343,20,323,18.138424821002385,8.83054892601432,9.307875894988067,81.86157517899761,4.77326968973747,77.08830548926015
E00181248,501,106,63,43,395,39,356,21.157684630738522,12.574850299401197,8.582834331337326,78.84231536926147,7.784431137724551,71.05788423153693
E00181249,194,38,19,19,156,7,149,19.587628865979383,9.793814432989691,9.793814432989691,80.41237113402062,3.608247422680412,76.80412371134021
