OA,ts0590001,ts0590002,ts0590003,ts0590004,ts0590005,ts0590006,ts0590007,ts0590002_PCT,ts0590003_PCT,ts0590004_PCT,ts0590005_PCT,ts0590006_PCT,ts0590007_PCT
E00106132,178,60,29,31,118,94,24,33.70786516853933,16.292134831460675,17.415730337078653,66.29213483146067,52.80898876404494,13.48314606741573
E00106133,152,66,29,37,86,77,9,43.42105263157895,19.078947368421055,24.342105263157894,56.57894736842105,50.6578947368421,5.921052631578947
E00106134,58,19,6,13,39,35,4,32.758620689655174,10.344827586206897,22.413793103448278,67.24137931034483,60.3448275862069,6.896551724137931
E00106135,158,65,20,45,93,81,12,41.139240506329116,12.658227848101266,28.48101265822785,58.86075949367089,51.26582278481012,7.59493670886076
E00106136,133,50,20,30,83,72,11,37.59398496240601,15.037593984962406,22.55639097744361,62.40601503759399,54.13533834586466,8.270676691729323
E00106137,181,61,23,38,120,105,15,33.70165745856354,12.70718232044199,20.994475138121548,66.29834254143645,58.011049723756905,8.287292817679557
E00106138,185,53,11,42,132,115,17,28.64864864864865,5.9459459459459465,22.702702702702705,71.35135135135135,62.16216216216216,9.18918918918919
E00106139,152,39,12,27,113,103,10,25.657894736842106,7.894736842105263,17.763157894736842,74.3421052631579,67.76315789473685,6.578947368421052
E00106140,133,33,12,21,100,89,11,24.81203007518797,9.022556390977442,15.789473684210526,75.18796992481202,66.9172932330827,8.270676691729323
E00106141,75,27,6,21,48,42,6,36,8,28.000000000000004,64,56.00000000000001,8
E00106142,235,76,32,44,159,129,30,32.340425531914896,13.617021276595745,18.72340425531915,67.65957446808511,54.8936170212766,12.76595744680851
E00106143,146,40,15,25,106,95,11,27.397260273972602,10.273972602739725,17.123287671232877,72.6027397260274,65.06849315068493,7.534246575342466
E00106144,144,48,20,28,96,84,12,33.33333333333333,13.88888888888889,19.444444444444446,66.66666666666666,58.333333333333336,8.333333333333332
E00106145,238,69,19,50,169,143,26,28.991596638655466,7.9831932773109235,21.008403361344538,71.00840336134453,60.08403361344538,10.92436974789916
E00106146,161,50,10,40,111,101,10,31.05590062111801,6.211180124223603,24.84472049689441,68.94409937888199,62.732919254658384,6.211180124223603
E00106147,86,30,10,20,56,48,8,34.883720930232556,11.627906976744185,23.25581395348837,65.11627906976744,55.81395348837209,9.30232558139535
E00106148,138,45,15,30,93,82,11,32.608695652173914,10.869565217391305,21.73913043478261,67.3913043478261,59.42028985507246,7.971014492753622
E00106149,158,57,23,34,101,86,15,36.075949367088604,14.556962025316455,21.518987341772153,63.92405063291139,54.43037974683544,9.49367088607595
E00106150,158,54,22,32,104,93,11,34.177215189873415,13.924050632911392,20.253164556962027,65.82278481012658,58.86075949367089,6.962025316455696
E00106151,164,65,27,38,99,85,14,39.63414634146341,16.463414634146343,23.170731707317074,60.36585365853659,51.829268292682926,8.536585365853659
E00106152,182,45,16,29,137,125,12,24.725274725274726,8.791208791208792,15.934065934065933,75.27472527472527,68.68131868131869,6.593406593406594
E00106153,140,47,16,31,93,84,9,33.57142857142857,11.428571428571429,22.142857142857142,66.42857142857143,60,6.428571428571428
E00106154,228,73,36,37,155,141,14,32.01754385964912,15.789473684210526,16.228070175438596,67.98245614035088,61.8421052631579,6.140350877192982
E00106155,73,30,13,17,43,39,4,41.0958904109589,17.80821917808219,23.28767123287671,58.9041095890411,53.42465753424658,5.47945205479452
E00106156,148,47,13,34,101,94,7,31.756756756756754,8.783783783783784,22.972972972972975,68.24324324324324,63.51351351351351,4.72972972972973
E00106157,118,41,12,29,77,65,12,34.74576271186441,10.16949152542373,24.576271186440678,65.2542372881356,55.08474576271186,10.16949152542373
E00106158,149,58,16,42,91,78,13,38.92617449664429,10.738255033557047,28.187919463087248,61.07382550335571,52.348993288590606,8.724832214765101
E00106159,200,63,18,45,137,126,11,31.5,9,22.5,68.5,63,5.5
E00106162,90,29,9,20,61,52,9,32.22222222222222,10,22.22222222222222,67.77777777777779,57.77777777777777,10
E00106163,112,41,11,30,71,65,6,36.607142857142854,9.821428571428571,26.785714285714285,63.39285714285714,58.03571428571429,5.357142857142857
E00106164,86,32,12,20,54,47,7,37.2093023255814,13.953488372093023,23.25581395348837,62.7906976744186,54.65116279069767,8.13953488372093
E00106165,146,55,14,41,91,77,14,37.67123287671233,9.58904109589041,28.08219178082192,62.328767123287676,52.73972602739726,9.58904109589041
E00106166,176,71,28,43,105,86,19,40.340909090909086,15.909090909090908,24.431818181818183,59.65909090909091,48.86363636363637,10.795454545454545
E00106167,152,51,20,31,101,89,12,33.55263157894737,13.157894736842104,20.394736842105264,66.44736842105263,58.55263157894737,7.894736842105263
E00106168,65,18,5,13,47,43,4,27.692307692307693,7.6923076923076925,20,72.3076923076923,66.15384615384615,6.153846153846154
E00106169,121,49,16,33,72,66,6,40.49586776859504,13.223140495867769,27.27272727272727,59.50413223140496,54.54545454545454,4.958677685950414
E00106170,143,50,23,27,93,77,16,34.96503496503497,16.083916083916083,18.88111888111888,65.03496503496503,53.84615384615385,11.188811188811188
E00106171,183,66,15,51,117,100,17,36.0655737704918,8.19672131147541,27.86885245901639,63.934426229508205,54.644808743169406,9.289617486338798
E00106172,174,52,13,39,122,104,18,29.88505747126437,7.471264367816093,22.413793103448278,70.11494252873564,59.77011494252874,10.344827586206897
E00106173,131,46,20,26,85,74,11,35.11450381679389,15.267175572519085,19.84732824427481,64.8854961832061,56.48854961832062,8.396946564885496
E00106174,196,60,14,46,136,116,20,30.612244897959183,7.142857142857142,23.46938775510204,69.38775510204081,59.183673469387756,10.204081632653061
E00106175,168,54,18,36,114,89,25,32.142857142857146,10.714285714285714,21.428571428571427,67.85714285714286,52.976190476190474,14.880952380952381
E00106176,145,53,18,35,92,75,17,36.55172413793103,12.413793103448276,24.137931034482758,63.44827586206897,51.724137931034484,11.724137931034482
E00106177,163,72,20,52,91,84,7,44.171779141104295,12.269938650306749,31.901840490797547,55.828220858895705,51.533742331288344,4.294478527607362
E00106178,147,64,26,38,83,73,10,43.53741496598639,17.687074829931973,25.850340136054424,56.4625850340136,49.65986394557823,6.802721088435375
E00106179,124,36,8,28,88,76,12,29.03225806451613,6.451612903225806,22.58064516129032,70.96774193548387,61.29032258064516,9.67741935483871
E00106180,82,26,11,15,56,48,8,31.70731707317073,13.414634146341465,18.29268292682927,68.29268292682927,58.536585365853654,9.75609756097561
E00106181,128,52,17,35,76,70,6,40.625,13.28125,27.34375,59.375,54.6875,4.6875
E00106182,118,48,15,33,70,70,0,40.67796610169492,12.711864406779661,27.966101694915253,59.32203389830508,59.32203389830508,0
E00106183,136,58,21,37,78,71,7,42.64705882352941,15.441176470588236,27.205882352941174,57.35294117647059,52.20588235294118,5.147058823529411
E00106184,142,43,18,25,99,86,13,30.28169014084507,12.676056338028168,17.6056338028169,69.71830985915493,60.56338028169014,9.15492957746479
E00106185,59,18,4,14,41,36,5,30.508474576271187,6.779661016949152,23.728813559322035,69.49152542372882,61.016949152542374,8.47457627118644
E00106186,95,33,13,20,62,56,6,34.73684210526316,13.684210526315791,21.052631578947366,65.26315789473685,58.94736842105262,6.315789473684211
E00106187,119,40,13,27,79,65,14,33.61344537815126,10.92436974789916,22.689075630252102,66.38655462184873,54.621848739495796,11.76470588235294
E00106188,164,40,14,26,124,112,12,24.390243902439025,8.536585365853659,15.853658536585366,75.60975609756098,68.29268292682927,7.317073170731707
E00106189,138,52,14,38,86,71,15,37.68115942028986,10.144927536231885,27.536231884057973,62.31884057971014,51.449275362318836,10.869565217391305
E00106190,108,35,7,28,73,59,14,32.407407407407405,6.481481481481481,25.925925925925924,67.5925925925926,54.629629629629626,12.962962962962962
E00106191,100,31,7,24,69,58,11,31,7.000000000000001,24,69,57.99999999999999,11
E00106192,152,54,22,32,98,80,18,35.526315789473685,14.473684210526317,21.052631578947366,64.47368421052632,52.63157894736842,11.842105263157894
E00106193,131,46,10,36,85,79,6,35.11450381679389,7.633587786259542,27.480916030534353,64.8854961832061,60.30534351145038,4.580152671755725
E00106194,91,36,10,26,55,45,10,39.56043956043956,10.989010989010989,28.57142857142857,60.43956043956044,49.45054945054945,10.989010989010989
E00106195,124,42,16,26,82,76,6,33.87096774193548,12.903225806451612,20.967741935483872,66.12903225806451,61.29032258064516,4.838709677419355
E00106196,74,24,11,13,50,42,8,32.432432432432435,14.864864864864865,17.56756756756757,67.56756756756756,56.75675675675676,10.81081081081081
E00106197,154,47,13,34,107,86,21,30.519480519480517,8.441558441558442,22.07792207792208,69.48051948051948,55.84415584415584,13.636363636363635
E00106198,117,39,9,30,78,69,9,33.33333333333333,7.6923076923076925,25.64102564102564,66.66666666666666,58.97435897435898,7.6923076923076925
E00106199,109,41,13,28,68,61,7,37.61467889908257,11.926605504587156,25.688073394495415,62.38532110091744,55.96330275229357,6.422018348623854
E00106200,167,59,19,40,108,96,12,35.32934131736527,11.377245508982035,23.952095808383234,64.67065868263472,57.48502994011976,7.18562874251497
E00106201,133,53,21,32,80,71,9,39.849624060150376,15.789473684210526,24.06015037593985,60.150375939849624,53.383458646616546,6.7669172932330826
E00106202,163,54,15,39,109,101,8,33.12883435582822,9.202453987730062,23.92638036809816,66.87116564417178,61.963190184049076,4.9079754601226995
E00106203,161,51,26,25,110,97,13,31.67701863354037,16.149068322981368,15.527950310559005,68.32298136645963,60.24844720496895,8.074534161490684
E00106204,143,50,14,36,93,82,11,34.96503496503497,9.79020979020979,25.174825174825177,65.03496503496503,57.34265734265735,7.6923076923076925
E00106205,157,63,14,49,94,80,14,40.12738853503185,8.9171974522293,31.210191082802545,59.87261146496815,50.955414012738856,8.9171974522293
E00106206,140,46,10,36,94,83,11,32.857142857142854,7.142857142857142,25.71428571428571,67.14285714285714,59.285714285714285,7.857142857142857
E00106207,112,44,14,30,68,58,10,39.285714285714285,12.5,26.785714285714285,60.71428571428571,51.78571428571429,8.928571428571429
E00106208,64,22,13,9,42,38,4,34.375,20.3125,14.0625,65.625,59.375,6.25
E00106209,171,68,13,55,103,90,13,39.76608187134503,7.602339181286549,32.16374269005848,60.23391812865497,52.63157894736842,7.602339181286549
E00106210,133,43,22,21,90,81,9,32.33082706766917,16.541353383458645,15.789473684210526,67.66917293233082,60.902255639097746,6.7669172932330826
E00106211,96,33,9,24,63,54,9,34.375,9.375,25,65.625,56.25,9.375
E00106212,241,88,29,59,153,136,17,36.51452282157676,12.033195020746888,24.481327800829874,63.48547717842323,56.43153526970954,7.053941908713693
E00106213,198,58,21,37,140,121,19,29.292929292929294,10.606060606060606,18.68686868686869,70.70707070707071,61.111111111111114,9.595959595959595
E00106214,202,77,31,46,125,96,29,38.11881188118812,15.346534653465346,22.772277227722775,61.88118811881188,47.524752475247524,14.356435643564355
E00106217,159,62,18,44,97,89,8,38.9937106918239,11.320754716981133,27.67295597484277,61.0062893081761,55.9748427672956,5.031446540880504
E00106218,233,88,29,59,145,126,19,37.76824034334764,12.446351931330472,25.321888412017167,62.231759656652365,54.077253218884124,8.15450643776824
E00106219,153,55,17,38,98,87,11,35.947712418300654,11.11111111111111,24.836601307189543,64.05228758169935,56.86274509803921,7.18954248366013
E00106220,97,35,9,26,62,56,6,36.08247422680412,9.278350515463918,26.804123711340207,63.91752577319587,57.73195876288659,6.185567010309279
E00106221,58,21,8,13,37,33,4,36.206896551724135,13.793103448275861,22.413793103448278,63.793103448275865,56.896551724137936,6.896551724137931
E00106222,102,35,6,29,67,62,5,34.31372549019608,5.88235294117647,28.431372549019606,65.68627450980392,60.78431372549019,4.901960784313726
E00106223,161,59,20,39,102,91,11,36.64596273291926,12.422360248447205,24.22360248447205,63.35403726708074,56.52173913043478,6.832298136645963
E00106224,208,69,21,48,139,121,18,33.17307692307692,10.096153846153847,23.076923076923077,66.82692307692307,58.17307692307693,8.653846153846153
E00106225,188,68,22,46,120,99,21,36.17021276595745,11.702127659574469,24.46808510638298,63.829787234042556,52.659574468085104,11.170212765957446
E00106226,134,34,11,23,100,74,26,25.37313432835821,8.208955223880597,17.16417910447761,74.6268656716418,55.223880597014926,19.402985074626866
E00106227,94,30,8,22,64,45,19,31.914893617021278,8.51063829787234,23.404255319148938,68.08510638297872,47.87234042553192,20.212765957446805
E00106228,139,49,15,34,90,82,8,35.25179856115108,10.79136690647482,24.46043165467626,64.74820143884892,58.992805755395686,5.755395683453238
E00106229,102,38,18,20,64,58,6,37.254901960784316,17.647058823529413,19.607843137254903,62.745098039215684,56.86274509803921,5.88235294117647
E00106230,117,38,11,27,79,71,8,32.47863247863248,9.401709401709402,23.076923076923077,67.52136752136752,60.68376068376068,6.837606837606838
E00106231,83,25,6,19,58,47,11,30.120481927710845,7.228915662650602,22.89156626506024,69.87951807228916,56.62650602409639,13.253012048192772
E00106232,120,47,14,33,73,63,10,39.166666666666664,11.666666666666666,27.500000000000004,60.83333333333333,52.5,8.333333333333332
E00106233,132,42,18,24,90,79,11,31.818181818181817,13.636363636363635,18.181818181818183,68.18181818181817,59.84848484848485,8.333333333333332
E00106234,126,32,11,21,94,83,11,25.396825396825395,8.73015873015873,16.666666666666664,74.60317460317461,65.87301587301587,8.73015873015873
E00106235,124,36,10,26,88,79,9,29.03225806451613,8.064516129032258,20.967741935483872,70.96774193548387,63.70967741935484,7.258064516129033
E00106236,61,25,3,22,36,36,0,40.98360655737705,4.918032786885246,36.0655737704918,59.01639344262295,59.01639344262295,0
E00106237,86,30,7,23,56,50,6,34.883720930232556,8.13953488372093,26.744186046511626,65.11627906976744,58.139534883720934,6.976744186046512
E00106238,80,37,12,25,43,41,2,46.25,15,31.25,53.75,51.24999999999999,2.5
E00106239,26,11,8,3,15,12,3,42.30769230769231,30.76923076923077,11.538461538461538,57.692307692307686,46.15384615384615,11.538461538461538
E00106240,81,29,10,19,52,45,7,35.80246913580247,12.345679012345679,23.456790123456788,64.19753086419753,55.55555555555556,8.641975308641975
E00106241,93,34,9,25,59,47,12,36.55913978494624,9.67741935483871,26.881720430107524,63.44086021505376,50.53763440860215,12.903225806451612
E00106242,72,26,4,22,46,39,7,36.11111111111111,5.555555555555555,30.555555555555557,63.888888888888886,54.166666666666664,9.722222222222223
E00106243,112,31,8,23,81,77,4,27.67857142857143,7.142857142857142,20.535714285714285,72.32142857142857,68.75,3.571428571428571
E00106244,103,36,8,28,67,59,8,34.95145631067961,7.766990291262135,27.184466019417474,65.0485436893204,57.28155339805825,7.766990291262135
E00106245,69,31,12,19,38,36,2,44.927536231884055,17.391304347826086,27.536231884057973,55.072463768115945,52.17391304347826,2.898550724637681
E00106246,66,15,5,10,51,46,5,22.727272727272727,7.575757575757576,15.151515151515152,77.27272727272727,69.6969696969697,7.575757575757576
E00106247,146,41,17,24,105,92,13,28.08219178082192,11.643835616438356,16.43835616438356,71.91780821917808,63.013698630136986,8.904109589041095
E00106248,92,33,17,16,59,42,17,35.869565217391305,18.478260869565215,17.391304347826086,64.13043478260869,45.65217391304348,18.478260869565215
E00106249,24,1,1,0,23,19,4,4.166666666666666,4.166666666666666,0,95.83333333333334,79.16666666666666,16.666666666666664
E00106250,126,46,17,29,80,68,12,36.507936507936506,13.492063492063492,23.015873015873016,63.49206349206349,53.96825396825397,9.523809523809524
E00106251,111,42,22,20,69,53,16,37.83783783783784,19.81981981981982,18.01801801801802,62.16216216216216,47.74774774774775,14.414414414414415
E00106252,105,47,25,22,58,42,16,44.761904761904766,23.809523809523807,20.952380952380953,55.23809523809524,40,15.238095238095239
E00106253,136,42,23,19,94,75,19,30.88235294117647,16.911764705882355,13.970588235294118,69.11764705882352,55.14705882352941,13.970588235294118
E00106254,97,25,2,23,72,54,18,25.773195876288657,2.0618556701030926,23.711340206185564,74.22680412371135,55.670103092783506,18.556701030927837
E00106255,108,33,17,16,75,62,13,30.555555555555557,15.74074074074074,14.814814814814813,69.44444444444444,57.407407407407405,12.037037037037036
E00106256,51,18,6,12,33,31,2,35.294117647058826,11.76470588235294,23.52941176470588,64.70588235294117,60.78431372549019,3.9215686274509802
E00106257,136,45,19,26,91,70,21,33.088235294117645,13.970588235294118,19.11764705882353,66.91176470588235,51.470588235294116,15.441176470588236
E00106258,84,38,19,19,46,36,10,45.23809523809524,22.61904761904762,22.61904761904762,54.761904761904766,42.857142857142854,11.904761904761903
E00106259,160,43,14,29,117,103,14,26.875,8.75,18.125,73.125,64.375,8.75
E00106260,134,43,14,29,91,82,9,32.08955223880597,10.44776119402985,21.641791044776117,67.91044776119402,61.19402985074627,6.7164179104477615
E00106261,214,73,27,46,141,122,19,34.112149532710276,12.616822429906541,21.49532710280374,65.88785046728972,57.009345794392516,8.878504672897195
E00106262,22,10,4,6,12,11,1,45.45454545454545,18.181818181818183,27.27272727272727,54.54545454545454,50,4.545454545454546
E00106263,48,16,6,10,32,30,2,33.33333333333333,12.5,20.833333333333336,66.66666666666666,62.5,4.166666666666666
E00106264,108,35,15,20,73,59,14,32.407407407407405,13.88888888888889,18.51851851851852,67.5925925925926,54.629629629629626,12.962962962962962
E00106265,109,34,15,19,75,65,10,31.19266055045872,13.761467889908257,17.431192660550458,68.80733944954129,59.63302752293578,9.174311926605505
E00106266,131,35,17,18,96,84,12,26.717557251908396,12.977099236641221,13.740458015267176,73.2824427480916,64.12213740458014,9.16030534351145
E00106267,244,75,28,47,169,148,21,30.737704918032787,11.475409836065573,19.262295081967213,69.26229508196722,60.65573770491803,8.60655737704918
E00106268,25,3,1,2,22,20,2,12,4,8,88,80,8
E00106269,19,11,4,7,8,5,3,57.89473684210527,21.052631578947366,36.84210526315789,42.10526315789473,26.31578947368421,15.789473684210526
E00106270,101,25,8,17,76,68,8,24.752475247524753,7.920792079207921,16.831683168316832,75.24752475247524,67.32673267326733,7.920792079207921
E00106271,77,22,5,17,55,44,11,28.57142857142857,6.493506493506493,22.07792207792208,71.42857142857143,57.14285714285714,14.285714285714285
E00106272,62,22,8,14,40,36,4,35.483870967741936,12.903225806451612,22.58064516129032,64.51612903225806,58.06451612903226,6.451612903225806
E00106273,128,28,8,20,100,71,29,21.875,6.25,15.625,78.125,55.46875,22.65625
E00106274,61,23,8,15,38,29,9,37.704918032786885,13.114754098360656,24.59016393442623,62.295081967213115,47.540983606557376,14.754098360655737
E00106276,166,35,14,21,131,118,13,21.084337349397593,8.433734939759036,12.650602409638553,78.91566265060241,71.08433734939759,7.83132530120482
E00106277,93,37,15,22,56,52,4,39.784946236559136,16.129032258064516,23.655913978494624,60.215053763440864,55.91397849462365,4.301075268817205
E00106278,67,24,9,15,43,35,8,35.82089552238806,13.432835820895523,22.388059701492537,64.17910447761194,52.23880597014925,11.940298507462686
E00106280,81,30,13,17,51,44,7,37.03703703703704,16.049382716049383,20.98765432098765,62.96296296296296,54.32098765432099,8.641975308641975
E00106281,86,26,8,18,60,54,6,30.23255813953488,9.30232558139535,20.930232558139537,69.76744186046511,62.7906976744186,6.976744186046512
E00106282,78,29,11,18,49,45,4,37.17948717948718,14.102564102564102,23.076923076923077,62.82051282051282,57.692307692307686,5.128205128205128
E00106283,70,31,11,20,39,34,5,44.285714285714285,15.714285714285714,28.57142857142857,55.714285714285715,48.57142857142857,7.142857142857142
E00106284,31,17,7,10,14,11,3,54.83870967741935,22.58064516129032,32.25806451612903,45.16129032258064,35.483870967741936,9.67741935483871
E00106285,71,31,11,20,40,35,5,43.66197183098591,15.492957746478872,28.169014084507044,56.33802816901409,49.29577464788733,7.042253521126761
E00106286,69,14,6,8,55,39,16,20.28985507246377,8.695652173913043,11.594202898550725,79.71014492753623,56.52173913043478,23.18840579710145
E00106287,136,41,17,24,95,85,10,30.14705882352941,12.5,17.647058823529413,69.85294117647058,62.5,7.352941176470589
E00106288,129,43,11,32,86,74,12,33.33333333333333,8.527131782945736,24.8062015503876,66.66666666666666,57.36434108527132,9.30232558139535
E00106289,166,66,26,40,100,79,21,39.75903614457831,15.66265060240964,24.096385542168676,60.24096385542169,47.59036144578313,12.650602409638553
E00106290,117,41,15,26,76,62,14,35.04273504273504,12.82051282051282,22.22222222222222,64.95726495726495,52.991452991452995,11.965811965811966
E00106291,165,54,16,38,111,101,10,32.72727272727273,9.696969696969697,23.03030303030303,67.27272727272727,61.212121212121204,6.0606060606060606
E00106292,111,32,11,21,79,66,13,28.82882882882883,9.90990990990991,18.91891891891892,71.17117117117117,59.45945945945946,11.711711711711711
E00106293,160,58,16,42,102,78,24,36.25,10,26.25,63.74999999999999,48.75,15
E00106294,155,56,19,37,99,87,12,36.12903225806451,12.258064516129032,23.870967741935484,63.87096774193548,56.12903225806451,7.741935483870968
E00106295,159,55,17,38,104,97,7,34.59119496855346,10.69182389937107,23.89937106918239,65.40880503144653,61.0062893081761,4.40251572327044
E00106296,156,53,15,38,103,85,18,33.97435897435898,9.615384615384617,24.358974358974358,66.02564102564102,54.48717948717948,11.538461538461538
E00106297,164,60,18,42,104,85,19,36.58536585365854,10.975609756097562,25.609756097560975,63.41463414634146,51.829268292682926,11.585365853658537
E00106298,155,58,23,35,97,78,19,37.41935483870968,14.838709677419354,22.58064516129032,62.58064516129033,50.32258064516129,12.258064516129032
E00106299,167,59,19,40,108,93,15,35.32934131736527,11.377245508982035,23.952095808383234,64.67065868263472,55.688622754491014,8.982035928143713
E00106300,141,59,21,38,82,63,19,41.843971631205676,14.893617021276595,26.95035460992908,58.156028368794324,44.680851063829785,13.47517730496454
E00106301,155,53,19,34,102,86,16,34.193548387096776,12.258064516129032,21.935483870967744,65.80645161290323,55.483870967741936,10.32258064516129
E00106302,96,39,18,21,57,48,9,40.625,18.75,21.875,59.375,50,9.375
E00106303,122,43,18,25,79,66,13,35.24590163934426,14.754098360655737,20.491803278688526,64.75409836065575,54.09836065573771,10.655737704918032
E00106304,100,38,9,29,62,51,11,38,9,28.999999999999996,62,51,11
E00106305,141,60,26,34,81,71,10,42.5531914893617,18.439716312056735,24.113475177304963,57.446808510638306,50.35460992907801,7.092198581560284
E00106306,143,58,21,37,85,76,9,40.55944055944056,14.685314685314685,25.874125874125873,59.44055944055944,53.14685314685315,6.293706293706294
E00106307,154,48,17,31,106,95,11,31.16883116883117,11.03896103896104,20.12987012987013,68.83116883116884,61.68831168831169,7.142857142857142
E00106308,108,46,18,28,62,48,14,42.592592592592595,16.666666666666664,25.925925925925924,57.407407407407405,44.44444444444444,12.962962962962962
E00106309,139,37,14,23,102,77,25,26.618705035971225,10.071942446043165,16.546762589928058,73.38129496402878,55.39568345323741,17.985611510791365
E00106310,164,60,27,33,104,85,19,36.58536585365854,16.463414634146343,20.121951219512198,63.41463414634146,51.829268292682926,11.585365853658537
E00106311,112,39,15,24,73,67,6,34.82142857142857,13.392857142857142,21.428571428571427,65.17857142857143,59.82142857142857,5.357142857142857
E00106312,143,54,22,32,89,69,20,37.76223776223776,15.384615384615385,22.377622377622377,62.23776223776224,48.25174825174825,13.986013986013987
E00106313,99,41,21,20,58,35,23,41.41414141414141,21.21212121212121,20.2020202020202,58.58585858585859,35.35353535353536,23.232323232323232
E00106314,103,42,18,24,61,47,14,40.77669902912621,17.475728155339805,23.300970873786408,59.22330097087378,45.63106796116505,13.592233009708737
E00106315,150,50,11,39,100,86,14,33.33333333333333,7.333333333333333,26,66.66666666666666,57.333333333333336,9.333333333333334
E00106316,134,42,14,28,92,81,11,31.343283582089555,10.44776119402985,20.8955223880597,68.65671641791045,60.447761194029844,8.208955223880597
E00106317,124,35,15,20,89,81,8,28.225806451612907,12.096774193548388,16.129032258064516,71.7741935483871,65.32258064516128,6.451612903225806
E00106318,129,52,22,30,77,63,14,40.310077519379846,17.05426356589147,23.25581395348837,59.68992248062015,48.837209302325576,10.852713178294573
E00106319,148,60,19,41,88,74,14,40.54054054054054,12.837837837837837,27.7027027027027,59.45945945945946,50,9.45945945945946
E00106320,156,62,13,49,94,88,6,39.743589743589745,8.333333333333332,31.41025641025641,60.256410256410255,56.41025641025641,3.8461538461538463
E00106321,155,55,17,38,100,87,13,35.483870967741936,10.967741935483872,24.516129032258064,64.51612903225806,56.12903225806451,8.38709677419355
E00106322,149,60,16,44,89,81,8,40.26845637583892,10.738255033557047,29.53020134228188,59.73154362416108,54.36241610738255,5.369127516778524
E00106323,130,38,14,24,92,85,7,29.230769230769234,10.76923076923077,18.461538461538463,70.76923076923077,65.38461538461539,5.384615384615385
E00106324,95,37,12,25,58,51,7,38.94736842105263,12.631578947368421,26.31578947368421,61.05263157894737,53.68421052631579,7.368421052631578
E00106325,182,52,20,32,130,112,18,28.57142857142857,10.989010989010989,17.582417582417584,71.42857142857143,61.53846153846154,9.89010989010989
E00106326,92,12,5,7,80,76,4,13.043478260869565,5.434782608695652,7.608695652173914,86.95652173913044,82.6086956521739,4.3478260869565215
E00106327,77,16,5,11,61,53,8,20.77922077922078,6.493506493506493,14.285714285714285,79.22077922077922,68.83116883116884,10.38961038961039
E00106328,119,39,13,26,80,73,7,32.773109243697476,10.92436974789916,21.84873949579832,67.22689075630252,61.34453781512605,5.88235294117647
E00106329,64,23,10,13,41,35,6,35.9375,15.625,20.3125,64.0625,54.6875,9.375
E00106330,110,32,13,19,78,64,14,29.09090909090909,11.818181818181818,17.272727272727273,70.9090909090909,58.18181818181818,12.727272727272727
E00106331,76,34,15,19,42,34,8,44.73684210526316,19.736842105263158,25,55.26315789473685,44.73684210526316,10.526315789473683
E00106332,95,39,15,24,56,50,6,41.05263157894737,15.789473684210526,25.263157894736842,58.94736842105262,52.63157894736842,6.315789473684211
E00106333,115,44,15,29,71,54,17,38.26086956521739,13.043478260869565,25.217391304347824,61.73913043478261,46.95652173913044,14.782608695652174
E00106334,180,57,21,36,123,111,12,31.666666666666664,11.666666666666666,20,68.33333333333333,61.66666666666667,6.666666666666667
E00106335,73,26,9,17,47,37,10,35.61643835616438,12.32876712328767,23.28767123287671,64.38356164383562,50.68493150684932,13.698630136986301
E00106336,131,39,17,22,92,74,18,29.770992366412212,12.977099236641221,16.793893129770993,70.22900763358778,56.48854961832062,13.740458015267176
E00106337,139,43,14,29,96,86,10,30.935251798561154,10.071942446043165,20.863309352517987,69.06474820143885,61.87050359712231,7.1942446043165464
E00106338,83,29,9,20,54,48,6,34.93975903614458,10.843373493975903,24.096385542168676,65.06024096385542,57.831325301204814,7.228915662650602
E00106339,89,44,19,25,45,32,13,49.43820224719101,21.34831460674157,28.08988764044944,50.56179775280899,35.95505617977528,14.606741573033707
E00106340,139,60,21,39,79,68,11,43.16546762589928,15.107913669064748,28.05755395683453,56.83453237410072,48.92086330935252,7.913669064748201
E00106341,80,28,12,16,52,45,7,35,15,20,65,56.25,8.75
E00106342,113,49,25,24,64,53,11,43.36283185840708,22.123893805309734,21.238938053097346,56.63716814159292,46.902654867256636,9.734513274336283
E00106343,109,48,22,26,61,48,13,44.03669724770643,20.18348623853211,23.853211009174313,55.96330275229357,44.03669724770643,11.926605504587156
E00106344,126,40,17,23,86,73,13,31.746031746031743,13.492063492063492,18.253968253968253,68.25396825396825,57.936507936507944,10.317460317460316
E00106345,48,19,9,10,29,24,5,39.58333333333333,18.75,20.833333333333336,60.416666666666664,50,10.416666666666668
E00106346,128,48,17,31,80,66,14,37.5,13.28125,24.21875,62.5,51.5625,10.9375
E00106347,116,43,14,29,73,53,20,37.06896551724138,12.068965517241379,25,62.93103448275862,45.689655172413794,17.24137931034483
E00106348,122,43,19,24,79,61,18,35.24590163934426,15.573770491803279,19.672131147540984,64.75409836065575,50,14.754098360655737
E00106349,101,36,15,21,65,52,13,35.64356435643564,14.85148514851485,20.792079207920793,64.35643564356435,51.48514851485149,12.871287128712872
E00106350,108,44,19,25,64,47,17,40.74074074074074,17.59259259259259,23.14814814814815,59.25925925925925,43.51851851851852,15.74074074074074
E00106351,129,44,18,26,85,63,22,34.10852713178294,13.953488372093023,20.155038759689923,65.89147286821705,48.837209302325576,17.05426356589147
E00106352,152,53,15,38,99,87,12,34.868421052631575,9.868421052631579,25,65.13157894736842,57.23684210526315,7.894736842105263
E00106353,130,45,22,23,85,80,5,34.61538461538461,16.923076923076923,17.692307692307693,65.38461538461539,61.53846153846154,3.8461538461538463
E00106354,120,40,14,26,80,64,16,33.33333333333333,11.666666666666666,21.666666666666668,66.66666666666666,53.333333333333336,13.333333333333334
E00106355,59,19,7,12,40,34,6,32.20338983050847,11.864406779661017,20.33898305084746,67.79661016949152,57.6271186440678,10.16949152542373
E00106356,165,54,14,40,111,94,17,32.72727272727273,8.484848484848486,24.242424242424242,67.27272727272727,56.96969696969697,10.303030303030303
E00106357,90,42,15,27,48,43,5,46.666666666666664,16.666666666666664,30,53.333333333333336,47.77777777777778,5.555555555555555
E00106358,139,46,13,33,93,84,9,33.093525179856115,9.352517985611511,23.741007194244602,66.90647482014388,60.431654676258994,6.474820143884892
E00106359,163,35,8,27,128,104,24,21.472392638036812,4.9079754601226995,16.56441717791411,78.52760736196319,63.80368098159509,14.723926380368098
E00106360,87,34,12,22,53,50,3,39.08045977011494,13.793103448275861,25.287356321839084,60.91954022988506,57.47126436781609,3.4482758620689653
E00106361,143,52,16,36,91,81,10,36.36363636363637,11.188811188811188,25.174825174825177,63.63636363636363,56.64335664335665,6.993006993006993
E00106362,130,53,18,35,77,65,12,40.76923076923077,13.846153846153847,26.923076923076923,59.23076923076923,50,9.230769230769232
E00106363,142,45,11,34,97,82,15,31.690140845070424,7.746478873239436,23.943661971830984,68.30985915492957,57.74647887323944,10.56338028169014
E00106364,169,54,19,35,115,102,13,31.952662721893493,11.242603550295858,20.710059171597635,68.04733727810651,60.35502958579882,7.6923076923076925
E00106365,147,53,21,32,94,82,12,36.054421768707485,14.285714285714285,21.768707482993197,63.94557823129252,55.78231292517006,8.16326530612245
E00106366,150,47,9,38,103,89,14,31.333333333333336,6,25.333333333333336,68.66666666666667,59.333333333333336,9.333333333333334
E00106367,167,59,14,45,108,84,24,35.32934131736527,8.383233532934131,26.94610778443114,64.67065868263472,50.29940119760479,14.37125748502994
E00106368,125,52,13,39,73,62,11,41.6,10.4,31.2,58.4,49.6,8.799999999999999
E00106369,199,65,23,42,134,116,18,32.663316582914575,11.557788944723619,21.105527638190953,67.33668341708542,58.291457286432156,9.045226130653267
E00106370,175,58,21,37,117,100,17,33.14285714285714,12,21.142857142857142,66.85714285714286,57.14285714285714,9.714285714285714
E00106371,183,60,20,40,123,110,13,32.78688524590164,10.92896174863388,21.85792349726776,67.21311475409836,60.10928961748634,7.103825136612022
E00106372,164,49,23,26,115,98,17,29.878048780487802,14.02439024390244,15.853658536585366,70.1219512195122,59.756097560975604,10.365853658536585
E00106373,56,19,6,13,37,35,2,33.92857142857143,10.714285714285714,23.214285714285715,66.07142857142857,62.5,3.571428571428571
E00106374,94,41,12,29,53,49,4,43.61702127659575,12.76595744680851,30.851063829787233,56.38297872340425,52.12765957446809,4.25531914893617
E00106375,51,25,13,12,26,17,9,49.01960784313725,25.49019607843137,23.52941176470588,50.98039215686274,33.33333333333333,17.647058823529413
E00106376,153,58,18,40,95,84,11,37.908496732026144,11.76470588235294,26.143790849673206,62.091503267973856,54.90196078431373,7.18954248366013
E00106377,97,35,9,26,62,55,7,36.08247422680412,9.278350515463918,26.804123711340207,63.91752577319587,56.70103092783505,7.216494845360824
E00106378,58,24,12,12,34,33,1,41.37931034482759,20.689655172413794,20.689655172413794,58.620689655172406,56.896551724137936,1.7241379310344827
E00106379,153,61,29,32,92,83,9,39.869281045751634,18.954248366013072,20.915032679738562,60.130718954248366,54.248366013071895,5.88235294117647
E00106380,150,50,19,31,100,95,5,33.33333333333333,12.666666666666668,20.666666666666668,66.66666666666666,63.33333333333333,3.3333333333333335
E00106381,149,44,13,31,105,94,11,29.53020134228188,8.724832214765101,20.80536912751678,70.46979865771812,63.08724832214765,7.38255033557047
E00106382,86,35,9,26,51,46,5,40.69767441860465,10.465116279069768,30.23255813953488,59.30232558139535,53.48837209302325,5.813953488372093
E00106383,158,67,22,45,91,80,11,42.405063291139236,13.924050632911392,28.48101265822785,57.59493670886076,50.63291139240506,6.962025316455696
E00106384,137,53,18,35,84,67,17,38.68613138686132,13.138686131386862,25.547445255474454,61.31386861313869,48.9051094890511,12.408759124087592
E00106385,165,67,23,44,98,86,12,40.60606060606061,13.939393939393941,26.666666666666668,59.3939393939394,52.121212121212125,7.2727272727272725
E00106386,146,50,20,30,96,79,17,34.24657534246575,13.698630136986301,20.54794520547945,65.75342465753424,54.109589041095894,11.643835616438356
E00106387,192,51,19,32,141,114,27,26.5625,9.895833333333332,16.666666666666664,73.4375,59.375,14.0625
E00106388,104,27,6,21,77,63,14,25.961538461538463,5.769230769230769,20.192307692307693,74.03846153846155,60.57692307692307,13.461538461538462
E00106389,130,46,20,26,84,74,10,35.38461538461539,15.384615384615385,20,64.61538461538461,56.92307692307692,7.6923076923076925
E00106390,153,44,14,30,109,95,14,28.75816993464052,9.15032679738562,19.607843137254903,71.24183006535948,62.091503267973856,9.15032679738562
E00106391,120,46,16,30,74,67,7,38.333333333333336,13.333333333333334,25,61.66666666666667,55.833333333333336,5.833333333333333
E00106392,169,55,14,41,114,95,19,32.544378698224854,8.284023668639055,24.2603550295858,67.45562130177515,56.213017751479285,11.242603550295858
E00106393,156,49,12,37,107,85,22,31.41025641025641,7.6923076923076925,23.717948717948715,68.58974358974359,54.48717948717948,14.102564102564102
E00106394,161,66,33,33,95,79,16,40.993788819875775,20.496894409937887,20.496894409937887,59.006211180124225,49.06832298136646,9.937888198757763
E00106395,111,31,10,21,80,66,14,27.927927927927925,9.00900900900901,18.91891891891892,72.07207207207207,59.45945945945946,12.612612612612612
E00106396,137,47,15,32,90,81,9,34.306569343065696,10.948905109489052,23.357664233576642,65.69343065693431,59.12408759124088,6.569343065693431
E00106397,135,61,19,42,74,65,9,45.18518518518518,14.074074074074074,31.11111111111111,54.81481481481482,48.148148148148145,6.666666666666667
E00106398,129,36,15,21,93,82,11,27.906976744186046,11.627906976744185,16.27906976744186,72.09302325581395,63.565891472868216,8.527131782945736
E00106399,134,43,16,27,91,76,15,32.08955223880597,11.940298507462686,20.149253731343283,67.91044776119402,56.71641791044776,11.194029850746269
E00106401,138,52,21,31,86,73,13,37.68115942028986,15.217391304347828,22.463768115942027,62.31884057971014,52.89855072463768,9.420289855072465
E00106402,141,44,18,26,97,83,14,31.20567375886525,12.76595744680851,18.439716312056735,68.79432624113475,58.86524822695035,9.929078014184398
E00106403,183,64,15,49,119,97,22,34.97267759562842,8.19672131147541,26.775956284153008,65.02732240437157,53.00546448087432,12.021857923497267
E00106404,129,43,16,27,86,73,13,33.33333333333333,12.4031007751938,20.930232558139537,66.66666666666666,56.58914728682171,10.077519379844961
E00106405,101,31,15,16,70,65,5,30.693069306930692,14.85148514851485,15.841584158415841,69.3069306930693,64.35643564356435,4.9504950495049505
E00106406,157,51,13,38,106,89,17,32.48407643312102,8.280254777070063,24.203821656050955,67.51592356687898,56.68789808917197,10.828025477707007
E00106407,97,35,8,27,62,56,6,36.08247422680412,8.24742268041237,27.835051546391753,63.91752577319587,57.73195876288659,6.185567010309279
E00106408,93,31,7,24,62,53,9,33.33333333333333,7.526881720430108,25.806451612903224,66.66666666666666,56.98924731182796,9.67741935483871
E00106409,112,45,15,30,67,60,7,40.17857142857143,13.392857142857142,26.785714285714285,59.82142857142857,53.57142857142857,6.25
E00106410,114,43,16,27,71,62,9,37.719298245614034,14.035087719298245,23.684210526315788,62.28070175438597,54.385964912280706,7.894736842105263
E00106412,123,43,13,30,80,68,12,34.959349593495936,10.569105691056912,24.390243902439025,65.04065040650406,55.28455284552846,9.75609756097561
E00106413,97,32,10,22,65,54,11,32.98969072164948,10.309278350515463,22.68041237113402,67.0103092783505,55.670103092783506,11.34020618556701
E00106414,111,29,15,14,82,75,7,26.126126126126124,13.513513513513514,12.612612612612612,73.87387387387388,67.56756756756756,6.306306306306306
E00106415,80,30,15,15,50,42,8,37.5,18.75,18.75,62.5,52.5,10
E00106416,263,78,30,48,185,147,38,29.65779467680608,11.406844106463879,18.250950570342205,70.34220532319392,55.893536121673,14.44866920152091
E00106418,124,43,15,28,81,68,13,34.67741935483871,12.096774193548388,22.58064516129032,65.32258064516128,54.83870967741935,10.483870967741936
E00106419,87,37,10,27,50,45,5,42.5287356321839,11.494252873563218,31.03448275862069,57.47126436781609,51.724137931034484,5.747126436781609
E00106421,141,50,20,30,91,76,15,35.46099290780142,14.184397163120568,21.27659574468085,64.53900709219859,53.90070921985816,10.638297872340425
E00106422,73,23,8,15,50,45,5,31.506849315068493,10.95890410958904,20.54794520547945,68.4931506849315,61.64383561643836,6.8493150684931505
E00106423,124,30,12,18,94,82,12,24.193548387096776,9.67741935483871,14.516129032258066,75.80645161290323,66.12903225806451,9.67741935483871
E00106424,170,45,22,23,125,109,16,26.47058823529412,12.941176470588237,13.529411764705882,73.52941176470588,64.11764705882354,9.411764705882353
E00106425,126,44,18,26,82,67,15,34.92063492063492,14.285714285714285,20.634920634920633,65.07936507936508,53.17460317460318,11.904761904761903
E00106426,140,39,13,26,101,86,15,27.857142857142858,9.285714285714286,18.571428571428573,72.14285714285714,61.42857142857143,10.714285714285714
E00106427,106,18,7,11,88,77,11,16.9811320754717,6.60377358490566,10.377358490566039,83.01886792452831,72.64150943396226,10.377358490566039
E00106428,129,34,9,25,95,84,11,26.356589147286826,6.976744186046512,19.379844961240313,73.64341085271317,65.11627906976744,8.527131782945736
E00106429,157,52,20,32,105,91,14,33.12101910828025,12.738853503184714,20.382165605095544,66.87898089171973,57.961783439490446,8.9171974522293
E00106430,114,32,15,17,82,72,10,28.07017543859649,13.157894736842104,14.912280701754385,71.9298245614035,63.1578947368421,8.771929824561402
E00106431,83,17,5,12,66,62,4,20.481927710843372,6.024096385542169,14.457831325301203,79.51807228915662,74.69879518072288,4.819277108433735
E00106432,98,28,9,19,70,63,7,28.57142857142857,9.183673469387756,19.387755102040817,71.42857142857143,64.28571428571429,7.142857142857142
E00106433,108,38,19,19,70,62,8,35.18518518518518,17.59259259259259,17.59259259259259,64.81481481481481,57.407407407407405,7.4074074074074066
E00106434,110,35,18,17,75,65,10,31.818181818181817,16.363636363636363,15.454545454545453,68.18181818181817,59.09090909090909,9.090909090909092
E00106435,145,41,8,33,104,92,12,28.27586206896552,5.517241379310345,22.758620689655174,71.72413793103448,63.44827586206897,8.275862068965518
E00106436,132,36,8,28,96,88,8,27.27272727272727,6.0606060606060606,21.21212121212121,72.72727272727273,66.66666666666666,6.0606060606060606
E00106437,117,30,12,18,87,75,12,25.64102564102564,10.256410256410255,15.384615384615385,74.35897435897436,64.1025641025641,10.256410256410255
E00106438,97,25,9,16,72,61,11,25.773195876288657,9.278350515463918,16.49484536082474,74.22680412371135,62.88659793814433,11.34020618556701
E00106439,116,35,12,23,81,69,12,30.17241379310345,10.344827586206897,19.82758620689655,69.82758620689656,59.48275862068966,10.344827586206897
E00106440,32,14,7,7,18,17,1,43.75,21.875,21.875,56.25,53.125,3.125
E00106441,215,59,25,34,156,135,21,27.44186046511628,11.627906976744185,15.813953488372093,72.55813953488372,62.7906976744186,9.767441860465116
E00106442,126,34,11,23,92,79,13,26.984126984126984,8.73015873015873,18.253968253968253,73.01587301587301,62.698412698412696,10.317460317460316
E00106443,192,42,12,30,150,131,19,21.875,6.25,15.625,78.125,68.22916666666666,9.895833333333332
E00106444,132,37,12,25,95,82,13,28.030303030303028,9.090909090909092,18.939393939393938,71.96969696969697,62.121212121212125,9.848484848484848
E00106445,75,35,11,24,40,40,0,46.666666666666664,14.666666666666666,32,53.333333333333336,53.333333333333336,0
E00106446,111,37,15,22,74,61,13,33.33333333333333,13.513513513513514,19.81981981981982,66.66666666666666,54.95495495495496,11.711711711711711
E00106447,76,26,12,14,50,45,5,34.21052631578947,15.789473684210526,18.421052631578945,65.78947368421053,59.210526315789465,6.578947368421052
E00106448,128,52,20,32,76,64,12,40.625,15.625,25,59.375,50,9.375
E00106449,135,37,9,28,98,88,10,27.40740740740741,6.666666666666667,20.74074074074074,72.5925925925926,65.18518518518519,7.4074074074074066
E00106450,105,33,12,21,72,59,13,31.428571428571427,11.428571428571429,20,68.57142857142857,56.19047619047619,12.380952380952381
E00106451,123,42,20,22,81,67,14,34.146341463414636,16.260162601626014,17.88617886178862,65.85365853658537,54.47154471544715,11.38211382113821
E00106453,153,56,20,36,97,76,21,36.60130718954248,13.071895424836603,23.52941176470588,63.39869281045751,49.673202614379086,13.725490196078432
E00106454,178,51,17,34,127,106,21,28.651685393258425,9.550561797752808,19.101123595505616,71.34831460674157,59.55056179775281,11.797752808988763
E00106455,154,50,18,32,104,84,20,32.467532467532465,11.688311688311687,20.77922077922078,67.53246753246754,54.54545454545454,12.987012987012985
E00106456,157,67,30,37,90,71,19,42.675159235668794,19.10828025477707,23.56687898089172,57.324840764331206,45.22292993630573,12.101910828025478
E00106457,60,19,10,9,41,35,6,31.666666666666664,16.666666666666664,15,68.33333333333333,58.333333333333336,10
E00106458,130,36,21,15,94,79,15,27.692307692307693,16.153846153846153,11.538461538461538,72.3076923076923,60.76923076923077,11.538461538461538
E00106459,71,19,6,13,52,42,10,26.76056338028169,8.450704225352112,18.30985915492958,73.23943661971832,59.154929577464785,14.084507042253522
E00167639,120,43,16,27,77,63,14,35.833333333333336,13.333333333333334,22.5,64.16666666666667,52.5,11.666666666666666
E00167640,132,44,12,32,88,75,13,33.33333333333333,9.090909090909092,24.242424242424242,66.66666666666666,56.81818181818182,9.848484848484848
E00167641,216,77,23,54,139,124,15,35.648148148148145,10.648148148148149,25,64.35185185185185,57.407407407407405,6.944444444444445
E00167642,84,33,8,25,51,43,8,39.285714285714285,9.523809523809524,29.761904761904763,60.71428571428571,51.19047619047619,9.523809523809524
E00167643,27,6,0,6,21,19,2,22.22222222222222,0,22.22222222222222,77.77777777777779,70.37037037037037,7.4074074074074066
E00167644,50,20,9,11,30,26,4,40,18,22,60,52,8
E00167645,72,30,7,23,42,39,3,41.66666666666667,9.722222222222223,31.944444444444443,58.333333333333336,54.166666666666664,4.166666666666666
E00167646,109,36,15,21,73,51,22,33.02752293577982,13.761467889908257,19.26605504587156,66.97247706422019,46.788990825688074,20.18348623853211
E00167647,58,28,12,16,30,25,5,48.275862068965516,20.689655172413794,27.586206896551722,51.724137931034484,43.103448275862064,8.620689655172415
E00167648,105,40,8,32,65,56,9,38.095238095238095,7.6190476190476195,30.476190476190478,61.904761904761905,53.333333333333336,8.571428571428571
E00167649,127,47,15,32,80,66,14,37.00787401574803,11.811023622047244,25.196850393700785,62.99212598425197,51.96850393700787,11.023622047244094
E00167650,64,19,7,12,45,38,7,29.6875,10.9375,18.75,70.3125,59.375,10.9375
E00167651,82,19,0,19,63,55,8,23.170731707317074,0,23.170731707317074,76.82926829268293,67.07317073170732,9.75609756097561
E00167652,104,33,6,27,71,60,11,31.73076923076923,5.769230769230769,25.961538461538463,68.26923076923077,57.692307692307686,10.576923076923077
E00167653,81,28,12,16,53,38,15,34.5679012345679,14.814814814814813,19.753086419753085,65.4320987654321,46.913580246913575,18.51851851851852
E00167654,56,16,3,13,40,32,8,28.57142857142857,5.357142857142857,23.214285714285715,71.42857142857143,57.14285714285714,14.285714285714285
E00167655,114,36,13,23,78,62,16,31.57894736842105,11.403508771929824,20.175438596491226,68.42105263157895,54.385964912280706,14.035087719298245
E00167656,92,22,3,19,70,56,14,23.91304347826087,3.260869565217391,20.652173913043477,76.08695652173914,60.86956521739131,15.217391304347828
E00167657,80,19,7,12,61,55,6,23.75,8.75,15,76.25,68.75,7.5
E00167658,79,22,7,15,57,49,8,27.848101265822784,8.860759493670885,18.9873417721519,72.15189873417721,62.0253164556962,10.126582278481013
E00167659,52,17,7,10,35,26,9,32.69230769230769,13.461538461538462,19.230769230769234,67.3076923076923,50,17.307692307692307
E00167660,74,14,0,14,60,50,10,18.91891891891892,0,18.91891891891892,81.08108108108108,67.56756756756756,13.513513513513514
E00167661,149,53,10,43,96,84,12,35.57046979865772,6.7114093959731544,28.859060402684566,64.42953020134227,56.375838926174495,8.053691275167784
E00167662,112,32,11,21,80,74,6,28.57142857142857,9.821428571428571,18.75,71.42857142857143,66.07142857142857,5.357142857142857
E00167663,128,62,16,46,66,55,11,48.4375,12.5,35.9375,51.5625,42.96875,8.59375
E00167664,50,18,4,14,32,29,3,36,8,28.000000000000004,64,57.99999999999999,6
E00167665,145,51,19,32,94,83,11,35.172413793103445,13.10344827586207,22.06896551724138,64.82758620689654,57.24137931034483,7.586206896551724
E00167666,130,41,18,23,89,79,10,31.538461538461537,13.846153846153847,17.692307692307693,68.46153846153847,60.76923076923077,7.6923076923076925
E00167667,111,34,10,24,77,68,9,30.630630630630627,9.00900900900901,21.62162162162162,69.36936936936937,61.261261261261254,8.108108108108109
E00167668,130,56,26,30,74,63,11,43.07692307692308,20,23.076923076923077,56.92307692307692,48.46153846153846,8.461538461538462
E00167669,92,26,12,14,66,56,10,28.26086956521739,13.043478260869565,15.217391304347828,71.73913043478261,60.86956521739131,10.869565217391305
E00167670,79,25,8,17,54,48,6,31.645569620253166,10.126582278481013,21.518987341772153,68.35443037974683,60.75949367088608,7.59493670886076
E00167671,65,43,31,12,22,17,5,66.15384615384615,47.69230769230769,18.461538461538463,33.84615384615385,26.153846153846157,7.6923076923076925
E00167672,48,18,7,11,30,24,6,37.5,14.583333333333334,22.916666666666664,62.5,50,12.5
E00181205,114,42,12,30,72,50,22,36.84210526315789,10.526315789473683,26.31578947368421,63.1578947368421,43.859649122807014,19.298245614035086
E00181212,124,40,20,20,84,67,17,32.25806451612903,16.129032258064516,16.129032258064516,67.74193548387096,54.03225806451613,13.709677419354838
E00181220,80,23,8,15,57,45,12,28.749999999999996,10,18.75,71.25,56.25,15
E00181237,53,15,5,10,38,34,4,28.30188679245283,9.433962264150944,18.867924528301888,71.69811320754717,64.15094339622641,7.547169811320755
E00181240,159,52,15,37,107,90,17,32.70440251572327,9.433962264150944,23.270440251572328,67.29559748427673,56.60377358490566,10.69182389937107
E00181248,83,23,9,14,60,28,32,27.710843373493976,10.843373493975903,16.867469879518072,72.28915662650603,33.734939759036145,38.55421686746988
E00181249,87,34,13,21,53,48,5,39.08045977011494,14.942528735632186,24.137931034482758,60.91954022988506,55.172413793103445,5.747126436781609
