OA,ts0590001,ts0590002,ts0590003,ts0590004,ts0590005,ts0590006,ts0590007,ts0590002_PCT,ts0590003_PCT,ts0590004_PCT,ts0590005_PCT,ts0590006_PCT,ts0590007_PCT
E00154540,182,51,22,29,131,95,36,28.021978021978022,12.087912087912088,15.934065934065933,71.97802197802197,52.197802197802204,19.78021978021978
E00154541,174,64,22,42,110,86,24,36.7816091954023,12.643678160919542,24.137931034482758,63.2183908045977,49.42528735632184,13.793103448275861
E00154542,175,50,30,20,125,80,45,28.57142857142857,17.142857142857142,11.428571428571429,71.42857142857143,45.714285714285715,25.71428571428571
E00154543,173,59,22,37,114,83,31,34.104046242774565,12.716763005780345,21.38728323699422,65.89595375722543,47.97687861271676,17.91907514450867
E00154544,187,69,31,38,118,77,41,36.898395721925134,16.577540106951872,20.32085561497326,63.101604278074866,41.17647058823529,21.92513368983957
E00154545,176,47,15,32,129,110,19,26.704545454545453,8.522727272727272,18.181818181818183,73.29545454545455,62.5,10.795454545454545
E00154546,154,38,16,22,116,86,30,24.675324675324674,10.38961038961039,14.285714285714285,75.32467532467533,55.84415584415584,19.480519480519483
E00154547,144,43,15,28,101,81,20,29.86111111111111,10.416666666666668,19.444444444444446,70.13888888888889,56.25,13.88888888888889
E00154548,169,47,19,28,122,90,32,27.810650887573964,11.242603550295858,16.56804733727811,72.18934911242604,53.25443786982249,18.93491124260355
E00154549,144,35,12,23,109,81,28,24.305555555555554,8.333333333333332,15.972222222222221,75.69444444444444,56.25,19.444444444444446
E00154550,145,48,20,28,97,68,29,33.10344827586207,13.793103448275861,19.310344827586206,66.89655172413794,46.89655172413793,20
E00154551,196,47,26,21,149,102,47,23.97959183673469,13.26530612244898,10.714285714285714,76.0204081632653,52.04081632653062,23.97959183673469
E00154552,176,48,17,31,128,95,33,27.27272727272727,9.659090909090908,17.613636363636363,72.72727272727273,53.97727272727273,18.75
E00154553,198,71,32,39,127,94,33,35.858585858585855,16.161616161616163,19.696969696969695,64.14141414141415,47.474747474747474,16.666666666666664
E00154554,153,41,20,21,112,79,33,26.797385620915033,13.071895424836603,13.725490196078432,73.20261437908496,51.633986928104584,21.568627450980394
E00154555,170,41,14,27,129,107,22,24.11764705882353,8.235294117647058,15.88235294117647,75.88235294117646,62.94117647058823,12.941176470588237
E00154556,161,51,26,25,110,82,28,31.67701863354037,16.149068322981368,15.527950310559005,68.32298136645963,50.931677018633536,17.391304347826086
E00154557,163,52,23,29,111,74,37,31.901840490797547,14.11042944785276,17.791411042944784,68.09815950920245,45.39877300613497,22.699386503067483
E00154558,139,42,21,21,97,78,19,30.215827338129497,15.107913669064748,15.107913669064748,69.7841726618705,56.11510791366906,13.66906474820144
E00154559,61,17,7,10,44,31,13,27.86885245901639,11.475409836065573,16.39344262295082,72.1311475409836,50.81967213114754,21.311475409836063
E00154560,159,51,26,25,108,77,31,32.075471698113205,16.352201257861633,15.723270440251572,67.9245283018868,48.42767295597484,19.49685534591195
E00154561,138,43,15,28,95,60,35,31.15942028985507,10.869565217391305,20.28985507246377,68.84057971014492,43.47826086956522,25.36231884057971
E00154563,130,43,23,20,87,65,22,33.07692307692307,17.692307692307693,15.384615384615385,66.92307692307692,50,16.923076923076923
E00154564,114,34,16,18,80,49,31,29.82456140350877,14.035087719298245,15.789473684210526,70.17543859649122,42.98245614035088,27.192982456140353
E00154565,117,34,18,16,83,49,34,29.059829059829063,15.384615384615385,13.675213675213676,70.94017094017094,41.88034188034188,29.059829059829063
E00154566,154,36,7,29,118,95,23,23.376623376623375,4.545454545454546,18.83116883116883,76.62337662337663,61.68831168831169,14.935064935064934
E00154567,22,8,2,6,14,13,1,36.36363636363637,9.090909090909092,27.27272727272727,63.63636363636363,59.09090909090909,4.545454545454546
E00154568,109,30,13,17,79,52,27,27.522935779816514,11.926605504587156,15.59633027522936,72.47706422018348,47.706422018348626,24.770642201834864
E00154569,115,32,16,16,83,47,36,27.82608695652174,13.91304347826087,13.91304347826087,72.17391304347827,40.869565217391305,31.30434782608696
E00154570,133,41,21,20,92,51,41,30.82706766917293,15.789473684210526,15.037593984962406,69.17293233082707,38.34586466165413,30.82706766917293
E00154571,134,33,16,17,101,76,25,24.62686567164179,11.940298507462686,12.686567164179104,75.3731343283582,56.71641791044776,18.65671641791045
E00154572,142,35,16,19,107,66,41,24.647887323943664,11.267605633802818,13.380281690140844,75.35211267605634,46.478873239436616,28.87323943661972
E00154573,208,55,24,31,153,84,69,26.442307692307693,11.538461538461538,14.903846153846153,73.5576923076923,40.38461538461539,33.17307692307692
E00154574,115,28,12,16,87,57,30,24.347826086956523,10.434782608695652,13.91304347826087,75.65217391304347,49.56521739130435,26.08695652173913
E00154575,221,65,30,35,156,106,50,29.411764705882355,13.574660633484163,15.837104072398189,70.58823529411765,47.963800904977376,22.624434389140273
E00154576,138,40,18,22,98,68,30,28.985507246376812,13.043478260869565,15.942028985507244,71.01449275362319,49.275362318840585,21.73913043478261
E00154577,135,46,17,29,89,72,17,34.074074074074076,12.592592592592592,21.48148148148148,65.92592592592592,53.333333333333336,12.592592592592592
E00154578,153,56,25,31,97,75,22,36.60130718954248,16.33986928104575,20.26143790849673,63.39869281045751,49.01960784313725,14.37908496732026
E00154579,153,59,24,35,94,80,14,38.56209150326798,15.686274509803921,22.875816993464053,61.43790849673203,52.28758169934641,9.15032679738562
E00154580,147,53,30,23,94,56,38,36.054421768707485,20.408163265306122,15.646258503401361,63.94557823129252,38.095238095238095,25.850340136054424
E00154581,147,41,15,26,106,81,25,27.89115646258503,10.204081632653061,17.687074829931973,72.10884353741497,55.10204081632652,17.006802721088434
E00154582,127,32,15,17,95,47,48,25.196850393700785,11.811023622047244,13.385826771653544,74.80314960629921,37.00787401574803,37.79527559055118
E00154583,180,44,26,18,136,71,65,24.444444444444443,14.444444444444443,10,75.55555555555556,39.44444444444444,36.11111111111111
E00154584,159,47,20,27,112,62,50,29.559748427672954,12.578616352201259,16.9811320754717,70.44025157232704,38.9937106918239,31.446540880503143
E00154585,181,59,23,36,122,109,13,32.59668508287293,12.70718232044199,19.88950276243094,67.40331491712708,60.22099447513812,7.18232044198895
E00154586,172,58,18,40,114,96,18,33.72093023255814,10.465116279069768,23.25581395348837,66.27906976744185,55.81395348837209,10.465116279069768
E00154587,139,37,21,16,102,44,58,26.618705035971225,15.107913669064748,11.510791366906476,73.38129496402878,31.654676258992804,41.726618705035975
E00154588,153,53,26,27,100,47,53,34.64052287581699,16.99346405228758,17.647058823529413,65.359477124183,30.718954248366014,34.64052287581699
E00154589,151,47,15,32,104,81,23,31.125827814569533,9.933774834437086,21.192052980132452,68.87417218543047,53.64238410596026,15.2317880794702
E00154590,84,38,13,25,46,39,7,45.23809523809524,15.476190476190476,29.761904761904763,54.761904761904766,46.42857142857143,8.333333333333332
E00154591,155,46,29,17,109,68,41,29.677419354838708,18.70967741935484,10.967741935483872,70.3225806451613,43.87096774193549,26.451612903225808
E00154592,159,56,17,39,103,85,18,35.22012578616352,10.69182389937107,24.528301886792452,64.77987421383648,53.459119496855344,11.320754716981133
E00154593,181,59,19,40,122,101,21,32.59668508287293,10.497237569060774,22.099447513812155,67.40331491712708,55.80110497237569,11.602209944751381
E00154594,186,50,23,27,136,87,49,26.881720430107524,12.365591397849462,14.516129032258066,73.11827956989248,46.774193548387096,26.344086021505376
E00154595,212,42,18,24,170,113,57,19.81132075471698,8.49056603773585,11.320754716981133,80.18867924528303,53.301886792452834,26.88679245283019
E00154596,167,42,25,17,125,83,42,25.149700598802394,14.97005988023952,10.179640718562874,74.8502994011976,49.700598802395206,25.149700598802394
E00154597,122,35,13,22,87,57,30,28.688524590163933,10.655737704918032,18.0327868852459,71.31147540983606,46.72131147540984,24.59016393442623
E00154598,212,53,17,36,159,135,24,25,8.018867924528301,16.9811320754717,75,63.67924528301887,11.320754716981133
E00154599,159,55,26,29,104,60,44,34.59119496855346,16.352201257861633,18.238993710691823,65.40880503144653,37.735849056603776,27.67295597484277
E00154600,141,46,25,21,95,60,35,32.62411347517731,17.73049645390071,14.893617021276595,67.37588652482269,42.5531914893617,24.822695035460992
E00154601,163,54,25,29,109,66,43,33.12883435582822,15.337423312883436,17.791411042944784,66.87116564417178,40.49079754601227,26.380368098159508
E00154602,155,48,18,30,107,82,25,30.967741935483872,11.612903225806452,19.35483870967742,69.03225806451613,52.903225806451616,16.129032258064516
E00154603,255,74,28,46,181,141,40,29.01960784313726,10.980392156862745,18.03921568627451,70.98039215686275,55.294117647058826,15.686274509803921
E00154604,174,60,21,39,114,101,13,34.48275862068966,12.068965517241379,22.413793103448278,65.51724137931035,58.04597701149425,7.471264367816093
E00154605,148,36,22,14,112,83,29,24.324324324324326,14.864864864864865,9.45945945945946,75.67567567567568,56.08108108108109,19.594594594594593
E00154606,117,39,15,24,78,41,37,33.33333333333333,12.82051282051282,20.51282051282051,66.66666666666666,35.04273504273504,31.62393162393162
E00154607,160,40,20,20,120,90,30,25,12.5,12.5,75,56.25,18.75
E00154608,142,51,26,25,91,52,39,35.91549295774648,18.30985915492958,17.6056338028169,64.08450704225352,36.61971830985916,27.464788732394368
E00154609,130,43,20,23,87,49,38,33.07692307692307,15.384615384615385,17.692307692307693,66.92307692307692,37.69230769230769,29.230769230769234
E00154610,129,31,10,21,98,65,33,24.031007751937985,7.751937984496124,16.27906976744186,75.96899224806202,50.3875968992248,25.581395348837212
E00154611,106,30,11,19,76,37,39,28.30188679245283,10.377358490566039,17.92452830188679,71.69811320754717,34.90566037735849,36.79245283018868
E00154612,169,53,30,23,116,78,38,31.360946745562128,17.75147928994083,13.609467455621301,68.63905325443787,46.15384615384615,22.485207100591715
E00154613,178,53,26,27,125,77,48,29.775280898876407,14.606741573033707,15.168539325842698,70.2247191011236,43.258426966292134,26.96629213483146
E00154614,157,43,19,24,114,60,54,27.388535031847134,12.101910828025478,15.286624203821656,72.61146496815286,38.21656050955414,34.394904458598724
E00154615,149,49,19,30,100,90,10,32.88590604026846,12.751677852348994,20.13422818791946,67.11409395973155,60.40268456375839,6.7114093959731544
E00154616,233,44,17,27,189,160,29,18.88412017167382,7.296137339055794,11.587982832618025,81.11587982832617,68.6695278969957,12.446351931330472
E00154617,138,35,17,18,103,72,31,25.36231884057971,12.318840579710146,13.043478260869565,74.63768115942028,52.17391304347826,22.463768115942027
E00154618,164,45,18,27,119,96,23,27.439024390243905,10.975609756097562,16.463414634146343,72.5609756097561,58.536585365853654,14.02439024390244
E00154619,171,63,19,44,108,88,20,36.84210526315789,11.11111111111111,25.730994152046783,63.1578947368421,51.461988304093566,11.695906432748536
E00154620,183,46,18,28,137,107,30,25.136612021857925,9.836065573770492,15.300546448087433,74.86338797814209,58.46994535519126,16.39344262295082
E00154621,185,45,17,28,140,114,26,24.324324324324326,9.18918918918919,15.135135135135137,75.67567567567568,61.62162162162163,14.054054054054054
E00154622,157,31,10,21,126,91,35,19.745222929936308,6.369426751592357,13.375796178343949,80.2547770700637,57.961783439490446,22.29299363057325
E00154623,176,68,23,45,108,97,11,38.63636363636363,13.068181818181818,25.568181818181817,61.36363636363637,55.11363636363637,6.25
E00154624,183,43,16,27,140,115,25,23.497267759562842,8.743169398907105,14.754098360655737,76.50273224043715,62.841530054644814,13.661202185792352
E00154625,149,40,19,21,109,88,21,26.845637583892618,12.751677852348994,14.093959731543624,73.15436241610739,59.06040268456376,14.093959731543624
E00154626,222,64,25,39,158,131,27,28.82882882882883,11.26126126126126,17.56756756756757,71.17117117117117,59.009009009009006,12.162162162162163
E00154627,168,47,19,28,121,81,40,27.976190476190478,11.30952380952381,16.666666666666664,72.02380952380952,48.214285714285715,23.809523809523807
E00154628,160,47,20,27,113,95,18,29.375,12.5,16.875,70.625,59.375,11.25
E00154629,155,45,19,26,110,94,16,29.03225806451613,12.258064516129032,16.7741935483871,70.96774193548387,60.64516129032258,10.32258064516129
E00154630,257,66,24,42,191,162,29,25.680933852140075,9.33852140077821,16.342412451361866,74.31906614785993,63.035019455252915,11.284046692607005
E00154631,192,52,22,30,140,122,18,27.083333333333332,11.458333333333332,15.625,72.91666666666666,63.541666666666664,9.375
E00154633,168,37,15,22,131,94,37,22.023809523809522,8.928571428571429,13.095238095238097,77.97619047619048,55.952380952380956,22.023809523809522
E00154634,16,4,1,3,12,10,2,25,6.25,18.75,75,62.5,12.5
E00154635,157,49,17,32,108,77,31,31.210191082802545,10.828025477707007,20.382165605095544,68.78980891719745,49.044585987261144,19.745222929936308
E00154636,154,29,7,22,125,101,24,18.83116883116883,4.545454545454546,14.285714285714285,81.16883116883116,65.5844155844156,15.584415584415584
E00154637,163,53,30,23,110,52,58,32.515337423312886,18.404907975460123,14.11042944785276,67.48466257668711,31.901840490797547,35.58282208588957
E00154638,158,58,24,34,100,58,42,36.708860759493675,15.18987341772152,21.518987341772153,63.29113924050633,36.708860759493675,26.582278481012654
E00154639,134,33,15,18,101,78,23,24.62686567164179,11.194029850746269,13.432835820895523,75.3731343283582,58.2089552238806,17.16417910447761
E00154640,119,37,16,21,82,66,16,31.092436974789916,13.445378151260504,17.647058823529413,68.90756302521008,55.46218487394958,13.445378151260504
E00154641,192,63,23,40,129,110,19,32.8125,11.979166666666668,20.833333333333336,67.1875,57.291666666666664,9.895833333333332
E00154642,149,42,14,28,107,91,16,28.187919463087248,9.395973154362416,18.79194630872483,71.81208053691275,61.07382550335571,10.738255033557047
E00154643,156,46,19,27,110,86,24,29.48717948717949,12.179487179487179,17.307692307692307,70.51282051282051,55.12820512820513,15.384615384615385
E00154644,153,45,14,31,108,95,13,29.411764705882355,9.15032679738562,20.26143790849673,70.58823529411765,62.091503267973856,8.49673202614379
E00154645,226,58,20,38,168,146,22,25.663716814159294,8.849557522123893,16.8141592920354,74.33628318584071,64.60176991150442,9.734513274336283
E00154646,133,32,13,19,101,88,13,24.06015037593985,9.774436090225564,14.285714285714285,75.93984962406014,66.16541353383458,9.774436090225564
E00154647,152,41,17,24,111,60,51,26.973684210526315,11.18421052631579,15.789473684210526,73.02631578947368,39.473684210526315,33.55263157894737
E00154648,166,42,16,26,124,97,27,25.301204819277107,9.63855421686747,15.66265060240964,74.69879518072288,58.43373493975904,16.265060240963855
E00154649,170,55,20,35,115,95,20,32.35294117647059,11.76470588235294,20.588235294117645,67.64705882352942,55.88235294117647,11.76470588235294
E00154650,192,49,19,30,143,120,23,25.520833333333332,9.895833333333332,15.625,74.47916666666666,62.5,11.979166666666668
E00154651,177,64,28,36,113,97,16,36.15819209039548,15.819209039548024,20.33898305084746,63.84180790960452,54.80225988700565,9.03954802259887
E00154652,188,50,27,23,138,99,39,26.595744680851062,14.361702127659576,12.23404255319149,73.40425531914893,52.659574468085104,20.74468085106383
E00154653,134,38,13,25,96,53,43,28.35820895522388,9.701492537313433,18.65671641791045,71.64179104477611,39.55223880597015,32.08955223880597
E00154654,11,7,5,2,4,2,2,63.63636363636363,45.45454545454545,18.181818181818183,36.36363636363637,18.181818181818183,18.181818181818183
E00154655,187,55,19,36,132,93,39,29.411764705882355,10.16042780748663,19.25133689839572,70.58823529411765,49.73262032085562,20.855614973262032
E00154656,221,71,34,37,150,105,45,32.126696832579185,15.384615384615385,16.7420814479638,67.87330316742081,47.511312217194565,20.361990950226243
E00154657,203,53,22,31,150,105,45,26.108374384236456,10.83743842364532,15.270935960591133,73.89162561576354,51.724137931034484,22.167487684729064
E00154658,88,23,7,16,65,48,17,26.136363636363637,7.954545454545454,18.181818181818183,73.86363636363636,54.54545454545454,19.318181818181817
E00154659,199,48,21,27,151,119,32,24.120603015075375,10.552763819095476,13.5678391959799,75.87939698492463,59.798994974874375,16.08040201005025
E00154660,187,56,23,33,131,98,33,29.946524064171122,12.299465240641712,17.647058823529413,70.05347593582889,52.406417112299465,17.647058823529413
E00154661,222,64,26,38,158,118,40,28.82882882882883,11.711711711711711,17.117117117117118,71.17117117117117,53.153153153153156,18.01801801801802
E00154662,159,34,11,23,125,95,30,21.38364779874214,6.918238993710692,14.465408805031446,78.61635220125787,59.74842767295597,18.867924528301888
E00154663,169,50,24,26,119,86,33,29.585798816568047,14.201183431952662,15.384615384615385,70.41420118343196,50.887573964497044,19.526627218934912
E00154664,203,62,28,34,141,104,37,30.541871921182267,13.793103448275861,16.748768472906402,69.45812807881774,51.231527093596064,18.226600985221676
E00154667,164,46,20,26,118,101,17,28.04878048780488,12.195121951219512,15.853658536585366,71.95121951219512,61.58536585365854,10.365853658536585
E00154668,196,41,16,25,155,120,35,20.918367346938776,8.16326530612245,12.755102040816327,79.08163265306123,61.224489795918366,17.857142857142858
E00154669,127,44,29,15,83,67,16,34.645669291338585,22.83464566929134,11.811023622047244,65.35433070866141,52.75590551181102,12.598425196850393
E00154670,148,44,11,33,104,85,19,29.72972972972973,7.4324324324324325,22.2972972972973,70.27027027027027,57.432432432432435,12.837837837837837
E00154671,187,66,26,40,121,93,28,35.294117647058826,13.903743315508022,21.390374331550802,64.70588235294117,49.73262032085562,14.973262032085561
E00154672,177,42,15,27,135,96,39,23.728813559322035,8.47457627118644,15.254237288135593,76.27118644067797,54.23728813559322,22.033898305084744
E00154673,168,39,16,23,129,96,33,23.214285714285715,9.523809523809524,13.690476190476192,76.78571428571429,57.14285714285714,19.642857142857142
E00154674,147,49,18,31,98,76,22,33.33333333333333,12.244897959183673,21.08843537414966,66.66666666666666,51.70068027210885,14.965986394557824
E00154675,161,54,18,36,107,95,12,33.54037267080746,11.180124223602485,22.36024844720497,66.45962732919256,59.006211180124225,7.453416149068323
E00154676,176,65,29,36,111,91,20,36.93181818181818,16.477272727272727,20.454545454545457,63.06818181818182,51.70454545454546,11.363636363636363
E00154677,161,49,21,28,112,95,17,30.434782608695656,13.043478260869565,17.391304347826086,69.56521739130434,59.006211180124225,10.559006211180124
E00154678,84,22,10,12,62,46,16,26.190476190476193,11.904761904761903,14.285714285714285,73.80952380952381,54.761904761904766,19.047619047619047
E00154679,225,45,20,25,180,127,53,20,8.88888888888889,11.11111111111111,80,56.44444444444444,23.555555555555554
E00154680,204,51,18,33,153,117,36,25,8.823529411764707,16.176470588235293,75,57.35294117647059,17.647058823529413
E00154681,325,72,31,41,253,167,86,22.153846153846153,9.538461538461538,12.615384615384615,77.84615384615384,51.38461538461539,26.461538461538463
E00154682,144,43,20,23,101,77,24,29.86111111111111,13.88888888888889,15.972222222222221,70.13888888888889,53.47222222222222,16.666666666666664
E00154683,173,41,18,23,132,100,32,23.699421965317917,10.404624277456648,13.294797687861271,76.30057803468208,57.80346820809249,18.497109826589593
E00154684,204,37,18,19,167,127,40,18.137254901960784,8.823529411764707,9.313725490196079,81.86274509803921,62.254901960784316,19.607843137254903
E00154685,150,49,28,21,101,69,32,32.666666666666664,18.666666666666668,14.000000000000002,67.33333333333333,46,21.333333333333336
E00154686,159,52,26,26,107,81,26,32.70440251572327,16.352201257861633,16.352201257861633,67.29559748427673,50.943396226415096,16.352201257861633
E00154687,190,65,26,39,125,91,34,34.21052631578947,13.684210526315791,20.526315789473685,65.78947368421053,47.89473684210526,17.894736842105264
E00154688,206,59,29,30,147,116,31,28.640776699029125,14.077669902912621,14.563106796116504,71.35922330097088,56.310679611650485,15.048543689320388
E00154689,165,54,25,29,111,70,41,32.72727272727273,15.151515151515152,17.575757575757574,67.27272727272727,42.42424242424242,24.848484848484848
E00154690,147,39,16,23,108,84,24,26.53061224489796,10.884353741496598,15.646258503401361,73.46938775510205,57.14285714285714,16.3265306122449
E00154691,156,38,20,18,118,84,34,24.358974358974358,12.82051282051282,11.538461538461538,75.64102564102564,53.84615384615385,21.794871794871796
E00154692,254,70,27,43,184,143,41,27.559055118110237,10.62992125984252,16.92913385826772,72.44094488188976,56.2992125984252,16.141732283464567
E00154693,175,60,29,31,115,83,32,34.285714285714285,16.57142857142857,17.71428571428571,65.71428571428571,47.42857142857143,18.285714285714285
E00154694,173,41,17,24,132,100,32,23.699421965317917,9.826589595375722,13.872832369942195,76.30057803468208,57.80346820809249,18.497109826589593
E00154695,231,65,36,29,166,125,41,28.13852813852814,15.584415584415584,12.554112554112553,71.86147186147186,54.112554112554115,17.74891774891775
E00154696,168,34,12,22,134,106,28,20.238095238095237,7.142857142857142,13.095238095238097,79.76190476190477,63.095238095238095,16.666666666666664
E00154697,166,38,14,24,128,98,30,22.89156626506024,8.433734939759036,14.457831325301203,77.10843373493977,59.036144578313255,18.072289156626507
E00154698,143,51,19,32,92,68,24,35.66433566433567,13.286713286713287,22.377622377622377,64.33566433566433,47.55244755244755,16.783216783216783
E00154699,188,54,24,30,134,82,52,28.723404255319153,12.76595744680851,15.957446808510639,71.27659574468085,43.61702127659575,27.659574468085108
E00154700,172,50,24,26,122,88,34,29.069767441860467,13.953488372093023,15.11627906976744,70.93023255813954,51.162790697674424,19.767441860465116
E00154701,124,33,13,20,91,66,25,26.61290322580645,10.483870967741936,16.129032258064516,73.38709677419355,53.2258064516129,20.161290322580644
E00154702,190,52,17,35,138,108,30,27.368421052631582,8.947368421052632,18.421052631578945,72.63157894736842,56.84210526315789,15.789473684210526
E00154703,126,34,15,19,92,67,25,26.984126984126984,11.904761904761903,15.079365079365079,73.01587301587301,53.17460317460318,19.841269841269842
E00154704,212,75,33,42,137,108,29,35.37735849056604,15.566037735849056,19.81132075471698,64.62264150943396,50.943396226415096,13.679245283018867
E00154705,118,27,13,14,91,59,32,22.88135593220339,11.016949152542372,11.864406779661017,77.11864406779661,50,27.11864406779661
E00154706,122,32,13,19,90,65,25,26.229508196721312,10.655737704918032,15.573770491803279,73.77049180327869,53.278688524590166,20.491803278688526
E00154707,184,55,20,35,129,109,20,29.891304347826086,10.869565217391305,19.021739130434785,70.1086956521739,59.2391304347826,10.869565217391305
E00154708,167,57,25,32,110,92,18,34.13173652694611,14.97005988023952,19.16167664670659,65.86826347305389,55.08982035928144,10.778443113772456
E00154709,136,40,18,22,96,73,23,29.411764705882355,13.23529411764706,16.176470588235293,70.58823529411765,53.67647058823529,16.911764705882355
E00154710,159,55,24,31,104,86,18,34.59119496855346,15.09433962264151,19.49685534591195,65.40880503144653,54.088050314465406,11.320754716981133
E00154711,112,38,16,22,74,52,22,33.92857142857143,14.285714285714285,19.642857142857142,66.07142857142857,46.42857142857143,19.642857142857142
E00154712,145,46,16,30,99,87,12,31.724137931034484,11.03448275862069,20.689655172413794,68.27586206896552,60,8.275862068965518
E00154713,173,48,20,28,125,105,20,27.74566473988439,11.560693641618498,16.184971098265898,72.25433526011561,60.69364161849711,11.560693641618498
E00154714,134,37,19,18,97,85,12,27.611940298507463,14.17910447761194,13.432835820895523,72.38805970149254,63.43283582089553,8.955223880597014
E00154715,117,36,8,28,81,65,16,30.76923076923077,6.837606837606838,23.931623931623932,69.23076923076923,55.55555555555556,13.675213675213676
E00154716,175,61,25,36,114,94,20,34.85714285714286,14.285714285714285,20.57142857142857,65.14285714285715,53.714285714285715,11.428571428571429
E00154717,137,46,18,28,91,79,12,33.57664233576642,13.138686131386862,20.437956204379564,66.42335766423358,57.66423357664233,8.75912408759124
E00154718,168,58,22,36,110,92,18,34.523809523809526,13.095238095238097,21.428571428571427,65.47619047619048,54.761904761904766,10.714285714285714
E00154719,143,49,12,37,94,82,12,34.26573426573427,8.391608391608392,25.874125874125873,65.73426573426573,57.34265734265735,8.391608391608392
E00154720,207,56,17,39,151,121,30,27.053140096618357,8.212560386473431,18.84057971014493,72.94685990338165,58.454106280193244,14.492753623188406
E00154721,181,64,22,42,117,97,20,35.35911602209944,12.154696132596685,23.204419889502763,64.64088397790056,53.591160220994475,11.049723756906078
E00154722,149,46,20,26,103,81,22,30.87248322147651,13.422818791946309,17.449664429530202,69.12751677852349,54.36241610738255,14.76510067114094
E00154723,111,38,15,23,73,57,16,34.234234234234236,13.513513513513514,20.72072072072072,65.76576576576578,51.35135135135135,14.414414414414415
E00154724,201,44,16,28,157,127,30,21.890547263681594,7.960199004975125,13.930348258706468,78.1094527363184,63.18407960199005,14.925373134328357
E00154725,145,46,22,24,99,90,9,31.724137931034484,15.172413793103448,16.551724137931036,68.27586206896552,62.06896551724138,6.206896551724138
E00154726,138,46,22,24,92,78,14,33.33333333333333,15.942028985507244,17.391304347826086,66.66666666666666,56.52173913043478,10.144927536231885
E00154727,168,71,26,45,97,81,16,42.26190476190476,15.476190476190476,26.785714285714285,57.738095238095234,48.214285714285715,9.523809523809524
E00154728,166,54,23,31,112,90,22,32.53012048192771,13.855421686746988,18.67469879518072,67.46987951807229,54.21686746987952,13.253012048192772
E00154729,138,47,12,35,91,79,12,34.05797101449276,8.695652173913043,25.36231884057971,65.94202898550725,57.2463768115942,8.695652173913043
E00154730,148,49,20,29,99,85,14,33.108108108108105,13.513513513513514,19.594594594594593,66.8918918918919,57.432432432432435,9.45945945945946
E00154731,186,54,19,35,132,116,16,29.03225806451613,10.21505376344086,18.817204301075268,70.96774193548387,62.365591397849464,8.60215053763441
E00154732,176,55,13,42,121,99,22,31.25,7.386363636363637,23.863636363636363,68.75,56.25,12.5
E00154733,183,62,24,38,121,106,15,33.87978142076503,13.114754098360656,20.76502732240437,66.12021857923497,57.92349726775956,8.19672131147541
E00154734,225,74,21,53,151,132,19,32.88888888888889,9.333333333333334,23.555555555555554,67.11111111111111,58.666666666666664,8.444444444444445
E00154735,184,53,17,36,131,105,26,28.804347826086957,9.239130434782608,19.565217391304348,71.19565217391305,57.065217391304344,14.130434782608695
E00154736,178,63,22,41,115,96,19,35.39325842696629,12.359550561797752,23.03370786516854,64.60674157303372,53.93258426966292,10.674157303370785
E00154737,219,71,26,45,148,133,15,32.42009132420091,11.87214611872146,20.54794520547945,67.57990867579909,60.73059360730594,6.8493150684931505
E00154738,189,65,19,46,124,114,10,34.39153439153439,10.052910052910052,24.33862433862434,65.60846560846561,60.317460317460316,5.291005291005291
E00154739,111,41,16,25,70,62,8,36.93693693693694,14.414414414414415,22.52252252252252,63.06306306306306,55.85585585585585,7.207207207207207
E00154740,161,52,23,29,109,94,15,32.298136645962735,14.285714285714285,18.012422360248447,67.70186335403726,58.38509316770186,9.316770186335404
E00154741,93,21,5,16,72,61,11,22.58064516129032,5.376344086021505,17.20430107526882,77.41935483870968,65.59139784946237,11.827956989247312
E00154742,76,17,10,7,59,50,9,22.36842105263158,13.157894736842104,9.210526315789473,77.63157894736842,65.78947368421053,11.842105263157894
E00154743,158,50,13,37,108,92,16,31.645569620253166,8.227848101265822,23.417721518987342,68.35443037974683,58.22784810126582,10.126582278481013
E00154744,160,44,19,25,116,90,26,27.500000000000004,11.875,15.625,72.5,56.25,16.25
E00154745,183,61,22,39,122,100,22,33.33333333333333,12.021857923497267,21.311475409836063,66.66666666666666,54.644808743169406,12.021857923497267
E00154746,184,63,25,38,121,104,17,34.23913043478261,13.586956521739129,20.652173913043477,65.76086956521739,56.52173913043478,9.239130434782608
E00154747,128,40,14,26,88,76,12,31.25,10.9375,20.3125,68.75,59.375,9.375
E00154748,141,42,15,27,99,80,19,29.78723404255319,10.638297872340425,19.148936170212767,70.2127659574468,56.73758865248227,13.47517730496454
E00154749,159,44,14,30,115,85,30,27.67295597484277,8.80503144654088,18.867924528301888,72.32704402515722,53.459119496855344,18.867924528301888
E00154750,169,46,14,32,123,93,30,27.218934911242602,8.284023668639055,18.93491124260355,72.7810650887574,55.02958579881657,17.75147928994083
E00154751,142,37,15,22,105,82,23,26.056338028169012,10.56338028169014,15.492957746478872,73.94366197183099,57.74647887323944,16.19718309859155
E00154752,151,39,15,24,112,68,44,25.82781456953642,9.933774834437086,15.894039735099339,74.17218543046357,45.033112582781456,29.13907284768212
E00154753,112,36,13,23,76,62,14,32.142857142857146,11.607142857142858,20.535714285714285,67.85714285714286,55.35714285714286,12.5
E00154754,151,49,18,31,102,73,29,32.450331125827816,11.920529801324504,20.52980132450331,67.54966887417218,48.34437086092716,19.205298013245034
E00154755,106,32,17,15,74,57,17,30.18867924528302,16.037735849056602,14.150943396226415,69.81132075471697,53.77358490566038,16.037735849056602
E00154757,178,55,25,30,123,87,36,30.89887640449438,14.04494382022472,16.853932584269664,69.10112359550563,48.87640449438202,20.224719101123593
E00154759,185,48,19,29,137,107,30,25.945945945945947,10.27027027027027,15.675675675675677,74.05405405405405,57.83783783783784,16.216216216216218
E00154760,197,54,22,32,143,90,53,27.411167512690355,11.16751269035533,16.243654822335024,72.58883248730965,45.68527918781726,26.903553299492383
E00154761,156,45,19,26,111,90,21,28.846153846153843,12.179487179487179,16.666666666666664,71.15384615384616,57.692307692307686,13.461538461538462
E00154762,155,39,12,27,116,92,24,25.161290322580644,7.741935483870968,17.419354838709676,74.83870967741936,59.354838709677416,15.483870967741936
E00154763,215,49,22,27,166,115,51,22.790697674418606,10.232558139534884,12.558139534883722,77.20930232558139,53.48837209302325,23.72093023255814
E00154764,135,35,16,19,100,63,37,25.925925925925924,11.851851851851853,14.074074074074074,74.07407407407408,46.666666666666664,27.40740740740741
E00154765,120,34,11,23,86,67,19,28.333333333333332,9.166666666666666,19.166666666666668,71.66666666666667,55.833333333333336,15.833333333333332
E00154766,152,50,16,34,102,73,29,32.89473684210527,10.526315789473683,22.36842105263158,67.10526315789474,48.026315789473685,19.078947368421055
E00154767,142,33,11,22,109,74,35,23.239436619718308,7.746478873239436,15.492957746478872,76.76056338028168,52.112676056338024,24.647887323943664
E00154768,163,48,18,30,115,79,36,29.447852760736197,11.042944785276074,18.404907975460123,70.5521472392638,48.466257668711656,22.085889570552148
E00154769,165,37,16,21,128,93,35,22.424242424242426,9.696969696969697,12.727272727272727,77.57575757575758,56.36363636363636,21.21212121212121
E00154770,168,49,28,21,119,59,60,29.166666666666668,16.666666666666664,12.5,70.83333333333334,35.11904761904761,35.714285714285715
E00154771,182,47,23,24,135,74,61,25.82417582417583,12.637362637362637,13.186813186813188,74.17582417582418,40.65934065934066,33.51648351648351
E00154772,161,47,22,25,114,75,39,29.19254658385093,13.664596273291925,15.527950310559005,70.80745341614907,46.58385093167702,24.22360248447205
E00154773,169,46,18,28,123,90,33,27.218934911242602,10.650887573964498,16.56804733727811,72.7810650887574,53.25443786982249,19.526627218934912
E00154774,196,59,13,46,137,98,39,30.102040816326532,6.63265306122449,23.46938775510204,69.89795918367348,50,19.897959183673468
E00154775,73,26,15,11,47,29,18,35.61643835616438,20.54794520547945,15.068493150684931,64.38356164383562,39.726027397260275,24.65753424657534
E00154776,215,59,27,32,156,95,61,27.44186046511628,12.558139534883722,14.883720930232558,72.55813953488372,44.18604651162791,28.37209302325581
E00154777,170,51,24,27,119,71,48,30,14.117647058823529,15.88235294117647,70,41.76470588235294,28.235294117647058
E00154778,138,47,27,20,91,61,30,34.05797101449276,19.565217391304348,14.492753623188406,65.94202898550725,44.20289855072464,21.73913043478261
E00154779,137,42,19,23,95,66,29,30.656934306569344,13.86861313868613,16.78832116788321,69.34306569343066,48.175182481751825,21.16788321167883
E00154780,128,38,14,24,90,53,37,29.6875,10.9375,18.75,70.3125,41.40625,28.90625
E00154781,153,43,23,20,110,61,49,28.104575163398692,15.032679738562091,13.071895424836603,71.89542483660131,39.869281045751634,32.02614379084967
E00154782,139,42,18,24,97,73,24,30.215827338129497,12.949640287769784,17.26618705035971,69.7841726618705,52.51798561151079,17.26618705035971
E00154783,139,43,16,27,96,75,21,30.935251798561154,11.510791366906476,19.424460431654676,69.06474820143885,53.956834532374096,15.107913669064748
E00154784,145,40,19,21,105,64,41,27.586206896551722,13.10344827586207,14.482758620689657,72.41379310344827,44.13793103448276,28.27586206896552
E00154785,187,56,25,31,131,83,48,29.946524064171122,13.368983957219251,16.577540106951872,70.05347593582889,44.38502673796791,25.668449197860966
E00154786,160,53,31,22,107,66,41,33.125,19.375,13.750000000000002,66.875,41.25,25.624999999999996
E00154787,158,45,28,17,113,66,47,28.48101265822785,17.72151898734177,10.759493670886076,71.51898734177216,41.77215189873418,29.746835443037973
E00154788,169,53,28,25,116,74,42,31.360946745562128,16.56804733727811,14.792899408284024,68.63905325443787,43.786982248520715,24.85207100591716
E00154789,256,60,24,36,196,157,39,23.4375,9.375,14.0625,76.5625,61.328125,15.234375
E00154790,153,36,15,21,117,69,48,23.52941176470588,9.803921568627452,13.725490196078432,76.47058823529412,45.09803921568628,31.372549019607842
E00154791,163,43,24,19,120,75,45,26.380368098159508,14.723926380368098,11.65644171779141,73.61963190184049,46.012269938650306,27.607361963190186
E00154792,206,46,21,25,160,122,38,22.330097087378643,10.194174757281553,12.135922330097088,77.66990291262135,59.22330097087378,18.446601941747574
E00154793,242,75,27,48,167,143,24,30.991735537190085,11.15702479338843,19.834710743801654,69.00826446280992,59.09090909090909,9.917355371900827
E00154794,174,47,25,22,127,76,51,27.011494252873565,14.367816091954023,12.643678160919542,72.98850574712644,43.67816091954023,29.310344827586203
E00154795,153,40,19,21,113,88,25,26.143790849673206,12.418300653594772,13.725490196078432,73.8562091503268,57.51633986928104,16.33986928104575
E00154796,190,45,14,31,145,115,30,23.684210526315788,7.368421052631578,16.315789473684212,76.31578947368422,60.526315789473685,15.789473684210526
E00154797,137,42,18,24,95,56,39,30.656934306569344,13.138686131386862,17.51824817518248,69.34306569343066,40.87591240875913,28.467153284671532
E00154798,119,36,13,23,83,67,16,30.252100840336134,10.92436974789916,19.327731092436977,69.74789915966386,56.30252100840336,13.445378151260504
E00154799,97,28,15,13,69,44,25,28.865979381443296,15.463917525773196,13.402061855670103,71.1340206185567,45.36082474226804,25.773195876288657
E00154800,190,36,13,23,154,126,28,18.947368421052634,6.842105263157896,12.105263157894736,81.05263157894737,66.3157894736842,14.736842105263156
E00154801,170,43,18,25,127,79,48,25.294117647058822,10.588235294117647,14.705882352941178,74.70588235294117,46.470588235294116,28.235294117647058
E00154802,159,36,12,24,123,92,31,22.641509433962266,7.547169811320755,15.09433962264151,77.35849056603774,57.861635220125784,19.49685534591195
E00154803,164,39,19,20,125,84,41,23.78048780487805,11.585365853658537,12.195121951219512,76.21951219512195,51.21951219512195,25
E00154804,182,31,14,17,151,106,45,17.032967032967033,7.6923076923076925,9.340659340659341,82.96703296703298,58.24175824175825,24.725274725274726
E00154805,141,45,21,24,96,70,26,31.914893617021278,14.893617021276595,17.02127659574468,68.08510638297872,49.645390070921984,18.439716312056735
E00154806,137,37,13,24,100,68,32,27.00729927007299,9.48905109489051,17.51824817518248,72.99270072992701,49.63503649635037,23.357664233576642
E00154807,157,48,24,24,109,70,39,30.573248407643312,15.286624203821656,15.286624203821656,69.42675159235668,44.5859872611465,24.840764331210192
E00154808,177,59,23,36,118,96,22,33.33333333333333,12.994350282485875,20.33898305084746,66.66666666666666,54.23728813559322,12.429378531073446
E00154809,182,46,23,23,136,94,42,25.274725274725274,12.637362637362637,12.637362637362637,74.72527472527473,51.64835164835166,23.076923076923077
E00154810,229,59,24,35,170,133,37,25.76419213973799,10.480349344978166,15.283842794759824,74.235807860262,58.07860262008734,16.157205240174672
E00154811,174,52,24,28,122,94,28,29.88505747126437,13.793103448275861,16.091954022988507,70.11494252873564,54.02298850574713,16.091954022988507
E00154812,153,42,19,23,111,84,27,27.450980392156865,12.418300653594772,15.032679738562091,72.54901960784314,54.90196078431373,17.647058823529413
E00154813,188,56,25,31,132,89,43,29.78723404255319,13.297872340425531,16.48936170212766,70.2127659574468,47.340425531914896,22.872340425531913
E00154814,135,41,14,27,94,67,27,30.37037037037037,10.37037037037037,20,69.62962962962963,49.629629629629626,20
E00154815,220,64,24,40,156,103,53,29.09090909090909,10.909090909090908,18.181818181818183,70.9090909090909,46.81818181818182,24.09090909090909
E00154816,173,56,24,32,117,78,39,32.369942196531795,13.872832369942195,18.497109826589593,67.63005780346822,45.08670520231214,22.54335260115607
E00154817,108,29,9,20,79,65,14,26.851851851851855,8.333333333333332,18.51851851851852,73.14814814814815,60.18518518518518,12.962962962962962
E00154818,184,53,18,35,131,104,27,28.804347826086957,9.782608695652174,19.021739130434785,71.19565217391305,56.52173913043478,14.673913043478262
E00154819,162,43,19,24,119,96,23,26.543209876543212,11.728395061728394,14.814814814814813,73.4567901234568,59.25925925925925,14.19753086419753
E00154820,182,45,20,25,137,94,43,24.725274725274726,10.989010989010989,13.736263736263737,75.27472527472527,51.64835164835166,23.626373626373624
E00154821,133,35,18,17,98,75,23,26.31578947368421,13.533834586466165,12.781954887218044,73.68421052631578,56.390977443609025,17.293233082706767
E00154822,151,39,19,20,112,93,19,25.82781456953642,12.582781456953644,13.245033112582782,74.17218543046357,61.58940397350994,12.582781456953644
E00154823,174,45,20,25,129,93,36,25.862068965517242,11.494252873563218,14.367816091954023,74.13793103448276,53.44827586206896,20.689655172413794
E00154824,229,58,26,32,171,120,51,25.327510917030565,11.353711790393014,13.973799126637553,74.67248908296943,52.40174672489083,22.270742358078603
E00154825,162,47,17,30,115,87,28,29.01234567901235,10.493827160493826,18.51851851851852,70.98765432098766,53.70370370370371,17.28395061728395
E00154826,127,37,14,23,90,61,29,29.133858267716533,11.023622047244094,18.11023622047244,70.86614173228347,48.031496062992126,22.83464566929134
E00154827,173,60,22,38,113,95,18,34.68208092485549,12.716763005780345,21.965317919075144,65.3179190751445,54.91329479768786,10.404624277456648
E00154828,185,45,14,31,140,116,24,24.324324324324326,7.567567567567568,16.756756756756758,75.67567567567568,62.70270270270271,12.972972972972974
E00154829,165,53,16,37,112,95,17,32.121212121212125,9.696969696969697,22.424242424242426,67.87878787878789,57.57575757575758,10.303030303030303
E00154830,201,54,14,40,147,126,21,26.865671641791046,6.965174129353234,19.900497512437813,73.13432835820896,62.68656716417911,10.44776119402985
E00154831,170,50,20,30,120,90,30,29.411764705882355,11.76470588235294,17.647058823529413,70.58823529411765,52.94117647058824,17.647058823529413
E00154832,182,54,19,35,128,96,32,29.67032967032967,10.43956043956044,19.230769230769234,70.32967032967034,52.74725274725275,17.582417582417584
E00154833,246,82,29,53,164,142,22,33.33333333333333,11.788617886178862,21.544715447154474,66.66666666666666,57.72357723577236,8.94308943089431
E00154834,192,58,25,33,134,112,22,30.208333333333332,13.020833333333334,17.1875,69.79166666666666,58.333333333333336,11.458333333333332
E00154835,180,51,24,27,129,108,21,28.333333333333332,13.333333333333334,15,71.66666666666667,60,11.666666666666666
E00154836,163,51,17,34,112,95,17,31.28834355828221,10.429447852760736,20.858895705521473,68.71165644171779,58.282208588957054,10.429447852760736
E00154837,289,89,33,56,200,174,26,30.79584775086505,11.418685121107266,19.377162629757784,69.20415224913495,60.207612456747405,8.996539792387544
E00154838,216,52,20,32,164,129,35,24.074074074074073,9.25925925925926,14.814814814814813,75.92592592592592,59.72222222222222,16.203703703703702
E00154839,111,35,11,24,76,60,16,31.53153153153153,9.90990990990991,21.62162162162162,68.46846846846847,54.054054054054056,14.414414414414415
E00154840,139,35,19,16,104,64,40,25.179856115107913,13.66906474820144,11.510791366906476,74.82014388489209,46.043165467625904,28.776978417266186
E00154841,183,50,27,23,133,100,33,27.322404371584703,14.754098360655737,12.568306010928962,72.6775956284153,54.644808743169406,18.0327868852459
E00154842,136,38,12,26,98,67,31,27.941176470588236,8.823529411764707,19.11764705882353,72.05882352941177,49.26470588235294,22.794117647058822
E00154843,168,58,24,34,110,81,29,34.523809523809526,14.285714285714285,20.238095238095237,65.47619047619048,48.214285714285715,17.261904761904763
E00154844,149,48,19,29,101,88,13,32.21476510067114,12.751677852348994,19.463087248322147,67.78523489932886,59.06040268456376,8.724832214765101
E00154845,164,39,21,18,125,101,24,23.78048780487805,12.804878048780488,10.975609756097562,76.21951219512195,61.58536585365854,14.634146341463413
E00154846,134,39,15,24,95,73,22,29.1044776119403,11.194029850746269,17.91044776119403,70.8955223880597,54.47761194029851,16.417910447761194
E00154847,122,34,14,20,88,73,15,27.86885245901639,11.475409836065573,16.39344262295082,72.1311475409836,59.83606557377049,12.295081967213115
E00154849,124,29,10,19,95,79,16,23.387096774193548,8.064516129032258,15.32258064516129,76.61290322580645,63.70967741935484,12.903225806451612
E00154850,121,29,8,21,92,77,15,23.96694214876033,6.6115702479338845,17.355371900826448,76.03305785123968,63.63636363636363,12.396694214876034
E00154851,224,49,18,31,175,133,42,21.875,8.035714285714286,13.839285714285715,78.125,59.375,18.75
E00154852,218,68,33,35,150,129,21,31.19266055045872,15.137614678899084,16.055045871559635,68.80733944954129,59.174311926605505,9.63302752293578
E00154853,158,44,16,28,114,92,22,27.848101265822784,10.126582278481013,17.72151898734177,72.15189873417721,58.22784810126582,13.924050632911392
E00154854,239,62,22,40,177,129,48,25.94142259414226,9.205020920502092,16.736401673640167,74.05857740585773,53.97489539748954,20.0836820083682
E00154856,165,48,13,35,117,75,42,29.09090909090909,7.878787878787878,21.21212121212121,70.9090909090909,45.45454545454545,25.454545454545453
E00154857,147,38,18,20,109,77,32,25.850340136054424,12.244897959183673,13.60544217687075,74.14965986394559,52.38095238095239,21.768707482993197
E00154858,171,58,26,32,113,81,32,33.91812865497076,15.204678362573098,18.71345029239766,66.08187134502924,47.368421052631575,18.71345029239766
E00154859,145,46,22,24,99,80,19,31.724137931034484,15.172413793103448,16.551724137931036,68.27586206896552,55.172413793103445,13.10344827586207
E00154860,133,44,15,29,89,72,17,33.08270676691729,11.278195488721805,21.804511278195488,66.9172932330827,54.13533834586466,12.781954887218044
E00154861,169,49,18,31,120,101,19,28.994082840236686,10.650887573964498,18.34319526627219,71.00591715976331,59.76331360946746,11.242603550295858
E00154862,162,39,13,26,123,101,22,24.074074074074073,8.024691358024691,16.049382716049383,75.92592592592592,62.34567901234568,13.580246913580247
E00154863,166,54,22,32,112,86,26,32.53012048192771,13.253012048192772,19.27710843373494,67.46987951807229,51.80722891566265,15.66265060240964
E00154864,161,46,14,32,115,97,18,28.57142857142857,8.695652173913043,19.875776397515526,71.42857142857143,60.24844720496895,11.180124223602485
E00154865,164,41,16,25,123,102,21,25,9.75609756097561,15.24390243902439,75,62.19512195121951,12.804878048780488
E00154866,108,42,22,20,66,61,5,38.88888888888889,20.37037037037037,18.51851851851852,61.111111111111114,56.481481481481474,4.62962962962963
E00154867,168,50,20,30,118,97,21,29.761904761904763,11.904761904761903,17.857142857142858,70.23809523809523,57.738095238095234,12.5
E00154868,187,49,21,28,138,109,29,26.203208556149733,11.229946524064172,14.973262032085561,73.79679144385027,58.288770053475936,15.508021390374333
E00154869,156,54,21,33,102,87,15,34.61538461538461,13.461538461538462,21.153846153846153,65.38461538461539,55.769230769230774,9.615384615384617
E00154870,136,40,13,27,96,74,22,29.411764705882355,9.558823529411764,19.852941176470587,70.58823529411765,54.41176470588235,16.176470588235293
E00154871,135,35,12,23,100,85,15,25.925925925925924,8.88888888888889,17.037037037037038,74.07407407407408,62.96296296296296,11.11111111111111
E00154872,157,38,12,26,119,104,15,24.203821656050955,7.643312101910828,16.560509554140125,75.79617834394905,66.2420382165605,9.554140127388536
E00154873,144,28,9,19,116,94,22,19.444444444444446,6.25,13.194444444444445,80.55555555555556,65.27777777777779,15.277777777777779
E00154874,181,58,27,31,123,105,18,32.04419889502763,14.917127071823206,17.12707182320442,67.95580110497238,58.011049723756905,9.94475138121547
E00154875,175,44,17,27,131,114,17,25.142857142857146,9.714285714285714,15.428571428571427,74.85714285714286,65.14285714285715,9.714285714285714
E00154876,202,60,24,36,142,117,25,29.7029702970297,11.881188118811881,17.82178217821782,70.29702970297029,57.920792079207914,12.376237623762377
E00154877,156,46,14,32,110,89,21,29.48717948717949,8.974358974358974,20.51282051282051,70.51282051282051,57.05128205128205,13.461538461538462
E00154878,139,40,11,29,99,80,19,28.776978417266186,7.913669064748201,20.863309352517987,71.22302158273382,57.55395683453237,13.66906474820144
E00154879,156,40,15,25,116,94,22,25.64102564102564,9.615384615384617,16.025641025641026,74.35897435897436,60.256410256410255,14.102564102564102
E00154880,136,52,19,33,84,74,10,38.23529411764706,13.970588235294118,24.264705882352942,61.76470588235294,54.41176470588235,7.352941176470589
E00154881,224,63,22,41,161,136,25,28.125,9.821428571428571,18.303571428571427,71.875,60.71428571428571,11.160714285714286
E00154882,144,45,21,24,99,59,40,31.25,14.583333333333334,16.666666666666664,68.75,40.97222222222222,27.77777777777778
E00154883,173,46,21,25,127,103,24,26.589595375722542,12.138728323699421,14.450867052023122,73.41040462427746,59.53757225433526,13.872832369942195
E00154884,136,36,20,16,100,79,21,26.47058823529412,14.705882352941178,11.76470588235294,73.52941176470588,58.08823529411765,15.441176470588236
E00154885,179,52,25,27,127,87,40,29.05027932960894,13.966480446927374,15.083798882681565,70.94972067039106,48.60335195530726,22.3463687150838
E00154886,166,41,14,27,125,110,15,24.69879518072289,8.433734939759036,16.265060240963855,75.30120481927712,66.26506024096386,9.036144578313253
E00154887,191,55,24,31,136,113,23,28.79581151832461,12.56544502617801,16.230366492146597,71.20418848167539,59.16230366492147,12.041884816753926
E00154888,84,30,11,19,54,44,10,35.714285714285715,13.095238095238097,22.61904761904762,64.28571428571429,52.38095238095239,11.904761904761903
E00154889,145,41,22,19,104,71,33,28.27586206896552,15.172413793103448,13.10344827586207,71.72413793103448,48.96551724137931,22.758620689655174
E00154890,210,39,18,21,171,147,24,18.571428571428573,8.571428571428571,10,81.42857142857143,70,11.428571428571429
E00154891,145,28,12,16,117,88,29,19.310344827586206,8.275862068965518,11.03448275862069,80.6896551724138,60.689655172413794,20
E00154892,240,66,20,46,174,154,20,27.500000000000004,8.333333333333332,19.166666666666668,72.5,64.16666666666667,8.333333333333332
E00154893,152,45,19,26,107,89,18,29.605263157894733,12.5,17.105263157894736,70.39473684210526,58.55263157894737,11.842105263157894
E00154894,165,38,15,23,127,99,28,23.03030303030303,9.090909090909092,13.939393939393941,76.96969696969697,60,16.969696969696972
E00154895,170,46,18,28,124,92,32,27.058823529411764,10.588235294117647,16.470588235294116,72.94117647058823,54.11764705882353,18.823529411764707
E00154896,146,41,13,28,105,81,24,28.08219178082192,8.904109589041095,19.17808219178082,71.91780821917808,55.47945205479452,16.43835616438356
E00154897,152,38,17,21,114,88,26,25,11.18421052631579,13.815789473684212,75,57.89473684210527,17.105263157894736
E00154898,147,38,16,22,109,86,23,25.850340136054424,10.884353741496598,14.965986394557824,74.14965986394559,58.50340136054422,15.646258503401361
E00154899,172,41,21,20,131,97,34,23.837209302325583,12.209302325581394,11.627906976744185,76.16279069767442,56.395348837209305,19.767441860465116
E00154900,195,40,10,30,155,111,44,20.51282051282051,5.128205128205128,15.384615384615385,79.48717948717949,56.92307692307692,22.564102564102566
E00154901,174,41,18,23,133,106,27,23.563218390804597,10.344827586206897,13.218390804597702,76.4367816091954,60.91954022988506,15.517241379310345
E00154902,161,37,15,22,124,100,24,22.981366459627328,9.316770186335404,13.664596273291925,77.01863354037268,62.11180124223602,14.906832298136646
E00154903,206,55,13,42,151,112,39,26.699029126213592,6.310679611650485,20.388349514563107,73.30097087378641,54.36893203883495,18.932038834951456
E00154904,207,48,16,32,159,114,45,23.18840579710145,7.729468599033816,15.458937198067632,76.81159420289855,55.072463768115945,21.73913043478261
E00154905,171,40,12,28,131,78,53,23.391812865497073,7.017543859649122,16.374269005847953,76.60818713450293,45.614035087719294,30.994152046783626
E00154906,162,43,26,17,119,76,43,26.543209876543212,16.049382716049383,10.493827160493826,73.4567901234568,46.913580246913575,26.543209876543212
E00154907,171,47,17,30,124,81,43,27.485380116959064,9.941520467836257,17.543859649122805,72.51461988304094,47.368421052631575,25.146198830409354
E00154908,141,38,20,18,103,59,44,26.95035460992908,14.184397163120568,12.76595744680851,73.04964539007092,41.843971631205676,31.20567375886525
E00154909,178,60,26,34,118,85,33,33.70786516853933,14.606741573033707,19.101123595505616,66.29213483146067,47.752808988764045,18.53932584269663
E00154910,173,42,22,20,131,95,36,24.277456647398843,12.716763005780345,11.560693641618498,75.72254335260115,54.91329479768786,20.809248554913296
E00154911,167,42,22,20,125,84,41,25.149700598802394,13.17365269461078,11.976047904191617,74.8502994011976,50.29940119760479,24.550898203592812
E00154912,158,47,27,20,111,79,32,29.746835443037973,17.088607594936708,12.658227848101266,70.25316455696202,50,20.253164556962027
E00154913,181,62,32,30,119,84,35,34.25414364640884,17.67955801104972,16.574585635359114,65.74585635359117,46.408839779005525,19.337016574585636
E00154914,174,46,24,22,128,93,35,26.436781609195403,13.793103448275861,12.643678160919542,73.5632183908046,53.44827586206896,20.114942528735632
E00154915,128,34,12,22,94,79,15,26.5625,9.375,17.1875,73.4375,61.71875,11.71875
E00154916,271,70,26,44,201,149,52,25.830258302583026,9.59409594095941,16.236162361623617,74.16974169741697,54.981549815498155,19.18819188191882
E00154917,108,32,16,16,76,59,17,29.629629629629626,14.814814814814813,14.814814814814813,70.37037037037037,54.629629629629626,15.74074074074074
E00154918,109,29,13,16,80,59,21,26.605504587155966,11.926605504587156,14.678899082568808,73.39449541284404,54.12844036697248,19.26605504587156
E00154919,129,39,14,25,90,62,28,30.23255813953488,10.852713178294573,19.379844961240313,69.76744186046511,48.06201550387597,21.705426356589147
E00154920,140,43,15,28,97,79,18,30.714285714285715,10.714285714285714,20,69.28571428571428,56.42857142857143,12.857142857142856
E00154921,137,41,21,20,96,72,24,29.927007299270077,15.328467153284672,14.5985401459854,70.07299270072993,52.55474452554745,17.51824817518248
E00154922,191,59,23,36,132,100,32,30.89005235602094,12.041884816753926,18.848167539267017,69.10994764397905,52.35602094240838,16.75392670157068
E00154923,152,55,19,36,97,79,18,36.18421052631579,12.5,23.684210526315788,63.81578947368421,51.973684210526315,11.842105263157894
E00154924,194,51,21,30,143,103,40,26.288659793814436,10.824742268041238,15.463917525773196,73.71134020618557,53.09278350515464,20.618556701030926
E00154925,158,63,35,28,95,59,36,39.87341772151899,22.151898734177212,17.72151898734177,60.12658227848101,37.34177215189873,22.78481012658228
E00154926,177,48,17,31,129,92,37,27.11864406779661,9.6045197740113,17.51412429378531,72.88135593220339,51.9774011299435,20.903954802259886
E00154927,128,42,16,26,86,73,13,32.8125,12.5,20.3125,67.1875,57.03125,10.15625
E00154928,170,41,15,26,129,100,29,24.11764705882353,8.823529411764707,15.294117647058824,75.88235294117646,58.82352941176471,17.058823529411764
E00154929,159,40,18,22,119,76,43,25.157232704402517,11.320754716981133,13.836477987421384,74.84276729559748,47.79874213836478,27.044025157232703
E00154930,162,44,15,29,118,94,24,27.160493827160494,9.25925925925926,17.901234567901234,72.8395061728395,58.0246913580247,14.814814814814813
E00154931,166,37,13,24,129,97,32,22.289156626506024,7.83132530120482,14.457831325301203,77.71084337349397,58.43373493975904,19.27710843373494
E00154932,148,42,20,22,106,81,25,28.37837837837838,13.513513513513514,14.864864864864865,71.62162162162163,54.729729729729726,16.89189189189189
E00154933,147,31,16,15,116,97,19,21.08843537414966,10.884353741496598,10.204081632653061,78.91156462585033,65.98639455782312,12.925170068027212
E00154934,196,45,26,19,151,108,43,22.95918367346939,13.26530612244898,9.693877551020408,77.04081632653062,55.10204081632652,21.93877551020408
E00154935,264,52,19,33,212,176,36,19.696969696969695,7.196969696969697,12.5,80.3030303030303,66.66666666666666,13.636363636363635
E00154936,169,43,18,25,126,101,25,25.443786982248522,10.650887573964498,14.792899408284024,74.55621301775149,59.76331360946746,14.792899408284024
E00154937,150,37,10,27,113,90,23,24.666666666666668,6.666666666666667,18,75.33333333333333,60,15.333333333333332
E00154938,194,48,19,29,146,109,37,24.742268041237114,9.793814432989691,14.948453608247423,75.25773195876289,56.18556701030928,19.072164948453608
E00154939,193,50,24,26,143,116,27,25.906735751295333,12.435233160621761,13.471502590673575,74.09326424870466,60.10362694300518,13.989637305699482
E00154940,172,57,32,25,115,86,29,33.13953488372093,18.6046511627907,14.534883720930234,66.86046511627907,50,16.86046511627907
E00154941,198,61,25,36,137,98,39,30.808080808080806,12.626262626262626,18.181818181818183,69.1919191919192,49.494949494949495,19.696969696969695
E00154942,134,18,6,12,116,96,20,13.432835820895523,4.477611940298507,8.955223880597014,86.56716417910447,71.64179104477611,14.925373134328357
E00154943,145,41,21,20,104,76,28,28.27586206896552,14.482758620689657,13.793103448275861,71.72413793103448,52.41379310344828,19.310344827586206
E00170427,145,40,12,28,105,85,20,27.586206896551722,8.275862068965518,19.310344827586206,72.41379310344827,58.620689655172406,13.793103448275861
E00170431,186,56,26,30,130,110,20,30.107526881720432,13.978494623655912,16.129032258064516,69.89247311827957,59.13978494623656,10.75268817204301
E00170432,209,61,20,41,148,116,32,29.1866028708134,9.569377990430622,19.617224880382775,70.81339712918661,55.50239234449761,15.311004784688995
E00180559,179,37,13,24,142,119,23,20.670391061452513,7.262569832402235,13.40782122905028,79.3296089385475,66.4804469273743,12.849162011173185
E00180566,121,30,10,20,91,67,24,24.793388429752067,8.264462809917356,16.528925619834713,75.20661157024794,55.371900826446286,19.834710743801654
E00180605,160,37,17,20,123,93,30,23.125,10.625,12.5,76.875,58.12500000000001,18.75
E00180609,62,15,5,10,47,38,9,24.193548387096776,8.064516129032258,16.129032258064516,75.80645161290323,61.29032258064516,14.516129032258066
E00180616,119,14,5,9,105,81,24,11.76470588235294,4.201680672268908,7.563025210084033,88.23529411764706,68.0672268907563,20.168067226890756
E00180619,188,45,20,25,143,97,46,23.93617021276596,10.638297872340425,13.297872340425531,76.06382978723404,51.59574468085106,24.46808510638298
E00180620,124,33,12,21,91,71,20,26.61290322580645,9.67741935483871,16.93548387096774,73.38709677419355,57.25806451612904,16.129032258064516
E00180625,91,18,6,12,73,51,22,19.78021978021978,6.593406593406594,13.186813186813188,80.21978021978022,56.043956043956044,24.175824175824175
E00180631,171,35,17,18,136,112,24,20.46783625730994,9.941520467836257,10.526315789473683,79.53216374269006,65.49707602339181,14.035087719298245
E00180636,138,31,12,19,107,74,33,22.463768115942027,8.695652173913043,13.768115942028986,77.53623188405797,53.62318840579711,23.91304347826087
E00180650,58,11,6,5,47,33,14,18.96551724137931,10.344827586206897,8.620689655172415,81.03448275862068,56.896551724137936,24.137931034482758
E00180651,365,59,22,37,306,228,78,16.164383561643834,6.027397260273973,10.136986301369863,83.83561643835617,62.465753424657535,21.36986301369863
