OA,ts0590001,ts0590002,ts0590003,ts0590004,ts0590005,ts0590006,ts0590007,ts0590002_PCT,ts0590003_PCT,ts0590004_PCT,ts0590005_PCT,ts0590006_PCT,ts0590007_PCT
E00069658,62,34,19,15,28,27,1,54.83870967741935,30.64516129032258,24.193548387096776,45.16129032258064,43.54838709677419,1.6129032258064515
E00069659,113,63,44,19,50,36,14,55.75221238938053,38.93805309734513,16.8141592920354,44.24778761061947,31.858407079646017,12.389380530973451
E00069660,52,19,9,10,33,31,2,36.53846153846153,17.307692307692307,19.230769230769234,63.46153846153846,59.61538461538461,3.8461538461538463
E00069661,104,66,45,21,38,36,2,63.46153846153846,43.269230769230774,20.192307692307693,36.53846153846153,34.61538461538461,1.9230769230769231
E00069663,137,76,31,45,61,56,5,55.47445255474452,22.62773722627737,32.846715328467155,44.52554744525548,40.87591240875913,3.64963503649635
E00069664,94,33,15,18,61,56,5,35.1063829787234,15.957446808510639,19.148936170212767,64.8936170212766,59.57446808510638,5.319148936170213
E00069665,195,89,23,66,106,94,12,45.64102564102564,11.794871794871794,33.84615384615385,54.35897435897436,48.205128205128204,6.153846153846154
E00069666,113,53,26,27,60,55,5,46.902654867256636,23.008849557522122,23.893805309734514,53.09734513274337,48.67256637168141,4.424778761061947
E00069667,104,50,18,32,54,46,8,48.07692307692308,17.307692307692307,30.76923076923077,51.92307692307693,44.230769230769226,7.6923076923076925
E00069668,132,49,16,33,83,77,6,37.121212121212125,12.121212121212121,25,62.878787878787875,58.333333333333336,4.545454545454546
E00069670,102,47,22,25,55,52,3,46.07843137254902,21.568627450980394,24.509803921568626,53.92156862745098,50.98039215686274,2.941176470588235
E00069671,107,50,15,35,57,49,8,46.728971962616825,14.018691588785046,32.71028037383177,53.271028037383175,45.794392523364486,7.476635514018691
E00069672,66,32,14,18,34,32,2,48.484848484848484,21.21212121212121,27.27272727272727,51.515151515151516,48.484848484848484,3.0303030303030303
E00069673,157,81,46,35,76,61,15,51.59235668789809,29.29936305732484,22.29299363057325,48.40764331210191,38.853503184713375,9.554140127388536
E00069674,98,45,27,18,53,47,6,45.91836734693878,27.55102040816326,18.367346938775512,54.08163265306123,47.95918367346938,6.122448979591836
E00069675,121,63,34,29,58,55,3,52.066115702479344,28.09917355371901,23.96694214876033,47.93388429752066,45.45454545454545,2.479338842975207
E00069676,68,31,14,17,37,36,1,45.588235294117645,20.588235294117645,25,54.41176470588235,52.94117647058824,1.4705882352941175
E00069677,108,51,33,18,57,51,6,47.22222222222222,30.555555555555557,16.666666666666664,52.77777777777778,47.22222222222222,5.555555555555555
E00069679,113,34,14,20,79,78,1,30.08849557522124,12.389380530973451,17.699115044247787,69.91150442477876,69.02654867256636,0.8849557522123894
E00069681,52,19,13,6,33,26,7,36.53846153846153,25,11.538461538461538,63.46153846153846,50,13.461538461538462
E00069682,159,88,51,37,71,61,10,55.34591194968554,32.075471698113205,23.270440251572328,44.65408805031446,38.36477987421384,6.289308176100629
E00069684,76,37,16,21,39,38,1,48.68421052631579,21.052631578947366,27.631578947368425,51.31578947368421,50,1.3157894736842104
E00069685,142,57,17,40,85,76,9,40.140845070422536,11.971830985915492,28.169014084507044,59.859154929577464,53.52112676056338,6.338028169014084
E00069686,111,37,9,28,74,68,6,33.33333333333333,8.108108108108109,25.225225225225223,66.66666666666666,61.261261261261254,5.405405405405405
E00069687,134,50,7,43,84,73,11,37.3134328358209,5.223880597014925,32.08955223880597,62.68656716417911,54.47761194029851,8.208955223880597
E00069688,106,43,12,31,63,60,3,40.56603773584906,11.320754716981133,29.245283018867923,59.43396226415094,56.60377358490566,2.8301886792452833
E00069689,44,9,4,5,35,33,2,20.454545454545457,9.090909090909092,11.363636363636363,79.54545454545455,75,4.545454545454546
E00069690,107,47,16,31,60,57,3,43.925233644859816,14.953271028037381,28.971962616822427,56.074766355140184,53.271028037383175,2.803738317757009
E00069691,85,35,19,16,50,47,3,41.17647058823529,22.35294117647059,18.823529411764707,58.82352941176471,55.294117647058826,3.5294117647058822
E00069692,93,36,10,26,57,48,9,38.70967741935484,10.75268817204301,27.956989247311824,61.29032258064516,51.61290322580645,9.67741935483871
E00069693,162,55,16,39,107,95,12,33.95061728395062,9.876543209876543,24.074074074074073,66.0493827160494,58.64197530864198,7.4074074074074066
E00069694,109,31,11,20,78,67,11,28.440366972477065,10.091743119266056,18.34862385321101,71.55963302752293,61.46788990825688,10.091743119266056
E00069695,137,54,8,46,83,75,8,39.416058394160586,5.839416058394161,33.57664233576642,60.58394160583942,54.74452554744526,5.839416058394161
E00069696,168,54,19,35,114,106,8,32.142857142857146,11.30952380952381,20.833333333333336,67.85714285714286,63.095238095238095,4.761904761904762
E00069697,175,61,15,46,114,104,10,34.85714285714286,8.571428571428571,26.285714285714285,65.14285714285715,59.42857142857143,5.714285714285714
E00069698,210,73,12,61,137,122,15,34.76190476190476,5.714285714285714,29.04761904761905,65.23809523809524,58.0952380952381,7.142857142857142
E00069699,153,64,21,43,89,76,13,41.830065359477125,13.725490196078432,28.104575163398692,58.16993464052288,49.673202614379086,8.49673202614379
E00069700,144,50,17,33,94,91,3,34.72222222222222,11.805555555555555,22.916666666666664,65.27777777777779,63.19444444444444,2.083333333333333
E00069701,157,60,15,45,97,91,6,38.21656050955414,9.554140127388536,28.662420382165603,61.78343949044586,57.961783439490446,3.821656050955414
E00069702,151,53,10,43,98,93,5,35.099337748344375,6.622516556291391,28.47682119205298,64.90066225165563,61.58940397350994,3.3112582781456954
E00069703,121,47,8,39,74,65,9,38.84297520661157,6.6115702479338845,32.231404958677686,61.15702479338842,53.71900826446281,7.43801652892562
E00069704,157,53,17,36,104,95,9,33.75796178343949,10.828025477707007,22.929936305732486,66.2420382165605,60.509554140127385,5.7324840764331215
E00069705,51,18,5,13,33,31,2,35.294117647058826,9.803921568627452,25.49019607843137,64.70588235294117,60.78431372549019,3.9215686274509802
E00069706,145,47,11,36,98,91,7,32.41379310344827,7.586206896551724,24.82758620689655,67.58620689655173,62.758620689655174,4.827586206896552
E00069707,116,61,16,45,55,55,0,52.58620689655172,13.793103448275861,38.793103448275865,47.41379310344828,47.41379310344828,0
E00069708,168,53,18,35,115,99,16,31.547619047619047,10.714285714285714,20.833333333333336,68.45238095238095,58.92857142857143,9.523809523809524
E00069709,129,29,8,21,100,92,8,22.48062015503876,6.2015503875969,16.27906976744186,77.51937984496125,71.31782945736434,6.2015503875969
E00069710,147,47,10,37,100,90,10,31.97278911564626,6.802721088435375,25.170068027210885,68.02721088435374,61.224489795918366,6.802721088435375
E00069711,165,63,7,56,102,88,14,38.18181818181819,4.242424242424243,33.939393939393945,61.81818181818181,53.333333333333336,8.484848484848486
E00069712,134,44,9,35,90,79,11,32.83582089552239,6.7164179104477615,26.119402985074625,67.16417910447761,58.95522388059702,8.208955223880597
E00069713,113,32,14,18,81,76,5,28.31858407079646,12.389380530973451,15.929203539823009,71.68141592920354,67.2566371681416,4.424778761061947
E00069714,137,51,12,39,86,79,7,37.22627737226277,8.75912408759124,28.467153284671532,62.77372262773723,57.66423357664233,5.109489051094891
E00069715,162,70,19,51,92,83,9,43.20987654320987,11.728395061728394,31.48148148148148,56.79012345679012,51.23456790123457,5.555555555555555
E00069716,119,51,12,39,68,60,8,42.857142857142854,10.084033613445378,32.773109243697476,57.14285714285714,50.42016806722689,6.722689075630252
E00069717,132,43,14,29,89,79,10,32.57575757575758,10.606060606060606,21.96969696969697,67.42424242424242,59.84848484848485,7.575757575757576
E00069718,134,51,13,38,83,76,7,38.059701492537314,9.701492537313433,28.35820895522388,61.940298507462686,56.71641791044776,5.223880597014925
E00069719,123,44,17,27,79,70,9,35.77235772357724,13.821138211382115,21.951219512195124,64.22764227642277,56.91056910569105,7.317073170731707
E00069720,147,51,8,43,96,90,6,34.69387755102041,5.442176870748299,29.25170068027211,65.3061224489796,61.224489795918366,4.081632653061225
E00069721,149,49,22,27,100,90,10,32.88590604026846,14.76510067114094,18.120805369127517,67.11409395973155,60.40268456375839,6.7114093959731544
E00069722,171,71,27,44,100,86,14,41.52046783625731,15.789473684210526,25.730994152046783,58.47953216374269,50.29239766081871,8.187134502923977
E00069723,123,44,14,30,79,70,9,35.77235772357724,11.38211382113821,24.390243902439025,64.22764227642277,56.91056910569105,7.317073170731707
E00069724,138,49,14,35,89,83,6,35.507246376811594,10.144927536231885,25.36231884057971,64.4927536231884,60.14492753623188,4.3478260869565215
E00069725,138,42,11,31,96,88,8,30.434782608695656,7.971014492753622,22.463768115942027,69.56521739130434,63.76811594202898,5.797101449275362
E00069726,149,47,12,35,102,92,10,31.543624161073826,8.053691275167784,23.48993288590604,68.45637583892618,61.74496644295302,6.7114093959731544
E00069727,127,43,9,34,84,76,8,33.85826771653544,7.086614173228346,26.77165354330709,66.14173228346458,59.84251968503938,6.299212598425196
E00069728,122,42,15,27,80,75,5,34.42622950819672,12.295081967213115,22.131147540983605,65.57377049180327,61.47540983606557,4.098360655737705
E00069729,136,46,15,31,90,77,13,33.82352941176471,11.029411764705882,22.794117647058822,66.17647058823529,56.61764705882353,9.558823529411764
E00069730,123,46,7,39,77,73,4,37.39837398373984,5.691056910569105,31.70731707317073,62.601626016260155,59.34959349593496,3.2520325203252036
E00069731,131,43,11,32,88,85,3,32.82442748091603,8.396946564885496,24.427480916030532,67.17557251908397,64.8854961832061,2.2900763358778624
E00069732,145,49,12,37,96,86,10,33.793103448275865,8.275862068965518,25.517241379310345,66.20689655172414,59.310344827586206,6.896551724137931
E00069733,126,47,12,35,79,68,11,37.301587301587304,9.523809523809524,27.77777777777778,62.698412698412696,53.96825396825397,8.73015873015873
E00069734,154,59,16,43,95,89,6,38.311688311688314,10.38961038961039,27.92207792207792,61.68831168831169,57.7922077922078,3.896103896103896
E00069735,62,23,5,18,39,33,6,37.096774193548384,8.064516129032258,29.03225806451613,62.903225806451616,53.2258064516129,9.67741935483871
E00069736,119,52,13,39,67,66,1,43.69747899159664,10.92436974789916,32.773109243697476,56.30252100840336,55.46218487394958,0.8403361344537815
E00069737,146,49,12,37,97,78,19,33.56164383561644,8.21917808219178,25.34246575342466,66.43835616438356,53.42465753424658,13.013698630136986
E00069738,125,33,9,24,92,76,16,26.400000000000002,7.199999999999999,19.2,73.6,60.8,12.8
E00069739,150,63,19,44,87,73,14,42,12.666666666666668,29.333333333333332,57.99999999999999,48.66666666666667,9.333333333333334
E00069740,154,57,13,44,97,81,16,37.01298701298701,8.441558441558442,28.57142857142857,62.98701298701299,52.5974025974026,10.38961038961039
E00069741,144,48,15,33,96,89,7,33.33333333333333,10.416666666666668,22.916666666666664,66.66666666666666,61.80555555555556,4.861111111111112
E00069742,128,52,12,40,76,71,5,40.625,9.375,31.25,59.375,55.46875,3.90625
E00069743,155,42,10,32,113,104,9,27.09677419354839,6.451612903225806,20.64516129032258,72.90322580645162,67.0967741935484,5.806451612903226
E00069744,145,55,10,45,90,75,15,37.93103448275862,6.896551724137931,31.03448275862069,62.06896551724138,51.724137931034484,10.344827586206897
E00069745,116,36,12,24,80,73,7,31.03448275862069,10.344827586206897,20.689655172413794,68.96551724137932,62.93103448275862,6.0344827586206895
E00069746,257,75,20,55,182,152,30,29.18287937743191,7.782101167315175,21.40077821011673,70.8171206225681,59.143968871595334,11.673151750972762
E00069747,122,25,7,18,97,84,13,20.491803278688526,5.737704918032787,14.754098360655737,79.50819672131148,68.85245901639344,10.655737704918032
E00069748,140,41,14,27,99,89,10,29.28571428571429,10,19.28571428571429,70.71428571428572,63.57142857142857,7.142857142857142
E00069749,104,40,16,24,64,58,6,38.46153846153847,15.384615384615385,23.076923076923077,61.53846153846154,55.769230769230774,5.769230769230769
E00069750,90,17,8,9,73,69,4,18.88888888888889,8.88888888888889,10,81.11111111111111,76.66666666666667,4.444444444444445
E00069751,153,52,3,49,101,86,15,33.98692810457516,1.9607843137254901,32.02614379084967,66.01307189542483,56.209150326797385,9.803921568627452
E00069752,146,44,12,32,102,99,3,30.136986301369863,8.21917808219178,21.91780821917808,69.86301369863014,67.8082191780822,2.054794520547945
E00069753,62,24,6,18,38,35,3,38.70967741935484,9.67741935483871,29.03225806451613,61.29032258064516,56.451612903225815,4.838709677419355
E00069754,158,60,18,42,98,88,10,37.9746835443038,11.39240506329114,26.582278481012654,62.0253164556962,55.69620253164557,6.329113924050633
E00069755,116,41,8,33,75,68,7,35.3448275862069,6.896551724137931,28.448275862068968,64.65517241379311,58.620689655172406,6.0344827586206895
E00069756,181,47,15,32,134,112,22,25.96685082872928,8.287292817679557,17.67955801104972,74.03314917127072,61.87845303867403,12.154696132596685
E00069757,97,30,4,26,67,60,7,30.927835051546392,4.123711340206185,26.804123711340207,69.0721649484536,61.855670103092784,7.216494845360824
E00069758,125,46,14,32,79,75,4,36.8,11.200000000000001,25.6,63.2,60,3.2
E00069759,127,50,16,34,77,71,6,39.37007874015748,12.598425196850393,26.77165354330709,60.629921259842526,55.90551181102362,4.724409448818897
E00069760,135,46,16,30,89,81,8,34.074074074074076,11.851851851851853,22.22222222222222,65.92592592592592,60,5.9259259259259265
E00069761,76,27,4,23,49,45,4,35.526315789473685,5.263157894736842,30.263157894736842,64.47368421052632,59.210526315789465,5.263157894736842
E00069762,116,35,9,26,81,71,10,30.17241379310345,7.758620689655173,22.413793103448278,69.82758620689656,61.206896551724135,8.620689655172415
E00069763,124,32,5,27,92,80,12,25.806451612903224,4.032258064516129,21.774193548387096,74.19354838709677,64.51612903225806,9.67741935483871
E00069764,113,37,16,21,76,69,7,32.743362831858406,14.15929203539823,18.58407079646018,67.2566371681416,61.06194690265486,6.1946902654867255
E00069765,130,27,5,22,103,95,8,20.76923076923077,3.8461538461538463,16.923076923076923,79.23076923076923,73.07692307692307,6.153846153846154
E00069766,158,41,7,34,117,109,8,25.949367088607595,4.430379746835443,21.518987341772153,74.0506329113924,68.9873417721519,5.063291139240507
E00069767,123,32,8,24,91,77,14,26.01626016260163,6.504065040650407,19.51219512195122,73.98373983739837,62.601626016260155,11.38211382113821
E00069768,112,32,7,25,80,68,12,28.57142857142857,6.25,22.321428571428573,71.42857142857143,60.71428571428571,10.714285714285714
E00069769,216,69,16,53,147,137,10,31.944444444444443,7.4074074074074066,24.537037037037038,68.05555555555556,63.42592592592593,4.62962962962963
E00069770,136,36,7,29,100,86,14,26.47058823529412,5.147058823529411,21.323529411764707,73.52941176470588,63.23529411764706,10.294117647058822
E00069771,108,30,6,24,78,78,0,27.77777777777778,5.555555555555555,22.22222222222222,72.22222222222221,72.22222222222221,0
E00069772,174,54,14,40,120,105,15,31.03448275862069,8.045977011494253,22.988505747126435,68.96551724137932,60.3448275862069,8.620689655172415
E00069773,148,43,11,32,105,97,8,29.054054054054053,7.4324324324324325,21.62162162162162,70.94594594594594,65.54054054054053,5.405405405405405
E00069774,188,55,21,34,133,121,12,29.25531914893617,11.170212765957446,18.085106382978726,70.74468085106383,64.36170212765957,6.382978723404255
E00069775,158,50,11,39,108,100,8,31.645569620253166,6.962025316455696,24.68354430379747,68.35443037974683,63.29113924050633,5.063291139240507
E00069776,99,33,8,25,66,60,6,33.33333333333333,8.080808080808081,25.252525252525253,66.66666666666666,60.60606060606061,6.0606060606060606
E00069777,133,38,9,29,95,83,12,28.57142857142857,6.7669172932330826,21.804511278195488,71.42857142857143,62.40601503759399,9.022556390977442
E00069778,173,43,15,28,130,124,6,24.85549132947977,8.670520231213873,16.184971098265898,75.14450867052022,71.67630057803468,3.4682080924855487
E00069779,86,12,5,7,74,66,8,13.953488372093023,5.813953488372093,8.13953488372093,86.04651162790698,76.74418604651163,9.30232558139535
E00069780,161,40,11,29,121,109,12,24.84472049689441,6.832298136645963,18.012422360248447,75.15527950310559,67.70186335403726,7.453416149068323
E00069781,164,57,16,41,107,94,13,34.756097560975604,9.75609756097561,25,65.2439024390244,57.3170731707317,7.926829268292683
E00069782,159,42,8,34,117,112,5,26.41509433962264,5.031446540880504,21.38364779874214,73.58490566037736,70.44025157232704,3.1446540880503147
E00069783,151,44,11,33,107,96,11,29.13907284768212,7.28476821192053,21.85430463576159,70.86092715231787,63.576158940397356,7.28476821192053
E00069784,189,50,12,38,139,125,14,26.455026455026452,6.349206349206349,20.105820105820104,73.54497354497354,66.13756613756614,7.4074074074074066
E00069785,127,28,9,19,99,91,8,22.04724409448819,7.086614173228346,14.960629921259844,77.95275590551181,71.65354330708661,6.299212598425196
E00069786,125,43,11,32,82,72,10,34.4,8.799999999999999,25.6,65.60000000000001,57.599999999999994,8
E00069787,161,49,21,28,112,97,15,30.434782608695656,13.043478260869565,17.391304347826086,69.56521739130434,60.24844720496895,9.316770186335404
E00069788,155,61,29,32,94,78,16,39.35483870967742,18.70967741935484,20.64516129032258,60.64516129032258,50.32258064516129,10.32258064516129
E00069789,138,42,9,33,96,84,12,30.434782608695656,6.521739130434782,23.91304347826087,69.56521739130434,60.86956521739131,8.695652173913043
E00069790,128,49,12,37,79,72,7,38.28125,9.375,28.90625,61.71875,56.25,5.46875
E00069791,156,44,12,32,112,101,11,28.205128205128204,7.6923076923076925,20.51282051282051,71.7948717948718,64.74358974358975,7.051282051282051
E00069792,152,69,25,44,83,68,15,45.39473684210527,16.447368421052634,28.947368421052634,54.60526315789473,44.73684210526316,9.868421052631579
E00069793,160,46,12,34,114,104,10,28.749999999999996,7.5,21.25,71.25,65,6.25
E00069794,60,17,2,15,43,38,5,28.333333333333332,3.3333333333333335,25,71.66666666666667,63.33333333333333,8.333333333333332
E00069795,133,45,6,39,88,80,8,33.83458646616541,4.511278195488721,29.32330827067669,66.16541353383458,60.150375939849624,6.015037593984962
E00069797,135,47,13,34,88,77,11,34.81481481481482,9.62962962962963,25.185185185185183,65.18518518518519,57.03703703703704,8.148148148148149
E00069799,235,56,19,37,179,159,20,23.829787234042556,8.085106382978724,15.74468085106383,76.17021276595744,67.65957446808511,8.51063829787234
E00069800,153,53,15,38,100,90,10,34.64052287581699,9.803921568627452,24.836601307189543,65.359477124183,58.82352941176471,6.535947712418301
E00069801,124,42,20,22,82,71,11,33.87096774193548,16.129032258064516,17.741935483870968,66.12903225806451,57.25806451612904,8.870967741935484
E00069802,153,42,12,30,111,88,23,27.450980392156865,7.8431372549019605,19.607843137254903,72.54901960784314,57.51633986928104,15.032679738562091
E00069803,172,57,19,38,115,108,7,33.13953488372093,11.046511627906977,22.093023255813954,66.86046511627907,62.7906976744186,4.069767441860465
E00069804,115,39,13,26,76,68,8,33.91304347826087,11.304347826086957,22.608695652173914,66.08695652173913,59.130434782608695,6.956521739130435
E00069805,150,34,10,24,116,101,15,22.666666666666664,6.666666666666667,16,77.33333333333333,67.33333333333333,10
E00069806,122,49,22,27,73,60,13,40.16393442622951,18.0327868852459,22.131147540983605,59.83606557377049,49.18032786885246,10.655737704918032
E00069807,203,86,38,48,117,106,11,42.364532019704434,18.7192118226601,23.645320197044335,57.635467980295566,52.21674876847291,5.41871921182266
E00069808,166,56,14,42,110,99,11,33.734939759036145,8.433734939759036,25.301204819277107,66.26506024096386,59.63855421686747,6.626506024096386
E00069809,144,60,19,41,84,72,12,41.66666666666667,13.194444444444445,28.47222222222222,58.333333333333336,50,8.333333333333332
E00069810,117,49,20,29,68,63,5,41.88034188034188,17.094017094017094,24.786324786324787,58.119658119658126,53.84615384615385,4.273504273504273
E00069811,188,70,15,55,118,103,15,37.234042553191486,7.9787234042553195,29.25531914893617,62.76595744680851,54.78723404255319,7.9787234042553195
E00069812,234,62,24,38,172,152,20,26.495726495726498,10.256410256410255,16.23931623931624,73.50427350427351,64.95726495726495,8.547008547008547
E00069813,212,78,40,38,134,129,5,36.79245283018868,18.867924528301888,17.92452830188679,63.20754716981132,60.84905660377359,2.358490566037736
E00069814,153,66,16,50,87,77,10,43.13725490196079,10.457516339869281,32.6797385620915,56.86274509803921,50.326797385620914,6.535947712418301
E00069815,113,36,7,29,77,68,9,31.858407079646017,6.1946902654867255,25.663716814159294,68.14159292035397,60.17699115044248,7.964601769911504
E00069816,161,46,13,33,115,111,4,28.57142857142857,8.074534161490684,20.496894409937887,71.42857142857143,68.94409937888199,2.484472049689441
E00069817,155,46,15,31,109,87,22,29.677419354838708,9.67741935483871,20,70.3225806451613,56.12903225806451,14.193548387096774
E00069818,67,19,5,14,48,44,4,28.35820895522388,7.462686567164178,20.8955223880597,71.64179104477611,65.67164179104478,5.970149253731343
E00069819,219,69,25,44,150,140,10,31.506849315068493,11.415525114155251,20.091324200913242,68.4931506849315,63.926940639269404,4.5662100456621
E00069820,166,69,25,44,97,94,3,41.566265060240966,15.060240963855422,26.506024096385545,58.43373493975904,56.62650602409639,1.8072289156626504
E00069821,119,49,18,31,70,63,7,41.17647058823529,15.126050420168067,26.05042016806723,58.82352941176471,52.94117647058824,5.88235294117647
E00069822,158,57,19,38,101,90,11,36.075949367088604,12.025316455696203,24.050632911392405,63.92405063291139,56.9620253164557,6.962025316455696
E00069823,130,47,17,30,83,70,13,36.15384615384615,13.076923076923078,23.076923076923077,63.84615384615384,53.84615384615385,10
E00069824,133,55,16,39,78,60,18,41.35338345864661,12.030075187969924,29.32330827067669,58.64661654135338,45.11278195488722,13.533834586466165
E00069825,184,54,25,29,130,117,13,29.347826086956523,13.586956521739129,15.760869565217392,70.65217391304348,63.58695652173913,7.065217391304348
E00069826,128,34,10,24,94,85,9,26.5625,7.8125,18.75,73.4375,66.40625,7.03125
E00069827,141,73,33,40,68,62,6,51.77304964539007,23.404255319148938,28.368794326241137,48.226950354609926,43.97163120567376,4.25531914893617
E00069828,34,14,6,8,20,20,0,41.17647058823529,17.647058823529413,23.52941176470588,58.82352941176471,58.82352941176471,0
E00069829,180,56,27,29,124,109,15,31.11111111111111,15,16.11111111111111,68.88888888888889,60.55555555555555,8.333333333333332
E00069830,205,78,40,38,127,119,8,38.048780487804876,19.51219512195122,18.536585365853657,61.951219512195124,58.048780487804876,3.902439024390244
E00069831,113,32,15,17,81,78,3,28.31858407079646,13.274336283185843,15.04424778761062,71.68141592920354,69.02654867256636,2.6548672566371683
E00069832,145,56,17,39,89,79,10,38.62068965517241,11.724137931034482,26.89655172413793,61.37931034482759,54.48275862068965,6.896551724137931
E00069833,160,44,16,28,116,96,20,27.500000000000004,10,17.5,72.5,60,12.5
E00069834,134,40,9,31,94,79,15,29.850746268656714,6.7164179104477615,23.134328358208954,70.1492537313433,58.95522388059702,11.194029850746269
E00069835,149,48,12,36,101,90,11,32.21476510067114,8.053691275167784,24.161073825503358,67.78523489932886,60.40268456375839,7.38255033557047
E00069836,195,76,25,51,119,108,11,38.97435897435898,12.82051282051282,26.153846153846157,61.02564102564103,55.38461538461539,5.641025641025641
E00069837,137,36,8,28,101,91,10,26.277372262773724,5.839416058394161,20.437956204379564,73.72262773722628,66.42335766423358,7.2992700729927
E00069838,224,59,21,38,165,147,18,26.339285714285715,9.375,16.964285714285715,73.66071428571429,65.625,8.035714285714286
E00069839,263,89,26,63,174,157,17,33.840304182509506,9.885931558935361,23.954372623574145,66.15969581749049,59.6958174904943,6.4638783269961975
E00069840,225,56,18,38,169,151,18,24.88888888888889,8,16.88888888888889,75.1111111111111,67.11111111111111,8
E00069841,148,43,15,28,105,92,13,29.054054054054053,10.135135135135135,18.91891891891892,70.94594594594594,62.16216216216216,8.783783783783784
E00069843,121,32,9,23,89,81,8,26.446280991735538,7.43801652892562,19.00826446280992,73.55371900826447,66.94214876033058,6.6115702479338845
E00069844,127,40,14,26,87,80,7,31.496062992125985,11.023622047244094,20.47244094488189,68.50393700787401,62.99212598425197,5.511811023622047
E00069845,157,48,19,29,109,102,7,30.573248407643312,12.101910828025478,18.471337579617835,69.42675159235668,64.96815286624204,4.45859872611465
E00069846,141,51,20,31,90,78,12,36.17021276595745,14.184397163120568,21.98581560283688,63.829787234042556,55.319148936170215,8.51063829787234
E00069847,106,43,11,32,63,53,10,40.56603773584906,10.377358490566039,30.18867924528302,59.43396226415094,50,9.433962264150944
E00069848,116,37,8,29,79,69,10,31.896551724137932,6.896551724137931,25,68.10344827586206,59.48275862068966,8.620689655172415
E00069849,132,48,11,37,84,75,9,36.36363636363637,8.333333333333332,28.030303030303028,63.63636363636363,56.81818181818182,6.8181818181818175
E00069850,163,49,14,35,114,99,15,30.061349693251532,8.588957055214724,21.472392638036812,69.93865030674846,60.73619631901841,9.202453987730062
E00069851,68,14,4,10,54,44,10,20.588235294117645,5.88235294117647,14.705882352941178,79.41176470588235,64.70588235294117,14.705882352941178
E00069852,154,43,5,38,111,98,13,27.92207792207792,3.2467532467532463,24.675324675324674,72.07792207792207,63.63636363636363,8.441558441558442
E00069853,152,38,4,34,114,110,4,25,2.631578947368421,22.36842105263158,75,72.36842105263158,2.631578947368421
E00069854,77,16,3,13,61,52,9,20.77922077922078,3.896103896103896,16.883116883116884,79.22077922077922,67.53246753246754,11.688311688311687
E00069855,94,26,6,20,68,60,8,27.659574468085108,6.382978723404255,21.27659574468085,72.3404255319149,63.829787234042556,8.51063829787234
E00069856,96,40,9,31,56,50,6,41.66666666666667,9.375,32.29166666666667,58.333333333333336,52.083333333333336,6.25
E00069858,159,53,16,37,106,99,7,33.33333333333333,10.062893081761008,23.270440251572328,66.66666666666666,62.264150943396224,4.40251572327044
E00069859,93,36,14,22,57,53,4,38.70967741935484,15.053763440860216,23.655913978494624,61.29032258064516,56.98924731182796,4.301075268817205
E00069860,116,43,6,37,73,65,8,37.06896551724138,5.172413793103448,31.896551724137932,62.93103448275862,56.03448275862068,6.896551724137931
E00069861,89,40,14,26,49,45,4,44.9438202247191,15.730337078651685,29.213483146067414,55.0561797752809,50.56179775280899,4.49438202247191
E00069862,130,41,4,37,89,81,8,31.538461538461537,3.076923076923077,28.46153846153846,68.46153846153847,62.30769230769231,6.153846153846154
E00069863,131,46,12,34,85,75,10,35.11450381679389,9.16030534351145,25.954198473282442,64.8854961832061,57.25190839694656,7.633587786259542
E00069864,112,41,7,34,71,64,7,36.607142857142854,6.25,30.357142857142854,63.39285714285714,57.14285714285714,6.25
E00069865,123,42,4,38,81,75,6,34.146341463414636,3.2520325203252036,30.89430894308943,65.85365853658537,60.97560975609756,4.878048780487805
E00069866,129,39,11,28,90,79,11,30.23255813953488,8.527131782945736,21.705426356589147,69.76744186046511,61.240310077519375,8.527131782945736
E00069867,112,50,14,36,62,56,6,44.642857142857146,12.5,32.142857142857146,55.35714285714286,50,5.357142857142857
E00069870,79,23,3,20,56,55,1,29.11392405063291,3.79746835443038,25.31645569620253,70.88607594936708,69.62025316455697,1.2658227848101267
E00069871,158,53,14,39,105,94,11,33.54430379746836,8.860759493670885,24.68354430379747,66.45569620253164,59.49367088607595,6.962025316455696
E00069872,101,34,10,24,67,62,5,33.663366336633665,9.900990099009901,23.762376237623762,66.33663366336634,61.386138613861384,4.9504950495049505
E00069873,101,42,17,25,59,55,4,41.584158415841586,16.831683168316832,24.752475247524753,58.415841584158414,54.45544554455446,3.9603960396039604
E00069874,79,23,10,13,56,47,9,29.11392405063291,12.658227848101266,16.455696202531644,70.88607594936708,59.49367088607595,11.39240506329114
E00069875,100,39,14,25,61,56,5,39,14.000000000000002,25,61,56.00000000000001,5
E00069876,89,30,4,26,59,56,3,33.70786516853933,4.49438202247191,29.213483146067414,66.29213483146067,62.92134831460674,3.3707865168539324
E00069877,106,41,11,30,65,60,5,38.67924528301887,10.377358490566039,28.30188679245283,61.32075471698113,56.60377358490566,4.716981132075472
E00069878,93,22,7,15,71,65,6,23.655913978494624,7.526881720430108,16.129032258064516,76.34408602150538,69.89247311827957,6.451612903225806
E00069879,92,33,3,30,59,58,1,35.869565217391305,3.260869565217391,32.608695652173914,64.13043478260869,63.04347826086957,1.0869565217391304
E00069880,117,47,7,40,70,61,9,40.17094017094017,5.982905982905983,34.18803418803419,59.82905982905983,52.13675213675214,7.6923076923076925
E00069881,104,35,7,28,69,69,0,33.65384615384615,6.730769230769231,26.923076923076923,66.34615384615384,66.34615384615384,0
E00069882,138,38,10,28,100,85,15,27.536231884057973,7.246376811594203,20.28985507246377,72.46376811594203,61.59420289855072,10.869565217391305
E00069883,99,30,8,22,69,66,3,30.303030303030305,8.080808080808081,22.22222222222222,69.6969696969697,66.66666666666666,3.0303030303030303
E00069884,129,48,6,42,81,71,10,37.2093023255814,4.651162790697675,32.55813953488372,62.7906976744186,55.03875968992248,7.751937984496124
E00069885,107,32,7,25,75,69,6,29.906542056074763,6.5420560747663545,23.364485981308412,70.09345794392523,64.48598130841121,5.607476635514018
E00069886,137,35,9,26,102,101,1,25.547445255474454,6.569343065693431,18.97810218978102,74.45255474452554,73.72262773722628,0.7299270072992701
E00069887,177,47,7,40,130,116,14,26.55367231638418,3.954802259887006,22.598870056497177,73.44632768361582,65.5367231638418,7.909604519774012
E00069888,24,11,2,9,13,10,3,45.83333333333333,8.333333333333332,37.5,54.166666666666664,41.66666666666667,12.5
E00069889,99,24,7,17,75,64,11,24.242424242424242,7.07070707070707,17.17171717171717,75.75757575757575,64.64646464646465,11.11111111111111
E00069890,128,32,8,24,96,84,12,25,6.25,18.75,75,65.625,9.375
E00069891,113,33,6,27,80,71,9,29.20353982300885,5.3097345132743365,23.893805309734514,70.79646017699115,62.83185840707964,7.964601769911504
E00069892,67,14,3,11,53,45,8,20.8955223880597,4.477611940298507,16.417910447761194,79.1044776119403,67.16417910447761,11.940298507462686
E00069893,23,10,0,10,13,12,1,43.47826086956522,0,43.47826086956522,56.52173913043478,52.17391304347826,4.3478260869565215
E00069894,156,57,20,37,99,90,9,36.53846153846153,12.82051282051282,23.717948717948715,63.46153846153846,57.692307692307686,5.769230769230769
E00069895,138,43,13,30,95,86,9,31.15942028985507,9.420289855072465,21.73913043478261,68.84057971014492,62.31884057971014,6.521739130434782
E00069896,118,37,9,28,81,76,5,31.35593220338983,7.627118644067797,23.728813559322035,68.64406779661016,64.40677966101694,4.23728813559322
E00069897,153,41,13,28,112,102,10,26.797385620915033,8.49673202614379,18.30065359477124,73.20261437908496,66.66666666666666,6.535947712418301
E00069898,43,9,6,3,34,30,4,20.930232558139537,13.953488372093023,6.976744186046512,79.06976744186046,69.76744186046511,9.30232558139535
E00069899,150,52,15,37,98,85,13,34.66666666666667,10,24.666666666666668,65.33333333333333,56.666666666666664,8.666666666666668
E00069900,144,45,7,38,99,95,4,31.25,4.861111111111112,26.38888888888889,68.75,65.97222222222221,2.7777777777777777
E00069901,106,26,6,20,80,73,7,24.528301886792452,5.660377358490567,18.867924528301888,75.47169811320755,68.86792452830188,6.60377358490566
E00069902,88,32,12,20,56,46,10,36.36363636363637,13.636363636363635,22.727272727272727,63.63636363636363,52.27272727272727,11.363636363636363
E00069903,90,29,9,20,61,54,7,32.22222222222222,10,22.22222222222222,67.77777777777779,60,7.777777777777778
E00069904,121,39,8,31,82,74,8,32.231404958677686,6.6115702479338845,25.6198347107438,67.76859504132231,61.15702479338842,6.6115702479338845
E00069905,121,31,8,23,90,79,11,25.6198347107438,6.6115702479338845,19.00826446280992,74.3801652892562,65.28925619834712,9.090909090909092
E00069906,115,27,6,21,88,80,8,23.47826086956522,5.217391304347826,18.26086956521739,76.52173913043478,69.56521739130434,6.956521739130435
E00069907,112,25,5,20,87,81,6,22.321428571428573,4.464285714285714,17.857142857142858,77.67857142857143,72.32142857142857,5.357142857142857
E00069908,166,54,17,37,112,98,14,32.53012048192771,10.240963855421686,22.289156626506024,67.46987951807229,59.036144578313255,8.433734939759036
E00069909,136,40,10,30,96,82,14,29.411764705882355,7.352941176470589,22.058823529411764,70.58823529411765,60.29411764705882,10.294117647058822
E00069910,102,42,10,32,60,49,11,41.17647058823529,9.803921568627452,31.372549019607842,58.82352941176471,48.03921568627451,10.784313725490197
E00069911,127,46,8,38,81,70,11,36.22047244094488,6.299212598425196,29.92125984251969,63.77952755905512,55.118110236220474,8.661417322834646
E00069912,191,67,22,45,124,117,7,35.07853403141361,11.518324607329843,23.56020942408377,64.92146596858639,61.25654450261781,3.664921465968586
E00069913,127,42,14,28,85,78,7,33.07086614173229,11.023622047244094,22.04724409448819,66.92913385826772,61.417322834645674,5.511811023622047
E00069914,169,60,26,34,109,96,13,35.50295857988166,15.384615384615385,20.118343195266274,64.49704142011834,56.80473372781065,7.6923076923076925
E00069915,161,56,15,41,105,96,9,34.78260869565217,9.316770186335404,25.465838509316768,65.21739130434783,59.62732919254658,5.590062111801243
E00069916,120,29,11,18,91,82,9,24.166666666666668,9.166666666666666,15,75.83333333333333,68.33333333333333,7.5
E00069917,102,43,15,28,59,55,4,42.15686274509804,14.705882352941178,27.450980392156865,57.84313725490197,53.92156862745098,3.9215686274509802
E00069918,183,65,15,50,118,104,14,35.51912568306011,8.19672131147541,27.322404371584703,64.48087431693989,56.830601092896174,7.650273224043716
E00069919,130,38,12,26,92,86,6,29.230769230769234,9.230769230769232,20,70.76923076923077,66.15384615384615,4.615384615384616
E00069920,22,9,4,5,13,10,3,40.909090909090914,18.181818181818183,22.727272727272727,59.09090909090909,45.45454545454545,13.636363636363635
E00069921,146,54,9,45,92,84,8,36.986301369863014,6.164383561643835,30.82191780821918,63.013698630136986,57.534246575342465,5.47945205479452
E00069922,91,32,8,24,59,46,13,35.16483516483517,8.791208791208792,26.373626373626376,64.83516483516483,50.54945054945055,14.285714285714285
E00069923,127,32,13,19,95,85,10,25.196850393700785,10.236220472440944,14.960629921259844,74.80314960629921,66.92913385826772,7.874015748031496
E00069924,106,24,9,15,82,71,11,22.641509433962266,8.49056603773585,14.150943396226415,77.35849056603774,66.98113207547169,10.377358490566039
E00069925,149,38,15,23,111,97,14,25.503355704697988,10.06711409395973,15.436241610738255,74.49664429530202,65.1006711409396,9.395973154362416
E00069926,121,34,7,27,87,63,24,28.09917355371901,5.785123966942149,22.31404958677686,71.900826446281,52.066115702479344,19.834710743801654
E00069927,191,57,13,44,134,119,15,29.84293193717277,6.806282722513089,23.036649214659686,70.15706806282722,62.30366492146597,7.853403141361256
E00069928,92,32,8,24,60,54,6,34.78260869565217,8.695652173913043,26.08695652173913,65.21739130434783,58.69565217391305,6.521739130434782
E00069929,127,36,4,32,91,81,10,28.346456692913385,3.149606299212598,25.196850393700785,71.65354330708661,63.77952755905512,7.874015748031496
E00069930,126,39,16,23,87,73,14,30.952380952380953,12.698412698412698,18.253968253968253,69.04761904761905,57.936507936507944,11.11111111111111
E00069932,78,24,4,20,54,50,4,30.76923076923077,5.128205128205128,25.64102564102564,69.23076923076923,64.1025641025641,5.128205128205128
E00069933,64,24,9,15,40,34,6,37.5,14.0625,23.4375,62.5,53.125,9.375
E00069934,135,36,8,28,99,89,10,26.666666666666668,5.9259259259259265,20.74074074074074,73.33333333333333,65.92592592592592,7.4074074074074066
E00069935,138,40,10,30,98,88,10,28.985507246376812,7.246376811594203,21.73913043478261,71.01449275362319,63.76811594202898,7.246376811594203
E00069936,82,32,10,22,50,43,7,39.02439024390244,12.195121951219512,26.82926829268293,60.97560975609756,52.4390243902439,8.536585365853659
E00069937,133,40,4,36,93,75,18,30.075187969924812,3.007518796992481,27.06766917293233,69.92481203007519,56.390977443609025,13.533834586466165
E00069938,78,27,13,14,51,44,7,34.61538461538461,16.666666666666664,17.94871794871795,65.38461538461539,56.41025641025641,8.974358974358974
E00069939,69,24,10,14,45,37,8,34.78260869565217,14.492753623188406,20.28985507246377,65.21739130434783,53.62318840579711,11.594202898550725
E00069940,143,40,13,27,103,93,10,27.972027972027973,9.090909090909092,18.88111888111888,72.02797202797203,65.03496503496503,6.993006993006993
E00069941,109,45,11,34,64,58,6,41.284403669724774,10.091743119266056,31.19266055045872,58.71559633027523,53.21100917431193,5.5045871559633035
E00069942,103,41,11,30,62,58,4,39.80582524271845,10.679611650485436,29.126213592233007,60.19417475728155,56.310679611650485,3.8834951456310676
E00069943,122,30,12,18,92,85,7,24.59016393442623,9.836065573770492,14.754098360655737,75.40983606557377,69.67213114754098,5.737704918032787
E00069944,125,55,15,40,70,64,6,44,12,32,56.00000000000001,51.2,4.8
E00069945,65,16,6,10,49,39,10,24.615384615384617,9.230769230769232,15.384615384615385,75.38461538461539,60,15.384615384615385
E00069946,138,37,10,27,101,86,15,26.811594202898554,7.246376811594203,19.565217391304348,73.18840579710145,62.31884057971014,10.869565217391305
E00069947,64,23,5,18,41,36,5,35.9375,7.8125,28.125,64.0625,56.25,7.8125
E00069948,121,33,7,26,88,79,9,27.27272727272727,5.785123966942149,21.487603305785125,72.72727272727273,65.28925619834712,7.43801652892562
E00069949,120,31,7,24,89,73,16,25.833333333333336,5.833333333333333,20,74.16666666666667,60.83333333333333,13.333333333333334
E00069950,107,32,10,22,75,69,6,29.906542056074763,9.345794392523365,20.5607476635514,70.09345794392523,64.48598130841121,5.607476635514018
E00069951,124,52,24,28,72,64,8,41.935483870967744,19.35483870967742,22.58064516129032,58.06451612903226,51.61290322580645,6.451612903225806
E00069952,34,16,5,11,18,17,1,47.05882352941176,14.705882352941178,32.35294117647059,52.94117647058824,50,2.941176470588235
E00069953,96,50,16,34,46,41,5,52.083333333333336,16.666666666666664,35.41666666666667,47.91666666666667,42.70833333333333,5.208333333333334
E00069954,30,11,3,8,19,17,2,36.666666666666664,10,26.666666666666668,63.33333333333333,56.666666666666664,6.666666666666667
E00069955,136,53,11,42,83,73,10,38.970588235294116,8.088235294117647,30.88235294117647,61.029411764705884,53.67647058823529,7.352941176470589
E00069956,40,15,6,9,25,23,2,37.5,15,22.5,62.5,57.49999999999999,5
E00069957,28,8,1,7,20,11,9,28.57142857142857,3.571428571428571,25,71.42857142857143,39.285714285714285,32.142857142857146
E00069958,29,9,2,7,20,20,0,31.03448275862069,6.896551724137931,24.137931034482758,68.96551724137932,68.96551724137932,0
E00069959,54,20,10,10,34,28,6,37.03703703703704,18.51851851851852,18.51851851851852,62.96296296296296,51.85185185185185,11.11111111111111
E00069960,108,36,14,22,72,65,7,33.33333333333333,12.962962962962962,20.37037037037037,66.66666666666666,60.18518518518518,6.481481481481481
E00069961,114,34,9,25,80,71,9,29.82456140350877,7.894736842105263,21.929824561403507,70.17543859649122,62.28070175438597,7.894736842105263
E00069962,144,48,10,38,96,86,10,33.33333333333333,6.944444444444445,26.38888888888889,66.66666666666666,59.72222222222222,6.944444444444445
E00069963,125,38,9,29,87,79,8,30.4,7.199999999999999,23.200000000000003,69.6,63.2,6.4
E00069964,150,43,13,30,107,93,14,28.666666666666668,8.666666666666668,20,71.33333333333334,62,9.333333333333334
E00069965,114,41,15,26,73,67,6,35.96491228070175,13.157894736842104,22.807017543859647,64.03508771929825,58.77192982456141,5.263157894736842
E00069966,229,67,27,40,162,138,24,29.257641921397383,11.790393013100436,17.46724890829694,70.74235807860262,60.26200873362445,10.480349344978166
E00069967,128,41,12,29,87,82,5,32.03125,9.375,22.65625,67.96875,64.0625,3.90625
E00069968,133,41,20,21,92,81,11,30.82706766917293,15.037593984962406,15.789473684210526,69.17293233082707,60.902255639097746,8.270676691729323
E00069970,109,32,9,23,77,66,11,29.357798165137616,8.256880733944955,21.100917431192663,70.64220183486239,60.550458715596335,10.091743119266056
E00069971,119,44,11,33,75,68,7,36.97478991596639,9.243697478991598,27.73109243697479,63.02521008403361,57.14285714285714,5.88235294117647
E00069972,159,43,5,38,116,104,12,27.044025157232703,3.1446540880503147,23.89937106918239,72.95597484276729,65.40880503144653,7.547169811320755
E00069973,73,25,12,13,48,47,1,34.24657534246575,16.43835616438356,17.80821917808219,65.75342465753424,64.38356164383562,1.36986301369863
E00069974,117,46,13,33,71,62,9,39.31623931623932,11.11111111111111,28.205128205128204,60.68376068376068,52.991452991452995,7.6923076923076925
E00069975,181,68,22,46,113,100,13,37.569060773480665,12.154696132596685,25.41436464088398,62.430939226519335,55.24861878453039,7.18232044198895
E00069976,120,31,16,15,89,76,13,25.833333333333336,13.333333333333334,12.5,74.16666666666667,63.33333333333333,10.833333333333334
E00069977,115,49,25,24,66,59,7,42.608695652173914,21.73913043478261,20.869565217391305,57.391304347826086,51.30434782608696,6.086956521739131
E00069978,151,44,9,35,107,98,9,29.13907284768212,5.960264900662252,23.178807947019866,70.86092715231787,64.90066225165563,5.960264900662252
E00069979,118,36,12,24,82,72,10,30.508474576271187,10.16949152542373,20.33898305084746,69.49152542372882,61.016949152542374,8.47457627118644
E00069980,128,43,11,32,85,77,8,33.59375,8.59375,25,66.40625,60.15625,6.25
E00069981,179,73,20,53,106,85,21,40.78212290502793,11.1731843575419,29.608938547486037,59.217877094972074,47.486033519553075,11.731843575418994
E00069982,158,47,16,31,111,99,12,29.746835443037973,10.126582278481013,19.62025316455696,70.25316455696202,62.65822784810127,7.59493670886076
E00069983,104,33,8,25,71,65,6,31.73076923076923,7.6923076923076925,24.03846153846154,68.26923076923077,62.5,5.769230769230769
E00069984,144,52,20,32,92,85,7,36.11111111111111,13.88888888888889,22.22222222222222,63.888888888888886,59.02777777777778,4.861111111111112
E00069985,132,47,22,25,85,73,12,35.60606060606061,16.666666666666664,18.939393939393938,64.39393939393939,55.3030303030303,9.090909090909092
E00069986,159,45,12,33,114,104,10,28.30188679245283,7.547169811320755,20.754716981132077,71.69811320754717,65.40880503144653,6.289308176100629
E00069987,131,36,14,22,95,85,10,27.480916030534353,10.687022900763358,16.793893129770993,72.51908396946564,64.8854961832061,7.633587786259542
E00069988,150,46,18,28,104,98,6,30.666666666666664,12,18.666666666666668,69.33333333333334,65.33333333333333,4
E00069992,238,24,5,19,214,183,31,10.084033613445378,2.100840336134454,7.9831932773109235,89.91596638655463,76.89075630252101,13.025210084033615
E00069993,159,28,8,20,131,115,16,17.61006289308176,5.031446540880504,12.578616352201259,82.38993710691824,72.32704402515722,10.062893081761008
E00069994,105,26,8,18,79,71,8,24.761904761904763,7.6190476190476195,17.142857142857142,75.23809523809524,67.61904761904762,7.6190476190476195
E00069995,92,47,12,35,45,41,4,51.08695652173913,13.043478260869565,38.04347826086957,48.91304347826087,44.565217391304344,4.3478260869565215
E00069996,104,28,13,15,76,69,7,26.923076923076923,12.5,14.423076923076922,73.07692307692307,66.34615384615384,6.730769230769231
E00069997,117,47,16,31,70,63,7,40.17094017094017,13.675213675213676,26.495726495726498,59.82905982905983,53.84615384615385,5.982905982905983
E00069999,86,33,9,24,53,52,1,38.372093023255815,10.465116279069768,27.906976744186046,61.627906976744185,60.46511627906976,1.1627906976744187
E00070000,116,37,11,26,79,73,6,31.896551724137932,9.482758620689655,22.413793103448278,68.10344827586206,62.93103448275862,5.172413793103448
E00070001,110,50,15,35,60,55,5,45.45454545454545,13.636363636363635,31.818181818181817,54.54545454545454,50,4.545454545454546
E00070002,84,21,4,17,63,53,10,25,4.761904761904762,20.238095238095237,75,63.095238095238095,11.904761904761903
E00070003,99,36,7,29,63,53,10,36.36363636363637,7.07070707070707,29.292929292929294,63.63636363636363,53.535353535353536,10.1010101010101
E00070004,105,31,8,23,74,65,9,29.523809523809526,7.6190476190476195,21.904761904761905,70.47619047619048,61.904761904761905,8.571428571428571
E00070005,117,43,13,30,74,69,5,36.75213675213676,11.11111111111111,25.64102564102564,63.24786324786324,58.97435897435898,4.273504273504273
E00070006,147,47,14,33,100,93,7,31.97278911564626,9.523809523809524,22.448979591836736,68.02721088435374,63.26530612244898,4.761904761904762
E00070007,159,43,9,34,116,109,7,27.044025157232703,5.660377358490567,21.38364779874214,72.95597484276729,68.55345911949685,4.40251572327044
E00070008,152,45,22,23,107,91,16,29.605263157894733,14.473684210526317,15.131578947368421,70.39473684210526,59.86842105263158,10.526315789473683
E00070009,104,37,10,27,67,58,9,35.57692307692308,9.615384615384617,25.961538461538463,64.42307692307693,55.769230769230774,8.653846153846153
E00070010,162,48,11,37,114,100,14,29.629629629629626,6.790123456790123,22.839506172839506,70.37037037037037,61.72839506172839,8.641975308641975
E00070011,116,26,11,15,90,82,8,22.413793103448278,9.482758620689655,12.931034482758621,77.58620689655173,70.6896551724138,6.896551724137931
E00070012,128,44,13,31,84,77,7,34.375,10.15625,24.21875,65.625,60.15625,5.46875
E00070013,99,36,4,32,63,60,3,36.36363636363637,4.040404040404041,32.323232323232325,63.63636363636363,60.60606060606061,3.0303030303030303
E00070014,96,37,8,29,59,55,4,38.54166666666667,8.333333333333332,30.208333333333332,61.458333333333336,57.291666666666664,4.166666666666666
E00070015,83,34,7,27,49,44,5,40.963855421686745,8.433734939759036,32.53012048192771,59.036144578313255,53.01204819277109,6.024096385542169
E00070016,113,35,8,27,78,68,10,30.973451327433626,7.079646017699115,23.893805309734514,69.02654867256636,60.17699115044248,8.849557522123893
E00070017,86,24,7,17,62,54,8,27.906976744186046,8.13953488372093,19.767441860465116,72.09302325581395,62.7906976744186,9.30232558139535
E00070018,114,44,12,32,70,63,7,38.59649122807017,10.526315789473683,28.07017543859649,61.40350877192983,55.26315789473685,6.140350877192982
E00070019,128,31,7,24,97,94,3,24.21875,5.46875,18.75,75.78125,73.4375,2.34375
E00070020,144,43,10,33,101,89,12,29.86111111111111,6.944444444444445,22.916666666666664,70.13888888888889,61.80555555555556,8.333333333333332
E00070021,162,40,9,31,122,109,13,24.691358024691358,5.555555555555555,19.1358024691358,75.30864197530865,67.28395061728395,8.024691358024691
E00070022,127,35,7,28,92,80,12,27.559055118110237,5.511811023622047,22.04724409448819,72.44094488188976,62.99212598425197,9.448818897637794
E00070023,110,32,7,25,78,73,5,29.09090909090909,6.363636363636363,22.727272727272727,70.9090909090909,66.36363636363637,4.545454545454546
E00070024,135,37,7,30,98,90,8,27.40740740740741,5.185185185185185,22.22222222222222,72.5925925925926,66.66666666666666,5.9259259259259265
E00070025,126,56,16,40,70,61,9,44.44444444444444,12.698412698412698,31.746031746031743,55.55555555555556,48.41269841269841,7.142857142857142
E00070026,104,44,12,32,60,56,4,42.30769230769231,11.538461538461538,30.76923076923077,57.692307692307686,53.84615384615385,3.8461538461538463
E00070027,137,42,14,28,95,86,9,30.656934306569344,10.218978102189782,20.437956204379564,69.34306569343066,62.77372262773723,6.569343065693431
E00070028,81,27,5,22,54,47,7,33.33333333333333,6.172839506172839,27.160493827160494,66.66666666666666,58.0246913580247,8.641975308641975
E00070029,118,35,8,27,83,78,5,29.66101694915254,6.779661016949152,22.88135593220339,70.33898305084746,66.10169491525424,4.23728813559322
E00070030,122,47,13,34,75,67,8,38.52459016393443,10.655737704918032,27.86885245901639,61.47540983606557,54.91803278688525,6.557377049180328
E00070031,118,50,17,33,68,60,8,42.3728813559322,14.40677966101695,27.966101694915253,57.6271186440678,50.847457627118644,6.779661016949152
E00070032,107,35,12,23,72,66,6,32.71028037383177,11.214953271028037,21.49532710280374,67.28971962616822,61.6822429906542,5.607476635514018
E00070033,137,44,9,35,93,80,13,32.11678832116788,6.569343065693431,25.547445255474454,67.88321167883211,58.3941605839416,9.48905109489051
E00070034,126,47,10,37,79,72,7,37.301587301587304,7.936507936507936,29.365079365079367,62.698412698412696,57.14285714285714,5.555555555555555
E00070035,53,16,5,11,37,31,6,30.18867924528302,9.433962264150944,20.754716981132077,69.81132075471697,58.490566037735846,11.320754716981133
E00070036,108,30,4,26,78,75,3,27.77777777777778,3.7037037037037033,24.074074074074073,72.22222222222221,69.44444444444444,2.7777777777777777
E00070037,128,36,11,25,92,86,6,28.125,8.59375,19.53125,71.875,67.1875,4.6875
E00070038,150,55,13,42,95,89,6,36.666666666666664,8.666666666666668,28.000000000000004,63.33333333333333,59.333333333333336,4
E00070039,116,32,7,25,84,81,3,27.586206896551722,6.0344827586206895,21.551724137931032,72.41379310344827,69.82758620689656,2.586206896551724
E00070041,118,51,15,36,67,59,8,43.22033898305085,12.711864406779661,30.508474576271187,56.779661016949156,50,6.779661016949152
E00070042,84,27,8,19,57,44,13,32.142857142857146,9.523809523809524,22.61904761904762,67.85714285714286,52.38095238095239,15.476190476190476
E00070043,124,47,8,39,77,70,7,37.903225806451616,6.451612903225806,31.451612903225808,62.096774193548384,56.451612903225815,5.64516129032258
E00070044,157,47,5,42,110,100,10,29.936305732484076,3.1847133757961785,26.751592356687897,70.06369426751591,63.69426751592356,6.369426751592357
E00070045,172,61,16,45,111,94,17,35.46511627906977,9.30232558139535,26.16279069767442,64.53488372093024,54.65116279069767,9.883720930232558
E00070046,86,37,8,29,49,44,5,43.02325581395349,9.30232558139535,33.72093023255814,56.97674418604651,51.162790697674424,5.813953488372093
E00070047,133,46,16,30,87,73,14,34.58646616541353,12.030075187969924,22.55639097744361,65.41353383458647,54.88721804511278,10.526315789473683
E00070048,42,8,1,7,34,34,0,19.047619047619047,2.380952380952381,16.666666666666664,80.95238095238095,80.95238095238095,0
E00070049,83,29,6,23,54,49,5,34.93975903614458,7.228915662650602,27.710843373493976,65.06024096385542,59.036144578313255,6.024096385542169
E00070050,82,22,7,15,60,55,5,26.82926829268293,8.536585365853659,18.29268292682927,73.17073170731707,67.07317073170732,6.097560975609756
E00070051,86,29,11,18,57,48,9,33.72093023255814,12.790697674418606,20.930232558139537,66.27906976744185,55.81395348837209,10.465116279069768
E00070052,187,46,11,35,141,122,19,24.598930481283425,5.88235294117647,18.71657754010695,75.40106951871658,65.24064171122996,10.16042780748663
E00070053,100,40,7,33,60,53,7,40,7.000000000000001,33,60,53,7.000000000000001
E00070054,99,37,7,30,62,58,4,37.37373737373738,7.07070707070707,30.303030303030305,62.62626262626263,58.58585858585859,4.040404040404041
E00070055,60,20,5,15,40,34,6,33.33333333333333,8.333333333333332,25,66.66666666666666,56.666666666666664,10
E00070056,144,47,12,35,97,82,15,32.63888888888889,8.333333333333332,24.305555555555554,67.36111111111111,56.94444444444444,10.416666666666668
E00070057,150,36,13,23,114,96,18,24,8.666666666666668,15.333333333333332,76,64,12
E00070058,152,50,14,36,102,88,14,32.89473684210527,9.210526315789473,23.684210526315788,67.10526315789474,57.89473684210527,9.210526315789473
E00070059,67,20,5,15,47,34,13,29.850746268656714,7.462686567164178,22.388059701492537,70.1492537313433,50.74626865671642,19.402985074626866
E00070060,143,40,13,27,103,92,11,27.972027972027973,9.090909090909092,18.88111888111888,72.02797202797203,64.33566433566433,7.6923076923076925
E00070061,128,41,16,25,87,76,11,32.03125,12.5,19.53125,67.96875,59.375,8.59375
E00070062,173,59,17,42,114,106,8,34.104046242774565,9.826589595375722,24.277456647398843,65.89595375722543,61.27167630057804,4.624277456647398
E00070063,99,36,11,25,63,57,6,36.36363636363637,11.11111111111111,25.252525252525253,63.63636363636363,57.57575757575758,6.0606060606060606
E00070064,129,49,22,27,80,74,6,37.98449612403101,17.05426356589147,20.930232558139537,62.01550387596899,57.36434108527132,4.651162790697675
E00070065,119,36,5,31,83,77,6,30.252100840336134,4.201680672268908,26.05042016806723,69.74789915966386,64.70588235294117,5.042016806722689
E00070066,145,45,12,33,100,82,18,31.03448275862069,8.275862068965518,22.758620689655174,68.96551724137932,56.55172413793104,12.413793103448276
E00070067,118,45,9,36,73,66,7,38.13559322033898,7.627118644067797,30.508474576271187,61.86440677966102,55.932203389830505,5.932203389830509
E00070068,136,35,14,21,101,91,10,25.735294117647058,10.294117647058822,15.441176470588236,74.26470588235294,66.91176470588235,7.352941176470589
E00070069,41,23,16,7,18,18,0,56.09756097560976,39.02439024390244,17.073170731707318,43.90243902439025,43.90243902439025,0
E00070070,170,51,16,35,119,101,18,30,9.411764705882353,20.588235294117645,70,59.411764705882355,10.588235294117647
E00070071,152,49,15,34,103,93,10,32.23684210526316,9.868421052631579,22.36842105263158,67.76315789473685,61.18421052631579,6.578947368421052
E00070072,161,39,9,30,122,106,16,24.22360248447205,5.590062111801243,18.633540372670808,75.77639751552795,65.83850931677019,9.937888198757763
E00070073,147,41,13,28,106,93,13,27.89115646258503,8.843537414965986,19.047619047619047,72.10884353741497,63.26530612244898,8.843537414965986
E00070074,116,25,6,19,91,81,10,21.551724137931032,5.172413793103448,16.379310344827587,78.44827586206897,69.82758620689656,8.620689655172415
E00070075,81,23,5,18,58,54,4,28.39506172839506,6.172839506172839,22.22222222222222,71.60493827160494,66.66666666666666,4.938271604938271
E00070076,127,34,9,25,93,81,12,26.77165354330709,7.086614173228346,19.68503937007874,73.22834645669292,63.77952755905512,9.448818897637794
E00070077,143,59,21,38,84,84,0,41.25874125874126,14.685314685314685,26.573426573426573,58.74125874125874,58.74125874125874,0
E00070078,114,41,9,32,73,69,4,35.96491228070175,7.894736842105263,28.07017543859649,64.03508771929825,60.526315789473685,3.508771929824561
E00070079,145,65,25,40,80,72,8,44.827586206896555,17.24137931034483,27.586206896551722,55.172413793103445,49.6551724137931,5.517241379310345
E00070080,169,64,26,38,105,93,12,37.8698224852071,15.384615384615385,22.485207100591715,62.1301775147929,55.02958579881657,7.100591715976331
E00070081,91,22,7,15,69,62,7,24.175824175824175,7.6923076923076925,16.483516483516482,75.82417582417582,68.13186813186813,7.6923076923076925
E00070082,105,38,14,24,67,59,8,36.19047619047619,13.333333333333334,22.857142857142858,63.8095238095238,56.19047619047619,7.6190476190476195
E00070083,152,46,11,35,106,92,14,30.263157894736842,7.236842105263158,23.026315789473685,69.73684210526315,60.526315789473685,9.210526315789473
E00070084,125,39,11,28,86,74,12,31.2,8.799999999999999,22.400000000000002,68.8,59.199999999999996,9.6
E00070085,133,38,10,28,95,84,11,28.57142857142857,7.518796992481203,21.052631578947366,71.42857142857143,63.1578947368421,8.270676691729323
E00070086,109,39,8,31,70,66,4,35.77981651376147,7.339449541284404,28.440366972477065,64.22018348623854,60.550458715596335,3.669724770642202
E00070087,118,37,10,27,81,71,10,31.35593220338983,8.47457627118644,22.88135593220339,68.64406779661016,60.16949152542372,8.47457627118644
E00070088,96,30,9,21,66,58,8,31.25,9.375,21.875,68.75,60.416666666666664,8.333333333333332
E00070089,132,36,8,28,96,76,20,27.27272727272727,6.0606060606060606,21.21212121212121,72.72727272727273,57.57575757575758,15.151515151515152
E00070090,127,27,11,16,100,90,10,21.25984251968504,8.661417322834646,12.598425196850393,78.74015748031496,70.86614173228347,7.874015748031496
E00070091,116,34,7,27,82,63,19,29.310344827586203,6.0344827586206895,23.275862068965516,70.6896551724138,54.310344827586206,16.379310344827587
E00070092,88,24,5,19,64,59,5,27.27272727272727,5.681818181818182,21.59090909090909,72.72727272727273,67.04545454545455,5.681818181818182
E00070093,118,36,13,23,82,73,9,30.508474576271187,11.016949152542372,19.491525423728813,69.49152542372882,61.86440677966102,7.627118644067797
E00070094,130,37,11,26,93,79,14,28.46153846153846,8.461538461538462,20,71.53846153846153,60.76923076923077,10.76923076923077
E00070095,186,45,12,33,141,116,25,24.193548387096776,6.451612903225806,17.741935483870968,75.80645161290323,62.365591397849464,13.440860215053762
E00070096,160,44,16,28,116,102,14,27.500000000000004,10,17.5,72.5,63.74999999999999,8.75
E00070097,127,37,8,29,90,83,7,29.133858267716533,6.299212598425196,22.83464566929134,70.86614173228347,65.35433070866141,5.511811023622047
E00070098,128,36,13,23,92,81,11,28.125,10.15625,17.96875,71.875,63.28125,8.59375
E00070099,172,45,10,35,127,117,10,26.16279069767442,5.813953488372093,20.348837209302324,73.83720930232558,68.02325581395348,5.813953488372093
E00070100,125,50,12,38,75,71,4,40,9.6,30.4,60,56.8,3.2
E00070101,142,45,9,36,97,85,12,31.690140845070424,6.338028169014084,25.352112676056336,68.30985915492957,59.859154929577464,8.450704225352112
E00070102,150,44,11,33,106,97,9,29.333333333333332,7.333333333333333,22,70.66666666666667,64.66666666666666,6
E00070103,48,32,14,18,16,15,1,66.66666666666666,29.166666666666668,37.5,33.33333333333333,31.25,2.083333333333333
E00070104,122,37,6,31,85,72,13,30.327868852459016,4.918032786885246,25.40983606557377,69.67213114754098,59.01639344262295,10.655737704918032
E00070105,121,36,15,21,85,78,7,29.75206611570248,12.396694214876034,17.355371900826448,70.24793388429752,64.46280991735537,5.785123966942149
E00070106,86,24,8,16,62,58,4,27.906976744186046,9.30232558139535,18.6046511627907,72.09302325581395,67.44186046511628,4.651162790697675
E00070107,169,49,13,36,120,113,7,28.994082840236686,7.6923076923076925,21.301775147928996,71.00591715976331,66.86390532544378,4.142011834319527
E00070108,153,49,13,36,104,95,9,32.02614379084967,8.49673202614379,23.52941176470588,67.97385620915033,62.091503267973856,5.88235294117647
E00070109,138,43,13,30,95,86,9,31.15942028985507,9.420289855072465,21.73913043478261,68.84057971014492,62.31884057971014,6.521739130434782
E00070110,103,38,13,25,65,59,6,36.89320388349515,12.62135922330097,24.271844660194176,63.10679611650486,57.28155339805825,5.825242718446602
E00070111,135,43,11,32,92,80,12,31.851851851851855,8.148148148148149,23.703703703703706,68.14814814814815,59.25925925925925,8.88888888888889
E00070112,180,45,18,27,135,110,25,25,10,15,75,61.111111111111114,13.88888888888889
E00070113,198,48,17,31,150,128,22,24.242424242424242,8.585858585858585,15.656565656565657,75.75757575757575,64.64646464646465,11.11111111111111
E00070114,126,27,7,20,99,89,10,21.428571428571427,5.555555555555555,15.873015873015872,78.57142857142857,70.63492063492063,7.936507936507936
E00070115,96,27,8,19,69,58,11,28.125,8.333333333333332,19.791666666666664,71.875,60.416666666666664,11.458333333333332
E00070116,110,30,11,19,80,72,8,27.27272727272727,10,17.272727272727273,72.72727272727273,65.45454545454545,7.2727272727272725
E00070117,142,50,15,35,92,87,5,35.2112676056338,10.56338028169014,24.647887323943664,64.7887323943662,61.267605633802816,3.5211267605633805
E00070118,114,34,11,23,80,72,8,29.82456140350877,9.649122807017543,20.175438596491226,70.17543859649122,63.1578947368421,7.017543859649122
E00070120,153,40,14,26,113,97,16,26.143790849673206,9.15032679738562,16.99346405228758,73.8562091503268,63.39869281045751,10.457516339869281
E00070121,109,38,14,24,71,62,9,34.862385321100916,12.844036697247708,22.018348623853214,65.13761467889908,56.88073394495413,8.256880733944955
E00070122,100,29,6,23,71,64,7,28.999999999999996,6,23,71,64,7.000000000000001
E00070123,144,48,15,33,96,85,11,33.33333333333333,10.416666666666668,22.916666666666664,66.66666666666666,59.02777777777778,7.638888888888889
E00070124,169,53,19,34,116,96,20,31.360946745562128,11.242603550295858,20.118343195266274,68.63905325443787,56.80473372781065,11.834319526627219
E00070125,148,46,7,39,102,95,7,31.08108108108108,4.72972972972973,26.351351351351347,68.91891891891892,64.1891891891892,4.72972972972973
E00070126,154,46,14,32,108,95,13,29.87012987012987,9.090909090909092,20.77922077922078,70.12987012987013,61.68831168831169,8.441558441558442
E00070127,128,42,10,32,86,77,9,32.8125,7.8125,25,67.1875,60.15625,7.03125
E00070128,64,22,8,14,42,38,4,34.375,12.5,21.875,65.625,59.375,6.25
E00070129,180,53,11,42,127,110,17,29.444444444444446,6.111111111111111,23.333333333333332,70.55555555555556,61.111111111111114,9.444444444444445
E00070131,157,52,12,40,105,94,11,33.12101910828025,7.643312101910828,25.477707006369428,66.87898089171973,59.87261146496815,7.006369426751593
E00070132,159,51,18,33,108,96,12,32.075471698113205,11.320754716981133,20.754716981132077,67.9245283018868,60.37735849056604,7.547169811320755
E00070133,135,43,18,25,92,81,11,31.851851851851855,13.333333333333334,18.51851851851852,68.14814814814815,60,8.148148148148149
E00070134,113,47,19,28,66,60,6,41.5929203539823,16.8141592920354,24.778761061946902,58.4070796460177,53.09734513274337,5.3097345132743365
E00070135,142,40,13,27,102,97,5,28.169014084507044,9.15492957746479,19.014084507042252,71.83098591549296,68.30985915492957,3.5211267605633805
E00070136,99,18,6,12,81,74,7,18.181818181818183,6.0606060606060606,12.121212121212121,81.81818181818183,74.74747474747475,7.07070707070707
E00070137,127,35,19,16,92,85,7,27.559055118110237,14.960629921259844,12.598425196850393,72.44094488188976,66.92913385826772,5.511811023622047
E00070138,106,36,11,25,70,63,7,33.9622641509434,10.377358490566039,23.58490566037736,66.0377358490566,59.43396226415094,6.60377358490566
E00070139,127,36,9,27,91,83,8,28.346456692913385,7.086614173228346,21.25984251968504,71.65354330708661,65.35433070866141,6.299212598425196
E00070140,150,57,18,39,93,85,8,38,12,26,62,56.666666666666664,5.333333333333334
E00070141,113,43,14,29,70,67,3,38.05309734513274,12.389380530973451,25.663716814159294,61.94690265486725,59.29203539823009,2.6548672566371683
E00070142,200,46,11,35,154,125,29,23,5.5,17.5,77,62.5,14.499999999999998
E00070143,119,37,9,28,82,69,13,31.092436974789916,7.563025210084033,23.52941176470588,68.90756302521008,57.98319327731093,10.92436974789916
E00070144,180,61,21,40,119,99,20,33.88888888888889,11.666666666666666,22.22222222222222,66.11111111111111,55.00000000000001,11.11111111111111
E00070145,181,44,8,36,137,120,17,24.30939226519337,4.41988950276243,19.88950276243094,75.69060773480662,66.29834254143645,9.392265193370166
E00070146,102,37,8,29,65,57,8,36.27450980392157,7.8431372549019605,28.431372549019606,63.725490196078425,55.88235294117647,7.8431372549019605
E00070147,174,64,16,48,110,103,7,36.7816091954023,9.195402298850574,27.586206896551722,63.2183908045977,59.195402298850574,4.022988505747127
E00070148,131,34,8,26,97,87,10,25.954198473282442,6.106870229007633,19.84732824427481,74.04580152671755,66.41221374045801,7.633587786259542
E00070149,114,37,9,28,77,71,6,32.45614035087719,7.894736842105263,24.561403508771928,67.54385964912281,62.28070175438597,5.263157894736842
E00070150,161,48,12,36,113,90,23,29.81366459627329,7.453416149068323,22.36024844720497,70.1863354037267,55.90062111801242,14.285714285714285
E00070151,174,59,23,36,115,100,15,33.90804597701149,13.218390804597702,20.689655172413794,66.0919540229885,57.47126436781609,8.620689655172415
E00070152,46,12,3,9,34,29,5,26.08695652173913,6.521739130434782,19.565217391304348,73.91304347826086,63.04347826086957,10.869565217391305
E00070153,105,31,10,21,74,65,9,29.523809523809526,9.523809523809524,20,70.47619047619048,61.904761904761905,8.571428571428571
E00070154,159,52,16,36,107,92,15,32.70440251572327,10.062893081761008,22.641509433962266,67.29559748427673,57.861635220125784,9.433962264150944
E00070155,158,48,6,42,110,104,6,30.37974683544304,3.79746835443038,26.582278481012654,69.62025316455697,65.82278481012658,3.79746835443038
E00070156,147,35,9,26,112,104,8,23.809523809523807,6.122448979591836,17.687074829931973,76.19047619047619,70.74829931972789,5.442176870748299
E00070157,129,47,13,34,82,74,8,36.434108527131784,10.077519379844961,26.356589147286826,63.565891472868216,57.36434108527132,6.2015503875969
E00070158,131,47,16,31,84,74,10,35.87786259541985,12.213740458015266,23.66412213740458,64.12213740458014,56.48854961832062,7.633587786259542
E00070159,99,29,11,18,70,56,14,29.292929292929294,11.11111111111111,18.181818181818183,70.70707070707071,56.56565656565656,14.14141414141414
E00070160,32,9,1,8,23,23,0,28.125,3.125,25,71.875,71.875,0
E00070161,102,35,13,22,67,62,5,34.31372549019608,12.745098039215685,21.568627450980394,65.68627450980392,60.78431372549019,4.901960784313726
E00070162,134,39,6,33,95,88,7,29.1044776119403,4.477611940298507,24.62686567164179,70.8955223880597,65.67164179104478,5.223880597014925
E00070163,141,42,12,30,99,89,10,29.78723404255319,8.51063829787234,21.27659574468085,70.2127659574468,63.12056737588653,7.092198581560284
E00070164,120,47,12,35,73,64,9,39.166666666666664,10,29.166666666666668,60.83333333333333,53.333333333333336,7.5
E00070165,180,63,18,45,117,108,9,35,10,25,65,60,5
E00070166,130,46,12,34,84,80,4,35.38461538461539,9.230769230769232,26.153846153846157,64.61538461538461,61.53846153846154,3.076923076923077
E00070167,112,32,8,24,80,76,4,28.57142857142857,7.142857142857142,21.428571428571427,71.42857142857143,67.85714285714286,3.571428571428571
E00070168,170,48,21,27,122,109,13,28.235294117647058,12.352941176470589,15.88235294117647,71.76470588235294,64.11764705882354,7.647058823529412
E00070169,145,42,12,30,103,94,9,28.965517241379313,8.275862068965518,20.689655172413794,71.03448275862068,64.82758620689654,6.206896551724138
E00070170,174,41,11,30,133,117,16,23.563218390804597,6.321839080459771,17.24137931034483,76.4367816091954,67.24137931034483,9.195402298850574
E00070172,105,39,15,24,66,61,5,37.142857142857146,14.285714285714285,22.857142857142858,62.857142857142854,58.0952380952381,4.761904761904762
E00070173,125,42,10,32,83,78,5,33.6,8,25.6,66.4,62.4,4
E00070174,137,38,12,26,99,88,11,27.73722627737226,8.75912408759124,18.97810218978102,72.26277372262774,64.23357664233576,8.02919708029197
E00070175,110,37,4,33,73,65,8,33.63636363636363,3.6363636363636362,30,66.36363636363637,59.09090909090909,7.2727272727272725
E00070176,138,41,10,31,97,90,7,29.71014492753623,7.246376811594203,22.463768115942027,70.28985507246377,65.21739130434783,5.072463768115942
E00070177,122,41,13,28,81,74,7,33.60655737704918,10.655737704918032,22.950819672131146,66.39344262295081,60.65573770491803,5.737704918032787
E00070178,55,16,9,7,39,30,9,29.09090909090909,16.363636363636363,12.727272727272727,70.9090909090909,54.54545454545454,16.363636363636363
E00070179,141,33,11,22,108,100,8,23.404255319148938,7.801418439716312,15.602836879432624,76.59574468085107,70.92198581560284,5.673758865248227
E00070180,79,28,6,22,51,47,4,35.44303797468354,7.59493670886076,27.848101265822784,64.55696202531645,59.49367088607595,5.063291139240507
E00070181,127,39,12,27,88,81,7,30.708661417322837,9.448818897637794,21.25984251968504,69.29133858267717,63.77952755905512,5.511811023622047
E00070182,127,41,13,28,86,81,5,32.28346456692913,10.236220472440944,22.04724409448819,67.71653543307087,63.77952755905512,3.937007874015748
E00070183,114,29,8,21,85,79,6,25.438596491228072,7.017543859649122,18.421052631578945,74.56140350877193,69.2982456140351,5.263157894736842
E00070184,88,32,10,22,56,56,0,36.36363636363637,11.363636363636363,25,63.63636363636363,63.63636363636363,0
E00070185,141,43,24,19,98,79,19,30.49645390070922,17.02127659574468,13.47517730496454,69.50354609929079,56.02836879432624,13.47517730496454
E00070186,182,54,12,42,128,107,21,29.67032967032967,6.593406593406594,23.076923076923077,70.32967032967034,58.791208791208796,11.538461538461538
E00070187,120,31,9,22,89,82,7,25.833333333333336,7.5,18.333333333333332,74.16666666666667,68.33333333333333,5.833333333333333
E00070188,171,49,14,35,122,111,11,28.654970760233915,8.187134502923977,20.46783625730994,71.34502923976608,64.91228070175438,6.432748538011696
E00070189,146,50,16,34,96,85,11,34.24657534246575,10.95890410958904,23.28767123287671,65.75342465753424,58.21917808219178,7.534246575342466
E00070190,131,44,11,33,87,80,7,33.587786259541986,8.396946564885496,25.190839694656486,66.41221374045801,61.06870229007634,5.343511450381679
E00070191,92,32,4,28,60,50,10,34.78260869565217,4.3478260869565215,30.434782608695656,65.21739130434783,54.347826086956516,10.869565217391305
E00070192,142,37,10,27,105,91,14,26.056338028169012,7.042253521126761,19.014084507042252,73.94366197183099,64.08450704225352,9.859154929577464
E00070193,99,31,5,26,68,68,0,31.313131313131315,5.05050505050505,26.262626262626267,68.68686868686868,68.68686868686868,0
E00070194,154,60,19,41,94,87,7,38.961038961038966,12.337662337662337,26.623376623376622,61.038961038961034,56.493506493506494,4.545454545454546
E00070195,138,58,22,36,80,71,9,42.028985507246375,15.942028985507244,26.08695652173913,57.971014492753625,51.449275362318836,6.521739130434782
E00070196,135,56,21,35,79,70,9,41.48148148148148,15.555555555555555,25.925925925925924,58.51851851851851,51.85185185185185,6.666666666666667
E00070197,250,87,15,72,163,149,14,34.8,6,28.799999999999997,65.2,59.599999999999994,5.6000000000000005
E00070198,126,42,10,32,84,71,13,33.33333333333333,7.936507936507936,25.396825396825395,66.66666666666666,56.34920634920635,10.317460317460316
E00070199,146,51,9,42,95,82,13,34.93150684931507,6.164383561643835,28.767123287671232,65.06849315068493,56.16438356164384,8.904109589041095
E00070200,131,34,14,20,97,87,10,25.954198473282442,10.687022900763358,15.267175572519085,74.04580152671755,66.41221374045801,7.633587786259542
E00070201,122,32,8,24,90,81,9,26.229508196721312,6.557377049180328,19.672131147540984,73.77049180327869,66.39344262295081,7.377049180327869
E00070202,111,31,11,20,80,70,10,27.927927927927925,9.90990990990991,18.01801801801802,72.07207207207207,63.06306306306306,9.00900900900901
E00070203,115,43,15,28,72,65,7,37.391304347826086,13.043478260869565,24.347826086956523,62.60869565217392,56.52173913043478,6.086956521739131
E00070204,137,39,11,28,98,90,8,28.467153284671532,8.02919708029197,20.437956204379564,71.53284671532847,65.69343065693431,5.839416058394161
E00070205,182,70,18,52,112,97,15,38.46153846153847,9.89010989010989,28.57142857142857,61.53846153846154,53.2967032967033,8.241758241758241
E00070206,111,39,9,30,72,62,10,35.13513513513514,8.108108108108109,27.027027027027028,64.86486486486487,55.85585585585585,9.00900900900901
E00070207,134,51,14,37,83,80,3,38.059701492537314,10.44776119402985,27.611940298507463,61.940298507462686,59.70149253731343,2.2388059701492535
E00070208,116,42,9,33,74,67,7,36.206896551724135,7.758620689655173,28.448275862068968,63.793103448275865,57.758620689655174,6.0344827586206895
E00070209,145,42,9,33,103,85,18,28.965517241379313,6.206896551724138,22.758620689655174,71.03448275862068,58.620689655172406,12.413793103448276
E00070210,105,32,3,29,73,65,8,30.476190476190478,2.857142857142857,27.61904761904762,69.52380952380952,61.904761904761905,7.6190476190476195
E00070211,125,34,11,23,91,81,10,27.200000000000003,8.799999999999999,18.4,72.8,64.8,8
E00070212,169,69,13,56,100,93,7,40.828402366863905,7.6923076923076925,33.13609467455622,59.171597633136095,55.02958579881657,4.142011834319527
E00070213,147,56,21,35,91,77,14,38.095238095238095,14.285714285714285,23.809523809523807,61.904761904761905,52.38095238095239,9.523809523809524
E00070214,159,49,20,29,110,99,11,30.81761006289308,12.578616352201259,18.238993710691823,69.18238993710692,62.264150943396224,6.918238993710692
E00070215,151,52,12,40,99,90,9,34.437086092715234,7.9470198675496695,26.490066225165563,65.56291390728477,59.60264900662252,5.960264900662252
E00070216,185,67,23,44,118,109,9,36.21621621621622,12.432432432432433,23.783783783783786,63.78378378378379,58.91891891891892,4.864864864864865
E00070217,136,29,11,18,107,95,12,21.323529411764707,8.088235294117647,13.23529411764706,78.67647058823529,69.85294117647058,8.823529411764707
E00070218,138,49,16,33,89,80,9,35.507246376811594,11.594202898550725,23.91304347826087,64.4927536231884,57.971014492753625,6.521739130434782
E00070219,117,45,8,37,72,59,13,38.46153846153847,6.837606837606838,31.62393162393162,61.53846153846154,50.427350427350426,11.11111111111111
E00070220,143,56,15,41,87,78,9,39.16083916083916,10.48951048951049,28.671328671328673,60.83916083916085,54.54545454545454,6.293706293706294
E00070221,143,51,10,41,92,84,8,35.66433566433567,6.993006993006993,28.671328671328673,64.33566433566433,58.74125874125874,5.594405594405594
E00070222,166,46,8,38,120,110,10,27.710843373493976,4.819277108433735,22.89156626506024,72.28915662650603,66.26506024096386,6.024096385542169
E00070223,144,49,17,32,95,91,4,34.02777777777778,11.805555555555555,22.22222222222222,65.97222222222221,63.19444444444444,2.7777777777777777
E00070224,155,33,11,22,122,86,36,21.29032258064516,7.096774193548387,14.193548387096774,78.70967741935485,55.483870967741936,23.225806451612904
E00070225,199,67,18,49,132,124,8,33.66834170854271,9.045226130653267,24.623115577889447,66.33165829145729,62.311557788944725,4.0201005025125625
E00070226,149,56,16,40,93,86,7,37.58389261744966,10.738255033557047,26.845637583892618,62.41610738255034,57.71812080536913,4.697986577181208
E00070227,205,68,29,39,137,127,10,33.170731707317074,14.146341463414632,19.024390243902438,66.82926829268293,61.951219512195124,4.878048780487805
E00070228,134,44,12,32,90,82,8,32.83582089552239,8.955223880597014,23.88059701492537,67.16417910447761,61.19402985074627,5.970149253731343
E00070229,202,43,16,27,159,137,22,21.287128712871286,7.920792079207921,13.366336633663368,78.71287128712872,67.82178217821783,10.891089108910892
E00070230,73,22,8,14,51,48,3,30.136986301369863,10.95890410958904,19.17808219178082,69.86301369863014,65.75342465753424,4.10958904109589
E00070231,81,29,6,23,52,52,0,35.80246913580247,7.4074074074074066,28.39506172839506,64.19753086419753,64.19753086419753,0
E00070232,162,50,20,30,112,101,11,30.864197530864196,12.345679012345679,18.51851851851852,69.1358024691358,62.34567901234568,6.790123456790123
E00070233,198,64,23,41,134,124,10,32.323232323232325,11.616161616161616,20.707070707070706,67.67676767676768,62.62626262626263,5.05050505050505
E00070234,164,62,24,38,102,92,10,37.80487804878049,14.634146341463413,23.170731707317074,62.19512195121951,56.09756097560976,6.097560975609756
E00070235,45,20,9,11,25,24,1,44.44444444444444,20,24.444444444444443,55.55555555555556,53.333333333333336,2.2222222222222223
E00070236,243,71,30,41,172,154,18,29.218106995884774,12.345679012345679,16.872427983539097,70.78189300411523,63.37448559670782,7.4074074074074066
E00070237,170,63,19,44,107,100,7,37.05882352941177,11.176470588235295,25.882352941176475,62.94117647058823,58.82352941176471,4.117647058823529
E00070238,178,51,21,30,127,114,13,28.651685393258425,11.797752808988763,16.853932584269664,71.34831460674157,64.04494382022472,7.303370786516854
E00070239,66,28,14,14,38,29,9,42.42424242424242,21.21212121212121,21.21212121212121,57.57575757575758,43.93939393939394,13.636363636363635
E00070240,214,70,21,49,144,128,16,32.71028037383177,9.813084112149532,22.897196261682243,67.28971962616822,59.813084112149525,7.476635514018691
E00070242,156,31,7,24,125,111,14,19.871794871794872,4.487179487179487,15.384615384615385,80.12820512820514,71.15384615384616,8.974358974358974
E00070243,89,62,45,17,27,24,3,69.66292134831461,50.56179775280899,19.101123595505616,30.337078651685395,26.96629213483146,3.3707865168539324
E00070244,111,50,27,23,61,52,9,45.04504504504504,24.324324324324326,20.72072072072072,54.95495495495496,46.846846846846844,8.108108108108109
E00070245,124,76,51,25,48,43,5,61.29032258064516,41.12903225806452,20.161290322580644,38.70967741935484,34.67741935483871,4.032258064516129
E00070246,146,31,12,19,115,107,8,21.232876712328768,8.21917808219178,13.013698630136986,78.76712328767124,73.28767123287672,5.47945205479452
E00070247,110,59,37,22,51,47,4,53.63636363636364,33.63636363636363,20,46.36363636363636,42.72727272727273,3.6363636363636362
E00070248,119,50,20,30,69,63,6,42.016806722689076,16.80672268907563,25.210084033613445,57.98319327731093,52.94117647058824,5.042016806722689
E00070249,58,26,13,13,32,29,3,44.827586206896555,22.413793103448278,22.413793103448278,55.172413793103445,50,5.172413793103448
E00070250,71,48,36,12,23,22,1,67.6056338028169,50.70422535211267,16.901408450704224,32.3943661971831,30.985915492957744,1.4084507042253522
E00070253,60,6,0,6,54,48,6,10,0,10,90,80,10
E00070254,126,46,24,22,80,67,13,36.507936507936506,19.047619047619047,17.46031746031746,63.49206349206349,53.17460317460318,10.317460317460316
E00070255,187,30,15,15,157,138,19,16.042780748663102,8.0213903743315509,8.0213903743315509,83.9572192513369,73.79679144385027,10.16042780748663
E00070256,77,35,23,12,42,41,1,45.45454545454545,29.87012987012987,15.584415584415584,54.54545454545454,53.246753246753244,1.2987012987012987
E00070257,89,42,26,16,47,41,6,47.19101123595505,29.213483146067414,17.97752808988764,52.80898876404494,46.06741573033708,6.741573033707865
E00070258,82,33,16,17,49,43,6,40.243902439024396,19.51219512195122,20.73170731707317,59.756097560975604,52.4390243902439,7.317073170731707
E00070259,122,53,32,21,69,67,2,43.44262295081967,26.229508196721312,17.21311475409836,56.557377049180324,54.91803278688525,1.639344262295082
E00070260,78,32,18,14,46,46,0,41.02564102564102,23.076923076923077,17.94871794871795,58.97435897435898,58.97435897435898,0
E00070262,79,61,49,12,18,16,2,77.21518987341773,62.0253164556962,15.18987341772152,22.78481012658228,20.253164556962027,2.5316455696202533
E00070264,91,50,41,9,41,29,12,54.94505494505495,45.05494505494506,9.89010989010989,45.05494505494506,31.868131868131865,13.186813186813188
E00070267,113,45,25,20,68,63,5,39.823008849557525,22.123893805309734,17.699115044247787,60.17699115044248,55.75221238938053,4.424778761061947
E00070268,92,69,56,13,23,19,4,75,60.86956521739131,14.130434782608695,25,20.652173913043477,4.3478260869565215
E00070270,130,79,51,28,51,46,5,60.76923076923077,39.23076923076923,21.53846153846154,39.23076923076923,35.38461538461539,3.8461538461538463
E00070271,89,29,13,16,60,53,7,32.58426966292135,14.606741573033707,17.97752808988764,67.41573033707866,59.55056179775281,7.865168539325842
E00070272,70,38,19,19,32,28,4,54.285714285714285,27.142857142857142,27.142857142857142,45.714285714285715,40,5.714285714285714
E00070273,36,9,3,6,27,24,3,25,8.333333333333332,16.666666666666664,75,66.66666666666666,8.333333333333332
E00070274,173,76,28,48,97,88,9,43.93063583815029,16.184971098265898,27.74566473988439,56.06936416184971,50.86705202312138,5.202312138728324
E00070275,147,63,22,41,84,75,9,42.857142857142854,14.965986394557824,27.89115646258503,57.14285714285714,51.02040816326531,6.122448979591836
E00070276,147,62,17,45,85,77,8,42.17687074829932,11.564625850340136,30.612244897959183,57.82312925170068,52.38095238095239,5.442176870748299
E00070277,232,75,26,49,157,139,18,32.327586206896555,11.206896551724139,21.120689655172413,67.67241379310344,59.91379310344828,7.758620689655173
E00070278,182,67,27,40,115,99,16,36.81318681318682,14.835164835164836,21.978021978021978,63.18681318681318,54.395604395604394,8.791208791208792
E00070279,75,21,5,16,54,46,8,28.000000000000004,6.666666666666667,21.333333333333336,72,61.33333333333333,10.666666666666668
E00070280,167,43,10,33,124,104,20,25.748502994011975,5.9880239520958085,19.760479041916167,74.25149700598801,62.27544910179641,11.976047904191617
E00070281,103,41,10,31,62,54,8,39.80582524271845,9.70873786407767,30.097087378640776,60.19417475728155,52.42718446601942,7.766990291262135
E00070282,176,63,21,42,113,100,13,35.79545454545455,11.931818181818182,23.863636363636363,64.20454545454545,56.81818181818182,7.386363636363637
E00070283,155,64,21,43,91,82,9,41.29032258064516,13.548387096774196,27.741935483870968,58.70967741935483,52.903225806451616,5.806451612903226
E00070284,160,49,16,33,111,98,13,30.625000000000004,10,20.625,69.375,61.25000000000001,8.125
E00070285,99,37,10,27,62,57,5,37.37373737373738,10.1010101010101,27.27272727272727,62.62626262626263,57.57575757575758,5.05050505050505
E00070286,164,56,19,37,108,95,13,34.146341463414636,11.585365853658537,22.5609756097561,65.85365853658537,57.92682926829268,7.926829268292683
E00070287,111,33,11,22,78,70,8,29.72972972972973,9.90990990990991,19.81981981981982,70.27027027027027,63.06306306306306,7.207207207207207
E00070288,141,54,19,35,87,79,8,38.297872340425535,13.47517730496454,24.822695035460992,61.702127659574465,56.02836879432624,5.673758865248227
E00070289,59,24,10,14,35,29,6,40.67796610169492,16.94915254237288,23.728813559322035,59.32203389830508,49.152542372881356,10.16949152542373
E00070290,155,43,10,33,112,93,19,27.741935483870968,6.451612903225806,21.29032258064516,72.25806451612902,60,12.258064516129032
E00070291,160,72,24,48,88,83,5,45,15,30,55.00000000000001,51.87500000000001,3.125
E00070292,159,52,12,40,107,93,14,32.70440251572327,7.547169811320755,25.157232704402517,67.29559748427673,58.490566037735846,8.80503144654088
E00070293,264,85,33,52,179,156,23,32.196969696969695,12.5,19.696969696969695,67.8030303030303,59.09090909090909,8.712121212121213
E00070294,225,74,22,52,151,133,18,32.88888888888889,9.777777777777779,23.11111111111111,67.11111111111111,59.111111111111114,8
E00070295,186,68,18,50,118,107,11,36.55913978494624,9.67741935483871,26.881720430107524,63.44086021505376,57.52688172043011,5.913978494623656
E00070296,161,66,14,52,95,87,8,40.993788819875775,8.695652173913043,32.298136645962735,59.006211180124225,54.037267080745345,4.968944099378882
E00070298,132,34,10,24,98,88,10,25.757575757575758,7.575757575757576,18.181818181818183,74.24242424242425,66.66666666666666,7.575757575757576
E00070299,200,77,30,47,123,114,9,38.5,15,23.5,61.5,56.99999999999999,4.5
E00070300,171,51,19,32,120,112,8,29.82456140350877,11.11111111111111,18.71345029239766,70.17543859649122,65.49707602339181,4.678362573099415
E00070301,111,33,10,23,78,71,7,29.72972972972973,9.00900900900901,20.72072072072072,70.27027027027027,63.96396396396396,6.306306306306306
E00070302,97,36,14,22,61,54,7,37.11340206185567,14.432989690721648,22.68041237113402,62.88659793814433,55.670103092783506,7.216494845360824
E00070303,95,45,19,26,50,45,5,47.368421052631575,20,27.368421052631582,52.63157894736842,47.368421052631575,5.263157894736842
E00070304,129,58,17,41,71,66,5,44.96124031007752,13.178294573643413,31.782945736434108,55.03875968992248,51.162790697674424,3.875968992248062
E00070305,103,37,16,21,66,60,6,35.92233009708738,15.53398058252427,20.388349514563107,64.07766990291263,58.252427184466015,5.825242718446602
E00070306,151,51,21,30,100,80,20,33.77483443708609,13.90728476821192,19.867549668874172,66.22516556291392,52.980132450331126,13.245033112582782
E00070307,164,61,28,33,103,76,27,37.19512195121951,17.073170731707318,20.121951219512198,62.80487804878049,46.34146341463415,16.463414634146343
E00070308,140,33,7,26,107,89,18,23.57142857142857,5,18.571428571428573,76.42857142857142,63.57142857142857,12.857142857142856
E00070309,186,59,32,27,127,106,21,31.72043010752688,17.20430107526882,14.516129032258066,68.27956989247312,56.98924731182796,11.29032258064516
E00070310,187,61,18,43,126,119,7,32.62032085561498,9.62566844919786,22.994652406417114,67.37967914438502,63.63636363636363,3.7433155080213902
E00070311,131,34,10,24,97,88,9,25.954198473282442,7.633587786259542,18.3206106870229,74.04580152671755,67.17557251908397,6.870229007633588
E00070312,121,25,6,19,96,82,14,20.66115702479339,4.958677685950414,15.702479338842975,79.33884297520662,67.76859504132231,11.570247933884298
E00070313,101,27,9,18,74,62,12,26.732673267326735,8.91089108910891,17.82178217821782,73.26732673267327,61.386138613861384,11.881188118811881
E00070314,147,38,17,21,109,98,11,25.850340136054424,11.564625850340136,14.285714285714285,74.14965986394559,66.66666666666666,7.482993197278912
E00070315,124,36,15,21,88,81,7,29.03225806451613,12.096774193548388,16.93548387096774,70.96774193548387,65.32258064516128,5.64516129032258
E00070316,161,40,8,32,121,104,17,24.84472049689441,4.968944099378882,19.875776397515526,75.15527950310559,64.59627329192547,10.559006211180124
E00070317,125,29,9,20,96,90,6,23.200000000000003,7.199999999999999,16,76.8,72,4.8
E00070318,155,69,41,28,86,63,23,44.516129032258064,26.451612903225808,18.064516129032256,55.483870967741936,40.64516129032258,14.838709677419354
E00070319,138,44,19,25,94,82,12,31.88405797101449,13.768115942028986,18.115942028985508,68.11594202898551,59.42028985507246,8.695652173913043
E00070320,187,97,41,56,90,74,16,51.87165775401069,21.92513368983957,29.946524064171122,48.1283422459893,39.57219251336899,8.55614973262032
E00070321,127,25,7,18,102,90,12,19.68503937007874,5.511811023622047,14.173228346456693,80.31496062992126,70.86614173228347,9.448818897637794
E00070322,141,46,13,33,95,86,9,32.62411347517731,9.219858156028367,23.404255319148938,67.37588652482269,60.99290780141844,6.382978723404255
E00070325,159,36,10,26,123,108,15,22.641509433962266,6.289308176100629,16.352201257861633,77.35849056603774,67.9245283018868,9.433962264150944
E00070326,149,36,11,25,113,100,13,24.161073825503358,7.38255033557047,16.778523489932887,75.83892617449665,67.11409395973155,8.724832214765101
E00070327,188,38,8,30,150,128,22,20.212765957446805,4.25531914893617,15.957446808510639,79.7872340425532,68.08510638297872,11.702127659574469
E00070328,134,34,9,25,100,90,10,25.37313432835821,6.7164179104477615,18.65671641791045,74.6268656716418,67.16417910447761,7.462686567164178
E00070329,139,46,13,33,93,69,24,33.093525179856115,9.352517985611511,23.741007194244602,66.90647482014388,49.64028776978417,17.26618705035971
E00070330,111,31,8,23,80,63,17,27.927927927927925,7.207207207207207,20.72072072072072,72.07207207207207,56.75675675675676,15.315315315315313
E00070331,194,40,11,29,154,138,16,20.618556701030926,5.670103092783505,14.948453608247423,79.38144329896907,71.1340206185567,8.24742268041237
E00070333,163,42,13,29,121,107,14,25.766871165644172,7.975460122699387,17.791411042944784,74.23312883435584,65.6441717791411,8.588957055214724
E00070334,141,38,12,26,103,91,12,26.95035460992908,8.51063829787234,18.439716312056735,73.04964539007092,64.53900709219859,8.51063829787234
E00070335,196,59,23,36,137,113,24,30.102040816326532,11.73469387755102,18.367346938775512,69.89795918367348,57.6530612244898,12.244897959183673
E00070336,105,20,8,12,85,76,9,19.047619047619047,7.6190476190476195,11.428571428571429,80.95238095238095,72.38095238095238,8.571428571428571
E00070337,161,64,14,50,97,83,14,39.75155279503105,8.695652173913043,31.05590062111801,60.24844720496895,51.5527950310559,8.695652173913043
E00070338,139,31,15,16,108,97,11,22.302158273381295,10.79136690647482,11.510791366906476,77.6978417266187,69.7841726618705,7.913669064748201
E00070339,178,70,19,51,108,92,16,39.325842696629216,10.674157303370785,28.651685393258425,60.67415730337079,51.68539325842697,8.98876404494382
E00070340,94,25,8,17,69,56,13,26.595744680851062,8.51063829787234,18.085106382978726,73.40425531914893,59.57446808510638,13.829787234042554
E00070341,171,49,21,28,122,97,25,28.654970760233915,12.280701754385964,16.374269005847953,71.34502923976608,56.72514619883041,14.619883040935672
E00070342,105,47,12,35,58,50,8,44.761904761904766,11.428571428571429,33.33333333333333,55.23809523809524,47.61904761904761,7.6190476190476195
E00070343,152,35,11,24,117,91,26,23.026315789473685,7.236842105263158,15.789473684210526,76.97368421052632,59.86842105263158,17.105263157894736
E00070344,128,51,18,33,77,70,7,39.84375,14.0625,25.78125,60.15625,54.6875,5.46875
E00070345,71,26,7,19,45,45,0,36.61971830985916,9.859154929577464,26.76056338028169,63.38028169014085,63.38028169014085,0
E00070346,186,54,14,40,132,114,18,29.03225806451613,7.526881720430108,21.50537634408602,70.96774193548387,61.29032258064516,9.67741935483871
E00070347,126,28,9,19,98,85,13,22.22222222222222,7.142857142857142,15.079365079365079,77.77777777777779,67.46031746031747,10.317460317460316
E00070348,151,30,15,15,121,103,18,19.867549668874172,9.933774834437086,9.933774834437086,80.13245033112582,68.21192052980133,11.920529801324504
E00070349,106,33,16,17,73,63,10,31.132075471698112,15.09433962264151,16.037735849056602,68.86792452830188,59.43396226415094,9.433962264150944
E00070350,165,63,29,34,102,92,10,38.18181818181819,17.575757575757574,20.606060606060606,61.81818181818181,55.757575757575765,6.0606060606060606
E00070351,91,27,16,11,64,58,6,29.67032967032967,17.582417582417584,12.087912087912088,70.32967032967034,63.73626373626373,6.593406593406594
E00070352,130,41,4,37,89,84,5,31.538461538461537,3.076923076923077,28.46153846153846,68.46153846153847,64.61538461538461,3.8461538461538463
E00070353,148,39,10,29,109,98,11,26.351351351351347,6.756756756756757,19.594594594594593,73.64864864864865,66.21621621621621,7.4324324324324325
E00070354,143,39,14,25,104,97,7,27.27272727272727,9.79020979020979,17.482517482517483,72.72727272727273,67.83216783216784,4.895104895104895
E00070355,55,20,6,14,35,32,3,36.36363636363637,10.909090909090908,25.454545454545453,63.63636363636363,58.18181818181818,5.454545454545454
E00070356,81,20,7,13,61,56,5,24.691358024691358,8.641975308641975,16.049382716049383,75.30864197530865,69.1358024691358,6.172839506172839
E00070357,141,49,20,29,92,73,19,34.751773049645394,14.184397163120568,20.56737588652482,65.24822695035462,51.77304964539007,13.47517730496454
E00070358,131,43,8,35,88,80,8,32.82442748091603,6.106870229007633,26.717557251908396,67.17557251908397,61.06870229007634,6.106870229007633
E00070359,142,34,6,28,108,96,12,23.943661971830984,4.225352112676056,19.718309859154928,76.05633802816901,67.6056338028169,8.450704225352112
E00070360,170,51,14,37,119,100,19,30,8.235294117647058,21.764705882352942,70,58.82352941176471,11.176470588235295
E00070361,227,48,22,26,179,141,38,21.145374449339208,9.691629955947137,11.45374449339207,78.8546255506608,62.11453744493392,16.740088105726873
E00070362,134,56,15,41,78,61,17,41.7910447761194,11.194029850746269,30.597014925373134,58.2089552238806,45.52238805970149,12.686567164179104
E00070363,181,73,25,48,108,96,12,40.331491712707184,13.812154696132598,26.519337016574585,59.66850828729282,53.03867403314917,6.629834254143646
E00070364,126,53,20,33,73,73,0,42.06349206349206,15.873015873015872,26.190476190476193,57.936507936507944,57.936507936507944,0
E00070366,101,34,9,25,67,63,4,33.663366336633665,8.91089108910891,24.752475247524753,66.33663366336634,62.37623762376238,3.9603960396039604
E00070368,115,53,27,26,62,49,13,46.08695652173913,23.47826086956522,22.608695652173914,53.91304347826087,42.608695652173914,11.304347826086957
E00070370,167,41,15,26,126,97,29,24.550898203592812,8.982035928143713,15.568862275449103,75.44910179640718,58.08383233532935,17.365269461077844
E00070371,58,34,26,8,24,22,2,58.620689655172406,44.827586206896555,13.793103448275861,41.37931034482759,37.93103448275862,3.4482758620689653
E00070372,99,38,20,18,61,57,4,38.38383838383838,20.2020202020202,18.181818181818183,61.61616161616161,57.57575757575758,4.040404040404041
E00070373,97,57,36,21,40,37,3,58.76288659793815,37.11340206185567,21.649484536082475,41.23711340206185,38.144329896907216,3.0927835051546393
E00070375,72,54,44,10,18,17,1,75,61.111111111111114,13.88888888888889,25,23.61111111111111,1.3888888888888888
E00070376,77,37,31,6,40,35,5,48.05194805194805,40.25974025974026,7.792207792207792,51.94805194805194,45.45454545454545,6.493506493506493
E00070377,167,53,25,28,114,90,24,31.736526946107784,14.97005988023952,16.766467065868262,68.26347305389223,53.89221556886228,14.37125748502994
E00070378,160,31,11,20,129,106,23,19.375,6.875000000000001,12.5,80.625,66.25,14.374999999999998
E00070380,154,60,16,44,94,80,14,38.961038961038966,10.38961038961039,28.57142857142857,61.038961038961034,51.94805194805194,9.090909090909092
E00070381,125,48,11,37,77,64,13,38.4,8.799999999999999,29.599999999999998,61.6,51.2,10.4
E00070382,138,56,11,45,82,76,6,40.57971014492754,7.971014492753622,32.608695652173914,59.42028985507246,55.072463768115945,4.3478260869565215
E00070383,219,84,37,47,135,125,10,38.35616438356164,16.894977168949772,21.461187214611872,61.64383561643836,57.077625570776256,4.5662100456621
E00070385,96,27,11,16,69,47,22,28.125,11.458333333333332,16.666666666666664,71.875,48.95833333333333,22.916666666666664
E00070386,113,48,20,28,65,57,8,42.47787610619469,17.699115044247787,24.778761061946902,57.52212389380531,50.442477876106196,7.079646017699115
E00070387,91,38,11,27,53,48,5,41.75824175824176,12.087912087912088,29.67032967032967,58.24175824175825,52.74725274725275,5.4945054945054945
E00070388,76,24,8,16,52,44,8,31.57894736842105,10.526315789473683,21.052631578947366,68.42105263157895,57.89473684210527,10.526315789473683
E00070390,52,10,6,4,42,39,3,19.230769230769234,11.538461538461538,7.6923076923076925,80.76923076923077,75,5.769230769230769
E00070391,59,25,12,13,34,34,0,42.3728813559322,20.33898305084746,22.033898305084744,57.6271186440678,57.6271186440678,0
E00070392,75,35,11,24,40,35,5,46.666666666666664,14.666666666666666,32,53.333333333333336,46.666666666666664,6.666666666666667
E00070393,84,36,9,27,48,46,2,42.857142857142854,10.714285714285714,32.142857142857146,57.14285714285714,54.761904761904766,2.380952380952381
E00070394,86,33,15,18,53,47,6,38.372093023255815,17.441860465116278,20.930232558139537,61.627906976744185,54.65116279069767,6.976744186046512
E00070396,57,22,7,15,35,33,2,38.59649122807017,12.280701754385964,26.31578947368421,61.40350877192983,57.89473684210527,3.508771929824561
E00070397,55,24,7,17,31,27,4,43.63636363636363,12.727272727272727,30.909090909090907,56.36363636363636,49.09090909090909,7.2727272727272725
E00070400,88,60,39,21,28,28,0,68.18181818181817,44.31818181818182,23.863636363636363,31.818181818181817,31.818181818181817,0
E00070401,86,35,10,25,51,48,3,40.69767441860465,11.627906976744185,29.069767441860467,59.30232558139535,55.81395348837209,3.488372093023256
E00070402,102,81,56,25,21,18,3,79.41176470588235,54.90196078431373,24.509803921568626,20.588235294117645,17.647058823529413,2.941176470588235
E00070404,28,8,4,4,20,18,2,28.57142857142857,14.285714285714285,14.285714285714285,71.42857142857143,64.28571428571429,7.142857142857142
E00070406,90,66,44,22,24,24,0,73.33333333333333,48.888888888888886,24.444444444444443,26.666666666666668,26.666666666666668,0
E00070407,138,41,17,24,97,79,18,29.71014492753623,12.318840579710146,17.391304347826086,70.28985507246377,57.2463768115942,13.043478260869565
E00070408,53,43,34,9,10,9,1,81.13207547169812,64.15094339622641,16.9811320754717,18.867924528301888,16.9811320754717,1.8867924528301887
E00070410,108,64,44,20,44,42,2,59.25925925925925,40.74074074074074,18.51851851851852,40.74074074074074,38.88888888888889,1.8518518518518516
E00070411,67,38,23,15,29,27,2,56.71641791044776,34.32835820895522,22.388059701492537,43.28358208955223,40.298507462686565,2.9850746268656714
E00070412,198,46,17,29,152,125,27,23.232323232323232,8.585858585858585,14.646464646464647,76.76767676767676,63.13131313131313,13.636363636363635
E00070413,124,41,12,29,83,70,13,33.064516129032256,9.67741935483871,23.387096774193548,66.93548387096774,56.451612903225815,10.483870967741936
E00070414,157,47,13,34,110,93,17,29.936305732484076,8.280254777070063,21.656050955414013,70.06369426751591,59.23566878980891,10.828025477707007
E00070415,135,54,13,41,81,75,6,40,9.62962962962963,30.37037037037037,60,55.55555555555556,4.444444444444445
E00070416,137,53,13,40,84,72,12,38.68613138686132,9.48905109489051,29.1970802919708,61.31386861313869,52.55474452554745,8.75912408759124
E00070417,98,34,13,21,64,56,8,34.69387755102041,13.26530612244898,21.428571428571427,65.3061224489796,57.14285714285714,8.16326530612245
E00070418,96,37,19,18,59,53,6,38.54166666666667,19.791666666666664,18.75,61.458333333333336,55.208333333333336,6.25
E00070419,75,30,6,24,45,41,4,40,8,32,60,54.666666666666664,5.333333333333334
E00070420,71,33,5,28,38,34,4,46.478873239436616,7.042253521126761,39.436619718309856,53.52112676056338,47.88732394366197,5.633802816901409
E00070421,91,31,8,23,60,51,9,34.065934065934066,8.791208791208792,25.274725274725274,65.93406593406593,56.043956043956044,9.89010989010989
E00070422,116,47,14,33,69,61,8,40.51724137931034,12.068965517241379,28.448275862068968,59.48275862068966,52.58620689655172,6.896551724137931
E00070423,115,30,8,22,85,77,8,26.08695652173913,6.956521739130435,19.130434782608695,73.91304347826086,66.95652173913044,6.956521739130435
E00070424,107,37,17,20,70,63,7,34.57943925233645,15.887850467289718,18.69158878504673,65.42056074766354,58.87850467289719,6.5420560747663545
E00070425,136,49,13,36,87,81,6,36.029411764705884,9.558823529411764,26.47058823529412,63.970588235294116,59.55882352941176,4.411764705882353
E00070426,97,22,4,18,75,67,8,22.68041237113402,4.123711340206185,18.556701030927837,77.31958762886599,69.0721649484536,8.24742268041237
E00070427,119,46,8,38,73,69,4,38.655462184873954,6.722689075630252,31.932773109243694,61.34453781512605,57.98319327731093,3.361344537815126
E00070428,67,28,12,16,39,38,1,41.7910447761194,17.91044776119403,23.88059701492537,58.2089552238806,56.71641791044776,1.4925373134328357
E00070429,160,63,15,48,97,86,11,39.375,9.375,30,60.62499999999999,53.75,6.875000000000001
E00070430,95,27,6,21,68,62,6,28.421052631578945,6.315789473684211,22.105263157894736,71.57894736842105,65.26315789473685,6.315789473684211
E00070431,153,44,16,28,109,91,18,28.75816993464052,10.457516339869281,18.30065359477124,71.24183006535948,59.47712418300654,11.76470588235294
E00070433,86,39,12,27,47,47,0,45.348837209302324,13.953488372093023,31.3953488372093,54.65116279069767,54.65116279069767,0
E00070434,120,31,8,23,89,80,9,25.833333333333336,6.666666666666667,19.166666666666668,74.16666666666667,66.66666666666666,7.5
E00070435,97,39,13,26,58,52,6,40.20618556701031,13.402061855670103,26.804123711340207,59.79381443298969,53.608247422680414,6.185567010309279
E00070436,116,49,12,37,67,58,9,42.241379310344826,10.344827586206897,31.896551724137932,57.758620689655174,50,7.758620689655173
E00070437,107,57,17,40,50,45,5,53.271028037383175,15.887850467289718,37.38317757009346,46.728971962616825,42.05607476635514,4.672897196261682
E00070438,205,46,8,38,159,143,16,22.439024390243905,3.902439024390244,18.536585365853657,77.5609756097561,69.7560975609756,7.804878048780488
E00070439,186,58,13,45,128,118,10,31.182795698924732,6.989247311827956,24.193548387096776,68.81720430107528,63.44086021505376,5.376344086021505
E00070440,141,45,8,37,96,86,10,31.914893617021278,5.673758865248227,26.24113475177305,68.08510638297872,60.99290780141844,7.092198581560284
E00070441,109,43,16,27,66,61,5,39.44954128440367,14.678899082568808,24.770642201834864,60.550458715596335,55.96330275229357,4.587155963302752
E00070442,78,24,7,17,54,44,10,30.76923076923077,8.974358974358974,21.794871794871796,69.23076923076923,56.41025641025641,12.82051282051282
E00070443,82,21,3,18,61,55,6,25.609756097560975,3.6585365853658534,21.951219512195124,74.39024390243902,67.07317073170732,7.317073170731707
E00070444,114,29,9,20,85,78,7,25.438596491228072,7.894736842105263,17.543859649122805,74.56140350877193,68.42105263157895,6.140350877192982
E00070445,107,54,13,41,53,47,6,50.467289719626166,12.149532710280374,38.31775700934579,49.532710280373834,43.925233644859816,5.607476635514018
E00070447,90,38,16,22,52,51,1,42.22222222222222,17.77777777777778,24.444444444444443,57.77777777777777,56.666666666666664,1.1111111111111112
E00070449,174,44,9,35,130,122,8,25.287356321839084,5.172413793103448,20.114942528735632,74.71264367816092,70.11494252873564,4.597701149425287
E00070450,131,65,39,26,66,60,6,49.61832061068702,29.770992366412212,19.84732824427481,50.38167938931297,45.80152671755725,4.580152671755725
E00070454,140,49,10,39,91,82,9,35,7.142857142857142,27.857142857142858,65,58.57142857142858,6.428571428571428
E00070455,135,46,13,33,89,83,6,34.074074074074076,9.62962962962963,24.444444444444443,65.92592592592592,61.48148148148148,4.444444444444445
E00070456,107,36,10,26,71,65,6,33.64485981308411,9.345794392523365,24.299065420560748,66.35514018691589,60.747663551401864,5.607476635514018
E00070458,119,24,9,15,95,88,7,20.168067226890756,7.563025210084033,12.605042016806722,79.83193277310924,73.94957983193278,5.88235294117647
E00070459,172,51,19,32,121,112,9,29.651162790697676,11.046511627906977,18.6046511627907,70.34883720930233,65.11627906976744,5.232558139534884
E00070461,111,31,10,21,80,75,5,27.927927927927925,9.00900900900901,18.91891891891892,72.07207207207207,67.56756756756756,4.504504504504505
E00070462,109,36,7,29,73,67,6,33.02752293577982,6.422018348623854,26.605504587155966,66.97247706422019,61.46788990825688,5.5045871559633035
E00070463,116,37,18,19,79,71,8,31.896551724137932,15.517241379310345,16.379310344827587,68.10344827586206,61.206896551724135,6.896551724137931
E00070465,83,30,5,25,53,47,6,36.144578313253014,6.024096385542169,30.120481927710845,63.85542168674698,56.62650602409639,7.228915662650602
E00070466,56,17,2,15,39,36,3,30.357142857142854,3.571428571428571,26.785714285714285,69.64285714285714,64.28571428571429,5.357142857142857
E00070467,114,44,14,30,70,62,8,38.59649122807017,12.280701754385964,26.31578947368421,61.40350877192983,54.385964912280706,7.017543859649122
E00070468,147,43,16,27,104,86,18,29.25170068027211,10.884353741496598,18.367346938775512,70.74829931972789,58.50340136054422,12.244897959183673
E00070469,147,35,10,25,112,97,15,23.809523809523807,6.802721088435375,17.006802721088434,76.19047619047619,65.98639455782312,10.204081632653061
E00070470,143,58,12,46,85,68,17,40.55944055944056,8.391608391608392,32.16783216783217,59.44055944055944,47.55244755244755,11.888111888111888
E00070471,127,44,20,24,83,74,9,34.645669291338585,15.748031496062993,18.89763779527559,65.35433070866141,58.26771653543307,7.086614173228346
E00070472,131,43,13,30,88,76,12,32.82442748091603,9.923664122137405,22.900763358778626,67.17557251908397,58.01526717557252,9.16030534351145
E00070473,116,40,17,23,76,58,18,34.48275862068966,14.655172413793101,19.82758620689655,65.51724137931035,50,15.517241379310345
E00070474,195,68,21,47,127,113,14,34.87179487179487,10.76923076923077,24.102564102564102,65.12820512820512,57.948717948717956,7.179487179487179
E00070475,186,56,18,38,130,116,14,30.107526881720432,9.67741935483871,20.43010752688172,69.89247311827957,62.365591397849464,7.526881720430108
E00070476,132,36,12,24,96,79,17,27.27272727272727,9.090909090909092,18.181818181818183,72.72727272727273,59.84848484848485,12.878787878787879
E00070477,181,48,19,29,133,120,13,26.519337016574585,10.497237569060774,16.022099447513813,73.48066298342542,66.29834254143645,7.18232044198895
E00070479,179,57,12,45,122,100,22,31.843575418994412,6.70391061452514,25.139664804469277,68.15642458100558,55.865921787709496,12.290502793296088
E00070480,164,41,14,27,123,112,11,25,8.536585365853659,16.463414634146343,75,68.29268292682927,6.707317073170732
E00070481,149,51,16,35,98,85,13,34.22818791946309,10.738255033557047,23.48993288590604,65.77181208053692,57.04697986577181,8.724832214765101
E00070482,184,56,17,39,128,116,12,30.434782608695656,9.239130434782608,21.195652173913043,69.56521739130434,63.04347826086957,6.521739130434782
E00070483,135,50,19,31,85,73,12,37.03703703703704,14.074074074074074,22.962962962962962,62.96296296296296,54.074074074074076,8.88888888888889
E00070484,156,52,16,36,104,90,14,33.33333333333333,10.256410256410255,23.076923076923077,66.66666666666666,57.692307692307686,8.974358974358974
E00070485,155,53,20,33,102,92,10,34.193548387096776,12.903225806451612,21.29032258064516,65.80645161290323,59.354838709677416,6.451612903225806
E00070486,181,54,15,39,127,112,15,29.83425414364641,8.287292817679557,21.54696132596685,70.1657458563536,61.87845303867403,8.287292817679557
E00070487,132,35,11,24,97,87,10,26.515151515151516,8.333333333333332,18.181818181818183,73.48484848484848,65.9090909090909,7.575757575757576
E00070488,224,44,14,30,180,168,12,19.642857142857142,6.25,13.392857142857142,80.35714285714286,75,5.357142857142857
E00070489,196,65,18,47,131,112,19,33.16326530612245,9.183673469387756,23.97959183673469,66.83673469387756,57.14285714285714,9.693877551020408
E00070490,145,43,15,28,102,94,8,29.655172413793103,10.344827586206897,19.310344827586206,70.34482758620689,64.82758620689654,5.517241379310345
E00070491,196,46,10,36,150,132,18,23.46938775510204,5.1020408163265305,18.367346938775512,76.53061224489795,67.3469387755102,9.183673469387756
E00070492,140,33,12,21,107,95,12,23.57142857142857,8.571428571428571,15,76.42857142857142,67.85714285714286,8.571428571428571
E00070493,72,17,6,11,55,44,11,23.61111111111111,8.333333333333332,15.277777777777779,76.38888888888889,61.111111111111114,15.277777777777779
E00070494,174,38,14,24,136,120,16,21.839080459770116,8.045977011494253,13.793103448275861,78.16091954022988,68.96551724137932,9.195402298850574
E00070495,167,41,14,27,126,107,19,24.550898203592812,8.383233532934131,16.16766467065868,75.44910179640718,64.07185628742515,11.377245508982035
E00070496,135,39,14,25,96,85,11,28.888888888888886,10.37037037037037,18.51851851851852,71.11111111111111,62.96296296296296,8.148148148148149
E00070497,123,40,8,32,83,72,11,32.52032520325203,6.504065040650407,26.01626016260163,67.47967479674797,58.536585365853654,8.94308943089431
E00070498,127,46,11,35,81,70,11,36.22047244094488,8.661417322834646,27.559055118110237,63.77952755905512,55.118110236220474,8.661417322834646
E00070499,128,45,5,40,83,76,7,35.15625,3.90625,31.25,64.84375,59.375,5.46875
E00070500,110,39,7,32,71,62,9,35.45454545454545,6.363636363636363,29.09090909090909,64.54545454545455,56.36363636363636,8.181818181818182
E00070501,230,60,13,47,170,153,17,26.08695652173913,5.6521739130434785,20.434782608695652,73.91304347826086,66.52173913043478,7.391304347826087
E00070502,88,29,9,20,59,53,6,32.95454545454545,10.227272727272728,22.727272727272727,67.04545454545455,60.22727272727273,6.8181818181818175
E00070503,96,26,5,21,70,62,8,27.083333333333332,5.208333333333334,21.875,72.91666666666666,64.58333333333334,8.333333333333332
E00070504,148,40,16,24,108,89,19,27.027027027027028,10.81081081081081,16.216216216216218,72.97297297297297,60.13513513513513,12.837837837837837
E00070505,245,59,25,34,186,168,18,24.081632653061224,10.204081632653061,13.877551020408163,75.91836734693878,68.57142857142857,7.346938775510205
E00070506,216,54,24,30,162,128,34,25,11.11111111111111,13.88888888888889,75,59.25925925925925,15.74074074074074
E00070507,103,28,5,23,75,66,9,27.184466019417474,4.854368932038835,22.330097087378643,72.81553398058253,64.07766990291263,8.737864077669903
E00070508,138,48,7,41,90,84,6,34.78260869565217,5.072463768115942,29.71014492753623,65.21739130434783,60.86956521739131,4.3478260869565215
E00070509,122,41,12,29,81,72,9,33.60655737704918,9.836065573770492,23.770491803278688,66.39344262295081,59.01639344262295,7.377049180327869
E00070510,113,45,15,30,68,62,6,39.823008849557525,13.274336283185843,26.548672566371685,60.17699115044248,54.86725663716814,5.3097345132743365
E00070511,134,48,20,28,86,76,10,35.82089552238806,14.925373134328357,20.8955223880597,64.17910447761194,56.71641791044776,7.462686567164178
E00070512,125,34,12,22,91,84,7,27.200000000000003,9.6,17.599999999999998,72.8,67.2,5.6000000000000005
E00070513,138,48,18,30,90,78,12,34.78260869565217,13.043478260869565,21.73913043478261,65.21739130434783,56.52173913043478,8.695652173913043
E00070515,125,46,15,31,79,78,1,36.8,12,24.8,63.2,62.4,0.8
E00070516,130,27,9,18,103,95,8,20.76923076923077,6.923076923076923,13.846153846153847,79.23076923076923,73.07692307692307,6.153846153846154
E00070518,90,28,11,17,62,54,8,31.11111111111111,12.222222222222221,18.88888888888889,68.88888888888889,60,8.88888888888889
E00070519,123,34,12,22,89,70,19,27.64227642276423,9.75609756097561,17.88617886178862,72.35772357723577,56.91056910569105,15.447154471544716
E00070520,134,31,10,21,103,94,9,23.134328358208954,7.462686567164178,15.671641791044777,76.86567164179104,70.1492537313433,6.7164179104477615
E00070522,116,32,13,19,84,71,13,27.586206896551722,11.206896551724139,16.379310344827587,72.41379310344827,61.206896551724135,11.206896551724139
E00070523,141,39,7,32,102,93,9,27.659574468085108,4.964539007092199,22.69503546099291,72.3404255319149,65.95744680851064,6.382978723404255
E00070525,130,38,12,26,92,87,5,29.230769230769234,9.230769230769232,20,70.76923076923077,66.92307692307692,3.8461538461538463
E00070526,117,36,12,24,81,70,11,30.76923076923077,10.256410256410255,20.51282051282051,69.23076923076923,59.82905982905983,9.401709401709402
E00070529,130,38,19,19,92,76,16,29.230769230769234,14.615384615384617,14.615384615384617,70.76923076923077,58.46153846153847,12.307692307692308
E00070530,77,28,11,17,49,44,5,36.36363636363637,14.285714285714285,22.07792207792208,63.63636363636363,57.14285714285714,6.493506493506493
E00070532,97,33,9,24,64,60,4,34.02061855670103,9.278350515463918,24.742268041237114,65.97938144329896,61.855670103092784,4.123711340206185
E00070533,98,31,13,18,67,55,12,31.63265306122449,13.26530612244898,18.367346938775512,68.36734693877551,56.12244897959183,12.244897959183673
E00070536,113,34,11,23,79,72,7,30.08849557522124,9.734513274336283,20.353982300884958,69.91150442477876,63.716814159292035,6.1946902654867255
E00070537,106,34,11,23,72,64,8,32.075471698113205,10.377358490566039,21.69811320754717,67.9245283018868,60.37735849056604,7.547169811320755
E00070538,98,25,4,21,73,65,8,25.510204081632654,4.081632653061225,21.428571428571427,74.48979591836735,66.3265306122449,8.16326530612245
E00070539,107,30,14,16,77,67,10,28.037383177570092,13.084112149532709,14.953271028037381,71.96261682242991,62.616822429906534,9.345794392523365
E00070540,210,60,23,37,150,112,38,28.57142857142857,10.952380952380953,17.61904761904762,71.42857142857143,53.333333333333336,18.095238095238095
E00070541,108,33,12,21,75,68,7,30.555555555555557,11.11111111111111,19.444444444444446,69.44444444444444,62.96296296296296,6.481481481481481
E00070542,223,64,25,39,159,137,22,28.699551569506728,11.210762331838566,17.48878923766816,71.30044843049326,61.43497757847533,9.865470852017937
E00070543,175,54,17,37,121,105,16,30.857142857142854,9.714285714285714,21.142857142857142,69.14285714285714,60,9.142857142857142
E00070544,161,53,18,35,108,77,31,32.91925465838509,11.180124223602485,21.73913043478261,67.08074534161491,47.82608695652174,19.25465838509317
E00070545,128,40,9,31,88,78,10,31.25,7.03125,24.21875,68.75,60.9375,7.8125
E00070546,89,29,4,25,60,55,5,32.58426966292135,4.49438202247191,28.08988764044944,67.41573033707866,61.79775280898876,5.617977528089887
E00070547,66,25,12,13,41,33,8,37.878787878787875,18.181818181818183,19.696969696969695,62.121212121212125,50,12.121212121212121
E00070548,90,30,7,23,60,52,8,33.33333333333333,7.777777777777778,25.555555555555554,66.66666666666666,57.77777777777777,8.88888888888889
E00070549,188,46,15,31,142,129,13,24.46808510638298,7.9787234042553195,16.48936170212766,75.53191489361703,68.61702127659575,6.914893617021277
E00070550,119,37,13,24,82,69,13,31.092436974789916,10.92436974789916,20.168067226890756,68.90756302521008,57.98319327731093,10.92436974789916
E00070551,129,30,10,20,99,87,12,23.25581395348837,7.751937984496124,15.503875968992247,76.74418604651163,67.44186046511628,9.30232558139535
E00070552,76,24,8,16,52,51,1,31.57894736842105,10.526315789473683,21.052631578947366,68.42105263157895,67.10526315789474,1.3157894736842104
E00070553,158,56,19,37,102,88,14,35.44303797468354,12.025316455696203,23.417721518987342,64.55696202531645,55.69620253164557,8.860759493670885
E00070554,154,46,11,35,108,89,19,29.87012987012987,7.142857142857142,22.727272727272727,70.12987012987013,57.7922077922078,12.337662337662337
E00070555,148,40,8,32,108,92,16,27.027027027027028,5.405405405405405,21.62162162162162,72.97297297297297,62.16216216216216,10.81081081081081
E00070556,215,55,22,33,160,139,21,25.581395348837212,10.232558139534884,15.348837209302326,74.4186046511628,64.65116279069767,9.767441860465116
E00070557,173,45,18,27,128,114,14,26.011560693641616,10.404624277456648,15.606936416184972,73.98843930635837,65.89595375722543,8.092485549132949
E00070558,71,17,3,14,54,46,8,23.943661971830984,4.225352112676056,19.718309859154928,76.05633802816901,64.7887323943662,11.267605633802818
E00070559,125,31,8,23,94,80,14,24.8,6.4,18.4,75.2,64,11.200000000000001
E00070560,163,44,20,24,119,106,13,26.993865030674847,12.269938650306749,14.723926380368098,73.00613496932516,65.03067484662577,7.975460122699387
E00070561,94,28,5,23,66,53,13,29.78723404255319,5.319148936170213,24.46808510638298,70.2127659574468,56.38297872340425,13.829787234042554
E00070562,177,55,19,36,122,107,15,31.07344632768362,10.734463276836157,20.33898305084746,68.92655367231639,60.451977401129945,8.47457627118644
E00070563,105,30,11,19,75,72,3,28.57142857142857,10.476190476190476,18.095238095238095,71.42857142857143,68.57142857142857,2.857142857142857
E00070564,139,36,12,24,103,81,22,25.899280575539567,8.633093525179856,17.26618705035971,74.10071942446042,58.27338129496403,15.827338129496402
E00070565,164,45,21,24,119,96,23,27.439024390243905,12.804878048780488,14.634146341463413,72.5609756097561,58.536585365853654,14.02439024390244
E00070566,158,50,19,31,108,86,22,31.645569620253166,12.025316455696203,19.62025316455696,68.35443037974683,54.43037974683544,13.924050632911392
E00070567,135,36,13,23,99,80,19,26.666666666666668,9.62962962962963,17.037037037037038,73.33333333333333,59.25925925925925,14.074074074074074
E00070568,155,56,24,32,99,77,22,36.12903225806451,15.483870967741936,20.64516129032258,63.87096774193548,49.67741935483871,14.193548387096774
E00070569,152,44,22,22,108,83,25,28.947368421052634,14.473684210526317,14.473684210526317,71.05263157894737,54.60526315789473,16.447368421052634
E00070570,161,48,21,27,113,87,26,29.81366459627329,13.043478260869565,16.77018633540373,70.1863354037267,54.037267080745345,16.149068322981368
E00070571,145,51,11,40,94,87,7,35.172413793103445,7.586206896551724,27.586206896551722,64.82758620689654,60,4.827586206896552
E00070572,83,22,11,11,61,56,5,26.506024096385545,13.253012048192772,13.253012048192772,73.49397590361446,67.46987951807229,6.024096385542169
E00070573,108,41,15,26,67,59,8,37.96296296296296,13.88888888888889,24.074074074074073,62.03703703703704,54.629629629629626,7.4074074074074066
E00070574,130,45,12,33,85,75,10,34.61538461538461,9.230769230769232,25.384615384615383,65.38461538461539,57.692307692307686,7.6923076923076925
E00070575,134,36,13,23,98,82,16,26.865671641791046,9.701492537313433,17.16417910447761,73.13432835820896,61.19402985074627,11.940298507462686
E00070576,128,42,15,27,86,56,30,32.8125,11.71875,21.09375,67.1875,43.75,23.4375
E00070577,155,39,11,28,116,102,14,25.161290322580644,7.096774193548387,18.064516129032256,74.83870967741936,65.80645161290323,9.032258064516128
E00070578,145,41,12,29,104,92,12,28.27586206896552,8.275862068965518,20,71.72413793103448,63.44827586206897,8.275862068965518
E00070579,166,54,15,39,112,92,20,32.53012048192771,9.036144578313253,23.49397590361446,67.46987951807229,55.42168674698795,12.048192771084338
E00070580,87,32,13,19,55,50,5,36.7816091954023,14.942528735632186,21.839080459770116,63.2183908045977,57.47126436781609,5.747126436781609
E00070581,118,41,13,28,77,67,10,34.74576271186441,11.016949152542372,23.728813559322035,65.2542372881356,56.779661016949156,8.47457627118644
E00070582,124,40,12,28,84,76,8,32.25806451612903,9.67741935483871,22.58064516129032,67.74193548387096,61.29032258064516,6.451612903225806
E00070583,108,38,14,24,70,59,11,35.18518518518518,12.962962962962962,22.22222222222222,64.81481481481481,54.629629629629626,10.185185185185185
E00070584,119,44,17,27,75,61,14,36.97478991596639,14.285714285714285,22.689075630252102,63.02521008403361,51.26050420168067,11.76470588235294
E00070585,221,64,17,47,157,139,18,28.95927601809955,7.6923076923076925,21.266968325791854,71.04072398190046,62.89592760180995,8.144796380090497
E00070586,128,53,20,33,75,68,7,41.40625,15.625,25.78125,58.59375,53.125,5.46875
E00165699,91,27,6,21,64,55,9,29.67032967032967,6.593406593406594,23.076923076923077,70.32967032967034,60.43956043956044,9.89010989010989
E00173447,112,65,24,41,47,45,2,58.03571428571429,21.428571428571427,36.607142857142854,41.964285714285715,40.17857142857143,1.7857142857142856
E00173449,64,26,11,15,38,33,5,40.625,17.1875,23.4375,59.375,51.5625,7.8125
E00173450,139,48,8,40,91,85,6,34.53237410071942,5.755395683453238,28.776978417266186,65.46762589928058,61.15107913669065,4.316546762589928
E00173451,162,36,8,28,126,105,21,22.22222222222222,4.938271604938271,17.28395061728395,77.77777777777779,64.81481481481481,12.962962962962962
E00173452,144,30,14,16,114,106,8,20.833333333333336,9.722222222222223,11.11111111111111,79.16666666666666,73.61111111111111,5.555555555555555
E00173453,128,30,10,20,98,86,12,23.4375,7.8125,15.625,76.5625,67.1875,9.375
E00173454,146,42,10,32,104,97,7,28.767123287671232,6.8493150684931505,21.91780821917808,71.23287671232876,66.43835616438356,4.794520547945205
E00173455,108,27,8,19,81,77,4,25,7.4074074074074066,17.59259259259259,75,71.29629629629629,3.7037037037037033
E00173456,119,37,11,26,82,70,12,31.092436974789916,9.243697478991598,21.84873949579832,68.90756302521008,58.82352941176471,10.084033613445378
E00173457,164,41,7,34,123,104,19,25,4.2682926829268295,20.73170731707317,75,63.41463414634146,11.585365853658537
E00173458,203,61,32,29,142,121,21,30.049261083743843,15.763546798029557,14.285714285714285,69.95073891625616,59.60591133004927,10.344827586206897
E00173459,172,54,16,38,118,110,8,31.3953488372093,9.30232558139535,22.093023255813954,68.6046511627907,63.95348837209303,4.651162790697675
E00173460,205,45,3,42,160,142,18,21.951219512195124,1.4634146341463417,20.48780487804878,78.04878048780488,69.26829268292683,8.780487804878048
E00173461,206,51,13,38,155,141,14,24.75728155339806,6.310679611650485,18.446601941747574,75.24271844660194,68.44660194174757,6.796116504854369
E00173462,178,36,10,26,142,127,15,20.224719101123593,5.617977528089887,14.606741573033707,79.7752808988764,71.34831460674157,8.426966292134832
E00173463,145,25,7,18,120,106,14,17.24137931034483,4.827586206896552,12.413793103448276,82.75862068965517,73.10344827586206,9.655172413793103
E00173464,119,32,8,24,87,78,9,26.89075630252101,6.722689075630252,20.168067226890756,73.10924369747899,65.54621848739495,7.563025210084033
E00173465,79,31,8,23,48,44,4,39.24050632911392,10.126582278481013,29.11392405063291,60.75949367088608,55.69620253164557,5.063291139240507
E00173466,230,50,17,33,180,147,33,21.73913043478261,7.391304347826087,14.347826086956522,78.26086956521739,63.91304347826087,14.347826086956522
E00173468,93,38,14,24,55,50,5,40.86021505376344,15.053763440860216,25.806451612903224,59.13978494623656,53.76344086021505,5.376344086021505
E00173471,79,19,10,9,60,57,3,24.050632911392405,12.658227848101266,11.39240506329114,75.9493670886076,72.15189873417721,3.79746835443038
E00173473,120,50,30,20,70,64,6,41.66666666666667,25,16.666666666666664,58.333333333333336,53.333333333333336,5
E00173474,82,32,18,14,50,46,4,39.02439024390244,21.951219512195124,17.073170731707318,60.97560975609756,56.09756097560976,4.878048780487805
E00173476,150,40,15,25,110,95,15,26.666666666666668,10,16.666666666666664,73.33333333333333,63.33333333333333,10
E00173477,148,41,12,29,107,99,8,27.7027027027027,8.108108108108109,19.594594594594593,72.2972972972973,66.8918918918919,5.405405405405405
E00173478,101,27,6,21,74,66,8,26.732673267326735,5.9405940594059405,20.792079207920793,73.26732673267327,65.34653465346535,7.920792079207921
E00173479,103,35,11,24,68,51,17,33.980582524271846,10.679611650485436,23.300970873786408,66.01941747572816,49.51456310679612,16.50485436893204
E00173482,144,49,16,33,95,85,10,34.02777777777778,11.11111111111111,22.916666666666664,65.97222222222221,59.02777777777778,6.944444444444445
E00173484,89,17,3,14,72,60,12,19.101123595505616,3.3707865168539324,15.730337078651685,80.89887640449437,67.41573033707866,13.48314606741573
E00173485,137,37,17,20,100,82,18,27.00729927007299,12.408759124087592,14.5985401459854,72.99270072992701,59.854014598540154,13.138686131386862
E00173486,114,62,25,37,52,46,6,54.385964912280706,21.929824561403507,32.45614035087719,45.614035087719294,40.35087719298245,5.263157894736842
E00173487,111,16,5,11,95,86,9,14.414414414414415,4.504504504504505,9.90990990990991,85.58558558558559,77.47747747747748,8.108108108108109
E00173489,122,23,12,11,99,69,30,18.852459016393443,9.836065573770492,9.01639344262295,81.14754098360656,56.557377049180324,24.59016393442623
E00173490,161,37,14,23,124,107,17,22.981366459627328,8.695652173913043,14.285714285714285,77.01863354037268,66.45962732919256,10.559006211180124
E00173491,140,27,15,12,113,96,17,19.28571428571429,10.714285714285714,8.571428571428571,80.71428571428572,68.57142857142857,12.142857142857142
E00173492,91,62,39,23,29,26,3,68.13186813186813,42.857142857142854,25.274725274725274,31.868131868131865,28.57142857142857,3.296703296703297
E00173494,176,124,86,38,52,42,10,70.45454545454545,48.86363636363637,21.59090909090909,29.545454545454547,23.863636363636363,5.681818181818182
E00173495,57,17,3,14,40,35,5,29.82456140350877,5.263157894736842,24.561403508771928,70.17543859649122,61.40350877192983,8.771929824561402
E00173496,123,64,37,27,59,50,9,52.03252032520326,30.081300813008134,21.951219512195124,47.96747967479675,40.65040650406504,7.317073170731707
E00173497,53,19,2,17,34,34,0,35.84905660377358,3.7735849056603774,32.075471698113205,64.15094339622641,64.15094339622641,0
E00173498,167,29,15,14,138,124,14,17.365269461077844,8.982035928143713,8.383233532934131,82.63473053892216,74.25149700598801,8.383233532934131
E00173499,67,5,1,4,62,50,12,7.462686567164178,1.4925373134328357,5.970149253731343,92.53731343283582,74.6268656716418,17.91044776119403
E00173500,76,52,32,20,24,24,0,68.42105263157895,42.10526315789473,26.31578947368421,31.57894736842105,31.57894736842105,0
E00173501,180,94,65,29,86,78,8,52.22222222222223,36.11111111111111,16.11111111111111,47.77777777777778,43.333333333333336,4.444444444444445
E00173503,74,36,21,15,38,33,5,48.64864864864865,28.37837837837838,20.27027027027027,51.35135135135135,44.5945945945946,6.756756756756757
E00173505,40,17,4,13,23,20,3,42.5,10,32.5,57.49999999999999,50,7.5
E00173506,159,57,38,19,102,87,15,35.84905660377358,23.89937106918239,11.949685534591195,64.15094339622641,54.71698113207547,9.433962264150944
E00173507,111,22,8,14,89,71,18,19.81981981981982,7.207207207207207,12.612612612612612,80.18018018018019,63.96396396396396,16.216216216216218
E00173508,120,61,37,24,59,50,9,50.83333333333333,30.833333333333336,20,49.166666666666664,41.66666666666667,7.5
E00173509,109,16,8,8,93,86,7,14.678899082568808,7.339449541284404,7.339449541284404,85.3211009174312,78.89908256880734,6.422018348623854
E00173512,84,52,31,21,32,31,1,61.904761904761905,36.904761904761905,25,38.095238095238095,36.904761904761905,1.1904761904761905
E00173514,74,17,6,11,57,40,17,22.972972972972975,8.108108108108109,14.864864864864865,77.02702702702703,54.054054054054056,22.972972972972975
E00173515,136,111,65,46,25,18,7,81.61764705882352,47.794117647058826,33.82352941176471,18.38235294117647,13.23529411764706,5.147058823529411
E00173516,126,36,18,18,90,74,16,28.57142857142857,14.285714285714285,14.285714285714285,71.42857142857143,58.730158730158735,12.698412698412698
E00173517,91,22,11,11,69,64,5,24.175824175824175,12.087912087912088,12.087912087912088,75.82417582417582,70.32967032967034,5.4945054945054945
E00173520,152,45,26,19,107,91,16,29.605263157894733,17.105263157894736,12.5,70.39473684210526,59.86842105263158,10.526315789473683
E00173521,75,50,39,11,25,20,5,66.66666666666666,52,14.666666666666666,33.33333333333333,26.666666666666668,6.666666666666667
E00173522,125,28,12,16,97,85,12,22.400000000000002,9.6,12.8,77.60000000000001,68,9.6
E00173523,91,29,7,22,62,57,5,31.868131868131865,7.6923076923076925,24.175824175824175,68.13186813186813,62.637362637362635,5.4945054945054945
E00173524,171,43,24,19,128,106,22,25.146198830409354,14.035087719298245,11.11111111111111,74.85380116959064,61.98830409356725,12.865497076023392
E00173525,129,25,7,18,104,91,13,19.379844961240313,5.426356589147287,13.953488372093023,80.62015503875969,70.54263565891473,10.077519379844961
E00173528,115,51,26,25,64,57,7,44.34782608695652,22.608695652173914,21.73913043478261,55.65217391304348,49.56521739130435,6.086956521739131
E00173529,109,35,16,19,74,66,8,32.11009174311927,14.678899082568808,17.431192660550458,67.88990825688074,60.550458715596335,7.339449541284404
E00173530,54,21,15,6,33,28,5,38.88888888888889,27.77777777777778,11.11111111111111,61.111111111111114,51.85185185185185,9.25925925925926
E00173531,102,18,14,4,84,79,5,17.647058823529413,13.725490196078432,3.9215686274509802,82.35294117647058,77.45098039215686,4.901960784313726
E00173532,148,16,8,8,132,119,13,10.81081081081081,5.405405405405405,5.405405405405405,89.1891891891892,80.4054054054054,8.783783783783784
E00173534,101,45,17,28,56,44,12,44.554455445544555,16.831683168316832,27.722772277227726,55.44554455445545,43.56435643564357,11.881188118811881
E00173536,131,103,74,29,28,28,0,78.62595419847328,56.48854961832062,22.137404580152673,21.374045801526716,21.374045801526716,0
E00173537,87,29,9,20,58,52,6,33.33333333333333,10.344827586206897,22.988505747126435,66.66666666666666,59.77011494252874,6.896551724137931
E00173538,162,33,13,20,129,100,29,20.37037037037037,8.024691358024691,12.345679012345679,79.62962962962963,61.72839506172839,17.901234567901234
E00173539,146,91,70,21,55,49,6,62.328767123287676,47.94520547945205,14.383561643835616,37.67123287671233,33.56164383561644,4.10958904109589
E00173542,160,40,12,28,120,88,32,25,7.5,17.5,75,55.00000000000001,20
E00173543,49,13,8,5,36,32,4,26.53061224489796,16.3265306122449,10.204081632653061,73.46938775510205,65.3061224489796,8.16326530612245
E00173544,74,44,25,19,30,30,0,59.45945945945946,33.78378378378378,25.675675675675674,40.54054054054054,40.54054054054054,0
E00173546,134,15,7,8,119,107,12,11.194029850746269,5.223880597014925,5.970149253731343,88.80597014925374,79.8507462686567,8.955223880597014
E00173547,58,13,6,7,45,41,4,22.413793103448278,10.344827586206897,12.068965517241379,77.58620689655173,70.6896551724138,6.896551724137931
E00173549,102,65,41,24,37,31,6,63.725490196078425,40.19607843137255,23.52941176470588,36.27450980392157,30.392156862745097,5.88235294117647
E00173550,44,17,8,9,27,27,0,38.63636363636363,18.181818181818183,20.454545454545457,61.36363636363637,61.36363636363637,0
E00173553,135,48,26,22,87,69,18,35.55555555555556,19.25925925925926,16.296296296296298,64.44444444444444,51.11111111111111,13.333333333333334
E00173554,118,27,10,17,91,84,7,22.88135593220339,8.47457627118644,14.40677966101695,77.11864406779661,71.1864406779661,5.932203389830509
E00173555,151,122,88,34,29,26,3,80.79470198675497,58.27814569536424,22.516556291390728,19.205298013245034,17.218543046357617,1.9867549668874174
E00173556,56,34,16,18,22,19,3,60.71428571428571,28.57142857142857,32.142857142857146,39.285714285714285,33.92857142857143,5.357142857142857
E00173558,63,17,6,11,46,43,3,26.984126984126984,9.523809523809524,17.46031746031746,73.01587301587301,68.25396825396825,4.761904761904762
E00187511,175,132,113,19,43,37,6,75.42857142857143,64.57142857142857,10.857142857142858,24.571428571428573,21.142857142857142,3.428571428571429
E00187512,63,22,8,14,41,37,4,34.92063492063492,12.698412698412698,22.22222222222222,65.07936507936508,58.730158730158735,6.349206349206349
E00187513,55,37,23,14,18,17,1,67.27272727272727,41.81818181818181,25.454545454545453,32.72727272727273,30.909090909090907,1.8181818181818181
E00187514,89,56,33,23,33,32,1,62.92134831460674,37.07865168539326,25.842696629213485,37.07865168539326,35.95505617977528,1.1235955056179776
E00187515,16,2,2,0,14,11,3,12.5,12.5,0,87.5,68.75,18.75
E00187516,114,55,29,26,59,54,5,48.24561403508772,25.438596491228072,22.807017543859647,51.75438596491229,47.368421052631575,4.385964912280701
E00187517,119,42,23,19,77,67,10,35.294117647058826,19.327731092436977,15.966386554621847,64.70588235294117,56.30252100840336,8.403361344537815
E00187518,275,152,98,54,123,95,28,55.27272727272727,35.63636363636364,19.636363636363637,44.72727272727273,34.54545454545455,10.181818181818182
E00187519,71,52,32,20,19,18,1,73.23943661971832,45.07042253521127,28.169014084507044,26.76056338028169,25.352112676056336,1.4084507042253522
E00187520,128,96,66,30,32,32,0,75,51.5625,23.4375,25,25,0
E00187521,185,69,37,32,116,100,16,37.2972972972973,20,17.2972972972973,62.70270270270271,54.054054054054056,8.64864864864865
E00187522,206,30,16,14,176,169,7,14.563106796116504,7.766990291262135,6.796116504854369,85.43689320388349,82.03883495145631,3.3980582524271843
E00187523,241,70,40,30,171,153,18,29.045643153526974,16.59751037344398,12.448132780082988,70.95435684647303,63.48547717842323,7.468879668049793
E00187524,238,39,18,21,199,183,16,16.386554621848738,7.563025210084033,8.823529411764707,83.61344537815127,76.89075630252101,6.722689075630252
E00187525,183,44,26,18,139,128,11,24.043715846994534,14.207650273224044,9.836065573770492,75.95628415300546,69.94535519125684,6.0109289617486334
E00187526,134,57,40,17,77,67,10,42.53731343283582,29.850746268656714,12.686567164179104,57.46268656716418,50,7.462686567164178
E00187528,81,59,40,19,22,19,3,72.8395061728395,49.382716049382715,23.456790123456788,27.160493827160494,23.456790123456788,3.7037037037037033
E00187530,122,30,12,18,92,82,10,24.59016393442623,9.836065573770492,14.754098360655737,75.40983606557377,67.21311475409836,8.19672131147541
E00187532,51,41,30,11,10,9,1,80.3921568627451,58.82352941176471,21.568627450980394,19.607843137254903,17.647058823529413,1.9607843137254901
E00187536,150,72,42,30,78,75,3,48,28.000000000000004,20,52,50,2
E00187539,58,35,33,2,23,22,1,60.3448275862069,56.896551724137936,3.4482758620689653,39.6551724137931,37.93103448275862,1.7241379310344827
E00187540,269,65,16,49,204,175,29,24.1635687732342,5.947955390334572,18.21561338289963,75.8364312267658,65.05576208178438,10.780669144981413
E00187541,48,35,17,18,13,12,1,72.91666666666666,35.41666666666667,37.5,27.083333333333332,25,2.083333333333333
E00187542,154,70,50,20,84,74,10,45.45454545454545,32.467532467532465,12.987012987012985,54.54545454545454,48.05194805194805,6.493506493506493
E00187544,58,34,27,7,24,23,1,58.620689655172406,46.55172413793103,12.068965517241379,41.37931034482759,39.6551724137931,1.7241379310344827
E00187546,158,34,16,18,124,103,21,21.518987341772153,10.126582278481013,11.39240506329114,78.48101265822784,65.18987341772153,13.291139240506327
E00187553,67,24,16,8,43,38,5,35.82089552238806,23.88059701492537,11.940298507462686,64.17910447761194,56.71641791044776,7.462686567164178
E00187554,96,21,9,12,75,68,7,21.875,9.375,12.5,78.125,70.83333333333334,7.291666666666667
E00187555,81,40,20,20,41,36,5,49.382716049382715,24.691358024691358,24.691358024691358,50.617283950617285,44.44444444444444,6.172839506172839
E00187556,74,14,9,5,60,56,4,18.91891891891892,12.162162162162163,6.756756756756757,81.08108108108108,75.67567567567568,5.405405405405405
E00187558,77,39,12,27,38,30,8,50.649350649350644,15.584415584415584,35.064935064935064,49.35064935064935,38.961038961038966,10.38961038961039
E00187559,241,38,14,24,203,169,34,15.767634854771783,5.809128630705394,9.95850622406639,84.23236514522821,70.12448132780082,14.107883817427386
E00187560,111,72,54,18,39,35,4,64.86486486486487,48.64864864864865,16.216216216216218,35.13513513513514,31.53153153153153,3.6036036036036037
E00187564,62,45,36,9,17,16,1,72.58064516129032,58.06451612903226,14.516129032258066,27.419354838709676,25.806451612903224,1.6129032258064515
E00187566,60,25,13,12,35,35,0,41.66666666666667,21.666666666666668,20,58.333333333333336,58.333333333333336,0
E00187568,66,23,7,16,43,37,6,34.84848484848485,10.606060606060606,24.242424242424242,65.15151515151516,56.060606060606055,9.090909090909092
E00187569,71,18,5,13,53,50,3,25.352112676056336,7.042253521126761,18.30985915492958,74.64788732394366,70.4225352112676,4.225352112676056
E00187570,76,25,11,14,51,51,0,32.89473684210527,14.473684210526317,18.421052631578945,67.10526315789474,67.10526315789474,0
E00187572,122,86,58,28,36,35,1,70.49180327868852,47.540983606557376,22.950819672131146,29.508196721311474,28.688524590163933,0.819672131147541
E00187573,97,48,36,12,49,42,7,49.48453608247423,37.11340206185567,12.371134020618557,50.51546391752577,43.29896907216495,7.216494845360824
E00187575,164,34,3,31,130,113,17,20.73170731707317,1.8292682926829267,18.902439024390244,79.26829268292683,68.90243902439023,10.365853658536585
E00187577,30,9,3,6,21,18,3,30,10,20,70,60,10
E00187579,66,18,5,13,48,47,1,27.27272727272727,7.575757575757576,19.696969696969695,72.72727272727273,71.21212121212122,1.5151515151515151
E00187580,183,60,12,48,123,112,11,32.78688524590164,6.557377049180328,26.229508196721312,67.21311475409836,61.20218579234973,6.0109289617486334
E00187581,199,59,28,31,140,117,23,29.64824120603015,14.07035175879397,15.577889447236181,70.35175879396985,58.79396984924623,11.557788944723619
E00187582,85,25,10,15,60,60,0,29.411764705882355,11.76470588235294,17.647058823529413,70.58823529411765,70.58823529411765,0
E00187584,139,29,10,19,110,99,11,20.863309352517987,7.1942446043165464,13.66906474820144,79.13669064748201,71.22302158273382,7.913669064748201
E00187585,101,54,33,21,47,38,9,53.46534653465347,32.67326732673268,20.792079207920793,46.53465346534654,37.62376237623762,8.91089108910891
E00187587,148,34,16,18,114,97,17,22.972972972972975,10.81081081081081,12.162162162162163,77.02702702702703,65.54054054054053,11.486486486486488
E00187588,83,8,5,3,75,65,10,9.63855421686747,6.024096385542169,3.614457831325301,90.36144578313254,78.3132530120482,12.048192771084338
E00187591,383,63,14,49,320,277,43,16.449086161879894,3.6553524804177546,12.793733681462141,83.5509138381201,72.32375979112271,11.22715404699739
E00187592,106,59,42,17,47,41,6,55.660377358490564,39.62264150943396,16.037735849056602,44.339622641509436,38.67924528301887,5.660377358490567
E00187594,153,33,5,28,120,109,11,21.568627450980394,3.2679738562091507,18.30065359477124,78.43137254901961,71.24183006535948,7.18954248366013
E00187597,59,43,31,12,16,15,1,72.88135593220339,52.54237288135594,20.33898305084746,27.11864406779661,25.423728813559322,1.694915254237288
E00187598,124,84,53,31,40,39,1,67.74193548387096,42.74193548387097,25,32.25806451612903,31.451612903225808,0.8064516129032258
E00187599,68,50,31,19,18,17,1,73.52941176470588,45.588235294117645,27.941176470588236,26.47058823529412,25,1.4705882352941175
E00187602,155,46,9,37,109,99,10,29.677419354838708,5.806451612903226,23.870967741935484,70.3225806451613,63.87096774193548,6.451612903225806
E00187603,169,86,55,31,83,68,15,50.887573964497044,32.544378698224854,18.34319526627219,49.112426035502956,40.23668639053255,8.875739644970414
