OA,ts0380001,ts0380002,ts0380003,ts0380004,ts0380005,ts0380006,ts0380007,ts0380002_PCT,ts0380003_PCT,ts0380004_PCT,ts0380005_PCT,ts0380006_PCT,ts0380007_PCT
E00069658,256,77,28,49,179,14,165,30.078125,10.9375,19.140625,69.921875,5.46875,64.453125
E00069659,405,67,21,46,338,26,312,16.543209876543212,5.185185185185185,11.358024691358025,83.4567901234568,6.419753086419753,77.03703703703704
E00069660,271,85,41,44,186,12,174,31.365313653136536,15.129151291512915,16.236162361623617,68.63468634686348,4.428044280442804,64.20664206642066
E00069661,447,49,13,36,398,27,371,10.961968680089486,2.9082774049217,8.053691275167784,89.03803131991052,6.0402684563758395,82.99776286353467
E00069663,412,59,30,29,353,11,342,14.320388349514563,7.281553398058252,7.038834951456311,85.67961165048543,2.669902912621359,83.00970873786407
E00069664,285,44,31,13,241,7,234,15.43859649122807,10.87719298245614,4.56140350877193,84.56140350877193,2.456140350877193,82.10526315789474
E00069665,477,56,31,25,421,12,409,11.740041928721174,6.498951781970649,5.2410901467505235,88.25995807127882,2.515723270440252,85.74423480083857
E00069666,356,65,19,46,291,17,274,18.258426966292134,5.337078651685393,12.921348314606742,81.74157303370787,4.775280898876404,76.96629213483146
E00069667,329,45,25,20,284,10,274,13.677811550151976,7.598784194528875,6.079027355623101,86.32218844984803,3.0395136778115504,83.28267477203647
E00069668,373,53,33,20,320,6,314,14.209115281501342,8.847184986595174,5.361930294906166,85.79088471849866,1.6085790884718498,84.1823056300268
E00069670,273,34,13,21,239,10,229,12.454212454212454,4.761904761904762,7.6923076923076925,87.54578754578755,3.6630036630036633,83.88278388278388
E00069671,336,51,25,26,285,7,278,15.178571428571427,7.440476190476191,7.738095238095238,84.82142857142857,2.083333333333333,82.73809523809523
E00069672,249,57,19,38,192,23,169,22.89156626506024,7.630522088353414,15.261044176706829,77.10843373493977,9.236947791164658,67.8714859437751
E00069673,519,87,46,41,432,17,415,16.76300578034682,8.863198458574182,7.89980732177264,83.23699421965318,3.275529865125241,79.96146435452793
E00069674,291,65,29,36,226,26,200,22.336769759450174,9.965635738831615,12.371134020618557,77.66323024054984,8.934707903780069,68.72852233676976
E00069675,378,48,14,34,330,24,306,12.698412698412698,3.7037037037037033,8.994708994708994,87.3015873015873,6.349206349206349,80.95238095238095
E00069676,288,81,28,53,207,12,195,28.125,9.722222222222223,18.40277777777778,71.875,4.166666666666666,67.70833333333334
E00069677,320,52,16,36,268,17,251,16.25,5,11.25,83.75,5.3125,78.4375
E00069679,219,62,27,35,157,13,144,28.31050228310502,12.32876712328767,15.981735159817351,71.68949771689498,5.93607305936073,65.75342465753424
E00069681,182,45,19,26,137,16,121,24.725274725274726,10.43956043956044,14.285714285714285,75.27472527472527,8.791208791208792,66.48351648351648
E00069682,436,70,14,56,366,33,333,16.055045871559635,3.211009174311927,12.844036697247708,83.94495412844036,7.568807339449542,76.37614678899082
E00069684,243,50,21,29,193,19,174,20.5761316872428,8.641975308641975,11.934156378600823,79.42386831275721,7.818930041152264,71.60493827160494
E00069685,406,51,30,21,355,8,347,12.561576354679804,7.389162561576355,5.172413793103448,87.4384236453202,1.9704433497536946,85.4679802955665
E00069686,342,54,32,22,288,5,283,15.789473684210526,9.35672514619883,6.432748538011696,84.21052631578947,1.461988304093567,82.7485380116959
E00069687,337,41,13,28,296,14,282,12.166172106824925,3.857566765578635,8.30860534124629,87.83382789317507,4.154302670623145,83.67952522255193
E00069688,295,60,24,36,235,15,220,20.33898305084746,8.135593220338983,12.203389830508476,79.66101694915254,5.084745762711865,74.57627118644068
E00069689,139,23,14,9,116,3,113,16.546762589928058,10.071942446043165,6.474820143884892,83.45323741007195,2.158273381294964,81.29496402877699
E00069690,293,39,14,25,254,7,247,13.310580204778159,4.778156996587031,8.532423208191126,86.68941979522185,2.3890784982935154,84.30034129692832
E00069691,276,65,23,42,211,8,203,23.55072463768116,8.333333333333332,15.217391304347828,76.44927536231883,2.898550724637681,73.55072463768117
E00069692,306,52,26,26,254,7,247,16.99346405228758,8.49673202614379,8.49673202614379,83.00653594771242,2.287581699346405,80.71895424836602
E00069693,393,69,25,44,324,14,310,17.557251908396946,6.361323155216285,11.195928753180661,82.44274809160305,3.5623409669211195,78.88040712468194
E00069694,308,65,43,22,243,12,231,21.1038961038961,13.96103896103896,7.142857142857142,78.8961038961039,3.896103896103896,75
E00069695,356,63,26,37,293,17,276,17.696629213483146,7.303370786516854,10.393258426966293,82.30337078651685,4.775280898876404,77.52808988764045
E00069696,375,71,35,36,304,14,290,18.933333333333334,9.333333333333334,9.6,81.06666666666666,3.733333333333334,77.33333333333333
E00069697,364,64,23,41,300,23,277,17.582417582417584,6.318681318681318,11.263736263736265,82.41758241758241,6.318681318681318,76.0989010989011
E00069698,486,68,41,27,418,13,405,13.991769547325102,8.436213991769549,5.555555555555555,86.0082304526749,2.674897119341564,83.33333333333334
E00069699,370,67,26,41,303,21,282,18.10810810810811,7.027027027027027,11.081081081081082,81.89189189189189,5.675675675675676,76.21621621621621
E00069700,415,75,37,38,340,24,316,18.072289156626507,8.91566265060241,9.156626506024097,81.92771084337349,5.783132530120482,76.144578313253
E00069701,374,74,30,44,300,16,284,19.786096256684495,8.0213903743315509,11.76470588235294,80.21390374331551,4.27807486631016,75.93582887700535
E00069702,385,63,33,30,322,17,305,16.363636363636363,8.571428571428571,7.792207792207792,83.63636363636363,4.415584415584416,79.22077922077922
E00069703,405,87,39,48,318,21,297,21.48148148148148,9.62962962962963,11.851851851851853,78.51851851851852,5.185185185185185,73.33333333333333
E00069704,412,82,47,35,330,22,308,19.902912621359224,11.407766990291263,8.495145631067961,80.09708737864078,5.339805825242718,74.75728155339806
E00069705,203,64,34,30,139,8,131,31.527093596059114,16.748768472906402,14.77832512315271,68.4729064039409,3.9408866995073892,64.5320197044335
E00069706,386,68,39,29,318,25,293,17.616580310880828,10.103626943005182,7.512953367875648,82.38341968911918,6.476683937823833,75.90673575129534
E00069707,351,61,26,35,290,15,275,17.37891737891738,7.4074074074074066,9.971509971509972,82.62108262108262,4.273504273504273,78.34757834757835
E00069708,422,72,36,36,350,14,336,17.061611374407583,8.530805687203792,8.530805687203792,82.93838862559242,3.3175355450236967,79.62085308056872
E00069709,271,29,13,16,242,18,224,10.70110701107011,4.797047970479705,5.904059040590406,89.2988929889299,6.642066420664207,82.65682656826569
E00069710,404,75,31,44,329,8,321,18.564356435643564,7.673267326732673,10.891089108910892,81.43564356435643,1.9801980198019802,79.45544554455446
E00069711,414,86,50,36,328,11,317,20.77294685990338,12.077294685990339,8.695652173913043,79.22705314009661,2.657004830917874,76.57004830917874
E00069712,367,60,30,30,307,9,298,16.348773841961854,8.174386920980927,8.174386920980927,83.65122615803816,2.452316076294278,81.19891008174388
E00069713,303,65,33,32,238,10,228,21.45214521452145,10.891089108910892,10.561056105610561,78.54785478547855,3.3003300330033,75.24752475247524
E00069714,416,90,36,54,326,25,301,21.634615384615387,8.653846153846153,12.980769230769232,78.36538461538461,6.009615384615385,72.35576923076923
E00069715,539,129,71,58,410,30,380,23.933209647495364,13.172541743970315,10.760667903525047,76.06679035250464,5.565862708719852,70.50092764378478
E00069716,346,62,30,32,284,20,264,17.91907514450867,8.670520231213873,9.248554913294797,82.08092485549133,5.780346820809249,76.30057803468208
E00069717,340,77,37,40,263,10,253,22.647058823529413,10.882352941176471,11.76470588235294,77.3529411764706,2.941176470588235,74.41176470588235
E00069718,321,53,28,25,268,19,249,16.510903426791277,8.722741433021806,7.78816199376947,83.48909657320873,5.919003115264798,77.57009345794393
E00069719,323,55,33,22,268,16,252,17.027863777089784,10.21671826625387,6.811145510835913,82.97213622291022,4.953560371517028,78.0185758513932
E00069720,348,57,32,25,291,19,272,16.379310344827587,9.195402298850574,7.183908045977011,83.62068965517241,5.459770114942529,78.16091954022988
E00069721,383,88,38,50,295,14,281,22.97650130548303,9.921671018276761,13.054830287206268,77.02349869451697,3.6553524804177546,73.36814621409921
E00069722,430,83,41,42,347,12,335,19.302325581395348,9.534883720930234,9.767441860465116,80.69767441860465,2.7906976744186047,77.90697674418605
E00069723,413,79,30,49,334,16,318,19.128329297820823,7.263922518159806,11.864406779661017,80.87167070217917,3.87409200968523,76.99757869249395
E00069724,366,55,19,36,311,12,299,15.027322404371585,5.191256830601093,9.836065573770492,84.97267759562843,3.278688524590164,81.69398907103826
E00069725,345,52,23,29,293,20,273,15.072463768115943,6.666666666666667,8.405797101449275,84.92753623188406,5.797101449275362,79.13043478260869
E00069726,366,71,24,47,295,17,278,19.398907103825135,6.557377049180328,12.841530054644808,80.60109289617486,4.644808743169399,75.95628415300546
E00069727,330,74,39,35,256,17,239,22.424242424242426,11.818181818181818,10.606060606060606,77.57575757575758,5.151515151515151,72.42424242424242
E00069728,353,55,29,26,298,10,288,15.58073654390935,8.21529745042493,7.365439093484419,84.41926345609065,2.8328611898017,81.58640226628894
E00069729,329,62,32,30,267,21,246,18.84498480243161,9.72644376899696,9.118541033434651,81.15501519756839,6.382978723404255,74.77203647416414
E00069730,291,47,21,26,244,13,231,16.151202749140893,7.216494845360824,8.934707903780069,83.8487972508591,4.4673539518900345,79.38144329896907
E00069731,344,75,33,42,269,9,260,21.802325581395348,9.593023255813954,12.209302325581394,78.19767441860465,2.616279069767442,75.5813953488372
E00069732,334,63,28,35,271,12,259,18.862275449101794,8.383233532934131,10.479041916167663,81.1377245508982,3.592814371257485,77.54491017964071
E00069733,316,55,24,31,261,15,246,17.405063291139243,7.59493670886076,9.81012658227848,82.59493670886076,4.746835443037975,77.84810126582279
E00069734,384,66,23,43,318,11,307,17.1875,5.989583333333334,11.197916666666668,82.8125,2.864583333333333,79.94791666666666
E00069735,223,70,33,37,153,8,145,31.390134529147986,14.798206278026907,16.591928251121075,68.60986547085201,3.587443946188341,65.02242152466367
E00069736,329,66,35,31,263,11,252,20.060790273556233,10.638297872340425,9.422492401215806,79.93920972644378,3.343465045592705,76.59574468085107
E00069737,352,62,27,35,290,15,275,17.613636363636363,7.670454545454546,9.943181818181818,82.38636363636364,4.261363636363636,78.125
E00069738,342,57,29,28,285,14,271,16.666666666666664,8.47953216374269,8.187134502923977,83.33333333333334,4.093567251461988,79.23976608187134
E00069739,367,70,42,28,297,18,279,19.07356948228883,11.444141689373296,7.629427792915531,80.92643051771117,4.904632152588556,76.02179836512262
E00069740,387,75,37,38,312,8,304,19.379844961240313,9.560723514211885,9.819121447028424,80.62015503875969,2.0671834625323,78.55297157622739
E00069741,362,79,24,55,283,18,265,21.823204419889503,6.629834254143646,15.193370165745856,78.1767955801105,4.972375690607735,73.20441988950276
E00069742,271,32,10,22,239,12,227,11.808118081180812,3.6900369003690034,8.118081180811808,88.19188191881919,4.428044280442804,83.76383763837639
E00069743,285,39,21,18,246,20,226,13.684210526315791,7.368421052631578,6.315789473684211,86.31578947368422,7.017543859649122,79.2982456140351
E00069744,402,102,45,57,300,18,282,25.37313432835821,11.194029850746269,14.17910447761194,74.6268656716418,4.477611940298507,70.1492537313433
E00069745,259,58,24,34,201,18,183,22.393822393822393,9.266409266409266,13.127413127413126,77.60617760617761,6.94980694980695,70.65637065637065
E00069746,431,60,26,34,371,42,329,13.921113689095128,6.0324825986078885,7.888631090487238,86.07888631090486,9.744779582366588,76.33410672853829
E00069747,211,47,22,25,164,12,152,22.274881516587676,10.42654028436019,11.848341232227488,77.72511848341233,5.687203791469194,72.03791469194313
E00069748,314,49,20,29,265,16,249,15.605095541401273,6.369426751592357,9.235668789808917,84.39490445859873,5.095541401273886,79.29936305732484
E00069749,316,77,42,35,239,16,223,24.367088607594937,13.291139240506327,11.075949367088606,75.63291139240506,5.063291139240507,70.56962025316456
E00069750,205,54,26,28,151,16,135,26.34146341463415,12.682926829268293,13.658536585365855,73.65853658536585,7.804878048780488,65.85365853658537
E00069751,359,63,29,34,296,26,270,17.548746518105848,8.07799442896936,9.47075208913649,82.45125348189416,7.242339832869081,75.20891364902506
E00069752,299,51,19,32,248,23,225,17.05685618729097,6.354515050167224,10.702341137123746,82.94314381270902,7.6923076923076925,75.25083612040135
E00069753,232,82,48,34,150,9,141,35.3448275862069,20.689655172413794,14.655172413793101,64.65517241379311,3.8793103448275863,60.775862068965516
E00069754,396,72,36,36,324,19,305,18.181818181818183,9.090909090909092,9.090909090909092,81.81818181818183,4.797979797979798,77.02020202020202
E00069755,264,69,26,43,195,15,180,26.136363636363637,9.848484848484848,16.28787878787879,73.86363636363636,5.681818181818182,68.18181818181817
E00069756,431,82,40,42,349,17,332,19.02552204176334,9.280742459396752,9.744779582366588,80.97447795823666,3.944315545243619,77.03016241299304
E00069757,237,56,26,30,181,12,169,23.628691983122362,10.970464135021098,12.658227848101266,76.37130801687763,5.063291139240507,71.30801687763713
E00069758,241,45,17,28,196,20,176,18.672199170124482,7.053941908713693,11.618257261410788,81.32780082987551,8.29875518672199,73.02904564315352
E00069759,318,67,30,37,251,14,237,21.069182389937108,9.433962264150944,11.635220125786164,78.9308176100629,4.40251572327044,74.52830188679245
E00069760,324,55,20,35,269,15,254,16.97530864197531,6.172839506172839,10.802469135802468,83.0246913580247,4.62962962962963,78.39506172839506
E00069761,235,71,42,29,164,10,154,30.21276595744681,17.872340425531917,12.340425531914894,69.7872340425532,4.25531914893617,65.53191489361701
E00069762,261,62,26,36,199,14,185,23.754789272030653,9.961685823754788,13.793103448275861,76.24521072796935,5.363984674329502,70.88122605363985
E00069763,232,39,12,27,193,23,170,16.810344827586206,5.172413793103448,11.637931034482758,83.1896551724138,9.913793103448276,73.27586206896551
E00069764,254,54,23,31,200,18,182,21.25984251968504,9.05511811023622,12.204724409448819,78.74015748031496,7.086614173228346,71.65354330708661
E00069765,273,64,41,23,209,20,189,23.44322344322344,15.018315018315018,8.424908424908425,76.55677655677655,7.326007326007327,69.23076923076923
E00069766,314,52,21,31,262,19,243,16.560509554140125,6.687898089171974,9.872611464968154,83.43949044585987,6.050955414012739,77.38853503184714
E00069767,231,34,12,22,197,20,177,14.71861471861472,5.194805194805195,9.523809523809524,85.28138528138528,8.658008658008658,76.62337662337663
E00069768,299,70,31,39,229,22,207,23.411371237458194,10.367892976588628,13.043478260869565,76.58862876254182,7.357859531772576,69.23076923076923
E00069769,409,61,26,35,348,30,318,14.91442542787286,6.356968215158925,8.557457212713937,85.08557457212714,7.334963325183375,77.75061124694376
E00069770,303,68,33,35,235,10,225,22.442244224422442,10.891089108910892,11.55115511551155,77.55775577557755,3.3003300330033,74.25742574257426
E00069771,288,77,35,42,211,12,199,26.73611111111111,12.152777777777777,14.583333333333334,73.26388888888889,4.166666666666666,69.09722222222221
E00069772,353,70,30,40,283,22,261,19.8300283286119,8.498583569405099,11.3314447592068,80.16997167138811,6.232294617563739,73.93767705382436
E00069773,289,42,17,25,247,26,221,14.53287197231834,5.88235294117647,8.650519031141869,85.46712802768167,8.996539792387544,76.47058823529412
E00069774,372,69,22,47,303,19,284,18.548387096774192,5.913978494623656,12.634408602150538,81.45161290322581,5.10752688172043,76.34408602150538
E00069775,343,52,27,25,291,17,274,15.160349854227405,7.871720116618077,7.288629737609329,84.8396501457726,4.956268221574344,79.88338192419825
E00069776,218,45,21,24,173,7,166,20.642201834862387,9.63302752293578,11.009174311926607,79.35779816513761,3.211009174311927,76.14678899082568
E00069777,302,60,26,34,242,18,224,19.867549668874172,8.609271523178808,11.258278145695364,80.13245033112582,5.960264900662252,74.17218543046357
E00069778,351,59,20,39,292,21,271,16.80911680911681,5.698005698005698,11.11111111111111,83.1908831908832,5.982905982905983,77.20797720797721
E00069779,233,60,33,27,173,9,164,25.75107296137339,14.163090128755366,11.587982832618025,74.2489270386266,3.862660944206009,70.3862660944206
E00069780,251,39,17,22,212,13,199,15.53784860557769,6.772908366533864,8.764940239043826,84.4621513944223,5.179282868525896,79.2828685258964
E00069781,318,53,22,31,265,25,240,16.666666666666664,6.918238993710692,9.748427672955975,83.33333333333334,7.861635220125786,75.47169811320755
E00069782,283,56,16,40,227,15,212,19.78798586572438,5.6537102473498235,14.13427561837456,80.21201413427562,5.30035335689046,74.91166077738515
E00069783,291,66,34,32,225,25,200,22.68041237113402,11.683848797250858,10.996563573883162,77.31958762886599,8.59106529209622,68.72852233676976
E00069784,377,65,29,36,312,23,289,17.24137931034483,7.6923076923076925,9.549071618037134,82.75862068965517,6.10079575596817,76.657824933687
E00069785,293,70,44,26,223,13,210,23.890784982935152,15.017064846416384,8.873720136518772,76.10921501706484,4.436860068259386,71.67235494880546
E00069786,314,71,39,32,243,11,232,22.611464968152866,12.420382165605096,10.191082802547772,77.38853503184714,3.5031847133757963,73.88535031847134
E00069787,374,79,37,42,295,23,272,21.12299465240642,9.893048128342247,11.229946524064172,78.87700534759358,6.149732620320856,72.72727272727273
E00069788,552,111,41,70,441,31,410,20.108695652173914,7.427536231884058,12.681159420289855,79.8913043478261,5.615942028985507,74.27536231884058
E00069789,343,81,41,40,262,5,257,23.61516034985423,11.9533527696793,11.661807580174926,76.38483965014578,1.4577259475218658,74.9271137026239
E00069790,299,88,47,41,211,8,203,29.431438127090303,15.719063545150503,13.712374581939798,70.5685618729097,2.6755852842809364,67.89297658862876
E00069791,350,80,37,43,270,16,254,22.857142857142858,10.571428571428571,12.285714285714286,77.14285714285715,4.571428571428571,72.57142857142857
E00069792,355,61,31,30,294,12,282,17.183098591549296,8.732394366197182,8.450704225352112,82.8169014084507,3.3802816901408446,79.43661971830987
E00069793,355,71,30,41,284,16,268,20,8.450704225352112,11.549295774647888,80,4.507042253521127,75.49295774647888
E00069794,187,71,29,42,116,10,106,37.967914438502675,15.508021390374333,22.459893048128343,62.03208556149733,5.347593582887701,56.68449197860963
E00069795,337,71,35,36,266,12,254,21.068249258160236,10.385756676557865,10.682492581602373,78.93175074183976,3.5608308605341246,75.37091988130564
E00069797,287,40,16,24,247,18,229,13.937282229965156,5.574912891986063,8.362369337979095,86.06271777003485,6.2717770034843205,79.79094076655052
E00069799,458,74,25,49,384,44,340,16.157205240174672,5.458515283842795,10.698689956331878,83.84279475982532,9.606986899563319,74.235807860262
E00069800,305,54,15,39,251,15,236,17.704918032786885,4.918032786885246,12.786885245901638,82.29508196721311,4.918032786885246,77.37704918032787
E00069801,316,69,32,37,247,16,231,21.835443037974684,10.126582278481013,11.708860759493671,78.16455696202532,5.063291139240507,73.10126582278481
E00069802,350,68,29,39,282,19,263,19.428571428571427,8.285714285714285,11.142857142857142,80.57142857142857,5.428571428571429,75.14285714285714
E00069803,413,84,38,46,329,20,309,20.33898305084746,9.200968523002421,11.138014527845035,79.66101694915254,4.8426150121065374,74.818401937046
E00069804,272,45,22,23,227,9,218,16.544117647058822,8.088235294117647,8.455882352941178,83.45588235294117,3.308823529411765,80.14705882352942
E00069805,345,103,66,37,242,23,219,29.855072463768117,19.130434782608695,10.72463768115942,70.14492753623188,6.666666666666667,63.47826086956522
E00069806,318,50,24,26,268,14,254,15.723270440251572,7.547169811320755,8.176100628930817,84.27672955974843,4.40251572327044,79.87421383647799
E00069807,496,87,39,48,409,20,389,17.540322580645164,7.862903225806452,9.67741935483871,82.45967741935483,4.032258064516129,78.42741935483872
E00069808,420,41,15,26,379,11,368,9.761904761904763,3.571428571428571,6.190476190476191,90.23809523809524,2.619047619047619,87.61904761904762
E00069809,356,39,20,19,317,11,306,10.955056179775282,5.617977528089887,5.337078651685393,89.04494382022472,3.089887640449438,85.95505617977528
E00069810,289,48,24,24,241,11,230,16.608996539792386,8.304498269896193,8.304498269896193,83.39100346020761,3.8062283737024223,79.58477508650519
E00069811,384,46,17,29,338,16,322,11.979166666666668,4.427083333333334,7.552083333333333,88.02083333333334,4.166666666666666,83.85416666666666
E00069812,545,106,34,72,439,26,413,19.449541284403672,6.238532110091743,13.211009174311927,80.55045871559633,4.770642201834862,75.77981651376146
E00069813,552,95,43,52,457,14,443,17.21014492753623,7.789855072463768,9.420289855072465,82.78985507246377,2.536231884057971,80.2536231884058
E00069814,468,63,31,32,405,15,390,13.461538461538462,6.623931623931624,6.837606837606838,86.53846153846155,3.205128205128205,83.33333333333334
E00069815,288,68,39,29,220,13,207,23.61111111111111,13.541666666666666,10.069444444444445,76.38888888888889,4.513888888888888,71.875
E00069816,410,92,35,57,318,9,309,22.439024390243905,8.536585365853659,13.902439024390246,77.5609756097561,2.195121951219512,75.36585365853658
E00069817,397,68,37,31,329,18,311,17.12846347607053,9.319899244332493,7.8085642317380355,82.87153652392946,4.534005037783375,78.33753148614609
E00069818,158,34,13,21,124,4,120,21.518987341772153,8.227848101265822,13.291139240506327,78.48101265822784,2.5316455696202533,75.9493670886076
E00069819,415,52,21,31,363,25,338,12.530120481927712,5.0602409638554215,7.46987951807229,87.46987951807229,6.024096385542169,81.44578313253012
E00069820,416,66,34,32,350,18,332,15.865384615384615,8.173076923076923,7.6923076923076925,84.13461538461539,4.326923076923077,79.8076923076923
E00069821,325,52,20,32,273,14,259,16,6.153846153846154,9.846153846153847,84,4.3076923076923075,79.6923076923077
E00069822,431,66,23,43,365,12,353,15.31322505800464,5.336426914153132,9.976798143851507,84.68677494199535,2.784222737819025,81.90255220417633
E00069823,400,69,36,33,331,13,318,17.25,9,8.25,82.75,3.25,79.5
E00069824,362,57,16,41,305,11,294,15.745856353591158,4.41988950276243,11.32596685082873,84.25414364640883,3.0386740331491713,81.21546961325967
E00069825,421,69,26,43,352,34,318,16.389548693586697,6.175771971496437,10.21377672209026,83.6104513064133,8.076009501187649,75.53444180522565
E00069826,354,32,12,20,322,5,317,9.03954802259887,3.389830508474576,5.649717514124294,90.96045197740112,1.4124293785310735,89.54802259887006
E00069827,372,67,29,38,305,13,292,18.010752688172044,7.795698924731183,10.21505376344086,81.98924731182797,3.494623655913978,78.49462365591397
E00069828,138,60,36,24,78,5,73,43.47826086956522,26.08695652173913,17.391304347826086,56.52173913043478,3.6231884057971016,52.89855072463768
E00069829,398,65,35,30,333,15,318,16.331658291457288,8.793969849246231,7.537688442211055,83.66834170854271,3.7688442211055273,79.89949748743719
E00069830,515,76,32,44,439,17,422,14.757281553398057,6.213592233009709,8.54368932038835,85.24271844660194,3.300970873786408,81.94174757281554
E00069831,236,26,4,22,210,13,197,11.016949152542372,1.694915254237288,9.322033898305085,88.98305084745762,5.508474576271186,83.47457627118644
E00069832,320,64,26,38,256,18,238,20,8.125,11.875,80,5.625,74.375
E00069833,341,55,20,35,286,19,267,16.129032258064516,5.865102639296188,10.263929618768328,83.87096774193549,5.571847507331378,78.2991202346041
E00069834,257,46,18,28,211,21,190,17.898832684824903,7.003891050583658,10.894941634241246,82.10116731517509,8.171206225680933,73.92996108949417
E00069835,276,36,17,19,240,20,220,13.043478260869565,6.159420289855073,6.884057971014493,86.95652173913044,7.246376811594203,79.71014492753623
E00069836,381,57,17,40,324,20,304,14.960629921259844,4.4619422572178475,10.498687664041995,85.03937007874016,5.2493438320209975,79.79002624671917
E00069837,268,56,12,44,212,22,190,20.8955223880597,4.477611940298507,16.417910447761194,79.1044776119403,8.208955223880597,70.8955223880597
E00069838,390,46,16,30,344,32,312,11.794871794871794,4.102564102564102,7.6923076923076925,88.2051282051282,8.205128205128204,80
E00069839,494,74,31,43,420,24,396,14.979757085020243,6.275303643724696,8.704453441295547,85.02024291497976,4.8582995951417,80.16194331983806
E00069840,467,76,27,49,391,22,369,16.274089935760173,5.781584582441114,10.492505353319057,83.72591006423983,4.710920770877944,79.01498929336188
E00069841,309,65,29,36,244,14,230,21.035598705501616,9.385113268608414,11.650485436893204,78.96440129449837,4.53074433656958,74.4336569579288
E00069843,238,33,14,19,205,21,184,13.865546218487395,5.88235294117647,7.9831932773109235,86.1344537815126,8.823529411764707,77.31092436974791
E00069844,267,29,7,22,238,16,222,10.861423220973784,2.6217228464419478,8.239700374531834,89.13857677902621,5.992509363295881,83.14606741573034
E00069845,340,67,22,45,273,15,258,19.705882352941178,6.470588235294119,13.23529411764706,80.29411764705883,4.411764705882353,75.88235294117646
E00069846,277,58,28,30,219,9,210,20.938628158844764,10.108303249097473,10.830324909747292,79.06137184115524,3.2490974729241873,75.81227436823104
E00069847,256,49,21,28,207,16,191,19.140625,8.203125,10.9375,80.859375,6.25,74.609375
E00069848,280,65,39,26,215,7,208,23.214285714285715,13.928571428571429,9.285714285714286,76.78571428571429,2.5,74.28571428571429
E00069849,279,52,19,33,227,18,209,18.63799283154122,6.810035842293908,11.827956989247312,81.36200716845879,6.451612903225806,74.91039426523297
E00069850,327,66,24,42,261,20,241,20.18348623853211,7.339449541284404,12.844036697247708,79.81651376146789,6.116207951070336,73.70030581039755
E00069851,156,34,18,16,122,4,118,21.794871794871796,11.538461538461538,10.256410256410255,78.2051282051282,2.564102564102564,75.64102564102564
E00069852,335,86,42,44,249,17,232,25.671641791044774,12.53731343283582,13.134328358208954,74.32835820895522,5.074626865671641,69.25373134328359
E00069853,322,69,36,33,253,20,233,21.428571428571427,11.180124223602485,10.248447204968944,78.57142857142857,6.211180124223603,72.36024844720497
E00069854,240,92,52,40,148,13,135,38.333333333333336,21.666666666666668,16.666666666666664,61.66666666666667,5.416666666666667,56.25
E00069855,270,89,56,33,181,13,168,32.96296296296296,20.74074074074074,12.222222222222221,67.03703703703704,4.814814814814815,62.22222222222222
E00069856,217,61,30,31,156,4,152,28.110599078341014,13.82488479262673,14.285714285714285,71.88940092165899,1.8433179723502304,70.04608294930875
E00069858,307,52,24,28,255,13,242,16.938110749185668,7.81758957654723,9.120521172638437,83.06188925081433,4.234527687296417,78.82736156351791
E00069859,276,56,26,30,220,12,208,20.28985507246377,9.420289855072465,10.869565217391305,79.71014492753623,4.3478260869565215,75.36231884057972
E00069860,372,65,36,29,307,18,289,17.473118279569892,9.67741935483871,7.795698924731183,82.52688172043011,4.838709677419355,77.68817204301075
E00069861,266,37,23,14,229,8,221,13.909774436090224,8.646616541353383,5.263157894736842,86.09022556390977,3.007518796992481,83.0827067669173
E00069862,258,40,18,22,218,12,206,15.503875968992247,6.976744186046512,8.527131782945736,84.49612403100775,4.651162790697675,79.84496124031007
E00069863,272,39,18,21,233,20,213,14.338235294117647,6.61764705882353,7.720588235294118,85.66176470588235,7.352941176470589,78.30882352941177
E00069864,297,40,21,19,257,9,248,13.468013468013467,7.07070707070707,6.397306397306397,86.53198653198653,3.0303030303030303,83.5016835016835
E00069865,300,73,35,38,227,13,214,24.333333333333336,11.666666666666666,12.666666666666668,75.66666666666667,4.333333333333334,71.33333333333334
E00069866,292,76,44,32,216,18,198,26.027397260273972,15.068493150684931,10.95890410958904,73.97260273972603,6.164383561643835,67.8082191780822
E00069867,273,55,25,30,218,13,205,20.146520146520146,9.157509157509157,10.989010989010989,79.85347985347985,4.761904761904762,75.0915750915751
E00069870,222,43,24,19,179,9,170,19.36936936936937,10.81081081081081,8.558558558558559,80.63063063063063,4.054054054054054,76.57657657657657
E00069871,353,76,35,41,277,19,258,21.529745042492916,9.91501416430595,11.614730878186968,78.47025495750708,5.382436260623229,73.08781869688386
E00069872,258,76,51,25,182,11,171,29.457364341085274,19.767441860465116,9.689922480620156,70.54263565891473,4.263565891472868,66.27906976744185
E00069873,237,58,30,28,179,17,162,24.47257383966245,12.658227848101266,11.814345991561181,75.52742616033755,7.172995780590717,68.35443037974683
E00069874,187,51,28,23,136,2,134,27.27272727272727,14.973262032085561,12.299465240641712,72.72727272727273,1.06951871657754,71.65775401069519
E00069875,238,65,27,38,173,9,164,27.310924369747898,11.344537815126051,15.966386554621847,72.68907563025209,3.7815126050420167,68.90756302521008
E00069876,260,59,30,29,201,11,190,22.692307692307693,11.538461538461538,11.153846153846155,77.3076923076923,4.230769230769231,73.07692307692307
E00069877,257,67,33,34,190,11,179,26.07003891050584,12.840466926070038,13.229571984435799,73.92996108949417,4.280155642023346,69.64980544747081
E00069878,189,42,22,20,147,11,136,22.22222222222222,11.64021164021164,10.582010582010582,77.77777777777779,5.82010582010582,71.95767195767195
E00069879,238,53,22,31,185,5,180,22.268907563025213,9.243697478991598,13.025210084033615,77.73109243697479,2.100840336134454,75.63025210084034
E00069880,289,59,24,35,230,16,214,20.415224913494807,8.304498269896193,12.110726643598616,79.58477508650519,5.536332179930796,74.0484429065744
E00069881,285,78,41,37,207,14,193,27.368421052631582,14.385964912280702,12.982456140350877,72.63157894736842,4.912280701754386,67.71929824561404
E00069882,289,77,35,42,212,13,199,26.643598615916954,12.110726643598616,14.53287197231834,73.35640138408304,4.498269896193772,68.85813148788927
E00069883,218,42,22,20,176,6,170,19.26605504587156,10.091743119266056,9.174311926605505,80.73394495412845,2.7522935779816518,77.98165137614679
E00069884,340,70,37,33,270,22,248,20.588235294117645,10.882352941176471,9.705882352941178,79.41176470588235,6.470588235294119,72.94117647058823
E00069885,268,52,22,30,216,17,199,19.402985074626866,8.208955223880597,11.194029850746269,80.59701492537313,6.343283582089552,74.25373134328358
E00069886,310,48,20,28,262,20,242,15.483870967741936,6.451612903225806,9.032258064516128,84.51612903225806,6.451612903225806,78.06451612903226
E00069887,446,86,47,39,360,28,332,19.282511210762333,10.538116591928251,8.74439461883408,80.71748878923766,6.278026905829597,74.43946188340807
E00069888,109,42,23,19,67,7,60,38.53211009174312,21.100917431192663,17.431192660550458,61.46788990825688,6.422018348623854,55.04587155963303
E00069889,190,43,20,23,147,13,134,22.63157894736842,10.526315789473683,12.105263157894736,77.36842105263158,6.842105263157896,70.52631578947368
E00069890,303,63,35,28,240,20,220,20.792079207920793,11.55115511551155,9.24092409240924,79.20792079207921,6.6006600660066,72.60726072607261
E00069891,277,70,38,32,207,16,191,25.27075812274368,13.718411552346572,11.552346570397113,74.72924187725631,5.776173285198556,68.95306859205776
E00069892,234,98,57,41,136,16,120,41.88034188034188,24.358974358974358,17.52136752136752,58.119658119658126,6.837606837606838,51.28205128205128
E00069893,129,61,39,22,68,6,62,47.286821705426355,30.23255813953488,17.05426356589147,52.71317829457365,4.651162790697675,48.06201550387597
E00069894,382,100,58,42,282,23,259,26.17801047120419,15.18324607329843,10.99476439790576,73.82198952879581,6.020942408376963,67.80104712041884
E00069895,306,62,29,33,244,17,227,20.26143790849673,9.477124183006536,10.784313725490197,79.73856209150327,5.555555555555555,74.18300653594771
E00069896,336,72,30,42,264,21,243,21.428571428571427,8.928571428571429,12.5,78.57142857142857,6.25,72.32142857142857
E00069897,356,73,30,43,283,18,265,20.50561797752809,8.426966292134832,12.07865168539326,79.49438202247191,5.056179775280898,74.43820224719101
E00069898,143,49,25,24,94,7,87,34.26573426573427,17.482517482517483,16.783216783216783,65.73426573426573,4.895104895104895,60.83916083916085
E00069899,309,76,32,44,233,24,209,24.59546925566343,10.355987055016183,14.239482200647249,75.40453074433657,7.766990291262135,67.63754045307444
E00069900,368,85,31,54,283,16,267,23.097826086956523,8.423913043478262,14.673913043478262,76.90217391304348,4.3478260869565215,72.55434782608695
E00069901,236,65,32,33,171,13,158,27.54237288135593,13.559322033898304,13.983050847457626,72.45762711864407,5.508474576271186,66.94915254237289
E00069902,234,48,22,26,186,7,179,20.51282051282051,9.401709401709402,11.11111111111111,79.48717948717949,2.9914529914529915,76.49572649572649
E00069903,226,35,14,21,191,11,180,15.486725663716813,6.1946902654867255,9.29203539823009,84.51327433628319,4.867256637168142,79.64601769911505
E00069904,264,48,19,29,216,11,205,18.181818181818183,7.196969696969697,10.984848484848484,81.81818181818183,4.166666666666666,77.65151515151516
E00069905,312,99,49,50,213,10,203,31.73076923076923,15.705128205128204,16.025641025641026,68.26923076923077,3.205128205128205,65.06410256410257
E00069906,279,70,38,32,209,13,196,25.089605734767023,13.620071684587815,11.469534050179211,74.91039426523297,4.659498207885305,70.25089605734766
E00069907,290,87,39,48,203,13,190,30,13.448275862068964,16.551724137931036,70,4.482758620689655,65.51724137931035
E00069908,402,100,51,49,302,16,286,24.875621890547265,12.686567164179104,12.189054726368159,75.12437810945273,3.9800995024875623,71.14427860696517
E00069909,282,49,19,30,233,18,215,17.375886524822697,6.73758865248227,10.638297872340425,82.62411347517731,6.382978723404255,76.24113475177306
E00069910,324,120,84,36,204,18,186,37.03703703703704,25.925925925925924,11.11111111111111,62.96296296296296,5.555555555555555,57.407407407407405
E00069911,297,54,34,20,243,12,231,18.181818181818183,11.447811447811448,6.7340067340067336,81.81818181818183,4.040404040404041,77.77777777777779
E00069912,544,148,72,76,396,23,373,27.205882352941174,13.23529411764706,13.970588235294118,72.79411764705883,4.227941176470589,68.56617647058823
E00069913,328,110,63,47,218,11,207,33.53658536585366,19.20731707317073,14.329268292682926,66.46341463414635,3.353658536585366,63.109756097560975
E00069914,308,30,11,19,278,20,258,9.740259740259742,3.571428571428571,6.1688311688311686,90.25974025974025,6.493506493506493,83.76623376623377
E00069915,359,65,28,37,294,18,276,18.105849582172702,7.7994428969359335,10.30640668523677,81.89415041782729,5.013927576601671,76.88022284122563
E00069916,288,66,41,25,222,16,206,22.916666666666664,14.23611111111111,8.680555555555555,77.08333333333334,5.555555555555555,71.52777777777779
E00069917,304,70,32,38,234,11,223,23.026315789473685,10.526315789473683,12.5,76.97368421052632,3.618421052631579,73.35526315789474
E00069918,337,48,13,35,289,12,277,14.243323442136498,3.857566765578635,10.385756676557865,85.7566765578635,3.5608308605341246,82.19584569732937
E00069919,273,64,32,32,209,20,189,23.44322344322344,11.72161172161172,11.72161172161172,76.55677655677655,7.326007326007327,69.23076923076923
E00069920,135,83,49,34,52,3,49,61.48148148148148,36.2962962962963,25.185185185185183,38.51851851851852,2.2222222222222223,36.2962962962963
E00069921,458,70,39,31,388,26,362,15.283842794759824,8.51528384279476,6.768558951965066,84.71615720524017,5.676855895196507,79.03930131004367
E00069922,240,61,35,26,179,12,167,25.416666666666664,14.583333333333334,10.833333333333334,74.58333333333333,5,69.58333333333333
E00069923,380,80,47,33,300,12,288,21.052631578947366,12.368421052631579,8.68421052631579,78.94736842105263,3.1578947368421053,75.78947368421053
E00069924,260,56,32,24,204,17,187,21.53846153846154,12.307692307692308,9.230769230769232,78.46153846153847,6.538461538461539,71.92307692307692
E00069925,263,60,18,42,203,19,184,22.813688212927758,6.844106463878327,15.96958174904943,77.18631178707224,7.224334600760455,69.96197718631178
E00069926,256,61,33,28,195,21,174,23.828125,12.890625,10.9375,76.171875,8.203125,67.96875
E00069927,365,52,26,26,313,23,290,14.246575342465754,7.123287671232877,7.123287671232877,85.75342465753425,6.301369863013699,79.45205479452055
E00069928,312,107,55,52,205,10,195,34.294871794871796,17.628205128205128,16.666666666666664,65.7051282051282,3.205128205128205,62.5
E00069929,286,68,42,26,218,14,204,23.776223776223777,14.685314685314685,9.090909090909092,76.22377622377621,4.895104895104895,71.32867132867133
E00069930,309,67,36,31,242,24,218,21.68284789644013,11.650485436893204,10.032362459546926,78.31715210355988,7.766990291262135,70.55016181229773
E00069932,253,61,35,26,192,9,183,24.110671936758894,13.83399209486166,10.276679841897234,75.8893280632411,3.557312252964427,72.33201581027669
E00069933,236,60,32,28,176,11,165,25.423728813559322,13.559322033898304,11.864406779661017,74.57627118644068,4.661016949152542,69.91525423728814
E00069934,284,59,32,27,225,17,208,20.774647887323944,11.267605633802818,9.507042253521126,79.22535211267606,5.985915492957746,73.23943661971832
E00069935,279,56,22,34,223,19,204,20.07168458781362,7.885304659498208,12.186379928315413,79.92831541218638,6.810035842293908,73.11827956989248
E00069936,257,82,41,41,175,8,167,31.906614785992215,15.953307392996107,15.953307392996107,68.09338521400778,3.11284046692607,64.98054474708171
E00069937,297,65,35,30,232,9,223,21.885521885521886,11.784511784511785,10.1010101010101,78.11447811447812,3.0303030303030303,75.08417508417509
E00069938,226,66,35,31,160,11,149,29.20353982300885,15.486725663716813,13.716814159292035,70.79646017699115,4.867256637168142,65.929203539823
E00069939,215,74,32,42,141,8,133,34.418604651162795,14.883720930232558,19.53488372093023,65.58139534883722,3.7209302325581395,61.86046511627907
E00069940,357,73,31,42,284,22,262,20.448179271708682,8.683473389355742,11.76470588235294,79.55182072829132,6.162464985994398,73.38935574229691
E00069941,276,57,22,35,219,9,210,20.652173913043477,7.971014492753622,12.681159420289855,79.34782608695652,3.260869565217391,76.08695652173914
E00069942,333,105,74,31,228,7,221,31.53153153153153,22.22222222222222,9.30930930930931,68.46846846846847,2.1021021021021022,66.36636636636636
E00069943,266,57,23,34,209,17,192,21.428571428571427,8.646616541353383,12.781954887218044,78.57142857142857,6.390977443609022,72.18045112781954
E00069944,338,95,54,41,243,14,229,28.106508875739642,15.976331360946746,12.1301775147929,71.89349112426035,4.142011834319527,67.75147928994083
E00069945,157,37,19,18,120,16,104,23.56687898089172,12.101910828025478,11.464968152866243,76.43312101910828,10.191082802547772,66.2420382165605
E00069946,390,77,41,36,313,17,296,19.743589743589745,10.512820512820513,9.230769230769232,80.25641025641026,4.358974358974359,75.8974358974359
E00069947,250,108,75,33,142,13,129,43.2,30,13.200000000000001,56.8,5.2,51.6
E00069948,289,53,29,24,236,16,220,18.33910034602076,10.034602076124568,8.304498269896193,81.66089965397923,5.536332179930796,76.12456747404845
E00069949,365,96,45,51,269,7,262,26.301369863013697,12.32876712328767,13.972602739726028,73.6986301369863,1.9178082191780823,71.78082191780823
E00069950,291,78,40,38,213,8,205,26.804123711340207,13.745704467353953,13.058419243986256,73.19587628865979,2.7491408934707904,70.44673539518901
E00069951,303,63,38,25,240,15,225,20.792079207920793,12.541254125412541,8.25082508250825,79.20792079207921,4.9504950495049505,74.25742574257426
E00069952,213,114,72,42,99,9,90,53.52112676056338,33.80281690140845,19.718309859154928,46.478873239436616,4.225352112676056,42.25352112676056
E00069953,268,89,60,29,179,6,173,33.2089552238806,22.388059701492537,10.820895522388058,66.7910447761194,2.2388059701492535,64.55223880597015
E00069954,198,130,92,38,68,5,63,65.65656565656566,46.464646464646464,19.19191919191919,34.34343434343434,2.525252525252525,31.818181818181817
E00069955,324,80,39,41,244,10,234,24.691358024691358,12.037037037037036,12.654320987654321,75.30864197530865,3.0864197530864197,72.22222222222221
E00069956,222,115,73,42,107,8,99,51.80180180180181,32.88288288288289,18.91891891891892,48.1981981981982,3.6036036036036037,44.5945945945946
E00069957,218,105,81,24,113,7,106,48.1651376146789,37.15596330275229,11.009174311926607,51.8348623853211,3.211009174311927,48.62385321100918
E00069958,184,94,57,37,90,13,77,51.08695652173913,30.978260869565215,20.108695652173914,48.91304347826087,7.065217391304348,41.84782608695652
E00069959,241,127,92,35,114,14,100,52.69709543568465,38.17427385892116,14.522821576763487,47.30290456431535,5.809128630705394,41.49377593360996
E00069960,342,100,61,39,242,13,229,29.239766081871345,17.83625730994152,11.403508771929824,70.76023391812866,3.8011695906432745,66.95906432748538
E00069961,265,54,26,28,211,16,195,20.37735849056604,9.811320754716983,10.566037735849058,79.62264150943396,6.037735849056604,73.58490566037736
E00069962,331,51,25,26,280,13,267,15.407854984894259,7.552870090634441,7.854984894259818,84.59214501510573,3.927492447129909,80.66465256797582
E00069963,250,31,10,21,219,14,205,12.4,4,8.4,87.6,5.6000000000000005,82
E00069964,291,35,15,20,256,16,240,12.027491408934708,5.154639175257731,6.872852233676976,87.97250859106529,5.498281786941581,82.4742268041237
E00069965,268,40,21,19,228,18,210,14.925373134328357,7.835820895522389,7.08955223880597,85.07462686567165,6.7164179104477615,78.35820895522389
E00069966,448,77,35,42,371,29,342,17.1875,7.8125,9.375,82.8125,6.4732142857142865,76.33928571428571
E00069967,278,46,24,22,232,11,221,16.546762589928058,8.633093525179856,7.913669064748201,83.45323741007195,3.9568345323741005,79.49640287769785
E00069968,237,35,13,22,202,11,191,14.767932489451477,5.485232067510549,9.282700421940929,85.23206751054853,4.641350210970464,80.59071729957806
E00069970,253,65,30,35,188,12,176,25.691699604743086,11.857707509881422,13.83399209486166,74.30830039525692,4.743083003952568,69.56521739130434
E00069971,276,66,38,28,210,9,201,23.91304347826087,13.768115942028986,10.144927536231885,76.08695652173914,3.260869565217391,72.82608695652173
E00069972,344,59,28,31,285,28,257,17.151162790697676,8.13953488372093,9.011627906976743,82.84883720930233,8.13953488372093,74.70930232558139
E00069973,220,45,24,21,175,9,166,20.454545454545457,10.909090909090908,9.545454545454547,79.54545454545455,4.090909090909091,75.45454545454545
E00069974,310,72,36,36,238,16,222,23.225806451612904,11.612903225806452,11.612903225806452,76.77419354838709,5.161290322580645,71.61290322580646
E00069975,388,68,27,41,320,20,300,17.525773195876287,6.958762886597938,10.56701030927835,82.4742268041237,5.154639175257731,77.31958762886599
E00069976,198,33,3,30,165,21,144,16.666666666666664,1.5151515151515151,15.151515151515152,83.33333333333334,10.606060606060606,72.72727272727273
E00069977,435,64,35,29,371,15,356,14.71264367816092,8.045977011494253,6.666666666666667,85.28735632183908,3.4482758620689653,81.83908045977012
E00069978,347,51,22,29,296,18,278,14.697406340057636,6.340057636887608,8.357348703170029,85.30259365994236,5.187319884726225,80.11527377521614
E00069979,205,36,18,18,169,14,155,17.560975609756095,8.780487804878048,8.780487804878048,82.4390243902439,6.829268292682928,75.60975609756098
E00069980,472,57,27,30,415,9,406,12.076271186440678,5.720338983050848,6.3559322033898304,87.92372881355932,1.9067796610169492,86.01694915254238
E00069981,456,54,28,26,402,23,379,11.842105263157894,6.140350877192982,5.701754385964912,88.1578947368421,5.0438596491228065,83.1140350877193
E00069982,260,46,17,29,214,21,193,17.692307692307693,6.538461538461539,11.153846153846155,82.3076923076923,8.076923076923077,74.23076923076923
E00069983,279,75,41,34,204,7,197,26.881720430107524,14.695340501792115,12.186379928315413,73.11827956989248,2.5089605734767026,70.60931899641577
E00069984,309,52,17,35,257,12,245,16.828478964401295,5.501618122977346,11.326860841423949,83.1715210355987,3.8834951456310676,79.28802588996764
E00069985,351,48,25,23,303,16,287,13.675213675213676,7.122507122507122,6.552706552706552,86.32478632478633,4.5584045584045585,81.76638176638177
E00069986,372,50,19,31,322,26,296,13.440860215053762,5.10752688172043,8.333333333333332,86.55913978494624,6.989247311827956,79.56989247311827
E00069987,229,37,14,23,192,15,177,16.157205240174672,6.11353711790393,10.043668122270741,83.84279475982532,6.550218340611353,77.29257641921397
E00069988,232,32,12,20,200,13,187,13.793103448275861,5.172413793103448,8.620689655172415,86.20689655172413,5.603448275862069,80.60344827586206
E00069992,348,39,14,25,309,45,264,11.206896551724139,4.022988505747127,7.183908045977011,88.79310344827587,12.931034482758621,75.86206896551724
E00069993,229,50,14,36,179,18,161,21.83406113537118,6.11353711790393,15.72052401746725,78.16593886462883,7.860262008733625,70.3056768558952
E00069994,256,49,21,28,207,12,195,19.140625,8.203125,10.9375,80.859375,4.6875,76.171875
E00069995,259,43,22,21,216,9,207,16.602316602316602,8.494208494208493,8.108108108108109,83.3976833976834,3.474903474903475,79.92277992277992
E00069996,223,57,31,26,166,12,154,25.56053811659193,13.901345291479823,11.659192825112108,74.43946188340807,5.381165919282512,69.05829596412556
E00069997,320,73,36,37,247,22,225,22.8125,11.25,11.5625,77.1875,6.875000000000001,70.3125
E00069999,211,50,26,24,161,7,154,23.696682464454977,12.322274881516588,11.374407582938389,76.30331753554502,3.3175355450236967,72.98578199052133
E00070000,233,43,22,21,190,11,179,18.4549356223176,9.44206008583691,9.012875536480687,81.54506437768241,4.721030042918455,76.82403433476395
E00070001,299,61,31,30,238,17,221,20.401337792642142,10.367892976588628,10.033444816053512,79.59866220735786,5.68561872909699,73.91304347826086
E00070002,294,108,71,37,186,15,171,36.734693877551024,24.149659863945576,12.585034013605442,63.26530612244898,5.1020408163265305,58.16326530612245
E00070003,233,52,21,31,181,13,168,22.317596566523605,9.012875536480687,13.304721030042918,77.6824034334764,5.579399141630901,72.1030042918455
E00070004,316,85,39,46,231,18,213,26.89873417721519,12.341772151898734,14.556962025316455,73.10126582278481,5.69620253164557,67.40506329113924
E00070005,380,78,39,39,302,16,286,20.526315789473685,10.263157894736842,10.263157894736842,79.47368421052632,4.2105263157894735,75.26315789473685
E00070006,313,43,15,28,270,21,249,13.738019169329075,4.792332268370607,8.945686900958465,86.26198083067092,6.7092651757188495,79.55271565495208
E00070007,346,63,30,33,283,24,259,18.20809248554913,8.670520231213873,9.53757225433526,81.79190751445087,6.9364161849710975,74.85549132947978
E00070008,277,41,17,24,236,30,206,14.801444043321299,6.137184115523466,8.664259927797833,85.1985559566787,10.830324909747292,74.36823104693141
E00070009,286,62,29,33,224,12,212,21.678321678321677,10.13986013986014,11.538461538461538,78.32167832167832,4.195804195804196,74.12587412587412
E00070010,410,81,36,45,329,18,311,19.75609756097561,8.780487804878048,10.975609756097562,80.2439024390244,4.390243902439024,75.85365853658537
E00070011,278,89,45,44,189,18,171,32.014388489208635,16.18705035971223,15.827338129496402,67.98561151079137,6.474820143884892,61.51079136690647
E00070012,334,93,45,48,241,16,225,27.844311377245507,13.47305389221557,14.37125748502994,72.15568862275448,4.790419161676647,67.36526946107784
E00070013,239,51,20,31,188,6,182,21.338912133891213,8.368200836820083,12.97071129707113,78.66108786610879,2.510460251046025,76.15062761506276
E00070014,313,90,52,38,223,14,209,28.753993610223645,16.61341853035144,12.140575079872203,71.24600638977637,4.472843450479233,66.77316293929712
E00070015,299,106,66,40,193,10,183,35.45150501672241,22.073578595317723,13.377926421404682,64.54849498327759,3.3444816053511706,61.20401337792642
E00070016,290,74,37,37,216,13,203,25.517241379310345,12.758620689655173,12.758620689655173,74.48275862068967,4.482758620689655,70
E00070017,274,92,53,39,182,13,169,33.57664233576642,19.34306569343066,14.233576642335766,66.42335766423358,4.744525547445255,61.67883211678832
E00070018,301,70,34,36,231,13,218,23.25581395348837,11.295681063122924,11.960132890365449,76.74418604651163,4.318936877076411,72.42524916943522
E00070019,300,62,31,31,238,16,222,20.666666666666668,10.333333333333334,10.333333333333334,79.33333333333333,5.333333333333334,74
E00070020,316,69,37,32,247,19,228,21.835443037974684,11.708860759493671,10.126582278481013,78.16455696202532,6.012658227848101,72.15189873417721
E00070021,300,54,21,33,246,25,221,18,7.000000000000001,11,82,8.333333333333332,73.66666666666667
E00070022,273,66,32,34,207,21,186,24.175824175824175,11.72161172161172,12.454212454212454,75.82417582417582,7.6923076923076925,68.13186813186813
E00070023,270,58,24,34,212,18,194,21.48148148148148,8.88888888888889,12.592592592592592,78.51851851851852,6.666666666666667,71.85185185185186
E00070024,251,45,13,32,206,9,197,17.928286852589643,5.179282868525896,12.749003984063744,82.07171314741036,3.5856573705179287,78.48605577689243
E00070025,375,86,39,47,289,20,269,22.933333333333334,10.4,12.533333333333333,77.06666666666668,5.333333333333334,71.73333333333333
E00070026,294,74,32,42,220,15,205,25.170068027210885,10.884353741496598,14.285714285714285,74.82993197278913,5.1020408163265305,69.72789115646259
E00070027,315,78,37,41,237,25,212,24.761904761904763,11.746031746031745,13.015873015873018,75.23809523809524,7.936507936507936,67.3015873015873
E00070028,258,64,28,36,194,17,177,24.8062015503876,10.852713178294573,13.953488372093023,75.1937984496124,6.5891472868217065,68.6046511627907
E00070029,232,44,16,28,188,12,176,18.96551724137931,6.896551724137931,12.068965517241379,81.03448275862068,5.172413793103448,75.86206896551724
E00070030,284,63,29,34,221,12,209,22.183098591549296,10.211267605633804,11.971830985915492,77.8169014084507,4.225352112676056,73.59154929577466
E00070031,282,61,23,38,221,15,206,21.631205673758867,8.156028368794328,13.47517730496454,78.36879432624113,5.319148936170213,73.04964539007092
E00070032,229,66,28,38,163,5,158,28.82096069868996,12.22707423580786,16.593886462882097,71.17903930131004,2.1834061135371177,68.99563318777294
E00070033,311,77,23,54,234,15,219,24.758842443729904,7.395498392282958,17.363344051446948,75.2411575562701,4.823151125401929,70.41800643086816
E00070034,325,88,34,54,237,8,229,27.076923076923077,10.461538461538462,16.615384615384617,72.92307692307692,2.4615384615384617,70.46153846153847
E00070035,215,72,39,33,143,14,129,33.48837209302326,18.13953488372093,15.348837209302326,66.51162790697674,6.511627906976744,60
E00070036,227,47,28,19,180,5,175,20.704845814977972,12.334801762114537,8.370044052863436,79.29515418502203,2.2026431718061676,77.09251101321586
E00070037,375,92,51,41,283,20,263,24.53333333333333,13.600000000000001,10.933333333333334,75.46666666666667,5.333333333333334,70.13333333333334
E00070038,435,100,52,48,335,22,313,22.988505747126435,11.954022988505747,11.03448275862069,77.01149425287356,5.057471264367816,71.95402298850576
E00070039,240,67,23,44,173,12,161,27.916666666666668,9.583333333333334,18.333333333333332,72.08333333333333,5,67.08333333333333
E00070041,424,95,49,46,329,13,316,22.40566037735849,11.556603773584905,10.849056603773585,77.59433962264151,3.0660377358490565,74.52830188679245
E00070042,289,84,34,50,205,11,194,29.06574394463668,11.76470588235294,17.301038062283737,70.93425605536332,3.8062283737024223,67.1280276816609
E00070043,359,77,37,40,282,20,262,21.448467966573816,10.30640668523677,11.142061281337048,78.55153203342618,5.571030640668524,72.98050139275766
E00070044,317,62,28,34,255,25,230,19.558359621451103,8.832807570977918,10.725552050473187,80.4416403785489,7.886435331230284,72.55520504731862
E00070045,342,60,24,36,282,20,262,17.543859649122805,7.017543859649122,10.526315789473683,82.45614035087719,5.847953216374268,76.60818713450293
E00070046,242,67,39,28,175,14,161,27.685950413223143,16.115702479338843,11.570247933884298,72.31404958677686,5.785123966942149,66.52892561983471
E00070047,398,71,31,40,327,11,316,17.839195979899497,7.788944723618091,10.050251256281408,82.1608040201005,2.763819095477387,79.39698492462311
E00070048,101,35,15,20,66,5,61,34.65346534653465,14.85148514851485,19.801980198019802,65.34653465346535,4.9504950495049505,60.396039603960396
E00070049,255,57,36,21,198,13,185,22.35294117647059,14.117647058823529,8.235294117647058,77.64705882352942,5.098039215686274,72.54901960784314
E00070050,225,60,38,22,165,6,159,26.666666666666668,16.88888888888889,9.777777777777779,73.33333333333333,2.666666666666667,70.66666666666667
E00070051,289,132,92,40,157,12,145,45.674740484429066,31.833910034602077,13.84083044982699,54.325259515570934,4.1522491349480966,50.17301038062284
E00070052,352,59,24,35,293,21,272,16.761363636363637,6.8181818181818175,9.943181818181818,83.23863636363636,5.965909090909091,77.27272727272727
E00070053,252,44,18,26,208,16,192,17.46031746031746,7.142857142857142,10.317460317460316,82.53968253968253,6.349206349206349,76.19047619047619
E00070054,258,56,33,23,202,17,185,21.705426356589147,12.790697674418606,8.914728682170542,78.29457364341084,6.5891472868217065,71.70542635658916
E00070055,134,28,16,12,106,8,98,20.8955223880597,11.940298507462686,8.955223880597014,79.1044776119403,5.970149253731343,73.13432835820896
E00070056,341,108,58,50,233,27,206,31.671554252199414,17.008797653958943,14.66275659824047,68.32844574780059,7.9178885630498534,60.410557184750736
E00070057,298,49,20,29,249,16,233,16.44295302013423,6.7114093959731544,9.731543624161073,83.55704697986577,5.369127516778524,78.18791946308725
E00070058,324,97,57,40,227,16,211,29.938271604938272,17.59259259259259,12.345679012345679,70.06172839506173,4.938271604938271,65.12345679012346
E00070059,233,59,31,28,174,14,160,25.321888412017167,13.304721030042918,12.017167381974248,74.67811158798283,6.008583690987124,68.6695278969957
E00070060,329,72,37,35,257,21,236,21.88449848024316,11.246200607902736,10.638297872340425,78.11550151975683,6.382978723404255,71.73252279635258
E00070061,309,61,25,36,248,13,235,19.741100323624593,8.090614886731391,11.650485436893204,80.2588996763754,4.207119741100324,76.05177993527508
E00070062,329,61,19,42,268,23,245,18.541033434650455,5.775075987841945,12.76595744680851,81.45896656534954,6.990881458966565,74.46808510638297
E00070063,310,71,35,36,239,19,220,22.903225806451612,11.29032258064516,11.612903225806452,77.09677419354838,6.129032258064516,70.96774193548387
E00070064,301,61,23,38,240,16,224,20.26578073089701,7.641196013289036,12.624584717607974,79.734219269103,5.3156146179401995,74.4186046511628
E00070065,315,70,30,40,245,16,229,22.22222222222222,9.523809523809524,12.698412698412698,77.77777777777779,5.079365079365079,72.6984126984127
E00070066,273,49,20,29,224,16,208,17.94871794871795,7.326007326007327,10.622710622710622,82.05128205128204,5.86080586080586,76.19047619047619
E00070067,280,53,26,27,227,10,217,18.928571428571427,9.285714285714286,9.642857142857144,81.07142857142857,3.571428571428571,77.5
E00070068,283,71,29,42,212,25,187,25.08833922261484,10.247349823321555,14.840989399293287,74.91166077738515,8.8339222614841,66.07773851590106
E00070069,204,62,29,33,142,10,132,30.392156862745097,14.215686274509803,16.176470588235293,69.6078431372549,4.901960784313726,64.70588235294117
E00070070,334,58,23,35,276,21,255,17.365269461077844,6.88622754491018,10.479041916167663,82.63473053892216,6.287425149700598,76.34730538922156
E00070071,274,52,19,33,222,19,203,18.97810218978102,6.934306569343065,12.043795620437956,81.02189781021897,6.934306569343065,74.08759124087592
E00070072,307,53,22,31,254,27,227,17.263843648208468,7.166123778501629,10.097719869706841,82.73615635179154,8.794788273615636,73.9413680781759
E00070073,299,55,20,35,244,22,222,18.394648829431436,6.688963210702341,11.705685618729097,81.60535117056857,7.357859531772576,74.24749163879598
E00070074,219,41,20,21,178,21,157,18.72146118721461,9.1324200913242,9.58904109589041,81.27853881278538,9.58904109589041,71.68949771689498
E00070075,176,50,27,23,126,9,117,28.40909090909091,15.340909090909092,13.068181818181818,71.5909090909091,5.113636363636364,66.47727272727273
E00070076,261,39,15,24,222,25,197,14.942528735632186,5.747126436781609,9.195402298850574,85.0574712643678,9.578544061302683,75.47892720306514
E00070077,335,55,24,31,280,12,268,16.417910447761194,7.164179104477612,9.253731343283581,83.5820895522388,3.582089552238806,80
E00070078,235,58,25,33,177,18,159,24.680851063829788,10.638297872340425,14.042553191489363,75.31914893617021,7.659574468085106,67.65957446808511
E00070079,319,58,29,29,261,20,241,18.181818181818183,9.090909090909092,9.090909090909092,81.81818181818183,6.269592476489027,75.54858934169279
E00070080,367,82,41,41,285,15,270,22.3433242506812,11.1716621253406,11.1716621253406,77.65667574931881,4.087193460490464,73.56948228882834
E00070081,243,59,33,26,184,12,172,24.279835390946502,13.580246913580247,10.699588477366255,75.7201646090535,4.938271604938271,70.78189300411523
E00070082,260,52,28,24,208,11,197,20,10.76923076923077,9.230769230769232,80,4.230769230769231,75.76923076923077
E00070083,313,72,32,40,241,25,216,23.003194888178914,10.223642172523961,12.779552715654951,76.99680511182109,7.987220447284344,69.00958466453673
E00070084,272,46,20,26,226,20,206,16.911764705882355,7.352941176470589,9.558823529411764,83.08823529411765,7.352941176470589,75.73529411764706
E00070085,292,56,25,31,236,16,220,19.17808219178082,8.561643835616438,10.616438356164384,80.82191780821918,5.47945205479452,75.34246575342466
E00070086,272,66,39,27,206,25,181,24.264705882352942,14.338235294117647,9.926470588235293,75.73529411764706,9.191176470588236,66.54411764705883
E00070087,280,53,21,32,227,28,199,18.928571428571427,7.5,11.428571428571429,81.07142857142857,10,71.07142857142857
E00070088,241,53,25,28,188,14,174,21.991701244813278,10.37344398340249,11.618257261410788,78.00829875518673,5.809128630705394,72.19917012448133
E00070089,364,74,28,46,290,20,270,20.32967032967033,7.6923076923076925,12.637362637362637,79.67032967032966,5.4945054945054945,74.17582417582418
E00070090,303,60,35,25,243,23,220,19.801980198019802,11.55115511551155,8.25082508250825,80.19801980198021,7.590759075907591,72.60726072607261
E00070091,287,79,38,41,208,16,192,27.526132404181187,13.240418118466899,14.285714285714285,72.47386759581882,5.574912891986063,66.89895470383276
E00070092,222,57,26,31,165,11,154,25.675675675675674,11.711711711711711,13.963963963963963,74.32432432432432,4.954954954954955,69.36936936936937
E00070093,298,83,29,54,215,19,196,27.85234899328859,9.731543624161073,18.120805369127517,72.14765100671141,6.375838926174497,65.77181208053692
E00070094,258,49,22,27,209,14,195,18.992248062015506,8.527131782945736,10.465116279069768,81.0077519379845,5.426356589147287,75.5813953488372
E00070095,435,94,29,65,341,22,319,21.60919540229885,6.666666666666667,14.942528735632186,78.39080459770115,5.057471264367816,73.33333333333333
E00070096,347,69,32,37,278,26,252,19.88472622478386,9.221902017291066,10.662824207492795,80.11527377521614,7.492795389048991,72.62247838616715
E00070097,331,67,30,37,264,15,249,20.241691842900302,9.06344410876133,11.178247734138973,79.7583081570997,4.531722054380665,75.22658610271903
E00070098,281,52,19,33,229,27,202,18.505338078291814,6.761565836298933,11.743772241992882,81.49466192170819,9.608540925266903,71.88612099644128
E00070099,326,46,20,26,280,26,254,14.11042944785276,6.134969325153374,7.975460122699387,85.88957055214725,7.975460122699387,77.91411042944786
E00070100,302,66,32,34,236,14,222,21.85430463576159,10.596026490066226,11.258278145695364,78.1456953642384,4.635761589403973,73.50993377483444
E00070101,304,60,17,43,244,14,230,19.736842105263158,5.592105263157895,14.144736842105262,80.26315789473685,4.605263157894736,75.6578947368421
E00070102,289,43,14,29,246,10,236,14.878892733564014,4.844290657439446,10.034602076124568,85.12110726643598,3.4602076124567476,81.66089965397923
E00070103,214,62,30,32,152,9,143,28.971962616822427,14.018691588785046,14.953271028037381,71.02803738317756,4.205607476635514,66.82242990654206
E00070104,276,56,29,27,220,17,203,20.28985507246377,10.507246376811594,9.782608695652174,79.71014492753623,6.159420289855073,73.55072463768117
E00070105,301,60,23,37,241,21,220,19.93355481727575,7.641196013289036,12.29235880398671,80.06644518272425,6.976744186046512,73.08970099667775
E00070106,223,82,30,52,141,10,131,36.771300448430495,13.452914798206278,23.318385650224215,63.22869955156951,4.484304932735426,58.744394618834086
E00070107,370,89,49,40,281,15,266,24.054054054054056,13.243243243243244,10.81081081081081,75.94594594594595,4.054054054054054,71.89189189189189
E00070108,353,60,23,37,293,29,264,16.997167138810198,6.515580736543909,10.48158640226629,83.0028328611898,8.21529745042493,74.78753541076487
E00070109,299,59,26,33,240,24,216,19.732441471571907,8.695652173913043,11.036789297658862,80.2675585284281,8.02675585284281,72.24080267558529
E00070110,255,66,32,34,189,8,181,25.882352941176475,12.549019607843137,13.333333333333334,74.11764705882354,3.1372549019607843,70.98039215686275
E00070111,291,42,15,27,249,28,221,14.432989690721648,5.154639175257731,9.278350515463918,85.56701030927834,9.621993127147768,75.94501718213058
E00070112,342,51,18,33,291,20,271,14.912280701754385,5.263157894736842,9.649122807017543,85.08771929824562,5.847953216374268,79.23976608187134
E00070113,337,49,20,29,288,27,261,14.540059347181009,5.934718100890208,8.605341246290802,85.45994065281899,8.011869436201781,77.44807121661721
E00070114,276,55,25,30,221,12,209,19.92753623188406,9.057971014492754,10.869565217391305,80.07246376811594,4.3478260869565215,75.72463768115942
E00070115,226,37,19,18,189,9,180,16.371681415929203,8.4070796460177,7.964601769911504,83.6283185840708,3.982300884955752,79.64601769911505
E00070116,292,59,32,27,233,14,219,20.205479452054796,10.95890410958904,9.246575342465754,79.7945205479452,4.794520547945205,75
E00070117,339,115,65,50,224,13,211,33.92330383480826,19.174041297935105,14.749262536873156,66.07669616519173,3.8348082595870205,62.24188790560472
E00070118,254,57,29,28,197,27,170,22.440944881889763,11.41732283464567,11.023622047244094,77.55905511811024,10.62992125984252,66.92913385826772
E00070120,315,70,28,42,245,21,224,22.22222222222222,8.88888888888889,13.333333333333334,77.77777777777779,6.666666666666667,71.11111111111111
E00070121,282,68,35,33,214,13,201,24.113475177304963,12.411347517730496,11.702127659574469,75.88652482269504,4.609929078014184,71.27659574468085
E00070122,242,52,25,27,190,21,169,21.487603305785125,10.330578512396695,11.15702479338843,78.51239669421489,8.677685950413224,69.83471074380165
E00070123,316,59,29,30,257,14,243,18.670886075949365,9.177215189873419,9.49367088607595,81.32911392405063,4.430379746835443,76.89873417721519
E00070124,338,50,14,36,288,32,256,14.792899408284024,4.142011834319527,10.650887573964498,85.20710059171599,9.467455621301776,75.7396449704142
E00070125,344,81,31,50,263,15,248,23.546511627906977,9.011627906976743,14.534883720930234,76.45348837209302,4.3604651162790695,72.09302325581395
E00070126,296,42,15,27,254,18,236,14.18918918918919,5.0675675675675675,9.121621621621621,85.8108108108108,6.081081081081082,79.72972972972973
E00070127,284,39,17,22,245,29,216,13.732394366197184,5.985915492957746,7.746478873239436,86.26760563380282,10.211267605633804,76.05633802816901
E00070128,136,32,16,16,104,6,98,23.52941176470588,11.76470588235294,11.76470588235294,76.47058823529412,4.411764705882353,72.05882352941177
E00070129,357,66,30,36,291,16,275,18.487394957983195,8.403361344537815,10.084033613445378,81.5126050420168,4.481792717086835,77.03081232492998
E00070131,349,68,36,32,281,19,262,19.484240687679083,10.315186246418339,9.169054441260744,80.51575931232091,5.444126074498568,75.07163323782235
E00070132,333,65,30,35,268,10,258,19.51951951951952,9.00900900900901,10.51051051051051,80.48048048048048,3.003003003003003,77.47747747747748
E00070133,319,83,29,54,236,19,217,26.01880877742947,9.090909090909092,16.927899686520377,73.98119122257053,5.956112852664576,68.02507836990596
E00070134,249,57,22,35,192,10,182,22.89156626506024,8.835341365461847,14.056224899598394,77.10843373493977,4.016064257028113,73.09236947791165
E00070135,309,71,32,39,238,22,216,22.97734627831715,10.355987055016183,12.62135922330097,77.02265372168284,7.119741100323624,69.90291262135922
E00070136,238,61,34,27,177,10,167,25.630252100840334,14.285714285714285,11.344537815126051,74.36974789915966,4.201680672268908,70.16806722689076
E00070137,296,65,35,30,231,27,204,21.95945945945946,11.824324324324325,10.135135135135135,78.04054054054053,9.121621621621621,68.91891891891892
E00070138,244,64,32,32,180,16,164,26.229508196721312,13.114754098360656,13.114754098360656,73.77049180327869,6.557377049180328,67.21311475409836
E00070139,280,73,35,38,207,12,195,26.071428571428573,12.5,13.571428571428571,73.92857142857143,4.285714285714286,69.64285714285714
E00070140,338,53,20,33,285,22,263,15.680473372781064,5.9171597633136095,9.763313609467456,84.31952662721893,6.508875739644971,77.81065088757396
E00070141,252,64,26,38,188,13,175,25.396825396825395,10.317460317460316,15.079365079365079,74.60317460317461,5.158730158730158,69.44444444444444
E00070142,343,37,13,24,306,37,269,10.787172011661808,3.7900874635568513,6.997084548104956,89.21282798833819,10.787172011661808,78.4256559766764
E00070143,236,32,9,23,204,22,182,13.559322033898304,3.8135593220338984,9.745762711864407,86.4406779661017,9.322033898305085,77.11864406779661
E00070144,354,40,15,25,314,22,292,11.299435028248588,4.23728813559322,7.062146892655368,88.70056497175142,6.214689265536723,82.485875706214685
E00070145,292,34,9,25,258,22,236,11.643835616438356,3.0821917808219177,8.561643835616438,88.35616438356165,7.534246575342466,80.82191780821918
E00070146,235,53,23,30,182,14,168,22.5531914893617,9.787234042553191,12.76595744680851,77.4468085106383,5.957446808510639,71.48936170212767
E00070147,330,49,21,28,281,12,269,14.84848484848485,6.363636363636363,8.484848484848486,85.15151515151516,3.6363636363636362,81.51515151515152
E00070148,270,55,33,22,215,19,196,20.37037037037037,12.222222222222221,8.148148148148149,79.62962962962963,7.037037037037037,72.5925925925926
E00070149,233,37,15,22,196,12,184,15.879828326180256,6.437768240343347,9.44206008583691,84.12017167381974,5.150214592274678,78.96995708154506
E00070150,271,56,26,30,215,26,189,20.66420664206642,9.59409594095941,11.07011070110701,79.33579335793358,9.59409594095941,69.74169741697416
E00070151,408,99,56,43,309,24,285,24.264705882352942,13.725490196078432,10.53921568627451,75.73529411764706,5.88235294117647,69.85294117647058
E00070152,137,63,32,31,74,10,64,45.98540145985402,23.357664233576642,22.62773722627737,54.01459854014598,7.2992700729927,46.715328467153284
E00070153,259,72,34,38,187,15,172,27.7992277992278,13.127413127413126,14.671814671814673,72.2007722007722,5.7915057915057915,66.40926640926641
E00070154,314,64,32,32,250,19,231,20.382165605095544,10.191082802547772,10.191082802547772,79.61783439490446,6.050955414012739,73.56687898089172
E00070155,362,68,35,33,294,19,275,18.784530386740332,9.668508287292818,9.116022099447514,81.21546961325967,5.248618784530387,75.96685082872928
E00070156,309,62,26,36,247,20,227,20.06472491909385,8.414239482200648,11.650485436893204,79.93527508090615,6.472491909385113,73.46278317152104
E00070157,317,66,32,34,251,16,235,20.82018927444795,10.094637223974763,10.725552050473187,79.17981072555204,5.047318611987381,74.13249211356468
E00070158,297,67,28,39,230,14,216,22.55892255892256,9.427609427609427,13.131313131313133,77.44107744107744,4.713804713804714,72.72727272727273
E00070159,242,66,33,33,176,8,168,27.27272727272727,13.636363636363635,13.636363636363635,72.72727272727273,3.3057851239669422,69.42148760330579
E00070160,184,86,45,41,98,7,91,46.73913043478261,24.456521739130434,22.282608695652172,53.2608695652174,3.804347826086957,49.45652173913043
E00070161,306,108,57,51,198,11,187,35.294117647058826,18.627450980392158,16.666666666666664,64.70588235294117,3.594771241830065,61.111111111111114
E00070162,327,61,24,37,266,18,248,18.654434250764528,7.339449541284404,11.314984709480122,81.34556574923548,5.5045871559633035,75.84097859327217
E00070163,288,58,28,30,230,19,211,20.13888888888889,9.722222222222223,10.416666666666668,79.86111111111111,6.597222222222222,73.26388888888889
E00070164,309,75,38,37,234,17,217,24.271844660194176,12.297734627831716,11.974110032362459,75.72815533980582,5.501618122977346,70.22653721682848
E00070165,359,56,24,32,303,18,285,15.598885793871867,6.685236768802229,8.913649025069638,84.40111420612814,5.013927576601671,79.38718662952647
E00070166,330,55,21,34,275,15,260,16.666666666666664,6.363636363636363,10.303030303030303,83.33333333333334,4.545454545454546,78.78787878787878
E00070167,340,110,76,34,230,13,217,32.35294117647059,22.35294117647059,10,67.64705882352942,3.823529411764706,63.8235294117647
E00070168,329,65,29,36,264,21,243,19.756838905775076,8.814589665653495,10.94224924012158,80.24316109422493,6.382978723404255,73.86018237082067
E00070169,314,72,30,42,242,19,223,22.929936305732486,9.554140127388536,13.375796178343949,77.07006369426752,6.050955414012739,71.01910828025477
E00070170,299,63,31,32,236,17,219,21.070234113712374,10.367892976588628,10.702341137123746,78.92976588628763,5.68561872909699,73.24414715719062
E00070172,374,122,71,51,252,24,228,32.62032085561498,18.983957219251337,13.636363636363635,67.37967914438502,6.417112299465241,60.962566844919785
E00070173,305,63,27,36,242,12,230,20.655737704918035,8.852459016393443,11.80327868852459,79.34426229508198,3.934426229508197,75.40983606557377
E00070174,272,66,28,38,206,12,194,24.264705882352942,10.294117647058822,13.970588235294118,75.73529411764706,4.411764705882353,71.32352941176471
E00070175,291,84,32,52,207,17,190,28.865979381443296,10.996563573883162,17.869415807560138,71.1340206185567,5.841924398625429,65.29209621993127
E00070176,322,68,37,31,254,16,238,21.11801242236025,11.490683229813664,9.627329192546584,78.88198757763976,4.968944099378882,73.91304347826086
E00070177,265,46,19,27,219,14,205,17.358490566037734,7.169811320754717,10.18867924528302,82.64150943396227,5.283018867924529,77.35849056603774
E00070178,192,55,27,28,137,6,131,28.645833333333332,14.0625,14.583333333333334,71.35416666666666,3.125,68.22916666666666
E00070179,291,63,31,32,228,17,211,21.649484536082475,10.652920962199312,10.996563573883162,78.35051546391753,5.841924398625429,72.5085910652921
E00070180,250,66,30,36,184,7,177,26.400000000000002,12,14.399999999999999,73.6,2.8000000000000003,70.8
E00070181,291,75,37,38,216,17,199,25.773195876288657,12.714776632302405,13.058419243986256,74.22680412371135,5.841924398625429,68.38487972508591
E00070182,294,60,27,33,234,22,212,20.408163265306122,9.183673469387756,11.224489795918368,79.59183673469387,7.482993197278912,72.10884353741497
E00070183,255,56,20,36,199,24,175,21.96078431372549,7.8431372549019605,14.117647058823529,78.03921568627452,9.411764705882353,68.62745098039215
E00070184,267,70,31,39,197,16,181,26.217228464419474,11.610486891385769,14.606741573033707,73.78277153558052,5.992509363295881,67.79026217228464
E00070185,333,61,30,31,272,36,236,18.31831831831832,9.00900900900901,9.30930930930931,81.68168168168168,10.81081081081081,70.87087087087087
E00070186,325,53,18,35,272,26,246,16.307692307692307,5.538461538461538,10.76923076923077,83.6923076923077,8,75.6923076923077
E00070187,253,52,22,30,201,25,176,20.55335968379447,8.695652173913043,11.857707509881422,79.44664031620553,9.881422924901186,69.56521739130434
E00070188,296,47,16,31,249,22,227,15.878378378378377,5.405405405405405,10.472972972972974,84.12162162162163,7.4324324324324325,76.6891891891892
E00070189,269,54,27,27,215,16,199,20.074349442379184,10.037174721189592,10.037174721189592,79.92565055762083,5.947955390334572,73.97769516728626
E00070190,281,53,17,36,228,16,212,18.86120996441281,6.049822064056939,12.811387900355871,81.13879003558719,5.6939501779359425,75.44483985765125
E00070191,236,52,22,30,184,13,171,22.033898305084744,9.322033898305085,12.711864406779661,77.96610169491525,5.508474576271186,72.45762711864407
E00070192,350,56,28,28,294,18,276,16,8,8,84,5.142857142857142,78.85714285714286
E00070193,269,65,28,37,204,17,187,24.1635687732342,10.408921933085502,13.754646840148698,75.8364312267658,6.319702602230483,69.51672862453532
E00070194,341,61,25,36,280,14,266,17.888563049853374,7.331378299120235,10.557184750733137,82.11143695014663,4.105571847507331,78.00586510263929
E00070195,350,62,37,25,288,11,277,17.71428571428571,10.571428571428571,7.142857142857142,82.28571428571428,3.1428571428571432,79.14285714285715
E00070196,276,79,39,40,197,20,177,28.6231884057971,14.130434782608695,14.492753623188406,71.37681159420289,7.246376811594203,64.13043478260869
E00070197,575,107,34,73,468,31,437,18.608695652173914,5.913043478260869,12.695652173913045,81.3913043478261,5.391304347826087,76
E00070198,302,40,19,21,262,15,247,13.245033112582782,6.291390728476822,6.95364238410596,86.75496688741721,4.966887417218543,81.78807947019867
E00070199,341,57,22,35,284,15,269,16.715542521994134,6.451612903225806,10.263929618768328,83.28445747800586,4.398826979472141,78.88563049853371
E00070200,270,54,22,32,216,22,194,20,8.148148148148149,11.851851851851853,80,8.148148148148149,71.85185185185186
E00070201,298,56,37,19,242,18,224,18.79194630872483,12.416107382550337,6.375838926174497,81.20805369127517,6.0402684563758395,75.16778523489933
E00070202,256,38,19,19,218,10,208,14.84375,7.421875,7.421875,85.15625,3.90625,81.25
E00070203,290,51,15,36,239,14,225,17.586206896551722,5.172413793103448,12.413793103448276,82.41379310344827,4.827586206896552,77.58620689655173
E00070204,303,47,22,25,256,25,231,15.51155115511551,7.2607260726072615,8.25082508250825,84.48844884488449,8.25082508250825,76.23762376237624
E00070205,405,70,34,36,335,22,313,17.28395061728395,8.395061728395062,8.88888888888889,82.71604938271605,5.432098765432099,77.28395061728395
E00070206,283,54,31,23,229,10,219,19.081272084805654,10.954063604240282,8.12720848056537,80.91872791519434,3.53356890459364,77.3851590106007
E00070207,345,80,44,36,265,16,249,23.18840579710145,12.753623188405797,10.434782608695652,76.81159420289855,4.63768115942029,72.17391304347827
E00070208,233,39,19,20,194,15,179,16.738197424892704,8.15450643776824,8.583690987124463,83.2618025751073,6.437768240343347,76.82403433476395
E00070209,366,58,25,33,308,16,292,15.846994535519126,6.830601092896176,9.01639344262295,84.15300546448088,4.371584699453552,79.78142076502732
E00070210,241,44,20,24,197,13,184,18.25726141078838,8.29875518672199,9.95850622406639,81.74273858921161,5.394190871369295,76.34854771784232
E00070211,278,66,24,42,212,18,194,23.741007194244602,8.633093525179856,15.107913669064748,76.2589928057554,6.474820143884892,69.7841726618705
E00070212,356,54,21,33,302,14,288,15.168539325842698,5.8988764044943816,9.269662921348315,84.8314606741573,3.932584269662921,80.89887640449437
E00070213,333,55,25,30,278,22,256,16.516516516516518,7.5075075075075075,9.00900900900901,83.48348348348348,6.606606606606606,76.87687687687688
E00070214,327,52,22,30,275,18,257,15.902140672782874,6.727828746177369,9.174311926605505,84.09785932721712,5.5045871559633035,78.59327217125383
E00070215,418,82,48,34,336,11,325,19.617224880382775,11.483253588516746,8.133971291866029,80.38277511961722,2.631578947368421,77.75119617224881
E00070216,373,59,24,35,314,22,292,15.81769436997319,6.434316353887399,9.383378016085791,84.1823056300268,5.898123324396782,78.28418230563003
E00070217,211,33,11,22,178,20,158,15.639810426540285,5.213270142180095,10.42654028436019,84.36018957345972,9.47867298578199,74.88151658767772
E00070218,321,56,25,31,265,7,258,17.445482866043612,7.78816199376947,9.657320872274143,82.55451713395638,2.1806853582554515,80.37383177570094
E00070219,262,64,28,36,198,13,185,24.427480916030532,10.687022900763358,13.740458015267176,75.57251908396947,4.961832061068702,70.61068702290076
E00070220,346,53,23,30,293,20,273,15.31791907514451,6.6473988439306355,8.670520231213873,84.6820809248555,5.780346820809249,78.90173410404624
E00070221,344,51,16,35,293,19,274,14.825581395348838,4.651162790697675,10.174418604651162,85.17441860465115,5.523255813953488,79.65116279069767
E00070222,317,52,23,29,265,17,248,16.40378548895899,7.255520504731862,9.14826498422713,83.59621451104101,5.3627760252365935,78.23343848580441
E00070223,327,41,25,16,286,8,278,12.538226299694188,7.64525993883792,4.892966360856269,87.46177370030581,2.4464831804281344,85.01529051987767
E00070224,312,86,50,36,226,5,221,27.564102564102566,16.025641025641026,11.538461538461538,72.43589743589743,1.6025641025641024,70.83333333333334
E00070225,429,66,27,39,363,25,338,15.384615384615385,6.293706293706294,9.090909090909092,84.61538461538461,5.827505827505827,78.78787878787878
E00070226,332,49,24,25,283,20,263,14.759036144578314,7.228915662650602,7.530120481927711,85.2409638554217,6.024096385542169,79.21686746987952
E00070227,369,61,19,42,308,29,279,16.53116531165312,5.149051490514905,11.38211382113821,83.46883468834689,7.8590785907859075,75.60975609756098
E00070228,332,63,31,32,269,22,247,18.97590361445783,9.33734939759036,9.63855421686747,81.02409638554217,6.626506024096386,74.3975903614458
E00070229,378,63,24,39,315,17,298,16.666666666666664,6.349206349206349,10.317460317460316,83.33333333333334,4.497354497354497,78.83597883597884
E00070230,271,126,75,51,145,16,129,46.494464944649444,27.67527675276753,18.81918819188192,53.50553505535055,5.904059040590406,47.601476014760145
E00070231,205,41,13,28,164,14,150,20,6.341463414634147,13.658536585365855,80,6.829268292682928,73.17073170731707
E00070232,322,49,27,22,273,25,248,15.217391304347828,8.385093167701864,6.832298136645963,84.78260869565217,7.763975155279502,77.01863354037268
E00070233,451,56,32,24,395,27,368,12.416851441241686,7.095343680709535,5.321507760532151,87.58314855875831,5.986696230598669,81.59645232815964
E00070234,578,104,46,58,474,12,462,17.99307958477509,7.958477508650519,10.034602076124568,82.00692041522491,2.0761245674740483,79.93079584775087
E00070235,142,46,21,25,96,8,88,32.3943661971831,14.788732394366196,17.6056338028169,67.6056338028169,5.633802816901409,61.97183098591549
E00070236,479,101,37,64,378,24,354,21.08559498956159,7.724425887265135,13.361169102296449,78.91440501043841,5.010438413361169,73.90396659707724
E00070237,406,62,29,33,344,11,333,15.270935960591133,7.142857142857142,8.12807881773399,84.72906403940887,2.70935960591133,82.01970443349754
E00070238,379,69,24,45,310,17,293,18.20580474934037,6.33245382585752,11.87335092348285,81.79419525065963,4.485488126649076,77.30870712401055
E00070239,257,70,34,36,187,8,179,27.237354085603112,13.229571984435799,14.007782101167315,72.76264591439688,3.11284046692607,69.64980544747081
E00070240,381,67,24,43,314,19,295,17.585301837270343,6.299212598425196,11.286089238845145,82.41469816272966,4.986876640419948,77.42782152230971
E00070242,263,59,30,29,204,19,185,22.433460076045627,11.406844106463879,11.02661596958175,77.56653992395437,7.224334600760455,70.34220532319392
E00070243,509,57,7,50,452,43,409,11.19842829076621,1.37524557956778,9.823182711198427,88.8015717092338,8.447937131630647,80.35363457760315
E00070244,494,69,11,58,425,33,392,13.96761133603239,2.2267206477732793,11.740890688259109,86.03238866396761,6.680161943319838,79.35222672064778
E00070245,593,58,12,46,535,46,489,9.780775716694773,2.0236087689713322,7.75716694772344,90.21922428330524,7.75716694772344,82.46205733558179
E00070246,243,44,19,25,199,17,182,18.106995884773664,7.818930041152264,10.2880658436214,81.89300411522635,6.995884773662551,74.8971193415638
E00070247,493,77,22,55,416,30,386,15.618661257606492,4.462474645030426,11.156186612576064,84.38133874239351,6.085192697768763,78.29614604462475
E00070248,319,54,19,35,265,27,238,16.927899686520377,5.956112852664576,10.9717868338558,83.07210031347962,8.463949843260188,74.60815047021944
E00070249,280,44,18,26,236,18,218,15.714285714285714,6.428571428571428,9.285714285714286,84.28571428571429,6.428571428571428,77.85714285714286
E00070250,340,39,9,30,301,30,271,11.470588235294118,2.6470588235294117,8.823529411764707,88.52941176470588,8.823529411764707,79.70588235294119
E00070253,115,19,6,13,96,10,86,16.52173913043478,5.217391304347826,11.304347826086957,83.47826086956522,8.695652173913043,74.78260869565217
E00070254,339,55,12,43,284,30,254,16.224188790560472,3.5398230088495577,12.684365781710916,83.77581120943954,8.849557522123893,74.92625368731564
E00070255,331,57,19,38,274,30,244,17.220543806646525,5.740181268882175,11.48036253776435,82.77945619335347,9.06344410876133,73.71601208459214
E00070256,309,31,4,27,278,22,256,10.032362459546926,1.2944983818770228,8.737864077669903,89.96763754045307,7.119741100323624,82.84789644012946
E00070257,470,69,23,46,401,40,361,14.680851063829786,4.8936170212765955,9.787234042553191,85.31914893617021,8.51063829787234,76.80851063829788
E00070258,257,30,6,24,227,15,212,11.673151750972762,2.3346303501945527,9.33852140077821,88.32684824902724,5.836575875486381,82.49027237354085
E00070259,383,38,9,29,345,27,318,9.921671018276761,2.3498694516971277,7.5718015665796345,90.07832898172323,7.049608355091384,83.02872062663185
E00070260,233,32,12,20,201,14,187,13.733905579399142,5.150214592274678,8.583690987124463,86.26609442060087,6.008583690987124,80.25751072961373
E00070262,420,45,1,44,375,39,336,10.714285714285714,0.2380952380952381,10.476190476190476,89.28571428571429,9.285714285714286,80
E00070264,352,62,9,53,290,20,270,17.613636363636363,2.556818181818182,15.056818181818182,82.38636363636364,5.681818181818182,76.70454545454545
E00070267,447,56,13,43,391,43,348,12.527964205816556,2.9082774049217,9.619686800894854,87.47203579418344,9.619686800894854,77.85234899328859
E00070268,540,56,9,47,484,33,451,10.37037037037037,1.6666666666666667,8.703703703703704,89.62962962962962,6.111111111111111,83.51851851851852
E00070270,410,62,16,46,348,34,314,15.121951219512194,3.902439024390244,11.219512195121952,84.8780487804878,8.292682926829269,76.58536585365854
E00070271,250,27,7,20,223,13,210,10.8,2.8000000000000003,8,89.2,5.2,84
E00070272,291,28,10,18,263,19,244,9.621993127147768,3.436426116838488,6.185567010309279,90.37800687285224,6.529209621993128,83.8487972508591
E00070273,144,39,20,19,105,15,90,27.083333333333332,13.88888888888889,13.194444444444445,72.91666666666666,10.416666666666668,62.5
E00070274,440,63,28,35,377,16,361,14.318181818181818,6.363636363636363,7.954545454545454,85.68181818181819,3.6363636363636362,82.04545454545455
E00070275,389,63,29,34,326,14,312,16.195372750642672,7.455012853470437,8.740359897172237,83.80462724935732,3.5989717223650386,80.20565552699229
E00070276,400,61,35,26,339,11,328,15.25,8.75,6.5,84.75,2.75,82
E00070277,503,110,52,58,393,36,357,21.868787276341948,10.337972166998012,11.530815109343937,78.13121272365805,7.157057654075547,70.9741550695825
E00070278,456,59,30,29,397,13,384,12.938596491228072,6.578947368421052,6.359649122807018,87.06140350877193,2.850877192982456,84.21052631578947
E00070279,211,60,28,32,151,16,135,28.436018957345972,13.270142180094787,15.165876777251185,71.56398104265402,7.5829383886255926,63.98104265402843
E00070280,340,48,27,21,292,19,273,14.117647058823529,7.941176470588235,6.176470588235294,85.88235294117646,5.588235294117648,80.29411764705883
E00070281,244,57,30,27,187,13,174,23.36065573770492,12.295081967213115,11.065573770491802,76.63934426229508,5.327868852459016,71.31147540983606
E00070282,388,61,29,32,327,18,309,15.721649484536082,7.474226804123711,8.24742268041237,84.27835051546391,4.639175257731959,79.63917525773195
E00070283,362,63,29,34,299,14,285,17.403314917127073,8.011049723756907,9.392265193370166,82.59668508287292,3.867403314917127,78.72928176795581
E00070284,350,68,29,39,282,19,263,19.428571428571427,8.285714285714285,11.142857142857142,80.57142857142857,5.428571428571429,75.14285714285714
E00070285,294,70,36,34,224,10,214,23.809523809523807,12.244897959183673,11.564625850340136,76.19047619047619,3.4013605442176873,72.78911564625851
E00070286,348,47,25,22,301,15,286,13.505747126436782,7.183908045977011,6.321839080459771,86.49425287356321,4.310344827586207,82.18390804597702
E00070287,338,109,78,31,229,14,215,32.24852071005917,23.076923076923077,9.171597633136095,67.75147928994083,4.142011834319527,63.609467455621306
E00070288,376,81,36,45,295,19,276,21.54255319148936,9.574468085106384,11.96808510638298,78.45744680851064,5.053191489361701,73.40425531914893
E00070289,168,46,27,19,122,6,116,27.380952380952383,16.071428571428573,11.30952380952381,72.61904761904762,3.571428571428571,69.04761904761905
E00070290,323,53,21,32,270,15,255,16.408668730650156,6.5015479876160995,9.907120743034056,83.59133126934985,4.643962848297214,78.94736842105263
E00070291,462,62,39,23,400,11,389,13.41991341991342,8.441558441558442,4.978354978354979,86.58008658008657,2.380952380952381,84.19913419913419
E00070292,386,50,26,24,336,18,318,12.953367875647666,6.7357512953367875,6.217616580310881,87.04663212435233,4.66321243523316,82.38341968911918
E00070293,604,78,29,49,526,25,501,12.91390728476821,4.801324503311259,8.112582781456954,87.08609271523179,4.13907284768212,82.94701986754967
E00070294,528,88,51,37,440,21,419,16.666666666666664,9.659090909090908,7.007575757575757,83.33333333333334,3.977272727272727,79.35606060606061
E00070295,429,53,21,32,376,17,359,12.354312354312354,4.895104895104895,7.459207459207459,87.64568764568764,3.9627039627039626,83.68298368298368
E00070296,414,75,38,37,339,17,322,18.115942028985508,9.178743961352657,8.937198067632849,81.88405797101449,4.1062801932367154,77.77777777777779
E00070298,267,36,8,28,231,23,208,13.48314606741573,2.9962546816479403,10.486891385767791,86.51685393258427,8.614232209737828,77.90262172284645
E00070299,449,62,24,38,387,19,368,13.808463251670378,5.3452115812917596,8.463251670378618,86.19153674832963,4.231625835189309,81.9599109131403
E00070300,457,37,17,20,420,9,411,8.096280087527353,3.7199124726477026,4.3763676148796495,91.90371991247265,1.9693654266958425,89.93435448577681
E00070301,318,74,43,31,244,20,224,23.270440251572328,13.522012578616351,9.748427672955975,76.72955974842768,6.289308176100629,70.44025157232704
E00070302,294,63,26,37,231,12,219,21.428571428571427,8.843537414965986,12.585034013605442,78.57142857142857,4.081632653061225,74.48979591836735
E00070303,295,63,29,34,232,10,222,21.35593220338983,9.830508474576272,11.525423728813559,78.64406779661017,3.389830508474576,75.2542372881356
E00070304,292,58,28,30,234,15,219,19.863013698630137,9.58904109589041,10.273972602739725,80.13698630136986,5.136986301369863,75
E00070305,265,37,18,19,228,21,207,13.962264150943396,6.7924528301886795,7.169811320754717,86.0377358490566,7.9245283018867925,78.11320754716982
E00070306,311,48,21,27,263,26,237,15.434083601286176,6.752411575562702,8.681672025723474,84.56591639871382,8.360128617363344,76.20578778135048
E00070307,292,37,15,22,255,22,233,12.67123287671233,5.136986301369863,7.534246575342466,87.32876712328768,7.534246575342466,79.7945205479452
E00070308,279,54,16,38,225,20,205,19.35483870967742,5.734767025089606,13.620071684587815,80.64516129032258,7.168458781362006,73.47670250896059
E00070309,325,70,22,48,255,24,231,21.53846153846154,6.769230769230769,14.76923076923077,78.46153846153847,7.384615384615385,71.07692307692308
E00070310,484,106,54,52,378,21,357,21.90082644628099,11.15702479338843,10.743801652892563,78.099173553719,4.338842975206612,73.7603305785124
E00070311,225,35,15,20,190,12,178,15.555555555555555,6.666666666666667,8.88888888888889,84.44444444444444,5.333333333333334,79.11111111111111
E00070312,260,42,14,28,218,28,190,16.153846153846153,5.384615384615385,10.76923076923077,83.84615384615385,10.76923076923077,73.07692307692307
E00070313,239,61,34,27,178,17,161,25.523012552301257,14.225941422594143,11.297071129707113,74.47698744769873,7.112970711297072,67.36401673640168
E00070314,264,49,15,34,215,28,187,18.560606060606062,5.681818181818182,12.878787878787879,81.43939393939394,10.606060606060606,70.83333333333334
E00070315,238,31,8,23,207,15,192,13.025210084033615,3.361344537815126,9.663865546218489,86.97478991596638,6.302521008403361,80.67226890756302
E00070316,299,49,20,29,250,16,234,16.387959866220736,6.688963210702341,9.698996655518394,83.61204013377926,5.351170568561873,78.26086956521739
E00070317,263,64,26,38,199,19,180,24.334600760456272,9.885931558935361,14.44866920152091,75.66539923954373,7.224334600760455,68.44106463878326
E00070318,330,53,19,34,277,25,252,16.060606060606062,5.757575757575758,10.303030303030303,83.93939393939394,7.575757575757576,76.36363636363637
E00070319,265,42,13,29,223,26,197,15.849056603773585,4.905660377358491,10.943396226415095,84.15094339622642,9.811320754716983,74.33962264150942
E00070320,343,25,7,18,318,13,305,7.288629737609329,2.0408163265306123,5.247813411078718,92.71137026239067,3.7900874635568513,88.92128279883383
E00070321,229,28,10,18,201,21,180,12.22707423580786,4.366812227074235,7.860262008733625,87.77292576419214,9.170305676855897,78.60262008733623
E00070322,303,57,26,31,246,17,229,18.81188118811881,8.58085808580858,10.231023102310232,81.1881188118812,5.6105610561056105,75.57755775577559
E00070325,273,49,14,35,224,28,196,17.94871794871795,5.128205128205128,12.82051282051282,82.05128205128204,10.256410256410255,71.7948717948718
E00070326,302,75,41,34,227,17,210,24.834437086092713,13.57615894039735,11.258278145695364,75.16556291390728,5.629139072847682,69.5364238410596
E00070327,336,62,26,36,274,20,254,18.452380952380953,7.738095238095238,10.714285714285714,81.54761904761905,5.952380952380952,75.59523809523809
E00070328,237,59,30,29,178,27,151,24.894514767932492,12.658227848101266,12.236286919831224,75.10548523206751,11.39240506329114,63.71308016877637
E00070329,263,50,15,35,213,24,189,19.011406844106464,5.7034220532319395,13.307984790874524,80.98859315589354,9.125475285171103,71.86311787072243
E00070330,182,27,7,20,155,19,136,14.835164835164836,3.8461538461538463,10.989010989010989,85.16483516483517,10.43956043956044,74.72527472527473
E00070331,365,92,55,37,273,14,259,25.205479452054796,15.068493150684931,10.136986301369863,74.79452054794521,3.8356164383561646,70.95890410958904
E00070333,261,56,18,38,205,13,192,21.455938697318008,6.896551724137931,14.559386973180077,78.544061302682,4.980842911877394,73.5632183908046
E00070334,265,53,27,26,212,24,188,20,10.18867924528302,9.811320754716983,80,9.056603773584905,70.94339622641509
E00070335,311,44,15,29,267,26,241,14.14790996784566,4.823151125401929,9.32475884244373,85.85209003215434,8.360128617363344,77.491961414791
E00070336,265,54,11,43,211,15,196,20.37735849056604,4.150943396226415,16.22641509433962,79.62264150943396,5.660377358490567,73.9622641509434
E00070337,494,86,50,36,408,22,386,17.408906882591094,10.121457489878543,7.28744939271255,82.5910931174089,4.4534412955465585,78.13765182186235
E00070338,217,24,11,13,193,16,177,11.059907834101383,5.0691244239631335,5.990783410138248,88.94009216589862,7.373271889400922,81.5668202764977
E00070339,506,72,33,39,434,21,413,14.229249011857709,6.521739130434782,7.707509881422925,85.7707509881423,4.150197628458498,81.62055335968378
E00070340,190,41,18,23,149,18,131,21.578947368421055,9.473684210526317,12.105263157894736,78.42105263157895,9.473684210526317,68.94736842105263
E00070341,363,67,19,48,296,25,271,18.457300275482094,5.234159779614325,13.223140495867769,81.5426997245179,6.887052341597796,74.65564738292011
E00070342,371,73,40,33,298,7,291,19.67654986522911,10.781671159029651,8.89487870619946,80.3234501347709,1.8867924528301887,78.4366576819407
E00070343,480,100,61,39,380,27,353,20.833333333333336,12.708333333333332,8.125,79.16666666666666,5.625,73.54166666666667
E00070344,370,66,36,30,304,10,294,17.83783783783784,9.72972972972973,8.108108108108109,82.16216216216216,2.7027027027027026,79.45945945945945
E00070345,185,59,28,31,126,17,109,31.891891891891895,15.135135135135137,16.756756756756758,68.10810810810811,9.18918918918919,58.91891891891892
E00070346,427,79,41,38,348,23,325,18.501170960187356,9.601873536299765,8.899297423887589,81.49882903981265,5.386416861826698,76.11241217798595
E00070347,222,40,19,21,182,23,159,18.01801801801802,8.558558558558559,9.45945945945946,81.98198198198197,10.36036036036036,71.62162162162163
E00070348,259,26,7,19,233,20,213,10.038610038610038,2.7027027027027026,7.335907335907336,89.96138996138995,7.722007722007722,82.23938223938224
E00070349,160,23,9,14,137,13,124,14.374999999999998,5.625,8.75,85.625,8.125,77.5
E00070350,533,82,25,57,451,39,412,15.384615384615385,4.690431519699812,10.694183864915573,84.61538461538461,7.317073170731707,77.29831144465291
E00070351,235,29,5,24,206,11,195,12.340425531914894,2.127659574468085,10.212765957446807,87.65957446808511,4.680851063829787,82.97872340425532
E00070352,238,49,23,26,189,14,175,20.588235294117645,9.663865546218489,10.92436974789916,79.41176470588235,5.88235294117647,73.52941176470588
E00070353,296,46,16,30,250,16,234,15.54054054054054,5.405405405405405,10.135135135135135,84.45945945945947,5.405405405405405,79.05405405405406
E00070354,281,60,30,30,221,17,204,21.352313167259787,10.676156583629894,10.676156583629894,78.64768683274022,6.049822064056939,72.59786476868328
E00070355,189,44,20,24,145,22,123,23.28042328042328,10.582010582010582,12.698412698412698,76.71957671957672,11.64021164021164,65.07936507936508
E00070356,197,57,26,31,140,17,123,28.934010152284262,13.19796954314721,15.736040609137056,71.06598984771574,8.629441624365482,62.43654822335025
E00070357,263,46,14,32,217,24,193,17.490494296577946,5.323193916349809,12.167300380228136,82.50950570342205,9.125475285171103,73.38403041825094
E00070358,286,45,18,27,241,12,229,15.734265734265735,6.293706293706294,9.44055944055944,84.26573426573427,4.195804195804196,80.06993006993007
E00070359,257,51,20,31,206,15,191,19.844357976653697,7.782101167315175,12.062256809338521,80.1556420233463,5.836575875486381,74.31906614785993
E00070360,305,50,23,27,255,29,226,16.39344262295082,7.540983606557377,8.852459016393443,83.60655737704919,9.508196721311474,74.09836065573771
E00070361,396,46,8,38,350,35,315,11.616161616161616,2.0202020202020203,9.595959595959595,88.38383838383838,8.83838383838384,79.54545454545455
E00070362,331,48,28,20,283,9,274,14.501510574018129,8.459214501510575,6.042296072507553,85.49848942598187,2.719033232628399,82.77945619335347
E00070363,430,72,37,35,358,19,339,16.74418604651163,8.604651162790699,8.13953488372093,83.25581395348837,4.4186046511627906,78.83720930232559
E00070364,438,67,32,35,371,12,359,15.296803652968036,7.30593607305936,7.9908675799086755,84.70319634703196,2.73972602739726,81.9634703196347
E00070366,259,43,19,24,216,20,196,16.602316602316602,7.335907335907336,9.266409266409266,83.3976833976834,7.722007722007722,75.67567567567568
E00070368,397,34,5,29,363,39,324,8.564231738035264,1.2594458438287155,7.304785894206549,91.43576826196474,9.82367758186398,81.61209068010076
E00070370,306,31,8,23,275,23,252,10.130718954248366,2.6143790849673203,7.516339869281046,89.86928104575163,7.516339869281046,82.35294117647058
E00070371,347,42,8,34,305,20,285,12.103746397694524,2.3054755043227666,9.798270893371757,87.89625360230548,5.763688760806916,82.13256484149855
E00070372,219,33,10,23,186,14,172,15.068493150684931,4.5662100456621,10.50228310502283,84.93150684931507,6.392694063926941,78.53881278538812
E00070373,429,44,7,37,385,32,353,10.256410256410255,1.6317016317016315,8.624708624708624,89.74358974358975,7.459207459207459,82.28438228438229
E00070375,417,58,14,44,359,28,331,13.908872901678656,3.357314148681055,10.551558752997602,86.09112709832134,6.71462829736211,79.37649880095923
E00070376,302,66,19,47,236,26,210,21.85430463576159,6.291390728476822,15.562913907284766,78.1456953642384,8.609271523178808,69.5364238410596
E00070377,291,26,5,21,265,38,227,8.934707903780069,1.718213058419244,7.216494845360824,91.06529209621993,13.058419243986256,78.00687285223368
E00070378,244,27,5,22,217,18,199,11.065573770491802,2.0491803278688523,9.01639344262295,88.9344262295082,7.377049180327869,81.55737704918032
E00070380,380,47,19,28,333,9,324,12.368421052631579,5,7.368421052631578,87.63157894736841,2.368421052631579,85.26315789473684
E00070381,321,72,31,41,249,10,239,22.429906542056074,9.657320872274143,12.77258566978193,77.57009345794393,3.115264797507788,74.45482866043614
E00070382,372,27,12,15,345,9,336,7.258064516129033,3.225806451612903,4.032258064516129,92.74193548387096,2.4193548387096775,90.32258064516128
E00070383,571,72,32,40,499,18,481,12.609457092819614,5.604203152364273,7.005253940455342,87.39054290718039,3.1523642732049035,84.23817863397548
E00070385,206,47,20,27,159,6,153,22.815533980582526,9.70873786407767,13.106796116504855,77.18446601941747,2.912621359223301,74.27184466019418
E00070386,374,66,20,46,308,17,291,17.647058823529413,5.347593582887701,12.299465240641712,82.35294117647058,4.545454545454546,77.80748663101605
E00070387,314,95,52,43,219,19,200,30.254777070063692,16.560509554140125,13.694267515923567,69.7452229299363,6.050955414012739,63.69426751592356
E00070388,209,48,34,14,161,7,154,22.966507177033492,16.267942583732058,6.698564593301436,77.03349282296651,3.349282296650718,73.68421052631578
E00070390,230,54,21,33,176,8,168,23.47826086956522,9.130434782608695,14.347826086956522,76.52173913043478,3.4782608695652173,73.04347826086956
E00070391,215,66,37,29,149,12,137,30.697674418604652,17.209302325581397,13.488372093023257,69.30232558139535,5.5813953488372094,63.72093023255814
E00070392,247,68,32,36,179,13,166,27.530364372469634,12.955465587044534,14.5748987854251,72.46963562753037,5.263157894736842,67.20647773279353
E00070393,257,36,18,18,221,9,212,14.007782101167315,7.003891050583658,7.003891050583658,85.99221789883269,3.501945525291829,82.49027237354085
E00070394,259,46,17,29,213,15,198,17.760617760617762,6.563706563706563,11.196911196911197,82.23938223938224,5.7915057915057915,76.44787644787645
E00070396,171,51,27,24,120,4,116,29.82456140350877,15.789473684210526,14.035087719298245,70.17543859649122,2.3391812865497075,67.83625730994152
E00070397,173,42,21,21,131,6,125,24.277456647398843,12.138728323699421,12.138728323699421,75.72254335260115,3.4682080924855487,72.25433526011561
E00070400,471,58,12,46,413,31,382,12.314225053078557,2.547770700636943,9.766454352441615,87.68577494692144,6.581740976645436,81.104033970276
E00070401,220,75,40,35,145,10,135,34.090909090909086,18.181818181818183,15.909090909090908,65.9090909090909,4.545454545454546,61.36363636363637
E00070402,554,69,18,51,485,48,437,12.454873646209386,3.2490974729241873,9.2057761732852,87.54512635379061,8.664259927797833,78.88086642599278
E00070404,183,49,24,25,134,16,118,26.775956284153008,13.114754098360656,13.661202185792352,73.224043715847,8.743169398907105,64.48087431693989
E00070406,506,52,13,39,454,43,411,10.276679841897234,2.5691699604743086,7.707509881422925,89.72332015810277,8.49802371541502,81.22529644268775
E00070407,254,32,6,26,222,20,202,12.598425196850393,2.3622047244094486,10.236220472440944,87.4015748031496,7.874015748031496,79.52755905511812
E00070408,424,40,16,24,384,25,359,9.433962264150944,3.7735849056603774,5.660377358490567,90.56603773584906,5.89622641509434,84.66981132075472
E00070410,508,59,10,49,449,44,405,11.614173228346457,1.968503937007874,9.645669291338582,88.38582677165354,8.661417322834646,79.7244094488189
E00070411,296,33,11,22,263,15,248,11.14864864864865,3.7162162162162162,7.4324324324324325,88.85135135135135,5.0675675675675675,83.78378378378379
E00070412,361,40,12,28,321,33,288,11.080332409972298,3.32409972299169,7.756232686980609,88.9196675900277,9.141274238227147,79.77839335180056
E00070413,298,45,21,24,253,14,239,15.100671140939598,7.046979865771812,8.053691275167784,84.8993288590604,4.697986577181208,80.20134228187919
E00070414,368,46,24,22,322,16,306,12.5,6.521739130434782,5.978260869565218,87.5,4.3478260869565215,83.15217391304348
E00070415,408,88,44,44,320,7,313,21.568627450980394,10.784313725490197,10.784313725490197,78.43137254901961,1.715686274509804,76.7156862745098
E00070416,384,53,31,22,331,15,316,13.802083333333334,8.072916666666668,5.729166666666666,86.19791666666666,3.90625,82.29166666666666
E00070417,236,54,27,27,182,11,171,22.88135593220339,11.440677966101696,11.440677966101696,77.11864406779661,4.661016949152542,72.45762711864407
E00070418,267,92,62,30,175,9,166,34.45692883895131,23.220973782771537,11.235955056179774,65.54307116104869,3.3707865168539324,62.172284644194754
E00070419,263,59,37,22,204,14,190,22.433460076045627,14.068441064638785,8.365019011406844,77.56653992395437,5.323193916349809,72.24334600760456
E00070420,251,53,32,21,198,12,186,21.115537848605577,12.749003984063744,8.366533864541832,78.88446215139442,4.780876494023905,74.10358565737052
E00070421,262,48,30,18,214,11,203,18.3206106870229,11.450381679389313,6.870229007633588,81.67938931297711,4.198473282442748,77.48091603053436
E00070422,356,73,45,28,283,18,265,20.50561797752809,12.640449438202248,7.865168539325842,79.49438202247191,5.056179775280898,74.43820224719101
E00070423,208,25,4,21,183,4,179,12.01923076923077,1.9230769230769231,10.096153846153847,87.98076923076923,1.9230769230769231,86.0576923076923
E00070424,340,68,41,27,272,13,259,20,12.058823529411764,7.941176470588235,80,3.823529411764706,76.17647058823529
E00070425,457,69,31,38,388,25,363,15.098468271334792,6.783369803063458,8.315098468271334,84.9015317286652,5.470459518599562,79.43107221006565
E00070426,198,41,19,22,157,10,147,20.707070707070706,9.595959595959595,11.11111111111111,79.29292929292929,5.05050505050505,74.24242424242425
E00070427,324,63,32,31,261,12,249,19.444444444444446,9.876543209876543,9.5679012345679,80.55555555555556,3.7037037037037033,76.85185185185185
E00070428,149,24,6,18,125,11,114,16.10738255033557,4.026845637583892,12.080536912751679,83.89261744966443,7.38255033557047,76.51006711409396
E00070429,427,82,49,33,345,10,335,19.20374707259953,11.475409836065573,7.728337236533958,80.79625292740047,2.3419203747072603,78.4543325526932
E00070430,317,63,36,27,254,13,241,19.873817034700316,11.35646687697161,8.517350157728707,80.12618296529969,4.100946372239748,76.02523659305994
E00070431,301,65,33,32,236,14,222,21.59468438538206,10.96345514950166,10.631229235880399,78.40531561461795,4.651162790697675,73.75415282392026
E00070433,275,69,42,27,206,9,197,25.09090909090909,15.272727272727273,9.818181818181818,74.90909090909092,3.272727272727273,71.63636363636363
E00070434,346,81,41,40,265,11,254,23.410404624277454,11.849710982658959,11.560693641618498,76.58959537572254,3.1791907514450863,73.41040462427746
E00070435,277,75,41,34,202,17,185,27.075812274368232,14.801444043321299,12.274368231046932,72.92418772563177,6.137184115523466,66.78700361010831
E00070436,380,75,44,31,305,15,290,19.736842105263158,11.578947368421053,8.157894736842106,80.26315789473685,3.9473684210526314,76.31578947368422
E00070437,351,64,28,36,287,16,271,18.233618233618234,7.977207977207977,10.256410256410255,81.76638176638177,4.5584045584045585,77.20797720797721
E00070438,397,54,23,31,343,14,329,13.602015113350127,5.793450881612091,7.8085642317380355,86.39798488664987,3.5264483627204033,82.87153652392946
E00070439,444,89,40,49,355,14,341,20.045045045045047,9.00900900900901,11.036036036036036,79.95495495495496,3.153153153153153,76.8018018018018
E00070440,358,92,45,47,266,20,246,25.69832402234637,12.569832402234638,13.128491620111731,74.30167597765363,5.58659217877095,68.71508379888269
E00070441,299,59,27,32,240,13,227,19.732441471571907,9.03010033444816,10.702341137123746,80.2675585284281,4.3478260869565215,75.91973244147158
E00070442,200,50,26,24,150,8,142,25,13,12,75,4,71
E00070443,198,43,15,28,155,12,143,21.71717171717172,7.575757575757576,14.14141414141414,78.28282828282829,6.0606060606060606,72.22222222222221
E00070444,306,53,23,30,253,4,249,17.320261437908496,7.516339869281046,9.803921568627452,82.6797385620915,1.3071895424836601,81.37254901960785
E00070445,325,65,40,25,260,9,251,20,12.307692307692308,7.6923076923076925,80,2.769230769230769,77.23076923076924
E00070447,292,74,43,31,218,13,205,25.34246575342466,14.726027397260275,10.616438356164384,74.65753424657534,4.4520547945205475,70.2054794520548
E00070449,333,50,24,26,283,12,271,15.015015015015015,7.207207207207207,7.807807807807808,84.98498498498499,3.6036036036036037,81.38138138138137
E00070450,425,52,11,41,373,39,334,12.23529411764706,2.588235294117647,9.647058823529411,87.76470588235294,9.176470588235293,78.58823529411765
E00070454,362,68,34,34,294,27,267,18.784530386740332,9.392265193370166,9.392265193370166,81.21546961325967,7.458563535911603,73.75690607734806
E00070455,312,51,20,31,261,18,243,16.346153846153847,6.41025641025641,9.935897435897436,83.65384615384616,5.769230769230769,77.88461538461539
E00070456,306,64,32,32,242,12,230,20.915032679738562,10.457516339869281,10.457516339869281,79.08496732026144,3.9215686274509802,75.16339869281046
E00070458,257,105,46,59,152,20,132,40.856031128404666,17.898832684824903,22.957198443579767,59.143968871595334,7.782101167315175,51.36186770428015
E00070459,339,86,49,37,253,28,225,25.368731563421832,14.454277286135694,10.914454277286136,74.63126843657817,8.259587020648967,66.3716814159292
E00070461,210,31,13,18,179,15,164,14.761904761904763,6.190476190476191,8.571428571428571,85.23809523809524,7.142857142857142,78.0952380952381
E00070462,299,49,20,29,250,20,230,16.387959866220736,6.688963210702341,9.698996655518394,83.61204013377926,6.688963210702341,76.92307692307693
E00070463,235,42,15,27,193,17,176,17.872340425531917,6.382978723404255,11.48936170212766,82.12765957446808,7.234042553191489,74.8936170212766
E00070465,239,52,31,21,187,11,176,21.75732217573222,12.97071129707113,8.786610878661087,78.24267782426779,4.602510460251046,73.64016736401673
E00070466,152,27,10,17,125,17,108,17.763157894736842,6.578947368421052,11.18421052631579,82.23684210526315,11.18421052631579,71.05263157894737
E00070467,371,79,46,33,292,9,283,21.293800539083556,12.398921832884097,8.89487870619946,78.70619946091644,2.4258760107816713,76.28032345013477
E00070468,309,86,35,51,223,20,203,27.831715210355988,11.326860841423949,16.50485436893204,72.168284789644,6.472491909385113,65.69579288025889
E00070469,329,67,38,29,262,27,235,20.364741641337385,11.55015197568389,8.814589665653495,79.63525835866263,8.206686930091186,71.42857142857143
E00070470,297,68,36,32,229,17,212,22.895622895622896,12.121212121212121,10.774410774410773,77.10437710437711,5.723905723905724,71.38047138047138
E00070471,263,64,24,40,199,21,178,24.334600760456272,9.125475285171103,15.209125475285171,75.66539923954373,7.984790874524715,67.68060836501901
E00070472,273,57,26,31,216,13,203,20.87912087912088,9.523809523809524,11.355311355311356,79.12087912087912,4.761904761904762,74.35897435897436
E00070473,267,63,32,31,204,31,173,23.595505617977526,11.985018726591761,11.610486891385769,76.40449438202246,11.610486891385769,64.7940074906367
E00070474,335,48,18,30,287,31,256,14.328358208955224,5.3731343283582085,8.955223880597014,85.67164179104478,9.253731343283581,76.4179104477612
E00070475,358,59,21,38,299,23,276,16.480446927374302,5.865921787709497,10.614525139664805,83.5195530726257,6.424581005586592,77.09497206703911
E00070476,260,41,21,20,219,24,195,15.769230769230768,8.076923076923077,7.6923076923076925,84.23076923076923,9.230769230769232,75
E00070477,306,51,23,28,255,26,229,16.666666666666664,7.516339869281046,9.15032679738562,83.33333333333334,8.49673202614379,74.83660130718954
E00070479,335,41,15,26,294,16,278,12.238805970149254,4.477611940298507,7.761194029850746,87.76119402985074,4.776119402985075,82.98507462686567
E00070480,223,41,13,28,182,25,157,18.385650224215247,5.829596412556054,12.556053811659194,81.61434977578476,11.210762331838566,70.4035874439462
E00070481,282,51,21,30,231,22,209,18.085106382978726,7.446808510638298,10.638297872340425,81.91489361702128,7.801418439716312,74.11347517730496
E00070482,311,51,19,32,260,18,242,16.39871382636656,6.109324758842444,10.289389067524116,83.60128617363344,5.787781350482315,77.81350482315112
E00070483,257,78,20,58,179,22,157,30.35019455252918,7.782101167315175,22.56809338521401,69.64980544747081,8.560311284046692,61.08949416342413
E00070484,294,41,17,24,253,16,237,13.945578231292515,5.782312925170068,8.16326530612245,86.05442176870748,5.442176870748299,80.61224489795919
E00070485,284,50,14,36,234,18,216,17.6056338028169,4.929577464788732,12.676056338028168,82.3943661971831,6.338028169014084,76.05633802816901
E00070486,307,44,11,33,263,24,239,14.332247557003258,3.5830618892508146,10.749185667752444,85.66775244299674,7.81758957654723,77.85016286644951
E00070487,258,42,15,27,216,24,192,16.27906976744186,5.813953488372093,10.465116279069768,83.72093023255815,9.30232558139535,74.4186046511628
E00070488,345,55,18,37,290,29,261,15.942028985507244,5.217391304347826,10.72463768115942,84.05797101449275,8.405797101449275,75.65217391304347
E00070489,336,65,22,43,271,23,248,19.345238095238095,6.547619047619048,12.797619047619047,80.65476190476191,6.845238095238096,73.80952380952381
E00070490,312,60,22,38,252,28,224,19.230769230769234,7.051282051282051,12.179487179487179,80.76923076923077,8.974358974358974,71.7948717948718
E00070491,301,57,14,43,244,36,208,18.93687707641196,4.651162790697675,14.285714285714285,81.06312292358804,11.960132890365449,69.10299003322258
E00070492,300,60,30,30,240,27,213,20,10,10,80,9,71
E00070493,118,31,15,16,87,8,79,26.27118644067797,12.711864406779661,13.559322033898304,73.72881355932203,6.779661016949152,66.94915254237289
E00070494,303,64,21,43,239,26,213,21.122112211221122,6.9306930693069315,14.19141914191419,78.87788778877888,8.58085808580858,70.29702970297029
E00070495,297,70,18,52,227,27,200,23.56902356902357,6.0606060606060606,17.50841750841751,76.43097643097643,9.090909090909092,67.34006734006735
E00070496,292,113,71,42,179,20,159,38.6986301369863,24.315068493150687,14.383561643835616,61.3013698630137,6.8493150684931505,54.45205479452054
E00070497,274,55,21,34,219,17,202,20.072992700729927,7.664233576642336,12.408759124087592,79.92700729927007,6.204379562043796,73.72262773722628
E00070498,323,49,24,25,274,20,254,15.170278637770899,7.430340557275541,7.739938080495357,84.82972136222911,6.191950464396285,78.63777089783281
E00070499,260,45,23,22,215,13,202,17.307692307692307,8.846153846153847,8.461538461538462,82.6923076923077,5,77.6923076923077
E00070500,300,57,35,22,243,10,233,19,11.666666666666666,7.333333333333333,81,3.3333333333333335,77.66666666666666
E00070501,456,69,34,35,387,24,363,15.131578947368421,7.456140350877193,7.675438596491229,84.86842105263158,5.263157894736842,79.60526315789474
E00070502,215,47,23,24,168,11,157,21.86046511627907,10.69767441860465,11.162790697674419,78.13953488372093,5.116279069767442,73.0232558139535
E00070503,214,59,26,33,155,15,140,27.570093457943923,12.149532710280374,15.42056074766355,72.42990654205607,7.009345794392523,65.42056074766354
E00070504,307,43,15,28,264,18,246,14.006514657980457,4.88599348534202,9.120521172638437,85.99348534201955,5.863192182410423,80.13029315960912
E00070505,446,62,26,36,384,22,362,13.901345291479823,5.829596412556054,8.071748878923767,86.09865470852019,4.932735426008969,81.16591928251121
E00070506,441,75,27,48,366,29,337,17.006802721088434,6.122448979591836,10.884353741496598,82.99319727891157,6.575963718820861,76.41723356009071
E00070507,259,64,29,35,195,13,182,24.71042471042471,11.196911196911197,13.513513513513514,75.2895752895753,5.019305019305019,70.27027027027027
E00070508,294,46,15,31,248,17,231,15.646258503401361,5.1020408163265305,10.54421768707483,84.35374149659864,5.782312925170068,78.57142857142857
E00070509,307,68,38,30,239,22,217,22.149837133550488,12.37785016286645,9.77198697068404,77.85016286644951,7.166123778501629,70.68403908794788
E00070510,255,61,27,34,194,11,183,23.92156862745098,10.588235294117647,13.333333333333334,76.07843137254902,4.313725490196078,71.76470588235294
E00070511,259,68,29,39,191,20,171,26.254826254826252,11.196911196911197,15.057915057915059,73.74517374517374,7.722007722007722,66.02316602316603
E00070512,289,54,22,32,235,14,221,18.685121107266436,7.612456747404845,11.072664359861593,81.31487889273356,4.844290657439446,76.47058823529412
E00070513,264,51,28,23,213,16,197,19.318181818181817,10.606060606060606,8.712121212121213,80.68181818181817,6.0606060606060606,74.62121212121212
E00070515,305,57,24,33,248,18,230,18.688524590163937,7.868852459016394,10.819672131147541,81.31147540983606,5.901639344262295,75.40983606557377
E00070516,254,49,11,38,205,17,188,19.291338582677163,4.330708661417323,14.960629921259844,80.70866141732283,6.692913385826772,74.01574803149606
E00070518,275,101,61,40,174,19,155,36.72727272727273,22.181818181818183,14.545454545454545,63.272727272727266,6.909090909090909,56.36363636363636
E00070519,309,89,38,51,220,17,203,28.802588996763756,12.297734627831716,16.50485436893204,71.19741100323624,5.501618122977346,65.69579288025889
E00070520,266,54,18,36,212,22,190,20.30075187969925,6.7669172932330826,13.533834586466165,79.69924812030075,8.270676691729323,71.42857142857143
E00070522,234,26,11,15,208,14,194,11.11111111111111,4.700854700854701,6.41025641025641,88.88888888888889,5.982905982905983,82.90598290598291
E00070523,289,54,26,28,235,16,219,18.685121107266436,8.996539792387544,9.688581314878892,81.31487889273356,5.536332179930796,75.77854671280276
E00070525,258,53,27,26,205,8,197,20.54263565891473,10.465116279069768,10.077519379844961,79.45736434108527,3.10077519379845,76.35658914728683
E00070526,279,46,18,28,233,9,224,16.48745519713262,6.451612903225806,10.03584229390681,83.51254480286738,3.225806451612903,80.28673835125448
E00070529,330,64,35,29,266,24,242,19.393939393939394,10.606060606060606,8.787878787878787,80.60606060606061,7.2727272727272725,73.33333333333333
E00070530,265,80,44,36,185,22,163,30.18867924528302,16.60377358490566,13.584905660377359,69.81132075471697,8.30188679245283,61.50943396226415
E00070532,317,78,41,37,239,23,216,24.605678233438486,12.933753943217665,11.67192429022082,75.39432176656152,7.255520504731862,68.13880126182966
E00070533,296,71,35,36,225,23,202,23.986486486486484,11.824324324324325,12.162162162162163,76.01351351351352,7.77027027027027,68.24324324324324
E00070536,269,61,30,31,208,18,190,22.676579925650557,11.152416356877323,11.524163568773234,77.32342007434944,6.691449814126393,70.63197026022306
E00070537,278,66,22,44,212,19,193,23.741007194244602,7.913669064748201,15.827338129496402,76.2589928057554,6.83453237410072,69.42446043165468
E00070538,226,50,23,27,176,9,167,22.123893805309734,10.176991150442479,11.946902654867257,77.87610619469027,3.982300884955752,73.89380530973452
E00070539,294,51,15,36,243,18,225,17.346938775510203,5.1020408163265305,12.244897959183673,82.6530612244898,6.122448979591836,76.53061224489795
E00070540,457,50,13,37,407,38,369,10.940919037199125,2.8446389496717726,8.096280087527353,89.05908096280088,8.315098468271334,80.74398249452955
E00070541,351,120,78,42,231,31,200,34.18803418803419,22.22222222222222,11.965811965811966,65.8119658119658,8.831908831908832,56.98005698005698
E00070542,419,57,21,36,362,20,342,13.60381861575179,5.011933174224343,8.591885441527445,86.39618138424821,4.77326968973747,81.62291169451073
E00070543,369,44,15,29,325,24,301,11.924119241192411,4.0650406504065035,7.8590785907859075,88.07588075880759,6.504065040650407,81.57181571815718
E00070544,350,31,10,21,319,48,271,8.857142857142856,2.857142857142857,6,91.14285714285715,13.714285714285715,77.42857142857143
E00070545,336,62,26,36,274,16,258,18.452380952380953,7.738095238095238,10.714285714285714,81.54761904761905,4.761904761904762,76.78571428571429
E00070546,190,48,17,31,142,12,130,25.263157894736842,8.947368421052632,16.315789473684212,74.73684210526315,6.315789473684211,68.42105263157895
E00070547,219,46,23,23,173,13,160,21.00456621004566,10.50228310502283,10.50228310502283,78.99543378995433,5.93607305936073,73.0593607305936
E00070548,269,48,20,28,221,18,203,17.843866171003718,7.434944237918216,10.408921933085502,82.15613382899627,6.691449814126393,75.46468401486989
E00070549,402,61,25,36,341,40,301,15.17412935323383,6.218905472636816,8.955223880597014,84.82587064676616,9.950248756218906,74.87562189054727
E00070550,265,48,19,29,217,16,201,18.11320754716981,7.169811320754717,10.943396226415095,81.88679245283019,6.037735849056604,75.84905660377359
E00070551,310,37,16,21,273,21,252,11.935483870967742,5.161290322580645,6.774193548387098,88.06451612903226,6.774193548387098,81.29032258064515
E00070552,205,54,22,32,151,9,142,26.34146341463415,10.731707317073171,15.609756097560975,73.65853658536585,4.390243902439024,69.26829268292683
E00070553,300,49,22,27,251,21,230,16.333333333333332,7.333333333333333,9,83.66666666666667,7.000000000000001,76.66666666666667
E00070554,319,31,12,19,288,21,267,9.717868338557993,3.761755485893417,5.956112852664576,90.28213166144201,6.583072100313479,83.69905956112854
E00070555,322,43,15,28,279,21,258,13.354037267080745,4.658385093167702,8.695652173913043,86.64596273291926,6.521739130434782,80.12422360248446
E00070556,395,46,9,37,349,29,320,11.645569620253164,2.278481012658228,9.367088607594937,88.35443037974684,7.341772151898734,81.0126582278481
E00070557,369,68,24,44,301,26,275,18.428184281842817,6.504065040650407,11.924119241192411,81.57181571815718,7.046070460704606,74.52574525745257
E00070558,189,44,22,22,145,11,134,23.28042328042328,11.64021164021164,11.64021164021164,76.71957671957672,5.82010582010582,70.8994708994709
E00070559,289,46,19,27,243,25,218,15.916955017301039,6.5743944636678195,9.342560553633218,84.08304498269896,8.650519031141869,75.4325259515571
E00070560,334,40,15,25,294,26,268,11.976047904191617,4.491017964071856,7.48502994011976,88.02395209580838,7.784431137724551,80.23952095808383
E00070561,242,44,27,17,198,14,184,18.181818181818183,11.15702479338843,7.024793388429752,81.81818181818183,5.785123966942149,76.03305785123968
E00070562,370,46,14,32,324,36,288,12.432432432432433,3.783783783783784,8.64864864864865,87.56756756756758,9.72972972972973,77.83783783783784
E00070563,297,55,22,33,242,15,227,18.51851851851852,7.4074074074074066,11.11111111111111,81.48148148148148,5.05050505050505,76.43097643097643
E00070564,322,37,10,27,285,25,260,11.490683229813664,3.1055900621118013,8.385093167701864,88.50931677018633,7.763975155279502,80.74534161490683
E00070565,347,44,15,29,303,18,285,12.680115273775217,4.322766570605188,8.357348703170029,87.31988472622479,5.187319884726225,82.13256484149855
E00070566,360,52,23,29,308,40,268,14.444444444444443,6.388888888888888,8.055555555555555,85.55555555555556,11.11111111111111,74.44444444444444
E00070567,322,44,20,24,278,29,249,13.664596273291925,6.211180124223603,7.453416149068323,86.33540372670807,9.006211180124224,77.32919254658384
E00070568,334,39,11,28,295,31,264,11.676646706586826,3.293413173652695,8.383233532934131,88.32335329341318,9.281437125748502,79.04191616766467
E00070569,341,42,14,28,299,29,270,12.316715542521994,4.105571847507331,8.211143695014663,87.68328445747801,8.504398826979472,79.17888563049853
E00070570,360,58,21,37,302,19,283,16.11111111111111,5.833333333333333,10.277777777777777,83.88888888888889,5.277777777777778,78.61111111111111
E00070571,341,45,24,21,296,17,279,13.196480938416421,7.038123167155426,6.158357771260997,86.80351906158357,4.9853372434017595,81.81818181818183
E00070572,192,47,22,25,145,9,136,24.479166666666664,11.458333333333332,13.020833333333334,75.52083333333334,4.6875,70.83333333333334
E00070573,278,68,32,36,210,9,201,24.46043165467626,11.510791366906476,12.949640287769784,75.53956834532374,3.237410071942446,72.3021582733813
E00070574,284,43,22,21,241,18,223,15.140845070422534,7.746478873239436,7.394366197183098,84.85915492957746,6.338028169014084,78.52112676056338
E00070575,302,46,14,32,256,35,221,15.2317880794702,4.635761589403973,10.596026490066226,84.76821192052981,11.589403973509933,73.17880794701986
E00070576,282,32,7,25,250,20,230,11.347517730496454,2.4822695035460995,8.865248226950355,88.65248226950354,7.092198581560284,81.56028368794325
E00070577,372,65,26,39,307,33,274,17.473118279569892,6.989247311827956,10.483870967741936,82.52688172043011,8.870967741935484,73.65591397849462
E00070578,345,51,20,31,294,25,269,14.782608695652174,5.797101449275362,8.985507246376812,85.21739130434783,7.246376811594203,77.97101449275362
E00070579,373,41,16,25,332,41,291,10.991957104557642,4.289544235924933,6.702412868632708,89.00804289544236,10.991957104557642,78.01608579088472
E00070580,238,43,19,24,195,12,183,18.067226890756302,7.9831932773109235,10.084033613445378,81.9327731092437,5.042016806722689,76.89075630252101
E00070581,297,48,18,30,249,26,223,16.161616161616163,6.0606060606060606,10.1010101010101,83.83838383838383,8.754208754208754,75.08417508417509
E00070582,290,62,21,41,228,20,208,21.379310344827587,7.241379310344828,14.13793103448276,78.62068965517241,6.896551724137931,71.72413793103448
E00070583,260,43,14,29,217,9,208,16.538461538461537,5.384615384615385,11.153846153846155,83.46153846153847,3.4615384615384617,80
E00070584,283,41,17,24,242,15,227,14.487632508833922,6.007067137809187,8.480565371024735,85.51236749116607,5.30035335689046,80.21201413427562
E00070585,515,53,17,36,462,23,439,10.29126213592233,3.300970873786408,6.990291262135923,89.70873786407768,4.466019417475728,85.24271844660194
E00070586,263,36,14,22,227,14,213,13.688212927756654,5.323193916349809,8.365019011406844,86.31178707224335,5.323193916349809,80.98859315589354
E00165699,258,61,27,34,197,16,181,23.643410852713178,10.465116279069768,13.178294573643413,76.35658914728683,6.2015503875969,70.15503875968993
E00173447,423,65,17,48,358,23,335,15.36643026004728,4.0189125295508275,11.347517730496454,84.63356973995272,5.4373522458628845,79.19621749408984
E00173449,200,37,21,16,163,6,157,18.5,10.5,8,81.5,3,78.5
E00173450,376,82,42,40,294,11,283,21.808510638297875,11.170212765957446,10.638297872340425,78.19148936170212,2.925531914893617,75.2659574468085
E00173451,336,66,27,39,270,19,251,19.642857142857142,8.035714285714286,11.607142857142858,80.35714285714286,5.654761904761905,74.70238095238095
E00173452,210,17,3,14,193,11,182,8.095238095238095,1.4285714285714286,6.666666666666667,91.9047619047619,5.238095238095238,86.66666666666667
E00173453,199,26,6,20,173,17,156,13.06532663316583,3.015075376884422,10.050251256281408,86.93467336683418,8.542713567839195,78.39195979899498
E00173454,271,35,15,20,236,23,213,12.915129151291513,5.535055350553505,7.380073800738007,87.08487084870849,8.487084870848708,78.59778597785979
E00173455,236,52,24,28,184,18,166,22.033898305084744,10.16949152542373,11.864406779661017,77.96610169491525,7.627118644067797,70.33898305084746
E00173456,273,60,30,30,213,10,203,21.978021978021978,10.989010989010989,10.989010989010989,78.02197802197803,3.6630036630036633,74.35897435897436
E00173457,332,54,24,30,278,24,254,16.265060240963855,7.228915662650602,9.036144578313253,83.73493975903614,7.228915662650602,76.50602409638554
E00173458,527,59,11,48,468,49,419,11.195445920303605,2.0872865275142316,9.108159392789373,88.8045540796964,9.297912713472485,79.5066413662239
E00173459,351,49,31,18,302,20,282,13.96011396011396,8.831908831908832,5.128205128205128,86.03988603988604,5.698005698005698,80.34188034188034
E00173460,388,54,22,32,334,16,318,13.917525773195877,5.670103092783505,8.24742268041237,86.08247422680412,4.123711340206185,81.95876288659794
E00173461,369,42,10,32,327,26,301,11.38211382113821,2.710027100271003,8.672086720867208,88.6178861788618,7.046070460704606,81.57181571815718
E00173462,260,19,6,13,241,17,224,7.307692307692308,2.307692307692308,5,92.6923076923077,6.538461538461539,86.15384615384616
E00173463,231,28,10,18,203,7,196,12.121212121212121,4.329004329004329,7.792207792207792,87.87878787878788,3.0303030303030303,84.84848484848484
E00173464,271,39,16,23,232,15,217,14.391143911439114,5.904059040590406,8.487084870848708,85.60885608856088,5.535055350553505,80.07380073800738
E00173465,203,51,20,31,152,10,142,25.12315270935961,9.852216748768473,15.270935960591133,74.8768472906404,4.926108374384237,69.95073891625616
E00173466,381,47,14,33,334,34,300,12.335958005249344,3.674540682414698,8.661417322834646,87.66404199475065,8.923884514435695,78.74015748031496
E00173468,269,61,37,24,208,4,204,22.676579925650557,13.754646840148698,8.921933085501859,77.32342007434944,1.486988847583643,75.8364312267658
E00173471,157,20,5,15,137,10,127,12.738853503184714,3.1847133757961785,9.554140127388536,87.26114649681529,6.369426751592357,80.89171974522293
E00173473,357,73,30,43,284,24,260,20.448179271708682,8.403361344537815,12.044817927170868,79.55182072829132,6.722689075630252,72.82913165266106
E00173474,208,37,7,30,171,27,144,17.78846153846154,3.3653846153846154,14.423076923076922,82.21153846153845,12.980769230769232,69.23076923076923
E00173476,252,27,7,20,225,20,205,10.714285714285714,2.7777777777777777,7.936507936507936,89.28571428571429,7.936507936507936,81.34920634920636
E00173477,275,37,7,30,238,22,216,13.454545454545455,2.5454545454545454,10.909090909090908,86.54545454545455,8,78.54545454545455
E00173478,210,25,15,10,185,16,169,11.904761904761903,7.142857142857142,4.761904761904762,88.09523809523809,7.6190476190476195,80.47619047619048
E00173479,281,104,60,44,177,15,162,37.01067615658363,21.352313167259787,15.658362989323843,62.989323843416365,5.338078291814947,57.65124555160143
E00173482,321,41,18,23,280,15,265,12.77258566978193,5.607476635514018,7.165109034267912,87.22741433021807,4.672897196261682,82.55451713395638
E00173484,144,27,10,17,117,15,102,18.75,6.944444444444445,11.805555555555555,81.25,10.416666666666668,70.83333333333334
E00173485,286,35,12,23,251,21,230,12.237762237762238,4.195804195804196,8.041958041958042,87.76223776223776,7.3426573426573425,80.41958041958041
E00173486,693,253,80,173,440,78,362,36.507936507936506,11.544011544011545,24.963924963924963,63.49206349206349,11.255411255411255,52.23665223665223
E00173487,195,24,5,19,171,15,156,12.307692307692308,2.564102564102564,9.7435897435897445,87.6923076923077,7.6923076923076925,80
E00173489,217,35,15,20,182,13,169,16.129032258064516,6.912442396313365,9.216589861751153,83.87096774193549,5.990783410138248,77.88018433179722
E00173490,246,31,11,20,215,17,198,12.601626016260163,4.471544715447155,8.130081300813007,87.39837398373984,6.910569105691057,80.48780487804879
E00173491,198,45,14,31,153,18,135,22.727272727272727,7.07070707070707,15.656565656565657,77.27272727272727,9.090909090909092,68.18181818181817
E00173492,483,51,10,41,432,24,408,10.559006211180124,2.070393374741201,8.488612836438923,89.44099378881988,4.968944099378882,84.472049689441
E00173494,1397,184,26,158,1213,93,1120,13.171080887616322,1.8611309949892625,11.309949892627058,86.82891911238369,6.657122405153901,80.17179670722979
E00173495,126,30,16,14,96,6,90,23.809523809523807,12.698412698412698,11.11111111111111,76.19047619047619,4.761904761904762,71.42857142857143
E00173496,448,59,32,27,389,22,367,13.169642857142858,7.142857142857142,6.026785714285714,86.83035714285714,4.910714285714286,81.91964285714286
E00173497,128,40,23,17,88,11,77,31.25,17.96875,13.28125,68.75,8.59375,60.15625
E00173498,274,27,7,20,247,26,221,9.854014598540147,2.5547445255474455,7.2992700729927,90.14598540145985,9.48905109489051,80.65693430656934
E00173499,114,12,3,9,102,5,97,10.526315789473683,2.631578947368421,7.894736842105263,89.47368421052632,4.385964912280701,85.08771929824562
E00173500,292,28,13,15,264,22,242,9.58904109589041,4.4520547945205475,5.136986301369863,90.41095890410958,7.534246575342466,82.87671232876713
E00173501,1375,200,51,149,1175,100,1075,14.545454545454545,3.709090909090909,10.836363636363638,85.45454545454545,7.2727272727272725,78.18181818181819
E00173503,289,36,15,21,253,22,231,12.45674740484429,5.190311418685121,7.26643598615917,87.5432525951557,7.612456747404845,79.93079584775087
E00173505,153,45,27,18,108,9,99,29.411764705882355,17.647058823529413,11.76470588235294,70.58823529411765,5.88235294117647,64.70588235294117
E00173506,460,45,5,40,415,30,385,9.782608695652174,1.0869565217391304,8.695652173913043,90.21739130434783,6.521739130434782,83.69565217391305
E00173507,172,25,12,13,147,17,130,14.534883720930234,6.976744186046512,7.55813953488372,85.46511627906976,9.883720930232558,75.5813953488372
E00173508,299,37,11,26,262,15,247,12.37458193979933,3.678929765886288,8.695652173913043,87.62541806020067,5.016722408026756,82.6086956521739
E00173509,155,18,6,12,137,18,119,11.612903225806452,3.870967741935484,7.741935483870968,88.38709677419355,11.612903225806452,76.77419354838709
E00173512,622,53,7,46,569,35,534,8.520900321543408,1.1254019292604502,7.395498392282958,91.47909967845659,5.627009646302251,85.85209003215434
E00173514,148,32,13,19,116,8,108,21.62162162162162,8.783783783783784,12.837837837837837,78.37837837837837,5.405405405405405,72.97297297297297
E00173515,903,108,36,72,795,38,757,11.960132890365449,3.9867109634551494,7.973421926910299,88.03986710963456,4.208194905869324,83.83167220376522
E00173516,383,25,6,19,358,23,335,6.527415143603134,1.5665796344647518,4.960835509138381,93.47258485639686,6.005221932114883,87.46736292428199
E00173517,173,35,16,19,138,12,126,20.23121387283237,9.248554913294797,10.982658959537572,79.76878612716763,6.9364161849710975,72.83236994219652
E00173520,345,32,4,28,313,18,295,9.27536231884058,1.1594202898550725,8.115942028985506,90.72463768115942,5.217391304347826,85.5072463768116
E00173521,440,57,9,48,383,58,325,12.954545454545455,2.0454545454545454,10.909090909090908,87.04545454545455,13.18181818181818,73.86363636363636
E00173522,194,21,3,18,173,15,158,10.824742268041238,1.5463917525773196,9.278350515463918,89.17525773195877,7.731958762886598,81.44329896907216
E00173523,219,37,11,26,182,7,175,16.894977168949772,5.0228310502283104,11.87214611872146,83.10502283105022,3.1963470319634704,79.90867579908677
E00173524,437,52,10,42,385,36,349,11.899313501144166,2.2883295194508007,9.610983981693364,88.10068649885584,8.237986270022883,79.86270022883295
E00173525,222,27,11,16,195,17,178,12.162162162162163,4.954954954954955,7.207207207207207,87.83783783783784,7.657657657657657,80.18018018018019
E00173528,235,26,5,21,209,17,192,11.063829787234042,2.127659574468085,8.936170212765958,88.93617021276596,7.234042553191489,81.70212765957446
E00173529,201,26,4,22,175,15,160,12.935323383084576,1.9900497512437811,10.945273631840797,87.06467661691542,7.462686567164178,79.60199004975125
E00173530,239,20,7,13,219,12,207,8.368200836820083,2.928870292887029,5.439330543933055,91.63179916317992,5.02092050209205,86.61087866108787
E00173531,168,16,3,13,152,11,141,9.523809523809524,1.7857142857142856,7.738095238095238,90.47619047619048,6.547619047619048,83.92857142857143
E00173532,209,11,3,8,198,24,174,5.263157894736842,1.4354066985645932,3.827751196172249,94.73684210526315,11.483253588516746,83.25358851674642
E00173534,391,87,32,55,304,10,294,22.25063938618926,8.184143222506394,14.066496163682865,77.74936061381074,2.557544757033248,75.1918158567775
E00173536,580,71,14,57,509,30,479,12.241379310344827,2.413793103448276,9.827586206896552,87.75862068965517,5.172413793103448,82.58620689655173
E00173537,162,21,4,17,141,8,133,12.962962962962962,2.4691358024691357,10.493827160493826,87.03703703703704,4.938271604938271,82.09876543209876
E00173538,253,27,4,23,226,25,201,10.67193675889328,1.5810276679841897,9.090909090909092,89.32806324110672,9.881422924901186,79.44664031620553
E00173539,1010,93,9,84,917,57,860,9.207920792079207,0.891089108910891,8.316831683168317,90.79207920792079,5.643564356435644,85.14851485148515
E00173542,293,29,13,16,264,29,235,9.897610921501707,4.436860068259386,5.460750853242321,90.10238907849829,9.897610921501707,80.2047781569966
E00173543,106,10,0,10,96,7,89,9.433962264150944,0,9.433962264150944,90.56603773584906,6.60377358490566,83.9622641509434
E00173544,430,72,13,59,358,35,323,16.74418604651163,3.0232558139534884,13.72093023255814,83.25581395348837,8.13953488372093,75.11627906976744
E00173546,182,18,0,18,164,12,152,9.89010989010989,0,9.89010989010989,90.10989010989012,6.593406593406594,83.51648351648352
E00173547,112,24,13,11,88,9,79,21.428571428571427,11.607142857142858,9.821428571428571,78.57142857142857,8.035714285714286,70.53571428571429
E00173549,536,58,13,45,478,37,441,10.820895522388058,2.425373134328358,8.395522388059701,89.17910447761194,6.902985074626866,82.27611940298507
E00173550,134,21,3,18,113,11,102,15.671641791044777,2.2388059701492535,13.432835820895523,84.32835820895522,8.208955223880597,76.11940298507463
E00173553,331,58,14,44,273,24,249,17.522658610271904,4.229607250755287,13.293051359516618,82.4773413897281,7.250755287009064,75.22658610271903
E00173554,211,38,12,26,173,25,148,18.009478672985782,5.687203791469194,12.322274881516588,81.99052132701422,11.848341232227488,70.14218009478674
E00173555,1724,250,47,203,1474,112,1362,14.501160092807424,2.726218097447796,11.77494199535963,85.49883990719258,6.496519721577726,79.00232018561485
E00173556,188,39,15,24,149,13,136,20.74468085106383,7.9787234042553195,12.76595744680851,79.25531914893617,6.914893617021277,72.3404255319149
E00173558,163,23,10,13,140,10,130,14.11042944785276,6.134969325153374,7.975460122699387,85.88957055214725,6.134969325153374,79.75460122699386
E00187511,1748,237,44,193,1511,139,1372,13.558352402745996,2.517162471395881,11.041189931350115,86.441647597254,7.951945080091533,78.48970251716247
E00187512,305,123,52,71,182,20,162,40.32786885245901,17.04918032786885,23.278688524590162,59.67213114754099,6.557377049180328,53.11475409836065
E00187513,328,38,8,30,290,21,269,11.585365853658537,2.4390243902439024,9.146341463414634,88.41463414634147,6.402439024390244,82.01219512195121
E00187514,562,92,29,63,470,43,427,16.370106761565836,5.160142348754448,11.209964412811388,83.62989323843416,7.6512455516014235,75.97864768683274
E00187515,236,126,74,52,110,11,99,53.38983050847458,31.35593220338983,22.033898305084744,46.61016949152542,4.661016949152542,41.94915254237288
E00187516,635,115,47,68,520,26,494,18.11023622047244,7.4015748031496065,10.708661417322835,81.88976377952756,4.094488188976378,77.79527559055119
E00187517,283,40,10,30,243,29,214,14.13427561837456,3.53356890459364,10.60070671378092,85.86572438162544,10.247349823321555,75.61837455830388
E00187518,1917,218,46,172,1699,127,1572,11.371935315597288,2.3995826812728223,8.972352634324466,88.6280646844027,6.624934793948878,82.00312989045383
E00187519,563,58,14,44,505,37,468,10.301953818827709,2.4866785079928952,7.8152753108348145,89.69804618117229,6.571936056838366,83.12611012433393
E00187520,792,113,28,85,679,48,631,14.267676767676768,3.535353535353535,10.732323232323232,85.73232323232324,6.0606060606060606,79.67171717171718
E00187521,363,38,8,30,325,19,306,10.46831955922865,2.203856749311295,8.264462809917356,89.53168044077135,5.234159779614325,84.29752066115702
E00187522,355,42,3,39,313,42,271,11.830985915492958,0.8450704225352111,10.985915492957748,88.16901408450704,11.830985915492958,76.33802816901408
E00187523,495,63,11,52,432,33,399,12.727272727272727,2.2222222222222223,10.505050505050505,87.27272727272727,6.666666666666667,80.60606060606061
E00187524,383,46,6,40,337,26,311,12.010443864229766,1.5665796344647518,10.443864229765012,87.98955613577023,6.7885117493472595,81.20104438642298
E00187525,416,35,7,28,381,18,363,8.413461538461538,1.6826923076923077,6.730769230769231,91.58653846153845,4.326923076923077,87.25961538461539
E00187526,601,44,13,31,557,30,527,7.321131447587355,2.1630615640599005,5.158069883527454,92.67886855241264,4.9916805324459235,87.68718801996673
E00187528,449,68,21,47,381,25,356,15.14476614699332,4.67706013363029,10.46770601336303,84.85523385300668,5.56792873051225,79.28730512249443
E00187530,217,29,9,20,188,19,169,13.36405529953917,4.147465437788019,9.216589861751153,86.63594470046083,8.755760368663594,77.88018433179722
E00187532,534,48,10,38,486,29,457,8.98876404494382,1.8726591760299627,7.116104868913857,91.01123595505618,5.430711610486892,85.58052434456928
E00187536,858,133,43,90,725,65,660,15.5011655011655,5.011655011655012,10.48951048951049,84.4988344988345,7.575757575757576,76.92307692307693
E00187539,337,34,7,27,303,27,276,10.089020771513352,2.0771513353115725,8.011869436201781,89.91097922848664,8.011869436201781,81.89910979228486
E00187540,488,39,18,21,449,23,426,7.991803278688526,3.6885245901639343,4.30327868852459,92.00819672131148,4.713114754098361,87.29508196721312
E00187541,330,33,7,26,297,28,269,10,2.1212121212121215,7.878787878787878,90,8.484848484848486,81.51515151515152
E00187542,613,45,6,39,568,44,524,7.3409461663947795,0.9787928221859705,6.36215334420881,92.65905383360521,7.177814029363784,85.48123980424144
E00187544,315,45,8,37,270,21,249,14.285714285714285,2.5396825396825395,11.746031746031745,85.71428571428571,6.666666666666667,79.04761904761905
E00187546,297,40,9,31,257,27,230,13.468013468013467,3.0303030303030303,10.437710437710438,86.53198653198653,9.090909090909092,77.44107744107744
E00187553,203,24,5,19,179,21,158,11.822660098522167,2.4630541871921183,9.35960591133005,88.17733990147784,10.344827586206897,77.83251231527095
E00187554,156,25,10,15,131,7,124,16.025641025641026,6.41025641025641,9.615384615384617,83.97435897435898,4.487179487179487,79.48717948717949
E00187555,378,42,7,35,336,32,304,11.11111111111111,1.8518518518518516,9.25925925925926,88.88888888888889,8.465608465608465,80.42328042328042
E00187556,111,11,1,10,100,14,86,9.90990990990991,0.9009009009009009,9.00900900900901,90.09009009009009,12.612612612612612,77.47747747747748
E00187558,499,49,8,41,450,23,427,9.819639278557114,1.6032064128256511,8.216432865731463,90.18036072144288,4.609218436873747,85.57114228456913
E00187559,367,47,13,34,320,30,290,12.806539509536785,3.5422343324250685,9.264305177111716,87.19346049046321,8.174386920980927,79.01907356948229
E00187560,493,68,15,53,425,43,382,13.793103448275861,3.0425963488843815,10.75050709939148,86.20689655172413,8.72210953346856,77.48478701825557
E00187564,336,21,6,15,315,36,279,6.25,1.7857142857142856,4.464285714285714,93.75,10.714285714285714,83.03571428571429
E00187566,170,47,23,24,123,10,113,27.647058823529413,13.529411764705882,14.117647058823529,72.35294117647058,5.88235294117647,66.47058823529412
E00187568,191,45,14,31,146,6,140,23.56020942408377,7.329842931937172,16.230366492146597,76.43979057591623,3.1413612565445024,73.29842931937172
E00187569,137,22,6,16,115,5,110,16.05839416058394,4.37956204379562,11.678832116788321,83.94160583941606,3.64963503649635,80.2919708029197
E00187570,194,31,13,18,163,3,160,15.979381443298967,6.701030927835052,9.278350515463918,84.02061855670104,1.5463917525773196,82.4742268041237
E00187572,626,49,8,41,577,44,533,7.827476038338658,1.2779552715654952,6.549520766773163,92.17252396166134,7.0287539936102235,85.14376996805112
E00187573,431,58,17,41,373,24,349,13.45707656612529,3.944315545243619,9.51276102088167,86.5429234338747,5.56844547563805,80.97447795823666
E00187575,266,27,11,16,239,18,221,10.150375939849624,4.135338345864661,6.015037593984962,89.84962406015038,6.7669172932330826,83.0827067669173
E00187577,106,32,16,16,74,9,65,30.18867924528302,15.09433962264151,15.09433962264151,69.81132075471697,8.49056603773585,61.32075471698113
E00187579,180,59,27,32,121,10,111,32.77777777777778,15,17.77777777777778,67.22222222222223,5.555555555555555,61.66666666666667
E00187580,451,126,65,61,325,15,310,27.93791574279379,14.412416851441243,13.52549889135255,72.06208425720621,3.325942350332594,68.73614190687361
E00187581,493,50,11,39,443,45,398,10.141987829614605,2.231237322515213,7.910750507099391,89.8580121703854,9.1277890466531435,80.73022312373224
E00187582,255,45,25,20,210,14,196,17.647058823529413,9.803921568627452,7.8431372549019605,82.35294117647058,5.490196078431373,76.86274509803923
E00187584,490,67,15,52,423,23,400,13.673469387755102,3.061224489795918,10.612244897959183,86.3265306122449,4.6938775510204085,81.63265306122449
E00187585,608,70,22,48,538,36,502,11.513157894736842,3.618421052631579,7.894736842105263,88.48684210526315,5.921052631578947,82.56578947368422
E00187587,270,25,14,11,245,24,221,9.25925925925926,5.185185185185185,4.074074074074074,90.74074074074075,8.88888888888889,81.85185185185185
E00187588,121,8,1,7,113,6,107,6.6115702479338845,0.8264462809917356,5.785123966942149,93.38842975206612,4.958677685950414,88.42975206611571
E00187591,623,47,13,34,576,43,533,7.54414125200642,2.086677367576244,5.457463884430177,92.45585874799357,6.902086677367576,85.553772070626
E00187592,461,73,34,39,388,29,359,15.835140997830802,7.37527114967462,8.459869848156181,84.1648590021692,6.29067245119306,77.87418655097615
E00187594,269,15,7,8,254,12,242,5.5762081784386615,2.6022304832713754,2.973977695167286,94.42379182156134,4.4609665427509295,89.96282527881041
E00187597,335,27,8,19,308,41,267,8.059701492537313,2.3880597014925375,5.6716417910447765,91.94029850746269,12.238805970149254,79.70149253731343
E00187598,893,115,12,103,778,42,736,12.877939529675253,1.3437849944008957,11.534154535274356,87.12206047032474,4.703247480403135,82.4188129899216
E00187599,528,68,15,53,460,36,424,12.878787878787879,2.840909090909091,10.037878787878787,87.12121212121212,6.8181818181818175,80.3030303030303
E00187602,386,51,31,20,335,11,324,13.21243523316062,8.031088082901555,5.181347150259067,86.78756476683938,2.849740932642487,83.93782383419689
E00187603,580,80,29,51,500,19,481,13.793103448275861,5,8.793103448275861,86.20689655172413,3.2758620689655173,82.93103448275862
