OA,ts0590001,ts0590002,ts0590003,ts0590004,ts0590005,ts0590006,ts0590007,ts0590002_PCT,ts0590003_PCT,ts0590004_PCT,ts0590005_PCT,ts0590006_PCT,ts0590007_PCT
E00121138,252,92,32,60,160,134,26,36.507936507936506,12.698412698412698,23.809523809523807,63.49206349206349,53.17460317460318,10.317460317460316
E00121139,293,75,24,51,218,176,42,25.597269624573375,8.19112627986348,17.4061433447099,74.40273037542661,60.068259385665534,14.334470989761092
E00121140,224,46,20,26,178,155,23,20.535714285714285,8.928571428571429,11.607142857142858,79.46428571428571,69.19642857142857,10.267857142857142
E00121141,242,64,25,39,178,143,35,26.446280991735538,10.330578512396695,16.115702479338843,73.55371900826447,59.09090909090909,14.46280991735537
E00121142,110,19,10,9,91,79,12,17.272727272727273,9.090909090909092,8.181818181818182,82.72727272727273,71.81818181818181,10.909090909090908
E00121143,197,54,17,37,143,125,18,27.411167512690355,8.629441624365482,18.781725888324875,72.58883248730965,63.45177664974619,9.137055837563452
E00121144,133,27,9,18,106,93,13,20.30075187969925,6.7669172932330826,13.533834586466165,79.69924812030075,69.92481203007519,9.774436090225564
E00121145,213,55,15,40,158,141,17,25.821596244131456,7.042253521126761,18.779342723004692,74.17840375586854,66.19718309859155,7.981220657276995
E00121146,201,59,25,34,142,124,18,29.35323383084577,12.437810945273633,16.91542288557214,70.64676616915423,61.69154228855721,8.955223880597014
E00121147,213,68,19,49,145,110,35,31.92488262910798,8.92018779342723,23.004694835680752,68.07511737089203,51.64319248826291,16.431924882629108
E00121148,188,60,21,39,128,108,20,31.914893617021278,11.170212765957446,20.74468085106383,68.08510638297872,57.446808510638306,10.638297872340425
E00121149,228,73,28,45,155,120,35,32.01754385964912,12.280701754385964,19.736842105263158,67.98245614035088,52.63157894736842,15.350877192982457
E00121150,266,57,23,34,209,179,30,21.428571428571427,8.646616541353383,12.781954887218044,78.57142857142857,67.29323308270678,11.278195488721805
E00121151,169,52,15,37,117,105,12,30.76923076923077,8.875739644970414,21.893491124260358,69.23076923076923,62.1301775147929,7.100591715976331
E00121152,219,57,15,42,162,138,24,26.027397260273972,6.8493150684931505,19.17808219178082,73.97260273972603,63.013698630136986,10.95890410958904
E00121153,286,78,25,53,208,179,29,27.27272727272727,8.741258741258742,18.53146853146853,72.72727272727273,62.58741258741259,10.13986013986014
E00121154,317,94,32,62,223,190,33,29.652996845425868,10.094637223974763,19.558359621451103,70.347003154574125,59.93690851735016,10.410094637223976
E00121155,190,48,9,39,142,126,16,25.263157894736842,4.736842105263158,20.526315789473685,74.73684210526315,66.3157894736842,8.421052631578947
E00121156,233,52,15,37,181,153,28,22.317596566523605,6.437768240343347,15.879828326180256,77.6824034334764,65.66523605150213,12.017167381974248
E00121157,180,41,16,25,139,115,24,22.77777777777778,8.88888888888889,13.88888888888889,77.22222222222223,63.888888888888886,13.333333333333334
E00121158,170,41,15,26,129,114,15,24.11764705882353,8.823529411764707,15.294117647058824,75.88235294117646,67.05882352941175,8.823529411764707
E00121159,199,44,15,29,155,133,22,22.110552763819097,7.537688442211055,14.572864321608039,77.88944723618091,66.83417085427136,11.055276381909549
E00121160,177,44,15,29,133,107,26,24.858757062146893,8.47457627118644,16.38418079096045,75.14124293785311,60.451977401129945,14.689265536723164
E00121161,213,48,15,33,165,136,29,22.535211267605636,7.042253521126761,15.492957746478872,77.46478873239437,63.84976525821596,13.615023474178404
E00121162,267,79,26,53,188,156,32,29.588014981273407,9.737827715355806,19.850187265917604,70.4119850187266,58.42696629213483,11.985018726591761
E00121163,202,50,20,30,152,130,22,24.752475247524753,9.900990099009901,14.85148514851485,75.24752475247524,64.35643564356435,10.891089108910892
E00121164,246,63,29,34,183,148,35,25.609756097560975,11.788617886178862,13.821138211382115,74.39024390243902,60.16260162601627,14.227642276422763
E00121166,301,71,18,53,230,195,35,23.588039867109632,5.980066445182724,17.60797342192691,76.41196013289037,64.78405315614619,11.627906976744185
E00121167,172,47,15,32,125,109,16,27.325581395348834,8.720930232558139,18.6046511627907,72.67441860465115,63.372093023255815,9.30232558139535
E00121168,203,44,13,31,159,137,22,21.67487684729064,6.403940886699508,15.270935960591133,78.32512315270937,67.48768472906403,10.83743842364532
E00121169,227,53,21,32,174,154,20,23.348017621145374,9.251101321585903,14.096916299559473,76.65198237885463,67.84140969162996,8.81057268722467
E00121172,343,90,24,66,253,222,31,26.239067055393583,6.997084548104956,19.24198250728863,73.76093294460642,64.72303206997084,9.037900874635568
E00121174,240,85,24,61,155,128,27,35.41666666666667,10,25.416666666666664,64.58333333333334,53.333333333333336,11.25
E00121175,191,45,13,32,146,123,23,23.56020942408377,6.806282722513089,16.75392670157068,76.43979057591623,64.3979057591623,12.041884816753926
E00121176,214,56,15,41,158,141,17,26.168224299065418,7.009345794392523,19.158878504672895,73.83177570093457,65.88785046728972,7.943925233644859
E00121177,156,37,11,26,119,104,15,23.717948717948715,7.051282051282051,16.666666666666664,76.28205128205127,66.66666666666666,9.615384615384617
E00121178,253,60,28,32,193,166,27,23.715415019762844,11.067193675889328,12.648221343873518,76.28458498023716,65.61264822134387,10.67193675889328
E00121180,102,20,9,11,82,73,9,19.607843137254903,8.823529411764707,10.784313725490197,80.3921568627451,71.56862745098039,8.823529411764707
E00121181,165,46,18,28,119,103,16,27.878787878787882,10.909090909090908,16.969696969696972,72.12121212121212,62.42424242424243,9.696969696969697
E00121182,182,52,15,37,130,117,13,28.57142857142857,8.241758241758241,20.32967032967033,71.42857142857143,64.28571428571429,7.142857142857142
E00121183,268,49,19,30,219,184,35,18.28358208955224,7.08955223880597,11.194029850746269,81.71641791044776,68.65671641791045,13.059701492537313
E00121185,121,39,13,26,82,69,13,32.231404958677686,10.743801652892563,21.487603305785125,67.76859504132231,57.02479338842975,10.743801652892563
E00121186,174,60,16,44,114,96,18,34.48275862068966,9.195402298850574,25.287356321839084,65.51724137931035,55.172413793103445,10.344827586206897
E00121187,198,66,24,42,132,122,10,33.33333333333333,12.121212121212121,21.21212121212121,66.66666666666666,61.61616161616161,5.05050505050505
E00121188,189,62,18,44,127,110,17,32.804232804232804,9.523809523809524,23.28042328042328,67.1957671957672,58.201058201058196,8.994708994708994
E00121189,124,42,13,29,82,74,8,33.87096774193548,10.483870967741936,23.387096774193548,66.12903225806451,59.67741935483871,6.451612903225806
E00121190,160,45,11,34,115,99,16,28.125,6.875000000000001,21.25,71.875,61.875,10
E00121191,155,46,13,33,109,96,13,29.677419354838708,8.38709677419355,21.29032258064516,70.3225806451613,61.935483870967744,8.38709677419355
E00121195,244,71,25,46,173,149,24,29.098360655737704,10.245901639344263,18.852459016393443,70.90163934426229,61.065573770491795,9.836065573770492
E00121196,200,59,16,43,141,126,15,29.5,8,21.5,70.5,63,7.5
E00121197,250,63,25,38,187,166,21,25.2,10,15.2,74.8,66.4,8.4
E00121198,166,48,16,32,118,99,19,28.915662650602407,9.63855421686747,19.27710843373494,71.08433734939759,59.63855421686747,11.44578313253012
E00121199,184,41,14,27,143,131,12,22.282608695652172,7.608695652173914,14.673913043478262,77.71739130434783,71.19565217391305,6.521739130434782
E00121200,177,35,10,25,142,123,19,19.774011299435028,5.649717514124294,14.124293785310735,80.22598870056498,69.49152542372882,10.734463276836157
E00121201,200,38,11,27,162,151,11,19,5.5,13.5,81,75.5,5.5
E00121202,143,48,19,29,95,86,9,33.56643356643357,13.286713286713287,20.27972027972028,66.43356643356644,60.13986013986013,6.293706293706294
E00121203,123,43,12,31,80,72,8,34.959349593495936,9.75609756097561,25.203252032520325,65.04065040650406,58.536585365853654,6.504065040650407
E00121204,156,55,17,38,101,94,7,35.256410256410255,10.897435897435898,24.358974358974358,64.74358974358975,60.256410256410255,4.487179487179487
E00121205,160,62,21,41,98,81,17,38.75,13.125,25.624999999999996,61.25000000000001,50.625,10.625
E00121207,175,66,20,46,109,95,14,37.714285714285715,11.428571428571429,26.285714285714285,62.28571428571429,54.285714285714285,8
E00121208,195,67,19,48,128,112,16,34.35897435897436,9.7435897435897445,24.615384615384617,65.64102564102564,57.43589743589743,8.205128205128204
E00121209,144,43,16,27,101,80,21,29.86111111111111,11.11111111111111,18.75,70.13888888888889,55.55555555555556,14.583333333333334
E00121210,172,58,20,38,114,98,16,33.72093023255814,11.627906976744185,22.093023255813954,66.27906976744185,56.97674418604651,9.30232558139535
E00121211,130,38,12,26,92,79,13,29.230769230769234,9.230769230769232,20,70.76923076923077,60.76923076923077,10
E00121212,208,48,15,33,160,136,24,23.076923076923077,7.211538461538461,15.865384615384615,76.92307692307693,65.38461538461539,11.538461538461538
E00121213,170,61,15,46,109,97,12,35.88235294117647,8.823529411764707,27.058823529411764,64.11764705882354,57.05882352941176,7.0588235294117645
E00121214,190,56,15,41,134,115,19,29.47368421052631,7.894736842105263,21.578947368421055,70.52631578947368,60.526315789473685,10
E00121215,166,42,14,28,124,105,19,25.301204819277107,8.433734939759036,16.867469879518072,74.69879518072288,63.25301204819277,11.44578313253012
E00121216,163,59,18,41,104,85,19,36.19631901840491,11.042944785276074,25.153374233128833,63.80368098159509,52.14723926380368,11.65644171779141
E00121217,228,64,27,37,164,137,27,28.07017543859649,11.842105263157894,16.228070175438596,71.9298245614035,60.08771929824561,11.842105263157894
E00121218,229,84,27,57,145,123,22,36.681222707423586,11.790393013100436,24.890829694323145,63.31877729257642,53.711790393013104,9.606986899563319
E00121219,189,76,29,47,113,103,10,40.21164021164021,15.343915343915343,24.867724867724867,59.78835978835979,54.4973544973545,5.291005291005291
E00121220,180,64,29,35,116,100,16,35.55555555555556,16.11111111111111,19.444444444444446,64.44444444444444,55.55555555555556,8.88888888888889
E00121221,173,48,21,27,125,105,20,27.74566473988439,12.138728323699421,15.606936416184972,72.25433526011561,60.69364161849711,11.560693641618498
E00121222,182,60,21,39,122,111,11,32.967032967032964,11.538461538461538,21.428571428571427,67.03296703296702,60.98901098901099,6.043956043956044
E00121223,204,54,22,32,150,131,19,26.47058823529412,10.784313725490197,15.686274509803921,73.52941176470588,64.2156862745098,9.313725490196079
E00121224,194,37,9,28,157,125,32,19.072164948453608,4.639175257731959,14.432989690721648,80.9278350515464,64.43298969072166,16.49484536082474
E00121225,155,34,15,19,121,99,22,21.935483870967744,9.67741935483871,12.258064516129032,78.06451612903226,63.87096774193548,14.193548387096774
E00121226,155,36,15,21,119,93,26,23.225806451612904,9.67741935483871,13.548387096774196,76.77419354838709,60,16.7741935483871
E00121228,179,41,15,26,138,111,27,22.905027932960895,8.379888268156424,14.52513966480447,77.09497206703911,62.01117318435754,15.083798882681565
E00121229,193,64,30,34,129,119,10,33.160621761658035,15.544041450777202,17.616580310880828,66.83937823834198,61.6580310880829,5.181347150259067
E00121230,170,60,16,44,110,94,16,35.294117647058826,9.411764705882353,25.882352941176475,64.70588235294117,55.294117647058826,9.411764705882353
E00121231,158,38,13,25,120,104,16,24.050632911392405,8.227848101265822,15.822784810126583,75.9493670886076,65.82278481012658,10.126582278481013
E00121232,179,56,21,35,123,104,19,31.28491620111732,11.731843575418994,19.553072625698324,68.71508379888269,58.10055865921788,10.614525139664805
E00121233,187,51,18,33,136,115,21,27.27272727272727,9.62566844919786,17.647058823529413,72.72727272727273,61.49732620320856,11.229946524064172
E00121234,174,43,11,32,131,113,18,24.71264367816092,6.321839080459771,18.39080459770115,75.28735632183908,64.9425287356322,10.344827586206897
E00121235,196,65,25,40,131,120,11,33.16326530612245,12.755102040816327,20.408163265306122,66.83673469387756,61.224489795918366,5.612244897959184
E00121236,174,55,14,41,119,99,20,31.60919540229885,8.045977011494253,23.563218390804597,68.39080459770115,56.896551724137936,11.494252873563218
E00121237,176,50,26,24,126,108,18,28.40909090909091,14.772727272727273,13.636363636363635,71.5909090909091,61.36363636363637,10.227272727272728
E00121238,127,31,10,21,96,85,11,24.409448818897637,7.874015748031496,16.535433070866144,75.59055118110236,66.92913385826772,8.661417322834646
E00121240,102,34,12,22,68,60,8,33.33333333333333,11.76470588235294,21.568627450980394,66.66666666666666,58.82352941176471,7.8431372549019605
E00121241,156,60,20,40,96,87,9,38.46153846153847,12.82051282051282,25.64102564102564,61.53846153846154,55.769230769230774,5.769230769230769
E00121242,183,50,12,38,133,125,8,27.322404371584703,6.557377049180328,20.76502732240437,72.6775956284153,68.30601092896174,4.371584699453552
E00121243,188,53,19,34,135,116,19,28.191489361702125,10.106382978723403,18.085106382978726,71.80851063829788,61.702127659574465,10.106382978723403
E00121244,171,50,13,37,121,98,23,29.239766081871345,7.602339181286549,21.637426900584796,70.76023391812866,57.30994152046783,13.450292397660817
E00121245,157,54,13,41,103,90,13,34.394904458598724,8.280254777070063,26.11464968152866,65.60509554140127,57.324840764331206,8.280254777070063
E00121247,122,44,14,30,78,70,8,36.0655737704918,11.475409836065573,24.59016393442623,63.934426229508205,57.377049180327866,6.557377049180328
E00121248,138,39,11,28,99,85,14,28.26086956521739,7.971014492753622,20.28985507246377,71.73913043478261,61.59420289855072,10.144927536231885
E00121249,134,54,21,33,80,65,15,40.298507462686565,15.671641791044777,24.62686567164179,59.70149253731343,48.507462686567166,11.194029850746269
E00121250,196,66,22,44,130,110,20,33.6734693877551,11.224489795918368,22.448979591836736,66.3265306122449,56.12244897959183,10.204081632653061
E00121251,162,35,14,21,127,108,19,21.604938271604937,8.641975308641975,12.962962962962962,78.39506172839506,66.66666666666666,11.728395061728394
E00121252,113,33,15,18,80,63,17,29.20353982300885,13.274336283185843,15.929203539823009,70.79646017699115,55.75221238938053,15.04424778761062
E00121253,244,62,24,38,182,151,31,25.40983606557377,9.836065573770492,15.573770491803279,74.59016393442623,61.885245901639344,12.704918032786885
E00121254,173,37,17,20,136,116,20,21.38728323699422,9.826589595375722,11.560693641618498,78.61271676300578,67.05202312138728,11.560693641618498
E00121255,181,36,12,24,145,125,20,19.88950276243094,6.629834254143646,13.259668508287293,80.11049723756905,69.06077348066299,11.049723756906078
E00121256,181,37,15,22,144,118,26,20.441988950276244,8.287292817679557,12.154696132596685,79.55801104972376,65.19337016574586,14.3646408839779
E00121257,170,35,15,20,135,104,31,20.588235294117645,8.823529411764707,11.76470588235294,79.41176470588235,61.1764705882353,18.235294117647058
E00121258,303,74,28,46,229,197,32,24.422442244224424,9.24092409240924,15.181518151815181,75.57755775577559,65.01650165016501,10.561056105610561
E00121259,181,35,22,13,146,121,25,19.337016574585636,12.154696132596685,7.18232044198895,80.66298342541437,66.85082872928176,13.812154696132598
E00121260,218,56,22,34,162,133,29,25.688073394495415,10.091743119266056,15.59633027522936,74.31192660550458,61.00917431192661,13.302752293577983
E00121261,248,62,20,42,186,159,27,25,8.064516129032258,16.93548387096774,75,64.11290322580645,10.887096774193548
E00121262,226,50,20,30,176,150,26,22.123893805309734,8.849557522123893,13.274336283185843,77.87610619469027,66.3716814159292,11.504424778761061
E00121263,163,44,11,33,119,103,16,26.993865030674847,6.748466257668712,20.245398773006134,73.00613496932516,63.190184049079754,9.815950920245399
E00121264,138,33,16,17,105,87,18,23.91304347826087,11.594202898550725,12.318840579710146,76.08695652173914,63.04347826086957,13.043478260869565
E00121265,172,50,14,36,122,103,19,29.069767441860467,8.13953488372093,20.930232558139537,70.93023255813954,59.883720930232556,11.046511627906977
E00121266,146,42,19,23,104,88,16,28.767123287671232,13.013698630136986,15.753424657534246,71.23287671232876,60.273972602739725,10.95890410958904
E00121267,182,53,18,35,129,107,22,29.120879120879124,9.89010989010989,19.230769230769234,70.87912087912088,58.791208791208796,12.087912087912088
E00121268,170,44,13,31,126,92,34,25.882352941176475,7.647058823529412,18.235294117647058,74.11764705882354,54.11764705882353,20
E00121269,168,48,18,30,120,97,23,28.57142857142857,10.714285714285714,17.857142857142858,71.42857142857143,57.738095238095234,13.690476190476192
E00121270,145,40,22,18,105,87,18,27.586206896551722,15.172413793103448,12.413793103448276,72.41379310344827,60,12.413793103448276
E00121271,234,63,29,34,171,139,32,26.923076923076923,12.393162393162394,14.529914529914532,73.07692307692307,59.401709401709404,13.675213675213676
E00121272,158,45,26,19,113,94,19,28.48101265822785,16.455696202531644,12.025316455696203,71.51898734177216,59.49367088607595,12.025316455696203
E00121274,195,68,24,44,127,106,21,34.87179487179487,12.307692307692308,22.564102564102566,65.12820512820512,54.35897435897436,10.76923076923077
E00121275,190,65,32,33,125,88,37,34.21052631578947,16.842105263157894,17.36842105263158,65.78947368421053,46.31578947368421,19.473684210526315
E00121276,205,62,24,38,143,116,27,30.24390243902439,11.707317073170733,18.536585365853657,69.7560975609756,56.58536585365853,13.170731707317074
E00121277,162,32,10,22,130,110,20,19.753086419753085,6.172839506172839,13.580246913580247,80.24691358024691,67.90123456790124,12.345679012345679
E00121278,177,50,21,29,127,106,21,28.24858757062147,11.864406779661017,16.38418079096045,71.75141242937853,59.887005649717516,11.864406779661017
E00121279,204,56,24,32,148,129,19,27.450980392156865,11.76470588235294,15.686274509803921,72.54901960784314,63.23529411764706,9.313725490196079
E00121280,84,24,5,19,60,54,6,28.57142857142857,5.952380952380952,22.61904761904762,71.42857142857143,64.28571428571429,7.142857142857142
E00121281,174,49,25,24,125,99,26,28.160919540229884,14.367816091954023,13.793103448275861,71.83908045977012,56.896551724137936,14.942528735632186
E00121282,131,42,13,29,89,72,17,32.06106870229007,9.923664122137405,22.137404580152673,67.93893129770993,54.961832061068705,12.977099236641221
E00121283,197,51,19,32,146,121,25,25.888324873096447,9.644670050761421,16.243654822335024,74.11167512690355,61.42131979695431,12.690355329949238
E00121284,168,53,26,27,115,94,21,31.547619047619047,15.476190476190476,16.071428571428573,68.45238095238095,55.952380952380956,12.5
E00121285,203,62,24,38,141,118,23,30.541871921182267,11.822660098522167,18.7192118226601,69.45812807881774,58.128078817733986,11.330049261083744
E00121286,162,46,15,31,116,101,15,28.39506172839506,9.25925925925926,19.1358024691358,71.60493827160494,62.34567901234568,9.25925925925926
E00121287,241,75,30,45,166,125,41,31.12033195020747,12.448132780082988,18.672199170124482,68.87966804979253,51.867219917012456,17.012448132780083
E00121288,153,55,17,38,98,77,21,35.947712418300654,11.11111111111111,24.836601307189543,64.05228758169935,50.326797385620914,13.725490196078432
E00121289,264,74,31,43,190,159,31,28.030303030303028,11.742424242424242,16.28787878787879,71.96969696969697,60.22727272727273,11.742424242424242
E00121290,162,42,14,28,120,95,25,25.925925925925924,8.641975308641975,17.28395061728395,74.07407407407408,58.64197530864198,15.432098765432098
E00121291,179,32,8,24,147,120,27,17.877094972067038,4.4692737430167595,13.40782122905028,82.12290502793296,67.0391061452514,15.083798882681565
E00121292,163,40,16,24,123,92,31,24.539877300613497,9.815950920245399,14.723926380368098,75.4601226993865,56.44171779141104,19.018404907975462
E00121293,181,48,16,32,133,105,28,26.519337016574585,8.83977900552486,17.67955801104972,73.48066298342542,58.011049723756905,15.469613259668508
E00121294,145,40,15,25,105,84,21,27.586206896551722,10.344827586206897,17.24137931034483,72.41379310344827,57.931034482758626,14.482758620689657
E00121295,245,90,37,53,155,132,23,36.734693877551024,15.10204081632653,21.63265306122449,63.26530612244898,53.87755102040816,9.387755102040817
E00121296,237,54,18,36,183,150,33,22.78481012658228,7.59493670886076,15.18987341772152,77.21518987341773,63.29113924050633,13.924050632911392
E00121298,140,44,22,22,96,80,16,31.428571428571427,15.714285714285714,15.714285714285714,68.57142857142857,57.14285714285714,11.428571428571429
E00121299,148,47,17,30,101,75,26,31.756756756756754,11.486486486486488,20.27027027027027,68.24324324324324,50.67567567567568,17.56756756756757
E00121300,154,46,19,27,108,79,29,29.87012987012987,12.337662337662337,17.532467532467532,70.12987012987013,51.298701298701296,18.83116883116883
E00121301,166,51,24,27,115,81,34,30.72289156626506,14.457831325301203,16.265060240963855,69.27710843373494,48.795180722891565,20.481927710843372
E00121302,179,53,16,37,126,102,24,29.608938547486037,8.938547486033519,20.670391061452513,70.39106145251397,56.98324022346368,13.40782122905028
E00121303,164,47,20,27,117,89,28,28.65853658536585,12.195121951219512,16.463414634146343,71.34146341463415,54.268292682926834,17.073170731707318
E00121304,192,62,24,38,130,95,35,32.29166666666667,12.5,19.791666666666664,67.70833333333334,49.47916666666667,18.229166666666664
E00121305,183,60,33,27,123,98,25,32.78688524590164,18.0327868852459,14.754098360655737,67.21311475409836,53.551912568306015,13.661202185792352
E00121306,168,44,17,27,124,103,21,26.190476190476193,10.119047619047619,16.071428571428573,73.80952380952381,61.30952380952381,12.5
E00121307,185,48,15,33,137,113,24,25.945945945945947,8.108108108108109,17.83783783783784,74.05405405405405,61.08108108108108,12.972972972972974
E00121308,155,36,15,21,119,86,33,23.225806451612904,9.67741935483871,13.548387096774196,76.77419354838709,55.483870967741936,21.29032258064516
E00121309,202,60,22,38,142,114,28,29.7029702970297,10.891089108910892,18.81188118811881,70.29702970297029,56.43564356435643,13.861386138613863
E00121310,188,57,28,29,131,97,34,30.319148936170215,14.893617021276595,15.425531914893616,69.68085106382979,51.59574468085106,18.085106382978726
E00121312,235,67,27,40,168,151,17,28.510638297872344,11.48936170212766,17.02127659574468,71.48936170212767,64.25531914893618,7.234042553191489
E00121313,183,55,20,35,128,114,14,30.05464480874317,10.92896174863388,19.12568306010929,69.94535519125684,62.295081967213115,7.650273224043716
E00121314,166,40,11,29,126,115,11,24.096385542168676,6.626506024096386,17.46987951807229,75.90361445783132,69.27710843373494,6.626506024096386
E00121315,173,51,15,36,122,96,26,29.47976878612717,8.670520231213873,20.809248554913296,70.52023121387283,55.49132947976878,15.028901734104046
E00121316,172,43,18,25,129,119,10,25,10.465116279069768,14.534883720930234,75,69.18604651162791,5.813953488372093
E00121317,140,46,19,27,94,79,15,32.857142857142854,13.571428571428571,19.28571428571429,67.14285714285714,56.42857142857143,10.714285714285714
E00121318,177,38,16,22,139,115,24,21.468926553672315,9.03954802259887,12.429378531073446,78.53107344632768,64.97175141242938,13.559322033898304
E00121319,167,47,12,35,120,105,15,28.143712574850298,7.18562874251497,20.958083832335326,71.8562874251497,62.874251497005986,8.982035928143713
E00121320,173,46,18,28,127,109,18,26.589595375722542,10.404624277456648,16.184971098265898,73.41040462427746,63.005780346820806,10.404624277456648
E00121321,135,38,13,25,97,81,16,28.14814814814815,9.62962962962963,18.51851851851852,71.85185185185186,60,11.851851851851853
E00121322,195,61,22,39,134,108,26,31.28205128205128,11.282051282051283,20,68.71794871794872,55.38461538461539,13.333333333333334
E00121323,169,54,27,27,115,102,13,31.952662721893493,15.976331360946746,15.976331360946746,68.04733727810651,60.35502958579882,7.6923076923076925
E00121324,245,65,17,48,180,154,26,26.53061224489796,6.938775510204081,19.591836734693878,73.46938775510205,62.857142857142854,10.612244897959183
E00121325,193,73,21,52,120,101,19,37.82383419689119,10.880829015544041,26.94300518134715,62.17616580310881,52.331606217616574,9.844559585492227
E00121326,149,44,15,29,105,87,18,29.53020134228188,10.06711409395973,19.463087248322147,70.46979865771812,58.38926174496645,12.080536912751679
E00121327,141,40,16,24,101,78,23,28.368794326241137,11.347517730496454,17.02127659574468,71.63120567375887,55.319148936170215,16.312056737588655
E00121328,138,41,16,25,97,79,18,29.71014492753623,11.594202898550725,18.115942028985508,70.28985507246377,57.2463768115942,13.043478260869565
E00121329,185,43,13,30,142,126,16,23.243243243243246,7.027027027027027,16.216216216216218,76.75675675675676,68.10810810810811,8.64864864864865
E00121330,175,59,17,42,116,100,16,33.714285714285715,9.714285714285714,24,66.28571428571428,57.14285714285714,9.142857142857142
E00121331,226,67,25,42,159,136,23,29.646017699115045,11.061946902654867,18.58407079646018,70.35398230088495,60.17699115044248,10.176991150442479
E00121332,211,56,18,38,155,142,13,26.540284360189574,8.530805687203792,18.009478672985782,73.45971563981043,67.29857819905213,6.161137440758294
E00121333,192,51,17,34,141,125,16,26.5625,8.854166666666668,17.708333333333336,73.4375,65.10416666666666,8.333333333333332
E00121334,185,47,16,31,138,123,15,25.405405405405407,8.64864864864865,16.756756756756758,74.5945945945946,66.48648648648648,8.108108108108109
E00121335,207,55,17,38,152,138,14,26.570048309178745,8.212560386473431,18.357487922705314,73.42995169082126,66.66666666666666,6.763285024154589
E00121336,152,36,17,19,116,95,21,23.684210526315788,11.18421052631579,12.5,76.31578947368422,62.5,13.815789473684212
E00121337,221,70,23,47,151,127,24,31.674208144796378,10.407239819004525,21.266968325791854,68.32579185520362,57.466063348416284,10.85972850678733
E00121338,143,47,15,32,96,84,12,32.86713286713287,10.48951048951049,22.377622377622377,67.13286713286713,58.74125874125874,8.391608391608392
E00121339,135,30,5,25,105,88,17,22.22222222222222,3.7037037037037033,18.51851851851852,77.77777777777779,65.18518518518519,12.592592592592592
E00121340,164,46,15,31,118,105,13,28.04878048780488,9.146341463414634,18.902439024390244,71.95121951219512,64.02439024390245,7.926829268292683
E00121341,68,21,6,15,47,42,5,30.88235294117647,8.823529411764707,22.058823529411764,69.11764705882352,61.76470588235294,7.352941176470589
E00121342,235,76,25,51,159,138,21,32.340425531914896,10.638297872340425,21.70212765957447,67.65957446808511,58.723404255319146,8.936170212765958
E00121343,184,47,12,35,137,110,27,25.543478260869566,6.521739130434782,19.021739130434785,74.45652173913044,59.78260869565217,14.673913043478262
E00121344,214,62,23,39,152,128,24,28.971962616822427,10.74766355140187,18.22429906542056,71.02803738317756,59.813084112149525,11.214953271028037
E00121345,145,47,15,32,98,84,14,32.41379310344827,10.344827586206897,22.06896551724138,67.58620689655173,57.931034482758626,9.655172413793103
E00121346,162,49,16,33,113,99,14,30.246913580246915,9.876543209876543,20.37037037037037,69.75308641975309,61.111111111111114,8.641975308641975
E00121347,227,70,21,49,157,123,34,30.837004405286343,9.251101321585903,21.58590308370044,69.16299559471366,54.18502202643172,14.977973568281937
E00121348,184,49,16,33,135,114,21,26.6304347826087,8.695652173913043,17.934782608695652,73.36956521739131,61.95652173913043,11.41304347826087
E00121349,172,24,12,12,148,131,17,13.953488372093023,6.976744186046512,6.976744186046512,86.04651162790698,76.16279069767442,9.883720930232558
E00121350,198,19,9,10,179,144,35,9.595959595959595,4.545454545454546,5.05050505050505,90.40404040404042,72.72727272727273,17.67676767676768
E00121351,211,27,7,20,184,169,15,12.796208530805686,3.3175355450236967,9.47867298578199,87.20379146919431,80.09478672985783,7.109004739336493
E00121352,198,44,27,17,154,130,24,22.22222222222222,13.636363636363635,8.585858585858585,77.77777777777779,65.65656565656566,12.121212121212121
E00121353,299,63,26,37,236,209,27,21.070234113712374,8.695652173913043,12.37458193979933,78.92976588628763,69.89966555183946,9.03010033444816
E00121354,232,65,21,44,167,148,19,28.01724137931034,9.051724137931034,18.96551724137931,71.98275862068965,63.793103448275865,8.189655172413794
E00121355,198,60,24,36,138,123,15,30.303030303030305,12.121212121212121,18.181818181818183,69.6969696969697,62.121212121212125,7.575757575757576
E00121356,221,81,24,57,140,127,13,36.65158371040724,10.85972850678733,25.791855203619914,63.348416289592755,57.466063348416284,5.88235294117647
E00121358,187,51,23,28,136,118,18,27.27272727272727,12.299465240641712,14.973262032085561,72.72727272727273,63.101604278074866,9.62566844919786
E00121359,246,82,33,49,164,150,14,33.33333333333333,13.414634146341465,19.91869918699187,66.66666666666666,60.97560975609756,5.691056910569105
E00121360,276,73,32,41,203,177,26,26.44927536231884,11.594202898550725,14.855072463768115,73.55072463768117,64.13043478260869,9.420289855072465
E00121361,215,48,19,29,167,157,10,22.325581395348838,8.837209302325581,13.488372093023257,77.67441860465117,73.0232558139535,4.651162790697675
E00121362,203,44,15,29,159,135,24,21.67487684729064,7.389162561576355,14.285714285714285,78.32512315270937,66.50246305418719,11.822660098522167
E00121363,231,75,26,49,156,148,8,32.467532467532465,11.255411255411255,21.21212121212121,67.53246753246754,64.06926406926407,3.463203463203463
E00121364,233,58,18,40,175,151,24,24.892703862660944,7.725321888412018,17.167381974248926,75.10729613733905,64.8068669527897,10.300429184549357
E00121365,320,106,36,70,214,193,21,33.125,11.25,21.875,66.875,60.3125,6.5625
E00121366,175,51,26,25,124,112,12,29.142857142857142,14.857142857142858,14.285714285714285,70.85714285714285,64,6.857142857142858
E00121367,226,65,23,42,161,144,17,28.761061946902654,10.176991150442479,18.58407079646018,71.23893805309734,63.716814159292035,7.52212389380531
E00121368,174,51,22,29,123,96,27,29.310344827586203,12.643678160919542,16.666666666666664,70.6896551724138,55.172413793103445,15.517241379310345
E00121369,169,50,17,33,119,103,16,29.585798816568047,10.059171597633137,19.526627218934912,70.41420118343196,60.946745562130175,9.467455621301776
E00121370,221,59,26,33,162,147,15,26.69683257918552,11.76470588235294,14.93212669683258,73.303167420814475,66.51583710407239,6.787330316742081
E00121371,290,76,36,40,214,197,17,26.20689655172414,12.413793103448276,13.793103448275861,73.79310344827587,67.93103448275862,5.862068965517241
E00121372,213,56,18,38,157,133,24,26.291079812206576,8.450704225352112,17.84037558685446,73.70892018779342,62.441314553990615,11.267605633802818
E00121373,165,46,18,28,119,105,14,27.878787878787882,10.909090909090908,16.969696969696972,72.12121212121212,63.63636363636363,8.484848484848486
E00121374,119,22,6,16,97,86,11,18.487394957983195,5.042016806722689,13.445378151260504,81.5126050420168,72.26890756302521,9.243697478991598
E00121375,130,36,12,24,94,79,15,27.692307692307693,9.230769230769232,18.461538461538463,72.3076923076923,60.76923076923077,11.538461538461538
E00121376,180,52,27,25,128,105,23,28.888888888888886,15,13.88888888888889,71.11111111111111,58.333333333333336,12.777777777777777
E00121377,148,46,13,33,102,85,17,31.08108108108108,8.783783783783784,22.2972972972973,68.91891891891892,57.432432432432435,11.486486486486488
E00121378,143,43,11,32,100,86,14,30.069930069930066,7.6923076923076925,22.377622377622377,69.93006993006993,60.13986013986013,9.79020979020979
E00121379,194,61,24,37,133,109,24,31.443298969072163,12.371134020618557,19.072164948453608,68.55670103092784,56.18556701030928,12.371134020618557
E00121380,158,52,19,33,106,93,13,32.91139240506329,12.025316455696203,20.88607594936709,67.08860759493672,58.86075949367089,8.227848101265822
E00121381,224,69,23,46,155,135,20,30.80357142857143,10.267857142857142,20.535714285714285,69.19642857142857,60.26785714285714,8.928571428571429
E00121382,126,31,11,20,95,83,12,24.6031746031746,8.73015873015873,15.873015873015872,75.39682539682539,65.87301587301587,9.523809523809524
E00121383,175,50,22,28,125,105,20,28.57142857142857,12.571428571428573,16,71.42857142857143,60,11.428571428571429
E00121384,278,67,20,47,211,178,33,24.100719424460433,7.1942446043165464,16.906474820143885,75.89928057553958,64.02877697841727,11.870503597122301
E00121385,161,34,12,22,127,111,16,21.11801242236025,7.453416149068323,13.664596273291925,78.88198757763976,68.94409937888199,9.937888198757763
E00121386,190,50,10,40,140,111,29,26.31578947368421,5.263157894736842,21.052631578947366,73.68421052631578,58.42105263157895,15.263157894736842
E00121387,120,40,14,26,80,61,19,33.33333333333333,11.666666666666666,21.666666666666668,66.66666666666666,50.83333333333333,15.833333333333332
E00121388,190,44,11,33,146,123,23,23.157894736842106,5.7894736842105265,17.36842105263158,76.84210526315789,64.73684210526316,12.105263157894736
E00121389,154,39,9,30,115,96,19,25.324675324675322,5.844155844155844,19.480519480519483,74.67532467532467,62.33766233766234,12.337662337662337
E00121390,136,41,12,29,95,80,15,30.14705882352941,8.823529411764707,21.323529411764707,69.85294117647058,58.82352941176471,11.029411764705882
E00121391,143,41,12,29,102,78,24,28.671328671328673,8.391608391608392,20.27972027972028,71.32867132867133,54.54545454545454,16.783216783216783
E00121392,107,36,14,22,71,64,7,33.64485981308411,13.084112149532709,20.5607476635514,66.35514018691589,59.813084112149525,6.5420560747663545
E00121393,128,32,10,22,96,84,12,25,7.8125,17.1875,75,65.625,9.375
E00121394,150,49,16,33,101,87,14,32.666666666666664,10.666666666666668,22,67.33333333333333,57.99999999999999,9.333333333333334
E00121395,246,66,20,46,180,146,34,26.82926829268293,8.130081300813007,18.69918699186992,73.17073170731707,59.34959349593496,13.821138211382115
E00169694,173,45,14,31,128,107,21,26.011560693641616,8.092485549132949,17.91907514450867,73.98843930635837,61.849710982658955,12.138728323699421
E00169695,202,51,14,37,151,137,14,25.247524752475247,6.9306930693069315,18.316831683168317,74.75247524752476,67.82178217821783,6.9306930693069315
E00169696,156,37,12,25,119,100,19,23.717948717948715,7.6923076923076925,16.025641025641026,76.28205128205127,64.1025641025641,12.179487179487179
E00169697,153,53,22,31,100,74,26,34.64052287581699,14.37908496732026,20.26143790849673,65.359477124183,48.366013071895424,16.99346405228758
E00169698,161,33,6,27,128,110,18,20.496894409937887,3.7267080745341614,16.77018633540373,79.5031055900621,68.32298136645963,11.180124223602485
E00169699,176,39,16,23,137,117,20,22.15909090909091,9.090909090909092,13.068181818181818,77.8409090909091,66.47727272727273,11.363636363636363
E00169700,112,23,8,15,89,76,13,20.535714285714285,7.142857142857142,13.392857142857142,79.46428571428571,67.85714285714286,11.607142857142858
E00169701,135,25,5,20,110,95,15,18.51851851851852,3.7037037037037033,14.814814814814813,81.48148148148148,70.37037037037037,11.11111111111111
E00169702,118,28,9,19,90,79,11,23.728813559322035,7.627118644067797,16.101694915254235,76.27118644067797,66.94915254237289,9.322033898305085
E00169703,118,26,8,18,92,81,11,22.033898305084744,6.779661016949152,15.254237288135593,77.96610169491525,68.64406779661016,9.322033898305085
E00169705,266,65,22,43,201,176,25,24.43609022556391,8.270676691729323,16.165413533834585,75.56390977443608,66.16541353383458,9.398496240601503
E00169706,165,21,10,11,144,127,17,12.727272727272727,6.0606060606060606,6.666666666666667,87.27272727272727,76.96969696969697,10.303030303030303
E00169707,146,25,11,14,121,102,19,17.123287671232877,7.534246575342466,9.58904109589041,82.87671232876713,69.86301369863014,13.013698630136986
E00169708,83,19,6,13,64,57,7,22.89156626506024,7.228915662650602,15.66265060240964,77.10843373493977,68.67469879518072,8.433734939759036
E00169709,281,79,31,48,202,172,30,28.11387900355872,11.032028469750891,17.08185053380783,71.88612099644128,61.20996441281139,10.676156583629894
E00169710,128,46,12,34,82,77,5,35.9375,9.375,26.5625,64.0625,60.15625,3.90625
E00169711,83,26,4,22,57,51,6,31.32530120481928,4.819277108433735,26.506024096385545,68.67469879518072,61.44578313253012,7.228915662650602
E00169713,118,40,15,25,78,70,8,33.89830508474576,12.711864406779661,21.1864406779661,66.10169491525424,59.32203389830508,6.779661016949152
E00169714,123,22,9,13,101,86,15,17.88617886178862,7.317073170731707,10.569105691056912,82.11382113821138,69.91869918699187,12.195121951219512
E00189322,220,64,23,41,156,136,20,29.09090909090909,10.454545454545453,18.636363636363637,70.9090909090909,61.81818181818181,9.090909090909092
E00189323,146,29,11,18,117,101,16,19.863013698630137,7.534246575342466,12.32876712328767,80.13698630136986,69.17808219178082,10.95890410958904
E00189328,202,39,14,25,163,141,22,19.306930693069308,6.9306930693069315,12.376237623762377,80.6930693069307,69.80198019801979,10.891089108910892
E00189329,118,34,16,18,84,76,8,28.8135593220339,13.559322033898304,15.254237288135593,71.1864406779661,64.40677966101694,6.779661016949152
E00189330,217,42,15,27,175,165,10,19.35483870967742,6.912442396313365,12.442396313364055,80.64516129032258,76.036866359447,4.6082949308755765
E00189339,190,23,7,16,167,146,21,12.105263157894736,3.684210526315789,8.421052631578947,87.89473684210526,76.84210526315789,11.052631578947368
E00189343,188,41,19,22,147,133,14,21.808510638297875,10.106382978723403,11.702127659574469,78.19148936170212,70.74468085106383,7.446808510638298
E00189349,185,27,11,16,158,131,27,14.594594594594595,5.9459459459459465,8.64864864864865,85.4054054054054,70.8108108108108,14.594594594594595
E00189351,188,35,11,24,153,129,24,18.617021276595743,5.851063829787234,12.76595744680851,81.38297872340425,68.61702127659575,12.76595744680851
E00189352,198,50,15,35,148,135,13,25.252525252525253,7.575757575757576,17.67676767676768,74.74747474747475,68.18181818181817,6.565656565656567
E00189356,207,62,20,42,145,138,7,29.951690821256037,9.66183574879227,20.28985507246377,70.04830917874396,66.66666666666666,3.3816425120772946
E00189357,209,31,18,13,178,157,21,14.832535885167463,8.61244019138756,6.220095693779904,85.16746411483254,75.11961722488039,10.047846889952153
E00189361,203,55,23,32,148,129,19,27.093596059113302,11.330049261083744,15.763546798029557,72.9064039408867,63.54679802955665,9.35960591133005
E00189362,150,33,13,20,117,99,18,22,8.666666666666668,13.333333333333334,78,66,12
E00189370,128,38,18,20,90,75,15,29.6875,14.0625,15.625,70.3125,58.59375,11.71875
E00189376,209,37,14,23,172,155,17,17.703349282296653,6.698564593301436,11.004784688995215,82.29665071770334,74.16267942583733,8.133971291866029
E00189380,203,43,8,35,160,125,35,21.182266009852217,3.9408866995073892,17.24137931034483,78.81773399014779,61.57635467980296,17.24137931034483
E00189382,197,48,17,31,149,130,19,24.36548223350254,8.629441624365482,15.736040609137056,75.63451776649747,65.98984771573603,9.644670050761421
E00189387,101,22,10,12,79,71,8,21.782178217821784,9.900990099009901,11.881188118811881,78.21782178217822,70.29702970297029,7.920792079207921
E00189397,170,41,12,29,129,114,15,24.11764705882353,7.0588235294117645,17.058823529411764,75.88235294117646,67.05882352941175,8.823529411764707
E00189398,171,50,11,39,121,103,18,29.239766081871345,6.432748538011696,22.807017543859647,70.76023391812866,60.23391812865497,10.526315789473683
E00189401,150,33,8,25,117,99,18,22,5.333333333333334,16.666666666666664,78,66,12
E00189402,201,33,13,20,168,141,27,16.417910447761194,6.467661691542288,9.950248756218906,83.5820895522388,70.1492537313433,13.432835820895523
E00189412,199,43,18,25,156,140,16,21.608040201005025,9.045226130653267,12.562814070351758,78.39195979899498,70.35175879396985,8.040201005025125
E00189417,148,40,16,24,108,97,11,27.027027027027028,10.81081081081081,16.216216216216218,72.97297297297297,65.54054054054053,7.4324324324324325
E00189418,151,19,5,14,132,111,21,12.582781456953644,3.3112582781456954,9.271523178807946,87.41721854304636,73.50993377483444,13.90728476821192
E00189429,164,54,13,41,110,98,12,32.926829268292686,7.926829268292683,25,67.07317073170732,59.756097560975604,7.317073170731707
E00189432,180,48,16,32,132,113,19,26.666666666666668,8.88888888888889,17.77777777777778,73.33333333333333,62.77777777777778,10.555555555555555
