OA,ts0380001,ts0380002,ts0380003,ts0380004,ts0380005,ts0380006,ts0380007,ts0380002_PCT,ts0380003_PCT,ts0380004_PCT,ts0380005_PCT,ts0380006_PCT,ts0380007_PCT
E00016972,188,19,6,13,169,16,153,10.106382978723403,3.1914893617021276,6.914893617021277,89.8936170212766,8.51063829787234,81.38297872340425
E00016973,240,22,10,12,218,22,196,9.166666666666666,4.166666666666666,5,90.83333333333333,9.166666666666666,81.66666666666667
E00016974,325,44,16,28,281,23,258,13.538461538461538,4.923076923076923,8.615384615384615,86.46153846153845,7.076923076923077,79.38461538461539
E00016975,213,27,8,19,186,17,169,12.676056338028168,3.755868544600939,8.92018779342723,87.32394366197182,7.981220657276995,79.34272300469483
E00016976,333,21,1,20,312,18,294,6.306306306306306,0.3003003003003003,6.006006006006006,93.69369369369369,5.405405405405405,88.28828828828829
E00016977,288,19,0,19,269,15,254,6.597222222222222,0,6.597222222222222,93.40277777777779,5.208333333333334,88.19444444444444
E00016978,295,26,8,18,269,29,240,8.813559322033898,2.711864406779661,6.101694915254238,91.18644067796609,9.830508474576272,81.35593220338984
E00016979,219,16,1,15,203,20,183,7.30593607305936,0.45662100456621,6.8493150684931505,92.69406392694064,9.1324200913242,83.56164383561644
E00016980,291,14,1,13,277,15,262,4.810996563573884,0.3436426116838488,4.4673539518900345,95.1890034364261,5.154639175257731,90.03436426116839
E00016981,342,18,5,13,324,13,311,5.263157894736842,1.461988304093567,3.8011695906432745,94.73684210526315,3.8011695906432745,90.93567251461988
E00016982,282,22,7,15,260,23,237,7.801418439716312,2.4822695035460995,5.319148936170213,92.19858156028369,8.156028368794328,84.04255319148936
E00016983,297,50,18,32,247,23,224,16.835016835016837,6.0606060606060606,10.774410774410773,83.16498316498317,7.744107744107744,75.42087542087542
E00016984,369,42,19,23,327,15,312,11.38211382113821,5.149051490514905,6.233062330623306,88.6178861788618,4.0650406504065035,84.5528455284553
E00016985,316,65,25,40,251,15,236,20.569620253164558,7.9113924050632916,12.658227848101266,79.43037974683544,4.746835443037975,74.68354430379746
E00016986,279,23,7,16,256,19,237,8.24372759856631,2.5089605734767026,5.734767025089606,91.75627240143369,6.810035842293908,84.94623655913979
E00016987,313,24,8,16,289,18,271,7.667731629392971,2.5559105431309903,5.111821086261981,92.33226837060703,5.7507987220447285,86.5814696485623
E00016988,355,34,9,25,321,20,301,9.577464788732394,2.535211267605634,7.042253521126761,90.4225352112676,5.633802816901409,84.78873239436619
E00016989,254,30,12,18,224,13,211,11.811023622047244,4.724409448818897,7.086614173228346,88.18897637795276,5.118110236220472,83.07086614173228
E00016990,212,44,19,25,168,13,155,20.754716981132077,8.962264150943396,11.79245283018868,79.24528301886792,6.132075471698113,73.11320754716981
E00016991,271,20,7,13,251,25,226,7.380073800738007,2.5830258302583027,4.797047970479705,92.619926199262,9.22509225092251,83.39483394833948
E00016992,298,43,15,28,255,14,241,14.429530201342283,5.033557046979865,9.395973154362416,85.57046979865773,4.697986577181208,80.87248322147651
E00016993,373,55,24,31,318,16,302,14.745308310991955,6.434316353887399,8.310991957104557,85.25469168900804,4.289544235924933,80.9651474530831
E00016994,296,30,12,18,266,29,237,10.135135135135135,4.054054054054054,6.081081081081082,89.86486486486487,9.797297297297296,80.06756756756756
E00016995,391,49,13,36,342,20,322,12.531969309462914,3.324808184143223,9.207161125319693,87.46803069053708,5.115089514066496,82.35294117647058
E00016996,267,42,20,22,225,7,218,15.730337078651685,7.490636704119851,8.239700374531834,84.26966292134831,2.6217228464419478,81.64794007490637
E00016997,358,24,6,18,334,37,297,6.70391061452514,1.675977653631285,5.027932960893855,93.29608938547486,10.335195530726256,82.9608938547486
E00016998,258,53,16,37,205,13,192,20.54263565891473,6.2015503875969,14.34108527131783,79.45736434108527,5.038759689922481,74.4186046511628
E00016999,327,43,22,21,284,18,266,13.149847094801222,6.727828746177369,6.422018348623854,86.85015290519877,5.5045871559633035,81.34556574923548
E00017000,278,31,10,21,247,24,223,11.151079136690647,3.5971223021582732,7.553956834532374,88.84892086330936,8.633093525179856,80.2158273381295
E00017001,361,27,6,21,334,33,301,7.479224376731302,1.662049861495845,5.8171745152354575,92.5207756232687,9.141274238227147,83.37950138504155
E00017002,325,49,10,39,276,16,260,15.076923076923077,3.076923076923077,12,84.92307692307692,4.923076923076923,80
E00017003,361,19,1,18,342,25,317,5.263157894736842,0.2770083102493075,4.986149584487535,94.73684210526315,6.9252077562326875,87.81163434903047
E00017004,315,34,12,22,281,18,263,10.793650793650794,3.8095238095238098,6.984126984126984,89.20634920634922,5.714285714285714,83.4920634920635
E00017005,316,32,12,20,284,20,264,10.126582278481013,3.79746835443038,6.329113924050633,89.87341772151899,6.329113924050633,83.54430379746836
E00017006,300,26,7,19,274,21,253,8.666666666666668,2.3333333333333335,6.333333333333334,91.33333333333333,7.000000000000001,84.33333333333334
E00017007,305,40,16,24,265,36,229,13.114754098360656,5.245901639344262,7.868852459016394,86.88524590163934,11.80327868852459,75.08196721311475
E00017008,349,42,16,26,307,27,280,12.034383954154727,4.584527220630372,7.4498567335243555,87.96561604584528,7.736389684813753,80.22922636103151
E00017009,317,38,15,23,279,25,254,11.987381703470032,4.73186119873817,7.255520504731862,88.01261829652996,7.886435331230284,80.12618296529969
E00017010,294,43,16,27,251,12,239,14.625850340136054,5.442176870748299,9.183673469387756,85.37414965986395,4.081632653061225,81.29251700680273
E00017011,374,52,23,29,322,24,298,13.903743315508022,6.149732620320856,7.754010695187167,86.09625668449198,6.417112299465241,79.67914438502673
E00017012,396,46,16,30,350,25,325,11.616161616161616,4.040404040404041,7.575757575757576,88.38383838383838,6.313131313131313,82.07070707070707
E00017013,366,49,17,32,317,25,292,13.387978142076504,4.644808743169399,8.743169398907105,86.6120218579235,6.830601092896176,79.78142076502732
E00017014,380,45,19,26,335,23,312,11.842105263157894,5,6.842105263157896,88.1578947368421,6.052631578947368,82.10526315789474
E00017015,392,43,19,24,349,24,325,10.96938775510204,4.846938775510204,6.122448979591836,89.03061224489795,6.122448979591836,82.90816326530613
E00017016,432,47,21,26,385,24,361,10.87962962962963,4.861111111111112,6.018518518518518,89.12037037037037,5.555555555555555,83.56481481481481
E00017017,389,70,30,40,319,28,291,17.994858611825194,7.712082262210797,10.282776349614396,82.0051413881748,7.197943444730077,74.80719794344472
E00017018,370,45,16,29,325,16,309,12.162162162162163,4.324324324324325,7.837837837837839,87.83783783783784,4.324324324324325,83.51351351351352
E00017019,235,22,7,15,213,18,195,9.361702127659575,2.9787234042553195,6.382978723404255,90.63829787234042,7.659574468085106,82.97872340425532
E00017020,336,68,23,45,268,34,234,20.238095238095237,6.845238095238096,13.392857142857142,79.76190476190477,10.119047619047619,69.64285714285714
E00017021,347,37,16,21,310,26,284,10.662824207492795,4.610951008645533,6.051873198847262,89.33717579250721,7.492795389048991,81.84438040345822
E00017022,329,45,16,29,284,21,263,13.677811550151976,4.86322188449848,8.814589665653495,86.32218844984803,6.382978723404255,79.93920972644378
E00017023,343,42,20,22,301,33,268,12.244897959183673,5.830903790087463,6.41399416909621,87.75510204081633,9.620991253644315,78.134110787172
E00017024,369,32,9,23,337,27,310,8.672086720867208,2.4390243902439024,6.233062330623306,91.32791327913279,7.317073170731707,84.01084010840108
E00017025,332,36,11,25,296,17,279,10.843373493975903,3.313253012048193,7.530120481927711,89.1566265060241,5.120481927710843,84.03614457831326
E00017026,259,27,7,20,232,9,223,10.424710424710424,2.7027027027027026,7.722007722007722,89.57528957528957,3.474903474903475,86.10038610038609
E00017027,380,37,15,22,343,28,315,9.736842105263158,3.9473684210526314,5.7894736842105265,90.26315789473685,7.368421052631578,82.89473684210526
E00017028,328,45,15,30,283,23,260,13.719512195121952,4.573170731707317,9.146341463414634,86.28048780487805,7.01219512195122,79.26829268292683
E00017029,402,60,21,39,342,28,314,14.925373134328357,5.223880597014925,9.701492537313433,85.07462686567165,6.965174129353234,78.1094527363184
E00017030,374,47,17,30,327,24,303,12.566844919786096,4.545454545454546,8.0213903743315509,87.43315508021391,6.417112299465241,81.01604278074866
E00017031,332,48,21,27,284,23,261,14.457831325301203,6.325301204819277,8.132530120481928,85.54216867469879,6.927710843373494,78.6144578313253
E00017032,316,27,11,16,289,26,263,8.544303797468354,3.481012658227848,5.063291139240507,91.45569620253164,8.227848101265822,83.22784810126582
E00017033,370,49,17,32,321,22,299,13.243243243243244,4.594594594594595,8.64864864864865,86.75675675675676,5.9459459459459465,80.8108108108108
E00017034,379,39,15,24,340,19,321,10.29023746701847,3.95778364116095,6.33245382585752,89.70976253298153,5.013192612137203,84.69656992084433
E00017035,295,56,22,34,239,20,219,18.983050847457626,7.457627118644068,11.525423728813559,81.01694915254237,6.779661016949152,74.23728813559322
E00017036,311,29,8,21,282,28,254,9.32475884244373,2.572347266881029,6.752411575562702,90.67524115755627,9.003215434083602,81.67202572347267
E00017037,423,34,13,21,389,20,369,8.037825059101655,3.0732860520094563,4.964539007092199,91.96217494089835,4.7281323877068555,87.2340425531915
E00017038,352,61,25,36,291,20,271,17.329545454545457,7.1022727272727275,10.227272727272728,82.67045454545455,5.681818181818182,76.98863636363636
E00017039,276,33,11,22,243,17,226,11.956521739130435,3.985507246376811,7.971014492753622,88.04347826086956,6.159420289855073,81.88405797101449
E00017040,306,45,19,26,261,22,239,14.705882352941178,6.209150326797386,8.49673202614379,85.29411764705883,7.18954248366013,78.10457516339869
E00017041,242,23,11,12,219,16,203,9.50413223140496,4.545454545454546,4.958677685950414,90.49586776859503,6.6115702479338845,83.88429752066115
E00017043,308,47,23,24,261,18,243,15.259740259740258,7.467532467532467,7.792207792207792,84.74025974025975,5.844155844155844,78.8961038961039
E00017044,303,39,15,24,264,15,249,12.871287128712872,4.9504950495049505,7.920792079207921,87.12871287128714,4.9504950495049505,82.17821782178217
E00017045,278,38,14,24,240,29,211,13.66906474820144,5.0359712230215825,8.633093525179856,86.33093525179856,10.431654676258994,75.89928057553958
E00017046,226,14,4,10,212,27,185,6.1946902654867255,1.7699115044247788,4.424778761061947,93.80530973451327,11.946902654867257,81.85840707964603
E00017047,439,69,30,39,370,22,348,15.717539863325742,6.83371298405467,8.88382687927107,84.28246013667426,5.0113895216400905,79.27107061503416
E00017048,362,39,16,23,323,13,310,10.773480662983426,4.41988950276243,6.353591160220995,89.22651933701657,3.591160220994475,85.6353591160221
E00017049,259,33,16,17,226,12,214,12.741312741312742,6.177606177606178,6.563706563706563,87.25868725868726,4.633204633204633,82.62548262548263
E00017050,265,19,6,13,246,14,232,7.169811320754717,2.2641509433962264,4.905660377358491,92.83018867924528,5.283018867924529,87.54716981132076
E00017051,533,61,19,42,472,36,436,11.44465290806754,3.564727954971857,7.879924953095685,88.55534709193246,6.75422138836773,81.80112570356472
E00017052,301,33,9,24,268,28,240,10.96345514950166,2.990033222591362,7.973421926910299,89.03654485049833,9.30232558139535,79.734219269103
E00017053,297,40,22,18,257,14,243,13.468013468013467,7.4074074074074066,6.0606060606060606,86.53198653198653,4.713804713804714,81.81818181818183
E00017054,252,29,11,18,223,15,208,11.507936507936508,4.365079365079365,7.142857142857142,88.4920634920635,5.952380952380952,82.53968253968253
E00017055,309,24,7,17,285,29,256,7.766990291262135,2.26537216828479,5.501618122977346,92.23300970873787,9.385113268608414,82.84789644012946
E00017056,348,44,8,36,304,23,281,12.643678160919542,2.2988505747126435,10.344827586206897,87.356321839080465,6.609195402298851,80.74712643678161
E00017057,241,43,24,19,198,13,185,17.842323651452283,9.95850622406639,7.883817427385892,82.15767634854771,5.394190871369295,76.76348547717843
E00017058,398,46,10,36,352,27,325,11.557788944723619,2.512562814070352,9.045226130653267,88.44221105527639,6.78391959798995,81.65829145728644
E00017059,344,42,14,28,302,18,284,12.209302325581394,4.069767441860465,8.13953488372093,87.79069767441861,5.232558139534884,82.55813953488372
E00017061,272,32,13,19,240,20,220,11.76470588235294,4.779411764705882,6.985294117647059,88.23529411764706,7.352941176470589,80.88235294117648
E00017062,311,71,55,16,240,20,220,22.829581993569132,17.684887459807076,5.144694533762058,77.17041800643086,6.430868167202572,70.7395498392283
E00017063,333,44,15,29,289,16,273,13.213213213213212,4.504504504504505,8.708708708708707,86.78678678678679,4.804804804804805,81.98198198198197
E00017064,362,43,20,23,319,16,303,11.878453038674033,5.524861878453039,6.353591160220995,88.12154696132598,4.41988950276243,83.70165745856355
E00017065,319,30,10,20,289,16,273,9.404388714733543,3.1347962382445136,6.269592476489027,90.59561128526646,5.015673981191222,85.57993730407524
E00017066,414,65,26,39,349,12,337,15.70048309178744,6.280193236714976,9.420289855072465,84.29951690821255,2.898550724637681,81.40096618357488
E00017067,272,26,7,19,246,15,231,9.558823529411764,2.5735294117647056,6.985294117647059,90.44117647058823,5.514705882352941,84.92647058823529
E00017068,444,39,17,22,405,23,382,8.783783783783784,3.8288288288288284,4.954954954954955,91.21621621621621,5.18018018018018,86.03603603603604
E00017069,335,45,24,21,290,18,272,13.432835820895523,7.164179104477612,6.26865671641791,86.56716417910447,5.3731343283582085,81.19402985074626
E00017070,379,49,26,23,330,21,309,12.928759894459102,6.860158311345646,6.068601583113456,87.0712401055409,5.540897097625329,81.53034300791556
E00017071,439,75,39,36,364,25,339,17.084282460136674,8.88382687927107,8.200455580865604,82.91571753986332,5.694760820045558,77.22095671981776
E00017072,594,74,37,37,520,41,479,12.457912457912458,6.228956228956229,6.228956228956229,87.54208754208754,6.902356902356903,80.63973063973064
E00017073,380,53,24,29,327,27,300,13.94736842105263,6.315789473684211,7.631578947368421,86.05263157894737,7.105263157894736,78.94736842105263
E00017074,379,70,31,39,309,20,289,18.46965699208443,8.179419525065963,10.29023746701847,81.53034300791556,5.277044854881266,76.2532981530343
E00017075,407,66,27,39,341,18,323,16.216216216216218,6.6339066339066335,9.582309582309582,83.78378378378379,4.422604422604422,79.36117936117935
E00017076,293,36,17,19,257,14,243,12.286689419795222,5.802047781569966,6.484641638225256,87.71331058020478,4.778156996587031,82.93515358361775
E00017077,227,38,15,23,189,11,178,16.740088105726873,6.607929515418502,10.13215859030837,83.25991189427313,4.845814977973569,78.41409691629956
E00017078,325,54,22,32,271,11,260,16.615384615384617,6.769230769230769,9.846153846153847,83.38461538461537,3.3846153846153846,80
E00017079,372,69,40,29,303,11,292,18.548387096774192,10.75268817204301,7.795698924731183,81.45161290322581,2.956989247311828,78.49462365591397
E00017080,335,38,15,23,297,12,285,11.343283582089553,4.477611940298507,6.865671641791045,88.65671641791046,3.582089552238806,85.07462686567165
E00017081,325,62,27,35,263,13,250,19.076923076923077,8.307692307692308,10.76923076923077,80.92307692307692,4,76.92307692307693
E00017082,510,67,29,38,443,20,423,13.137254901960786,5.686274509803922,7.450980392156863,86.86274509803921,3.9215686274509802,82.94117647058825
E00017083,325,51,22,29,274,10,264,15.692307692307692,6.769230769230769,8.923076923076923,84.3076923076923,3.076923076923077,81.23076923076923
E00017084,350,54,21,33,296,14,282,15.428571428571427,6,9.428571428571429,84.57142857142857,4,80.57142857142857
E00017085,443,35,18,17,408,20,388,7.900677200902935,4.063205417607223,3.837471783295711,92.09932279909707,4.514672686230249,87.58465011286681
E00017086,334,50,21,29,284,16,268,14.97005988023952,6.287425149700598,8.682634730538922,85.02994011976048,4.790419161676647,80.23952095808383
E00017087,390,66,28,38,324,16,308,16.923076923076923,7.179487179487179,9.7435897435897445,83.07692307692308,4.102564102564102,78.97435897435898
E00017088,312,40,19,21,272,12,260,12.82051282051282,6.089743589743589,6.730769230769231,87.17948717948718,3.8461538461538463,83.33333333333334
E00017089,488,73,45,28,415,21,394,14.959016393442623,9.221311475409836,5.737704918032787,85.04098360655738,4.30327868852459,80.73770491803278
E00017090,216,54,32,22,162,6,156,25,14.814814814814813,10.185185185185185,75,2.7777777777777777,72.22222222222221
E00017091,311,32,9,23,279,11,268,10.289389067524116,2.8938906752411575,7.395498392282958,89.71061093247589,3.536977491961415,86.17363344051448
E00017092,452,101,70,31,351,20,331,22.345132743362832,15.486725663716813,6.8584070796460175,77.65486725663717,4.424778761061947,73.23008849557522
E00017093,287,56,22,34,231,7,224,19.51219512195122,7.665505226480835,11.846689895470384,80.48780487804879,2.4390243902439024,78.04878048780488
E00017094,346,82,44,38,264,14,250,23.699421965317917,12.716763005780345,10.982658959537572,76.30057803468208,4.046242774566474,72.25433526011561
E00017095,378,54,26,28,324,14,310,14.285714285714285,6.878306878306878,7.4074074074074066,85.71428571428571,3.7037037037037033,82.01058201058201
E00017096,443,34,13,21,409,26,383,7.674943566591422,2.9345372460496613,4.740406320541761,92.32505643340858,5.8690744920993225,86.45598194130926
E00017097,338,48,21,27,290,13,277,14.201183431952662,6.21301775147929,7.988165680473373,85.79881656804734,3.8461538461538463,81.95266272189349
E00017098,387,52,16,36,335,27,308,13.436692506459949,4.1343669250646,9.30232558139535,86.56330749354005,6.976744186046512,79.58656330749353
E00017099,428,105,55,50,323,32,291,24.53271028037383,12.850467289719624,11.682242990654206,75.46728971962617,7.476635514018691,67.99065420560748
E00017100,243,68,35,33,175,10,165,27.983539094650205,14.40329218106996,13.580246913580247,72.0164609053498,4.11522633744856,67.90123456790124
E00017101,402,50,19,31,352,19,333,12.437810945273633,4.72636815920398,7.711442786069651,87.56218905472637,4.72636815920398,82.83582089552239
E00017102,407,28,8,20,379,30,349,6.87960687960688,1.9656019656019657,4.914004914004914,93.12039312039312,7.371007371007371,85.74938574938575
E00017103,346,33,9,24,313,32,281,9.53757225433526,2.601156069364162,6.9364161849710975,90.46242774566474,9.248554913294797,81.21387283236994
E00017104,296,19,5,14,277,24,253,6.418918918918918,1.6891891891891893,4.72972972972973,93.58108108108108,8.108108108108109,85.47297297297297
E00017105,244,29,6,23,215,11,204,11.885245901639344,2.459016393442623,9.426229508196721,88.11475409836066,4.508196721311475,83.60655737704919
E00017106,220,7,0,7,213,9,204,3.1818181818181817,0,3.1818181818181817,96.81818181818181,4.090909090909091,92.72727272727272
E00017107,325,43,22,21,282,12,270,13.230769230769232,6.769230769230769,6.461538461538462,86.76923076923076,3.6923076923076925,83.07692307692308
E00017108,308,24,9,15,284,34,250,7.792207792207792,2.922077922077922,4.870129870129871,92.20779220779221,11.03896103896104,81.16883116883116
E00017109,265,18,4,14,247,9,238,6.7924528301886795,1.509433962264151,5.283018867924529,93.20754716981132,3.3962264150943398,89.81132075471699
E00017110,216,21,8,13,195,19,176,9.722222222222223,3.7037037037037033,6.018518518518518,90.27777777777779,8.796296296296296,81.48148148148148
E00017111,355,27,4,23,328,24,304,7.605633802816901,1.1267605633802817,6.478873239436619,92.3943661971831,6.760563380281689,85.63380281690141
E00017112,348,19,2,17,329,30,299,5.459770114942529,0.5747126436781609,4.885057471264368,94.54022988505747,8.620689655172415,85.91954022988506
E00017113,284,12,1,11,272,24,248,4.225352112676056,0.35211267605633806,3.873239436619718,95.77464788732394,8.450704225352112,87.32394366197182
E00017114,257,21,4,17,236,12,224,8.171206225680933,1.556420233463035,6.614785992217899,91.82879377431907,4.669260700389105,87.15953307392996
E00017115,272,28,7,21,244,28,216,10.294117647058822,2.5735294117647056,7.720588235294118,89.70588235294117,10.294117647058822,79.41176470588235
E00017116,282,26,7,19,256,20,236,9.219858156028367,2.4822695035460995,6.73758865248227,90.78014184397163,7.092198581560284,83.68794326241135
E00017117,284,17,1,16,267,14,253,5.985915492957746,0.35211267605633806,5.633802816901409,94.01408450704226,4.929577464788732,89.08450704225352
E00017118,198,9,3,6,189,15,174,4.545454545454546,1.5151515151515151,3.0303030303030303,95.45454545454545,7.575757575757576,87.87878787878788
E00017119,315,30,6,24,285,26,259,9.523809523809524,1.9047619047619049,7.6190476190476195,90.47619047619048,8.253968253968253,82.22222222222221
E00017120,365,43,11,32,322,15,307,11.78082191780822,3.0136986301369864,8.767123287671232,88.21917808219179,4.10958904109589,84.10958904109589
E00017121,258,23,5,18,235,27,208,8.914728682170542,1.937984496124031,6.976744186046512,91.08527131782945,10.465116279069768,80.62015503875969
E00017122,228,19,8,11,209,16,193,8.333333333333332,3.508771929824561,4.824561403508771,91.66666666666666,7.017543859649122,84.64912280701753
E00017123,311,20,6,14,291,15,276,6.430868167202572,1.929260450160772,4.501607717041801,93.56913183279742,4.823151125401929,88.7459807073955
E00017124,348,24,5,19,324,25,299,6.896551724137931,1.4367816091954022,5.459770114942529,93.10344827586206,7.183908045977011,85.91954022988506
E00017125,285,16,0,16,269,15,254,5.614035087719298,0,5.614035087719298,94.38596491228071,5.263157894736842,89.12280701754386
E00017126,300,24,7,17,276,17,259,8,2.3333333333333335,5.666666666666666,92,5.666666666666666,86.33333333333333
E00017127,296,21,4,17,275,24,251,7.094594594594595,1.3513513513513513,5.743243243243244,92.9054054054054,8.108108108108109,84.7972972972973
E00017128,376,40,7,33,336,21,315,10.638297872340425,1.8617021276595744,8.77659574468085,89.36170212765957,5.585106382978723,83.77659574468085
E00017129,342,32,12,20,310,31,279,9.35672514619883,3.508771929824561,5.847953216374268,90.64327485380117,9.064327485380117,81.57894736842105
E00017130,256,25,5,20,231,13,218,9.765625,1.953125,7.8125,90.234375,5.078125,85.15625
E00017131,309,38,13,25,271,23,248,12.297734627831716,4.207119741100324,8.090614886731391,87.70226537216828,7.443365695792881,80.2588996763754
E00017132,350,37,13,24,313,26,287,10.571428571428571,3.7142857142857144,6.857142857142858,89.42857142857143,7.428571428571429,82
E00017133,343,45,19,26,298,20,278,13.119533527696792,5.539358600583091,7.580174927113703,86.88046647230321,5.830903790087463,81.04956268221575
E00017134,236,26,7,19,210,16,194,11.016949152542372,2.9661016949152543,8.050847457627118,88.98305084745762,6.779661016949152,82.20338983050848
E00017135,246,26,7,19,220,15,205,10.569105691056912,2.8455284552845526,7.723577235772358,89.43089430894308,6.097560975609756,83.33333333333334
E00017137,334,34,11,23,300,22,278,10.179640718562874,3.293413173652695,6.88622754491018,89.82035928143712,6.58682634730539,83.23353293413174
E00017138,342,51,27,24,291,19,272,14.912280701754385,7.894736842105263,7.017543859649122,85.08771929824562,5.555555555555555,79.53216374269006
E00017140,423,62,22,40,361,19,342,14.657210401891252,5.200945626477541,9.456264775413711,85.34278959810875,4.491725768321513,80.85106382978722
E00017141,320,34,12,22,286,26,260,10.625,3.75,6.875000000000001,89.375,8.125,81.25
E00017142,365,51,20,31,314,25,289,13.972602739726028,5.47945205479452,8.493150684931507,86.02739726027397,6.8493150684931505,79.17808219178082
E00017143,325,40,7,33,285,16,269,12.307692307692308,2.1538461538461537,10.153846153846153,87.6923076923077,4.923076923076923,82.76923076923077
E00017144,306,30,10,20,276,17,259,9.803921568627452,3.2679738562091507,6.535947712418301,90.19607843137256,5.555555555555555,84.640522875817
E00017145,318,37,16,21,281,9,272,11.635220125786164,5.031446540880504,6.60377358490566,88.36477987421384,2.8301886792452833,85.53459119496856
E00017146,419,43,15,28,376,12,364,10.26252983293556,3.579952267303103,6.682577565632458,89.73747016706443,2.863961813842482,86.87350835322196
E00017147,384,59,23,36,325,19,306,15.364583333333334,5.989583333333334,9.375,84.63541666666666,4.947916666666666,79.6875
E00017148,241,52,20,32,189,9,180,21.57676348547718,8.29875518672199,13.278008298755188,78.42323651452283,3.7344398340248963,74.68879668049793
E00017149,389,34,13,21,355,15,340,8.740359897172237,3.3419023136246784,5.3984575835475574,91.25964010282776,3.8560411311053984,87.40359897172236
E00017150,429,54,25,29,375,29,346,12.587412587412588,5.827505827505827,6.75990675990676,87.41258741258741,6.75990675990676,80.65268065268066
E00017151,261,38,15,23,223,13,210,14.559386973180077,5.747126436781609,8.812260536398467,85.44061302681992,4.980842911877394,80.45977011494253
E00017152,285,35,13,22,250,9,241,12.280701754385964,4.56140350877193,7.719298245614035,87.71929824561403,3.1578947368421053,84.56140350877193
E00017153,337,62,30,32,275,16,259,18.397626112759642,8.902077151335313,9.495548961424333,81.60237388724035,4.747774480712167,76.8545994065282
E00017157,290,41,22,19,249,11,238,14.13793103448276,7.586206896551724,6.551724137931035,85.86206896551725,3.793103448275862,82.06896551724138
E00017158,355,50,27,23,305,21,284,14.084507042253522,7.605633802816901,6.478873239436619,85.91549295774648,5.915492957746479,80
E00017159,363,48,19,29,315,13,302,13.223140495867769,5.234159779614325,7.988980716253444,86.77685950413223,3.581267217630854,83.19559228650138
E00017160,353,72,36,36,281,12,269,20.396600566572236,10.198300283286118,10.198300283286118,79.60339943342775,3.39943342776204,76.20396600566572
E00017161,278,39,17,22,239,17,222,14.028776978417264,6.115107913669065,7.913669064748201,85.97122302158273,6.115107913669065,79.85611510791367
E00017162,383,21,10,11,362,14,348,5.483028720626632,2.610966057441253,2.8720626631853787,94.51697127937337,3.6553524804177546,90.86161879895562
E00017163,343,44,19,25,299,28,271,12.82798833819242,5.539358600583091,7.288629737609329,87.17201166180757,8.16326530612245,79.00874635568513
E00017164,527,77,31,46,450,26,424,14.61100569259962,5.88235294117647,8.72865275142315,85.38899430740038,4.933586337760911,80.45540796963947
E00017165,480,57,21,36,423,28,395,11.875,4.375,7.5,88.125,5.833333333333333,82.29166666666666
E00017166,379,48,19,29,331,13,318,12.66490765171504,5.013192612137203,7.651715039577836,87.33509234828496,3.430079155672823,83.90501319261213
E00017167,369,48,16,32,321,21,300,13.008130081300814,4.336043360433604,8.672086720867208,86.99186991869918,5.691056910569105,81.30081300813008
E00017168,416,35,18,17,381,24,357,8.413461538461538,4.326923076923077,4.086538461538462,91.58653846153845,5.769230769230769,85.8173076923077
E00017169,325,47,20,27,278,13,265,14.461538461538462,6.153846153846154,8.307692307692308,85.53846153846155,4,81.53846153846153
E00017170,410,36,14,22,374,19,355,8.780487804878048,3.414634146341464,5.365853658536586,91.21951219512195,4.634146341463414,86.58536585365853
E00017171,479,46,22,24,433,22,411,9.603340292275574,4.592901878914405,5.010438413361169,90.39665970772442,4.592901878914405,85.80375782881002
E00017172,368,39,16,23,329,20,309,10.597826086956522,4.3478260869565215,6.25,89.40217391304348,5.434782608695652,83.96739130434783
E00017173,470,38,14,24,432,22,410,8.085106382978724,2.9787234042553195,5.106382978723404,91.91489361702128,4.680851063829787,87.2340425531915
E00017174,350,44,22,22,306,20,286,12.571428571428573,6.2857142857142865,6.2857142857142865,87.42857142857143,5.714285714285714,81.71428571428572
E00017175,300,34,18,16,266,22,244,11.333333333333332,6,5.333333333333334,88.66666666666667,7.333333333333333,81.33333333333333
E00017176,435,52,26,26,383,21,362,11.954022988505747,5.977011494252873,5.977011494252873,88.04597701149424,4.827586206896552,83.2183908045977
E00017177,393,46,15,31,347,13,334,11.704834605597965,3.816793893129771,7.888040712468193,88.29516539440203,3.307888040712468,84.98727735368958
E00017178,396,38,13,25,358,17,341,9.595959595959595,3.2828282828282833,6.313131313131313,90.40404040404042,4.292929292929292,86.11111111111111
E00017179,369,49,25,24,320,18,302,13.279132791327914,6.775067750677506,6.504065040650407,86.72086720867209,4.878048780487805,81.84281842818429
E00017180,348,41,15,26,307,12,295,11.781609195402298,4.310344827586207,7.471264367816093,88.2183908045977,3.4482758620689653,84.77011494252874
E00017181,336,30,11,19,306,22,284,8.928571428571429,3.273809523809524,5.654761904761905,91.07142857142857,6.547619047619048,84.52380952380952
E00017182,352,55,18,37,297,14,283,15.625,5.113636363636364,10.511363636363637,84.375,3.977272727272727,80.39772727272727
E00017183,470,61,23,38,409,36,373,12.978723404255318,4.8936170212765955,8.085106382978724,87.02127659574468,7.659574468085106,79.36170212765957
E00017184,359,39,14,25,320,27,293,10.86350974930362,3.8997214484679668,6.963788300835655,89.13649025069638,7.520891364902507,81.61559888579387
E00017185,369,42,17,25,327,27,300,11.38211382113821,4.607046070460704,6.775067750677506,88.6178861788618,7.317073170731707,81.30081300813008
E00017186,366,41,9,32,325,22,303,11.202185792349727,2.459016393442623,8.743169398907105,88.79781420765028,6.0109289617486334,82.78688524590164
E00017187,283,30,13,17,253,17,236,10.60070671378092,4.593639575971731,6.007067137809187,89.39929328621908,6.007067137809187,83.3922261484099
E00017188,282,37,14,23,245,21,224,13.120567375886525,4.964539007092199,8.156028368794328,86.87943262411348,7.446808510638298,79.43262411347519
E00017189,385,45,13,32,340,22,318,11.688311688311687,3.3766233766233764,8.311688311688311,88.31168831168831,5.714285714285714,82.5974025974026
E00017190,342,28,8,20,314,20,294,8.187134502923977,2.3391812865497075,5.847953216374268,91.81286549707602,5.847953216374268,85.96491228070175
E00017191,334,30,16,14,304,18,286,8.982035928143713,4.790419161676647,4.191616766467066,91.01796407185628,5.389221556886228,85.62874251497006
E00017192,255,23,9,14,232,19,213,9.019607843137255,3.5294117647058822,5.490196078431373,90.98039215686275,7.450980392156863,83.52941176470588
E00017193,414,56,28,28,358,18,340,13.526570048309178,6.763285024154589,6.763285024154589,86.47342995169082,4.3478260869565215,82.1256038647343
E00017194,329,41,15,26,288,14,274,12.462006079027356,4.5592705167173255,7.90273556231003,87.53799392097264,4.25531914893617,83.28267477203647
E00017195,331,24,11,13,307,18,289,7.250755287009064,3.3232628398791544,3.927492447129909,92.74924471299094,5.438066465256798,87.31117824773413
E00017196,217,20,8,12,197,10,187,9.216589861751153,3.686635944700461,5.529953917050691,90.78341013824884,4.6082949308755765,86.17511520737328
E00017197,246,34,19,15,212,23,189,13.821138211382115,7.723577235772358,6.097560975609756,86.1788617886179,9.34959349593496,76.82926829268293
E00017198,199,21,6,15,178,12,166,10.552763819095476,3.015075376884422,7.537688442211055,89.44723618090453,6.030150753768844,83.41708542713567
E00017199,308,34,12,22,274,21,253,11.03896103896104,3.896103896103896,7.142857142857142,88.96103896103897,6.8181818181818175,82.14285714285714
E00017200,237,30,11,19,207,11,196,12.658227848101266,4.641350210970464,8.016877637130802,87.34177215189874,4.641350210970464,82.70042194092827
E00017201,196,27,13,14,169,24,145,13.77551020408163,6.63265306122449,7.142857142857142,86.22448979591837,12.244897959183673,73.9795918367347
E00017202,235,23,4,19,212,17,195,9.787234042553191,1.702127659574468,8.085106382978724,90.2127659574468,7.234042553191489,82.97872340425532
E00017203,361,80,56,24,281,13,268,22.160664819944596,15.512465373961218,6.64819944598338,77.8393351800554,3.6011080332409975,74.23822714681441
E00017204,231,24,9,15,207,14,193,10.38961038961039,3.896103896103896,6.493506493506493,89.6103896103896,6.0606060606060606,83.54978354978356
E00017205,287,27,7,20,260,21,239,9.40766550522648,2.4390243902439024,6.968641114982578,90.59233449477352,7.317073170731707,83.27526132404182
E00017206,255,13,1,12,242,14,228,5.098039215686274,0.39215686274509803,4.705882352941177,94.90196078431372,5.490196078431373,89.41176470588236
E00017207,316,47,15,32,269,17,252,14.873417721518987,4.746835443037975,10.126582278481013,85.12658227848101,5.379746835443038,79.74683544303798
E00017208,226,42,13,29,184,14,170,18.58407079646018,5.752212389380531,12.831858407079647,81.41592920353983,6.1946902654867255,75.22123893805309
E00017209,282,22,12,10,260,25,235,7.801418439716312,4.25531914893617,3.546099290780142,92.19858156028369,8.865248226950355,83.33333333333334
E00017210,319,36,11,25,283,34,249,11.285266457680251,3.4482758620689653,7.836990595611286,88.71473354231975,10.658307210031348,78.0564263322884
E00017211,287,23,11,12,264,27,237,8.013937282229964,3.8327526132404177,4.181184668989547,91.98606271777004,9.40766550522648,82.57839721254355
E00017212,297,23,7,16,274,29,245,7.744107744107744,2.356902356902357,5.387205387205387,92.25589225589226,9.764309764309765,82.49158249158249
E00017213,213,25,9,16,188,9,179,11.737089201877934,4.225352112676056,7.511737089201878,88.26291079812206,4.225352112676056,84.03755868544602
E00017214,311,30,9,21,281,16,265,9.646302250803858,2.8938906752411575,6.752411575562702,90.35369774919614,5.144694533762058,85.20900321543408
E00017215,233,25,6,19,208,20,188,10.72961373390558,2.575107296137339,8.15450643776824,89.27038626609442,8.583690987124463,80.68669527896995
E00017216,207,16,4,12,191,21,170,7.729468599033816,1.932367149758454,5.797101449275362,92.27053140096618,10.144927536231885,82.1256038647343
E00017217,114,22,8,14,92,4,88,19.298245614035086,7.017543859649122,12.280701754385964,80.7017543859649,3.508771929824561,77.19298245614034
E00017218,292,25,9,16,267,22,245,8.561643835616438,3.0821917808219177,5.47945205479452,91.43835616438356,7.534246575342466,83.9041095890411
E00017219,209,15,3,12,194,11,183,7.177033492822966,1.4354066985645932,5.741626794258373,92.82296650717703,5.263157894736842,87.5598086124402
E00017220,283,31,7,24,252,8,244,10.954063604240282,2.4734982332155475,8.480565371024735,89.04593639575971,2.8268551236749118,86.21908127208481
E00017221,228,25,10,15,203,16,187,10.964912280701753,4.385964912280701,6.578947368421052,89.03508771929825,7.017543859649122,82.01754385964912
E00017222,259,20,9,11,239,14,225,7.722007722007722,3.474903474903475,4.247104247104247,92.27799227799228,5.405405405405405,86.87258687258688
E00017223,236,24,10,14,212,20,192,10.16949152542373,4.23728813559322,5.932203389830509,89.83050847457628,8.47457627118644,81.35593220338984
E00017224,276,29,7,22,247,15,232,10.507246376811594,2.536231884057971,7.971014492753622,89.4927536231884,5.434782608695652,84.05797101449275
E00017225,285,24,8,16,261,25,236,8.421052631578947,2.807017543859649,5.614035087719298,91.57894736842105,8.771929824561402,82.80701754385966
E00017226,224,18,7,11,206,8,198,8.035714285714286,3.125,4.910714285714286,91.96428571428571,3.571428571428571,88.39285714285714
E00017227,227,18,7,11,209,14,195,7.929515418502203,3.0837004405286343,4.845814977973569,92.07048458149781,6.167400881057269,85.90308370044053
E00017228,250,18,3,15,232,24,208,7.199999999999999,1.2,6,92.80000000000001,9.6,83.2
E00017229,240,22,3,19,218,27,191,9.166666666666666,1.25,7.916666666666666,90.83333333333333,11.25,79.58333333333333
E00017230,196,37,13,24,159,7,152,18.877551020408163,6.63265306122449,12.244897959183673,81.12244897959184,3.571428571428571,77.55102040816327
E00017231,299,17,0,17,282,19,263,5.68561872909699,0,5.68561872909699,94.31438127090301,6.354515050167224,87.95986622073578
E00017232,330,29,13,16,301,22,279,8.787878787878787,3.939393939393939,4.848484848484849,91.21212121212122,6.666666666666667,84.54545454545455
E00017233,367,38,18,20,329,28,301,10.354223433242508,4.904632152588556,5.449591280653951,89.64577656675749,7.629427792915531,82.01634877384197
E00017234,399,49,17,32,350,21,329,12.280701754385964,4.260651629072681,8.020050125313283,87.71929824561403,5.263157894736842,82.45614035087719
E00017235,209,47,18,29,162,10,152,22.48803827751196,8.61244019138756,13.875598086124402,77.51196172248804,4.784688995215311,72.72727272727273
E00017236,360,52,21,31,308,13,295,14.444444444444443,5.833333333333333,8.61111111111111,85.55555555555556,3.6111111111111107,81.94444444444444
E00017237,436,46,17,29,390,24,366,10.550458715596331,3.89908256880734,6.651376146788992,89.44954128440367,5.5045871559633035,83.94495412844036
E00017238,330,38,16,22,292,18,274,11.515151515151516,4.848484848484849,6.666666666666667,88.48484848484848,5.454545454545454,83.03030303030303
E00017239,321,29,13,16,292,22,270,9.034267912772584,4.049844236760125,4.984423676012461,90.96573208722741,6.853582554517133,84.11214953271028
E00017241,313,53,27,26,260,8,252,16.93290734824281,8.626198083067091,8.30670926517572,83.06709265175719,2.5559105431309903,80.5111821086262
E00017242,189,29,16,13,160,10,150,15.343915343915343,8.465608465608465,6.878306878306878,84.65608465608466,5.291005291005291,79.36507936507937
E00017243,392,53,25,28,339,20,319,13.520408163265307,6.377551020408164,7.142857142857142,86.4795918367347,5.1020408163265305,81.37755102040816
E00017244,331,76,36,40,255,14,241,22.9607250755287,10.876132930513595,12.084592145015106,77.0392749244713,4.229607250755287,72.80966767371602
E00017245,239,11,4,7,228,14,214,4.602510460251046,1.6736401673640167,2.928870292887029,95.39748953974896,5.857740585774058,89.5397489539749
E00017246,341,45,16,29,296,15,281,13.196480938416421,4.69208211143695,8.504398826979472,86.80351906158357,4.398826979472141,82.40469208211144
E00017247,211,22,6,16,189,14,175,10.42654028436019,2.843601895734597,7.5829383886255926,89.57345971563981,6.6350710900473935,82.93838862559242
E00017248,343,27,9,18,316,18,298,7.871720116618077,2.623906705539359,5.247813411078718,92.12827988338192,5.247813411078718,86.88046647230321
E00017249,329,51,25,26,278,8,270,15.501519756838904,7.598784194528875,7.90273556231003,84.49848024316108,2.43161094224924,82.06686930091185
E00017250,392,59,30,29,333,9,324,15.051020408163266,7.653061224489796,7.3979591836734695,84.94897959183673,2.295918367346939,82.6530612244898
E00017251,254,26,9,17,228,12,216,10.236220472440944,3.543307086614173,6.692913385826772,89.76377952755905,4.724409448818897,85.03937007874016
E00017252,343,20,11,9,323,16,307,5.830903790087463,3.206997084548105,2.623906705539359,94.16909620991254,4.664723032069971,89.50437317784257
E00017253,393,45,20,25,348,15,333,11.450381679389313,5.089058524173027,6.361323155216285,88.54961832061069,3.816793893129771,84.7328244274809
E00017254,374,51,30,21,323,22,301,13.636363636363635,8.0213903743315509,5.614973262032086,86.36363636363636,5.88235294117647,80.4812834224599
E00017255,545,72,32,40,473,19,454,13.211009174311927,5.871559633027523,7.339449541284404,86.78899082568807,3.486238532110092,83.30275229357798
E00017256,376,74,27,47,302,19,283,19.680851063829788,7.180851063829788,12.5,80.31914893617021,5.053191489361701,75.2659574468085
E00017257,369,53,24,29,316,27,289,14.363143631436316,6.504065040650407,7.8590785907859075,85.63685636856368,7.317073170731707,78.31978319783198
E00017258,334,52,21,31,282,17,265,15.568862275449103,6.287425149700598,9.281437125748502,84.4311377245509,5.089820359281437,79.34131736526946
E00017259,302,64,32,32,238,7,231,21.192052980132452,10.596026490066226,10.596026490066226,78.80794701986756,2.3178807947019866,76.49006622516556
E00017260,263,54,28,26,209,11,198,20.53231939163498,10.646387832699618,9.885931558935361,79.46768060836501,4.182509505703422,75.2851711026616
E00017261,429,52,20,32,377,19,358,12.121212121212121,4.662004662004662,7.459207459207459,87.87878787878788,4.428904428904429,83.44988344988346
E00017262,259,29,12,17,230,11,219,11.196911196911197,4.633204633204633,6.563706563706563,88.8030888030888,4.247104247104247,84.55598455598455
E00017263,400,53,25,28,347,21,326,13.25,6.25,7.000000000000001,86.75,5.25,81.5
E00017264,338,28,7,21,310,23,287,8.284023668639055,2.0710059171597637,6.21301775147929,91.71597633136095,6.8047337278106506,84.91124260355029
E00017265,370,37,17,20,333,16,317,10,4.594594594594595,5.405405405405405,90,4.324324324324325,85.67567567567568
E00017266,267,28,9,19,239,18,221,10.486891385767791,3.3707865168539324,7.116104868913857,89.51310861423221,6.741573033707865,82.77153558052434
E00017267,600,78,25,53,522,21,501,13,4.166666666666666,8.833333333333334,87,3.5000000000000004,83.5
E00017268,405,46,16,30,359,16,343,11.358024691358025,3.950617283950617,7.4074074074074066,88.64197530864197,3.950617283950617,84.69135802469135
E00017269,446,69,30,39,377,23,354,15.47085201793722,6.726457399103139,8.74439461883408,84.52914798206278,5.15695067264574,79.37219730941703
E00017270,435,58,23,35,377,19,358,13.333333333333334,5.287356321839081,8.045977011494253,86.66666666666667,4.3678160919540225,82.29885057471265
E00017271,187,34,20,14,153,11,142,18.181818181818183,10.695187165775401,7.4866310160427805,81.81818181818183,5.88235294117647,75.93582887700535
E00017272,463,48,23,25,415,26,389,10.367170626349893,4.967602591792657,5.399568034557236,89.6328293736501,5.615550755939525,84.01727861771057
E00017273,329,32,18,14,297,23,274,9.72644376899696,5.47112462006079,4.25531914893617,90.27355623100304,6.990881458966565,83.28267477203647
E00017274,401,54,18,36,347,16,331,13.466334164588527,4.488778054862843,8.977556109725686,86.53366583541147,3.99002493765586,82.54364089775561
E00017275,359,51,26,25,308,19,289,14.206128133704734,7.242339832869081,6.963788300835655,85.79387186629526,5.2924791086350975,80.50139275766016
E00017276,322,22,8,14,300,15,285,6.832298136645963,2.484472049689441,4.3478260869565215,93.16770186335404,4.658385093167702,88.50931677018633
E00017277,290,33,18,15,257,11,246,11.379310344827587,6.206896551724138,5.172413793103448,88.62068965517241,3.793103448275862,84.82758620689656
E00017278,478,56,22,34,422,22,400,11.715481171548117,4.602510460251046,7.112970711297072,88.28451882845188,4.602510460251046,83.68200836820083
E00017279,307,38,13,25,269,18,251,12.37785016286645,4.234527687296417,8.143322475570033,87.62214983713355,5.863192182410423,81.75895765472313
E00017280,485,81,34,47,404,17,387,16.70103092783505,7.010309278350515,9.690721649484537,83.29896907216495,3.5051546391752577,79.79381443298969
E00017281,236,16,3,13,220,12,208,6.779661016949152,1.2711864406779663,5.508474576271186,93.22033898305084,5.084745762711865,88.13559322033898
E00017282,333,51,28,23,282,21,261,15.315315315315313,8.408408408408409,6.906906906906906,84.68468468468468,6.306306306306306,78.37837837837837
E00017283,327,48,25,23,279,12,267,14.678899082568808,7.64525993883792,7.033639143730887,85.3211009174312,3.669724770642202,81.65137614678899
E00017284,329,36,7,29,293,16,277,10.94224924012158,2.127659574468085,8.814589665653495,89.05775075987842,4.86322188449848,84.19452887537993
E00017285,352,43,15,28,309,18,291,12.215909090909092,4.261363636363636,7.954545454545454,87.7840909090909,5.113636363636364,82.67045454545455
E00017286,324,49,17,32,275,13,262,15.123456790123457,5.246913580246913,9.876543209876543,84.87654320987654,4.012345679012346,80.8641975308642
E00017287,356,100,88,12,256,21,235,28.08988764044944,24.719101123595504,3.3707865168539324,71.91011235955057,5.8988764044943816,66.01123595505618
E00017288,324,38,17,21,286,13,273,11.728395061728394,5.246913580246913,6.481481481481481,88.27160493827161,4.012345679012346,84.25925925925925
E00017289,373,45,16,29,328,15,313,12.064343163538874,4.289544235924933,7.774798927613941,87.93565683646113,4.021447721179625,83.91420911528151
E00017290,391,49,22,27,342,17,325,12.531969309462914,5.626598465473146,6.905370843989769,87.46803069053708,4.3478260869565215,83.12020460358056
E00017291,378,45,24,21,333,22,311,11.904761904761903,6.349206349206349,5.555555555555555,88.09523809523809,5.82010582010582,82.27513227513228
E00017293,361,49,20,29,312,12,300,13.573407202216067,5.540166204986149,8.033240997229916,86.42659279778393,3.32409972299169,83.10249307479224
E00017294,370,29,13,16,341,17,324,7.837837837837839,3.5135135135135136,4.324324324324325,92.16216216216216,4.594594594594595,87.56756756756758
E00017295,357,40,14,26,317,18,299,11.204481792717088,3.9215686274509802,7.282913165266107,88.79551820728291,5.042016806722689,83.75350140056022
E00017296,375,45,12,33,330,16,314,12,3.2,8.799999999999999,88,4.266666666666667,83.73333333333333
E00017297,429,48,23,25,381,29,352,11.188811188811188,5.361305361305361,5.827505827505827,88.81118881118881,6.75990675990676,82.05128205128204
E00017298,341,46,29,17,295,21,274,13.48973607038123,8.504398826979472,4.9853372434017595,86.51026392961877,6.158357771260997,80.35190615835776
E00017299,352,47,17,30,305,24,281,13.352272727272727,4.829545454545454,8.522727272727272,86.64772727272727,6.8181818181818175,79.82954545454545
E00017300,315,47,21,26,268,12,256,14.920634920634921,6.666666666666667,8.253968253968253,85.07936507936508,3.8095238095238098,81.26984126984127
E00017301,319,37,13,24,282,24,258,11.598746081504702,4.075235109717868,7.523510971786834,88.40125391849529,7.523510971786834,80.87774294670847
E00017302,279,48,14,34,231,22,209,17.20430107526882,5.017921146953405,12.186379928315413,82.79569892473118,7.885304659498208,74.91039426523297
E00017303,283,47,12,35,236,19,217,16.607773851590103,4.240282685512367,12.36749116607774,83.3922261484099,6.713780918727916,76.67844522968198
E00017304,568,61,23,38,507,36,471,10.73943661971831,4.049295774647888,6.690140845070422,89.26056338028168,6.338028169014084,82.9225352112676
E00017305,344,32,10,22,312,18,294,9.30232558139535,2.9069767441860463,6.395348837209303,90.69767441860465,5.232558139534884,85.46511627906976
E00017306,361,46,19,27,315,18,297,12.742382271468145,5.263157894736842,7.479224376731302,87.25761772853186,4.986149584487535,82.27146814404432
E00017307,334,36,14,22,298,18,280,10.778443113772456,4.191616766467066,6.58682634730539,89.22155688622755,5.389221556886228,83.8323353293413
E00017308,382,54,21,33,328,22,306,14.136125654450263,5.49738219895288,8.638743455497382,85.86387434554975,5.7591623036649215,80.10471204188482
E00017309,288,34,9,25,254,18,236,11.805555555555555,3.125,8.680555555555555,88.19444444444444,6.25,81.94444444444444
E00017310,421,53,16,37,368,22,346,12.589073634204276,3.800475059382423,8.788598574821853,87.41092636579573,5.225653206650831,82.18527315914488
E00017311,366,43,16,27,323,19,304,11.748633879781421,4.371584699453552,7.377049180327869,88.25136612021858,5.191256830601093,83.06010928961749
E00017312,354,34,13,21,320,12,308,9.6045197740113,3.672316384180791,5.932203389830509,90.3954802259887,3.389830508474576,87.00564971751412
E00017313,318,51,19,32,267,17,250,16.037735849056602,5.9748427672955975,10.062893081761008,83.9622641509434,5.345911949685535,78.61635220125787
E00017314,236,32,9,23,204,18,186,13.559322033898304,3.8135593220338984,9.745762711864407,86.4406779661017,7.627118644067797,78.8135593220339
E00017315,410,34,11,23,376,16,360,8.292682926829269,2.682926829268293,5.609756097560976,91.70731707317074,3.902439024390244,87.8048780487805
E00017316,359,39,17,22,320,17,303,10.86350974930362,4.735376044568245,6.128133704735376,89.13649025069638,4.735376044568245,84.40111420612814
E00017317,348,71,27,44,277,20,257,20.402298850574713,7.758620689655173,12.643678160919542,79.59770114942529,5.747126436781609,73.85057471264368
E00017318,269,46,24,22,223,19,204,17.100371747211895,8.921933085501859,8.178438661710038,82.8996282527881,7.063197026022305,75.8364312267658
E00017319,308,27,10,17,281,33,248,8.766233766233766,3.2467532467532463,5.51948051948052,91.23376623376623,10.714285714285714,80.51948051948052
E00017320,401,60,36,24,341,15,326,14.962593516209477,8.977556109725686,5.985037406483791,85.03740648379052,3.7406483790523692,81.29675810473816
E00017321,288,30,15,15,258,22,236,10.416666666666668,5.208333333333334,5.208333333333334,89.58333333333334,7.638888888888889,81.94444444444444
E00017322,383,36,13,23,347,27,320,9.39947780678851,3.3942558746736298,6.005221932114883,90.60052219321149,7.049608355091384,83.5509138381201
E00017323,281,41,15,26,240,17,223,14.590747330960854,5.338078291814947,9.252669039145907,85.40925266903915,6.049822064056939,79.35943060498221
E00017324,292,38,13,25,254,7,247,13.013698630136986,4.4520547945205475,8.561643835616438,86.98630136986301,2.3972602739726026,84.58904109589042
E00017325,289,36,10,26,253,23,230,12.45674740484429,3.4602076124567476,8.996539792387544,87.5432525951557,7.958477508650519,79.58477508650519
E00017326,376,53,18,35,323,28,295,14.095744680851062,4.787234042553192,9.308510638297872,85.90425531914893,7.446808510638298,78.45744680851064
E00017327,314,49,18,31,265,21,244,15.605095541401273,5.7324840764331215,9.872611464968154,84.39490445859873,6.687898089171974,77.70700636942675
E00017328,289,31,6,25,258,31,227,10.726643598615917,2.0761245674740483,8.650519031141869,89.27335640138409,10.726643598615917,78.54671280276817
E00017329,318,38,15,23,280,30,250,11.949685534591195,4.716981132075472,7.232704402515723,88.0503144654088,9.433962264150944,78.61635220125787
E00017330,381,45,12,33,336,27,309,11.811023622047244,3.149606299212598,8.661417322834646,88.18897637795276,7.086614173228346,81.10236220472441
E00017331,364,34,9,25,330,29,301,9.340659340659341,2.4725274725274726,6.868131868131869,90.65934065934066,7.967032967032966,82.6923076923077
E00017332,352,37,13,24,315,21,294,10.511363636363637,3.6931818181818183,6.8181818181818175,89.48863636363636,5.965909090909091,83.52272727272727
E00017333,348,50,14,36,298,14,284,14.367816091954023,4.022988505747127,10.344827586206897,85.63218390804597,4.022988505747127,81.60919540229885
E00017334,365,43,16,27,322,19,303,11.78082191780822,4.383561643835616,7.397260273972603,88.21917808219179,5.205479452054795,83.01369863013699
E00017335,393,56,26,30,337,22,315,14.249363867684478,6.615776081424936,7.633587786259542,85.75063613231552,5.597964376590331,80.1526717557252
E00017336,309,29,8,21,280,17,263,9.385113268608414,2.5889967637540456,6.796116504854369,90.614886731391593,5.501618122977346,85.11326860841424
E00017337,340,40,16,24,300,17,283,11.76470588235294,4.705882352941177,7.0588235294117645,88.23529411764706,5,83.23529411764706
E00017338,338,32,13,19,306,23,283,9.467455621301776,3.8461538461538463,5.621301775147929,90.53254437869822,6.8047337278106506,83.72781065088756
E00017339,355,42,13,29,313,10,303,11.830985915492958,3.6619718309859155,8.169014084507042,88.16901408450704,2.8169014084507045,85.35211267605634
E00017340,340,22,8,14,318,11,307,6.470588235294119,2.3529411764705883,4.117647058823529,93.52941176470588,3.2352941176470593,90.29411764705883
E00017341,287,44,27,17,243,23,220,15.33101045296167,9.40766550522648,5.923344947735192,84.66898954703834,8.013937282229964,76.65505226480836
E00017342,350,42,14,28,308,20,288,12,4,8,88,5.714285714285714,82.28571428571428
E00017343,253,35,9,26,218,27,191,13.83399209486166,3.557312252964427,10.276679841897234,86.16600790513834,10.67193675889328,75.49407114624506
E00017344,273,22,5,17,251,14,237,8.058608058608058,1.8315018315018317,6.227106227106227,91.94139194139194,5.128205128205128,86.81318681318682
E00017345,391,41,7,34,350,17,333,10.485933503836318,1.7902813299232736,8.695652173913043,89.51406649616368,4.3478260869565215,85.16624040920716
E00017346,346,32,9,23,314,24,290,9.248554913294797,2.601156069364162,6.6473988439306355,90.7514450867052,6.9364161849710975,83.8150289017341
E00017347,325,30,8,22,295,35,260,9.230769230769232,2.4615384615384617,6.769230769230769,90.76923076923077,10.76923076923077,80
E00017348,341,54,18,36,287,28,259,15.835777126099707,5.278592375366569,10.557184750733137,84.1642228739003,8.211143695014663,75.95307917888563
E00017349,255,10,1,9,245,16,229,3.9215686274509802,0.39215686274509803,3.5294117647058822,96.07843137254902,6.2745098039215685,89.80392156862746
E00017350,314,38,14,24,276,17,259,12.101910828025478,4.45859872611465,7.643312101910828,87.89808917197452,5.414012738853503,82.48407643312102
E00017351,352,35,8,27,317,21,296,9.943181818181818,2.272727272727273,7.670454545454546,90.05681818181817,5.965909090909091,84.0909090909091
E00017352,386,39,17,22,347,16,331,10.103626943005182,4.404145077720207,5.699481865284974,89.89637305699482,4.145077720207254,85.75129533678756
E00017353,616,116,58,58,500,38,462,18.83116883116883,9.415584415584416,9.415584415584416,81.16883116883116,6.1688311688311686,75
E00017354,366,45,18,27,321,16,305,12.295081967213115,4.918032786885246,7.377049180327869,87.70491803278688,4.371584699453552,83.33333333333334
E00017355,504,81,40,41,423,16,407,16.071428571428573,7.936507936507936,8.134920634920634,83.92857142857143,3.1746031746031744,80.75396825396825
E00017356,363,41,21,20,322,23,299,11.294765840220386,5.785123966942149,5.5096418732782375,88.70523415977961,6.336088154269973,82.36914600550963
E00017358,361,49,25,24,312,21,291,13.573407202216067,6.9252077562326875,6.64819944598338,86.42659279778393,5.8171745152354575,80.60941828254848
E00017359,427,78,41,37,349,15,334,18.26697892271663,9.601873536299765,8.665105386416862,81.73302107728337,3.51288056206089,78.22014051522248
E00017360,395,57,33,24,338,20,318,14.430379746835442,8.354430379746836,6.075949367088607,85.56962025316456,5.063291139240507,80.50632911392405
E00017361,327,32,14,18,295,17,278,9.785932721712538,4.281345565749235,5.5045871559633035,90.21406727828746,5.198776758409786,85.01529051987767
E00017362,469,56,26,30,413,24,389,11.940298507462686,5.543710021321962,6.396588486140725,88.05970149253731,5.11727078891258,82.94243070362474
E00017363,335,33,10,23,302,9,293,9.850746268656717,2.9850746268656714,6.865671641791045,90.14925373134328,2.6865671641791042,87.46268656716418
E00017364,385,44,20,24,341,18,323,11.428571428571429,5.194805194805195,6.233766233766234,88.57142857142857,4.675324675324675,83.8961038961039
E00017365,367,62,25,37,305,14,291,16.893732970027248,6.811989100817439,10.08174386920981,83.10626702997274,3.8147138964577656,79.291553133515
E00017366,408,55,23,32,353,23,330,13.480392156862745,5.637254901960785,7.8431372549019605,86.51960784313727,5.637254901960785,80.88235294117648
E00017367,382,29,12,17,353,17,336,7.591623036649215,3.1413612565445024,4.450261780104712,92.40837696335078,4.450261780104712,87.95811518324608
E00017368,325,35,17,18,290,12,278,10.76923076923077,5.230769230769231,5.538461538461538,89.23076923076924,3.6923076923076925,85.53846153846155
E00017369,306,38,14,24,268,14,254,12.418300653594772,4.57516339869281,7.8431372549019605,87.58169934640523,4.57516339869281,83.00653594771242
E00017370,354,33,15,18,321,22,299,9.322033898305085,4.23728813559322,5.084745762711865,90.67796610169492,6.214689265536723,84.4632768361582
E00017371,291,36,19,17,255,10,245,12.371134020618557,6.529209621993128,5.841924398625429,87.62886597938144,3.436426116838488,84.19243986254295
E00017372,278,24,8,16,254,8,246,8.633093525179856,2.877697841726619,5.755395683453238,91.36690647482014,2.877697841726619,88.48920863309353
E00017373,351,46,22,24,305,12,293,13.105413105413104,6.267806267806268,6.837606837606838,86.8945868945869,3.418803418803419,83.47578347578347
E00017374,384,47,18,29,337,15,322,12.239583333333332,4.6875,7.552083333333333,87.76041666666666,3.90625,83.85416666666666
E00017375,331,38,16,22,293,19,274,11.48036253776435,4.833836858006042,6.646525679758309,88.51963746223565,5.740181268882175,82.77945619335347
E00017376,284,48,25,23,236,10,226,16.901408450704224,8.80281690140845,8.098591549295776,83.09859154929578,3.5211267605633805,79.5774647887324
E00017377,432,54,24,30,378,18,360,12.5,5.555555555555555,6.944444444444445,87.5,4.166666666666666,83.33333333333334
E00017378,323,43,22,21,280,15,265,13.312693498452013,6.811145510835913,6.5015479876160995,86.687306501548,4.643962848297214,82.04334365325077
E00017379,402,49,15,34,353,22,331,12.189054726368159,3.731343283582089,8.45771144278607,87.81094527363184,5.472636815920398,82.33830845771143
E00017380,402,51,26,25,351,17,334,12.686567164179104,6.467661691542288,6.218905472636816,87.31343283582089,4.228855721393035,83.08457711442786
E00017381,345,37,13,24,308,16,292,10.72463768115942,3.768115942028986,6.956521739130435,89.27536231884058,4.63768115942029,84.63768115942028
E00017382,366,47,15,32,319,19,300,12.841530054644808,4.098360655737705,8.743169398907105,87.1584699453552,5.191256830601093,81.9672131147541
E00017383,337,44,23,21,293,23,270,13.056379821958458,6.824925816023739,6.231454005934718,86.94362017804154,6.824925816023739,80.1186943620178
E00017384,345,62,28,34,283,11,272,17.971014492753625,8.115942028985506,9.855072463768117,82.02898550724638,3.1884057971014492,78.84057971014494
E00017385,428,69,33,36,359,25,334,16.121495327102803,7.710280373831775,8.411214953271028,83.8785046728972,5.841121495327103,78.03738317757009
E00017386,333,42,13,29,291,16,275,12.612612612612612,3.903903903903904,8.708708708708707,87.38738738738738,4.804804804804805,82.58258258258259
E00017387,262,56,22,34,206,17,189,21.374045801526716,8.396946564885496,12.977099236641221,78.62595419847328,6.488549618320611,72.13740458015268
E00017388,424,58,23,35,366,23,343,13.679245283018867,5.4245283018867925,8.254716981132075,86.32075471698113,5.4245283018867925,80.89622641509435
E00017389,340,52,25,27,288,25,263,15.294117647058824,7.352941176470589,7.941176470588235,84.70588235294117,7.352941176470589,77.3529411764706
E00017390,353,62,31,31,291,22,269,17.56373937677054,8.78186968838527,8.78186968838527,82.43626062322946,6.232294617563739,76.20396600566572
E00017391,391,68,31,37,323,17,306,17.391304347826086,7.928388746803069,9.462915601023019,82.6086956521739,4.3478260869565215,78.26086956521739
E00017392,314,52,21,31,262,16,246,16.560509554140125,6.687898089171974,9.872611464968154,83.43949044585987,5.095541401273886,78.343949044586
E00017393,293,32,11,21,261,23,238,10.921501706484642,3.754266211604096,7.167235494880546,89.07849829351537,7.849829351535837,81.22866894197952
E00017394,260,29,8,21,231,4,227,11.153846153846155,3.076923076923077,8.076923076923077,88.84615384615384,1.5384615384615385,87.3076923076923
E00017395,325,49,20,29,276,17,259,15.076923076923077,6.153846153846154,8.923076923076923,84.92307692307692,5.230769230769231,79.6923076923077
E00017396,327,63,38,25,264,9,255,19.26605504587156,11.62079510703364,7.64525993883792,80.73394495412845,2.7522935779816518,77.98165137614679
E00017397,386,61,23,38,325,16,309,15.803108808290157,5.958549222797927,9.844559585492227,84.19689119170984,4.145077720207254,80.05181347150258
E00017398,373,59,28,31,314,26,288,15.81769436997319,7.506702412868632,8.310991957104557,84.1823056300268,6.970509383378016,77.21179624664879
E00017399,314,31,14,17,283,15,268,9.872611464968154,4.45859872611465,5.414012738853503,90.12738853503186,4.777070063694268,85.35031847133759
E00017400,324,43,25,18,281,14,267,13.271604938271606,7.716049382716049,5.555555555555555,86.72839506172839,4.320987654320987,82.4074074074074
E00017401,293,50,25,25,243,23,220,17.064846416382252,8.532423208191126,8.532423208191126,82.93515358361775,7.849829351535837,75.0853242320819
E00017402,342,37,11,26,305,15,290,10.818713450292398,3.216374269005848,7.602339181286549,89.18128654970761,4.385964912280701,84.7953216374269
E00017403,527,103,61,42,424,20,404,19.54459203036053,11.57495256166983,7.969639468690702,80.45540796963947,3.795066413662239,76.66034155597723
E00017404,328,49,22,27,279,21,258,14.939024390243901,6.707317073170732,8.231707317073171,85.0609756097561,6.402439024390244,78.65853658536585
E00017405,390,75,26,49,315,16,299,19.230769230769234,6.666666666666667,12.564102564102564,80.76923076923077,4.102564102564102,76.66666666666667
E00017406,363,46,29,17,317,18,299,12.672176308539946,7.988980716253444,4.683195592286501,87.32782369146005,4.958677685950414,82.36914600550963
E00017407,355,44,17,27,311,18,293,12.394366197183098,4.788732394366197,7.605633802816901,87.60563380281691,5.070422535211268,82.53521126760563
E00017408,391,61,33,28,330,19,311,15.601023017902813,8.439897698209718,7.161125319693094,84.39897698209718,4.859335038363171,79.53964194373401
E00017409,324,54,28,26,270,15,255,16.666666666666664,8.641975308641975,8.024691358024691,83.33333333333334,4.62962962962963,78.70370370370371
E00017410,317,42,17,25,275,13,262,13.249211356466878,5.3627760252365935,7.886435331230284,86.75078864353313,4.100946372239748,82.64984227129337
E00017411,314,34,14,20,280,18,262,10.828025477707007,4.45859872611465,6.369426751592357,89.171974522293,5.7324840764331215,83.43949044585987
E00017412,319,44,24,20,275,17,258,13.793103448275861,7.523510971786834,6.269592476489027,86.20689655172413,5.329153605015674,80.87774294670847
E00017413,300,29,10,19,271,22,249,9.666666666666666,3.3333333333333335,6.333333333333334,90.33333333333333,7.333333333333333,83
E00017414,432,83,43,40,349,21,328,19.212962962962962,9.953703703703704,9.25925925925926,80.78703703703704,4.861111111111112,75.92592592592592
E00017415,287,44,17,27,243,16,227,15.33101045296167,5.923344947735192,9.40766550522648,84.66898954703834,5.574912891986063,79.09407665505228
E00017416,303,24,8,16,279,16,263,7.920792079207921,2.6402640264026402,5.2805280528052805,92.07920792079209,5.2805280528052805,86.79867986798679
E00017417,358,19,7,12,339,32,307,5.307262569832402,1.9553072625698324,3.35195530726257,94.6927374301676,8.938547486033519,85.75418994413407
E00017418,329,37,10,27,292,23,269,11.246200607902736,3.0395136778115504,8.206686930091186,88.75379939209726,6.990881458966565,81.7629179331307
E00017419,248,35,11,24,213,25,188,14.112903225806454,4.435483870967742,9.67741935483871,85.88709677419355,10.080645161290322,75.80645161290323
E00017420,283,25,6,19,258,26,232,8.8339222614841,2.1201413427561837,6.713780918727916,91.16607773851591,9.187279151943462,81.97879858657244
E00017421,289,45,17,28,244,18,226,15.570934256055363,5.88235294117647,9.688581314878892,84.42906574394463,6.228373702422145,78.20069204152249
E00017422,294,31,8,23,263,26,237,10.54421768707483,2.7210884353741496,7.8231292517006805,89.45578231292517,8.843537414965986,80.61224489795919
E00017423,307,45,19,26,262,19,243,14.65798045602606,6.188925081433225,8.469055374592834,85.34201954397395,6.188925081433225,79.15309446254072
E00017424,278,32,15,17,246,15,231,11.510791366906476,5.39568345323741,6.115107913669065,88.48920863309353,5.39568345323741,83.09352517985612
E00017425,274,31,13,18,243,17,226,11.313868613138686,4.744525547445255,6.569343065693431,88.6861313868613,6.204379562043796,82.48175182481752
E00017426,260,34,7,27,226,10,216,13.076923076923078,2.6923076923076925,10.384615384615385,86.92307692307692,3.8461538461538463,83.07692307692308
E00017427,372,36,14,22,336,27,309,9.67741935483871,3.763440860215054,5.913978494623656,90.32258064516128,7.258064516129033,83.06451612903226
E00017428,289,39,8,31,250,23,227,13.494809688581316,2.768166089965398,10.726643598615917,86.50519031141869,7.958477508650519,78.54671280276817
E00017429,207,21,6,15,186,19,167,10.144927536231885,2.898550724637681,7.246376811594203,89.85507246376811,9.178743961352657,80.67632850241546
E00017430,340,30,7,23,310,23,287,8.823529411764707,2.0588235294117645,6.764705882352941,91.17647058823529,6.764705882352941,84.41176470588235
E00017431,300,30,12,18,270,16,254,10,4,6,90,5.333333333333334,84.66666666666667
E00017432,263,31,14,17,232,14,218,11.787072243346007,5.323193916349809,6.4638783269961975,88.212927756654,5.323193916349809,82.88973384030417
E00017433,285,29,8,21,256,12,244,10.175438596491228,2.807017543859649,7.368421052631578,89.82456140350877,4.2105263157894735,85.6140350877193
E00017434,300,29,7,22,271,14,257,9.666666666666666,2.3333333333333335,7.333333333333333,90.33333333333333,4.666666666666667,85.66666666666667
E00017435,177,19,1,18,158,21,137,10.734463276836157,0.5649717514124294,10.16949152542373,89.26553672316385,11.864406779661017,77.40112994350282
E00017436,381,43,20,23,338,14,324,11.286089238845145,5.2493438320209975,6.036745406824147,88.71391076115486,3.674540682414698,85.03937007874016
E00017438,357,29,3,26,328,17,311,8.123249299719888,0.8403361344537815,7.282913165266107,91.87675070028011,4.761904761904762,87.11484593837535
E00017439,337,100,68,32,237,18,219,29.673590504451035,20.178041543026705,9.495548961424333,70.32640949554896,5.341246290801187,64.98516320474778
E00017440,196,30,13,17,166,13,153,15.306122448979592,6.63265306122449,8.673469387755102,84.6938775510204,6.63265306122449,78.06122448979592
E00017441,313,53,19,34,260,11,249,16.93290734824281,6.070287539936102,10.86261980830671,83.06709265175719,3.5143769968051117,79.55271565495208
E00017442,289,44,24,20,245,13,232,15.22491349480969,8.304498269896193,6.920415224913495,84.77508650519032,4.498269896193772,80.27681660899654
E00017443,173,11,6,5,162,7,155,6.358381502890173,3.4682080924855487,2.8901734104046244,93.64161849710982,4.046242774566474,89.59537572254335
E00017444,335,42,9,33,293,17,276,12.53731343283582,2.6865671641791042,9.850746268656717,87.46268656716418,5.074626865671641,82.38805970149254
E00017445,224,16,8,8,208,12,196,7.142857142857142,3.571428571428571,3.571428571428571,92.85714285714286,5.357142857142857,87.5
E00017446,361,63,25,38,298,26,272,17.451523545706372,6.9252077562326875,10.526315789473683,82.54847645429363,7.202216066481995,75.34626038781164
E00017447,368,71,38,33,297,20,277,19.293478260869566,10.326086956521738,8.967391304347826,80.70652173913044,5.434782608695652,75.27173913043478
E00017448,458,60,27,33,398,24,374,13.100436681222707,5.895196506550218,7.20524017467249,86.8995633187773,5.240174672489083,81.6593886462882
E00017449,353,55,20,35,298,18,280,15.58073654390935,5.6657223796034,9.91501416430595,84.41926345609065,5.099150141643059,79.3201133144476
E00017450,336,53,17,36,283,18,265,15.773809523809524,5.059523809523809,10.714285714285714,84.22619047619048,5.357142857142857,78.86904761904762
E00017452,412,48,20,28,364,17,347,11.650485436893204,4.854368932038835,6.796116504854369,88.3495145631068,4.12621359223301,84.22330097087378
E00017453,342,27,10,17,315,16,299,7.894736842105263,2.923976608187134,4.970760233918129,92.10526315789474,4.678362573099415,87.42690058479532
E00017454,371,45,19,26,326,24,302,12.129380053908356,5.121293800539084,7.008086253369273,87.87061994609164,6.46900269541779,81.40161725067385
E00017455,412,54,19,35,358,16,342,13.106796116504855,4.611650485436893,8.495145631067961,86.89320388349515,3.8834951456310676,83.00970873786407
E00017456,418,61,30,31,357,9,348,14.5933014354067,7.177033492822966,7.4162679425837315,85.4066985645933,2.15311004784689,83.25358851674642
E00017457,472,62,29,33,410,14,396,13.135593220338984,6.1440677966101696,6.991525423728813,86.86440677966102,2.9661016949152543,83.89830508474576
E00017458,337,50,20,30,287,13,274,14.836795252225517,5.934718100890208,8.902077151335313,85.16320474777447,3.857566765578635,81.30563798219585
E00017459,372,57,28,29,315,10,305,15.32258064516129,7.526881720430108,7.795698924731183,84.67741935483872,2.6881720430107525,81.98924731182797
E00017460,362,48,27,21,314,9,305,13.259668508287293,7.458563535911603,5.801104972375691,86.74033149171271,2.4861878453038675,84.25414364640883
E00017461,464,94,46,48,370,20,350,20.25862068965517,9.913793103448276,10.344827586206897,79.74137931034483,4.310344827586207,75.43103448275862
E00017462,528,86,38,48,442,32,410,16.28787878787879,7.196969696969697,9.090909090909092,83.71212121212122,6.0606060606060606,77.65151515151516
E00017463,324,39,17,22,285,16,269,12.037037037037036,5.246913580246913,6.790123456790123,87.96296296296296,4.938271604938271,83.0246913580247
E00017464,380,55,15,40,325,30,295,14.473684210526317,3.9473684210526314,10.526315789473683,85.52631578947368,7.894736842105263,77.63157894736842
E00017465,360,58,32,26,302,19,283,16.11111111111111,8.88888888888889,7.222222222222221,83.88888888888889,5.277777777777778,78.61111111111111
E00017466,380,45,24,21,335,23,312,11.842105263157894,6.315789473684211,5.526315789473684,88.1578947368421,6.052631578947368,82.10526315789474
E00017467,320,50,18,32,270,28,242,15.625,5.625,10,84.375,8.75,75.625
E00017468,329,56,25,31,273,16,257,17.02127659574468,7.598784194528875,9.422492401215806,82.97872340425532,4.86322188449848,78.11550151975683
E00017469,408,81,41,40,327,22,305,19.852941176470587,10.049019607843137,9.803921568627452,80.14705882352942,5.392156862745098,74.75490196078431
E00017470,270,40,20,20,230,21,209,14.814814814814813,7.4074074074074066,7.4074074074074066,85.18518518518519,7.777777777777778,77.4074074074074
E00017471,346,40,12,28,306,26,280,11.560693641618498,3.4682080924855487,8.092485549132949,88.4393063583815,7.514450867052023,80.92485549132948
E00017472,283,77,35,42,206,18,188,27.208480565371023,12.36749116607774,14.840989399293287,72.79151943462897,6.36042402826855,66.43109540636041
E00017473,276,29,4,25,247,9,238,10.507246376811594,1.4492753623188406,9.057971014492754,89.4927536231884,3.260869565217391,86.23188405797102
E00017474,399,70,33,37,329,29,300,17.543859649122805,8.270676691729323,9.273182957393484,82.45614035087719,7.268170426065162,75.18796992481202
E00017475,353,53,19,34,300,22,278,15.01416430594901,5.382436260623229,9.631728045325778,84.98583569405099,6.232294617563739,78.75354107648725
E00017476,351,52,27,25,299,14,285,14.814814814814813,7.6923076923076925,7.122507122507122,85.18518518518519,3.9886039886039883,81.19658119658119
E00017477,491,54,19,35,437,22,415,10.9979633401222,3.8696537678207736,7.128309572301425,89.0020366598778,4.480651731160896,84.5213849287169
E00017478,353,59,29,30,294,15,279,16.71388101983003,8.21529745042493,8.498583569405099,83.28611898016997,4.2492917847025495,79.03682719546742
E00017479,274,31,6,25,243,17,226,11.313868613138686,2.18978102189781,9.124087591240876,88.6861313868613,6.204379562043796,82.48175182481752
E00017480,246,24,9,15,222,11,211,9.75609756097561,3.6585365853658534,6.097560975609756,90.2439024390244,4.471544715447155,85.77235772357723
E00017481,261,27,7,20,234,14,220,10.344827586206897,2.681992337164751,7.662835249042145,89.65517241379311,5.363984674329502,84.2911877394636
E00017482,313,23,10,13,290,15,275,7.348242811501597,3.1948881789137378,4.15335463258786,92.65175718849841,4.792332268370607,87.8594249201278
E00017483,302,62,35,27,240,19,221,20.52980132450331,11.589403973509933,8.940397350993377,79.47019867549669,6.291390728476822,73.17880794701986
E00017484,238,27,9,18,211,16,195,11.344537815126051,3.7815126050420167,7.563025210084033,88.65546218487394,6.722689075630252,81.9327731092437
E00017485,234,14,5,9,220,14,206,5.982905982905983,2.1367521367521367,3.8461538461538463,94.01709401709401,5.982905982905983,88.03418803418803
E00017486,280,20,7,13,260,13,247,7.142857142857142,2.5,4.642857142857143,92.85714285714286,4.642857142857143,88.21428571428571
E00017487,219,13,4,9,206,8,198,5.93607305936073,1.82648401826484,4.10958904109589,94.06392694063926,3.65296803652968,90.41095890410958
E00017488,300,56,30,26,244,16,228,18.666666666666668,10,8.666666666666668,81.33333333333333,5.333333333333334,76
E00017489,354,28,6,22,326,35,291,7.909604519774012,1.694915254237288,6.214689265536723,92.09039548022598,9.887005649717514,82.20338983050848
E00017490,274,23,7,16,251,13,238,8.394160583941606,2.5547445255474455,5.839416058394161,91.6058394160584,4.744525547445255,86.86131386861314
E00017491,203,57,35,22,146,9,137,28.078817733990146,17.24137931034483,10.83743842364532,71.92118226600985,4.433497536945813,67.48768472906403
E00017492,320,24,9,15,296,24,272,7.5,2.8125,4.6875,92.5,7.5,85
E00017493,290,25,6,19,265,13,252,8.620689655172415,2.0689655172413794,6.551724137931035,91.37931034482759,4.482758620689655,86.89655172413792
E00017494,407,50,26,24,357,27,330,12.285012285012286,6.388206388206388,5.896805896805897,87.71498771498771,6.6339066339066335,81.08108108108108
E00017495,436,61,28,33,375,24,351,13.990825688073393,6.422018348623854,7.568807339449542,86.0091743119266,5.5045871559633035,80.5045871559633
E00017497,228,16,6,10,212,23,189,7.017543859649122,2.631578947368421,4.385964912280701,92.98245614035088,10.087719298245613,82.89473684210526
E00017498,361,30,6,24,331,25,306,8.310249307479225,1.662049861495845,6.64819944598338,91.68975069252078,6.9252077562326875,84.7645429362881
E00017499,316,22,4,18,294,17,277,6.962025316455696,1.2658227848101267,5.69620253164557,93.0379746835443,5.379746835443038,87.65822784810126
E00017500,231,15,7,8,216,16,200,6.493506493506493,3.0303030303030303,3.463203463203463,93.5064935064935,6.926406926406926,86.58008658008657
E00017501,187,46,23,23,141,9,132,24.598930481283425,12.299465240641712,12.299465240641712,75.40106951871658,4.81283422459893,70.58823529411765
E00017502,202,17,6,11,185,12,173,8.415841584158416,2.9702970297029703,5.445544554455446,91.58415841584159,5.9405940594059405,85.64356435643565
E00017503,354,33,9,24,321,19,302,9.322033898305085,2.5423728813559325,6.779661016949152,90.67796610169492,5.367231638418079,85.31073446327684
E00017504,284,16,1,15,268,19,249,5.633802816901409,0.35211267605633806,5.28169014084507,94.36619718309859,6.690140845070422,87.67605633802818
E00017505,286,17,6,11,269,13,256,5.944055944055944,2.097902097902098,3.8461538461538463,94.05594405594405,4.545454545454546,89.5104895104895
E00017506,268,11,3,8,257,24,233,4.104477611940299,1.1194029850746268,2.9850746268656714,95.8955223880597,8.955223880597014,86.94029850746269
E00017507,311,40,13,27,271,22,249,12.861736334405144,4.180064308681672,8.681672025723474,87.13826366559485,7.07395498392283,80.06430868167203
E00017508,231,20,6,14,211,10,201,8.658008658008658,2.5974025974025974,6.0606060606060606,91.34199134199135,4.329004329004329,87.01298701298701
E00017509,283,31,12,19,252,18,234,10.954063604240282,4.240282685512367,6.713780918727916,89.04593639575971,6.36042402826855,82.68551236749117
E00017510,254,18,3,15,236,25,211,7.086614173228346,1.1811023622047243,5.905511811023622,92.91338582677166,9.84251968503937,83.07086614173228
E00017511,304,20,6,14,284,25,259,6.578947368421052,1.9736842105263157,4.605263157894736,93.42105263157895,8.223684210526317,85.19736842105263
E00017512,217,30,13,17,187,16,171,13.82488479262673,5.990783410138248,7.834101382488479,86.17511520737328,7.373271889400922,78.80184331797236
E00017513,259,36,18,18,223,14,209,13.8996138996139,6.94980694980695,6.94980694980695,86.10038610038609,5.405405405405405,80.6949806949807
E00017514,211,21,4,17,190,15,175,9.95260663507109,1.8957345971563981,8.056872037914692,90.04739336492891,7.109004739336493,82.93838862559242
E00017515,308,26,7,19,282,23,259,8.441558441558442,2.272727272727273,6.1688311688311686,91.55844155844156,7.467532467532467,84.0909090909091
E00017516,240,29,11,18,211,14,197,12.083333333333334,4.583333333333333,7.5,87.91666666666667,5.833333333333333,82.08333333333333
E00017517,315,35,11,24,280,27,253,11.11111111111111,3.492063492063492,7.6190476190476195,88.88888888888889,8.571428571428571,80.31746031746032
E00017518,205,44,17,27,161,12,149,21.463414634146343,8.292682926829269,13.170731707317074,78.53658536585367,5.853658536585367,72.6829268292683
E00017519,215,22,11,11,193,13,180,10.232558139534884,5.116279069767442,5.116279069767442,89.76744186046511,6.046511627906977,83.72093023255815
E00017520,455,52,16,36,403,27,376,11.428571428571429,3.5164835164835164,7.9120879120879115,88.57142857142857,5.934065934065933,82.63736263736263
E00017521,351,20,4,16,331,16,315,5.698005698005698,1.1396011396011396,4.5584045584045585,94.30199430199431,4.5584045584045585,89.74358974358975
E00017522,315,21,6,15,294,20,274,6.666666666666667,1.9047619047619049,4.761904761904762,93.33333333333333,6.349206349206349,86.98412698412699
E00017523,328,31,8,23,297,15,282,9.451219512195122,2.4390243902439024,7.01219512195122,90.54878048780488,4.573170731707317,85.97560975609755
E00017524,369,39,8,31,330,21,309,10.569105691056912,2.168021680216802,8.401084010840108,89.43089430894308,5.691056910569105,83.73983739837398
E00017525,355,32,18,14,323,23,300,9.014084507042254,5.070422535211268,3.943661971830986,90.98591549295774,6.478873239436619,84.50704225352112
E00017526,278,46,19,27,232,16,216,16.546762589928058,6.83453237410072,9.712230215827338,83.45323741007195,5.755395683453238,77.6978417266187
E00017527,289,72,55,17,217,19,198,24.91349480968858,19.031141868512112,5.88235294117647,75.08650519031141,6.5743944636678195,68.5121107266436
E00017528,285,22,6,16,263,19,244,7.719298245614035,2.1052631578947367,5.614035087719298,92.28070175438596,6.666666666666667,85.6140350877193
E00017529,274,10,2,8,264,24,240,3.64963503649635,0.7299270072992701,2.9197080291970803,96.35036496350365,8.75912408759124,87.59124087591242
E00017530,194,30,11,19,164,22,142,15.463917525773196,5.670103092783505,9.793814432989691,84.5360824742268,11.34020618556701,73.19587628865979
E00017531,361,50,23,27,311,21,290,13.850415512465375,6.3711911357340725,7.479224376731302,86.14958448753463,5.8171745152354575,80.33240997229917
E00017532,323,34,9,25,289,18,271,10.526315789473683,2.786377708978328,7.739938080495357,89.47368421052632,5.572755417956656,83.90092879256966
E00017533,342,20,6,14,322,17,305,5.847953216374268,1.7543859649122806,4.093567251461988,94.15204678362574,4.970760233918129,89.18128654970761
E00017534,236,21,8,13,215,25,190,8.898305084745763,3.389830508474576,5.508474576271186,91.10169491525424,10.59322033898305,80.50847457627118
E00017535,328,22,5,17,306,24,282,6.707317073170732,1.524390243902439,5.182926829268292,93.29268292682927,7.317073170731707,85.97560975609755
E00017536,221,24,4,20,197,14,183,10.85972850678733,1.809954751131222,9.049773755656108,89.14027149321268,6.334841628959276,82.80542986425338
E00017537,288,28,10,18,260,22,238,9.722222222222223,3.4722222222222223,6.25,90.27777777777779,7.638888888888889,82.63888888888889
E00017538,259,23,6,17,236,17,219,8.880308880308881,2.3166023166023164,6.563706563706563,91.11969111969111,6.563706563706563,84.55598455598455
E00017539,199,11,0,11,188,15,173,5.527638190954774,0,5.527638190954774,94.47236180904522,7.537688442211055,86.93467336683418
E00017540,233,26,10,16,207,22,185,11.158798283261802,4.291845493562231,6.866952789699571,88.8412017167382,9.44206008583691,79.39914163090128
E00017541,215,17,6,11,198,21,177,7.906976744186046,2.7906976744186047,5.116279069767442,92.09302325581396,9.767441860465116,82.32558139534883
E00017542,475,41,11,30,434,19,415,8.631578947368421,2.3157894736842106,6.315789473684211,91.36842105263158,4,87.36842105263159
E00017543,300,32,12,20,268,26,242,10.666666666666668,4,6.666666666666667,89.33333333333333,8.666666666666668,80.66666666666666
E00017544,280,36,9,27,244,17,227,12.857142857142856,3.214285714285714,9.642857142857144,87.14285714285714,6.071428571428571,81.07142857142857
E00017545,333,33,8,25,300,25,275,9.90990990990991,2.4024024024024024,7.5075075075075075,90.09009009009009,7.5075075075075075,82.58258258258259
E00017546,377,48,13,35,329,22,307,12.73209549071618,3.4482758620689653,9.283819628647215,87.26790450928382,5.835543766578249,81.43236074270557
E00017547,308,29,6,23,279,25,254,9.415584415584416,1.948051948051948,7.467532467532467,90.5844155844156,8.116883116883116,82.46753246753246
E00017548,366,40,16,24,326,28,298,10.92896174863388,4.371584699453552,6.557377049180328,89.07103825136612,7.650273224043716,81.4207650273224
E00017549,356,42,14,28,314,15,299,11.797752808988763,3.932584269662921,7.865168539325842,88.20224719101124,4.213483146067416,83.98876404494382
E00017550,452,50,15,35,402,20,382,11.061946902654867,3.3185840707964607,7.7433628318584065,88.93805309734513,4.424778761061947,84.51327433628319
E00017551,334,35,17,18,299,17,282,10.479041916167663,5.089820359281437,5.389221556886228,89.52095808383234,5.089820359281437,84.4311377245509
E00017552,317,37,13,24,280,23,257,11.67192429022082,4.100946372239748,7.570977917981073,88.32807570977917,7.255520504731862,81.07255520504731
E00017553,334,41,16,25,293,26,267,12.275449101796406,4.790419161676647,7.48502994011976,87.72455089820359,7.784431137724551,79.94011976047905
E00017554,299,48,17,31,251,25,226,16.05351170568562,5.68561872909699,10.367892976588628,83.94648829431438,8.361204013377927,75.58528428093646
E00017555,308,26,14,12,282,16,266,8.441558441558442,4.545454545454546,3.896103896103896,91.55844155844156,5.194805194805195,86.36363636363636
E00017556,414,58,24,34,356,35,321,14.009661835748794,5.797101449275362,8.212560386473431,85.99033816425121,8.454106280193237,77.53623188405797
E00017557,341,41,11,30,300,24,276,12.023460410557185,3.225806451612903,8.797653958944283,87.97653958944281,7.038123167155426,80.93841642228739
E00017558,326,30,9,21,296,23,273,9.202453987730062,2.7607361963190185,6.441717791411043,90.79754601226993,7.05521472392638,83.74233128834356
E00017559,486,81,43,38,405,26,379,16.666666666666664,8.847736625514404,7.818930041152264,83.33333333333334,5.349794238683128,77.9835390946502
E00017560,366,33,14,19,333,21,312,9.01639344262295,3.825136612021858,5.191256830601093,90.98360655737704,5.737704918032787,85.24590163934425
E00017561,360,34,13,21,326,15,311,9.444444444444445,3.6111111111111107,5.833333333333333,90.55555555555556,4.166666666666666,86.38888888888889
E00017562,373,27,8,19,346,13,333,7.238605898123325,2.1447721179624666,5.093833780160858,92.76139410187668,3.485254691689008,89.27613941018767
E00017563,373,37,15,22,336,21,315,9.919571045576408,4.021447721179625,5.898123324396782,90.0804289544236,5.630026809651475,84.45040214477211
E00017564,358,32,13,19,326,21,305,8.938547486033519,3.6312849162011176,5.307262569832402,91.06145251396647,5.865921787709497,85.19553072625699
E00017565,311,42,14,28,269,23,246,13.504823151125404,4.501607717041801,9.003215434083602,86.49517684887459,7.395498392282958,79.09967845659163
E00017566,364,40,17,23,324,24,300,10.989010989010989,4.670329670329671,6.318681318681318,89.01098901098901,6.593406593406594,82.41758241758241
E00017567,396,36,12,24,360,21,339,9.090909090909092,3.0303030303030303,6.0606060606060606,90.9090909090909,5.303030303030303,85.60606060606061
E00017568,390,38,11,27,352,26,326,9.7435897435897445,2.8205128205128207,6.923076923076923,90.25641025641026,6.666666666666667,83.58974358974359
E00017569,413,66,25,41,347,27,320,15.980629539951574,6.053268765133172,9.927360774818402,84.01937046004842,6.5375302663438255,77.4818401937046
E00017570,191,31,19,12,160,11,149,16.230366492146597,9.947643979057592,6.282722513089005,83.7696335078534,5.7591623036649215,78.01047120418848
E00017571,314,26,11,15,288,29,259,8.280254777070063,3.5031847133757963,4.777070063694268,91.71974522292994,9.235668789808917,82.48407643312102
E00017572,374,27,6,21,347,26,321,7.219251336898395,1.6042780748663104,5.614973262032086,92.7807486631016,6.951871657754011,85.828877005347593
E00017573,286,36,8,28,250,17,233,12.587412587412588,2.797202797202797,9.79020979020979,87.41258741258741,5.944055944055944,81.46853146853147
E00017574,297,26,8,18,271,33,238,8.754208754208754,2.6936026936026933,6.0606060606060606,91.24579124579124,11.11111111111111,80.13468013468014
E00017575,295,29,16,13,266,25,241,9.830508474576272,5.423728813559322,4.406779661016949,90.16949152542372,8.47457627118644,81.69491525423729
E00017576,359,25,12,13,334,19,315,6.963788300835655,3.3426183844011144,3.6211699164345403,93.03621169916435,5.2924791086350975,87.74373259052925
E00017578,280,25,15,10,255,23,232,8.928571428571429,5.357142857142857,3.571428571428571,91.07142857142857,8.214285714285714,82.85714285714286
E00017579,350,21,8,13,329,11,318,6,2.2857142857142856,3.7142857142857144,94,3.1428571428571432,90.85714285714286
E00017580,330,24,7,17,306,29,277,7.2727272727272725,2.1212121212121215,5.151515151515151,92.72727272727272,8.787878787878787,83.93939393939394
E00017581,322,39,12,27,283,30,253,12.111801242236025,3.7267080745341614,8.385093167701864,87.88819875776397,9.316770186335404,78.57142857142857
E00017582,377,22,7,15,355,29,326,5.835543766578249,1.8567639257294428,3.978779840848806,94.16445623342176,7.6923076923076925,86.47214854111405
E00017583,473,61,29,32,412,19,393,12.896405919661733,6.13107822410148,6.765327695560254,87.10359408033827,4.0169133192389,83.08668076109936
E00017584,311,49,20,29,262,13,249,15.755627009646304,6.430868167202572,9.32475884244373,84.2443729903537,4.180064308681672,80.06430868167203
E00017585,333,28,12,16,305,15,290,8.408408408408409,3.6036036036036037,4.804804804804805,91.5915915915916,4.504504504504505,87.08708708708708
E00017586,372,49,20,29,323,19,304,13.172043010752688,5.376344086021505,7.795698924731183,86.82795698924731,5.10752688172043,81.72043010752688
E00017587,371,43,17,26,328,25,303,11.590296495956872,4.5822102425876015,7.008086253369273,88.40970350404312,6.738544474393531,81.6711590296496
E00017588,331,27,12,15,304,17,287,8.157099697885197,3.625377643504532,4.531722054380665,91.8429003021148,5.13595166163142,86.70694864048339
E00017589,315,28,12,16,287,30,257,8.88888888888889,3.8095238095238098,5.079365079365079,91.11111111111111,9.523809523809524,81.58730158730158
E00017590,254,17,3,14,237,14,223,6.692913385826772,1.1811023622047243,5.511811023622047,93.30708661417323,5.511811023622047,87.79527559055119
E00017591,326,12,5,7,314,22,292,3.6809815950920246,1.5337423312883436,2.147239263803681,96.31901840490798,6.748466257668712,89.57055214723927
E00017592,436,43,15,28,393,24,369,9.862385321100918,3.4403669724770642,6.422018348623854,90.13761467889908,5.5045871559633035,84.63302752293578
E00017593,413,47,15,32,366,27,339,11.380145278450362,3.631961259079903,7.74818401937046,88.61985472154964,6.5375302663438255,82.082324455205807
E00017594,354,16,2,14,338,24,314,4.519774011299435,0.5649717514124294,3.954802259887006,95.48022598870057,6.779661016949152,88.70056497175142
E00017595,378,30,9,21,348,23,325,7.936507936507936,2.380952380952381,5.555555555555555,92.06349206349206,6.084656084656085,85.97883597883597
E00017596,300,28,12,16,272,19,253,9.333333333333334,4,5.333333333333334,90.66666666666666,6.333333333333334,84.33333333333334
E00017597,341,17,2,15,324,23,301,4.9853372434017595,0.5865102639296188,4.398826979472141,95.01466275659824,6.744868035190615,88.26979472140762
E00017598,405,34,8,26,371,19,352,8.395061728395062,1.9753086419753085,6.419753086419753,91.60493827160494,4.691358024691358,86.91358024691358
E00017599,306,24,10,14,282,15,267,7.8431372549019605,3.2679738562091507,4.57516339869281,92.15686274509804,4.901960784313726,87.25490196078431
E00017600,336,28,13,15,308,15,293,8.333333333333332,3.869047619047619,4.464285714285714,91.66666666666666,4.464285714285714,87.20238095238095
E00017601,424,31,5,26,393,35,358,7.311320754716981,1.179245283018868,6.132075471698113,92.68867924528303,8.254716981132075,84.43396226415094
E00017602,339,31,9,22,308,32,276,9.144542772861357,2.6548672566371683,6.489675516224189,90.85545722713864,9.43952802359882,81.41592920353983
E00166830,228,27,11,16,201,16,185,11.842105263157894,4.824561403508771,7.017543859649122,88.1578947368421,7.017543859649122,81.14035087719299
E00166831,221,16,3,13,205,17,188,7.239819004524888,1.3574660633484164,5.88235294117647,92.76018099547511,7.6923076923076925,85.06787330316742
E00166832,138,15,6,9,123,5,118,10.869565217391305,4.3478260869565215,6.521739130434782,89.13043478260869,3.6231884057971016,85.5072463768116
E00166833,283,43,23,20,240,11,229,15.19434628975265,8.12720848056537,7.06713780918728,84.80565371024736,3.8869257950530036,80.91872791519434
E00166834,276,50,26,24,226,13,213,18.115942028985508,9.420289855072465,8.695652173913043,81.88405797101449,4.710144927536232,77.17391304347827
E00166835,506,41,10,31,465,39,426,8.102766798418973,1.9762845849802373,6.126482213438735,91.89723320158103,7.707509881422925,84.18972332015811
E00166836,193,10,1,9,183,21,162,5.181347150259067,0.5181347150259068,4.66321243523316,94.81865284974094,10.880829015544041,83.93782383419689
E00166837,264,24,6,18,240,14,226,9.090909090909092,2.272727272727273,6.8181818181818175,90.9090909090909,5.303030303030303,85.60606060606061
E00166838,125,19,7,12,106,7,99,15.2,5.6000000000000005,9.6,84.8,5.6000000000000005,79.2
E00166839,243,14,4,10,229,27,202,5.761316872427984,1.646090534979424,4.11522633744856,94.23868312757202,11.11111111111111,83.1275720164609
E00166840,182,15,2,13,167,10,157,8.241758241758241,1.098901098901099,7.142857142857142,91.75824175824175,5.4945054945054945,86.26373626373626
E00166841,342,33,13,20,309,15,294,9.649122807017543,3.8011695906432745,5.847953216374268,90.35087719298247,4.385964912280701,85.96491228070175
E00166842,287,22,8,14,265,10,255,7.665505226480835,2.7874564459930316,4.878048780487805,92.33449477351915,3.484320557491289,88.85017421602788
E00166843,292,25,10,15,267,8,259,8.561643835616438,3.4246575342465753,5.136986301369863,91.43835616438356,2.73972602739726,88.6986301369863
E00184336,325,45,19,26,280,22,258,13.846153846153847,5.846153846153846,8,86.15384615384616,6.769230769230769,79.38461538461539
E00184337,121,5,5,0,116,6,110,4.132231404958678,4.132231404958678,0,95.86776859504133,4.958677685950414,90.9090909090909
E00184338,375,32,12,20,343,16,327,8.533333333333333,3.2,5.333333333333334,91.46666666666667,4.266666666666667,87.2
E00184340,131,9,9,0,122,4,118,6.870229007633588,6.870229007633588,0,93.12977099236642,3.0534351145038165,90.07633587786259
E00184341,252,16,6,10,236,14,222,6.349206349206349,2.380952380952381,3.968253968253968,93.65079365079364,5.555555555555555,88.09523809523809
E00184342,350,26,4,22,324,21,303,7.428571428571429,1.1428571428571428,6.2857142857142865,92.57142857142857,6,86.57142857142858
E00184343,118,19,5,14,99,7,92,16.101694915254235,4.23728813559322,11.864406779661017,83.89830508474576,5.932203389830509,77.96610169491525
E00184344,405,37,13,24,368,14,354,9.135802469135802,3.2098765432098766,5.9259259259259265,90.8641975308642,3.45679012345679,87.4074074074074
E00184345,315,70,26,44,245,13,232,22.22222222222222,8.253968253968253,13.968253968253968,77.77777777777779,4.1269841269841265,73.65079365079366
E00184350,247,18,3,15,229,14,215,7.28744939271255,1.214574898785425,6.0728744939271255,92.71255060728745,5.668016194331984,87.04453441295547
E00184351,343,42,24,18,301,14,287,12.244897959183673,6.997084548104956,5.247813411078718,87.75510204081633,4.081632653061225,83.6734693877551
E00184359,525,75,35,40,450,26,424,14.285714285714285,6.666666666666667,7.6190476190476195,85.71428571428571,4.9523809523809526,80.76190476190476
E00184361,426,49,17,32,377,14,363,11.502347417840376,3.9906103286384975,7.511737089201878,88.49765258215963,3.286384976525822,85.2112676056338
E00184362,297,14,4,10,283,16,267,4.713804713804714,1.3468013468013467,3.3670033670033668,95.28619528619528,5.387205387205387,89.8989898989899
E00184364,405,61,21,40,344,15,329,15.06172839506173,5.185185185185185,9.876543209876543,84.93827160493828,3.7037037037037033,81.23456790123457
E00184365,350,43,16,27,307,14,293,12.285714285714286,4.571428571428571,7.7142857142857135,87.71428571428571,4,83.71428571428572
E00184373,142,19,12,7,123,0,123,13.380281690140844,8.450704225352112,4.929577464788732,86.61971830985915,0,86.61971830985915
E00184374,524,51,17,34,473,42,431,9.732824427480915,3.2442748091603053,6.488549618320611,90.2671755725191,8.015267175572518,82.25190839694656
E00184375,516,54,23,31,462,19,443,10.465116279069768,4.457364341085271,6.007751937984496,89.53488372093024,3.6821705426356592,85.85271317829456
E00184376,376,32,9,23,344,23,321,8.51063829787234,2.393617021276596,6.117021276595745,91.48936170212765,6.117021276595745,85.37234042553192
E00184377,454,50,21,29,404,18,386,11.013215859030836,4.6255506607929515,6.387665198237885,88.98678414096916,3.9647577092511015,85.02202643171806
E00184380,206,30,13,17,176,11,165,14.563106796116504,6.310679611650485,8.25242718446602,85.43689320388349,5.339805825242718,80.09708737864078
E00184387,283,25,11,14,258,19,239,8.8339222614841,3.8869257950530036,4.946996466431095,91.16607773851591,6.713780918727916,84.45229681978799
