OA,ts0590001,ts0590002,ts0590003,ts0590004,ts0590005,ts0590006,ts0590007,ts0590002_PCT,ts0590003_PCT,ts0590004_PCT,ts0590005_PCT,ts0590006_PCT,ts0590007_PCT
E00131002,165,49,9,40,116,101,15,29.6969696969697,5.454545454545454,24.242424242424242,70.3030303030303,61.212121212121204,9.090909090909092
E00131003,337,103,32,71,234,180,54,30.56379821958457,9.495548961424333,21.068249258160236,69.43620178041543,53.41246290801187,16.023738872403563
E00131004,151,48,17,31,103,64,39,31.788079470198678,11.258278145695364,20.52980132450331,68.21192052980133,42.384105960264904,25.82781456953642
E00131005,133,42,15,27,91,68,23,31.57894736842105,11.278195488721805,20.30075187969925,68.42105263157895,51.127819548872175,17.293233082706767
E00131007,155,47,23,24,108,87,21,30.32258064516129,14.838709677419354,15.483870967741936,69.6774193548387,56.12903225806451,13.548387096774196
E00131008,133,38,6,32,95,82,13,28.57142857142857,4.511278195488721,24.06015037593985,71.42857142857143,61.65413533834586,9.774436090225564
E00131009,139,53,22,31,86,69,17,38.1294964028777,15.827338129496402,22.302158273381295,61.87050359712231,49.64028776978417,12.23021582733813
E00131010,140,48,19,29,92,75,17,34.285714285714285,13.571428571428571,20.714285714285715,65.71428571428571,53.57142857142857,12.142857142857142
E00131011,124,32,15,17,92,55,37,25.806451612903224,12.096774193548388,13.709677419354838,74.19354838709677,44.354838709677416,29.838709677419356
E00131012,127,35,13,22,92,75,17,27.559055118110237,10.236220472440944,17.322834645669293,72.44094488188976,59.055118110236215,13.385826771653544
E00131013,135,42,14,28,93,81,12,31.11111111111111,10.37037037037037,20.74074074074074,68.88888888888889,60,8.88888888888889
E00131014,172,56,10,46,116,101,15,32.55813953488372,5.813953488372093,26.744186046511626,67.44186046511628,58.720930232558146,8.720930232558139
E00131015,128,39,15,24,89,73,16,30.46875,11.71875,18.75,69.53125,57.03125,12.5
E00131016,178,54,17,37,124,110,14,30.337078651685395,9.550561797752808,20.786516853932586,69.66292134831461,61.79775280898876,7.865168539325842
E00131017,130,46,12,34,84,72,12,35.38461538461539,9.230769230769232,26.153846153846157,64.61538461538461,55.38461538461539,9.230769230769232
E00131018,137,38,11,27,99,82,17,27.73722627737226,8.02919708029197,19.708029197080293,72.26277372262774,59.854014598540154,12.408759124087592
E00131019,115,31,10,21,84,74,10,26.956521739130434,8.695652173913043,18.26086956521739,73.04347826086956,64.34782608695652,8.695652173913043
E00131020,247,64,23,41,183,158,25,25.910931174089068,9.31174089068826,16.599190283400812,74.08906882591093,63.96761133603239,10.121457489878543
E00131021,172,50,19,31,122,87,35,29.069767441860467,11.046511627906977,18.023255813953487,70.93023255813954,50.58139534883721,20.348837209302324
E00131022,112,29,13,16,83,68,15,25.892857142857146,11.607142857142858,14.285714285714285,74.10714285714286,60.71428571428571,13.392857142857142
E00131023,72,20,5,15,52,41,11,27.77777777777778,6.944444444444445,20.833333333333336,72.22222222222221,56.94444444444444,15.277777777777779
E00131024,41,13,6,7,28,24,4,31.70731707317073,14.634146341463413,17.073170731707318,68.29268292682927,58.536585365853654,9.75609756097561
E00131025,141,40,16,24,101,89,12,28.368794326241137,11.347517730496454,17.02127659574468,71.63120567375887,63.12056737588653,8.51063829787234
E00131026,141,37,13,24,104,93,11,26.24113475177305,9.219858156028367,17.02127659574468,73.75886524822694,65.95744680851064,7.801418439716312
E00131027,119,36,10,26,83,70,13,30.252100840336134,8.403361344537815,21.84873949579832,69.74789915966386,58.82352941176471,10.92436974789916
E00131028,147,37,16,21,110,97,13,25.170068027210885,10.884353741496598,14.285714285714285,74.82993197278913,65.98639455782312,8.843537414965986
E00131030,123,45,15,30,78,72,6,36.58536585365854,12.195121951219512,24.390243902439025,63.41463414634146,58.536585365853654,4.878048780487805
E00131031,141,34,8,26,107,95,12,24.113475177304963,5.673758865248227,18.439716312056735,75.88652482269504,67.37588652482269,8.51063829787234
E00131032,177,50,22,28,127,108,19,28.24858757062147,12.429378531073446,15.819209039548024,71.75141242937853,61.016949152542374,10.734463276836157
E00131033,166,43,5,38,123,104,19,25.903614457831324,3.0120481927710845,22.89156626506024,74.09638554216868,62.65060240963856,11.44578313253012
E00131034,208,58,14,44,150,126,24,27.884615384615387,6.730769230769231,21.153846153846153,72.11538461538461,60.57692307692307,11.538461538461538
E00131035,151,37,15,22,114,102,12,24.503311258278146,9.933774834437086,14.56953642384106,75.49668874172185,67.54966887417218,7.9470198675496695
E00131036,138,35,14,21,103,83,20,25.36231884057971,10.144927536231885,15.217391304347828,74.63768115942028,60.14492753623188,14.492753623188406
E00131037,125,27,13,14,98,82,16,21.6,10.4,11.200000000000001,78.4,65.60000000000001,12.8
E00131038,176,46,17,29,130,113,17,26.136363636363637,9.659090909090908,16.477272727272727,73.86363636363636,64.20454545454545,9.659090909090908
E00131039,122,24,6,18,98,80,18,19.672131147540984,4.918032786885246,14.754098360655737,80.32786885245902,65.57377049180327,14.754098360655737
E00131040,132,36,14,22,96,88,8,27.27272727272727,10.606060606060606,16.666666666666664,72.72727272727273,66.66666666666666,6.0606060606060606
E00131041,156,54,18,36,102,81,21,34.61538461538461,11.538461538461538,23.076923076923077,65.38461538461539,51.92307692307693,13.461538461538462
E00131042,145,34,15,19,111,85,26,23.448275862068964,10.344827586206897,13.10344827586207,76.55172413793103,58.620689655172406,17.93103448275862
E00131043,213,59,16,43,154,131,23,27.699530516431924,7.511737089201878,20.187793427230048,72.30046948356808,61.502347417840376,10.7981220657277
E00131044,130,38,13,25,92,77,15,29.230769230769234,10,19.230769230769234,70.76923076923077,59.23076923076923,11.538461538461538
E00131045,152,39,13,26,113,99,14,25.657894736842106,8.552631578947368,17.105263157894736,74.3421052631579,65.13157894736842,9.210526315789473
E00131046,163,51,16,35,112,92,20,31.28834355828221,9.815950920245399,21.472392638036812,68.71165644171779,56.44171779141104,12.269938650306749
E00131047,144,36,14,22,108,94,14,25,9.722222222222223,15.277777777777779,75,65.27777777777779,9.722222222222223
E00131048,146,45,12,33,101,87,14,30.82191780821918,8.21917808219178,22.602739726027394,69.17808219178082,59.589041095890416,9.58904109589041
E00131049,147,43,15,28,104,89,15,29.25170068027211,10.204081632653061,19.047619047619047,70.74829931972789,60.544217687074834,10.204081632653061
E00131050,181,51,11,40,130,109,21,28.176795580110497,6.077348066298343,22.099447513812155,71.8232044198895,60.22099447513812,11.602209944751381
E00131051,172,48,14,34,124,107,17,27.906976744186046,8.13953488372093,19.767441860465116,72.09302325581395,62.2093023255814,9.883720930232558
E00131052,103,24,3,21,79,69,10,23.300970873786408,2.912621359223301,20.388349514563107,76.69902912621359,66.99029126213593,9.70873786407767
E00131053,137,38,13,25,99,82,17,27.73722627737226,9.48905109489051,18.248175182481752,72.26277372262774,59.854014598540154,12.408759124087592
E00131054,102,30,9,21,72,62,10,29.411764705882355,8.823529411764707,20.588235294117645,70.58823529411765,60.78431372549019,9.803921568627452
E00131055,121,31,12,19,90,67,23,25.6198347107438,9.917355371900827,15.702479338842975,74.3801652892562,55.371900826446286,19.00826446280992
E00131056,124,40,9,31,84,76,8,32.25806451612903,7.258064516129033,25,67.74193548387096,61.29032258064516,6.451612903225806
E00131057,149,54,23,31,95,79,16,36.241610738255034,15.436241610738255,20.80536912751678,63.758389261744966,53.02013422818792,10.738255033557047
E00131058,166,45,17,28,121,112,9,27.10843373493976,10.240963855421686,16.867469879518072,72.89156626506023,67.46987951807229,5.421686746987952
E00131059,155,41,12,29,114,93,21,26.451612903225808,7.741935483870968,18.70967741935484,73.54838709677419,60,13.548387096774196
E00131060,140,32,15,17,108,89,19,22.857142857142858,10.714285714285714,12.142857142857142,77.14285714285715,63.57142857142857,13.571428571428571
E00131061,155,39,14,25,116,106,10,25.161290322580644,9.032258064516128,16.129032258064516,74.83870967741936,68.38709677419355,6.451612903225806
E00131062,138,29,11,18,109,91,18,21.014492753623188,7.971014492753622,13.043478260869565,78.98550724637681,65.94202898550725,13.043478260869565
E00131063,176,52,11,41,124,106,18,29.545454545454547,6.25,23.295454545454543,70.45454545454545,60.22727272727273,10.227272727272728
E00131064,195,66,27,39,129,109,20,33.84615384615385,13.846153846153847,20,66.15384615384615,55.8974358974359,10.256410256410255
E00131065,102,27,8,19,75,67,8,26.47058823529412,7.8431372549019605,18.627450980392158,73.52941176470588,65.68627450980392,7.8431372549019605
E00131066,78,27,13,14,51,44,7,34.61538461538461,16.666666666666664,17.94871794871795,65.38461538461539,56.41025641025641,8.974358974358974
E00131067,117,33,10,23,84,70,14,28.205128205128204,8.547008547008547,19.65811965811966,71.7948717948718,59.82905982905983,11.965811965811966
E00131068,84,26,11,15,58,51,7,30.952380952380953,13.095238095238097,17.857142857142858,69.04761904761905,60.71428571428571,8.333333333333332
E00131069,128,43,10,33,85,75,10,33.59375,7.8125,25.78125,66.40625,58.59375,7.8125
E00131070,122,42,12,30,80,69,11,34.42622950819672,9.836065573770492,24.59016393442623,65.57377049180327,56.557377049180324,9.01639344262295
E00131071,138,41,15,26,97,87,10,29.71014492753623,10.869565217391305,18.84057971014493,70.28985507246377,63.04347826086957,7.246376811594203
E00131072,76,22,8,14,54,50,4,28.947368421052634,10.526315789473683,18.421052631578945,71.05263157894737,65.78947368421053,5.263157894736842
E00131073,109,27,9,18,82,70,12,24.770642201834864,8.256880733944955,16.51376146788991,75.22935779816514,64.22018348623854,11.009174311926607
E00131074,143,48,17,31,95,78,17,33.56643356643357,11.888111888111888,21.678321678321677,66.43356643356644,54.54545454545454,11.888111888111888
E00131075,167,55,21,34,112,90,22,32.93413173652694,12.574850299401197,20.359281437125748,67.06586826347305,53.89221556886228,13.17365269461078
E00131076,331,92,33,59,239,196,43,27.794561933534744,9.969788519637463,17.82477341389728,72.20543806646525,59.21450151057401,12.990936555891238
E00131077,132,47,13,34,85,63,22,35.60606060606061,9.848484848484848,25.757575757575758,64.39393939393939,47.72727272727273,16.666666666666664
E00131078,221,65,20,45,156,136,20,29.411764705882355,9.049773755656108,20.361990950226243,70.58823529411765,61.53846153846154,9.049773755656108
E00131081,115,38,11,27,77,65,12,33.04347826086956,9.565217391304348,23.47826086956522,66.95652173913044,56.52173913043478,10.434782608695652
E00131082,169,64,26,38,105,85,20,37.8698224852071,15.384615384615385,22.485207100591715,62.1301775147929,50.29585798816568,11.834319526627219
E00131083,164,47,18,29,117,95,22,28.65853658536585,10.975609756097562,17.682926829268293,71.34146341463415,57.92682926829268,13.414634146341465
E00131084,111,32,8,24,79,71,8,28.82882882882883,7.207207207207207,21.62162162162162,71.17117117117117,63.96396396396396,7.207207207207207
E00131085,153,43,17,26,110,99,11,28.104575163398692,11.11111111111111,16.99346405228758,71.89542483660131,64.70588235294117,7.18954248366013
E00131086,171,50,12,38,121,98,23,29.239766081871345,7.017543859649122,22.22222222222222,70.76023391812866,57.30994152046783,13.450292397660817
E00131087,279,66,12,54,213,164,49,23.655913978494624,4.301075268817205,19.35483870967742,76.34408602150538,58.78136200716846,17.562724014336915
E00131088,203,59,30,29,144,120,24,29.064039408866993,14.77832512315271,14.285714285714285,70.93596059113301,59.11330049261084,11.822660098522167
E00131089,274,76,31,45,198,163,35,27.73722627737226,11.313868613138686,16.423357664233578,72.26277372262774,59.48905109489051,12.773722627737227
E00131090,215,73,18,55,142,111,31,33.95348837209302,8.372093023255815,25.581395348837212,66.04651162790698,51.627906976744185,14.418604651162791
E00131091,157,47,11,36,110,99,11,29.936305732484076,7.006369426751593,22.929936305732486,70.06369426751591,63.05732484076433,7.006369426751593
E00131092,33,15,5,10,18,13,5,45.45454545454545,15.151515151515152,30.303030303030305,54.54545454545454,39.39393939393939,15.151515151515152
E00131093,97,24,6,18,73,67,6,24.742268041237114,6.185567010309279,18.556701030927837,75.25773195876289,69.0721649484536,6.185567010309279
E00131094,94,27,9,18,67,59,8,28.723404255319153,9.574468085106384,19.148936170212767,71.27659574468085,62.76595744680851,8.51063829787234
E00131095,110,38,17,21,72,65,7,34.54545454545455,15.454545454545453,19.090909090909093,65.45454545454545,59.09090909090909,6.363636363636363
E00131096,127,43,12,31,84,73,11,33.85826771653544,9.448818897637794,24.409448818897637,66.14173228346458,57.48031496062992,8.661417322834646
E00131097,152,36,10,26,116,96,20,23.684210526315788,6.578947368421052,17.105263157894736,76.31578947368422,63.1578947368421,13.157894736842104
E00131098,115,35,13,22,80,69,11,30.434782608695656,11.304347826086957,19.130434782608695,69.56521739130434,60,9.565217391304348
E00131099,195,48,15,33,147,117,30,24.615384615384617,7.6923076923076925,16.923076923076923,75.38461538461539,60,15.384615384615385
E00131100,142,33,13,20,109,95,14,23.239436619718308,9.15492957746479,14.084507042253522,76.76056338028168,66.90140845070422,9.859154929577464
E00131101,124,31,9,22,93,84,9,25,7.258064516129033,17.741935483870968,75,67.74193548387096,7.258064516129033
E00131102,140,31,7,24,109,95,14,22.142857142857142,5,17.142857142857142,77.85714285714286,67.85714285714286,10
E00131103,102,24,8,16,78,61,17,23.52941176470588,7.8431372549019605,15.686274509803921,76.47058823529412,59.80392156862745,16.666666666666664
E00131104,159,59,22,37,100,75,25,37.10691823899371,13.836477987421384,23.270440251572328,62.893081761006286,47.16981132075472,15.723270440251572
E00131105,79,29,10,19,50,36,14,36.708860759493675,12.658227848101266,24.050632911392405,63.29113924050633,45.56962025316456,17.72151898734177
E00131106,224,71,29,42,153,122,31,31.69642857142857,12.946428571428573,18.75,68.30357142857143,54.46428571428571,13.839285714285715
E00131107,93,30,14,16,63,55,8,32.25806451612903,15.053763440860216,17.20430107526882,67.74193548387096,59.13978494623656,8.60215053763441
E00131108,97,34,13,21,63,57,6,35.051546391752574,13.402061855670103,21.649484536082475,64.94845360824742,58.76288659793815,6.185567010309279
E00131109,101,29,13,16,72,46,26,28.71287128712871,12.871287128712872,15.841584158415841,71.28712871287128,45.54455445544555,25.742574257425744
E00131110,142,55,16,39,87,73,14,38.732394366197184,11.267605633802818,27.464788732394368,61.267605633802816,51.40845070422535,9.859154929577464
E00131111,108,41,19,22,67,51,16,37.96296296296296,17.59259259259259,20.37037037037037,62.03703703703704,47.22222222222222,14.814814814814813
E00131112,196,68,27,41,128,89,39,34.69387755102041,13.77551020408163,20.918367346938776,65.3061224489796,45.40816326530612,19.897959183673468
E00131113,191,66,28,38,125,102,23,34.55497382198953,14.659685863874344,19.895287958115183,65.44502617801047,53.403141361256544,12.041884816753926
E00131114,122,34,8,26,88,68,20,27.86885245901639,6.557377049180328,21.311475409836063,72.1311475409836,55.73770491803278,16.39344262295082
E00131115,204,57,26,31,147,126,21,27.941176470588236,12.745098039215685,15.196078431372548,72.05882352941177,61.76470588235294,10.294117647058822
E00131116,179,53,21,32,126,108,18,29.608938547486037,11.731843575418994,17.877094972067038,70.39106145251397,60.33519553072626,10.05586592178771
E00131118,129,35,15,20,94,72,22,27.131782945736433,11.627906976744185,15.503875968992247,72.86821705426357,55.81395348837209,17.05426356589147
E00131119,154,38,12,26,116,102,14,24.675324675324674,7.792207792207792,16.883116883116884,75.32467532467533,66.23376623376623,9.090909090909092
E00131120,116,34,9,25,82,72,10,29.310344827586203,7.758620689655173,21.551724137931032,70.6896551724138,62.06896551724138,8.620689655172415
E00131121,197,59,21,38,138,111,27,29.949238578680205,10.65989847715736,19.289340101522843,70.05076142131979,56.34517766497462,13.705583756345177
E00131122,216,65,18,47,151,135,16,30.09259259259259,8.333333333333332,21.75925925925926,69.9074074074074,62.5,7.4074074074074066
E00131123,116,29,11,18,87,81,6,25,9.482758620689655,15.517241379310345,75,69.82758620689656,5.172413793103448
E00131124,144,32,8,24,112,95,17,22.22222222222222,5.555555555555555,16.666666666666664,77.77777777777779,65.97222222222221,11.805555555555555
E00131126,156,46,11,35,110,101,9,29.48717948717949,7.051282051282051,22.435897435897438,70.51282051282051,64.74358974358975,5.769230769230769
E00131127,167,40,12,28,127,114,13,23.952095808383234,7.18562874251497,16.766467065868262,76.04790419161677,68.26347305389223,7.784431137724551
E00131128,98,19,9,10,79,62,17,19.387755102040817,9.183673469387756,10.204081632653061,80.61224489795919,63.26530612244898,17.346938775510203
E00131129,217,57,14,43,160,144,16,26.26728110599078,6.451612903225806,19.81566820276498,73.73271889400922,66.3594470046083,7.373271889400922
E00131130,208,58,20,38,150,119,31,27.884615384615387,9.615384615384617,18.269230769230766,72.11538461538461,57.21153846153846,14.903846153846153
E00131131,215,64,15,49,151,122,29,29.767441860465116,6.976744186046512,22.790697674418606,70.23255813953489,56.74418604651162,13.488372093023257
E00131132,166,43,12,31,123,104,19,25.903614457831324,7.228915662650602,18.67469879518072,74.09638554216868,62.65060240963856,11.44578313253012
E00131133,184,52,10,42,132,112,20,28.26086956521739,5.434782608695652,22.82608695652174,71.73913043478261,60.86956521739131,10.869565217391305
E00131134,196,48,12,36,148,133,15,24.489795918367346,6.122448979591836,18.367346938775512,75.51020408163265,67.85714285714286,7.653061224489796
E00131135,105,34,11,23,71,60,11,32.38095238095238,10.476190476190476,21.904761904761905,67.61904761904762,57.14285714285714,10.476190476190476
E00131136,113,27,3,24,86,74,12,23.893805309734514,2.6548672566371683,21.238938053097346,76.10619469026548,65.48672566371681,10.619469026548673
E00131137,77,21,8,13,56,51,5,27.27272727272727,10.38961038961039,16.883116883116884,72.72727272727273,66.23376623376623,6.493506493506493
E00131138,127,35,9,26,92,79,13,27.559055118110237,7.086614173228346,20.47244094488189,72.44094488188976,62.20472440944882,10.236220472440944
E00131139,96,30,11,19,66,60,6,31.25,11.458333333333332,19.791666666666664,68.75,62.5,6.25
E00131140,172,39,13,26,133,117,16,22.674418604651162,7.55813953488372,15.11627906976744,77.32558139534885,68.02325581395348,9.30232558139535
E00131141,160,49,16,33,111,87,24,30.625000000000004,10,20.625,69.375,54.37499999999999,15
E00131142,144,43,13,30,101,90,11,29.86111111111111,9.027777777777777,20.833333333333336,70.13888888888889,62.5,7.638888888888889
E00131143,214,59,19,40,155,130,25,27.570093457943923,8.878504672897195,18.69158878504673,72.42990654205607,60.747663551401864,11.682242990654206
E00131144,123,32,15,17,91,82,9,26.01626016260163,12.195121951219512,13.821138211382115,73.98373983739837,66.66666666666666,7.317073170731707
E00131145,132,48,16,32,84,77,7,36.36363636363637,12.121212121212121,24.242424242424242,63.63636363636363,58.333333333333336,5.303030303030303
E00131146,120,40,10,30,80,66,14,33.33333333333333,8.333333333333332,25,66.66666666666666,55.00000000000001,11.666666666666666
E00131147,136,42,15,27,94,84,10,30.88235294117647,11.029411764705882,19.852941176470587,69.11764705882352,61.76470588235294,7.352941176470589
E00131148,206,59,13,46,147,129,18,28.640776699029125,6.310679611650485,22.330097087378643,71.35922330097088,62.62135922330098,8.737864077669903
E00131150,172,48,13,35,124,104,20,27.906976744186046,7.55813953488372,20.348837209302324,72.09302325581395,60.46511627906976,11.627906976744185
E00131151,109,35,16,19,74,64,10,32.11009174311927,14.678899082568808,17.431192660550458,67.88990825688074,58.71559633027523,9.174311926605505
E00131152,167,44,16,28,123,98,25,26.34730538922156,9.580838323353294,16.766467065868262,73.65269461077844,58.68263473053892,14.97005988023952
E00131153,95,33,13,20,62,56,6,34.73684210526316,13.684210526315791,21.052631578947366,65.26315789473685,58.94736842105262,6.315789473684211
E00131154,80,28,9,19,52,47,5,35,11.25,23.75,65,58.75,6.25
E00131155,151,33,8,25,118,106,12,21.85430463576159,5.298013245033113,16.55629139072848,78.1456953642384,70.19867549668875,7.9470198675496695
E00131156,251,66,18,48,185,155,30,26.294820717131472,7.171314741035857,19.12350597609562,73.70517928286853,61.75298804780876,11.952191235059761
E00131157,138,45,14,31,93,84,9,32.608695652173914,10.144927536231885,22.463768115942027,67.3913043478261,60.86956521739131,6.521739130434782
E00131158,109,35,14,21,74,65,9,32.11009174311927,12.844036697247708,19.26605504587156,67.88990825688074,59.63302752293578,8.256880733944955
E00131159,151,48,18,30,103,89,14,31.788079470198678,11.920529801324504,19.867549668874172,68.21192052980133,58.94039735099338,9.271523178807946
E00131160,83,29,7,22,54,48,6,34.93975903614458,8.433734939759036,26.506024096385545,65.06024096385542,57.831325301204814,7.228915662650602
E00131161,156,49,24,25,107,95,12,31.41025641025641,15.384615384615385,16.025641025641026,68.58974358974359,60.89743589743589,7.6923076923076925
E00131162,119,43,19,24,76,62,14,36.134453781512605,15.966386554621847,20.168067226890756,63.86554621848739,52.10084033613446,11.76470588235294
E00131163,164,52,12,40,112,106,6,31.70731707317073,7.317073170731707,24.390243902439025,68.29268292682927,64.63414634146342,3.6585365853658534
E00131164,154,51,16,35,103,88,15,33.116883116883116,10.38961038961039,22.727272727272727,66.88311688311688,57.14285714285714,9.740259740259742
E00131165,241,57,20,37,184,164,20,23.651452282157674,8.29875518672199,15.352697095435685,76.34854771784232,68.04979253112033,8.29875518672199
E00131166,228,65,23,42,163,138,25,28.50877192982456,10.087719298245613,18.421052631578945,71.49122807017544,60.526315789473685,10.964912280701753
E00131167,204,49,11,38,155,136,19,24.019607843137255,5.392156862745098,18.627450980392158,75.98039215686273,66.66666666666666,9.313725490196079
E00131168,141,47,19,28,94,78,16,33.33333333333333,13.47517730496454,19.858156028368796,66.66666666666666,55.319148936170215,11.347517730496454
E00131169,155,39,13,26,116,107,9,25.161290322580644,8.38709677419355,16.7741935483871,74.83870967741936,69.03225806451613,5.806451612903226
E00131170,180,58,14,44,122,106,16,32.22222222222222,7.777777777777778,24.444444444444443,67.77777777777779,58.88888888888889,8.88888888888889
E00131171,138,36,12,24,102,94,8,26.08695652173913,8.695652173913043,17.391304347826086,73.91304347826086,68.11594202898551,5.797101449275362
E00131172,216,54,21,33,162,142,20,25,9.722222222222223,15.277777777777779,75,65.74074074074075,9.25925925925926
E00131173,181,46,10,36,135,112,23,25.41436464088398,5.524861878453039,19.88950276243094,74.58563535911603,61.87845303867403,12.70718232044199
E00131174,137,37,11,26,100,86,14,27.00729927007299,8.02919708029197,18.97810218978102,72.99270072992701,62.77372262773723,10.218978102189782
E00131175,199,40,16,24,159,137,22,20.100502512562816,8.040201005025125,12.060301507537687,79.89949748743719,68.84422110552764,11.055276381909549
E00131176,130,31,12,19,99,90,9,23.846153846153847,9.230769230769232,14.615384615384617,76.15384615384615,69.23076923076923,6.923076923076923
E00131177,150,33,9,24,117,100,17,22,6,16,78,66.66666666666666,11.333333333333332
E00131178,129,30,9,21,99,88,11,23.25581395348837,6.976744186046512,16.27906976744186,76.74418604651163,68.21705426356588,8.527131782945736
E00131179,244,65,16,49,179,157,22,26.639344262295083,6.557377049180328,20.081967213114755,73.36065573770492,64.34426229508196,9.01639344262295
E00131180,282,54,21,33,228,198,30,19.148936170212767,7.446808510638298,11.702127659574469,80.85106382978722,70.2127659574468,10.638297872340425
E00131181,132,39,10,29,93,76,17,29.545454545454547,7.575757575757576,21.96969696969697,70.45454545454545,57.57575757575758,12.878787878787879
E00131182,133,37,13,24,96,88,8,27.819548872180448,9.774436090225564,18.045112781954884,72.18045112781954,66.16541353383458,6.015037593984962
E00131183,192,51,22,29,141,125,16,26.5625,11.458333333333332,15.104166666666666,73.4375,65.10416666666666,8.333333333333332
E00131184,147,38,8,30,109,90,19,25.850340136054424,5.442176870748299,20.408163265306122,74.14965986394559,61.224489795918366,12.925170068027212
E00131185,186,45,18,27,141,130,11,24.193548387096776,9.67741935483871,14.516129032258066,75.80645161290323,69.89247311827957,5.913978494623656
E00131186,115,34,11,23,81,64,17,29.565217391304348,9.565217391304348,20,70.43478260869566,55.65217391304348,14.782608695652174
E00131187,156,43,12,31,113,93,20,27.564102564102566,7.6923076923076925,19.871794871794872,72.43589743589743,59.61538461538461,12.82051282051282
E00131191,154,43,13,30,111,101,10,27.92207792207792,8.441558441558442,19.480519480519483,72.07792207792207,65.5844155844156,6.493506493506493
E00131192,42,14,0,14,28,23,5,33.33333333333333,0,33.33333333333333,66.66666666666666,54.761904761904766,11.904761904761903
E00131193,214,48,15,33,166,146,20,22.429906542056074,7.009345794392523,15.42056074766355,77.57009345794393,68.22429906542055,9.345794392523365
E00131196,115,24,6,18,91,76,15,20.869565217391305,5.217391304347826,15.65217391304348,79.13043478260869,66.08695652173913,13.043478260869565
E00131197,117,22,7,15,95,84,11,18.803418803418804,5.982905982905983,12.82051282051282,81.19658119658119,71.7948717948718,9.401709401709402
E00131198,129,30,5,25,99,82,17,23.25581395348837,3.875968992248062,19.379844961240313,76.74418604651163,63.565891472868216,13.178294573643413
E00131199,106,27,5,22,79,69,10,25.471698113207548,4.716981132075472,20.754716981132077,74.52830188679245,65.09433962264151,9.433962264150944
E00131200,118,36,10,26,82,70,12,30.508474576271187,8.47457627118644,22.033898305084744,69.49152542372882,59.32203389830508,10.16949152542373
E00131201,144,45,9,36,99,92,7,31.25,6.25,25,68.75,63.888888888888886,4.861111111111112
E00131202,166,45,13,32,121,113,8,27.10843373493976,7.83132530120482,19.27710843373494,72.89156626506023,68.07228915662651,4.819277108433735
E00131203,148,45,12,33,103,87,16,30.405405405405407,8.108108108108109,22.2972972972973,69.5945945945946,58.78378378378378,10.81081081081081
E00131205,227,63,20,43,164,143,21,27.75330396475771,8.81057268722467,18.94273127753304,72.24669603524228,62.99559471365639,9.251101321585903
E00131206,154,41,11,30,113,97,16,26.623376623376622,7.142857142857142,19.480519480519483,73.37662337662337,62.98701298701299,10.38961038961039
E00131207,136,38,12,26,98,79,19,27.941176470588236,8.823529411764707,19.11764705882353,72.05882352941177,58.08823529411765,13.970588235294118
E00131208,93,22,4,18,71,61,10,23.655913978494624,4.301075268817205,19.35483870967742,76.34408602150538,65.59139784946237,10.75268817204301
E00131209,119,30,6,24,89,79,10,25.210084033613445,5.042016806722689,20.168067226890756,74.78991596638656,66.38655462184873,8.403361344537815
E00131210,204,50,19,31,154,137,17,24.509803921568626,9.313725490196079,15.196078431372548,75.49019607843137,67.15686274509804,8.333333333333332
E00131211,81,26,9,17,55,46,9,32.098765432098766,11.11111111111111,20.98765432098765,67.90123456790124,56.79012345679012,11.11111111111111
E00131212,226,55,20,35,171,158,13,24.336283185840706,8.849557522123893,15.486725663716813,75.66371681415929,69.91150442477876,5.752212389380531
E00131213,177,48,19,29,129,106,23,27.11864406779661,10.734463276836157,16.38418079096045,72.88135593220339,59.887005649717516,12.994350282485875
E00131214,186,52,20,32,134,114,20,27.956989247311824,10.75268817204301,17.20430107526882,72.04301075268818,61.29032258064516,10.75268817204301
E00131215,200,66,32,34,134,119,15,33,16,17,67,59.5,7.5
E00131216,286,88,40,48,198,170,28,30.76923076923077,13.986013986013987,16.783216783216783,69.23076923076923,59.44055944055944,9.79020979020979
E00131217,132,29,8,21,103,88,15,21.96969696969697,6.0606060606060606,15.909090909090908,78.03030303030303,66.66666666666666,11.363636363636363
E00131218,245,62,21,41,183,159,24,25.30612244897959,8.571428571428571,16.73469387755102,74.6938775510204,64.89795918367346,9.795918367346939
E00131220,187,48,13,35,139,124,15,25.668449197860966,6.951871657754011,18.71657754010695,74.33155080213903,66.31016042780749,8.0213903743315509
E00131222,205,51,19,32,154,129,25,24.878048780487806,9.268292682926829,15.609756097560975,75.1219512195122,62.926829268292686,12.195121951219512
E00131223,144,43,16,27,101,83,18,29.86111111111111,11.11111111111111,18.75,70.13888888888889,57.638888888888886,12.5
E00131224,131,35,16,19,96,76,20,26.717557251908396,12.213740458015266,14.50381679389313,73.2824427480916,58.01526717557252,15.267175572519085
E00131225,179,45,8,37,134,108,26,25.139664804469277,4.4692737430167595,20.670391061452513,74.86033519553072,60.33519553072626,14.52513966480447
E00131226,156,41,13,28,115,92,23,26.282051282051285,8.333333333333332,17.94871794871795,73.71794871794873,58.97435897435898,14.743589743589745
E00131227,120,33,8,25,87,74,13,27.500000000000004,6.666666666666667,20.833333333333336,72.5,61.66666666666667,10.833333333333334
E00131228,155,44,11,33,111,98,13,28.387096774193548,7.096774193548387,21.29032258064516,71.61290322580646,63.2258064516129,8.38709677419355
E00131230,241,64,11,53,177,162,15,26.556016597510375,4.564315352697095,21.991701244813278,73.44398340248964,67.21991701244814,6.224066390041494
E00131231,71,15,7,8,56,48,8,21.12676056338028,9.859154929577464,11.267605633802818,78.87323943661971,67.6056338028169,11.267605633802818
E00131232,119,40,10,30,79,72,7,33.61344537815126,8.403361344537815,25.210084033613445,66.38655462184873,60.50420168067227,5.88235294117647
E00131233,94,24,4,20,70,63,7,25.53191489361702,4.25531914893617,21.27659574468085,74.46808510638297,67.02127659574468,7.446808510638298
E00131234,118,33,18,15,85,66,19,27.966101694915253,15.254237288135593,12.711864406779661,72.03389830508475,55.932203389830505,16.101694915254235
E00131235,103,32,6,26,71,63,8,31.06796116504854,5.825242718446602,25.24271844660194,68.93203883495146,61.165048543689316,7.766990291262135
E00131236,147,32,7,25,115,101,14,21.768707482993197,4.761904761904762,17.006802721088434,78.2312925170068,68.70748299319727,9.523809523809524
E00131237,128,35,8,27,93,86,7,27.34375,6.25,21.09375,72.65625,67.1875,5.46875
E00131238,82,22,4,18,60,50,10,26.82926829268293,4.878048780487805,21.951219512195124,73.17073170731707,60.97560975609756,12.195121951219512
E00131239,130,44,12,32,86,69,17,33.84615384615385,9.230769230769232,24.615384615384617,66.15384615384615,53.07692307692308,13.076923076923078
E00131240,111,26,7,19,85,67,18,23.423423423423422,6.306306306306306,17.117117117117118,76.57657657657657,60.36036036036037,16.216216216216218
E00131241,210,58,15,43,152,130,22,27.61904761904762,7.142857142857142,20.476190476190474,72.38095238095238,61.904761904761905,10.476190476190476
E00131242,137,38,9,29,99,83,16,27.73722627737226,6.569343065693431,21.16788321167883,72.26277372262774,60.58394160583942,11.678832116788321
E00131243,129,35,14,21,94,76,18,27.131782945736433,10.852713178294573,16.27906976744186,72.86821705426357,58.91472868217055,13.953488372093023
E00131244,258,55,16,39,203,181,22,21.31782945736434,6.2015503875969,15.11627906976744,78.68217054263566,70.15503875968993,8.527131782945736
E00131246,198,55,20,35,143,130,13,27.77777777777778,10.1010101010101,17.67676767676768,72.22222222222221,65.65656565656566,6.565656565656567
E00131247,134,37,9,28,97,81,16,27.611940298507463,6.7164179104477615,20.8955223880597,72.38805970149254,60.447761194029844,11.940298507462686
E00131248,75,22,6,16,53,48,5,29.333333333333332,8,21.333333333333336,70.66666666666667,64,6.666666666666667
E00131249,131,26,9,17,105,94,11,19.84732824427481,6.870229007633588,12.977099236641221,80.1526717557252,71.7557251908397,8.396946564885496
E00131250,105,35,10,25,70,62,8,33.33333333333333,9.523809523809524,23.809523809523807,66.66666666666666,59.04761904761905,7.6190476190476195
E00131251,135,36,3,33,99,93,6,26.666666666666668,2.2222222222222223,24.444444444444443,73.33333333333333,68.88888888888889,4.444444444444445
E00131252,169,46,18,28,123,110,13,27.218934911242602,10.650887573964498,16.56804733727811,72.7810650887574,65.08875739644971,7.6923076923076925
E00131253,104,32,9,23,72,61,11,30.76923076923077,8.653846153846153,22.115384615384613,69.23076923076923,58.65384615384615,10.576923076923077
E00131254,106,32,9,23,74,65,9,30.18867924528302,8.49056603773585,21.69811320754717,69.81132075471697,61.32075471698113,8.49056603773585
E00131255,208,37,8,29,171,148,23,17.78846153846154,3.8461538461538463,13.942307692307693,82.21153846153845,71.15384615384616,11.057692307692307
E00131256,329,67,24,43,262,235,27,20.364741641337385,7.29483282674772,13.069908814589665,79.63525835866263,71.42857142857143,8.206686930091186
E00131257,221,59,20,39,162,151,11,26.69683257918552,9.049773755656108,17.647058823529413,73.303167420814475,68.32579185520362,4.97737556561086
E00131258,130,37,9,28,93,78,15,28.46153846153846,6.923076923076923,21.53846153846154,71.53846153846153,60,11.538461538461538
E00131259,94,34,6,28,60,53,7,36.17021276595745,6.382978723404255,29.78723404255319,63.829787234042556,56.38297872340425,7.446808510638298
E00131260,284,82,15,67,202,172,30,28.87323943661972,5.28169014084507,23.591549295774648,71.12676056338029,60.56338028169014,10.56338028169014
E00131261,150,45,12,33,105,93,12,30,8,22,70,62,8
E00131262,103,27,9,18,76,60,16,26.21359223300971,8.737864077669903,17.475728155339805,73.7864077669903,58.252427184466015,15.53398058252427
E00131263,192,58,22,36,134,113,21,30.208333333333332,11.458333333333332,18.75,69.79166666666666,58.854166666666664,10.9375
E00131264,171,46,11,35,125,103,22,26.900584795321635,6.432748538011696,20.46783625730994,73.09941520467837,60.23391812865497,12.865497076023392
E00131265,139,40,15,25,99,87,12,28.776978417266186,10.79136690647482,17.985611510791365,71.22302158273382,62.589928057553955,8.633093525179856
E00131267,143,43,15,28,100,79,21,30.069930069930066,10.48951048951049,19.58041958041958,69.93006993006993,55.24475524475524,14.685314685314685
E00131268,113,35,14,21,78,67,11,30.973451327433626,12.389380530973451,18.58407079646018,69.02654867256636,59.29203539823009,9.734513274336283
E00131269,43,13,1,12,30,26,4,30.23255813953488,2.3255813953488373,27.906976744186046,69.76744186046511,60.46511627906976,9.30232558139535
E00131270,20,4,4,0,16,15,1,20,20,0,80,75,5
E00131271,183,47,16,31,136,107,29,25.683060109289617,8.743169398907105,16.939890710382514,74.31693989071039,58.46994535519126,15.846994535519126
E00131272,101,25,10,15,76,65,11,24.752475247524753,9.900990099009901,14.85148514851485,75.24752475247524,64.35643564356435,10.891089108910892
E00131273,102,39,11,28,63,53,10,38.23529411764706,10.784313725490197,27.450980392156865,61.76470588235294,51.9607843137255,9.803921568627452
E00131274,89,25,10,15,64,52,12,28.08988764044944,11.235955056179774,16.853932584269664,71.91011235955057,58.42696629213483,13.48314606741573
E00131275,139,46,18,28,93,76,17,33.093525179856115,12.949640287769784,20.14388489208633,66.90647482014388,54.67625899280576,12.23021582733813
E00131276,123,38,15,23,85,74,11,30.89430894308943,12.195121951219512,18.69918699186992,69.10569105691057,60.16260162601627,8.94308943089431
E00131277,73,17,7,10,56,53,3,23.28767123287671,9.58904109589041,13.698630136986301,76.71232876712328,72.6027397260274,4.10958904109589
E00131278,167,56,17,39,111,97,14,33.532934131736525,10.179640718562874,23.353293413173652,66.46706586826348,58.08383233532935,8.383233532934131
E00131279,157,43,18,25,114,95,19,27.388535031847134,11.464968152866243,15.92356687898089,72.61146496815286,60.509554140127385,12.101910828025478
E00131280,303,72,20,52,231,192,39,23.762376237623762,6.6006600660066,17.16171617161716,76.23762376237624,63.366336633663366,12.871287128712872
E00131281,131,36,9,27,95,82,13,27.480916030534353,6.870229007633588,20.610687022900763,72.51908396946564,62.59541984732825,9.923664122137405
E00131283,193,55,17,38,138,112,26,28.497409326424872,8.808290155440414,19.689119170984455,71.50259067357513,58.03108808290155,13.471502590673575
E00131284,100,33,8,25,67,57,10,33,8,25,67,56.99999999999999,10
E00131285,106,23,5,18,83,72,11,21.69811320754717,4.716981132075472,16.9811320754717,78.30188679245283,67.9245283018868,10.377358490566039
E00131286,239,73,28,45,166,126,40,30.543933054393307,11.715481171548117,18.828451882845187,69.4560669456067,52.719665271966534,16.736401673640167
E00131287,152,50,17,33,102,86,16,32.89473684210527,11.18421052631579,21.710526315789476,67.10526315789474,56.57894736842105,10.526315789473683
E00131288,71,17,0,17,54,47,7,23.943661971830984,0,23.943661971830984,76.05633802816901,66.19718309859155,9.859154929577464
E00131289,212,73,18,55,139,106,33,34.43396226415094,8.49056603773585,25.943396226415093,65.56603773584906,50,15.566037735849056
E00131290,151,46,16,30,105,89,16,30.4635761589404,10.596026490066226,19.867549668874172,69.5364238410596,58.94039735099338,10.596026490066226
E00131292,25,7,1,6,18,9,9,28.000000000000004,4,24,72,36,36
E00131293,132,41,12,29,91,73,18,31.060606060606062,9.090909090909092,21.96969696969697,68.93939393939394,55.3030303030303,13.636363636363635
E00131294,74,19,6,13,55,46,9,25.675675675675674,8.108108108108109,17.56756756756757,74.32432432432432,62.16216216216216,12.162162162162163
E00131295,96,30,16,14,66,60,6,31.25,16.666666666666664,14.583333333333334,68.75,62.5,6.25
E00131296,144,45,14,31,99,82,17,31.25,9.722222222222223,21.52777777777778,68.75,56.94444444444444,11.805555555555555
E00131297,305,70,19,51,235,199,36,22.950819672131146,6.229508196721312,16.721311475409838,77.04918032786885,65.24590163934427,11.80327868852459
E00131298,111,37,13,24,74,65,9,33.33333333333333,11.711711711711711,21.62162162162162,66.66666666666666,58.55855855855856,8.108108108108109
E00131299,135,41,15,26,94,78,16,30.37037037037037,11.11111111111111,19.25925925925926,69.62962962962963,57.77777777777777,11.851851851851853
E00131300,101,30,9,21,71,54,17,29.7029702970297,8.91089108910891,20.792079207920793,70.29702970297029,53.46534653465347,16.831683168316832
E00131301,144,35,13,22,109,94,15,24.305555555555554,9.027777777777777,15.277777777777779,75.69444444444444,65.27777777777779,10.416666666666668
E00131302,108,37,13,24,71,64,7,34.25925925925926,12.037037037037036,22.22222222222222,65.74074074074075,59.25925925925925,6.481481481481481
E00131303,122,37,10,27,85,74,11,30.327868852459016,8.19672131147541,22.131147540983605,69.67213114754098,60.65573770491803,9.01639344262295
E00131304,131,36,18,18,95,83,12,27.480916030534353,13.740458015267176,13.740458015267176,72.51908396946564,63.358778625954194,9.16030534351145
E00131305,218,56,22,34,162,119,43,25.688073394495415,10.091743119266056,15.59633027522936,74.31192660550458,54.58715596330275,19.724770642201836
E00131306,165,51,26,25,114,79,35,30.909090909090907,15.757575757575756,15.151515151515152,69.0909090909091,47.878787878787875,21.21212121212121
E00131307,145,34,14,20,111,79,32,23.448275862068964,9.655172413793103,13.793103448275861,76.55172413793103,54.48275862068965,22.06896551724138
E00131308,93,29,9,20,64,51,13,31.182795698924732,9.67741935483871,21.50537634408602,68.81720430107528,54.83870967741935,13.978494623655912
E00131309,188,45,18,27,143,118,25,23.93617021276596,9.574468085106384,14.361702127659576,76.06382978723404,62.76595744680851,13.297872340425531
E00131311,103,30,10,20,73,68,5,29.126213592233007,9.70873786407767,19.41747572815534,70.87378640776699,66.01941747572816,4.854368932038835
E00131312,224,68,19,49,156,127,29,30.357142857142854,8.482142857142858,21.875,69.64285714285714,56.69642857142857,12.946428571428573
E00131313,84,27,10,17,57,48,9,32.142857142857146,11.904761904761903,20.238095238095237,67.85714285714286,57.14285714285714,10.714285714285714
E00131314,80,24,9,15,56,40,16,30,11.25,18.75,70,50,20
E00131315,187,61,25,36,126,107,19,32.62032085561498,13.368983957219251,19.25133689839572,67.37967914438502,57.21925133689839,10.16042780748663
E00131316,96,38,11,27,58,53,5,39.58333333333333,11.458333333333332,28.125,60.416666666666664,55.208333333333336,5.208333333333334
E00131317,128,34,10,24,94,80,14,26.5625,7.8125,18.75,73.4375,62.5,10.9375
E00131318,126,32,9,23,94,84,10,25.396825396825395,7.142857142857142,18.253968253968253,74.60317460317461,66.66666666666666,7.936507936507936
E00131319,105,33,7,26,72,59,13,31.428571428571427,6.666666666666667,24.761904761904763,68.57142857142857,56.19047619047619,12.380952380952381
E00131320,109,42,15,27,67,54,13,38.53211009174312,13.761467889908257,24.770642201834864,61.46788990825688,49.54128440366973,11.926605504587156
E00131321,186,44,16,28,142,126,16,23.655913978494624,8.60215053763441,15.053763440860216,76.34408602150538,67.74193548387096,8.60215053763441
E00131322,132,37,7,30,95,79,16,28.030303030303028,5.303030303030303,22.727272727272727,71.96969696969697,59.84848484848485,12.121212121212121
E00131324,161,43,13,30,118,95,23,26.70807453416149,8.074534161490684,18.633540372670808,73.29192546583852,59.006211180124225,14.285714285714285
E00131325,161,54,11,43,107,91,16,33.54037267080746,6.832298136645963,26.70807453416149,66.45962732919256,56.52173913043478,9.937888198757763
E00131326,325,67,18,49,258,231,27,20.615384615384617,5.538461538461538,15.076923076923077,79.38461538461539,71.07692307692308,8.307692307692308
E00131327,91,30,6,24,61,53,8,32.967032967032964,6.593406593406594,26.373626373626376,67.03296703296702,58.24175824175825,8.791208791208792
E00131328,174,47,21,26,127,104,23,27.011494252873565,12.068965517241379,14.942528735632186,72.98850574712644,59.77011494252874,13.218390804597702
E00131329,119,35,11,24,84,71,13,29.411764705882355,9.243697478991598,20.168067226890756,70.58823529411765,59.66386554621849,10.92436974789916
E00131330,164,43,15,28,121,91,30,26.21951219512195,9.146341463414634,17.073170731707318,73.78048780487805,55.487804878048784,18.29268292682927
E00131331,278,79,35,44,199,149,50,28.41726618705036,12.589928057553957,15.827338129496402,71.58273381294964,53.597122302158276,17.985611510791365
E00131332,166,49,26,23,117,83,34,29.518072289156628,15.66265060240964,13.855421686746988,70.48192771084338,50,20.481927710843372
E00131333,173,51,20,31,122,100,22,29.47976878612717,11.560693641618498,17.91907514450867,70.52023121387283,57.80346820809249,12.716763005780345
E00131334,146,54,31,23,92,72,20,36.986301369863014,21.232876712328768,15.753424657534246,63.013698630136986,49.31506849315068,13.698630136986301
E00131335,100,31,14,17,69,53,16,31,14.000000000000002,17,69,53,16
E00131336,93,29,12,17,64,47,17,31.182795698924732,12.903225806451612,18.27956989247312,68.81720430107528,50.53763440860215,18.27956989247312
E00131337,114,31,5,26,83,62,21,27.192982456140353,4.385964912280701,22.807017543859647,72.80701754385966,54.385964912280706,18.421052631578945
E00170659,86,32,11,21,54,46,8,37.2093023255814,12.790697674418606,24.418604651162788,62.7906976744186,53.48837209302325,9.30232558139535
E00170660,213,65,20,45,148,123,25,30.51643192488263,9.389671361502346,21.12676056338028,69.48356807511738,57.74647887323944,11.737089201877934
E00170661,142,39,10,29,103,91,12,27.464788732394368,7.042253521126761,20.422535211267608,72.53521126760563,64.08450704225352,8.450704225352112
E00170662,102,26,7,19,76,70,6,25.49019607843137,6.862745098039216,18.627450980392158,74.50980392156863,68.62745098039215,5.88235294117647
E00170663,123,30,7,23,93,85,8,24.390243902439025,5.691056910569105,18.69918699186992,75.60975609756098,69.10569105691057,6.504065040650407
E00170664,140,43,6,37,97,87,10,30.714285714285715,4.285714285714286,26.42857142857143,69.28571428571428,62.142857142857146,7.142857142857142
E00170665,142,35,10,25,107,90,17,24.647887323943664,7.042253521126761,17.6056338028169,75.35211267605634,63.38028169014085,11.971830985915492
E00170666,296,63,11,52,233,200,33,21.283783783783782,3.7162162162162162,17.56756756756757,78.71621621621621,67.56756756756756,11.14864864864865
E00170668,262,59,17,42,203,167,36,22.519083969465647,6.488549618320611,16.030534351145036,77.48091603053436,63.74045801526718,13.740458015267176
E00170669,178,43,13,30,135,113,22,24.15730337078652,7.303370786516854,16.853932584269664,75.84269662921348,63.48314606741573,12.359550561797752
E00170670,169,40,11,29,129,105,24,23.668639053254438,6.508875739644971,17.159763313609467,76.33136094674556,62.1301775147929,14.201183431952662
E00170671,159,44,16,28,115,97,18,27.67295597484277,10.062893081761008,17.61006289308176,72.32704402515722,61.0062893081761,11.320754716981133
E00170672,155,39,11,28,116,95,21,25.161290322580644,7.096774193548387,18.064516129032256,74.83870967741936,61.29032258064516,13.548387096774196
E00170673,89,23,7,16,66,61,5,25.842696629213485,7.865168539325842,17.97752808988764,74.15730337078652,68.53932584269663,5.617977528089887
E00170674,117,42,22,20,75,60,15,35.8974358974359,18.803418803418804,17.094017094017094,64.1025641025641,51.28205128205128,12.82051282051282
E00170675,157,43,15,28,114,94,20,27.388535031847134,9.554140127388536,17.8343949044586,72.61146496815286,59.87261146496815,12.738853503184714
E00170676,170,52,21,31,118,91,27,30.58823529411765,12.352941176470589,18.235294117647058,69.41176470588235,53.529411764705884,15.88235294117647
E00170677,301,90,23,67,211,176,35,29.900332225913623,7.641196013289036,22.259136212624583,70.09966777408638,58.4717607973422,11.627906976744185
E00170678,172,45,11,34,127,108,19,26.16279069767442,6.395348837209303,19.767441860465116,73.83720930232558,62.7906976744186,11.046511627906977
E00170679,261,82,25,57,179,145,34,31.417624521072796,9.578544061302683,21.839080459770116,68.5823754789272,55.55555555555556,13.026819923371647
E00170680,178,56,19,37,122,109,13,31.46067415730337,10.674157303370785,20.786516853932586,68.53932584269663,61.23595505617978,7.303370786516854
E00170681,161,50,18,32,111,92,19,31.05590062111801,11.180124223602485,19.875776397515526,68.94409937888199,57.14285714285714,11.801242236024844
E00170682,197,65,15,50,132,117,15,32.99492385786802,7.614213197969544,25.380710659898476,67.00507614213198,59.390862944162436,7.614213197969544
E00170683,97,33,14,19,64,54,10,34.02061855670103,14.432989690721648,19.587628865979383,65.97938144329896,55.670103092783506,10.309278350515463
E00170684,258,48,12,36,210,181,29,18.6046511627907,4.651162790697675,13.953488372093023,81.3953488372093,70.15503875968993,11.24031007751938
E00187340,155,40,10,30,115,94,21,25.806451612903224,6.451612903225806,19.35483870967742,74.19354838709677,60.64516129032258,13.548387096774196
E00187342,183,57,16,41,126,103,23,31.147540983606557,8.743169398907105,22.404371584699454,68.85245901639344,56.284153005464475,12.568306010928962
E00187344,196,51,14,37,145,124,21,26.02040816326531,7.142857142857142,18.877551020408163,73.9795918367347,63.26530612244898,10.714285714285714
E00187348,71,22,9,13,49,41,8,30.985915492957744,12.676056338028168,18.30985915492958,69.01408450704226,57.74647887323944,11.267605633802818
E00187351,129,17,8,9,112,88,24,13.178294573643413,6.2015503875969,6.976744186046512,86.82170542635659,68.21705426356588,18.6046511627907
E00187353,148,45,17,28,103,85,18,30.405405405405407,11.486486486486488,18.91891891891892,69.5945945945946,57.432432432432435,12.162162162162163
E00187369,217,44,13,31,173,152,21,20.276497695852534,5.990783410138248,14.285714285714285,79.72350230414746,70.04608294930875,9.67741935483871
E00187375,206,40,13,27,166,150,16,19.41747572815534,6.310679611650485,13.106796116504855,80.58252427184466,72.81553398058253,7.766990291262135
E00187381,217,49,17,32,168,138,30,22.58064516129032,7.834101382488479,14.746543778801843,77.41935483870968,63.594470046082954,13.82488479262673
E00187383,169,47,11,36,122,106,16,27.810650887573964,6.508875739644971,21.301775147928996,72.18934911242604,62.721893491124256,9.467455621301776
E00187397,101,30,10,20,71,57,14,29.7029702970297,9.900990099009901,19.801980198019802,70.29702970297029,56.43564356435643,13.861386138613863
E00187408,133,41,15,26,92,77,15,30.82706766917293,11.278195488721805,19.548872180451127,69.17293233082707,57.89473684210527,11.278195488721805
E00187410,157,39,13,26,118,95,23,24.840764331210192,8.280254777070063,16.560509554140125,75.15923566878982,60.509554140127385,14.64968152866242
E00187414,269,69,24,45,200,180,20,25.650557620817843,8.921933085501859,16.728624535315987,74.34944237918215,66.91449814126395,7.434944237918216
E00187420,148,48,17,31,100,76,24,32.432432432432435,11.486486486486488,20.945945945945947,67.56756756756756,51.35135135135135,16.216216216216218
E00187431,130,21,7,14,109,98,11,16.153846153846153,5.384615384615385,10.76923076923077,83.84615384615385,75.38461538461539,8.461538461538462
E00187433,113,13,1,12,100,94,6,11.504424778761061,0.8849557522123894,10.619469026548673,88.49557522123894,83.1858407079646,5.3097345132743365
E00187442,383,83,19,64,300,268,32,21.671018276762403,4.960835509138381,16.710182767624023,78.3289817232376,69.9738903394256,8.355091383812011
E00187443,312,77,29,48,235,199,36,24.679487179487182,9.294871794871796,15.384615384615385,75.32051282051282,63.78205128205128,11.538461538461538
E00187449,115,34,12,22,81,67,14,29.565217391304348,10.434782608695652,19.130434782608695,70.43478260869566,58.26086956521739,12.173913043478262
E00187467,79,23,4,19,56,46,10,29.11392405063291,5.063291139240507,24.050632911392405,70.88607594936708,58.22784810126582,12.658227848101266
E00187473,147,37,19,18,110,94,16,25.170068027210885,12.925170068027212,12.244897959183673,74.82993197278913,63.94557823129252,10.884353741496598
E00187476,203,50,14,36,153,134,19,24.63054187192118,6.896551724137931,17.733990147783253,75.36945812807882,66.00985221674877,9.35960591133005
E00187484,179,36,11,25,143,129,14,20.11173184357542,6.145251396648044,13.966480446927374,79.88826815642457,72.06703910614524,7.82122905027933
E00187487,160,46,10,36,114,100,14,28.749999999999996,6.25,22.5,71.25,62.5,8.75
E00187493,189,47,14,33,142,120,22,24.867724867724867,7.4074074074074066,17.46031746031746,75.13227513227513,63.49206349206349,11.64021164021164
E00187494,83,33,15,18,50,40,10,39.75903614457831,18.072289156626507,21.686746987951807,60.24096385542169,48.19277108433735,12.048192771084338
E00187496,81,29,12,17,52,47,5,35.80246913580247,14.814814814814813,20.98765432098765,64.19753086419753,58.0246913580247,6.172839506172839
