OA,ts0380001,ts0380002,ts0380003,ts0380004,ts0380005,ts0380006,ts0380007,ts0380002_PCT,ts0380003_PCT,ts0380004_PCT,ts0380005_PCT,ts0380006_PCT,ts0380007_PCT
E00092757,279,54,18,36,225,24,201,19.35483870967742,6.451612903225806,12.903225806451612,80.64516129032258,8.60215053763441,72.04301075268818
E00092758,271,55,15,40,216,23,193,20.29520295202952,5.535055350553505,14.760147601476014,79.70479704797047,8.487084870848708,71.21771217712177
E00092759,285,47,24,23,238,34,204,16.49122807017544,8.421052631578947,8.070175438596491,83.50877192982456,11.929824561403509,71.57894736842105
E00092760,486,81,31,50,405,39,366,16.666666666666664,6.378600823045268,10.2880658436214,83.33333333333334,8.024691358024691,75.30864197530865
E00092761,304,40,14,26,264,39,225,13.157894736842104,4.605263157894736,8.552631578947368,86.8421052631579,12.828947368421053,74.01315789473685
E00092763,262,55,23,32,207,21,186,20.99236641221374,8.778625954198473,12.213740458015266,79.00763358778626,8.015267175572518,70.99236641221374
E00092764,263,43,19,24,220,29,191,16.34980988593156,7.224334600760455,9.125475285171103,83.65019011406845,11.02661596958175,72.6235741444867
E00092765,317,72,20,52,245,21,224,22.71293375394322,6.309148264984227,16.40378548895899,77.28706624605678,6.624605678233439,70.66246056782335
E00092766,265,38,11,27,227,28,199,14.339622641509434,4.150943396226415,10.18867924528302,85.66037735849056,10.566037735849058,75.09433962264151
E00092767,292,78,41,37,214,22,192,26.71232876712329,14.04109589041096,12.67123287671233,73.28767123287672,7.534246575342466,65.75342465753424
E00092768,409,42,17,25,367,38,329,10.268948655256724,4.156479217603912,6.112469437652812,89.73105134474328,9.290953545232274,80.440097799511
E00092769,215,66,32,34,149,26,123,30.697674418604652,14.883720930232558,15.813953488372093,69.30232558139535,12.093023255813954,57.20930232558139
E00092770,279,53,23,30,226,18,208,18.996415770609318,8.24372759856631,10.75268817204301,81.00358422939068,6.451612903225806,74.55197132616487
E00092771,355,58,22,36,297,19,278,16.338028169014084,6.197183098591549,10.140845070422536,83.66197183098592,5.352112676056338,78.30985915492957
E00092772,274,50,19,31,224,18,206,18.248175182481752,6.934306569343065,11.313868613138686,81.75182481751825,6.569343065693431,75.18248175182481
E00092773,164,46,19,27,118,11,107,28.04878048780488,11.585365853658537,16.463414634146343,71.95121951219512,6.707317073170732,65.2439024390244
E00092774,270,62,26,36,208,21,187,22.962962962962962,9.62962962962963,13.333333333333334,77.03703703703704,7.777777777777778,69.25925925925925
E00092775,275,60,21,39,215,18,197,21.818181818181817,7.636363636363637,14.181818181818182,78.18181818181819,6.545454545454546,71.63636363636363
E00092776,279,53,14,39,226,33,193,18.996415770609318,5.017921146953405,13.978494623655912,81.00358422939068,11.827956989247312,69.17562724014337
E00092777,296,60,41,19,236,16,220,20.27027027027027,13.85135135135135,6.418918918918918,79.72972972972973,5.405405405405405,74.32432432432432
E00092778,223,62,21,41,161,21,140,27.802690582959645,9.417040358744394,18.385650224215247,72.19730941704036,9.417040358744394,62.78026905829597
E00092779,319,59,27,32,260,27,233,18.495297805642632,8.463949843260188,10.031347962382444,81.50470219435736,8.463949843260188,73.04075235109718
E00092780,316,94,43,51,222,26,196,29.746835443037973,13.60759493670886,16.139240506329113,70.25316455696202,8.227848101265822,62.0253164556962
E00092781,268,96,54,42,172,19,153,35.82089552238806,20.149253731343283,15.671641791044777,64.17910447761194,7.08955223880597,57.08955223880597
E00092782,316,101,47,54,215,20,195,31.962025316455694,14.873417721518987,17.088607594936708,68.0379746835443,6.329113924050633,61.70886075949367
E00092783,192,78,38,40,114,16,98,40.625,19.791666666666664,20.833333333333336,59.375,8.333333333333332,51.041666666666664
E00092784,291,49,22,27,242,28,214,16.83848797250859,7.560137457044673,9.278350515463918,83.16151202749141,9.621993127147768,73.53951890034365
E00092785,262,49,12,37,213,22,191,18.702290076335878,4.580152671755725,14.122137404580155,81.29770992366412,8.396946564885496,72.90076335877863
E00092786,308,44,13,31,264,34,230,14.285714285714285,4.220779220779221,10.064935064935066,85.71428571428571,11.03896103896104,74.67532467532467
E00092787,322,34,15,19,288,39,249,10.559006211180124,4.658385093167702,5.900621118012422,89.44099378881988,12.111801242236025,77.32919254658384
E00092788,327,40,13,27,287,32,255,12.232415902140673,3.9755351681957185,8.256880733944955,87.76758409785933,9.785932721712538,77.98165137614679
E00092790,316,33,7,26,283,26,257,10.443037974683545,2.2151898734177213,8.227848101265822,89.55696202531645,8.227848101265822,81.32911392405063
E00092791,477,98,44,54,379,47,332,20.545073375262053,9.224318658280922,11.320754716981133,79.45492662473794,9.853249475890985,69.60167714884696
E00092792,237,38,15,23,199,19,180,16.033755274261605,6.329113924050633,9.70464135021097,83.96624472573839,8.016877637130802,75.9493670886076
E00092793,319,49,11,38,270,27,243,15.360501567398119,3.4482758620689653,11.912225705329153,84.63949843260188,8.463949843260188,76.17554858934169
E00092794,240,25,11,14,215,20,195,10.416666666666668,4.583333333333333,5.833333333333333,89.58333333333334,8.333333333333332,81.25
E00092795,175,61,32,29,114,11,103,34.85714285714286,18.285714285714285,16.57142857142857,65.14285714285715,6.2857142857142865,58.857142857142854
E00092796,290,54,22,32,236,21,215,18.620689655172416,7.586206896551724,11.03448275862069,81.37931034482759,7.241379310344828,74.13793103448276
E00092797,575,68,27,41,507,50,457,11.826086956521738,4.695652173913043,7.130434782608695,88.17391304347825,8.695652173913043,79.47826086956522
E00092798,477,56,30,26,421,22,399,11.740041928721174,6.289308176100629,5.450733752620545,88.25995807127882,4.612159329140461,83.64779874213836
E00092799,158,27,11,16,131,14,117,17.088607594936708,6.962025316455696,10.126582278481013,82.91139240506328,8.860759493670885,74.0506329113924
E00092800,368,56,19,37,312,38,274,15.217391304347828,5.163043478260869,10.054347826086957,84.78260869565217,10.326086956521738,74.45652173913044
E00092801,201,36,13,23,165,14,151,17.91044776119403,6.467661691542288,11.442786069651742,82.08955223880598,6.965174129353234,75.12437810945273
E00092802,370,39,10,29,331,28,303,10.54054054054054,2.7027027027027026,7.837837837837839,89.45945945945945,7.567567567567568,81.89189189189189
E00092803,307,45,14,31,262,20,242,14.65798045602606,4.5602605863192185,10.097719869706841,85.34201954397395,6.514657980456026,78.82736156351791
E00092804,324,33,10,23,291,24,267,10.185185185185185,3.0864197530864197,7.098765432098765,89.81481481481481,7.4074074074074066,82.4074074074074
E00092806,193,33,14,19,160,11,149,17.098445595854923,7.253886010362693,9.844559585492227,82.90155440414507,5.699481865284974,77.2020725388601
E00092807,453,59,14,45,394,35,359,13.024282560706402,3.090507726269316,9.933774834437086,86.9757174392936,7.72626931567329,79.24944812362031
E00092808,190,26,8,18,164,17,147,13.684210526315791,4.2105263157894735,9.473684210526317,86.31578947368422,8.947368421052632,77.36842105263158
E00092809,544,73,30,43,471,47,424,13.419117647058822,5.514705882352941,7.904411764705882,86.58088235294117,8.63970588235294,77.94117647058823
E00092811,346,82,40,42,264,27,237,23.699421965317917,11.560693641618498,12.138728323699421,76.30057803468208,7.803468208092486,68.4971098265896
E00092813,248,74,26,48,174,17,157,29.838709677419356,10.483870967741936,19.35483870967742,70.16129032258065,6.854838709677419,63.306451612903224
E00092815,279,68,32,36,211,22,189,24.372759856630825,11.469534050179211,12.903225806451612,75.62724014336918,7.885304659498208,67.74193548387096
E00092816,308,58,23,35,250,36,214,18.83116883116883,7.467532467532467,11.363636363636363,81.16883116883116,11.688311688311687,69.48051948051948
E00092817,299,64,25,39,235,25,210,21.40468227424749,8.361204013377927,13.043478260869565,78.59531772575251,8.361204013377927,70.23411371237458
E00092818,272,50,18,32,222,22,200,18.38235294117647,6.61764705882353,11.76470588235294,81.61764705882352,8.088235294117647,73.52941176470588
E00092820,233,40,12,28,193,28,165,17.167381974248926,5.150214592274678,12.017167381974248,82.83261802575107,12.017167381974248,70.81545064377683
E00092821,320,77,38,39,243,27,216,24.0625,11.875,12.1875,75.9375,8.4375,67.5
E00092822,277,51,18,33,226,27,199,18.4115523465704,6.4981949458483745,11.913357400722022,81.58844765342961,9.747292418772563,71.84115523465704
E00092823,477,94,35,59,383,33,350,19.70649895178197,7.337526205450734,12.368972746331238,80.29350104821803,6.918238993710692,73.37526205450735
E00092825,211,53,20,33,158,16,142,25.118483412322274,9.47867298578199,15.639810426540285,74.88151658767772,7.5829383886255926,67.29857819905213
E00092826,281,79,30,49,202,19,183,28.11387900355872,10.676156583629894,17.437722419928825,71.88612099644128,6.761565836298933,65.12455516014235
E00092827,564,107,58,49,457,50,407,18.97163120567376,10.28368794326241,8.687943262411348,81.02836879432624,8.865248226950355,72.16312056737588
E00092828,232,45,17,28,187,30,157,19.396551724137932,7.327586206896551,12.068965517241379,80.60344827586206,12.931034482758621,67.67241379310344
E00092829,267,57,26,31,210,37,173,21.34831460674157,9.737827715355806,11.610486891385769,78.65168539325843,13.857677902621724,64.7940074906367
E00092830,322,69,30,39,253,22,231,21.428571428571427,9.316770186335404,12.111801242236025,78.57142857142857,6.832298136645963,71.73913043478261
E00092831,270,43,12,31,227,23,204,15.925925925925927,4.444444444444445,11.481481481481481,84.07407407407408,8.518518518518519,75.55555555555556
E00092832,200,69,48,21,131,9,122,34.5,24,10.5,65.5,4.5,61
E00092833,317,65,23,42,252,30,222,20.50473186119874,7.255520504731862,13.249211356466878,79.49526813880126,9.46372239747634,70.03154574132492
E00092835,278,59,19,40,219,24,195,21.223021582733814,6.83453237410072,14.388489208633093,78.77697841726618,8.633093525179856,70.14388489208633
E00092836,261,59,20,39,202,30,172,22.60536398467433,7.662835249042145,14.942528735632186,77.39463601532567,11.494252873563218,65.90038314176245
E00092837,268,33,9,24,235,24,211,12.313432835820896,3.3582089552238807,8.955223880597014,87.68656716417911,8.955223880597014,78.73134328358209
E00092838,228,45,18,27,183,16,167,19.736842105263158,7.894736842105263,11.842105263157894,80.26315789473685,7.017543859649122,73.24561403508771
E00092839,271,42,13,29,229,19,210,15.498154981549817,4.797047970479705,10.70110701107011,84.50184501845018,7.011070110701106,77.49077490774908
E00092841,412,101,50,51,311,32,279,24.514563106796118,12.135922330097088,12.37864077669903,75.48543689320388,7.766990291262135,67.71844660194175
E00092842,361,104,56,48,257,16,241,28.80886426592798,15.512465373961218,13.29639889196676,71.19113573407202,4.43213296398892,66.7590027700831
E00092843,350,92,38,54,258,25,233,26.285714285714285,10.857142857142858,15.428571428571427,73.71428571428571,7.142857142857142,66.57142857142857
E00092845,323,71,37,34,252,14,238,21.981424148606813,11.455108359133128,10.526315789473683,78.0185758513932,4.3343653250774,73.68421052631578
E00092846,314,39,9,30,275,33,242,12.420382165605096,2.8662420382165608,9.554140127388536,87.57961783439491,10.509554140127388,77.07006369426752
E00092847,320,69,31,38,251,17,234,21.5625,9.6875,11.875,78.4375,5.3125,73.125
E00092848,355,108,57,51,247,28,219,30.422535211267604,16.056338028169016,14.366197183098592,69.57746478873239,7.887323943661972,61.69014084507042
E00092849,366,82,33,49,284,21,263,22.404371584699454,9.01639344262295,13.387978142076504,77.59562841530054,5.737704918032787,71.85792349726776
E00092850,305,35,13,22,270,22,248,11.475409836065573,4.2622950819672125,7.213114754098362,88.52459016393442,7.213114754098362,81.31147540983606
E00092851,368,74,26,48,294,24,270,20.108695652173914,7.065217391304348,13.043478260869565,79.8913043478261,6.521739130434782,73.36956521739131
E00092852,262,54,23,31,208,21,187,20.610687022900763,8.778625954198473,11.83206106870229,79.38931297709924,8.015267175572518,71.37404580152672
E00092853,269,47,14,33,222,16,206,17.472118959107807,5.204460966542751,12.267657992565056,82.5278810408922,5.947955390334572,76.57992565055763
E00092854,248,44,18,26,204,18,186,17.741935483870968,7.258064516129033,10.483870967741936,82.25806451612904,7.258064516129033,75
E00092855,284,64,31,33,220,28,192,22.535211267605636,10.915492957746478,11.619718309859154,77.46478873239437,9.859154929577464,67.6056338028169
E00092856,283,69,21,48,214,19,195,24.381625441696116,7.420494699646643,16.96113074204947,75.61837455830388,6.713780918727916,68.90459363957598
E00092857,315,83,35,48,232,25,207,26.34920634920635,11.11111111111111,15.238095238095239,73.65079365079366,7.936507936507936,65.71428571428571
E00092858,392,79,32,47,313,43,270,20.153061224489797,8.16326530612245,11.989795918367346,79.8469387755102,10.96938775510204,68.87755102040816
E00092860,344,57,14,43,287,35,252,16.569767441860463,4.069767441860465,12.5,83.43023255813954,10.174418604651162,73.25581395348837
E00092861,267,38,11,27,229,18,211,14.232209737827715,4.119850187265917,10.112359550561797,85.76779026217228,6.741573033707865,79.02621722846442
E00092862,335,73,33,40,262,19,243,21.791044776119403,9.850746268656717,11.940298507462686,78.2089552238806,5.6716417910447765,72.53731343283583
E00092863,301,44,16,28,257,23,234,14.61794019933555,5.3156146179401995,9.30232558139535,85.38205980066445,7.641196013289036,77.74086378737542
E00092864,412,121,81,40,291,45,246,29.36893203883495,19.66019417475728,9.70873786407767,70.63106796116504,10.922330097087379,59.70873786407766
E00092865,440,56,18,38,384,33,351,12.727272727272727,4.090909090909091,8.636363636363637,87.27272727272727,7.5,79.77272727272727
E00092866,285,37,8,29,248,22,226,12.982456140350877,2.807017543859649,10.175438596491228,87.01754385964912,7.719298245614035,79.2982456140351
E00092867,295,35,11,24,260,22,238,11.864406779661017,3.728813559322034,8.135593220338983,88.13559322033898,7.457627118644068,80.67796610169492
E00092868,377,37,7,30,340,35,305,9.814323607427056,1.8567639257294428,7.957559681697612,90.18567639257294,9.283819628647215,80.90185676392572
E00092869,206,33,6,27,173,7,166,16.019417475728158,2.912621359223301,13.106796116504855,83.98058252427184,3.3980582524271843,80.58252427184466
E00092870,337,40,12,28,297,27,270,11.869436201780417,3.5608308605341246,8.30860534124629,88.13056379821958,8.011869436201781,80.1186943620178
E00092871,312,34,14,20,278,33,245,10.897435897435898,4.487179487179487,6.41025641025641,89.1025641025641,10.576923076923077,78.52564102564102
E00092872,271,35,10,25,236,29,207,12.915129151291513,3.6900369003690034,9.22509225092251,87.08487084870849,10.70110701107011,76.38376383763837
E00092873,315,65,25,40,250,26,224,20.634920634920633,7.936507936507936,12.698412698412698,79.36507936507937,8.253968253968253,71.11111111111111
E00092874,305,79,47,32,226,31,195,25.901639344262296,15.40983606557377,10.491803278688524,74.09836065573771,10.163934426229508,63.934426229508205
E00092875,303,29,11,18,274,25,249,9.570957095709572,3.6303630363036308,5.9405940594059405,90.42904290429043,8.25082508250825,82.17821782178217
E00092876,293,66,20,46,227,23,204,22.525597269624573,6.825938566552901,15.699658703071673,77.47440273037543,7.849829351535837,69.6245733788396
E00092877,265,33,17,16,232,19,213,12.452830188679245,6.415094339622642,6.037735849056604,87.54716981132076,7.169811320754717,80.37735849056604
E00092878,273,41,11,30,232,40,192,15.018315018315018,4.029304029304029,10.989010989010989,84.98168498168498,14.652014652014653,70.32967032967034
E00092879,312,37,15,22,275,18,257,11.858974358974358,4.807692307692308,7.051282051282051,88.14102564102564,5.769230769230769,82.37179487179486
E00092880,234,32,7,25,202,22,180,13.675213675213676,2.9914529914529915,10.683760683760683,86.32478632478633,9.401709401709402,76.92307692307693
E00092881,297,45,16,29,252,28,224,15.151515151515152,5.387205387205387,9.764309764309765,84.84848484848484,9.427609427609427,75.42087542087542
E00092882,270,28,7,21,242,22,220,10.37037037037037,2.5925925925925926,7.777777777777778,89.62962962962962,8.148148148148149,81.48148148148148
E00092883,307,58,34,24,249,35,214,18.892508143322477,11.074918566775244,7.81758957654723,81.10749185667753,11.400651465798045,69.70684039087948
E00092884,327,88,48,40,239,30,209,26.911314984709477,14.678899082568808,12.232415902140673,73.08868501529052,9.174311926605505,63.91437308868502
E00092885,298,41,13,28,257,34,223,13.758389261744966,4.3624161073825505,9.395973154362416,86.24161073825503,11.409395973154362,74.83221476510067
E00092886,315,53,20,33,262,32,230,16.825396825396826,6.349206349206349,10.476190476190476,83.17460317460318,10.158730158730158,73.01587301587301
E00092887,487,67,25,42,420,47,373,13.75770020533881,5.133470225872689,8.624229979466119,86.242299794661193,9.650924024640657,76.59137577002053
E00092888,288,53,24,29,235,24,211,18.40277777777778,8.333333333333332,10.069444444444445,81.59722222222221,8.333333333333332,73.26388888888889
E00092889,409,83,30,53,326,37,289,20.293398533007334,7.334963325183375,12.95843520782396,79.70660146699267,9.04645476772616,70.6601466992665
E00092890,260,48,12,36,212,20,192,18.461538461538463,4.615384615384616,13.846153846153847,81.53846153846153,7.6923076923076925,73.84615384615385
E00092891,285,49,20,29,236,34,202,17.192982456140353,7.017543859649122,10.175438596491228,82.80701754385966,11.929824561403509,70.87719298245614
E00092892,266,42,10,32,224,15,209,15.789473684210526,3.7593984962406015,12.030075187969924,84.21052631578947,5.639097744360902,78.57142857142857
E00092894,227,57,24,33,170,15,155,25.11013215859031,10.572687224669604,14.537444933920703,74.8898678414097,6.607929515418502,68.28193832599119
E00092895,268,30,11,19,238,26,212,11.194029850746269,4.104477611940299,7.08955223880597,88.80597014925374,9.701492537313433,79.1044776119403
E00092896,237,59,23,36,178,16,162,24.894514767932492,9.70464135021097,15.18987341772152,75.10548523206751,6.751054852320674,68.35443037974683
E00092897,610,89,37,52,521,42,479,14.59016393442623,6.065573770491803,8.524590163934425,85.40983606557377,6.885245901639345,78.52459016393442
E00092898,296,58,28,30,238,14,224,19.594594594594593,9.45945945945946,10.135135135135135,80.4054054054054,4.72972972972973,75.67567567567568
E00092899,225,87,52,35,138,10,128,38.666666666666664,23.11111111111111,15.555555555555555,61.33333333333333,4.444444444444445,56.888888888888886
E00092900,301,45,21,24,256,26,230,14.950166112956811,6.976744186046512,7.973421926910299,85.04983388704319,8.637873754152823,76.41196013289037
E00092901,280,38,13,25,242,23,219,13.571428571428571,4.642857142857143,8.928571428571429,86.42857142857143,8.214285714285714,78.21428571428571
E00092902,391,40,16,24,351,25,326,10.230179028132993,4.092071611253197,6.138107416879795,89.769820971867,6.3938618925831205,83.37595907928389
E00092903,302,33,9,24,269,23,246,10.927152317880795,2.980132450331126,7.9470198675496695,89.0728476821192,7.6158940397351,81.45695364238411
E00092904,318,40,19,21,278,27,251,12.578616352201259,5.9748427672955975,6.60377358490566,87.42138364779875,8.49056603773585,78.9308176100629
E00092905,273,36,7,29,237,18,219,13.186813186813188,2.564102564102564,10.622710622710622,86.81318681318682,6.593406593406594,80.21978021978022
E00092906,249,49,16,33,200,26,174,19.67871485943775,6.425702811244979,13.253012048192772,80.32128514056225,10.441767068273093,69.87951807228916
E00092907,301,83,42,41,218,23,195,27.57475083056478,13.953488372093023,13.621262458471762,72.42524916943522,7.641196013289036,64.78405315614619
E00092908,191,21,11,10,170,11,159,10.99476439790576,5.7591623036649215,5.2356020942408374,89.00523560209425,5.7591623036649215,83.24607329842932
E00092909,302,52,12,40,250,39,211,17.218543046357617,3.9735099337748347,13.245033112582782,82.78145695364239,12.91390728476821,69.86754966887418
E00092910,298,53,23,30,245,19,226,17.78523489932886,7.718120805369128,10.06711409395973,82.21476510067114,6.375838926174497,75.83892617449665
E00092911,325,41,12,29,284,32,252,12.615384615384615,3.6923076923076925,8.923076923076923,87.38461538461539,9.846153846153847,77.53846153846153
E00092912,205,40,15,25,165,9,156,19.51219512195122,7.317073170731707,12.195121951219512,80.48780487804879,4.390243902439024,76.09756097560975
E00092913,290,52,20,32,238,12,226,17.93103448275862,6.896551724137931,11.03448275862069,82.06896551724138,4.137931034482759,77.93103448275862
E00092914,272,36,11,25,236,25,211,13.23529411764706,4.044117647058823,9.191176470588236,86.76470588235294,9.191176470588236,77.57352941176471
E00092915,335,40,9,31,295,28,267,11.940298507462686,2.6865671641791042,9.253731343283581,88.05970149253731,8.358208955223882,79.70149253731343
E00092916,289,49,17,32,240,40,200,16.955017301038062,5.88235294117647,11.072664359861593,83.04498269896193,13.84083044982699,69.20415224913495
E00092918,266,37,15,22,229,25,204,13.909774436090224,5.639097744360902,8.270676691729323,86.09022556390977,9.398496240601503,76.69172932330827
E00092919,254,50,19,31,204,23,181,19.68503937007874,7.480314960629922,12.204724409448819,80.31496062992126,9.05511811023622,71.25984251968504
E00092920,302,71,31,40,231,21,210,23.509933774834437,10.264900662251655,13.245033112582782,76.49006622516556,6.95364238410596,69.5364238410596
E00092921,435,52,16,36,383,26,357,11.954022988505747,3.67816091954023,8.275862068965518,88.04597701149424,5.977011494252873,82.06896551724138
E00092922,310,68,30,38,242,15,227,21.935483870967744,9.67741935483871,12.258064516129032,78.06451612903226,4.838709677419355,73.22580645161291
E00092923,299,56,17,39,243,22,221,18.729096989966553,5.68561872909699,13.043478260869565,81.27090301003345,7.357859531772576,73.91304347826086
E00092924,331,49,19,30,282,27,255,14.803625377643503,5.740181268882175,9.06344410876133,85.1963746223565,8.157099697885197,77.0392749244713
E00092925,278,52,24,28,226,29,197,18.705035971223023,8.633093525179856,10.071942446043165,81.29496402877699,10.431654676258994,70.86330935251799
E00092926,335,74,32,42,261,29,232,22.08955223880597,9.55223880597015,12.53731343283582,77.91044776119404,8.656716417910449,69.25373134328359
E00092927,265,40,11,29,225,33,192,15.09433962264151,4.150943396226415,10.943396226415095,84.90566037735849,12.452830188679245,72.45283018867924
E00092928,277,43,17,26,234,21,213,15.523465703971121,6.137184115523466,9.386281588447654,84.47653429602889,7.581227436823104,76.89530685920577
E00092929,496,105,39,66,391,40,351,21.16935483870968,7.862903225806452,13.306451612903224,78.83064516129032,8.064516129032258,70.76612903225806
E00092930,392,104,63,41,288,40,248,26.53061224489796,16.071428571428573,10.459183673469388,73.46938775510205,10.204081632653061,63.26530612244898
E00092931,335,43,16,27,292,27,265,12.835820895522387,4.776119402985075,8.059701492537313,87.16417910447761,8.059701492537313,79.1044776119403
E00092933,349,74,30,44,275,21,254,21.20343839541547,8.595988538681947,12.607449856733524,78.79656160458453,6.017191977077363,72.77936962750717
E00092934,353,73,32,41,280,34,246,20.679886685552407,9.06515580736544,11.614730878186968,79.3201133144476,9.631728045325778,69.68838526912181
E00092935,204,37,15,22,167,20,147,18.137254901960784,7.352941176470589,10.784313725490197,81.86274509803921,9.803921568627452,72.05882352941177
E00092936,500,108,57,51,392,21,371,21.6,11.4,10.2,78.4,4.2,74.2
E00092937,257,42,13,29,215,27,188,16.342412451361866,5.058365758754864,11.284046692607005,83.65758754863813,10.505836575875486,73.15175097276264
E00092938,290,68,28,40,222,21,201,23.448275862068964,9.655172413793103,13.793103448275861,76.55172413793103,7.241379310344828,69.3103448275862
E00092939,204,69,27,42,135,20,115,33.82352941176471,13.23529411764706,20.588235294117645,66.17647058823529,9.803921568627452,56.372549019607845
E00092940,262,73,21,52,189,22,167,27.86259541984733,8.015267175572518,19.84732824427481,72.13740458015268,8.396946564885496,63.74045801526718
E00092941,240,48,16,32,192,29,163,20,6.666666666666667,13.333333333333334,80,12.083333333333334,67.91666666666667
E00092942,232,43,24,19,189,14,175,18.53448275862069,10.344827586206897,8.189655172413794,81.46551724137932,6.0344827586206895,75.43103448275862
E00092943,247,37,13,24,210,13,197,14.979757085020243,5.263157894736842,9.7165991902834,85.02024291497976,5.263157894736842,79.75708502024291
E00092944,321,53,14,39,268,28,240,16.510903426791277,4.361370716510903,12.149532710280374,83.48909657320873,8.722741433021806,74.76635514018692
E00092945,385,40,12,28,345,32,313,10.38961038961039,3.116883116883117,7.2727272727272725,89.6103896103896,8.311688311688311,81.2987012987013
E00092946,282,45,9,36,237,20,217,15.957446808510639,3.1914893617021276,12.76595744680851,84.04255319148936,7.092198581560284,76.95035460992908
E00092947,306,65,34,31,241,34,207,21.241830065359476,11.11111111111111,10.130718954248366,78.75816993464052,11.11111111111111,67.64705882352942
E00092948,295,44,12,32,251,34,217,14.915254237288137,4.067796610169491,10.847457627118644,85.08474576271186,11.525423728813559,73.5593220338983
E00092950,263,39,8,31,224,19,205,14.82889733840304,3.041825095057034,11.787072243346007,85.17110266159695,7.224334600760455,77.9467680608365
E00092952,334,69,36,33,265,26,239,20.65868263473054,10.778443113772456,9.880239520958083,79.34131736526946,7.784431137724551,71.55688622754491
E00092953,298,80,42,38,218,24,194,26.845637583892618,14.093959731543624,12.751677852348994,73.15436241610739,8.053691275167784,65.1006711409396
E00092954,292,37,14,23,255,25,230,12.67123287671233,4.794520547945205,7.876712328767123,87.32876712328768,8.561643835616438,78.76712328767124
E00092955,237,20,3,17,217,24,193,8.438818565400844,1.2658227848101267,7.172995780590717,91.56118143459916,10.126582278481013,81.43459915611815
E00092956,399,58,22,36,341,35,306,14.536340852130325,5.513784461152882,9.022556390977442,85.46365914786968,8.771929824561402,76.69172932330827
E00092957,186,23,6,17,163,16,147,12.365591397849462,3.225806451612903,9.13978494623656,87.63440860215054,8.60215053763441,79.03225806451613
E00092958,231,34,12,22,197,29,168,14.71861471861472,5.194805194805195,9.523809523809524,85.28138528138528,12.554112554112553,72.72727272727273
E00092960,544,77,38,39,467,43,424,14.154411764705882,6.985294117647059,7.169117647058823,85.84558823529412,7.904411764705882,77.94117647058823
E00092962,279,58,21,37,221,19,202,20.78853046594982,7.526881720430108,13.261648745519713,79.21146953405018,6.810035842293908,72.40143369175627
E00092963,248,56,25,31,192,17,175,22.58064516129032,10.080645161290322,12.5,77.41935483870968,6.854838709677419,70.56451612903226
E00092964,311,61,23,38,250,25,225,19.614147909967848,7.395498392282958,12.218649517684888,80.38585209003215,8.038585209003216,72.34726688102894
E00092965,235,88,41,47,147,13,134,37.4468085106383,17.4468085106383,20,62.5531914893617,5.531914893617021,57.02127659574469
E00092966,310,43,14,29,267,26,241,13.870967741935484,4.516129032258064,9.35483870967742,86.12903225806451,8.38709677419355,77.74193548387098
E00092967,394,50,18,32,344,31,313,12.690355329949238,4.568527918781726,8.121827411167512,87.30964467005076,7.868020304568528,79.44162436548223
E00092968,298,49,14,35,249,35,214,16.44295302013423,4.697986577181208,11.74496644295302,83.55704697986577,11.74496644295302,71.81208053691275
E00092969,333,47,18,29,286,24,262,14.114114114114114,5.405405405405405,8.708708708708707,85.88588588588588,7.207207207207207,78.67867867867868
E00092970,433,49,12,37,384,51,333,11.316397228637413,2.771362586605081,8.545034642032332,88.68360277136259,11.778290993071593,76.905311778291
E00092971,352,54,21,33,298,21,277,15.340909090909092,5.965909090909091,9.375,84.6590909090909,5.965909090909091,78.69318181818183
E00092972,313,65,24,41,248,30,218,20.766773162939298,7.667731629392971,13.099041533546327,79.2332268370607,9.584664536741213,69.6485623003195
E00092973,271,34,10,24,237,26,211,12.546125461254611,3.6900369003690034,8.856088560885608,87.4538745387454,9.59409594095941,77.85977859778598
E00092974,247,69,37,32,178,19,159,27.93522267206478,14.979757085020243,12.955465587044534,72.06477732793523,7.6923076923076925,64.37246963562752
E00092975,411,145,91,54,266,20,246,35.27980535279806,22.14111922141119,13.138686131386862,64.72019464720195,4.866180048661801,59.854014598540154
E00092976,167,58,27,31,109,11,98,34.73053892215569,16.16766467065868,18.562874251497004,65.26946107784431,6.58682634730539,58.68263473053892
E00092977,280,36,12,24,244,24,220,12.857142857142856,4.285714285714286,8.571428571428571,87.14285714285714,8.571428571428571,78.57142857142857
E00092978,287,64,29,35,223,23,200,22.299651567944252,10.104529616724738,12.195121951219512,77.70034843205575,8.013937282229964,69.68641114982579
E00092979,275,50,25,25,225,18,207,18.181818181818183,9.090909090909092,9.090909090909092,81.81818181818183,6.545454545454546,75.27272727272727
E00092980,269,67,23,44,202,20,182,24.907063197026023,8.550185873605948,16.356877323420075,75.09293680297398,7.434944237918216,67.65799256505576
E00092981,240,55,18,37,185,17,168,22.916666666666664,7.5,15.416666666666668,77.08333333333334,7.083333333333333,70
E00092982,351,81,43,38,270,29,241,23.076923076923077,12.250712250712251,10.826210826210826,76.92307692307693,8.262108262108262,68.66096866096866
E00092983,267,54,22,32,213,24,189,20.224719101123593,8.239700374531834,11.985018726591761,79.7752808988764,8.98876404494382,70.78651685393258
E00092984,288,42,7,35,246,26,220,14.583333333333334,2.430555555555556,12.152777777777777,85.41666666666666,9.027777777777777,76.38888888888889
E00092985,264,49,26,23,215,19,196,18.560606060606062,9.848484848484848,8.712121212121213,81.43939393939394,7.196969696969697,74.24242424242425
E00092986,322,45,17,28,277,27,250,13.975155279503104,5.279503105590062,8.695652173913043,86.0248447204969,8.385093167701864,77.63975155279503
E00092987,247,49,27,22,198,20,178,19.838056680161944,10.931174089068826,8.906882591093117,80.16194331983806,8.097165991902834,72.06477732793523
E00092988,301,67,30,37,234,32,202,22.259136212624583,9.966777408637874,12.29235880398671,77.74086378737542,10.631229235880399,67.109634551495
E00092989,228,48,24,24,180,26,154,21.052631578947366,10.526315789473683,10.526315789473683,78.94736842105263,11.403508771929824,67.54385964912281
E00092990,225,48,23,25,177,11,166,21.333333333333336,10.222222222222223,11.11111111111111,78.66666666666666,4.888888888888889,73.77777777777777
E00092991,294,72,31,41,222,24,198,24.489795918367346,10.54421768707483,13.945578231292515,75.51020408163265,8.16326530612245,67.3469387755102
E00092992,303,69,29,40,234,21,213,22.772277227722775,9.570957095709572,13.2013201320132,77.22772277227723,6.9306930693069315,70.29702970297029
E00092993,326,50,23,27,276,39,237,15.337423312883436,7.05521472392638,8.282208588957054,84.66257668711657,11.96319018404908,72.69938650306749
E00092994,329,66,23,43,263,32,231,20.060790273556233,6.990881458966565,13.069908814589665,79.93920972644378,9.72644376899696,70.2127659574468
E00092995,177,24,8,16,153,14,139,13.559322033898304,4.519774011299435,9.03954802259887,86.4406779661017,7.909604519774012,78.53107344632768
E00092996,315,60,23,37,255,27,228,19.047619047619047,7.301587301587302,11.746031746031745,80.95238095238095,8.571428571428571,72.38095238095238
E00092997,459,57,21,36,402,43,359,12.418300653594772,4.57516339869281,7.8431372549019605,87.58169934640523,9.368191721132897,78.21350762527233
E00092998,278,54,15,39,224,30,194,19.424460431654676,5.39568345323741,14.028776978417264,80.57553956834532,10.79136690647482,69.7841726618705
E00092999,297,60,24,36,237,28,209,20.2020202020202,8.080808080808081,12.121212121212121,79.7979797979798,9.427609427609427,70.37037037037037
E00093000,266,45,20,25,221,19,202,16.917293233082706,7.518796992481203,9.398496240601503,83.0827067669173,7.142857142857142,75.93984962406014
E00093001,324,63,29,34,261,31,230,19.444444444444446,8.950617283950617,10.493827160493826,80.55555555555556,9.5679012345679,70.98765432098766
E00093002,322,64,25,39,258,32,226,19.875776397515526,7.763975155279502,12.111801242236025,80.12422360248446,9.937888198757763,70.1863354037267
E00093003,346,68,23,45,278,34,244,19.653179190751445,6.6473988439306355,13.005780346820808,80.34682080924856,9.826589595375722,70.52023121387283
E00093004,251,58,27,31,193,25,168,23.107569721115535,10.756972111553784,12.350597609561753,76.89243027888446,9.9601593625498,66.93227091633466
E00093005,290,46,20,26,244,19,225,15.862068965517242,6.896551724137931,8.96551724137931,84.13793103448276,6.551724137931035,77.58620689655173
E00093006,308,65,25,40,243,12,231,21.1038961038961,8.116883116883116,12.987012987012985,78.8961038961039,3.896103896103896,75
E00093007,301,47,16,31,254,21,233,15.614617940199334,5.3156146179401995,10.299003322259136,84.38538205980066,6.976744186046512,77.40863787375415
E00093008,330,95,45,50,235,20,215,28.78787878787879,13.636363636363635,15.151515151515152,71.21212121212122,6.0606060606060606,65.15151515151516
E00093009,317,48,15,33,269,33,236,15.141955835962145,4.73186119873817,10.410094637223976,84.85804416403786,10.410094637223976,74.44794952681389
E00093010,277,46,17,29,231,24,207,16.60649819494585,6.137184115523466,10.469314079422382,83.39350180505414,8.664259927797833,74.72924187725631
E00093011,305,47,15,32,258,32,226,15.40983606557377,4.918032786885246,10.491803278688524,84.59016393442623,10.491803278688524,74.09836065573771
E00093012,221,51,21,30,170,26,144,23.076923076923077,9.502262443438914,13.574660633484163,76.92307692307693,11.76470588235294,65.15837104072398
E00093013,319,59,26,33,260,38,222,18.495297805642632,8.150470219435736,10.344827586206897,81.50470219435736,11.912225705329153,69.59247648902821
E00093014,247,51,14,37,196,22,174,20.647773279352226,5.668016194331984,14.979757085020243,79.35222672064778,8.906882591093117,70.44534412955466
E00093016,269,57,21,36,212,33,179,21.189591078066915,7.806691449814126,13.382899628252787,78.81040892193309,12.267657992565056,66.54275092936803
E00093017,236,42,17,25,194,10,184,17.796610169491526,7.203389830508475,10.59322033898305,82.20338983050848,4.23728813559322,77.96610169491525
E00093018,222,55,30,25,167,20,147,24.774774774774773,13.513513513513514,11.26126126126126,75.22522522522522,9.00900900900901,66.21621621621621
E00093019,368,55,20,35,313,31,282,14.945652173913043,5.434782608695652,9.510869565217392,85.05434782608695,8.423913043478262,76.63043478260869
E00093020,322,72,37,35,250,33,217,22.36024844720497,11.490683229813664,10.869565217391305,77.63975155279503,10.248447204968944,67.3913043478261
E00093021,256,41,16,25,215,20,195,16.015625,6.25,9.765625,83.984375,7.8125,76.171875
E00093023,264,54,23,31,210,25,185,20.454545454545457,8.712121212121213,11.742424242424242,79.54545454545455,9.469696969696969,70.07575757575758
E00093024,341,77,35,42,264,20,244,22.58064516129032,10.263929618768328,12.316715542521994,77.41935483870968,5.865102639296188,71.5542521994135
E00093025,265,55,18,37,210,21,189,20.754716981132077,6.7924528301886795,13.962264150943396,79.24528301886792,7.9245283018867925,71.32075471698113
E00093026,453,85,29,56,368,40,328,18.76379690949227,6.401766004415011,12.362030905077264,81.23620309050773,8.830022075055188,72.40618101545255
E00093029,246,45,11,34,201,24,177,18.29268292682927,4.471544715447155,13.821138211382115,81.70731707317073,9.75609756097561,71.95121951219512
E00093030,239,42,13,29,197,23,174,17.573221757322173,5.439330543933055,12.133891213389122,82.42677824267783,9.623430962343097,72.80334728033473
E00093031,263,47,22,25,216,15,201,17.870722433460077,8.365019011406844,9.505703422053232,82.12927756653993,5.7034220532319395,76.42585551330798
E00093033,328,85,48,37,243,34,209,25.914634146341463,14.634146341463413,11.28048780487805,74.08536585365853,10.365853658536585,63.71951219512195
E00093035,224,48,19,29,176,20,156,21.428571428571427,8.482142857142858,12.946428571428573,78.57142857142857,8.928571428571429,69.64285714285714
E00093036,267,51,22,29,216,31,185,19.101123595505616,8.239700374531834,10.861423220973784,80.89887640449437,11.610486891385769,69.28838951310861
E00093037,231,76,24,52,155,21,134,32.900432900432904,10.38961038961039,22.51082251082251,67.09956709956711,9.090909090909092,58.00865800865801
E00093038,432,84,38,46,348,43,305,19.444444444444446,8.796296296296296,10.648148148148149,80.55555555555556,9.953703703703704,70.60185185185185
E00093039,314,47,17,30,267,22,245,14.968152866242038,5.414012738853503,9.554140127388536,85.03184713375796,7.006369426751593,78.02547770700637
E00093041,240,52,20,32,188,19,169,21.666666666666668,8.333333333333332,13.333333333333334,78.33333333333333,7.916666666666666,70.41666666666667
E00093042,289,39,9,30,250,29,221,13.494809688581316,3.1141868512110724,10.380622837370241,86.50519031141869,10.034602076124568,76.47058823529412
E00093043,343,40,7,33,303,39,264,11.661807580174926,2.0408163265306123,9.620991253644315,88.33819241982506,11.370262390670554,76.96793002915452
E00093044,529,73,14,59,456,55,401,13.799621928166353,2.6465028355387523,11.153119092627598,86.20037807183365,10.396975425330812,75.80340264650283
E00093046,344,46,15,31,298,26,272,13.372093023255813,4.3604651162790695,9.011627906976743,86.62790697674419,7.55813953488372,79.06976744186046
E00093048,337,39,11,28,298,17,281,11.572700296735905,3.2640949554896146,8.30860534124629,88.4272997032641,5.044510385756676,83.38278931750742
E00093049,341,63,25,38,278,30,248,18.475073313782993,7.331378299120235,11.143695014662756,81.52492668621701,8.797653958944283,72.72727272727273
E00093050,295,34,13,21,261,18,243,11.525423728813559,4.406779661016949,7.118644067796611,88.47457627118645,6.101694915254238,82.37288135593221
E00093051,313,53,25,28,260,26,234,16.93290734824281,7.987220447284344,8.945686900958465,83.06709265175719,8.30670926517572,74.76038338658148
E00093052,427,55,24,31,372,41,331,12.88056206088993,5.620608899297424,7.259953161592506,87.11943793911007,9.601873536299765,77.51756440281031
E00093053,356,75,29,46,281,24,257,21.06741573033708,8.146067415730338,12.921348314606742,78.93258426966293,6.741573033707865,72.19101123595506
E00093055,377,52,23,29,325,28,297,13.793103448275861,6.10079575596817,7.6923076923076925,86.20689655172413,7.427055702917771,78.77984084880637
E00093056,270,45,19,26,225,20,205,16.666666666666664,7.037037037037037,9.62962962962963,83.33333333333334,7.4074074074074066,75.92592592592592
E00093058,315,41,6,35,274,18,256,13.015873015873018,1.9047619047619049,11.11111111111111,86.98412698412699,5.714285714285714,81.26984126984127
E00093059,400,115,56,59,285,30,255,28.749999999999996,14.000000000000002,14.75,71.25,7.5,63.74999999999999
E00093060,296,54,17,37,242,29,213,18.243243243243242,5.743243243243244,12.5,81.75675675675676,9.797297297297296,71.95945945945947
E00093062,299,35,16,19,264,27,237,11.705685618729097,5.351170568561873,6.354515050167224,88.2943143812709,9.03010033444816,79.26421404682274
E00093064,227,47,32,15,180,17,163,20.704845814977972,14.096916299559473,6.607929515418502,79.29515418502203,7.488986784140969,71.80616740088107
E00093066,193,28,10,18,165,20,145,14.507772020725387,5.181347150259067,9.32642487046632,85.49222797927462,10.362694300518134,75.12953367875647
E00093067,262,42,16,26,220,20,200,16.030534351145036,6.106870229007633,9.923664122137405,83.96946564885496,7.633587786259542,76.33587786259542
E00093068,289,49,17,32,240,27,213,16.955017301038062,5.88235294117647,11.072664359861593,83.04498269896193,9.342560553633218,73.70242214532871
E00093069,233,46,19,27,187,19,168,19.742489270386265,8.15450643776824,11.587982832618025,80.25751072961373,8.15450643776824,72.1030042918455
E00093070,325,45,17,28,280,23,257,13.846153846153847,5.230769230769231,8.615384615384615,86.15384615384616,7.076923076923077,79.07692307692308
E00093071,246,38,19,19,208,16,192,15.447154471544716,7.723577235772358,7.723577235772358,84.5528455284553,6.504065040650407,78.04878048780488
E00093072,462,60,30,30,402,30,372,12.987012987012985,6.493506493506493,6.493506493506493,87.01298701298701,6.493506493506493,80.51948051948052
E00093073,339,50,11,39,289,26,263,14.749262536873156,3.2448377581120944,11.504424778761061,85.25073746312685,7.669616519174041,77.5811209439528
E00093074,466,67,17,50,399,29,370,14.377682403433475,3.648068669527897,10.72961373390558,85.62231759656652,6.223175965665236,79.39914163090128
E00093075,332,36,11,25,296,27,269,10.843373493975903,3.313253012048193,7.530120481927711,89.1566265060241,8.132530120481928,81.02409638554217
E00093076,300,58,22,36,242,33,209,19.333333333333332,7.333333333333333,12,80.66666666666666,11,69.66666666666667
E00093077,474,62,16,46,412,19,393,13.080168776371309,3.375527426160337,9.70464135021097,86.91983122362869,4.008438818565401,82.91139240506328
E00093078,333,63,32,31,270,25,245,18.91891891891892,9.60960960960961,9.30930930930931,81.08108108108108,7.5075075075075075,73.57357357357357
E00093080,480,127,79,48,353,53,300,26.458333333333332,16.458333333333332,10,73.54166666666667,11.041666666666666,62.5
E00093081,293,57,26,31,236,23,213,19.453924914675767,8.873720136518772,10.580204778156997,80.54607508532423,7.849829351535837,72.6962457337884
E00093082,226,61,27,34,165,16,149,26.991150442477874,11.946902654867257,15.04424778761062,73.00884955752213,7.079646017699115,65.929203539823
E00093083,225,62,26,36,163,12,151,27.555555555555557,11.555555555555555,16,72.44444444444444,5.333333333333334,67.11111111111111
E00093084,353,41,20,21,312,11,301,11.614730878186968,5.6657223796034,5.94900849858357,88.38526912181302,3.1161473087818696,85.26912181303116
E00093085,360,55,21,34,305,26,279,15.277777777777779,5.833333333333333,9.444444444444445,84.72222222222221,7.222222222222221,77.5
E00093086,380,49,17,32,331,15,316,12.894736842105264,4.473684210526316,8.421052631578947,87.10526315789474,3.9473684210526314,83.15789473684211
E00093087,412,50,19,31,362,23,339,12.135922330097088,4.611650485436893,7.524271844660194,87.86407766990291,5.582524271844661,82.28155339805825
E00093088,319,33,10,23,286,26,260,10.344827586206897,3.1347962382445136,7.210031347962382,89.65517241379311,8.150470219435736,81.50470219435736
E00093089,345,45,15,30,300,40,260,13.043478260869565,4.3478260869565215,8.695652173913043,86.95652173913044,11.594202898550725,75.36231884057972
E00093090,293,75,24,51,218,29,189,25.597269624573375,8.19112627986348,17.4061433447099,74.40273037542661,9.897610921501707,64.50511945392492
E00093091,314,53,22,31,261,29,232,16.878980891719745,7.006369426751593,9.872611464968154,83.12101910828027,9.235668789808917,73.88535031847134
E00093092,351,61,20,41,290,37,253,17.37891737891738,5.698005698005698,11.68091168091168,82.62108262108262,10.541310541310542,72.07977207977207
E00093093,265,50,18,32,215,30,185,18.867924528301888,6.7924528301886795,12.075471698113208,81.13207547169812,11.320754716981133,69.81132075471697
E00093094,323,51,14,37,272,27,245,15.789473684210526,4.3343653250774,11.455108359133128,84.21052631578947,8.359133126934983,75.85139318885449
E00093095,609,141,80,61,468,44,424,23.15270935960591,13.136288998357964,10.016420361247947,76.84729064039408,7.224958949096879,69.6223316912972
E00093096,148,23,15,8,125,5,120,15.54054054054054,10.135135135135135,5.405405405405405,84.45945945945947,3.3783783783783785,81.08108108108108
E00093097,400,67,17,50,333,24,309,16.75,4.25,12.5,83.25,6,77.25
E00093098,455,80,28,52,375,27,348,17.582417582417584,6.153846153846154,11.428571428571429,82.41758241758241,5.934065934065933,76.48351648351648
E00093099,344,57,22,35,287,27,260,16.569767441860463,6.395348837209303,10.174418604651162,83.43023255813954,7.848837209302325,75.5813953488372
E00093100,480,69,26,43,411,32,379,14.374999999999998,5.416666666666667,8.958333333333334,85.625,6.666666666666667,78.95833333333333
E00093101,427,69,25,44,358,44,314,16.159250585480095,5.85480093676815,10.304449648711945,83.8407494145199,10.304449648711945,73.53629976580797
E00093102,301,64,23,41,237,21,216,21.262458471760798,7.641196013289036,13.621262458471762,78.7375415282392,6.976744186046512,71.76079734219269
E00093103,278,86,43,43,192,20,172,30.935251798561154,15.467625899280577,15.467625899280577,69.06474820143885,7.1942446043165464,61.87050359712231
E00093104,272,51,15,36,221,18,203,18.75,5.514705882352941,13.23529411764706,81.25,6.61764705882353,74.63235294117648
E00093105,232,75,28,47,157,13,144,32.327586206896555,12.068965517241379,20.25862068965517,67.67241379310344,5.603448275862069,62.06896551724138
E00093106,298,113,68,45,185,26,159,37.919463087248324,22.818791946308725,15.100671140939598,62.08053691275168,8.724832214765101,53.355704697986575
E00093107,215,90,45,45,125,7,118,41.86046511627907,20.930232558139537,20.930232558139537,58.139534883720934,3.255813953488372,54.88372093023256
E00093108,298,56,18,38,242,32,210,18.79194630872483,6.0402684563758395,12.751677852348994,81.20805369127517,10.738255033557047,70.46979865771812
E00093109,148,69,32,37,79,13,66,46.62162162162162,21.62162162162162,25,53.37837837837838,8.783783783783784,44.5945945945946
E00093110,224,41,13,28,183,25,158,18.303571428571427,5.803571428571429,12.5,81.69642857142857,11.160714285714286,70.53571428571429
E00093111,188,52,32,20,136,11,125,27.659574468085108,17.02127659574468,10.638297872340425,72.3404255319149,5.851063829787234,66.48936170212765
E00093113,288,59,26,33,229,17,212,20.48611111111111,9.027777777777777,11.458333333333332,79.51388888888889,5.902777777777778,73.61111111111111
E00093115,274,82,43,39,192,22,170,29.927007299270077,15.693430656934307,14.233576642335766,70.07299270072993,8.02919708029197,62.04379562043796
E00093116,300,67,30,37,233,27,206,22.333333333333332,10,12.333333333333334,77.66666666666666,9,68.66666666666667
E00093117,293,55,28,27,238,27,211,18.771331058020476,9.556313993174061,9.215017064846416,81.22866894197952,9.215017064846416,72.01365187713311
E00093118,258,66,30,36,192,16,176,25.581395348837212,11.627906976744185,13.953488372093023,74.4186046511628,6.2015503875969,68.21705426356588
E00093119,242,68,28,40,174,8,166,28.09917355371901,11.570247933884298,16.528925619834713,71.900826446281,3.3057851239669422,68.59504132231406
E00093120,339,64,29,35,275,27,248,18.87905604719764,8.55457227138643,10.32448377581121,81.12094395280236,7.964601769911504,73.15634218289085
E00093121,369,93,62,31,276,26,250,25.203252032520325,16.802168021680217,8.401084010840108,74.79674796747967,7.046070460704606,67.75067750677508
E00093122,239,59,19,40,180,18,162,24.686192468619247,7.949790794979079,16.736401673640167,75.31380753138075,7.531380753138076,67.78242677824268
E00093123,255,87,44,43,168,20,148,34.11764705882353,17.254901960784313,16.862745098039216,65.88235294117646,7.8431372549019605,58.03921568627452
E00093124,312,73,37,36,239,26,213,23.397435897435898,11.858974358974358,11.538461538461538,76.6025641025641,8.333333333333332,68.26923076923077
E00093125,250,36,7,29,214,24,190,14.399999999999999,2.8000000000000003,11.600000000000001,85.6,9.6,76
E00093126,247,48,18,30,199,19,180,19.4331983805668,7.28744939271255,12.145748987854251,80.5668016194332,7.6923076923076925,72.8744939271255
E00093127,229,41,15,26,188,24,164,17.903930131004365,6.550218340611353,11.353711790393014,82.09606986899564,10.480349344978166,71.61572052401746
E00093128,234,34,11,23,200,22,178,14.529914529914532,4.700854700854701,9.82905982905983,85.47008547008546,9.401709401709402,76.06837606837607
E00093129,249,38,16,22,211,19,192,15.261044176706829,6.425702811244979,8.835341365461847,84.73895582329317,7.630522088353414,77.10843373493977
E00093130,220,30,11,19,190,19,171,13.636363636363635,5,8.636363636363637,86.36363636363636,8.636363636363637,77.72727272727272
E00093131,343,49,10,39,294,23,271,14.285714285714285,2.9154518950437316,11.370262390670554,85.71428571428571,6.705539358600583,79.00874635568513
E00093132,411,67,23,44,344,41,303,16.30170316301703,5.59610705596107,10.70559610705596,83.69829683698296,9.975669099756692,73.72262773722628
E00093134,285,69,24,45,216,24,192,24.210526315789473,8.421052631578947,15.789473684210526,75.78947368421053,8.421052631578947,67.36842105263158
E00093135,296,44,18,26,252,32,220,14.864864864864865,6.081081081081082,8.783783783783784,85.13513513513513,10.81081081081081,74.32432432432432
E00093136,494,81,33,48,413,35,378,16.39676113360324,6.680161943319838,9.7165991902834,83.60323886639675,7.08502024291498,76.51821862348179
E00093137,344,60,29,31,284,25,259,17.441860465116278,8.430232558139535,9.011627906976743,82.55813953488372,7.267441860465117,75.29069767441861
E00093138,326,47,14,33,279,35,244,14.417177914110429,4.294478527607362,10.122699386503067,85.58282208588957,10.736196319018406,74.84662576687117
E00093140,301,48,17,31,253,19,234,15.946843853820598,5.647840531561462,10.299003322259136,84.0531561461794,6.312292358803987,77.74086378737542
E00093141,288,35,16,19,253,29,224,12.152777777777777,5.555555555555555,6.597222222222222,87.84722222222221,10.069444444444445,77.77777777777779
E00093142,269,27,8,19,242,36,206,10.037174721189592,2.973977695167286,7.063197026022305,89.96282527881041,13.382899628252787,76.57992565055763
E00093144,321,49,24,25,272,25,247,15.264797507788161,7.476635514018691,7.78816199376947,84.73520249221184,7.78816199376947,76.94704049844236
E00093145,342,69,37,32,273,19,254,20.175438596491226,10.818713450292398,9.35672514619883,79.82456140350878,5.555555555555555,74.26900584795322
E00093146,372,65,29,36,307,19,288,17.473118279569892,7.795698924731183,9.67741935483871,82.52688172043011,5.10752688172043,77.41935483870968
E00093147,206,47,18,29,159,17,142,22.815533980582526,8.737864077669903,14.077669902912621,77.18446601941747,8.25242718446602,68.93203883495146
E00093148,221,59,26,33,162,11,151,26.69683257918552,11.76470588235294,14.93212669683258,73.303167420814475,4.97737556561086,68.32579185520362
E00093149,305,58,21,37,247,18,229,19.01639344262295,6.885245901639345,12.131147540983607,80.98360655737706,5.901639344262295,75.08196721311475
E00093150,255,49,23,26,206,18,188,19.215686274509807,9.019607843137255,10.196078431372548,80.7843137254902,7.0588235294117645,73.72549019607844
E00093151,294,52,16,36,242,10,232,17.687074829931973,5.442176870748299,12.244897959183673,82.31292517006803,3.4013605442176873,78.91156462585033
E00093152,287,61,21,40,226,19,207,21.254355400696863,7.317073170731707,13.937282229965156,78.74564459930313,6.620209059233449,72.12543554006969
E00093153,344,78,34,44,266,16,250,22.674418604651162,9.883720930232558,12.790697674418606,77.32558139534885,4.651162790697675,72.67441860465115
E00093154,323,45,21,24,278,21,257,13.93188854489164,6.5015479876160995,7.430340557275541,86.06811145510835,6.5015479876160995,79.56656346749226
E00093155,382,79,22,57,303,20,283,20.680628272251308,5.7591623036649215,14.921465968586386,79.31937172774869,5.2356020942408374,74.08376963350786
E00093156,381,71,41,30,310,26,284,18.635170603674542,10.761154855643044,7.874015748031496,81.36482939632546,6.824146981627297,74.54068241469817
E00093157,300,64,22,42,236,10,226,21.333333333333336,7.333333333333333,14.000000000000002,78.66666666666666,3.3333333333333335,75.33333333333333
E00093158,271,60,30,30,211,19,192,22.14022140221402,11.07011070110701,11.07011070110701,77.85977859778598,7.011070110701106,70.84870848708486
E00093160,335,66,31,35,269,15,254,19.701492537313435,9.253731343283581,10.44776119402985,80.29850746268656,4.477611940298507,75.82089552238806
E00093161,298,62,26,36,236,19,217,20.80536912751678,8.724832214765101,12.080536912751679,79.19463087248322,6.375838926174497,72.81879194630872
E00093162,247,56,29,27,191,18,173,22.672064777327936,11.740890688259109,10.931174089068826,77.32793522267207,7.28744939271255,70.04048582995951
E00093163,284,33,12,21,251,18,233,11.619718309859154,4.225352112676056,7.394366197183098,88.38028169014085,6.338028169014084,82.04225352112677
E00093164,351,85,46,39,266,24,242,24.216524216524217,13.105413105413104,11.11111111111111,75.78347578347578,6.837606837606838,68.94586894586895
E00093165,287,33,14,19,254,21,233,11.498257839721255,4.878048780487805,6.620209059233449,88.50174216027874,7.317073170731707,81.18466898954703
E00093166,458,95,38,57,363,23,340,20.74235807860262,8.296943231441048,12.445414847161572,79.25764192139738,5.021834061135371,74.235807860262
E00093167,310,47,20,27,263,23,240,15.161290322580644,6.451612903225806,8.709677419354838,84.83870967741936,7.419354838709677,77.41935483870968
E00093168,423,128,73,55,295,24,271,30.260047281323878,17.257683215130022,13.002364066193852,69.73995271867612,5.673758865248227,64.0661938534279
E00093169,230,43,14,29,187,10,177,18.695652173913043,6.086956521739131,12.608695652173912,81.30434782608695,4.3478260869565215,76.95652173913044
E00093170,262,61,30,31,201,7,194,23.282442748091604,11.450381679389313,11.83206106870229,76.7175572519084,2.6717557251908395,74.04580152671755
E00093171,358,52,23,29,306,23,283,14.52513966480447,6.424581005586592,8.100558659217876,85.47486033519553,6.424581005586592,79.05027932960894
E00093172,326,40,10,30,286,15,271,12.269938650306749,3.067484662576687,9.202453987730062,87.73006134969326,4.601226993865031,83.12883435582822
E00093173,219,38,9,29,181,20,161,17.35159817351598,4.10958904109589,13.24200913242009,82.64840182648402,9.1324200913242,73.51598173515981
E00093174,234,52,24,28,182,13,169,22.22222222222222,10.256410256410255,11.965811965811966,77.77777777777779,5.555555555555555,72.22222222222221
E00093175,203,29,11,18,174,10,164,14.285714285714285,5.41871921182266,8.866995073891626,85.71428571428571,4.926108374384237,80.78817733990148
E00093176,623,70,26,44,553,42,511,11.235955056179774,4.173354735152488,7.062600321027287,88.76404494382022,6.741573033707865,82.02247191011236
E00093177,216,31,13,18,185,17,168,14.351851851851851,6.018518518518518,8.333333333333332,85.64814814814815,7.87037037037037,77.77777777777779
E00093178,239,61,26,35,178,12,166,25.523012552301257,10.87866108786611,14.644351464435147,74.47698744769873,5.02092050209205,69.4560669456067
E00093179,264,44,19,25,220,30,190,16.666666666666664,7.196969696969697,9.469696969696969,83.33333333333334,11.363636363636363,71.96969696969697
E00093181,286,64,31,33,222,19,203,22.377622377622377,10.839160839160838,11.538461538461538,77.62237762237763,6.643356643356643,70.97902097902097
E00093182,270,57,20,37,213,11,202,21.11111111111111,7.4074074074074066,13.703703703703704,78.88888888888889,4.074074074074074,74.81481481481481
E00093183,281,64,23,41,217,15,202,22.77580071174377,8.185053380782918,14.590747330960854,77.22419928825623,5.338078291814947,71.88612099644128
E00093184,307,66,31,35,241,20,221,21.49837133550489,10.097719869706841,11.400651465798045,78.50162866449512,6.514657980456026,71.9869706840391
E00093185,406,67,29,38,339,27,312,16.502463054187192,7.142857142857142,9.35960591133005,83.49753694581281,6.65024630541872,76.84729064039408
E00093186,262,39,12,27,223,13,210,14.885496183206106,4.580152671755725,10.305343511450381,85.1145038167939,4.961832061068702,80.1526717557252
E00093187,239,72,39,33,167,17,150,30.125523012552303,16.317991631799163,13.807531380753138,69.8744769874477,7.112970711297072,62.76150627615063
E00093189,327,62,22,40,265,20,245,18.960244648318042,6.727828746177369,12.232415902140673,81.03975535168195,6.116207951070336,74.92354740061162
E00093190,406,76,23,53,330,20,310,18.7192118226601,5.665024630541872,13.054187192118228,81.2807881773399,4.926108374384237,76.35467980295566
E00093191,310,58,22,36,252,14,238,18.70967741935484,7.096774193548387,11.612903225806452,81.29032258064515,4.516129032258064,76.77419354838709
E00093192,278,58,26,32,220,14,206,20.863309352517987,9.352517985611511,11.510791366906476,79.13669064748201,5.0359712230215825,74.10071942446042
E00093193,279,51,20,31,228,16,212,18.27956989247312,7.168458781362006,11.11111111111111,81.72043010752688,5.734767025089606,75.98566308243727
E00093194,249,50,20,30,199,14,185,20.080321285140563,8.032128514056225,12.048192771084338,79.91967871485943,5.622489959839357,74.29718875502009
E00093195,260,59,24,35,201,8,193,22.692307692307693,9.230769230769232,13.461538461538462,77.3076923076923,3.076923076923077,74.23076923076923
E00093196,318,58,13,45,260,29,231,18.238993710691823,4.088050314465408,14.150943396226415,81.76100628930818,9.119496855345911,72.64150943396226
E00093197,271,45,16,29,226,17,209,16.605166051660518,5.904059040590406,10.70110701107011,83.39483394833948,6.273062730627306,77.12177121771218
E00093198,259,54,21,33,205,21,184,20.84942084942085,8.108108108108109,12.741312741312742,79.15057915057915,8.108108108108109,71.04247104247105
E00093199,281,29,9,20,252,29,223,10.320284697508896,3.202846975088968,7.11743772241993,89.6797153024911,10.320284697508896,79.35943060498221
E00093200,302,45,19,26,257,28,229,14.90066225165563,6.291390728476822,8.609271523178808,85.09933774834437,9.271523178807946,75.82781456953643
E00093201,291,50,14,36,241,27,214,17.18213058419244,4.810996563573884,12.371134020618557,82.81786941580756,9.278350515463918,73.53951890034365
E00093202,278,52,15,37,226,25,201,18.705035971223023,5.39568345323741,13.309352517985612,81.29496402877699,8.992805755395683,72.3021582733813
E00093203,341,39,11,28,302,26,276,11.436950146627565,3.225806451612903,8.211143695014663,88.56304985337243,7.624633431085044,80.93841642228739
E00093204,308,147,74,73,161,16,145,47.72727272727273,24.025974025974026,23.7012987012987,52.27272727272727,5.194805194805195,47.07792207792208
E00093205,298,63,26,37,235,19,216,21.140939597315437,8.724832214765101,12.416107382550337,78.85906040268456,6.375838926174497,72.48322147651007
E00093206,565,81,24,57,484,37,447,14.33628318584071,4.2477876106194685,10.08849557522124,85.6637168141593,6.548672566371681,79.11504424778761
E00093207,328,38,16,22,290,25,265,11.585365853658537,4.878048780487805,6.707317073170732,88.41463414634147,7.621951219512195,80.79268292682927
E00093208,367,59,22,37,308,24,284,16.076294277929154,5.994550408719346,10.08174386920981,83.92370572207084,6.539509536784741,77.3841961852861
E00093209,387,51,20,31,336,33,303,13.178294573643413,5.167958656330749,8.010335917312661,86.82170542635659,8.527131782945736,78.29457364341084
E00093210,162,32,11,21,130,20,110,19.753086419753085,6.790123456790123,12.962962962962962,80.24691358024691,12.345679012345679,67.90123456790124
E00093211,290,42,19,23,248,27,221,14.482758620689657,6.551724137931035,7.931034482758621,85.51724137931035,9.310344827586208,76.20689655172413
E00093212,271,53,22,31,218,16,202,19.557195571955717,8.118081180811808,11.439114391143912,80.44280442804428,5.904059040590406,74.53874538745387
E00093213,450,58,14,44,392,27,365,12.88888888888889,3.111111111111111,9.777777777777779,87.1111111111111,6,81.11111111111111
E00093214,285,42,13,29,243,17,226,14.736842105263156,4.56140350877193,10.175438596491228,85.26315789473684,5.964912280701754,79.2982456140351
E00093215,262,34,9,25,228,22,206,12.977099236641221,3.435114503816794,9.541984732824428,87.02290076335878,8.396946564885496,78.62595419847328
E00093216,256,41,19,22,215,22,193,16.015625,7.421875,8.59375,83.984375,8.59375,75.390625
E00093217,261,45,21,24,216,13,203,17.24137931034483,8.045977011494253,9.195402298850574,82.75862068965517,4.980842911877394,77.77777777777779
E00093218,526,53,10,43,473,31,442,10.076045627376425,1.9011406844106464,8.17490494296578,89.92395437262357,5.893536121673003,84.03041825095056
E00093219,219,52,18,34,167,13,154,23.74429223744292,8.21917808219178,15.52511415525114,76.25570776255708,5.93607305936073,70.31963470319634
E00093220,227,43,20,23,184,19,165,18.94273127753304,8.81057268722467,10.13215859030837,81.05726872246696,8.370044052863436,72.68722466960352
E00093221,308,49,18,31,259,28,231,15.909090909090908,5.844155844155844,10.064935064935066,84.0909090909091,9.090909090909092,75
E00093222,320,64,36,28,256,23,233,20,11.25,8.75,80,7.187499999999999,72.8125
E00093223,383,47,19,28,336,35,301,12.27154046997389,4.960835509138381,7.310704960835509,87.72845953002611,9.138381201044385,78.59007832898173
E00093224,357,58,11,47,299,42,257,16.246498599439775,3.081232492997199,13.165266106442578,83.75350140056022,11.76470588235294,71.98879551820728
E00093225,348,45,19,26,303,26,277,12.931034482758621,5.459770114942529,7.471264367816093,87.06896551724138,7.471264367816093,79.59770114942529
E00093226,413,57,22,35,356,40,316,13.801452784503631,5.326876513317192,8.47457627118644,86.19854721549636,9.685230024213075,76.51331719128329
E00093227,413,54,15,39,359,34,325,13.075060532687651,3.631961259079903,9.443099273607748,86.92493946731234,8.232445520581114,78.69249394673123
E00093228,511,55,17,38,456,34,422,10.76320939334638,3.326810176125244,7.436399217221135,89.23679060665361,6.653620352250488,82.58317025440313
E00093229,235,36,12,24,199,19,180,15.319148936170212,5.106382978723404,10.212765957446807,84.68085106382979,8.085106382978724,76.59574468085107
E00093230,251,35,10,25,216,22,194,13.94422310756972,3.9840637450199203,9.9601593625498,86.05577689243027,8.764940239043826,77.29083665338645
E00093231,245,21,10,11,224,26,198,8.571428571428571,4.081632653061225,4.489795918367347,91.42857142857143,10.612244897959183,80.81632653061224
E00093232,262,48,13,35,214,17,197,18.3206106870229,4.961832061068702,13.358778625954198,81.67938931297711,6.488549618320611,75.19083969465649
E00093233,312,30,8,22,282,25,257,9.615384615384617,2.564102564102564,7.051282051282051,90.38461538461539,8.012820512820513,82.37179487179486
E00093234,375,53,22,31,322,36,286,14.133333333333335,5.866666666666666,8.266666666666666,85.86666666666667,9.6,76.26666666666667
E00093235,359,48,13,35,311,36,275,13.370473537604457,3.6211699164345403,9.749303621169917,86.62952646239555,10.027855153203342,76.6016713091922
E00093236,339,86,37,49,253,12,241,25.368731563421832,10.914454277286136,14.454277286135694,74.63126843657817,3.5398230088495577,71.09144542772862
E00093237,407,95,49,46,312,18,294,23.34152334152334,12.039312039312039,11.302211302211303,76.65847665847666,4.422604422604422,72.23587223587224
E00093238,296,69,37,32,227,7,220,23.31081081081081,12.5,10.81081081081081,76.6891891891892,2.364864864864865,74.32432432432432
E00093239,383,70,30,40,313,18,295,18.27676240208877,7.83289817232376,10.443864229765012,81.72323759791122,4.699738903394255,77.02349869451697
E00093240,279,60,28,32,219,20,199,21.50537634408602,10.03584229390681,11.469534050179211,78.49462365591397,7.168458781362006,71.32616487455196
E00093241,385,60,29,31,325,24,301,15.584415584415584,7.532467532467532,8.051948051948052,84.4155844155844,6.233766233766234,78.18181818181819
E00093242,388,74,32,42,314,44,270,19.072164948453608,8.24742268041237,10.824742268041238,80.9278350515464,11.34020618556701,69.58762886597938
E00093243,292,70,36,34,222,30,192,23.972602739726025,12.32876712328767,11.643835616438356,76.02739726027397,10.273972602739725,65.75342465753424
E00093244,400,91,38,53,309,21,288,22.75,9.5,13.25,77.25,5.25,72
E00093245,324,74,39,35,250,10,240,22.839506172839506,12.037037037037036,10.802469135802468,77.1604938271605,3.0864197530864197,74.07407407407408
E00093246,595,240,148,92,355,14,341,40.33613445378151,24.873949579831933,15.46218487394958,59.66386554621849,2.3529411764705883,57.310924369747895
E00093247,226,112,72,40,114,6,108,49.557522123893804,31.858407079646017,17.699115044247787,50.442477876106196,2.6548672566371683,47.78761061946903
E00093248,563,61,23,38,502,43,459,10.8348134991119,4.085257548845471,6.74955595026643,89.1651865008881,7.63765541740675,81.52753108348135
E00093251,525,97,41,56,428,25,403,18.476190476190478,7.809523809523809,10.666666666666668,81.52380952380952,4.761904761904762,76.76190476190476
E00093252,319,52,17,35,267,15,252,16.30094043887147,5.329153605015674,10.9717868338558,83.69905956112854,4.702194357366771,78.99686520376176
E00093253,374,67,31,36,307,24,283,17.914438502673796,8.288770053475936,9.62566844919786,82.0855614973262,6.417112299465241,75.66844919786097
E00093254,332,31,12,19,301,26,275,9.33734939759036,3.614457831325301,5.72289156626506,90.66265060240963,7.83132530120482,82.83132530120481
E00093255,218,43,21,22,175,11,164,19.724770642201836,9.63302752293578,10.091743119266056,80.27522935779817,5.045871559633028,75.22935779816514
E00093259,259,19,8,11,240,19,221,7.335907335907336,3.088803088803089,4.247104247104247,92.66409266409266,7.335907335907336,85.32818532818533
E00093260,224,30,12,18,194,19,175,13.392857142857142,5.357142857142857,8.035714285714286,86.60714285714286,8.482142857142858,78.125
E00093262,299,34,6,28,265,27,238,11.37123745819398,2.0066889632107023,9.364548494983277,88.62876254180601,9.03010033444816,79.59866220735786
E00093263,159,30,16,14,129,12,117,18.867924528301888,10.062893081761008,8.80503144654088,81.13207547169812,7.547169811320755,73.58490566037736
E00093264,271,42,20,22,229,28,201,15.498154981549817,7.380073800738007,8.118081180811808,84.50184501845018,10.33210332103321,74.16974169741697
E00093265,175,10,0,10,165,11,154,5.714285714285714,0,5.714285714285714,94.28571428571428,6.2857142857142865,88
E00093266,129,17,7,10,112,5,107,13.178294573643413,5.426356589147287,7.751937984496124,86.82170542635659,3.875968992248062,82.94573643410853
E00093267,132,19,6,13,113,14,99,14.393939393939394,4.545454545454546,9.848484848484848,85.60606060606061,10.606060606060606,75
E00093268,187,23,10,13,164,13,151,12.299465240641712,5.347593582887701,6.951871657754011,87.70053475935828,6.951871657754011,80.74866310160428
E00093269,319,43,16,27,276,22,254,13.479623824451412,5.015673981191222,8.463949843260188,86.52037617554859,6.896551724137931,79.62382445141067
E00093270,358,51,28,23,307,25,282,14.24581005586592,7.82122905027933,6.424581005586592,85.75418994413407,6.983240223463687,78.77094972067039
E00093271,281,57,18,39,224,14,210,20.284697508896798,6.405693950177936,13.87900355871886,79.7153024911032,4.98220640569395,74.73309608540926
E00093272,386,84,34,50,302,15,287,21.761658031088082,8.808290155440414,12.953367875647666,78.23834196891191,3.8860103626943006,74.35233160621762
E00093274,318,44,18,26,274,16,258,13.836477987421384,5.660377358490567,8.176100628930817,86.16352201257862,5.031446540880504,81.13207547169812
E00093275,421,62,34,28,359,21,338,14.726840855106888,8.076009501187649,6.65083135391924,85.2731591448931,4.98812351543943,80.28503562945369
E00093276,320,46,16,30,274,19,255,14.374999999999998,5,9.375,85.625,5.9375,79.6875
E00093277,424,74,33,41,350,11,339,17.452830188679243,7.783018867924528,9.669811320754718,82.54716981132076,2.5943396226415096,79.95283018867924
E00093278,319,53,24,29,266,29,237,16.614420062695924,7.523510971786834,9.090909090909092,83.38557993730407,9.090909090909092,74.29467084639498
E00093279,343,68,29,39,275,12,263,19.825072886297377,8.454810495626822,11.370262390670554,80.17492711370262,3.498542274052478,76.67638483965014
E00093280,318,50,18,32,268,17,251,15.723270440251572,5.660377358490567,10.062893081761008,84.27672955974843,5.345911949685535,78.9308176100629
E00093281,302,71,38,33,231,16,215,23.509933774834437,12.582781456953644,10.927152317880795,76.49006622516556,5.298013245033113,71.19205298013244
E00093282,267,52,28,24,215,13,202,19.475655430711612,10.486891385767791,8.98876404494382,80.52434456928839,4.868913857677903,75.65543071161048
E00093283,283,58,33,25,225,7,218,20.49469964664311,11.66077738515901,8.8339222614841,79.50530035335689,2.4734982332155475,77.03180212014135
E00093284,256,65,40,25,191,22,169,25.390625,15.625,9.765625,74.609375,8.59375,66.015625
E00093285,207,58,30,28,149,14,135,28.019323671497588,14.492753623188406,13.526570048309178,71.98067632850241,6.763285024154589,65.21739130434783
E00093286,247,58,37,21,189,13,176,23.481781376518217,14.979757085020243,8.502024291497975,76.51821862348179,5.263157894736842,71.25506072874494
E00093287,270,48,29,19,222,18,204,17.77777777777778,10.74074074074074,7.037037037037037,82.22222222222221,6.666666666666667,75.55555555555556
E00093288,275,67,36,31,208,8,200,24.363636363636363,13.090909090909092,11.272727272727273,75.63636363636364,2.909090909090909,72.72727272727273
E00093289,322,67,30,37,255,30,225,20.80745341614907,9.316770186335404,11.490683229813664,79.19254658385093,9.316770186335404,69.87577639751554
E00093290,304,52,18,34,252,24,228,17.105263157894736,5.921052631578947,11.18421052631579,82.89473684210526,7.894736842105263,75
E00093291,443,54,22,32,389,37,352,12.18961625282167,4.966139954853273,7.223476297968396,87.81038374717834,8.35214446952596,79.45823927765237
E00093292,306,44,25,19,262,11,251,14.37908496732026,8.169934640522875,6.209150326797386,85.62091503267973,3.594771241830065,82.02614379084967
E00093293,414,46,28,18,368,19,349,11.11111111111111,6.763285024154589,4.3478260869565215,88.88888888888889,4.5893719806763285,84.29951690821255
E00093294,195,73,41,32,122,10,112,37.43589743589744,21.025641025641026,16.41025641025641,62.56410256410256,5.128205128205128,57.43589743589743
E00093295,388,59,27,32,329,17,312,15.206185567010309,6.958762886597938,8.24742268041237,84.79381443298969,4.381443298969072,80.41237113402062
E00093296,294,41,13,28,253,11,242,13.945578231292515,4.421768707482993,9.523809523809524,86.05442176870748,3.741496598639456,82.31292517006803
E00093297,394,45,19,26,349,24,325,11.421319796954315,4.822335025380711,6.598984771573605,88.57868020304569,6.091370558375635,82.48730964467005
E00093298,275,43,14,29,232,22,210,15.636363636363637,5.090909090909091,10.545454545454545,84.36363636363636,8,76.36363636363637
E00093299,380,47,25,22,333,16,317,12.368421052631579,6.578947368421052,5.7894736842105265,87.63157894736841,4.2105263157894735,83.42105263157895
E00093300,254,45,15,30,209,19,190,17.716535433070867,5.905511811023622,11.811023622047244,82.28346456692913,7.480314960629922,74.80314960629921
E00093301,318,45,14,31,273,22,251,14.150943396226415,4.40251572327044,9.748427672955975,85.84905660377359,6.918238993710692,78.9308176100629
E00093302,388,55,22,33,333,19,314,14.175257731958762,5.670103092783505,8.505154639175258,85.82474226804123,4.896907216494846,80.9278350515464
E00093303,294,44,16,28,250,15,235,14.965986394557824,5.442176870748299,9.523809523809524,85.03401360544217,5.1020408163265305,79.93197278911565
E00093304,400,53,22,31,347,16,331,13.25,5.5,7.75,86.75,4,82.75
E00093305,307,50,21,29,257,16,241,16.286644951140065,6.840390879478828,9.446254071661238,83.71335504885994,5.211726384364821,78.50162866449512
E00093306,299,39,12,27,260,16,244,13.043478260869565,4.013377926421405,9.03010033444816,86.95652173913044,5.351170568561873,81.60535117056857
E00093307,329,59,21,38,270,22,248,17.933130699088146,6.382978723404255,11.55015197568389,82.06686930091185,6.68693009118541,75.37993920972644
E00093308,554,100,62,38,454,15,439,18.050541516245488,11.191335740072201,6.859205776173286,81.94945848375451,2.707581227436823,79.2418772563177
E00093309,363,54,19,35,309,34,275,14.87603305785124,5.234159779614325,9.641873278236915,85.12396694214877,9.366391184573002,75.75757575757575
E00093310,389,64,27,37,325,28,297,16.452442159383033,6.940874035989718,9.511568123393316,83.54755784061697,7.197943444730077,76.34961439588689
E00093312,224,53,22,31,171,14,157,23.660714285714285,9.821428571428571,13.839285714285715,76.33928571428571,6.25,70.08928571428571
E00093313,299,36,11,25,263,18,245,12.040133779264215,3.678929765886288,8.361204013377927,87.95986622073578,6.0200668896321075,81.93979933110369
E00093314,325,55,17,38,270,23,247,16.923076923076923,5.230769230769231,11.692307692307692,83.07692307692308,7.076923076923077,76
E00093315,272,61,25,36,211,27,184,22.426470588235293,9.191176470588236,13.23529411764706,77.57352941176471,9.926470588235293,67.64705882352942
E00093316,278,48,14,34,230,18,212,17.26618705035971,5.0359712230215825,12.23021582733813,82.73381294964028,6.474820143884892,76.2589928057554
E00093317,279,72,30,42,207,22,185,25.806451612903224,10.75268817204301,15.053763440860216,74.19354838709677,7.885304659498208,66.30824372759857
E00093318,278,47,13,34,231,22,209,16.906474820143885,4.676258992805756,12.23021582733813,83.09352517985612,7.913669064748201,75.17985611510791
E00093319,251,41,13,28,210,27,183,16.334661354581673,5.179282868525896,11.155378486055776,83.66533864541833,10.756972111553784,72.90836653386454
E00093320,344,69,25,44,275,28,247,20.058139534883722,7.267441860465117,12.790697674418606,79.94186046511628,8.13953488372093,71.80232558139535
E00093321,288,45,13,32,243,27,216,15.625,4.513888888888888,11.11111111111111,84.375,9.375,75
E00093322,572,76,30,46,496,51,445,13.286713286713287,5.244755244755245,8.041958041958042,86.7132867132867,8.916083916083917,77.7972027972028
E00093323,269,49,22,27,220,21,199,18.21561338289963,8.178438661710038,10.037174721189592,81.78438661710037,7.806691449814126,73.97769516728626
E00093324,399,60,22,38,339,25,314,15.037593984962406,5.513784461152882,9.523809523809524,84.9624060150376,6.265664160401002,78.69674185463658
E00093325,602,80,24,56,522,53,469,13.2890365448505,3.9867109634551494,9.30232558139535,86.71096345514951,8.803986710963455,77.90697674418605
E00093326,610,64,29,35,546,47,499,10.491803278688524,4.754098360655737,5.737704918032787,89.50819672131148,7.704918032786885,81.8032786885246
E00093328,289,56,26,30,233,22,211,19.377162629757784,8.996539792387544,10.380622837370241,80.62283737024222,7.612456747404845,73.01038062283737
E00093329,253,46,18,28,207,21,186,18.181818181818183,7.114624505928854,11.067193675889328,81.81818181818183,8.300395256916996,73.51778656126481
E00093330,419,99,49,50,320,25,295,23.627684964200476,11.694510739856803,11.933174224343675,76.37231503579952,5.966587112171838,70.40572792362768
E00093331,259,48,16,32,211,14,197,18.53281853281853,6.177606177606178,12.355212355212355,81.46718146718148,5.405405405405405,76.06177606177607
E00093332,282,53,17,36,229,23,206,18.79432624113475,6.028368794326241,12.76595744680851,81.20567375886525,8.156028368794328,73.04964539007092
E00093333,274,49,24,25,225,27,198,17.88321167883212,8.75912408759124,9.124087591240876,82.11678832116789,9.854014598540147,72.26277372262774
E00093334,236,54,22,32,182,19,163,22.88135593220339,9.322033898305085,13.559322033898304,77.11864406779661,8.050847457627118,69.0677966101695
E00093335,241,51,22,29,190,15,175,21.16182572614108,9.12863070539419,12.033195020746888,78.83817427385893,6.224066390041494,72.61410788381743
E00093336,197,45,24,21,152,19,133,22.84263959390863,12.18274111675127,10.65989847715736,77.15736040609137,9.644670050761421,67.51269035532995
E00093337,242,63,28,35,179,18,161,26.033057851239672,11.570247933884298,14.46280991735537,73.96694214876032,7.43801652892562,66.52892561983471
E00093338,364,81,53,28,283,19,264,22.252747252747252,14.560439560439562,7.6923076923076925,77.74725274725274,5.21978021978022,72.52747252747253
E00093339,306,64,19,45,242,22,220,20.915032679738562,6.209150326797386,14.705882352941178,79.08496732026144,7.18954248366013,71.89542483660131
E00093340,380,64,19,45,316,28,288,16.842105263157894,5,11.842105263157894,83.15789473684211,7.368421052631578,75.78947368421053
E00093341,332,45,19,26,287,16,271,13.55421686746988,5.72289156626506,7.83132530120482,86.44578313253012,4.819277108433735,81.62650602409639
E00093342,298,40,16,24,258,17,241,13.422818791946309,5.369127516778524,8.053691275167784,86.57718120805369,5.704697986577181,80.87248322147651
E00093343,403,104,69,35,299,23,276,25.806451612903224,17.121588089330025,8.6848635235732,74.19354838709677,5.707196029776675,68.4863523573201
E00093344,306,59,30,29,247,23,224,19.28104575163399,9.803921568627452,9.477124183006536,80.71895424836602,7.516339869281046,73.20261437908496
E00093345,344,49,28,21,295,33,262,14.244186046511627,8.13953488372093,6.104651162790697,85.75581395348837,9.593023255813954,76.16279069767442
E00093346,277,54,23,31,223,15,208,19.494584837545126,8.303249097472925,11.191335740072201,80.50541516245488,5.415162454873646,75.09025270758123
E00093348,324,49,11,38,275,23,252,15.123456790123457,3.3950617283950617,11.728395061728394,84.87654320987654,7.098765432098765,77.77777777777779
E00093349,202,52,27,25,150,11,139,25.742574257425744,13.366336633663368,12.376237623762377,74.25742574257426,5.445544554455446,68.8118811881188
E00093350,401,76,34,42,325,27,298,18.952618453865338,8.478802992518704,10.473815461346634,81.04738154613467,6.733167082294264,74.3142144638404
E00093351,270,44,16,28,226,29,197,16.296296296296298,5.9259259259259265,10.37037037037037,83.7037037037037,10.74074074074074,72.96296296296296
E00093352,281,39,14,25,242,21,221,13.87900355871886,4.98220640569395,8.896797153024911,86.12099644128114,7.473309608540925,78.64768683274022
E00093353,257,56,28,28,201,13,188,21.78988326848249,10.894941634241246,10.894941634241246,78.21011673151752,5.058365758754864,73.15175097276264
E00093354,323,51,16,35,272,29,243,15.789473684210526,4.953560371517028,10.8359133126935,84.21052631578947,8.978328173374612,75.23219814241486
E00093355,201,40,20,20,161,10,151,19.900497512437813,9.950248756218906,9.950248756218906,80.09950248756219,4.975124378109453,75.12437810945273
E00093356,193,67,24,43,126,17,109,34.715025906735754,12.435233160621761,22.279792746113987,65.28497409326425,8.808290155440414,56.476683937823836
E00093357,246,55,26,29,191,18,173,22.35772357723577,10.569105691056912,11.788617886178862,77.64227642276423,7.317073170731707,70.32520325203252
E00093358,251,40,15,25,211,17,194,15.936254980079681,5.9760956175298805,9.9601593625498,84.06374501992032,6.772908366533864,77.29083665338645
E00093359,302,48,24,24,254,25,229,15.894039735099339,7.9470198675496695,7.9470198675496695,84.10596026490066,8.27814569536424,75.82781456953643
E00093360,265,68,29,39,197,19,178,25.660377358490567,10.943396226415095,14.716981132075471,74.33962264150942,7.169811320754717,67.16981132075472
E00093361,208,48,28,20,160,19,141,23.076923076923077,13.461538461538462,9.615384615384617,76.92307692307693,9.134615384615383,67.78846153846155
E00093362,279,51,21,30,228,21,207,18.27956989247312,7.526881720430108,10.75268817204301,81.72043010752688,7.526881720430108,74.19354838709677
E00093363,281,71,34,37,210,18,192,25.26690391459075,12.099644128113878,13.167259786476867,74.73309608540926,6.405693950177936,68.32740213523132
E00093364,223,63,26,37,160,15,145,28.251121076233183,11.659192825112108,16.591928251121075,71.74887892376681,6.726457399103139,65.02242152466367
E00093365,258,66,24,42,192,21,171,25.581395348837212,9.30232558139535,16.27906976744186,74.4186046511628,8.13953488372093,66.27906976744185
E00093367,288,60,21,39,228,20,208,20.833333333333336,7.291666666666667,13.541666666666666,79.16666666666666,6.944444444444445,72.22222222222221
E00093368,339,51,18,33,288,36,252,15.04424778761062,5.3097345132743365,9.734513274336283,84.95575221238938,10.619469026548673,74.33628318584071
E00093369,300,49,15,34,251,16,235,16.333333333333332,5,11.333333333333332,83.66666666666667,5.333333333333334,78.33333333333333
E00093370,451,63,25,38,388,36,352,13.968957871396896,5.543237250554324,8.425720620842572,86.0310421286031,7.982261640798225,78.04878048780488
E00093371,318,78,44,34,240,27,213,24.528301886792452,13.836477987421384,10.69182389937107,75.47169811320755,8.49056603773585,66.98113207547169
E00093372,272,53,20,33,219,17,202,19.485294117647058,7.352941176470589,12.132352941176471,80.51470588235294,6.25,74.26470588235294
E00093373,271,58,24,34,213,16,197,21.40221402214022,8.856088560885608,12.546125461254611,78.59778597785979,5.904059040590406,72.69372693726937
E00093374,300,56,17,39,244,34,210,18.666666666666668,5.666666666666666,13,81.33333333333333,11.333333333333332,70
E00093375,262,55,23,32,207,20,187,20.99236641221374,8.778625954198473,12.213740458015266,79.00763358778626,7.633587786259542,71.37404580152672
E00093376,228,45,15,30,183,22,161,19.736842105263158,6.578947368421052,13.157894736842104,80.26315789473685,9.649122807017543,70.6140350877193
E00093377,369,102,55,47,267,34,233,27.64227642276423,14.905149051490515,12.737127371273713,72.35772357723577,9.214092140921409,63.143631436314365
E00093378,288,59,23,36,229,27,202,20.48611111111111,7.986111111111111,12.5,79.51388888888889,9.375,70.13888888888889
E00093379,311,52,16,36,259,25,234,16.720257234726688,5.144694533762058,11.57556270096463,83.27974276527331,8.038585209003216,75.2411575562701
E00093380,515,60,14,46,455,23,432,11.650485436893204,2.7184466019417477,8.932038834951456,88.3495145631068,4.466019417475728,83.88349514563107
E00093381,287,54,20,34,233,30,203,18.81533101045296,6.968641114982578,11.846689895470384,81.18466898954703,10.452961672473867,70.73170731707317
E00093382,347,49,17,32,298,32,266,14.121037463976945,4.899135446685879,9.221902017291066,85.87896253602305,9.221902017291066,76.657060518732
E00093383,364,64,21,43,300,25,275,17.582417582417584,5.769230769230769,11.813186813186812,82.41758241758241,6.868131868131869,75.54945054945054
E00093384,319,48,17,31,271,30,241,15.047021943573668,5.329153605015674,9.717868338557993,84.95297805642633,9.404388714733543,75.54858934169279
E00093385,291,60,21,39,231,26,205,20.618556701030926,7.216494845360824,13.402061855670103,79.38144329896907,8.934707903780069,70.44673539518901
E00093386,375,41,16,25,334,35,299,10.933333333333334,4.266666666666667,6.666666666666667,89.06666666666668,9.333333333333334,79.73333333333333
E00093387,382,48,15,33,334,32,302,12.56544502617801,3.926701570680628,8.638743455497382,87.43455497382199,8.37696335078534,79.05759162303664
E00093388,251,60,26,34,191,20,171,23.904382470119522,10.358565737051793,13.545816733067728,76.09561752988047,7.968127490039841,68.12749003984064
E00093389,402,69,24,45,333,51,282,17.16417910447761,5.970149253731343,11.194029850746269,82.83582089552239,12.686567164179104,70.1492537313433
E00093390,342,43,10,33,299,34,265,12.573099415204677,2.923976608187134,9.649122807017543,87.42690058479532,9.941520467836257,77.48538011695906
E00093391,286,48,26,22,238,24,214,16.783216783216783,9.090909090909092,7.6923076923076925,83.21678321678321,8.391608391608392,74.82517482517483
E00093392,408,46,19,27,362,32,330,11.27450980392157,4.6568627450980395,6.61764705882353,88.72549019607843,7.8431372549019605,80.88235294117648
E00093393,262,42,15,27,220,23,197,16.030534351145036,5.7251908396946565,10.305343511450381,83.96946564885496,8.778625954198473,75.19083969465649
E00093394,268,64,31,33,204,14,190,23.88059701492537,11.567164179104477,12.313432835820896,76.11940298507463,5.223880597014925,70.8955223880597
E00093395,376,47,18,29,329,27,302,12.5,4.787234042553192,7.712765957446808,87.5,7.180851063829788,80.31914893617021
E00093396,265,44,21,23,221,20,201,16.60377358490566,7.9245283018867925,8.679245283018867,83.39622641509435,7.547169811320755,75.84905660377359
E00093397,385,62,20,42,323,17,306,16.103896103896105,5.194805194805195,10.909090909090908,83.8961038961039,4.415584415584416,79.48051948051949
E00093398,370,63,22,41,307,23,284,17.027027027027028,5.9459459459459465,11.081081081081082,82.97297297297297,6.216216216216217,76.75675675675676
E00093399,278,64,26,38,214,9,205,23.021582733812952,9.352517985611511,13.66906474820144,76.97841726618705,3.237410071942446,73.7410071942446
E00093400,243,45,24,21,198,13,185,18.51851851851852,9.876543209876543,8.641975308641975,81.48148148148148,5.349794238683128,76.13168724279835
E00093401,291,53,29,24,238,19,219,18.213058419243985,9.965635738831615,8.24742268041237,81.78694158075601,6.529209621993128,75.25773195876289
E00093402,282,40,17,23,242,13,229,14.184397163120568,6.028368794326241,8.156028368794328,85.81560283687944,4.609929078014184,81.20567375886525
E00093403,373,66,21,45,307,36,271,17.694369973190348,5.630026809651475,12.064343163538874,82.30563002680965,9.651474530831099,72.65415549597856
E00093404,332,57,24,33,275,33,242,17.16867469879518,7.228915662650602,9.939759036144578,82.83132530120481,9.939759036144578,72.89156626506023
E00093405,247,33,9,24,214,22,192,13.360323886639677,3.643724696356275,9.7165991902834,86.63967611336032,8.906882591093117,77.7327935222672
E00093406,251,37,19,18,214,15,199,14.741035856573706,7.569721115537849,7.171314741035857,85.2589641434263,5.9760956175298805,79.2828685258964
E00093407,314,52,19,33,262,16,246,16.560509554140125,6.050955414012739,10.509554140127388,83.43949044585987,5.095541401273886,78.343949044586
E00093408,283,71,32,39,212,13,199,25.08833922261484,11.307420494699647,13.780918727915195,74.91166077738515,4.593639575971731,70.31802120141343
E00093409,272,65,36,29,207,22,185,23.897058823529413,13.23529411764706,10.661764705882353,76.10294117647058,8.088235294117647,68.01470588235294
E00093410,236,79,44,35,157,12,145,33.47457627118644,18.64406779661017,14.83050847457627,66.52542372881356,5.084745762711865,61.440677966101696
E00093411,319,24,8,16,295,32,263,7.523510971786834,2.507836990595611,5.015673981191222,92.47648902821317,10.031347962382444,82.44514106583071
E00093412,300,52,27,25,248,26,222,17.333333333333336,9,8.333333333333332,82.66666666666667,8.666666666666668,74
E00093413,262,64,31,33,198,17,181,24.427480916030532,11.83206106870229,12.595419847328243,75.57251908396947,6.488549618320611,69.08396946564885
E00093414,298,70,33,37,228,22,206,23.48993288590604,11.073825503355705,12.416107382550337,76.51006711409396,7.38255033557047,69.12751677852349
E00093415,283,61,21,40,222,19,203,21.554770318021202,7.420494699646643,14.13427561837456,78.4452296819788,6.713780918727916,71.73144876325088
E00093416,307,24,5,19,283,23,260,7.81758957654723,1.6286644951140066,6.188925081433225,92.18241042345277,7.491856677524431,84.69055374592834
E00093417,298,40,19,21,258,28,230,13.422818791946309,6.375838926174497,7.046979865771812,86.57718120805369,9.395973154362416,77.18120805369128
E00093418,584,70,19,51,514,43,471,11.986301369863012,3.2534246575342465,8.732876712328768,88.01369863013699,7.363013698630137,80.65068493150685
E00093419,299,52,18,34,247,17,230,17.391304347826086,6.0200668896321075,11.37123745819398,82.6086956521739,5.68561872909699,76.92307692307693
E00093420,249,39,7,32,210,17,193,15.66265060240964,2.8112449799196786,12.851405622489958,84.33734939759037,6.827309236947792,77.51004016064257
E00093421,342,60,24,36,282,14,268,17.543859649122805,7.017543859649122,10.526315789473683,82.45614035087719,4.093567251461988,78.3625730994152
E00093422,199,24,6,18,175,18,157,12.060301507537687,3.015075376884422,9.045226130653267,87.93969849246231,9.045226130653267,78.89447236180904
E00093423,527,82,34,48,445,38,407,15.559772296015181,6.451612903225806,9.108159392789373,84.44022770398482,7.2106261859582546,77.22960151802657
E00093424,313,85,42,43,228,16,212,27.15654952076677,13.418530351437699,13.738019169329075,72.84345047923323,5.111821086261981,67.73162939297124
E00093425,479,102,61,41,377,49,328,21.29436325678497,12.734864300626306,8.559498956158663,78.70563674321504,10.22964509394572,68.4759916492693
E00093426,261,30,14,16,231,20,211,11.494252873563218,5.363984674329502,6.130268199233716,88.50574712643679,7.662835249042145,80.84291187739464
E00093427,187,36,9,27,151,11,140,19.25133689839572,4.81283422459893,14.43850267379679,80.74866310160428,5.88235294117647,74.8663101604278
E00093429,354,35,12,23,319,31,288,9.887005649717514,3.389830508474576,6.497175141242938,90.11299435028248,8.757062146892656,81.35593220338984
E00093430,214,30,10,20,184,20,164,14.018691588785046,4.672897196261682,9.345794392523365,85.98130841121495,9.345794392523365,76.63551401869158
E00093431,288,43,13,30,245,23,222,14.930555555555555,4.513888888888888,10.416666666666668,85.06944444444444,7.986111111111111,77.08333333333334
E00093432,242,37,16,21,205,19,186,15.289256198347106,6.6115702479338845,8.677685950413224,84.71074380165288,7.851239669421488,76.85950413223141
E00093433,143,20,10,10,123,6,117,13.986013986013987,6.993006993006993,6.993006993006993,86.01398601398601,4.195804195804196,81.81818181818183
E00093436,196,31,9,22,165,18,147,15.816326530612246,4.591836734693878,11.224489795918368,84.18367346938776,9.183673469387756,75
E00093437,369,42,13,29,327,22,305,11.38211382113821,3.523035230352303,7.8590785907859075,88.6178861788618,5.9620596205962055,82.65582655826557
E00093438,138,29,11,18,109,14,95,21.014492753623188,7.971014492753622,13.043478260869565,78.98550724637681,10.144927536231885,68.84057971014492
E00093439,288,44,18,26,244,26,218,15.277777777777779,6.25,9.027777777777777,84.72222222222221,9.027777777777777,75.69444444444444
E00093440,277,47,15,32,230,21,209,16.967509025270758,5.415162454873646,11.552346570397113,83.03249097472924,7.581227436823104,75.45126353790613
E00093441,348,58,13,45,290,31,259,16.666666666666664,3.7356321839080464,12.931034482758621,83.33333333333334,8.908045977011495,74.42528735632183
E00093442,388,53,22,31,335,36,299,13.65979381443299,5.670103092783505,7.989690721649484,86.34020618556701,9.278350515463918,77.0618556701031
E00093443,330,59,32,27,271,30,241,17.87878787878788,9.696969696969697,8.181818181818182,82.12121212121211,9.090909090909092,73.03030303030303
E00093712,272,26,10,16,246,15,231,9.558823529411764,3.6764705882352944,5.88235294117647,90.44117647058823,5.514705882352941,84.92647058823529
E00093713,283,38,14,24,245,26,219,13.427561837455832,4.946996466431095,8.480565371024735,86.57243816254417,9.187279151943462,77.3851590106007
E00093714,325,31,9,22,294,25,269,9.538461538461538,2.769230769230769,6.769230769230769,90.46153846153845,7.6923076923076925,82.76923076923077
E00093715,336,29,14,15,307,25,282,8.630952380952381,4.166666666666666,4.464285714285714,91.36904761904762,7.440476190476191,83.92857142857143
E00093716,194,44,30,14,150,17,133,22.68041237113402,15.463917525773196,7.216494845360824,77.31958762886599,8.762886597938143,68.55670103092784
E00093717,300,50,11,39,250,26,224,16.666666666666664,3.6666666666666665,13,83.33333333333334,8.666666666666668,74.66666666666667
E00093718,354,158,128,30,196,25,171,44.632768361581924,36.15819209039548,8.47457627118644,55.367231638418076,7.062146892655368,48.30508474576271
E00093719,285,47,15,32,238,19,219,16.49122807017544,5.263157894736842,11.228070175438596,83.50877192982456,6.666666666666667,76.84210526315789
E00093720,311,66,28,38,245,22,223,21.221864951768488,9.003215434083602,12.218649517684888,78.77813504823152,7.07395498392283,71.70418006430869
E00093721,307,35,13,22,272,23,249,11.400651465798045,4.234527687296417,7.166123778501629,88.59934853420195,7.491856677524431,81.10749185667753
E00093722,363,32,10,22,331,30,301,8.81542699724518,2.7548209366391188,6.0606060606060606,91.18457300275482,8.264462809917356,82.92011019283747
E00093723,260,42,19,23,218,18,200,16.153846153846153,7.307692307692308,8.846153846153847,83.84615384615385,6.923076923076923,76.92307692307693
E00093724,320,21,6,15,299,24,275,6.5625,1.875,4.6875,93.4375,7.5,85.9375
E00093725,299,19,7,12,280,24,256,6.354515050167224,2.341137123745819,4.013377926421405,93.64548494983278,8.02675585284281,85.61872909698997
E00093726,220,60,29,31,160,20,140,27.27272727272727,13.18181818181818,14.09090909090909,72.72727272727273,9.090909090909092,63.63636363636363
E00093727,341,45,7,38,296,40,256,13.196480938416421,2.0527859237536656,11.143695014662756,86.80351906158357,11.730205278592376,75.0733137829912
E00093728,490,51,15,36,439,42,397,10.408163265306122,3.061224489795918,7.346938775510205,89.59183673469387,8.571428571428571,81.0204081632653
E00093729,399,48,12,36,351,29,322,12.030075187969924,3.007518796992481,9.022556390977442,87.96992481203007,7.268170426065162,80.7017543859649
E00093730,236,46,10,36,190,12,178,19.491525423728813,4.23728813559322,15.254237288135593,80.50847457627118,5.084745762711865,75.42372881355932
E00093731,331,55,24,31,276,36,240,16.61631419939577,7.250755287009064,9.365558912386707,83.38368580060424,10.876132930513595,72.50755287009063
E00093732,236,22,4,18,214,11,203,9.322033898305085,1.694915254237288,7.627118644067797,90.67796610169492,4.661016949152542,86.01694915254238
E00093733,309,46,15,31,263,33,230,14.886731391585762,4.854368932038835,10.032362459546926,85.11326860841424,10.679611650485436,74.4336569579288
E00093734,461,61,11,50,400,35,365,13.232104121475055,2.386117136659436,10.84598698481562,86.76789587852495,7.592190889370933,79.17570498915401
E00093735,202,47,19,28,155,21,134,23.26732673267327,9.405940594059405,13.861386138613863,76.73267326732673,10.396039603960396,66.33663366336634
E00093736,254,34,11,23,220,19,201,13.385826771653544,4.330708661417323,9.05511811023622,86.61417322834646,7.480314960629922,79.13385826771653
E00093737,248,38,16,22,210,29,181,15.32258064516129,6.451612903225806,8.870967741935484,84.67741935483872,11.693548387096774,72.98387096774194
E00093738,436,47,12,35,389,36,353,10.77981651376147,2.7522935779816518,8.027522935779817,89.22018348623854,8.256880733944955,80.96330275229357
E00093739,314,45,14,31,269,27,242,14.331210191082802,4.45859872611465,9.872611464968154,85.6687898089172,8.598726114649681,77.07006369426752
E00093740,270,44,16,28,226,24,202,16.296296296296298,5.9259259259259265,10.37037037037037,83.7037037037037,8.88888888888889,74.81481481481481
E00093741,312,49,16,33,263,45,218,15.705128205128204,5.128205128205128,10.576923076923077,84.2948717948718,14.423076923076922,69.87179487179486
E00093742,356,53,22,31,303,19,284,14.887640449438203,6.179775280898876,8.707865168539326,85.1123595505618,5.337078651685393,79.7752808988764
E00093743,219,36,13,23,183,22,161,16.43835616438356,5.93607305936073,10.50228310502283,83.56164383561644,10.045662100456621,73.51598173515981
E00093744,363,67,26,41,296,26,270,18.457300275482094,7.162534435261708,11.294765840220386,81.5426997245179,7.162534435261708,74.3801652892562
E00093745,212,66,16,50,146,17,129,31.132075471698112,7.547169811320755,23.58490566037736,68.86792452830188,8.018867924528301,60.84905660377359
E00093746,313,45,14,31,268,31,237,14.376996805111823,4.472843450479233,9.904153354632587,85.62300319488818,9.904153354632587,75.71884984025559
E00093747,307,35,13,22,272,27,245,11.400651465798045,4.234527687296417,7.166123778501629,88.59934853420195,8.794788273615636,79.80456026058633
E00093748,282,61,34,27,221,18,203,21.631205673758867,12.056737588652481,9.574468085106384,78.36879432624113,6.382978723404255,71.98581560283688
E00093749,266,54,16,38,212,16,196,20.30075187969925,6.015037593984962,14.285714285714285,79.69924812030075,6.015037593984962,73.68421052631578
E00093750,218,70,41,29,148,21,127,32.11009174311927,18.807339449541285,13.302752293577983,67.88990825688074,9.63302752293578,58.256880733944946
E00093751,486,60,18,42,426,39,387,12.345679012345679,3.7037037037037033,8.641975308641975,87.65432098765432,8.024691358024691,79.62962962962963
E00093752,337,94,45,49,243,25,218,27.89317507418398,13.353115727002967,14.540059347181009,72.10682492581603,7.418397626112759,64.68842729970326
E00093753,311,60,20,40,251,20,231,19.292604501607716,6.430868167202572,12.861736334405144,80.70739549839229,6.430868167202572,74.27652733118971
E00093754,267,45,12,33,222,27,195,16.853932584269664,4.49438202247191,12.359550561797752,83.14606741573034,10.112359550561797,73.03370786516854
E00093755,542,67,23,44,475,39,436,12.361623616236162,4.243542435424354,8.118081180811808,87.63837638376384,7.195571955719557,80.44280442804428
E00093756,325,75,37,38,250,19,231,23.076923076923077,11.384615384615385,11.692307692307692,76.92307692307693,5.846153846153846,71.07692307692308
E00093757,138,17,3,14,121,13,108,12.318840579710146,2.1739130434782608,10.144927536231885,87.68115942028986,9.420289855072465,78.26086956521739
E00093758,255,48,22,26,207,22,185,18.823529411764707,8.627450980392156,10.196078431372548,81.17647058823529,8.627450980392156,72.54901960784314
E00093759,254,47,15,32,207,22,185,18.503937007874015,5.905511811023622,12.598425196850393,81.49606299212599,8.661417322834646,72.83464566929135
E00093760,362,47,17,30,315,22,293,12.98342541436464,4.696132596685083,8.287292817679557,87.01657458563537,6.077348066298343,80.93922651933701
E00093761,371,113,72,41,258,29,229,30.45822102425876,19.40700808625337,11.05121293800539,69.54177897574124,7.816711590296496,61.725067385444746
E00093763,299,25,5,20,274,22,252,8.361204013377927,1.6722408026755853,6.688963210702341,91.63879598662207,7.357859531772576,84.2809364548495
E00093764,152,20,7,13,132,8,124,13.157894736842104,4.605263157894736,8.552631578947368,86.8421052631579,5.263157894736842,81.57894736842105
E00093765,355,46,12,34,309,36,273,12.957746478873238,3.3802816901408446,9.577464788732394,87.04225352112675,10.140845070422536,76.90140845070422
E00093766,335,34,8,26,301,19,282,10.149253731343283,2.3880597014925375,7.761194029850746,89.8507462686567,5.6716417910447765,84.17910447761194
E00093767,295,28,10,18,267,27,240,9.491525423728813,3.389830508474576,6.101694915254238,90.5084745762712,9.152542372881356,81.35593220338984
E00093768,333,45,13,32,288,31,257,13.513513513513514,3.903903903903904,9.60960960960961,86.48648648648648,9.30930930930931,77.17717717717719
E00093769,500,37,7,30,463,29,434,7.3999999999999995,1.4000000000000001,6,92.60000000000001,5.800000000000001,86.8
E00093770,389,38,14,24,351,38,313,9.768637532133676,3.5989717223650386,6.169665809768637,90.23136246786633,9.768637532133676,80.46272493573264
E00093771,346,38,13,25,308,30,278,10.982658959537572,3.7572254335260116,7.225433526011561,89.01734104046243,8.670520231213873,80.34682080924856
E00093772,109,18,3,15,91,15,76,16.51376146788991,2.7522935779816518,13.761467889908257,83.4862385321101,13.761467889908257,69.72477064220183
E00093773,152,20,4,16,132,10,122,13.157894736842104,2.631578947368421,10.526315789473683,86.8421052631579,6.578947368421052,80.26315789473685
E00093774,236,24,7,17,212,17,195,10.16949152542373,2.9661016949152543,7.203389830508475,89.83050847457628,7.203389830508475,82.62711864406779
E00093775,269,23,4,19,246,18,228,8.550185873605948,1.486988847583643,7.063197026022305,91.44981412639405,6.691449814126393,84.75836431226766
E00093776,369,31,12,19,338,33,305,8.401084010840108,3.2520325203252036,5.149051490514905,91.59891598915989,8.94308943089431,82.65582655826557
E00093778,291,31,6,25,260,22,238,10.652920962199312,2.0618556701030926,8.59106529209622,89.3470790378007,7.560137457044673,81.78694158075601
E00093779,326,36,8,28,290,30,260,11.042944785276074,2.4539877300613497,8.588957055214724,88.95705521472392,9.202453987730062,79.75460122699386
E00093780,401,48,12,36,353,27,326,11.970074812967582,2.9925187032418954,8.977556109725686,88.02992518703242,6.733167082294264,81.29675810473816
E00093781,351,22,12,10,329,27,302,6.267806267806268,3.418803418803419,2.849002849002849,93.73219373219374,7.6923076923076925,86.03988603988604
E00093782,281,48,21,27,233,27,206,17.08185053380783,7.473309608540925,9.608540925266903,82.91814946619218,9.608540925266903,73.30960854092527
E00093783,416,73,36,37,343,32,311,17.548076923076923,8.653846153846153,8.89423076923077,82.45192307692307,7.6923076923076925,74.75961538461539
E00093784,450,67,17,50,383,44,339,14.888888888888888,3.7777777777777777,11.11111111111111,85.11111111111111,9.777777777777779,75.33333333333333
E00093785,265,38,10,28,227,29,198,14.339622641509434,3.7735849056603774,10.566037735849058,85.66037735849056,10.943396226415095,74.71698113207546
E00093786,318,32,6,26,286,31,255,10.062893081761008,1.8867924528301887,8.176100628930817,89.937106918239,9.748427672955975,80.18867924528303
E00093787,595,66,24,42,529,61,468,11.092436974789916,4.033613445378151,7.0588235294117645,88.90756302521008,10.252100840336134,78.65546218487395
E00093788,272,40,12,28,232,24,208,14.705882352941178,4.411764705882353,10.294117647058822,85.29411764705883,8.823529411764707,76.47058823529412
E00093789,244,40,12,28,204,30,174,16.39344262295082,4.918032786885246,11.475409836065573,83.60655737704919,12.295081967213115,71.31147540983606
E00093790,308,72,29,43,236,26,210,23.376623376623375,9.415584415584416,13.96103896103896,76.62337662337663,8.441558441558442,68.18181818181817
E00093791,347,65,21,44,282,37,245,18.73198847262248,6.051873198847262,12.680115273775217,81.26801152737752,10.662824207492795,70.60518731988472
E00093792,242,65,27,38,177,17,160,26.859504132231404,11.15702479338843,15.702479338842975,73.14049586776859,7.024793388429752,66.11570247933885
E00093793,253,43,12,31,210,23,187,16.99604743083004,4.743083003952568,12.25296442687747,83.00395256916995,9.090909090909092,73.91304347826086
E00093794,281,38,12,26,243,27,216,13.523131672597867,4.270462633451958,9.252669039145907,86.47686832740213,9.608540925266903,76.86832740213522
E00093795,273,47,24,23,226,24,202,17.216117216117215,8.791208791208792,8.424908424908425,82.78388278388277,8.791208791208792,73.992673992674
E00093796,273,47,14,33,226,33,193,17.216117216117215,5.128205128205128,12.087912087912088,82.78388278388277,12.087912087912088,70.6959706959707
E00093797,267,57,17,40,210,24,186,21.34831460674157,6.367041198501873,14.981273408239701,78.65168539325843,8.98876404494382,69.66292134831461
E00093798,140,20,5,15,120,15,105,14.285714285714285,3.571428571428571,10.714285714285714,85.71428571428571,10.714285714285714,75
E00093799,325,44,16,28,281,29,252,13.538461538461538,4.923076923076923,8.615384615384615,86.46153846153845,8.923076923076923,77.53846153846153
E00093800,314,28,11,17,286,28,258,8.9171974522293,3.5031847133757963,5.414012738853503,91.0828025477707,8.9171974522293,82.16560509554141
E00093801,319,22,9,13,297,24,273,6.896551724137931,2.8213166144200628,4.075235109717868,93.10344827586206,7.523510971786834,85.57993730407524
E00093802,279,34,11,23,245,17,228,12.186379928315413,3.942652329749104,8.24372759856631,87.81362007168458,6.093189964157706,81.72043010752688
E00093803,321,43,11,32,278,23,255,13.395638629283487,3.4267912772585665,9.968847352024921,86.6043613707165,7.165109034267912,79.43925233644859
E00093804,308,33,12,21,275,27,248,10.714285714285714,3.896103896103896,6.8181818181818175,89.28571428571429,8.766233766233766,80.51948051948052
E00093805,320,35,13,22,285,25,260,10.9375,4.0625,6.875000000000001,89.0625,7.8125,81.25
E00093806,237,27,9,18,210,22,188,11.39240506329114,3.79746835443038,7.59493670886076,88.60759493670885,9.282700421940929,79.32489451476793
E00093807,308,29,9,20,279,25,254,9.415584415584416,2.922077922077922,6.493506493506493,90.5844155844156,8.116883116883116,82.46753246753246
E00093808,347,44,10,34,303,38,265,12.680115273775217,2.881844380403458,9.798270893371757,87.31988472622479,10.951008645533141,76.36887608069163
E00093809,322,35,15,20,287,31,256,10.869565217391305,4.658385093167702,6.211180124223603,89.13043478260869,9.627329192546584,79.5031055900621
E00093810,351,41,9,32,310,37,273,11.68091168091168,2.564102564102564,9.116809116809117,88.31908831908832,10.541310541310542,77.77777777777779
E00093811,391,44,15,29,347,29,318,11.253196930946292,3.8363171355498724,7.41687979539642,88.7468030690537,7.41687979539642,81.32992327365729
E00093812,336,22,4,18,314,20,294,6.547619047619048,1.1904761904761905,5.357142857142857,93.45238095238095,5.952380952380952,87.5
E00093813,321,35,16,19,286,22,264,10.903426791277258,4.984423676012461,5.919003115264798,89.09657320872275,6.853582554517133,82.2429906542056
E00093814,313,38,15,23,275,20,255,12.140575079872203,4.792332268370607,7.348242811501597,87.8594249201278,6.3897763578274756,81.46964856230032
E00093815,449,76,30,46,373,42,331,16.926503340757236,6.6815144766147,10.244988864142538,83.07349665924276,9.35412026726058,73.71937639198218
E00093816,260,37,8,29,223,18,205,14.23076923076923,3.076923076923077,11.153846153846155,85.76923076923076,6.923076923076923,78.84615384615384
E00093817,425,65,20,45,360,34,326,15.294117647058824,4.705882352941177,10.588235294117647,84.70588235294117,8,76.70588235294117
E00093818,250,37,15,22,213,18,195,14.799999999999999,6,8.799999999999999,85.2,7.199999999999999,78
E00093819,202,51,23,28,151,28,123,25.247524752475247,11.386138613861387,13.861386138613863,74.75247524752476,13.861386138613863,60.89108910891089
E00093820,212,33,10,23,179,19,160,15.566037735849056,4.716981132075472,10.849056603773585,84.43396226415094,8.962264150943396,75.47169811320755
E00093821,305,55,18,37,250,29,221,18.0327868852459,5.901639344262295,12.131147540983607,81.9672131147541,9.508196721311474,72.45901639344262
E00093822,266,22,6,16,244,25,219,8.270676691729323,2.2556390977443606,6.015037593984962,91.72932330827066,9.398496240601503,82.33082706766918
E00093823,322,53,24,29,269,17,252,16.459627329192546,7.453416149068323,9.006211180124224,83.54037267080744,5.279503105590062,78.26086956521739
E00093824,305,72,31,41,233,23,210,23.60655737704918,10.163934426229508,13.442622950819672,76.39344262295083,7.540983606557377,68.85245901639344
E00093825,251,41,18,23,210,22,188,16.334661354581673,7.171314741035857,9.163346613545817,83.66533864541833,8.764940239043826,74.9003984063745
E00093826,286,47,16,31,239,23,216,16.433566433566433,5.594405594405594,10.839160839160838,83.56643356643356,8.041958041958042,75.52447552447552
E00093827,364,70,38,32,294,19,275,19.230769230769234,10.43956043956044,8.791208791208792,80.76923076923077,5.21978021978022,75.54945054945054
E00093828,308,56,21,35,252,22,230,18.181818181818183,6.8181818181818175,11.363636363636363,81.81818181818183,7.142857142857142,74.67532467532467
E00093829,260,32,12,20,228,20,208,12.307692307692308,4.615384615384616,7.6923076923076925,87.6923076923077,7.6923076923076925,80
E00093830,364,61,34,27,303,32,271,16.758241758241756,9.340659340659341,7.417582417582418,83.24175824175825,8.791208791208792,74.45054945054946
E00093831,238,61,32,29,177,14,163,25.630252100840334,13.445378151260504,12.184873949579831,74.36974789915966,5.88235294117647,68.4873949579832
E00093832,283,78,37,41,205,17,188,27.56183745583039,13.074204946996467,14.487632508833922,72.43816254416961,6.007067137809187,66.43109540636041
E00093834,331,82,37,45,249,13,236,24.773413897280967,11.178247734138973,13.595166163141995,75.22658610271903,3.927492447129909,71.29909365558912
E00093835,321,76,30,46,245,21,224,23.67601246105919,9.345794392523365,14.330218068535824,76.32398753894081,6.5420560747663545,69.78193146417445
E00093836,265,67,35,32,198,11,187,25.28301886792453,13.20754716981132,12.075471698113208,74.71698113207546,4.150943396226415,70.56603773584905
E00093837,296,64,29,35,232,17,215,21.62162162162162,9.797297297297296,11.824324324324325,78.37837837837837,5.743243243243244,72.63513513513513
E00093838,315,66,31,35,249,13,236,20.952380952380953,9.841269841269842,11.11111111111111,79.04761904761905,4.1269841269841265,74.92063492063492
E00093839,313,61,39,22,252,25,227,19.488817891373802,12.460063897763577,7.0287539936102235,80.5111821086262,7.987220447284344,72.52396166134186
E00093840,344,58,26,32,286,25,261,16.86046511627907,7.55813953488372,9.30232558139535,83.13953488372093,7.267441860465117,75.87209302325581
E00093841,284,67,34,33,217,15,202,23.591549295774648,11.971830985915492,11.619718309859154,76.40845070422534,5.28169014084507,71.12676056338029
E00093842,338,37,13,24,301,28,273,10.946745562130179,3.8461538461538463,7.100591715976331,89.05325443786982,8.284023668639055,80.76923076923077
E00093843,183,44,22,22,139,15,124,24.043715846994534,12.021857923497267,12.021857923497267,75.95628415300546,8.19672131147541,67.75956284153006
E00093844,291,65,27,38,226,10,216,22.336769759450174,9.278350515463918,13.058419243986256,77.66323024054984,3.436426116838488,74.22680412371135
E00093845,326,38,16,22,288,36,252,11.65644171779141,4.9079754601226995,6.748466257668712,88.34355828220859,11.042944785276074,77.30061349693251
E00093846,270,43,13,30,227,20,207,15.925925925925927,4.814814814814815,11.11111111111111,84.07407407407408,7.4074074074074066,76.66666666666667
E00093847,284,39,18,21,245,20,225,13.732394366197184,6.338028169014084,7.394366197183098,86.26760563380282,7.042253521126761,79.22535211267606
E00093848,193,53,25,28,140,16,124,27.461139896373055,12.953367875647666,14.507772020725387,72.53886010362694,8.290155440414509,64.24870466321244
E00093849,325,58,28,30,267,22,245,17.846153846153847,8.615384615384615,9.230769230769232,82.15384615384616,6.769230769230769,75.38461538461539
E00093850,312,48,16,32,264,22,242,15.384615384615385,5.128205128205128,10.256410256410255,84.61538461538461,7.051282051282051,77.56410256410257
E00093851,268,49,22,27,219,14,205,18.28358208955224,8.208955223880597,10.074626865671641,81.71641791044776,5.223880597014925,76.49253731343283
E00093852,329,44,19,25,285,17,268,13.37386018237082,5.775075987841945,7.598784194528875,86.62613981762918,5.167173252279635,81.45896656534954
E00093854,224,27,8,19,197,17,180,12.053571428571429,3.571428571428571,8.482142857142858,87.94642857142857,7.5892857142857135,80.35714285714286
E00093855,226,42,14,28,184,18,166,18.58407079646018,6.1946902654867255,12.389380530973451,81.41592920353983,7.964601769911504,73.45132743362832
E00093856,201,36,13,23,165,22,143,17.91044776119403,6.467661691542288,11.442786069651742,82.08955223880598,10.945273631840797,71.14427860696517
E00093857,348,43,9,34,305,22,283,12.35632183908046,2.586206896551724,9.770114942528735,87.643678160919535,6.321839080459771,81.32183908045977
E00093858,209,36,14,22,173,18,155,17.22488038277512,6.698564593301436,10.526315789473683,82.77511961722487,8.61244019138756,74.16267942583733
E00093859,236,34,14,20,202,14,188,14.40677966101695,5.932203389830509,8.47457627118644,85.59322033898306,5.932203389830509,79.66101694915254
E00093860,384,43,20,23,341,25,316,11.197916666666668,5.208333333333334,5.989583333333334,88.80208333333334,6.510416666666667,82.29166666666666
E00093861,357,67,24,43,290,28,262,18.76750700280112,6.722689075630252,12.044817927170868,81.23249299719888,7.8431372549019605,73.38935574229691
E00093862,330,28,8,20,302,22,280,8.484848484848486,2.4242424242424243,6.0606060606060606,91.51515151515152,6.666666666666667,84.84848484848484
E00093863,323,37,13,24,286,32,254,11.455108359133128,4.024767801857585,7.430340557275541,88.54489164086688,9.907120743034056,78.63777089783281
E00093864,284,54,25,29,230,30,200,19.014084507042252,8.80281690140845,10.211267605633804,80.98591549295774,10.56338028169014,70.4225352112676
E00093865,285,52,26,26,233,16,217,18.24561403508772,9.12280701754386,9.12280701754386,81.75438596491227,5.614035087719298,76.14035087719299
E00093866,255,53,21,32,202,20,182,20.784313725490197,8.235294117647058,12.549019607843137,79.2156862745098,7.8431372549019605,71.37254901960785
E00093867,576,66,24,42,510,28,482,11.458333333333332,4.166666666666666,7.291666666666667,88.54166666666666,4.861111111111112,83.68055555555556
E00093868,513,123,61,62,390,29,361,23.976608187134502,11.890838206627679,12.085769980506821,76.0233918128655,5.653021442495127,70.37037037037037
E00093869,499,73,22,51,426,33,393,14.629258517034069,4.408817635270541,10.220440881763528,85.37074148296593,6.613226452905812,78.75751503006012
E00093870,356,28,9,19,328,22,306,7.865168539325842,2.528089887640449,5.337078651685393,92.13483146067416,6.179775280898876,85.95505617977528
E00093871,397,56,23,33,341,41,300,14.105793450881613,5.793450881612091,8.312342569269521,85.8942065491184,10.327455919395465,75.56675062972292
E00093872,226,48,27,21,178,10,168,21.238938053097346,11.946902654867257,9.29203539823009,78.76106194690266,4.424778761061947,74.33628318584071
E00093873,277,46,18,28,231,25,206,16.60649819494585,6.4981949458483745,10.108303249097473,83.39350180505414,9.025270758122744,74.36823104693141
E00093874,430,36,6,30,394,25,369,8.372093023255815,1.3953488372093024,6.976744186046512,91.62790697674419,5.813953488372093,85.81395348837209
E00093875,312,48,17,31,264,19,245,15.384615384615385,5.448717948717949,9.935897435897436,84.61538461538461,6.089743589743589,78.52564102564102
E00093876,272,34,17,17,238,21,217,12.5,6.25,6.25,87.5,7.720588235294118,79.77941176470588
E00093877,352,22,8,14,330,22,308,6.25,2.272727272727273,3.977272727272727,93.75,6.25,87.5
E00093878,185,50,19,31,135,16,119,27.027027027027028,10.27027027027027,16.756756756756758,72.97297297297297,8.64864864864865,64.32432432432432
E00093879,280,71,39,32,209,28,181,25.357142857142854,13.928571428571429,11.428571428571429,74.64285714285714,10,64.64285714285715
E00093880,251,50,16,34,201,25,176,19.9203187250996,6.374501992031872,13.545816733067728,80.0796812749004,9.9601593625498,70.1195219123506
E00093881,332,40,13,27,292,34,258,12.048192771084338,3.91566265060241,8.132530120481928,87.95180722891565,10.240963855421686,77.71084337349397
E00093882,316,27,9,18,289,19,270,8.544303797468354,2.848101265822785,5.69620253164557,91.45569620253164,6.012658227848101,85.44303797468355
E00093883,354,43,16,27,311,32,279,12.146892655367232,4.519774011299435,7.627118644067797,87.85310734463276,9.03954802259887,78.8135593220339
E00093884,310,49,24,25,261,30,231,15.806451612903224,7.741935483870968,8.064516129032258,84.19354838709677,9.67741935483871,74.51612903225806
E00093885,309,31,10,21,278,28,250,10.032362459546926,3.2362459546925564,6.796116504854369,89.96763754045307,9.06148867313916,80.90614886731392
E00093886,350,40,14,26,310,31,279,11.428571428571429,4,7.428571428571429,88.57142857142857,8.857142857142856,79.71428571428572
E00093887,285,20,4,16,265,22,243,7.017543859649122,1.4035087719298245,5.614035087719298,92.98245614035088,7.719298245614035,85.26315789473684
E00093888,277,41,20,21,236,26,210,14.801444043321299,7.2202166064981945,7.581227436823104,85.1985559566787,9.386281588447654,75.81227436823104
E00093889,339,39,10,29,300,30,270,11.504424778761061,2.949852507374631,8.55457227138643,88.49557522123894,8.849557522123893,79.64601769911505
E00093890,333,32,12,20,301,32,269,9.60960960960961,3.6036036036036037,6.006006006006006,90.39039039039038,9.60960960960961,80.78078078078079
E00093891,319,33,13,20,286,24,262,10.344827586206897,4.075235109717868,6.269592476489027,89.65517241379311,7.523510971786834,82.13166144200626
E00093892,306,30,9,21,276,22,254,9.803921568627452,2.941176470588235,6.862745098039216,90.19607843137256,7.18954248366013,83.00653594771242
E00093893,182,54,31,23,128,9,119,29.67032967032967,17.032967032967033,12.637362637362637,70.32967032967034,4.945054945054945,65.38461538461539
E00093894,321,33,7,26,288,24,264,10.2803738317757,2.1806853582554515,8.09968847352025,89.7196261682243,7.476635514018691,82.2429906542056
E00093895,360,53,16,37,307,30,277,14.722222222222223,4.444444444444445,10.277777777777777,85.27777777777777,8.333333333333332,76.94444444444444
E00093896,297,35,7,28,262,23,239,11.784511784511785,2.356902356902357,9.427609427609427,88.21548821548821,7.744107744107744,80.47138047138047
E00093897,279,40,14,26,239,24,215,14.336917562724013,5.017921146953405,9.31899641577061,85.66308243727599,8.60215053763441,77.06093189964157
E00093898,210,43,14,29,167,16,151,20.476190476190474,6.666666666666667,13.80952380952381,79.52380952380952,7.6190476190476195,71.9047619047619
E00093899,245,55,18,37,190,12,178,22.448979591836736,7.346938775510205,15.10204081632653,77.55102040816327,4.8979591836734695,72.6530612244898
E00093900,213,32,12,20,181,17,164,15.023474178403756,5.633802816901409,9.389671361502346,84.97652582159625,7.981220657276995,76.99530516431925
E00093901,199,45,21,24,154,15,139,22.613065326633166,10.552763819095476,12.060301507537687,77.38693467336684,7.537688442211055,69.84924623115577
E00093902,373,46,17,29,327,43,284,12.332439678284182,4.557640750670242,7.774798927613941,87.66756032171583,11.528150134048257,76.13941018766755
E00093903,148,49,21,28,99,14,85,33.108108108108105,14.18918918918919,18.91891891891892,66.8918918918919,9.45945945945946,57.432432432432435
E00093904,298,41,14,27,257,32,225,13.758389261744966,4.697986577181208,9.060402684563758,86.24161073825503,10.738255033557047,75.50335570469798
E00093905,313,27,7,20,286,35,251,8.626198083067091,2.2364217252396164,6.3897763578274756,91.3738019169329,11.182108626198083,80.19169329073482
E00093906,311,47,9,38,264,20,244,15.112540192926044,2.8938906752411575,12.218649517684888,84.88745980707395,6.430868167202572,78.45659163987139
E00093907,351,37,16,21,314,27,287,10.541310541310542,4.5584045584045585,5.982905982905983,89.45868945868945,7.6923076923076925,81.76638176638177
E00093908,365,36,9,27,329,16,313,9.863013698630137,2.4657534246575343,7.397260273972603,90.13698630136986,4.383561643835616,85.75342465753425
E00093909,356,38,8,30,318,29,289,10.674157303370785,2.247191011235955,8.426966292134832,89.32584269662921,8.146067415730338,81.17977528089888
E00093910,283,32,5,27,251,27,224,11.307420494699647,1.76678445229682,9.540636042402827,88.69257950530034,9.540636042402827,79.15194346289752
E00093911,327,46,17,29,281,25,256,14.067278287461773,5.198776758409786,8.868501529051988,85.93272171253822,7.64525993883792,78.2874617737003
E00093912,329,23,7,16,306,33,273,6.990881458966565,2.127659574468085,4.86322188449848,93.00911854103343,10.030395136778116,82.97872340425532
E00093913,309,28,12,16,281,25,256,9.06148867313916,3.8834951456310676,5.177993527508091,90.93851132686083,8.090614886731391,82.84789644012946
E00093914,297,88,55,33,209,28,181,29.629629629629626,18.51851851851852,11.11111111111111,70.37037037037037,9.427609427609427,60.94276094276094
E00093915,284,53,16,37,231,29,202,18.661971830985916,5.633802816901409,13.028169014084506,81.33802816901408,10.211267605633804,71.12676056338029
E00093916,267,47,21,26,220,28,192,17.60299625468165,7.865168539325842,9.737827715355806,82.39700374531836,10.486891385767791,71.91011235955057
E00093917,294,59,28,31,235,26,209,20.068027210884352,9.523809523809524,10.54421768707483,79.93197278911565,8.843537414965986,71.08843537414967
E00093918,321,88,50,38,233,18,215,27.41433021806853,15.57632398753894,11.838006230529595,72.58566978193146,5.607476635514018,66.97819314641744
E00093919,316,90,39,51,226,29,197,28.48101265822785,12.341772151898734,16.139240506329113,71.51898734177216,9.177215189873419,62.34177215189873
E00093920,287,47,21,26,240,21,219,16.376306620209057,7.317073170731707,9.059233449477352,83.62369337979094,7.317073170731707,76.30662020905923
E00093921,260,61,24,37,199,21,178,23.46153846153846,9.230769230769232,14.23076923076923,76.53846153846153,8.076923076923077,68.46153846153847
E00093922,276,40,15,25,236,23,213,14.492753623188406,5.434782608695652,9.057971014492754,85.5072463768116,8.333333333333332,77.17391304347827
E00093923,177,41,13,28,136,9,127,23.163841807909606,7.344632768361582,15.819209039548024,76.8361581920904,5.084745762711865,71.75141242937853
E00093924,308,73,37,36,235,20,215,23.7012987012987,12.012987012987013,11.688311688311687,76.2987012987013,6.493506493506493,69.8051948051948
E00093925,308,64,29,35,244,26,218,20.77922077922078,9.415584415584416,11.363636363636363,79.22077922077922,8.441558441558442,70.77922077922078
E00093926,282,32,12,20,250,22,228,11.347517730496454,4.25531914893617,7.092198581560284,88.65248226950354,7.801418439716312,80.85106382978722
E00093927,337,65,31,34,272,17,255,19.287833827893174,9.198813056379821,10.089020771513352,80.71216617210682,5.044510385756676,75.66765578635015
E00093928,302,59,20,39,243,28,215,19.5364238410596,6.622516556291391,12.91390728476821,80.4635761589404,9.271523178807946,71.19205298013244
E00093929,192,51,29,22,141,11,130,26.5625,15.104166666666666,11.458333333333332,73.4375,5.729166666666666,67.70833333333334
E00093930,269,33,12,21,236,21,215,12.267657992565056,4.4609665427509295,7.806691449814126,87.73234200743495,7.806691449814126,79.92565055762083
E00093931,310,56,24,32,254,33,221,18.064516129032256,7.741935483870968,10.32258064516129,81.93548387096774,10.64516129032258,71.29032258064515
E00093932,244,39,9,30,205,23,182,15.983606557377051,3.6885245901639343,12.295081967213115,84.01639344262296,9.426229508196721,74.59016393442623
E00093933,375,52,14,38,323,28,295,13.866666666666665,3.733333333333334,10.133333333333333,86.13333333333333,7.466666666666668,78.66666666666666
E00093934,330,37,11,26,293,37,256,11.212121212121213,3.3333333333333335,7.878787878787878,88.7878787878788,11.212121212121213,77.57575757575758
E00093935,281,59,25,34,222,23,199,20.99644128113879,8.896797153024911,12.099644128113878,79.00355871886121,8.185053380782918,70.8185053380783
E00093936,339,87,37,50,252,20,232,25.663716814159294,10.914454277286136,14.749262536873156,74.33628318584071,5.899705014749262,68.43657817109144
E00093937,333,51,26,25,282,26,256,15.315315315315313,7.807807807807808,7.5075075075075075,84.68468468468468,7.807807807807808,76.87687687687688
E00093938,263,65,36,29,198,24,174,24.714828897338403,13.688212927756654,11.02661596958175,75.2851711026616,9.125475285171103,66.15969581749049
E00093939,320,53,22,31,267,26,241,16.5625,6.875000000000001,9.6875,83.4375,8.125,75.3125
E00093940,320,52,18,34,268,25,243,16.25,5.625,10.625,83.75,7.8125,75.9375
E00093941,239,40,12,28,199,10,189,16.736401673640167,5.02092050209205,11.715481171548117,83.26359832635984,4.184100418410042,79.07949790794979
E00093942,161,41,20,21,120,14,106,25.465838509316768,12.422360248447205,13.043478260869565,74.53416149068323,8.695652173913043,65.83850931677019
E00093943,252,38,13,25,214,30,184,15.079365079365079,5.158730158730158,9.920634920634921,84.92063492063492,11.904761904761903,73.01587301587301
E00093944,281,43,14,29,238,27,211,15.302491103202847,4.98220640569395,10.320284697508896,84.69750889679716,9.608540925266903,75.08896797153025
E00093945,329,32,11,21,297,27,270,9.72644376899696,3.343465045592705,6.382978723404255,90.27355623100304,8.206686930091186,82.06686930091185
E00093946,366,36,14,22,330,38,292,9.836065573770492,3.825136612021858,6.0109289617486334,90.1639344262295,10.382513661202186,79.78142076502732
E00093949,247,63,24,39,184,24,160,25.506072874493928,9.7165991902834,15.789473684210526,74.49392712550608,9.7165991902834,64.77732793522267
E00093950,279,46,11,35,233,29,204,16.48745519713262,3.942652329749104,12.544802867383511,83.51254480286738,10.39426523297491,73.11827956989248
E00093951,396,42,20,22,354,24,330,10.606060606060606,5.05050505050505,5.555555555555555,89.39393939393939,6.0606060606060606,83.33333333333334
E00093952,263,59,20,39,204,27,177,22.433460076045627,7.604562737642586,14.82889733840304,77.56653992395437,10.26615969581749,67.30038022813687
E00093953,335,36,5,31,299,37,262,10.746268656716417,1.4925373134328357,9.253731343283581,89.25373134328358,11.044776119402986,78.2089552238806
E00093954,275,49,14,35,226,27,199,17.81818181818182,5.090909090909091,12.727272727272727,82.18181818181817,9.818181818181818,72.36363636363636
E00093955,221,44,21,23,177,16,161,19.90950226244344,9.502262443438914,10.407239819004525,80.09049773755656,7.239819004524888,72.85067873303167
E00093956,387,61,14,47,326,36,290,15.762273901808785,3.6175710594315245,12.144702842377262,84.23772609819122,9.30232558139535,74.93540051679587
E00093957,295,37,9,28,258,24,234,12.54237288135593,3.050847457627119,9.491525423728813,87.45762711864407,8.135593220338983,79.3220338983051
E00093958,234,58,21,37,176,25,151,24.786324786324787,8.974358974358974,15.81196581196581,75.21367521367522,10.683760683760683,64.52991452991454
E00093959,232,73,30,43,159,16,143,31.46551724137931,12.931034482758621,18.53448275862069,68.53448275862068,6.896551724137931,61.63793103448276
E00093960,294,72,43,29,222,21,201,24.489795918367346,14.625850340136054,9.863945578231291,75.51020408163265,7.142857142857142,68.36734693877551
E00093961,311,50,16,34,261,22,239,16.077170418006432,5.144694533762058,10.932475884244374,83.92282958199357,7.07395498392283,76.84887459807074
E00093962,241,29,10,19,212,33,179,12.033195020746888,4.149377593360995,7.883817427385892,87.96680497925311,13.692946058091287,74.27385892116183
E00093963,286,140,82,58,146,9,137,48.95104895104895,28.671328671328673,20.27972027972028,51.048951048951054,3.146853146853147,47.9020979020979
E00093964,398,92,39,53,306,28,278,23.115577889447238,9.798994974874372,13.316582914572864,76.88442211055276,7.035175879396985,69.84924623115577
E00093965,270,37,11,26,233,28,205,13.703703703703704,4.074074074074074,9.62962962962963,86.29629629629629,10.37037037037037,75.92592592592592
E00093966,529,52,21,31,477,40,437,9.829867674858223,3.9697542533081283,5.8601134215500945,90.17013232514176,7.561436672967864,82.6086956521739
E00093967,302,81,32,49,221,20,201,26.82119205298013,10.596026490066226,16.225165562913908,73.17880794701986,6.622516556291391,66.55629139072848
E00093968,354,46,14,32,308,34,274,12.994350282485875,3.954802259887006,9.03954802259887,87.00564971751412,9.6045197740113,77.40112994350282
E00093969,337,91,35,56,246,26,220,27.002967359050444,10.385756676557865,16.61721068249258,72.99703264094956,7.71513353115727,65.28189910979229
E00093970,283,40,13,27,243,31,212,14.13427561837456,4.593639575971731,9.540636042402827,85.86572438162544,10.954063604240282,74.91166077738515
E00093971,299,79,43,36,220,21,199,26.421404682274247,14.381270903010032,12.040133779264215,73.57859531772574,7.023411371237458,66.5551839464883
E00093972,283,58,29,29,225,25,200,20.49469964664311,10.247349823321555,10.247349823321555,79.50530035335689,8.8339222614841,70.6713780918728
E00093973,263,43,13,30,220,26,194,16.34980988593156,4.942965779467681,11.406844106463879,83.65019011406845,9.885931558935361,73.76425855513308
E00093974,109,9,3,6,100,11,89,8.256880733944955,2.7522935779816518,5.5045871559633035,91.74311926605505,10.091743119266056,81.65137614678899
E00093975,273,62,23,39,211,19,192,22.71062271062271,8.424908424908425,14.285714285714285,77.2893772893773,6.95970695970696,70.32967032967034
E00093976,248,37,14,23,211,22,189,14.919354838709678,5.64516129032258,9.274193548387096,85.08064516129032,8.870967741935484,76.20967741935483
E00093977,270,44,16,28,226,37,189,16.296296296296298,5.9259259259259265,10.37037037037037,83.7037037037037,13.703703703703704,70
E00093978,488,55,18,37,433,44,389,11.270491803278688,3.6885245901639343,7.581967213114754,88.72950819672131,9.01639344262295,79.71311475409836
E00093979,330,68,19,49,262,37,225,20.606060606060606,5.757575757575758,14.84848484848485,79.39393939393939,11.212121212121213,68.18181818181817
E00093980,248,49,16,33,199,24,175,19.758064516129032,6.451612903225806,13.306451612903224,80.24193548387096,9.67741935483871,70.56451612903226
E00093981,329,51,15,36,278,35,243,15.501519756838904,4.5592705167173255,10.94224924012158,84.49848024316108,10.638297872340425,73.86018237082067
E00093982,271,53,23,30,218,17,201,19.557195571955717,8.487084870848708,11.07011070110701,80.44280442804428,6.273062730627306,74.16974169741697
E00093983,297,54,17,37,243,29,214,18.181818181818183,5.723905723905724,12.457912457912458,81.81818181818183,9.764309764309765,72.05387205387206
E00093985,243,42,14,28,201,17,184,17.28395061728395,5.761316872427984,11.522633744855968,82.71604938271605,6.995884773662551,75.7201646090535
E00093986,329,63,22,41,266,23,243,19.148936170212767,6.68693009118541,12.462006079027356,80.85106382978722,6.990881458966565,73.86018237082067
E00093987,251,43,5,38,208,26,182,17.131474103585656,1.9920318725099602,15.139442231075698,82.86852589641434,10.358565737051793,72.50996015936255
E00093988,375,55,16,39,320,32,288,14.666666666666666,4.266666666666667,10.4,85.33333333333334,8.533333333333333,76.8
E00093989,340,60,19,41,280,40,240,17.647058823529413,5.588235294117648,12.058823529411764,82.35294117647058,11.76470588235294,70.58823529411765
E00093990,283,29,8,21,254,22,232,10.247349823321555,2.8268551236749118,7.420494699646643,89.75265017667844,7.773851590106007,81.97879858657244
E00093991,312,49,21,28,263,15,248,15.705128205128204,6.730769230769231,8.974358974358974,84.2948717948718,4.807692307692308,79.48717948717949
E00093992,252,42,13,29,210,22,188,16.666666666666664,5.158730158730158,11.507936507936508,83.33333333333334,8.73015873015873,74.60317460317461
E00093993,355,49,21,28,306,37,269,13.802816901408452,5.915492957746479,7.887323943661972,86.19718309859155,10.422535211267606,75.77464788732394
E00093994,225,26,2,24,199,31,168,11.555555555555555,0.8888888888888888,10.666666666666668,88.44444444444444,13.777777777777779,74.66666666666667
E00093995,279,60,24,36,219,28,191,21.50537634408602,8.60215053763441,12.903225806451612,78.49462365591397,10.03584229390681,68.45878136200717
E00093996,254,36,9,27,218,23,195,14.173228346456693,3.543307086614173,10.62992125984252,85.8267716535433,9.05511811023622,76.77165354330708
E00093997,301,40,17,23,261,21,240,13.2890365448505,5.647840531561462,7.641196013289036,86.71096345514951,6.976744186046512,79.734219269103
E00093998,261,43,15,28,218,27,191,16.47509578544061,5.747126436781609,10.727969348659004,83.5249042145594,10.344827586206897,73.18007662835248
E00093999,278,54,18,36,224,19,205,19.424460431654676,6.474820143884892,12.949640287769784,80.57553956834532,6.83453237410072,73.7410071942446
E00094000,195,70,33,37,125,16,109,35.8974358974359,16.923076923076923,18.974358974358974,64.1025641025641,8.205128205128204,55.8974358974359
E00094001,314,63,19,44,251,27,224,20.063694267515924,6.050955414012739,14.012738853503185,79.93630573248409,8.598726114649681,71.3375796178344
E00094002,317,41,17,24,276,25,251,12.933753943217665,5.3627760252365935,7.570977917981073,87.06624605678233,7.886435331230284,79.17981072555204
E00094003,309,65,22,43,244,27,217,21.035598705501616,7.119741100323624,13.915857605177994,78.96440129449837,8.737864077669903,70.22653721682848
E00094004,329,43,16,27,286,35,251,13.069908814589665,4.86322188449848,8.206686930091186,86.93009118541033,10.638297872340425,76.29179331306992
E00094005,243,44,11,33,199,29,170,18.106995884773664,4.526748971193416,13.580246913580247,81.89300411522635,11.934156378600823,69.95884773662551
E00094006,275,69,27,42,206,30,176,25.09090909090909,9.818181818181818,15.272727272727273,74.90909090909092,10.909090909090908,64
E00094007,249,56,21,35,193,21,172,22.48995983935743,8.433734939759036,14.056224899598394,77.51004016064257,8.433734939759036,69.07630522088354
E00094008,368,71,19,52,297,26,271,19.293478260869566,5.163043478260869,14.130434782608695,80.70652173913044,7.065217391304348,73.6413043478261
E00094009,330,63,27,36,267,32,235,19.090909090909093,8.181818181818182,10.909090909090908,80.9090909090909,9.696969696969697,71.21212121212122
E00094010,262,34,11,23,228,29,199,12.977099236641221,4.198473282442748,8.778625954198473,87.02290076335878,11.068702290076336,75.95419847328245
E00094011,280,48,17,31,232,29,203,17.142857142857142,6.071428571428571,11.071428571428571,82.85714285714286,10.357142857142858,72.5
E00094012,329,44,13,31,285,26,259,13.37386018237082,3.951367781155015,9.422492401215806,86.62613981762918,7.90273556231003,78.72340425531915
E00094013,268,46,10,36,222,33,189,17.16417910447761,3.731343283582089,13.432835820895523,82.83582089552239,12.313432835820896,70.52238805970148
E00094014,294,60,18,42,234,30,204,20.408163265306122,6.122448979591836,14.285714285714285,79.59183673469387,10.204081632653061,69.38775510204081
E00094015,307,64,27,37,243,24,219,20.846905537459286,8.794788273615636,12.052117263843648,79.15309446254072,7.81758957654723,71.33550488599349
E00094016,263,63,28,35,200,26,174,23.954372623574145,10.646387832699618,13.307984790874524,76.04562737642586,9.885931558935361,66.15969581749049
E00094017,372,81,46,35,291,42,249,21.774193548387096,12.365591397849462,9.408602150537634,78.2258064516129,11.29032258064516,66.93548387096774
E00094018,242,73,34,39,169,10,159,30.165289256198346,14.049586776859504,16.115702479338843,69.83471074380165,4.132231404958678,65.70247933884298
E00094019,245,53,14,39,192,28,164,21.63265306122449,5.714285714285714,15.918367346938775,78.36734693877551,11.428571428571429,66.93877551020408
E00094020,306,62,25,37,244,27,217,20.26143790849673,8.169934640522875,12.091503267973856,79.73856209150327,8.823529411764707,70.91503267973856
E00094021,154,38,17,21,116,15,101,24.675324675324674,11.03896103896104,13.636363636363635,75.32467532467533,9.740259740259742,65.5844155844156
E00094022,287,67,17,50,220,12,208,23.34494773519164,5.923344947735192,17.421602787456447,76.65505226480836,4.181184668989547,72.47386759581882
E00094023,147,45,12,33,102,10,92,30.612244897959183,8.16326530612245,22.448979591836736,69.38775510204081,6.802721088435375,62.585034013605444
E00094024,229,59,22,37,170,14,156,25.76419213973799,9.606986899563319,16.157205240174672,74.235807860262,6.11353711790393,68.12227074235808
E00094026,231,72,27,45,159,19,140,31.16883116883117,11.688311688311687,19.480519480519483,68.83116883116884,8.225108225108226,60.60606060606061
E00094027,279,53,23,30,226,18,208,18.996415770609318,8.24372759856631,10.75268817204301,81.00358422939068,6.451612903225806,74.55197132616487
E00094028,311,62,25,37,249,18,231,19.935691318327976,8.038585209003216,11.89710610932476,80.06430868167203,5.787781350482315,74.27652733118971
E00094029,261,43,13,30,218,19,199,16.47509578544061,4.980842911877394,11.494252873563218,83.5249042145594,7.2796934865900385,76.24521072796935
E00094030,253,51,20,31,202,21,181,20.158102766798418,7.905138339920949,12.25296442687747,79.84189723320159,8.300395256916996,71.54150197628458
E00094031,266,80,49,31,186,22,164,30.075187969924812,18.421052631578945,11.654135338345863,69.92481203007519,8.270676691729323,61.65413533834586
E00094032,241,42,10,32,199,18,181,17.42738589211618,4.149377593360995,13.278008298755188,82.57261410788381,7.468879668049793,75.10373443983403
E00094033,311,65,28,37,246,26,220,20.90032154340836,9.003215434083602,11.89710610932476,79.09967845659163,8.360128617363344,70.7395498392283
E00094034,221,42,20,22,179,12,167,19.004524886877828,9.049773755656108,9.95475113122172,80.99547511312217,5.429864253393665,75.56561085972851
E00094035,294,61,26,35,233,22,211,20.74829931972789,8.843537414965986,11.904761904761903,79.25170068027211,7.482993197278912,71.7687074829932
E00094036,287,48,15,33,239,27,212,16.72473867595819,5.2264808362369335,11.498257839721255,83.27526132404182,9.40766550522648,73.86759581881533
E00094037,273,54,18,36,219,21,198,19.78021978021978,6.593406593406594,13.186813186813188,80.21978021978022,7.6923076923076925,72.52747252747253
E00094038,326,36,9,27,290,36,254,11.042944785276074,2.7607361963190185,8.282208588957054,88.95705521472392,11.042944785276074,77.91411042944786
E00094039,327,87,51,36,240,25,215,26.605504587155966,15.59633027522936,11.009174311926607,73.39449541284404,7.64525993883792,65.74923547400611
E00094040,310,40,19,21,270,27,243,12.903225806451612,6.129032258064516,6.774193548387098,87.09677419354838,8.709677419354838,78.38709677419354
E00094041,285,43,11,32,242,23,219,15.087719298245613,3.8596491228070176,11.228070175438596,84.91228070175438,8.070175438596491,76.84210526315789
E00094042,370,42,16,26,328,31,297,11.351351351351353,4.324324324324325,7.027027027027027,88.64864864864866,8.378378378378379,80.27027027027027
E00094043,329,47,17,30,282,30,252,14.285714285714285,5.167173252279635,9.118541033434651,85.71428571428571,9.118541033434651,76.59574468085107
E00094044,267,48,14,34,219,29,190,17.97752808988764,5.2434456928838955,12.734082397003746,82.02247191011236,10.861423220973784,71.16104868913857
E00094045,303,47,24,23,256,34,222,15.51155115511551,7.920792079207921,7.590759075907591,84.48844884488449,11.221122112211221,73.26732673267327
E00094046,342,54,19,35,288,39,249,15.789473684210526,5.555555555555555,10.23391812865497,84.21052631578947,11.403508771929824,72.80701754385966
E00094047,292,42,13,29,250,29,221,14.383561643835616,4.4520547945205475,9.931506849315069,85.61643835616438,9.931506849315069,75.68493150684932
E00094048,388,40,10,30,348,31,317,10.309278350515463,2.5773195876288657,7.731958762886598,89.69072164948454,7.989690721649484,81.70103092783505
E00094049,405,67,16,51,338,45,293,16.543209876543212,3.950617283950617,12.592592592592592,83.4567901234568,11.11111111111111,72.34567901234567
E00094050,257,54,23,31,203,26,177,21.011673151750973,8.949416342412452,12.062256809338521,78.98832684824903,10.116731517509727,68.8715953307393
E00094051,292,50,17,33,242,29,213,17.123287671232877,5.821917808219178,11.301369863013697,82.87671232876713,9.931506849315069,72.94520547945206
E00094052,278,48,20,28,230,18,212,17.26618705035971,7.1942446043165464,10.071942446043165,82.73381294964028,6.474820143884892,76.2589928057554
E00094053,317,51,17,34,266,33,233,16.08832807570978,5.3627760252365935,10.725552050473187,83.91167192429022,10.410094637223976,73.50157728706624
E00094054,252,34,6,28,218,26,192,13.492063492063492,2.380952380952381,11.11111111111111,86.5079365079365,10.317460317460316,76.19047619047619
E00094055,263,41,16,25,222,28,194,15.5893536121673,6.083650190114068,9.505703422053232,84.4106463878327,10.646387832699618,73.76425855513308
E00094056,299,45,21,24,254,33,221,15.050167224080269,7.023411371237458,8.02675585284281,84.94983277591973,11.036789297658862,73.91304347826086
E00094057,309,80,38,42,229,34,195,25.88996763754045,12.297734627831716,13.592233009708737,74.11003236245955,11.003236245954692,63.10679611650486
E00094058,309,51,18,33,258,20,238,16.50485436893204,5.825242718446602,10.679611650485436,83.49514563106796,6.472491909385113,77.02265372168284
E00094059,271,38,14,24,233,27,206,14.022140221402212,5.166051660516605,8.856088560885608,85.97785977859779,9.96309963099631,76.01476014760148
E00094060,249,43,19,24,206,19,187,17.269076305220885,7.630522088353414,9.63855421686747,82.73092369477911,7.630522088353414,75.1004016064257
E00094062,367,79,28,51,288,28,260,21.525885558583106,7.629427792915531,13.896457765667575,78.4741144414169,7.629427792915531,70.84468664850137
E00094063,230,76,48,28,154,10,144,33.04347826086956,20.869565217391305,12.173913043478262,66.95652173913044,4.3478260869565215,62.60869565217392
E00094064,377,88,47,41,289,20,269,23.342175066312997,12.46684350132626,10.875331564986737,76.657824933687,5.305039787798409,71.3527851458886
E00094065,280,54,16,38,226,28,198,19.28571428571429,5.714285714285714,13.571428571428571,80.71428571428572,10,70.71428571428572
E00094066,235,54,24,30,181,15,166,22.97872340425532,10.212765957446807,12.76595744680851,77.02127659574468,6.382978723404255,70.63829787234043
E00094067,273,44,18,26,229,12,217,16.117216117216117,6.593406593406594,9.523809523809524,83.88278388278388,4.395604395604396,79.48717948717949
E00094068,307,36,10,26,271,22,249,11.726384364820847,3.257328990228013,8.469055374592834,88.27361563517914,7.166123778501629,81.10749185667753
E00094069,138,53,27,26,85,7,78,38.405797101449274,19.565217391304348,18.84057971014493,61.59420289855072,5.072463768115942,56.52173913043478
E00094070,301,41,12,29,260,27,233,13.621262458471762,3.9867109634551494,9.634551495016613,86.37873754152824,8.970099667774086,77.40863787375415
E00094071,476,51,17,34,425,39,386,10.714285714285714,3.571428571428571,7.142857142857142,89.28571428571429,8.193277310924369,81.09243697478992
E00094072,342,87,46,41,255,27,228,25.438596491228072,13.450292397660817,11.988304093567251,74.56140350877193,7.894736842105263,66.66666666666666
E00094073,240,74,37,37,166,18,148,30.833333333333336,15.416666666666668,15.416666666666668,69.16666666666667,7.5,61.66666666666667
E00094074,231,63,36,27,168,16,152,27.27272727272727,15.584415584415584,11.688311688311687,72.72727272727273,6.926406926406926,65.80086580086581
E00094075,274,70,30,40,204,14,190,25.547445255474454,10.948905109489052,14.5985401459854,74.45255474452554,5.109489051094891,69.34306569343066
E00094076,269,78,39,39,191,19,172,28.99628252788104,14.49814126394052,14.49814126394052,71.00371747211895,7.063197026022305,63.94052044609665
E00094077,370,88,35,53,282,16,266,23.783783783783786,9.45945945945946,14.324324324324325,76.21621621621621,4.324324324324325,71.89189189189189
E00094078,354,123,74,49,231,19,212,34.74576271186441,20.903954802259886,13.841807909604519,65.2542372881356,5.367231638418079,59.887005649717516
E00094079,307,48,14,34,259,18,241,15.63517915309446,4.5602605863192185,11.074918566775244,84.36482084690554,5.863192182410423,78.50162866449512
E00094080,342,50,18,32,292,27,265,14.619883040935672,5.263157894736842,9.35672514619883,85.38011695906432,7.894736842105263,77.48538011695906
E00094081,291,38,14,24,253,21,232,13.058419243986256,4.810996563573884,8.24742268041237,86.94158075601375,7.216494845360824,79.72508591065292
E00094082,296,34,16,18,262,37,225,11.486486486486488,5.405405405405405,6.081081081081082,88.51351351351352,12.5,76.01351351351352
E00094083,297,44,16,28,253,26,227,14.814814814814813,5.387205387205387,9.427609427609427,85.18518518518519,8.754208754208754,76.43097643097643
E00094084,258,48,20,28,210,15,195,18.6046511627907,7.751937984496124,10.852713178294573,81.3953488372093,5.813953488372093,75.5813953488372
E00094085,305,47,13,34,258,21,237,15.40983606557377,4.2622950819672125,11.147540983606557,84.59016393442623,6.885245901639345,77.70491803278688
E00094086,303,43,13,30,260,28,232,14.19141914191419,4.29042904290429,9.900990099009901,85.8085808580858,9.24092409240924,76.56765676567657
E00094088,280,50,17,33,230,18,212,17.857142857142858,6.071428571428571,11.785714285714285,82.14285714285714,6.428571428571428,75.71428571428571
E00094089,361,27,6,21,334,32,302,7.479224376731302,1.662049861495845,5.8171745152354575,92.5207756232687,8.86426592797784,83.65650969529086
E00094090,360,32,9,23,328,36,292,8.88888888888889,2.5,6.388888888888888,91.11111111111111,10,81.11111111111111
E00094091,293,50,13,37,243,22,221,17.064846416382252,4.436860068259386,12.627986348122866,82.93515358361775,7.508532423208192,75.42662116040955
E00094092,218,43,20,23,175,15,160,19.724770642201836,9.174311926605505,10.550458715596331,80.27522935779817,6.8807339449541285,73.39449541284404
E00094093,309,38,12,26,271,30,241,12.297734627831716,3.8834951456310676,8.414239482200648,87.70226537216828,9.70873786407767,77.99352750809061
E00094094,284,36,6,30,248,29,219,12.676056338028168,2.112676056338028,10.56338028169014,87.32394366197182,10.211267605633804,77.11267605633803
E00094095,263,33,9,24,230,33,197,12.547528517110266,3.4220532319391634,9.125475285171103,87.45247148288973,12.547528517110266,74.90494296577947
E00094096,570,50,10,40,520,36,484,8.771929824561402,1.7543859649122806,7.017543859649122,91.22807017543859,6.315789473684211,84.91228070175438
E00094097,514,59,23,36,455,33,422,11.478599221789883,4.474708171206226,7.003891050583658,88.52140077821011,6.420233463035019,82.10116731517509
E00094098,343,58,15,43,285,26,259,16.909620991253643,4.373177842565598,12.536443148688047,83.09037900874635,7.580174927113703,75.51020408163265
E00094099,307,53,19,34,254,21,233,17.263843648208468,6.188925081433225,11.074918566775244,82.73615635179154,6.840390879478828,75.8957654723127
E00094100,253,71,40,31,182,21,161,28.063241106719367,15.810276679841898,12.25296442687747,71.93675889328063,8.300395256916996,63.63636363636363
E00094101,282,91,35,56,191,21,170,32.269503546099294,12.411347517730496,19.858156028368796,67.73049645390071,7.446808510638298,60.28368794326241
E00094102,279,52,24,28,227,24,203,18.63799283154122,8.60215053763441,10.03584229390681,81.36200716845879,8.60215053763441,72.75985663082437
E00094103,393,102,53,49,291,34,257,25.954198473282442,13.486005089058525,12.46819338422392,74.04580152671755,8.651399491094146,65.39440203562341
E00094104,246,41,21,20,205,16,189,16.666666666666664,8.536585365853659,8.130081300813007,83.33333333333334,6.504065040650407,76.82926829268293
E00094105,172,77,39,38,95,14,81,44.76744186046512,22.674418604651162,22.093023255813954,55.23255813953488,8.13953488372093,47.093023255813954
E00094106,281,56,19,37,225,16,209,19.9288256227758,6.761565836298933,13.167259786476867,80.0711743772242,5.6939501779359425,74.37722419928826
E00094107,253,80,38,42,173,15,158,31.620553359683797,15.019762845849801,16.600790513833992,68.37944664031622,5.928853754940711,62.450592885375485
E00094108,273,65,28,37,208,20,188,23.809523809523807,10.256410256410255,13.553113553113553,76.19047619047619,7.326007326007327,68.86446886446886
E00094109,253,93,52,41,160,13,147,36.75889328063241,20.55335968379447,16.205533596837945,63.24110671936759,5.138339920948617,58.10276679841897
E00094110,321,76,38,38,245,25,220,23.67601246105919,11.838006230529595,11.838006230529595,76.32398753894081,7.78816199376947,68.53582554517133
E00094111,258,61,27,34,197,16,181,23.643410852713178,10.465116279069768,13.178294573643413,76.35658914728683,6.2015503875969,70.15503875968993
E00094112,261,54,25,29,207,16,191,20.689655172413794,9.578544061302683,11.11111111111111,79.3103448275862,6.130268199233716,73.18007662835248
E00094113,307,64,32,32,243,20,223,20.846905537459286,10.423452768729643,10.423452768729643,79.15309446254072,6.514657980456026,72.63843648208469
E00094114,318,87,43,44,231,24,207,27.358490566037734,13.522012578616351,13.836477987421384,72.64150943396226,7.547169811320755,65.09433962264151
E00094115,226,49,16,33,177,20,157,21.68141592920354,7.079646017699115,14.601769911504425,78.31858407079646,8.849557522123893,69.46902654867256
E00094116,160,44,17,27,116,11,105,27.500000000000004,10.625,16.875,72.5,6.875000000000001,65.625
E00094117,357,51,20,31,306,22,284,14.285714285714285,5.602240896358544,8.683473389355742,85.71428571428571,6.162464985994398,79.55182072829132
E00094118,183,36,15,21,147,17,130,19.672131147540984,8.19672131147541,11.475409836065573,80.32786885245902,9.289617486338798,71.03825136612022
E00094119,279,18,7,11,261,25,236,6.451612903225806,2.5089605734767026,3.942652329749104,93.54838709677419,8.960573476702509,84.58781362007169
E00094120,499,40,14,26,459,40,419,8.016032064128256,2.80561122244489,5.210420841683367,91.98396793587175,8.016032064128256,83.96793587174348
E00094121,234,72,50,22,162,15,147,30.76923076923077,21.367521367521366,9.401709401709402,69.23076923076923,6.41025641025641,62.82051282051282
E00094122,160,20,6,14,140,10,130,12.5,3.75,8.75,87.5,6.25,81.25
E00094123,136,52,41,11,84,14,70,38.23529411764706,30.14705882352941,8.088235294117647,61.76470588235294,10.294117647058822,51.470588235294116
E00094124,368,56,19,37,312,23,289,15.217391304347828,5.163043478260869,10.054347826086957,84.78260869565217,6.25,78.53260869565217
E00094125,237,39,16,23,198,11,187,16.455696202531644,6.751054852320674,9.70464135021097,83.54430379746836,4.641350210970464,78.90295358649789
E00094126,408,59,17,42,349,18,331,14.460784313725492,4.166666666666666,10.294117647058822,85.5392156862745,4.411764705882353,81.12745098039215
E00094127,317,24,8,16,293,22,271,7.570977917981073,2.5236593059936907,5.047318611987381,92.42902208201893,6.940063091482649,85.48895899053628
E00094128,395,132,55,77,263,16,247,33.41772151898734,13.924050632911392,19.49367088607595,66.58227848101265,4.050632911392405,62.53164556962025
E00094129,396,43,20,23,353,34,319,10.85858585858586,5.05050505050505,5.808080808080808,89.14141414141415,8.585858585858585,80.55555555555556
E00094130,251,41,20,21,210,21,189,16.334661354581673,7.968127490039841,8.366533864541832,83.66533864541833,8.366533864541832,75.2988047808765
E00094131,320,42,25,17,278,18,260,13.125,7.8125,5.3125,86.875,5.625,81.25
E00094132,356,32,7,25,324,35,289,8.98876404494382,1.9662921348314606,7.02247191011236,91.01123595505618,9.831460674157304,81.17977528089888
E00094133,139,34,15,19,105,10,95,24.46043165467626,10.79136690647482,13.66906474820144,75.53956834532374,7.1942446043165464,68.34532374100719
E00094134,298,41,18,23,257,24,233,13.758389261744966,6.0402684563758395,7.718120805369128,86.24161073825503,8.053691275167784,78.18791946308725
E00094135,305,34,14,20,271,21,250,11.147540983606557,4.590163934426229,6.557377049180328,88.85245901639345,6.885245901639345,81.9672131147541
E00094136,308,23,4,19,285,23,262,7.467532467532467,1.2987012987012987,6.1688311688311686,92.53246753246754,7.467532467532467,85.06493506493507
E00094137,226,29,10,19,197,16,181,12.831858407079647,4.424778761061947,8.4070796460177,87.16814159292035,7.079646017699115,80.08849557522124
E00094138,316,37,15,22,279,28,251,11.708860759493671,4.746835443037975,6.962025316455696,88.29113924050634,8.860759493670885,79.43037974683544
E00094139,281,32,10,22,249,17,232,11.387900355871885,3.558718861209965,7.829181494661921,88.61209964412812,6.049822064056939,82.56227758007117
E00094141,268,32,10,22,236,17,219,11.940298507462686,3.731343283582089,8.208955223880597,88.05970149253731,6.343283582089552,81.71641791044776
E00094142,327,28,9,19,299,17,282,8.56269113149847,2.7522935779816518,5.81039755351682,91.43730886850153,5.198776758409786,86.23853211009175
E00094143,357,29,12,17,328,30,298,8.123249299719888,3.361344537815126,4.761904761904762,91.87675070028011,8.403361344537815,83.4733893557423
E00094144,302,22,6,16,280,23,257,7.28476821192053,1.9867549668874174,5.298013245033113,92.71523178807946,7.6158940397351,85.09933774834437
E00094145,259,48,15,33,211,14,197,18.53281853281853,5.7915057915057915,12.741312741312742,81.46718146718148,5.405405405405405,76.06177606177607
E00094146,427,31,14,17,396,43,353,7.259953161592506,3.278688524590164,3.9812646370023423,92.7400468384075,10.070257611241217,82.66978922716628
E00094147,347,40,7,33,307,21,286,11.527377521613833,2.0172910662824206,9.510086455331413,88.47262247838617,6.051873198847262,82.42074927953891
E00094148,254,44,20,24,210,26,184,17.322834645669293,7.874015748031496,9.448818897637794,82.67716535433071,10.236220472440944,72.44094488188976
E00094149,311,45,19,26,266,27,239,14.469453376205788,6.109324758842444,8.360128617363344,85.53054662379421,8.681672025723474,76.84887459807074
E00094150,287,46,22,24,241,23,218,16.02787456445993,7.665505226480835,8.362369337979095,83.97212543554006,8.013937282229964,75.9581881533101
E00094151,362,156,127,29,206,19,187,43.0939226519337,35.0828729281768,8.011049723756907,56.9060773480663,5.248618784530387,51.657458563535904
E00094152,391,63,27,36,328,26,302,16.11253196930946,6.905370843989769,9.207161125319693,83.88746803069054,6.649616368286446,77.23785166240408
E00094153,245,20,4,16,225,16,209,8.16326530612245,1.6326530612244898,6.530612244897959,91.83673469387756,6.530612244897959,85.3061224489796
E00094154,368,36,9,27,332,27,305,9.782608695652174,2.4456521739130435,7.336956521739131,90.21739130434783,7.336956521739131,82.88043478260869
E00094155,363,55,23,32,308,14,294,15.151515151515152,6.336088154269973,8.81542699724518,84.84848484848484,3.8567493112947657,80.99173553719008
E00094156,321,47,25,22,274,24,250,14.641744548286603,7.78816199376947,6.853582554517133,85.35825545171339,7.476635514018691,77.88161993769471
E00094157,378,51,14,37,327,35,292,13.492063492063492,3.7037037037037033,9.788359788359788,86.5079365079365,9.25925925925926,77.24867724867724
E00094158,347,43,11,32,304,36,268,12.39193083573487,3.170028818443804,9.221902017291066,87.60806916426513,10.37463976945245,77.23342939481267
E00094159,277,33,9,24,244,27,217,11.913357400722022,3.2490974729241873,8.664259927797833,88.08664259927798,9.747292418772563,78.33935018050542
E00094160,362,38,14,24,324,28,296,10.497237569060774,3.867403314917127,6.629834254143646,89.50276243093923,7.734806629834254,81.76795580110497
E00094161,313,37,10,27,276,27,249,11.821086261980831,3.1948881789137378,8.626198083067091,88.17891373801918,8.626198083067091,79.55271565495208
E00094162,304,63,24,39,241,39,202,20.723684210526315,7.894736842105263,12.828947368421053,79.27631578947368,12.828947368421053,66.44736842105263
E00094163,245,36,17,19,209,10,199,14.69387755102041,6.938775510204081,7.755102040816326,85.3061224489796,4.081632653061225,81.22448979591836
E00094164,239,43,19,24,196,29,167,17.99163179916318,7.949790794979079,10.0418410041841,82.00836820083683,12.133891213389122,69.8744769874477
E00094165,296,52,14,38,244,22,222,17.56756756756757,4.72972972972973,12.837837837837837,82.43243243243244,7.4324324324324325,75
E00094166,303,40,14,26,263,21,242,13.2013201320132,4.62046204620462,8.58085808580858,86.79867986798679,6.9306930693069315,79.86798679867987
E00094167,369,109,55,54,260,25,235,29.539295392953928,14.905149051490515,14.634146341463413,70.46070460704607,6.775067750677506,63.68563685636857
E00094168,263,41,9,32,222,28,194,15.5893536121673,3.4220532319391634,12.167300380228136,84.4106463878327,10.646387832699618,73.76425855513308
E00094169,270,66,42,24,204,20,184,24.444444444444443,15.555555555555555,8.88888888888889,75.55555555555556,7.4074074074074066,68.14814814814815
E00094170,313,54,23,31,259,28,231,17.252396166134183,7.348242811501597,9.904153354632587,82.74760383386581,8.945686900958465,73.80191693290735
E00094171,356,75,34,41,281,39,242,21.06741573033708,9.550561797752808,11.51685393258427,78.93258426966293,10.955056179775282,67.97752808988764
E00094172,342,88,59,29,254,29,225,25.730994152046783,17.251461988304094,8.47953216374269,74.26900584795322,8.47953216374269,65.78947368421053
E00094173,308,70,35,35,238,27,211,22.727272727272727,11.363636363636363,11.363636363636363,77.27272727272727,8.766233766233766,68.5064935064935
E00094174,279,59,22,37,220,21,199,21.14695340501792,7.885304659498208,13.261648745519713,78.85304659498208,7.526881720430108,71.32616487455196
E00094175,257,41,15,26,216,19,197,15.953307392996107,5.836575875486381,10.116731517509727,84.04669260700389,7.392996108949417,76.65369649805449
E00094176,322,52,21,31,270,27,243,16.149068322981368,6.521739130434782,9.627329192546584,83.85093167701864,8.385093167701864,75.46583850931677
E00094177,205,58,36,22,147,20,127,28.292682926829265,17.560975609756095,10.731707317073171,71.70731707317073,9.75609756097561,61.951219512195124
E00094178,328,29,11,18,299,40,259,8.841463414634147,3.353658536585366,5.487804878048781,91.15853658536585,12.195121951219512,78.96341463414635
E00094179,316,39,10,29,277,29,248,12.341772151898734,3.1645569620253164,9.177215189873419,87.65822784810126,9.177215189873419,78.48101265822784
E00094180,295,58,20,38,237,28,209,19.661016949152543,6.779661016949152,12.88135593220339,80.33898305084746,9.491525423728813,70.84745762711864
E00094181,302,40,7,33,262,29,233,13.245033112582782,2.3178807947019866,10.927152317880795,86.75496688741721,9.602649006622517,77.15231788079471
E00094182,355,58,18,40,297,28,269,16.338028169014084,5.070422535211268,11.267605633802818,83.66197183098592,7.887323943661972,75.77464788732394
E00094183,287,42,13,29,245,25,220,14.634146341463413,4.529616724738676,10.104529616724738,85.36585365853658,8.710801393728223,76.65505226480836
E00094184,224,38,16,22,186,16,170,16.964285714285715,7.142857142857142,9.821428571428571,83.03571428571429,7.142857142857142,75.89285714285714
E00094185,333,48,21,27,285,24,261,14.414414414414415,6.306306306306306,8.108108108108109,85.58558558558559,7.207207207207207,78.37837837837837
E00094186,352,38,14,24,314,28,286,10.795454545454545,3.977272727272727,6.8181818181818175,89.20454545454545,7.954545454545454,81.25
E00094187,292,35,6,29,257,23,234,11.986301369863012,2.054794520547945,9.931506849315069,88.01369863013699,7.876712328767123,80.13698630136986
E00094188,270,49,16,33,221,26,195,18.14814814814815,5.9259259259259265,12.222222222222221,81.85185185185185,9.62962962962963,72.22222222222221
E00094189,261,29,9,20,232,24,208,11.11111111111111,3.4482758620689653,7.662835249042145,88.88888888888889,9.195402298850574,79.6934865900383
E00094190,344,41,14,27,303,41,262,11.918604651162791,4.069767441860465,7.848837209302325,88.0813953488372,11.918604651162791,76.16279069767442
E00094191,390,58,25,33,332,33,299,14.871794871794872,6.41025641025641,8.461538461538462,85.12820512820512,8.461538461538462,76.66666666666667
E00094192,205,29,16,13,176,16,160,14.146341463414632,7.804878048780488,6.341463414634147,85.85365853658537,7.804878048780488,78.04878048780488
E00094193,290,43,17,26,247,22,225,14.827586206896552,5.862068965517241,8.96551724137931,85.17241379310346,7.586206896551724,77.58620689655173
E00094194,287,54,21,33,233,17,216,18.81533101045296,7.317073170731707,11.498257839721255,81.18466898954703,5.923344947735192,75.26132404181185
E00094195,348,45,17,28,303,24,279,12.931034482758621,4.885057471264368,8.045977011494253,87.06896551724138,6.896551724137931,80.17241379310344
E00094196,356,38,11,27,318,26,292,10.674157303370785,3.089887640449438,7.584269662921349,89.32584269662921,7.303370786516854,82.02247191011236
E00094197,253,32,9,23,221,20,201,12.648221343873518,3.557312252964427,9.090909090909092,87.35177865612648,7.905138339920949,79.44664031620553
E00094198,211,37,15,22,174,14,160,17.535545023696685,7.109004739336493,10.42654028436019,82.46445497630332,6.6350710900473935,75.82938388625593
E00094199,322,50,17,33,272,36,236,15.527950310559005,5.279503105590062,10.248447204968944,84.472049689441,11.180124223602485,73.29192546583852
E00094200,311,33,13,20,278,29,249,10.610932475884244,4.180064308681672,6.430868167202572,89.38906752411575,9.32475884244373,80.06430868167203
E00094201,295,30,12,18,265,33,232,10.16949152542373,4.067796610169491,6.101694915254238,89.83050847457628,11.186440677966102,78.64406779661017
E00094202,278,34,11,23,244,19,225,12.23021582733813,3.9568345323741005,8.273381294964029,87.76978417266187,6.83453237410072,80.93525179856115
E00094203,281,68,34,34,213,18,195,24.199288256227756,12.099644128113878,12.099644128113878,75.80071174377224,6.405693950177936,69.3950177935943
E00094204,298,25,7,18,273,34,239,8.389261744966444,2.348993288590604,6.0402684563758395,91.61073825503355,11.409395973154362,80.20134228187919
E00094205,513,183,112,71,330,36,294,35.67251461988304,21.832358674463936,13.840155945419102,64.32748538011695,7.017543859649122,57.30994152046783
E00094206,377,43,11,32,334,40,294,11.405835543766578,2.9177718832891246,8.488063660477453,88.59416445623343,10.610079575596817,77.9840848806366
E00094207,362,54,20,34,308,26,282,14.917127071823206,5.524861878453039,9.392265193370166,85.0828729281768,7.18232044198895,77.90055248618785
E00094208,309,26,9,17,283,22,261,8.414239482200648,2.912621359223301,5.501618122977346,91.58576051779936,7.119741100323624,84.46601941747572
E00094210,223,26,14,12,197,16,181,11.659192825112108,6.278026905829597,5.381165919282512,88.34080717488789,7.174887892376682,81.16591928251121
E00094211,277,40,15,25,237,21,216,14.440433212996389,5.415162454873646,9.025270758122744,85.5595667870036,7.581227436823104,77.9783393501805
E00094212,225,33,8,25,192,18,174,14.666666666666666,3.5555555555555554,11.11111111111111,85.33333333333334,8,77.33333333333333
E00094213,304,23,7,16,281,23,258,7.565789473684211,2.302631578947368,5.263157894736842,92.43421052631578,7.565789473684211,84.86842105263158
E00094214,296,45,21,24,251,27,224,15.202702702702704,7.094594594594595,8.108108108108109,84.7972972972973,9.121621621621621,75.67567567567568
E00094215,252,43,17,26,209,21,188,17.063492063492063,6.746031746031746,10.317460317460316,82.93650793650794,8.333333333333332,74.60317460317461
E00094216,316,45,18,27,271,32,239,14.240506329113925,5.69620253164557,8.544303797468354,85.75949367088607,10.126582278481013,75.63291139240506
E00094218,286,52,28,24,234,18,216,18.181818181818183,9.79020979020979,8.391608391608392,81.81818181818183,6.293706293706294,75.52447552447552
E00094219,283,26,11,15,257,23,234,9.187279151943462,3.8869257950530036,5.30035335689046,90.81272084805654,8.12720848056537,82.68551236749117
E00094220,341,43,20,23,298,31,267,12.609970674486803,5.865102639296188,6.744868035190615,87.3900293255132,9.090909090909092,78.2991202346041
E00094221,286,29,6,23,257,24,233,10.13986013986014,2.097902097902098,8.041958041958042,89.86013986013987,8.391608391608392,81.46853146853147
E00094222,331,47,26,21,284,20,264,14.19939577039275,7.854984894259818,6.3444108761329305,85.80060422960725,6.042296072507553,79.7583081570997
E00094223,224,30,10,20,194,29,165,13.392857142857142,4.464285714285714,8.928571428571429,86.60714285714286,12.946428571428573,73.66071428571429
E00094224,228,38,13,25,190,19,171,16.666666666666664,5.701754385964912,10.964912280701753,83.33333333333334,8.333333333333332,75
E00094225,288,55,25,30,233,26,207,19.09722222222222,8.680555555555555,10.416666666666668,80.90277777777779,9.027777777777777,71.875
E00094226,303,56,16,40,247,18,229,18.48184818481848,5.2805280528052805,13.2013201320132,81.51815181518151,5.9405940594059405,75.57755775577559
E00094227,258,36,13,23,222,29,193,13.953488372093023,5.038759689922481,8.914728682170542,86.04651162790698,11.24031007751938,74.8062015503876
E00094228,335,41,7,34,294,27,267,12.238805970149254,2.0895522388059704,10.149253731343283,87.76119402985074,8.059701492537313,79.70149253731343
E00094229,310,45,15,30,265,33,232,14.516129032258066,4.838709677419355,9.67741935483871,85.48387096774194,10.64516129032258,74.83870967741936
E00094230,285,27,7,20,258,30,228,9.473684210526317,2.456140350877193,7.017543859649122,90.52631578947368,10.526315789473683,80
E00094231,312,46,20,26,266,29,237,14.743589743589745,6.41025641025641,8.333333333333332,85.25641025641025,9.294871794871796,75.96153846153845
E00094232,195,28,11,17,167,8,159,14.358974358974358,5.641025641025641,8.717948717948717,85.64102564102564,4.102564102564102,81.53846153846153
E00094233,356,52,23,29,304,34,270,14.606741573033707,6.460674157303371,8.146067415730338,85.39325842696628,9.550561797752808,75.84269662921348
E00094234,292,46,14,32,246,30,216,15.753424657534246,4.794520547945205,10.95890410958904,84.24657534246576,10.273972602739725,73.97260273972603
E00094235,430,109,62,47,321,33,288,25.348837209302328,14.418604651162791,10.930232558139535,74.65116279069768,7.674418604651163,66.97674418604652
E00094236,303,65,24,41,238,28,210,21.45214521452145,7.920792079207921,13.531353135313532,78.54785478547855,9.24092409240924,69.3069306930693
E00094237,240,40,10,30,200,25,175,16.666666666666664,4.166666666666666,12.5,83.33333333333334,10.416666666666668,72.91666666666666
E00094238,313,72,31,41,241,27,214,23.003194888178914,9.904153354632587,13.099041533546327,76.99680511182109,8.626198083067091,68.370607028754
E00094239,197,20,5,15,177,15,162,10.152284263959391,2.5380710659898478,7.614213197969544,89.84771573604061,7.614213197969544,82.23350253807106
E00174340,244,40,15,25,204,17,187,16.39344262295082,6.147540983606557,10.245901639344263,83.60655737704919,6.967213114754098,76.63934426229508
E00174341,177,20,10,10,157,18,139,11.299435028248588,5.649717514124294,5.649717514124294,88.70056497175142,10.16949152542373,78.53107344632768
E00174342,192,47,23,24,145,7,138,24.479166666666664,11.979166666666668,12.5,75.52083333333334,3.6458333333333335,71.875
E00174343,384,61,21,40,323,15,308,15.885416666666666,5.46875,10.416666666666668,84.11458333333334,3.90625,80.20833333333334
E00174344,269,49,18,31,220,21,199,18.21561338289963,6.691449814126393,11.524163568773234,81.78438661710037,7.806691449814126,73.97769516728626
E00174345,282,23,8,15,259,8,251,8.156028368794328,2.8368794326241136,5.319148936170213,91.84397163120568,2.8368794326241136,89.00709219858156
E00174346,208,56,27,29,152,13,139,26.923076923076923,12.980769230769232,13.942307692307693,73.07692307692307,6.25,66.82692307692307
E00174347,283,37,11,26,246,21,225,13.074204946996467,3.8869257950530036,9.187279151943462,86.92579505300353,7.420494699646643,79.50530035335689
E00174348,257,64,12,52,193,22,171,24.90272373540856,4.669260700389105,20.233463035019454,75.09727626459144,8.560311284046692,66.53696498054474
E00174350,237,45,16,29,192,19,173,18.9873417721519,6.751054852320674,12.236286919831224,81.0126582278481,8.016877637130802,72.9957805907173
E00174352,251,35,12,23,216,23,193,13.94422310756972,4.780876494023905,9.163346613545817,86.05577689243027,9.163346613545817,76.89243027888446
E00174354,283,48,16,32,235,22,213,16.96113074204947,5.6537102473498235,11.307420494699647,83.03886925795054,7.773851590106007,75.26501766784452
E00174355,337,41,15,26,296,24,272,12.166172106824925,4.451038575667656,7.71513353115727,87.83382789317507,7.121661721068249,80.71216617210682
E00174357,253,40,13,27,213,23,190,15.810276679841898,5.138339920948617,10.67193675889328,84.18972332015811,9.090909090909092,75.09881422924902
E00174360,319,50,19,31,269,32,237,15.673981191222571,5.956112852664576,9.717868338557993,84.32601880877742,10.031347962382444,74.29467084639498
E00174361,360,65,27,38,295,17,278,18.055555555555554,7.5,10.555555555555555,81.94444444444444,4.722222222222222,77.22222222222223
E00174363,472,44,14,30,428,42,386,9.322033898305085,2.9661016949152543,6.3559322033898304,90.67796610169492,8.898305084745763,81.77966101694916
E00174364,398,37,5,32,361,31,330,9.296482412060302,1.256281407035176,8.040201005025125,90.7035175879397,7.788944723618091,82.91457286432161
E00174366,387,25,6,19,362,40,322,6.459948320413436,1.550387596899225,4.909560723514212,93.54005167958657,10.335917312661499,83.20413436692506
E00174368,280,29,5,24,251,24,227,10.357142857142858,1.7857142857142856,8.571428571428571,89.64285714285715,8.571428571428571,81.07142857142857
E00174369,391,113,70,43,278,21,257,28.9002557544757,17.902813299232736,10.997442455242968,71.0997442455243,5.3708439897698215,65.72890025575447
E00174371,577,280,150,130,297,37,260,48.52686308492201,25.99653379549394,22.530329289428074,51.47313691507799,6.412478336221837,45.06065857885615
E00174372,143,9,2,7,134,7,127,6.293706293706294,1.3986013986013985,4.895104895104895,93.7062937062937,4.895104895104895,88.81118881118881
E00174374,251,24,5,19,227,24,203,9.56175298804781,1.9920318725099602,7.569721115537849,90.43824701195219,9.56175298804781,80.87649402390437
E00174375,304,36,12,24,268,21,247,11.842105263157894,3.9473684210526314,7.894736842105263,88.1578947368421,6.907894736842106,81.25
E00174377,275,64,18,46,211,19,192,23.272727272727273,6.545454545454546,16.727272727272727,76.72727272727272,6.909090909090909,69.81818181818183
E00174378,108,28,15,13,80,7,73,25.925925925925924,13.88888888888889,12.037037037037036,74.07407407407408,6.481481481481481,67.5925925925926
E00174380,159,44,19,25,115,8,107,27.67295597484277,11.949685534591195,15.723270440251572,72.32704402515722,5.031446540880504,67.29559748427673
E00174383,203,17,3,14,186,8,178,8.374384236453201,1.477832512315271,6.896551724137931,91.62561576354679,3.9408866995073892,87.68472906403942
E00174388,281,38,8,30,243,18,225,13.523131672597867,2.8469750889679712,10.676156583629894,86.47686832740213,6.405693950177936,80.0711743772242
E00174389,442,79,34,45,363,32,331,17.873303167420815,7.6923076923076925,10.180995475113122,82.12669683257919,7.239819004524888,74.8868778280543
E00174391,337,50,18,32,287,29,258,14.836795252225517,5.341246290801187,9.495548961424333,85.16320474777447,8.605341246290802,76.55786350148368
E00174397,367,53,18,35,314,27,287,14.441416893732969,4.904632152588556,9.536784741144414,85.55858310626702,7.3569482288828345,78.2016348773842
E00174399,441,50,18,32,391,28,363,11.337868480725625,4.081632653061225,7.2562358276643995,88.66213151927438,6.349206349206349,82.31292517006803
E00174400,270,37,13,24,233,31,202,13.703703703703704,4.814814814814815,8.88888888888889,86.29629629629629,11.481481481481481,74.81481481481481
E00174402,359,32,18,14,327,24,303,8.913649025069638,5.013927576601671,3.8997214484679668,91.08635097493037,6.685236768802229,84.40111420612814
E00174403,142,26,7,19,116,10,106,18.30985915492958,4.929577464788732,13.380281690140844,81.69014084507043,7.042253521126761,74.64788732394366
E00174406,323,18,3,15,305,25,280,5.572755417956656,0.9287925696594427,4.643962848297214,94.42724458204334,7.739938080495357,86.687306501548
E00174408,342,35,13,22,307,21,286,10.23391812865497,3.8011695906432745,6.432748538011696,89.76608187134502,6.140350877192982,83.62573099415205
E00174410,358,35,14,21,323,31,292,9.776536312849162,3.910614525139665,5.865921787709497,90.22346368715084,8.659217877094973,81.56424581005587
E00174411,358,30,6,24,328,29,299,8.379888268156424,1.675977653631285,6.70391061452514,91.62011173184358,8.100558659217876,83.5195530726257
E00174413,475,43,11,32,432,25,407,9.05263157894737,2.3157894736842106,6.7368421052631575,90.94736842105263,5.263157894736842,85.68421052631578
E00174414,294,23,6,17,271,36,235,7.8231292517006805,2.0408163265306123,5.782312925170068,92.17687074829932,12.244897959183673,79.93197278911565
E00174417,318,68,36,32,250,30,220,21.38364779874214,11.320754716981133,10.062893081761008,78.61635220125787,9.433962264150944,69.18238993710692
E00174419,483,58,21,37,425,26,399,12.008281573498964,4.3478260869565215,7.6604554865424435,87.99171842650104,5.383022774327122,82.6086956521739
E00174420,450,41,9,32,409,37,372,9.11111111111111,2,7.111111111111111,90.88888888888889,8.222222222222223,82.66666666666667
E00174422,164,23,11,12,141,8,133,14.02439024390244,6.707317073170732,7.317073170731707,85.97560975609755,4.878048780487805,81.09756097560977
E00174424,295,32,11,21,263,27,236,10.847457627118644,3.728813559322034,7.118644067796611,89.15254237288136,9.152542372881356,80
E00174425,283,24,9,15,259,13,246,8.480565371024735,3.180212014134275,5.30035335689046,91.51943462897526,4.593639575971731,86.92579505300353
E00184540,262,41,17,24,221,12,209,15.648854961832063,6.488549618320611,9.16030534351145,84.35114503816794,4.580152671755725,79.77099236641222
E00184541,239,104,65,39,135,17,118,43.51464435146444,27.19665271966527,16.317991631799163,56.48535564853556,7.112970711297072,49.37238493723849
E00184542,266,58,17,41,208,23,185,21.804511278195488,6.390977443609022,15.413533834586465,78.19548872180451,8.646616541353383,69.54887218045113
E00184543,341,22,7,15,319,39,280,6.451612903225806,2.0527859237536656,4.398826979472141,93.54838709677419,11.436950146627565,82.11143695014663
E00184544,446,139,63,76,307,19,288,31.16591928251121,14.125560538116591,17.040358744394617,68.83408071748879,4.260089686098654,64.57399103139014
E00184546,246,40,13,27,206,20,186,16.260162601626014,5.284552845528456,10.975609756097562,83.73983739837398,8.130081300813007,75.60975609756098
E00184547,496,108,49,59,388,35,353,21.774193548387096,9.879032258064516,11.895161290322582,78.2258064516129,7.056451612903227,71.16935483870968
E00184549,481,69,21,48,412,31,381,14.345114345114347,4.365904365904366,9.97920997920998,85.65488565488566,6.4449064449064455,79.20997920997921
E00184550,411,51,22,29,360,20,340,12.408759124087592,5.35279805352798,7.0559610705596105,87.59124087591242,4.866180048661801,82.7250608272506
E00184551,692,68,12,56,624,28,596,9.826589595375722,1.7341040462427744,8.092485549132949,90.17341040462428,4.046242774566474,86.1271676300578
E00184552,251,29,8,21,222,25,197,11.553784860557768,3.187250996015936,8.366533864541832,88.44621513944223,9.9601593625498,78.48605577689243
E00184553,519,62,16,46,457,41,416,11.946050096339114,3.0828516377649327,8.863198458574182,88.0539499036609,7.89980732177264,80.15414258188824
E00184554,126,25,11,14,101,8,93,19.841269841269842,8.73015873015873,11.11111111111111,80.15873015873017,6.349206349206349,73.80952380952381
E00184555,243,46,23,23,197,18,179,18.930041152263374,9.465020576131687,9.465020576131687,81.06995884773663,7.4074074074074066,73.66255144032921
E00184556,113,33,16,17,80,9,71,29.20353982300885,14.15929203539823,15.04424778761062,70.79646017699115,7.964601769911504,62.83185840707964
E00184557,395,42,14,28,353,29,324,10.632911392405063,3.5443037974683547,7.088607594936709,89.36708860759494,7.341772151898734,82.02531645569621
E00184558,307,26,8,18,281,20,261,8.469055374592834,2.6058631921824107,5.863192182410423,91.53094462540716,6.514657980456026,85.01628664495115
E00184559,489,62,20,42,427,25,402,12.678936605316974,4.08997955010225,8.588957055214724,87.32106339468302,5.112474437627812,82.20858895705521
E00184560,280,22,4,18,258,19,239,7.857142857142857,1.4285714285714286,6.428571428571428,92.14285714285714,6.785714285714286,85.35714285714285
E00184561,406,59,28,31,347,32,315,14.532019704433496,6.896551724137931,7.635467980295567,85.4679802955665,7.8817733990147785,77.58620689655173
E00184562,286,42,13,29,244,24,220,14.685314685314685,4.545454545454546,10.13986013986014,85.3146853146853,8.391608391608392,76.92307692307693
E00184563,484,47,31,16,437,34,403,9.710743801652892,6.40495867768595,3.3057851239669422,90.28925619834712,7.024793388429752,83.26446280991735
E00184564,547,104,62,42,443,49,394,19.012797074954296,11.3345521023766,7.678244972577697,80.98720292504571,8.957952468007313,72.0292504570384
E00184565,130,14,6,8,116,10,106,10.76923076923077,4.615384615384616,6.153846153846154,89.23076923076924,7.6923076923076925,81.53846153846153
E00184566,701,121,26,95,580,51,529,17.261055634807416,3.7089871611982885,13.55206847360913,82.73894436519258,7.275320970042796,75.46362339514978
E00184567,468,52,10,42,416,32,384,11.11111111111111,2.1367521367521367,8.974358974358974,88.88888888888889,6.837606837606838,82.05128205128204
E00184568,412,31,8,23,381,29,352,7.524271844660194,1.9417475728155338,5.582524271844661,92.47572815533981,7.038834951456311,85.43689320388349
E00184569,186,100,82,18,86,7,79,53.76344086021505,44.086021505376344,9.67741935483871,46.236559139784944,3.763440860215054,42.473118279569896
E00184570,434,63,24,39,371,39,332,14.516129032258066,5.529953917050691,8.986175115207374,85.48387096774194,8.986175115207374,76.49769585253456
E00184571,585,74,25,49,511,48,463,12.649572649572649,4.273504273504273,8.376068376068375,87.35042735042735,8.205128205128204,79.14529914529915
E00184572,502,58,22,36,444,32,412,11.553784860557768,4.382470119521913,7.171314741035857,88.44621513944223,6.374501992031872,82.07171314741036
E00184573,138,72,54,18,66,7,59,52.17391304347826,39.130434782608695,13.043478260869565,47.82608695652174,5.072463768115942,42.7536231884058
E00184574,315,13,0,13,302,24,278,4.1269841269841265,0,4.1269841269841265,95.87301587301587,7.6190476190476195,88.25396825396825
E00184575,279,29,9,20,250,29,221,10.39426523297491,3.225806451612903,7.168458781362006,89.6057347670251,10.39426523297491,79.21146953405018
E00184576,141,22,11,11,119,11,108,15.602836879432624,7.801418439716312,7.801418439716312,84.39716312056737,7.801418439716312,76.59574468085107
E00184577,130,12,2,10,118,15,103,9.230769230769232,1.5384615384615385,7.6923076923076925,90.76923076923077,11.538461538461538,79.23076923076923
E00184578,389,40,11,29,349,25,324,10.282776349614396,2.827763496143959,7.455012853470437,89.7172236503856,6.426735218508997,83.29048843187661
E00184579,400,48,9,39,352,22,330,12,2.25,9.75,88,5.5,82.5
E00184580,482,38,14,24,444,27,417,7.883817427385892,2.904564315352697,4.979253112033195,92.11618257261411,5.601659751037345,86.51452282157676
E00184581,203,31,8,23,172,14,158,15.270935960591133,3.9408866995073892,11.330049261083744,84.72906403940887,6.896551724137931,77.83251231527095
E00184582,238,25,10,15,213,24,189,10.504201680672269,4.201680672268908,6.302521008403361,89.49579831932773,10.084033613445378,79.41176470588235
E00184583,256,40,17,23,216,26,190,15.625,6.640625,8.984375,84.375,10.15625,74.21875
E00184584,269,29,11,18,240,28,212,10.780669144981413,4.089219330855019,6.691449814126393,89.21933085501858,10.408921933085502,78.81040892193309
E00184585,102,10,1,9,92,8,84,9.803921568627452,0.9803921568627451,8.823529411764707,90.19607843137256,7.8431372549019605,82.35294117647058
E00184586,399,34,13,21,365,34,331,8.521303258145362,3.258145363408521,5.263157894736842,91.47869674185463,8.521303258145362,82.95739348370927
E00184587,104,9,0,9,95,11,84,8.653846153846153,0,8.653846153846153,91.34615384615384,10.576923076923077,80.76923076923077
E00184588,523,71,29,42,452,39,413,13.575525812619501,5.544933078393881,8.030592734225621,86.4244741873805,7.45697896749522,78.96749521988528
E00184589,322,40,15,25,282,33,249,12.422360248447205,4.658385093167702,7.763975155279502,87.5776397515528,10.248447204968944,77.32919254658384
E00184590,255,39,15,24,216,24,192,15.294117647058824,5.88235294117647,9.411764705882353,84.70588235294117,9.411764705882353,75.29411764705883
E00184591,395,49,23,26,346,33,313,12.405063291139239,5.822784810126582,6.582278481012659,87.59493670886076,8.354430379746836,79.24050632911393
E00184592,301,44,18,26,257,22,235,14.61794019933555,5.980066445182724,8.637873754152823,85.38205980066445,7.308970099667775,78.07308970099668
E00184593,238,51,25,26,187,19,168,21.428571428571427,10.504201680672269,10.92436974789916,78.57142857142857,7.9831932773109235,70.58823529411765
E00184594,142,30,17,13,112,10,102,21.12676056338028,11.971830985915492,9.15492957746479,78.87323943661971,7.042253521126761,71.83098591549296
E00184595,208,30,12,18,178,21,157,14.423076923076922,5.769230769230769,8.653846153846153,85.57692307692307,10.096153846153847,75.48076923076923
E00184596,272,33,10,23,239,22,217,12.132352941176471,3.6764705882352944,8.455882352941178,87.86764705882352,8.088235294117647,79.77941176470588
E00184597,145,28,16,12,117,6,111,19.310344827586206,11.03448275862069,8.275862068965518,80.6896551724138,4.137931034482759,76.55172413793103
E00184598,401,39,14,25,362,18,344,9.72568578553616,3.4912718204488775,6.234413965087282,90.27431421446383,4.488778054862843,85.785536159601
E00184599,415,59,17,42,356,45,311,14.216867469879519,4.096385542168675,10.120481927710843,85.78313253012048,10.843373493975903,74.93975903614458
E00184600,177,24,7,17,153,17,136,13.559322033898304,3.954802259887006,9.6045197740113,86.4406779661017,9.6045197740113,76.8361581920904
E00184601,288,29,14,15,259,20,239,10.069444444444445,4.861111111111112,5.208333333333334,89.93055555555556,6.944444444444445,82.98611111111111
E00184602,622,58,18,40,564,39,525,9.32475884244373,2.8938906752411575,6.430868167202572,90.67524115755627,6.270096463022508,84.40514469453376
E00184603,109,18,7,11,91,6,85,16.51376146788991,6.422018348623854,10.091743119266056,83.4862385321101,5.5045871559633035,77.98165137614679
E00184604,252,63,31,32,189,23,166,25,12.3015873015873,12.698412698412698,75,9.126984126984127,65.87301587301587
E00184605,258,19,7,12,239,27,212,7.3643410852713185,2.7131782945736433,4.651162790697675,92.63565891472868,10.465116279069768,82.17054263565892
E00184606,540,65,23,42,475,33,442,12.037037037037036,4.2592592592592595,7.777777777777778,87.96296296296296,6.111111111111111,81.85185185185185
E00184607,603,48,19,29,555,57,498,7.960199004975125,3.150912106135987,4.809286898839138,92.03980099502488,9.45273631840796,82.58706467661692
E00184608,173,40,17,23,133,11,122,23.121387283236995,9.826589595375722,13.294797687861271,76.878612716763,6.358381502890173,70.52023121387283
E00184609,109,20,8,12,89,16,73,18.34862385321101,7.339449541284404,11.009174311926607,81.65137614678899,14.678899082568808,66.97247706422019
E00184610,490,55,12,43,435,29,406,11.224489795918368,2.4489795918367347,8.775510204081632,88.77551020408163,5.918367346938775,82.85714285714286
E00184611,297,66,25,41,231,27,204,22.22222222222222,8.417508417508419,13.804713804713806,77.77777777777779,9.090909090909092,68.68686868686868
E00184612,241,57,26,31,184,23,161,23.651452282157674,10.78838174273859,12.863070539419086,76.34854771784232,9.54356846473029,66.80497925311202
E00184613,302,47,17,30,255,22,233,15.562913907284766,5.629139072847682,9.933774834437086,84.43708609271523,7.28476821192053,77.15231788079471
E00184614,169,30,14,16,139,8,131,17.75147928994083,8.284023668639055,9.467455621301776,82.24852071005917,4.733727810650888,77.51479289940828
E00184615,325,25,9,16,300,29,271,7.6923076923076925,2.769230769230769,4.923076923076923,92.3076923076923,8.923076923076923,83.38461538461537
E00184616,173,16,4,12,157,8,149,9.248554913294797,2.312138728323699,6.9364161849710975,90.7514450867052,4.624277456647398,86.1271676300578
E00184617,313,54,24,30,259,27,232,17.252396166134183,7.667731629392971,9.584664536741213,82.74760383386581,8.626198083067091,74.12140575079871
E00184618,226,24,7,17,202,24,178,10.619469026548673,3.0973451327433628,7.52212389380531,89.38053097345133,10.619469026548673,78.76106194690266
E00184619,245,29,13,16,216,24,192,11.83673469387755,5.3061224489795915,6.530612244897959,88.16326530612245,9.795918367346939,78.36734693877551
E00184620,511,54,15,39,457,39,418,10.567514677103718,2.935420743639922,7.632093933463796,89.43248532289628,7.632093933463796,81.80039138943248
E00184621,182,20,3,17,162,23,139,10.989010989010989,1.6483516483516485,9.340659340659341,89.01098901098901,12.637362637362637,76.37362637362637
E00184622,280,28,10,18,252,17,235,10,3.571428571428571,6.428571428571428,90,6.071428571428571,83.92857142857143
E00184623,369,32,16,16,337,22,315,8.672086720867208,4.336043360433604,4.336043360433604,91.32791327913279,5.9620596205962055,85.36585365853658
E00184624,465,60,25,35,405,40,365,12.903225806451612,5.376344086021505,7.526881720430108,87.09677419354838,8.60215053763441,78.49462365591397
E00184625,149,25,3,22,124,10,114,16.778523489932887,2.013422818791946,14.76510067114094,83.22147651006712,6.7114093959731544,76.51006711409396
E00184626,387,53,26,27,334,28,306,13.695090439276486,6.718346253229974,6.976744186046512,86.30490956072352,7.235142118863049,79.06976744186046
E00184627,577,61,15,46,516,39,477,10.571923743500866,2.5996533795493932,7.9722703639514725,89.42807625649914,6.759098786828423,82.66897746967071
E00184628,401,33,8,25,368,18,350,8.229426433915211,1.99501246882793,6.234413965087282,91.77057356608479,4.488778054862843,87.28179551122194
E00184629,398,39,7,32,359,37,322,9.798994974874372,1.7587939698492463,8.040201005025125,90.20100502512562,9.296482412060302,80.90452261306532
E00184630,310,52,22,30,258,12,246,16.7741935483871,7.096774193548387,9.67741935483871,83.22580645161291,3.870967741935484,79.35483870967742
E00184631,384,24,5,19,360,29,331,6.25,1.3020833333333335,4.947916666666666,93.75,7.552083333333333,86.19791666666666
E00184632,469,39,15,24,430,34,396,8.315565031982942,3.1982942430703627,5.11727078891258,91.68443496801706,7.249466950959488,84.43496801705757
E00184633,356,58,22,36,298,20,278,16.292134831460675,6.179775280898876,10.112359550561797,83.70786516853933,5.617977528089887,78.08988764044943
E00184634,358,36,11,25,322,18,304,10.05586592178771,3.072625698324022,6.983240223463687,89.94413407821229,5.027932960893855,84.91620111731844
E00184635,282,29,9,20,253,23,230,10.28368794326241,3.1914893617021276,7.092198581560284,89.71631205673759,8.156028368794328,81.56028368794325
E00184636,363,58,17,41,305,28,277,15.977961432506888,4.683195592286501,11.294765840220386,84.02203856749311,7.7134986225895315,76.30853994490359
E00184637,427,85,31,54,342,37,305,19.906323185011708,7.259953161592506,12.646370023419204,80.09367681498829,8.665105386416862,71.42857142857143
E00184638,374,39,14,25,335,32,303,10.427807486631016,3.7433155080213902,6.684491978609626,89.57219251336899,8.55614973262032,81.01604278074866
E00184639,246,14,5,9,232,14,218,5.691056910569105,2.0325203252032518,3.6585365853658534,94.3089430894309,5.691056910569105,88.6178861788618
E00184640,121,13,4,9,108,9,99,10.743801652892563,3.3057851239669422,7.43801652892562,89.25619834710744,7.43801652892562,81.81818181818183
E00184641,247,27,8,19,220,17,203,10.931174089068826,3.2388663967611335,7.6923076923076925,89.06882591093117,6.882591093117409,82.18623481781377
E00184642,398,36,11,25,362,29,333,9.045226130653267,2.763819095477387,6.281407035175879,90.95477386934674,7.2864321608040195,83.66834170854271
E00184643,413,34,7,27,379,31,348,8.232445520581114,1.694915254237288,6.5375302663438255,91.76755447941889,7.506053268765134,84.26150121065376
E00184644,367,31,7,24,336,19,317,8.446866485013624,1.9073569482288828,6.539509536784741,91.55313351498637,5.177111716621254,86.37602179836512
