OA,ts0590001,ts0590002,ts0590003,ts0590004,ts0590005,ts0590006,ts0590007,ts0590002_PCT,ts0590003_PCT,ts0590004_PCT,ts0590005_PCT,ts0590006_PCT,ts0590007_PCT
E00072563,95,33,11,22,62,52,10,34.73684210526316,11.578947368421053,23.157894736842106,65.26315789473685,54.736842105263165,10.526315789473683
E00072564,91,30,12,18,61,52,9,32.967032967032964,13.186813186813188,19.78021978021978,67.03296703296702,57.14285714285714,9.89010989010989
E00072565,117,26,11,15,91,79,12,22.22222222222222,9.401709401709402,12.82051282051282,77.77777777777779,67.52136752136752,10.256410256410255
E00072566,149,43,22,21,106,90,16,28.859060402684566,14.76510067114094,14.093959731543624,71.14093959731544,60.40268456375839,10.738255033557047
E00072567,120,22,13,9,98,82,16,18.333333333333332,10.833333333333334,7.5,81.66666666666667,68.33333333333333,13.333333333333334
E00072568,118,39,16,23,79,68,11,33.05084745762712,13.559322033898304,19.491525423728813,66.94915254237289,57.6271186440678,9.322033898305085
E00072569,94,21,8,13,73,63,10,22.340425531914892,8.51063829787234,13.829787234042554,77.6595744680851,67.02127659574468,10.638297872340425
E00072570,88,26,11,15,62,50,12,29.545454545454547,12.5,17.045454545454543,70.45454545454545,56.81818181818182,13.636363636363635
E00072571,86,26,16,10,60,47,13,30.23255813953488,18.6046511627907,11.627906976744185,69.76744186046511,54.65116279069767,15.11627906976744
E00072572,75,25,7,18,50,40,10,33.33333333333333,9.333333333333334,24,66.66666666666666,53.333333333333336,13.333333333333334
E00072573,175,57,20,37,118,94,24,32.57142857142858,11.428571428571429,21.142857142857142,67.42857142857143,53.714285714285715,13.714285714285715
E00072574,111,31,19,12,80,70,10,27.927927927927925,17.117117117117118,10.81081081081081,72.07207207207207,63.06306306306306,9.00900900900901
E00072575,224,62,29,33,162,130,32,27.67857142857143,12.946428571428573,14.732142857142858,72.32142857142857,58.03571428571429,14.285714285714285
E00072576,57,19,9,10,38,37,1,33.33333333333333,15.789473684210526,17.543859649122805,66.66666666666666,64.91228070175438,1.7543859649122806
E00072577,132,45,22,23,87,75,12,34.090909090909086,16.666666666666664,17.424242424242426,65.9090909090909,56.81818181818182,9.090909090909092
E00072578,54,17,8,9,37,32,5,31.48148148148148,14.814814814814813,16.666666666666664,68.51851851851852,59.25925925925925,9.25925925925926
E00072579,107,31,13,18,76,70,6,28.971962616822427,12.149532710280374,16.822429906542055,71.02803738317756,65.42056074766354,5.607476635514018
E00072580,123,48,21,27,75,62,13,39.02439024390244,17.073170731707318,21.951219512195124,60.97560975609756,50.40650406504065,10.569105691056912
E00072581,107,37,24,13,70,64,6,34.57943925233645,22.429906542056074,12.149532710280374,65.42056074766354,59.813084112149525,5.607476635514018
E00072582,87,28,13,15,59,54,5,32.18390804597701,14.942528735632186,17.24137931034483,67.81609195402298,62.06896551724138,5.747126436781609
E00072583,109,32,15,17,77,59,18,29.357798165137616,13.761467889908257,15.59633027522936,70.64220183486239,54.12844036697248,16.51376146788991
E00072584,135,41,18,23,94,78,16,30.37037037037037,13.333333333333334,17.037037037037038,69.62962962962963,57.77777777777777,11.851851851851853
E00072585,104,27,10,17,77,62,15,25.961538461538463,9.615384615384617,16.346153846153847,74.03846153846155,59.61538461538461,14.423076923076922
E00072586,110,38,17,21,72,57,15,34.54545454545455,15.454545454545453,19.090909090909093,65.45454545454545,51.81818181818182,13.636363636363635
E00072587,120,44,25,19,76,58,18,36.666666666666664,20.833333333333336,15.833333333333332,63.33333333333333,48.333333333333336,15
E00072588,109,40,10,30,69,58,11,36.69724770642202,9.174311926605505,27.522935779816514,63.30275229357798,53.21100917431193,10.091743119266056
E00072589,117,43,19,24,74,59,15,36.75213675213676,16.23931623931624,20.51282051282051,63.24786324786324,50.427350427350426,12.82051282051282
E00072590,114,40,15,25,74,57,17,35.08771929824561,13.157894736842104,21.929824561403507,64.91228070175438,50,14.912280701754385
E00072591,124,42,17,25,82,63,19,33.87096774193548,13.709677419354838,20.161290322580644,66.12903225806451,50.806451612903224,15.32258064516129
E00072592,80,31,13,18,49,36,13,38.75,16.25,22.5,61.25000000000001,45,16.25
E00072593,159,57,14,43,102,87,15,35.84905660377358,8.80503144654088,27.044025157232703,64.15094339622641,54.71698113207547,9.433962264150944
E00072594,193,67,27,40,126,100,26,34.715025906735754,13.989637305699482,20.72538860103627,65.28497409326425,51.813471502590666,13.471502590673575
E00072595,159,68,24,44,91,78,13,42.76729559748428,15.09433962264151,27.67295597484277,57.23270440251572,49.056603773584904,8.176100628930817
E00072596,157,58,25,33,99,69,30,36.94267515923567,15.92356687898089,21.019108280254777,63.05732484076433,43.94904458598726,19.10828025477707
E00072597,150,49,20,29,101,83,18,32.666666666666664,13.333333333333334,19.333333333333332,67.33333333333333,55.333333333333336,12
E00072598,116,52,21,31,64,42,22,44.827586206896555,18.103448275862068,26.72413793103448,55.172413793103445,36.206896551724135,18.96551724137931
E00072599,174,68,30,38,106,90,16,39.08045977011494,17.24137931034483,21.839080459770116,60.91954022988506,51.724137931034484,9.195402298850574
E00072600,161,57,20,37,104,78,26,35.40372670807454,12.422360248447205,22.981366459627328,64.59627329192547,48.4472049689441,16.149068322981368
E00072601,123,39,15,24,84,63,21,31.70731707317073,12.195121951219512,19.51219512195122,68.29268292682927,51.21951219512195,17.073170731707318
E00072602,157,56,21,35,101,81,20,35.6687898089172,13.375796178343949,22.29299363057325,64.3312101910828,51.59235668789809,12.738853503184714
E00072603,152,50,17,33,102,83,19,32.89473684210527,11.18421052631579,21.710526315789476,67.10526315789474,54.60526315789473,12.5
E00072604,172,55,21,34,117,94,23,31.976744186046513,12.209302325581394,19.767441860465116,68.02325581395348,54.65116279069767,13.372093023255813
E00072605,122,46,15,31,76,61,15,37.704918032786885,12.295081967213115,25.40983606557377,62.295081967213115,50,12.295081967213115
E00072606,127,45,15,30,82,64,18,35.43307086614173,11.811023622047244,23.62204724409449,64.56692913385827,50.39370078740157,14.173228346456693
E00072607,144,48,25,23,96,80,16,33.33333333333333,17.36111111111111,15.972222222222221,66.66666666666666,55.55555555555556,11.11111111111111
E00072608,114,48,16,32,66,57,9,42.10526315789473,14.035087719298245,28.07017543859649,57.89473684210527,50,7.894736842105263
E00072609,177,65,30,35,112,74,38,36.72316384180791,16.94915254237288,19.774011299435028,63.2768361581921,41.80790960451977,21.468926553672315
E00072611,69,15,3,12,54,35,19,21.73913043478261,4.3478260869565215,17.391304347826086,78.26086956521739,50.72463768115942,27.536231884057973
E00072613,111,37,15,22,74,49,25,33.33333333333333,13.513513513513514,19.81981981981982,66.66666666666666,44.14414414414414,22.52252252252252
E00072614,144,57,22,35,87,64,23,39.58333333333333,15.277777777777779,24.305555555555554,60.416666666666664,44.44444444444444,15.972222222222221
E00072615,78,27,13,14,51,37,14,34.61538461538461,16.666666666666664,17.94871794871795,65.38461538461539,47.43589743589743,17.94871794871795
E00072616,167,65,32,33,102,78,24,38.92215568862276,19.16167664670659,19.760479041916167,61.07784431137725,46.706586826347305,14.37125748502994
E00072617,101,37,14,23,64,53,11,36.633663366336634,13.861386138613863,22.772277227722775,63.366336633663366,52.475247524752476,10.891089108910892
E00072618,200,68,27,41,132,94,38,34,13.5,20.5,66,47,19
E00072619,219,87,38,49,132,105,27,39.726027397260275,17.35159817351598,22.37442922374429,60.273972602739725,47.94520547945205,12.32876712328767
E00072620,76,29,13,16,47,35,12,38.15789473684211,17.105263157894736,21.052631578947366,61.8421052631579,46.05263157894737,15.789473684210526
E00072621,136,42,14,28,94,75,19,30.88235294117647,10.294117647058822,20.588235294117645,69.11764705882352,55.14705882352941,13.970588235294118
E00072622,143,56,17,39,87,59,28,39.16083916083916,11.888111888111888,27.27272727272727,60.83916083916085,41.25874125874126,19.58041958041958
E00072623,107,48,23,25,59,52,7,44.85981308411215,21.49532710280374,23.364485981308412,55.140186915887845,48.598130841121495,6.5420560747663545
E00072624,160,60,26,34,100,80,20,37.5,16.25,21.25,62.5,50,12.5
E00072625,188,57,24,33,131,110,21,30.319148936170215,12.76595744680851,17.5531914893617,69.68085106382979,58.51063829787234,11.170212765957446
E00072626,58,26,8,18,32,23,9,44.827586206896555,13.793103448275861,31.03448275862069,55.172413793103445,39.6551724137931,15.517241379310345
E00072627,114,39,13,26,75,54,21,34.21052631578947,11.403508771929824,22.807017543859647,65.78947368421053,47.368421052631575,18.421052631578945
E00072628,136,55,16,39,81,65,16,40.44117647058824,11.76470588235294,28.676470588235293,59.55882352941176,47.794117647058826,11.76470588235294
E00072629,167,67,31,36,100,76,24,40.119760479041915,18.562874251497004,21.55688622754491,59.88023952095808,45.50898203592814,14.37125748502994
E00072630,201,141,105,36,60,51,9,70.1492537313433,52.23880597014925,17.91044776119403,29.850746268656714,25.37313432835821,4.477611940298507
E00072631,111,34,16,18,77,49,28,30.630630630630627,14.414414414414415,16.216216216216218,69.36936936936937,44.14414414414414,25.225225225225223
E00072632,70,28,9,19,42,32,10,40,12.857142857142856,27.142857142857142,60,45.714285714285715,14.285714285714285
E00072633,232,85,35,50,147,119,28,36.637931034482754,15.086206896551724,21.551724137931032,63.36206896551724,51.293103448275865,12.068965517241379
E00072634,126,57,31,26,69,45,24,45.23809523809524,24.6031746031746,20.634920634920633,54.761904761904766,35.714285714285715,19.047619047619047
E00072635,131,41,18,23,90,70,20,31.297709923664126,13.740458015267176,17.557251908396946,68.70229007633588,53.43511450381679,15.267175572519085
E00072636,164,51,34,17,113,95,18,31.097560975609756,20.73170731707317,10.365853658536585,68.90243902439023,57.92682926829268,10.975609756097562
E00072637,86,28,13,15,58,47,11,32.55813953488372,15.11627906976744,17.441860465116278,67.44186046511628,54.65116279069767,12.790697674418606
E00072638,161,56,33,23,105,91,14,34.78260869565217,20.496894409937887,14.285714285714285,65.21739130434783,56.52173913043478,8.695652173913043
E00072640,97,49,25,24,48,35,13,50.51546391752577,25.773195876288657,24.742268041237114,49.48453608247423,36.08247422680412,13.402061855670103
E00072641,116,45,22,23,71,52,19,38.793103448275865,18.96551724137931,19.82758620689655,61.206896551724135,44.827586206896555,16.379310344827587
E00072642,206,65,24,41,141,101,40,31.55339805825243,11.650485436893204,19.902912621359224,68.44660194174757,49.029126213592235,19.41747572815534
E00072643,108,34,12,22,74,58,16,31.48148148148148,11.11111111111111,20.37037037037037,68.51851851851852,53.70370370370371,14.814814814814813
E00072644,124,41,19,22,83,62,21,33.064516129032256,15.32258064516129,17.741935483870968,66.93548387096774,50,16.93548387096774
E00072645,217,77,26,51,140,109,31,35.483870967741936,11.981566820276496,23.502304147465438,64.51612903225806,50.23041474654379,14.285714285714285
E00072646,175,62,19,43,113,97,16,35.42857142857142,10.857142857142858,24.571428571428573,64.57142857142857,55.42857142857143,9.142857142857142
E00072647,112,43,16,27,69,47,22,38.392857142857146,14.285714285714285,24.107142857142858,61.60714285714286,41.964285714285715,19.642857142857142
E00072648,142,55,28,27,87,63,24,38.732394366197184,19.718309859154928,19.014084507042252,61.267605633802816,44.36619718309859,16.901408450704224
E00072649,150,45,15,30,105,85,20,30,10,20,70,56.666666666666664,13.333333333333334
E00072650,127,33,9,24,94,71,23,25.984251968503933,7.086614173228346,18.89763779527559,74.01574803149606,55.90551181102362,18.11023622047244
E00072651,126,48,17,31,78,53,25,38.095238095238095,13.492063492063492,24.6031746031746,61.904761904761905,42.06349206349206,19.841269841269842
E00072652,299,99,32,67,200,152,48,33.11036789297659,10.702341137123746,22.40802675585284,66.88963210702342,50.836120401337794,16.05351170568562
E00072653,223,71,28,43,152,115,37,31.838565022421523,12.556053811659194,19.282511210762333,68.16143497757847,51.569506726457405,16.591928251121075
E00072654,97,35,11,24,62,50,12,36.08247422680412,11.34020618556701,24.742268041237114,63.91752577319587,51.546391752577314,12.371134020618557
E00072655,153,63,25,38,90,75,15,41.17647058823529,16.33986928104575,24.836601307189543,58.82352941176471,49.01960784313725,9.803921568627452
E00072656,158,61,20,41,97,77,20,38.607594936708864,12.658227848101266,25.949367088607595,61.39240506329114,48.734177215189874,12.658227848101266
E00072657,75,19,6,13,56,46,10,25.333333333333336,8,17.333333333333336,74.66666666666667,61.33333333333333,13.333333333333334
E00072658,80,28,8,20,52,44,8,35,10,25,65,55.00000000000001,10
E00072659,157,56,25,31,101,78,23,35.6687898089172,15.92356687898089,19.745222929936308,64.3312101910828,49.681528662420384,14.64968152866242
E00072660,208,83,33,50,125,108,17,39.90384615384615,15.865384615384615,24.03846153846154,60.09615384615385,51.92307692307693,8.173076923076923
E00072661,133,45,10,35,88,60,28,33.83458646616541,7.518796992481203,26.31578947368421,66.16541353383458,45.11278195488722,21.052631578947366
E00072662,145,52,20,32,93,78,15,35.86206896551724,13.793103448275861,22.06896551724138,64.13793103448275,53.79310344827586,10.344827586206897
E00072663,173,61,22,39,112,102,10,35.26011560693642,12.716763005780345,22.54335260115607,64.73988439306359,58.95953757225434,5.780346820809249
E00072664,200,77,41,36,123,93,30,38.5,20.5,18,61.5,46.5,15
E00072665,187,77,31,46,110,82,28,41.17647058823529,16.577540106951872,24.598930481283425,58.82352941176471,43.85026737967914,14.973262032085561
E00072666,105,45,17,28,60,45,15,42.857142857142854,16.19047619047619,26.666666666666668,57.14285714285714,42.857142857142854,14.285714285714285
E00072667,100,37,15,22,63,51,12,37,15,22,63,51,12
E00072668,88,41,17,24,47,33,14,46.590909090909086,19.318181818181817,27.27272727272727,53.40909090909091,37.5,15.909090909090908
E00072669,104,53,17,36,51,46,5,50.96153846153846,16.346153846153847,34.61538461538461,49.03846153846153,44.230769230769226,4.807692307692308
E00072671,85,34,8,26,51,45,6,40,9.411764705882353,30.58823529411765,60,52.94117647058824,7.0588235294117645
E00072672,114,43,23,20,71,60,11,37.719298245614034,20.175438596491226,17.543859649122805,62.28070175438597,52.63157894736842,9.649122807017543
E00072673,124,47,16,31,77,68,9,37.903225806451616,12.903225806451612,25,62.096774193548384,54.83870967741935,7.258064516129033
E00072674,125,46,17,29,79,70,9,36.8,13.600000000000001,23.200000000000003,63.2,56.00000000000001,7.199999999999999
E00072675,79,31,13,18,48,48,0,39.24050632911392,16.455696202531644,22.78481012658228,60.75949367088608,60.75949367088608,0
E00072676,106,33,13,20,73,41,32,31.132075471698112,12.264150943396226,18.867924528301888,68.86792452830188,38.67924528301887,30.18867924528302
E00072677,113,48,21,27,65,58,7,42.47787610619469,18.58407079646018,23.893805309734514,57.52212389380531,51.32743362831859,6.1946902654867255
E00072678,148,59,14,45,89,78,11,39.86486486486486,9.45945945945946,30.405405405405407,60.13513513513513,52.702702702702695,7.4324324324324325
E00072680,122,48,21,27,74,66,8,39.34426229508197,17.21311475409836,22.131147540983605,60.65573770491803,54.09836065573771,6.557377049180328
E00072681,165,58,18,40,107,93,14,35.15151515151515,10.909090909090908,24.242424242424242,64.84848484848484,56.36363636363636,8.484848484848486
E00072682,136,45,16,29,91,74,17,33.088235294117645,11.76470588235294,21.323529411764707,66.91176470588235,54.41176470588235,12.5
E00072683,112,43,22,21,69,60,9,38.392857142857146,19.642857142857142,18.75,61.60714285714286,53.57142857142857,8.035714285714286
E00072684,142,39,10,29,103,84,19,27.464788732394368,7.042253521126761,20.422535211267608,72.53521126760563,59.154929577464785,13.380281690140844
E00072685,158,52,20,32,106,87,19,32.91139240506329,12.658227848101266,20.253164556962027,67.08860759493672,55.06329113924051,12.025316455696203
E00072686,152,70,40,30,82,59,23,46.05263157894737,26.31578947368421,19.736842105263158,53.94736842105263,38.81578947368421,15.131578947368421
E00072687,70,23,13,10,47,33,14,32.857142857142854,18.571428571428573,14.285714285714285,67.14285714285714,47.14285714285714,20
E00072688,135,49,22,27,86,58,28,36.2962962962963,16.296296296296298,20,63.70370370370371,42.96296296296296,20.74074074074074
E00072689,113,37,17,20,76,56,20,32.743362831858406,15.04424778761062,17.699115044247787,67.2566371681416,49.557522123893804,17.699115044247787
E00072690,167,54,24,30,113,98,15,32.33532934131736,14.37125748502994,17.964071856287426,67.66467065868264,58.68263473053892,8.982035928143713
E00072691,191,60,22,38,131,99,32,31.413612565445025,11.518324607329843,19.895287958115183,68.58638743455498,51.832460732984295,16.75392670157068
E00072692,190,61,22,39,129,106,23,32.10526315789474,11.578947368421053,20.526315789473685,67.89473684210526,55.78947368421052,12.105263157894736
E00072693,199,71,26,45,128,102,26,35.678391959798994,13.06532663316583,22.613065326633166,64.321608040201,51.256281407035175,13.06532663316583
E00072694,170,54,12,42,116,97,19,31.76470588235294,7.0588235294117645,24.705882352941178,68.23529411764706,57.05882352941176,11.176470588235295
E00072695,99,31,11,20,68,49,19,31.313131313131315,11.11111111111111,20.2020202020202,68.68686868686868,49.494949494949495,19.19191919191919
E00072696,191,73,27,46,118,95,23,38.21989528795812,14.136125654450263,24.083769633507853,61.78010471204188,49.73821989528796,12.041884816753926
E00072697,138,53,18,35,85,71,14,38.405797101449274,13.043478260869565,25.36231884057971,61.59420289855072,51.449275362318836,10.144927536231885
E00072698,144,43,17,26,101,86,15,29.86111111111111,11.805555555555555,18.055555555555554,70.13888888888889,59.72222222222222,10.416666666666668
E00072699,240,83,25,58,157,128,29,34.583333333333336,10.416666666666668,24.166666666666668,65.41666666666667,53.333333333333336,12.083333333333334
E00072700,194,84,35,49,110,84,26,43.29896907216495,18.04123711340206,25.257731958762886,56.70103092783505,43.29896907216495,13.402061855670103
E00072701,164,47,21,26,117,108,9,28.65853658536585,12.804878048780488,15.853658536585366,71.34146341463415,65.85365853658537,5.487804878048781
E00072702,163,43,18,25,120,108,12,26.380368098159508,11.042944785276074,15.337423312883436,73.61963190184049,66.25766871165644,7.361963190184049
E00072703,134,39,7,32,95,81,14,29.1044776119403,5.223880597014925,23.88059701492537,70.8955223880597,60.447761194029844,10.44776119402985
E00072704,113,35,18,17,78,72,6,30.973451327433626,15.929203539823009,15.04424778761062,69.02654867256636,63.716814159292035,5.3097345132743365
E00072705,205,63,18,45,142,122,20,30.73170731707317,8.780487804878048,21.951219512195124,69.26829268292683,59.512195121951216,9.75609756097561
E00072706,109,42,13,29,67,59,8,38.53211009174312,11.926605504587156,26.605504587155966,61.46788990825688,54.12844036697248,7.339449541284404
E00072707,152,48,16,32,104,94,10,31.57894736842105,10.526315789473683,21.052631578947366,68.42105263157895,61.8421052631579,6.578947368421052
E00072708,132,37,11,26,95,85,10,28.030303030303028,8.333333333333332,19.696969696969695,71.96969696969697,64.39393939393939,7.575757575757576
E00072709,191,61,18,43,130,110,20,31.93717277486911,9.424083769633508,22.5130890052356,68.06282722513089,57.59162303664922,10.471204188481675
E00072710,130,45,14,31,85,74,11,34.61538461538461,10.76923076923077,23.846153846153847,65.38461538461539,56.92307692307692,8.461538461538462
E00072711,143,51,19,32,92,83,9,35.66433566433567,13.286713286713287,22.377622377622377,64.33566433566433,58.04195804195804,6.293706293706294
E00072712,129,56,18,38,73,53,20,43.41085271317829,13.953488372093023,29.457364341085274,56.58914728682171,41.08527131782946,15.503875968992247
E00072713,140,52,21,31,88,75,13,37.142857142857146,15,22.142857142857142,62.857142857142854,53.57142857142857,9.285714285714286
E00072714,138,43,23,20,95,77,18,31.15942028985507,16.666666666666664,14.492753623188406,68.84057971014492,55.79710144927537,13.043478260869565
E00072715,203,76,27,49,127,107,20,37.4384236453202,13.30049261083744,24.137931034482758,62.5615763546798,52.70935960591133,9.852216748768473
E00072716,108,30,10,20,78,70,8,27.77777777777778,9.25925925925926,18.51851851851852,72.22222222222221,64.81481481481481,7.4074074074074066
E00072717,286,92,31,61,194,159,35,32.16783216783217,10.839160839160838,21.328671328671327,67.83216783216784,55.59440559440559,12.237762237762238
E00072718,138,30,11,19,108,95,13,21.73913043478261,7.971014492753622,13.768115942028986,78.26086956521739,68.84057971014492,9.420289855072465
E00072719,99,29,9,20,70,51,19,29.292929292929294,9.090909090909092,20.2020202020202,70.70707070707071,51.515151515151516,19.19191919191919
E00072720,190,72,22,50,118,100,18,37.89473684210527,11.578947368421053,26.31578947368421,62.10526315789474,52.63157894736842,9.473684210526317
E00072721,154,45,15,30,109,94,15,29.22077922077922,9.740259740259742,19.480519480519483,70.77922077922078,61.038961038961034,9.740259740259742
E00072722,212,72,26,46,140,125,15,33.9622641509434,12.264150943396226,21.69811320754717,66.0377358490566,58.9622641509434,7.0754716981132075
E00072723,145,47,16,31,98,87,11,32.41379310344827,11.03448275862069,21.379310344827587,67.58620689655173,60,7.586206896551724
E00072725,155,48,16,32,107,95,12,30.967741935483872,10.32258064516129,20.64516129032258,69.03225806451613,61.29032258064516,7.741935483870968
E00072726,174,60,20,40,114,95,19,34.48275862068966,11.494252873563218,22.988505747126435,65.51724137931035,54.59770114942529,10.919540229885058
E00072727,146,44,13,31,102,88,14,30.136986301369863,8.904109589041095,21.232876712328768,69.86301369863014,60.273972602739725,9.58904109589041
E00072728,163,49,13,36,114,98,16,30.061349693251532,7.975460122699387,22.085889570552148,69.93865030674846,60.122699386503065,9.815950920245399
E00072729,185,64,22,42,121,102,19,34.5945945945946,11.891891891891893,22.702702702702705,65.4054054054054,55.13513513513514,10.27027027027027
E00072730,126,51,24,27,75,67,8,40.476190476190474,19.047619047619047,21.428571428571427,59.523809523809526,53.17460317460318,6.349206349206349
E00072731,121,42,18,24,79,76,3,34.710743801652896,14.87603305785124,19.834710743801654,65.28925619834712,62.8099173553719,2.479338842975207
E00072732,156,63,22,41,93,79,14,40.38461538461539,14.102564102564102,26.282051282051285,59.61538461538461,50.641025641025635,8.974358974358974
E00072733,163,52,13,39,111,92,19,31.901840490797547,7.975460122699387,23.92638036809816,68.09815950920245,56.44171779141104,11.65644171779141
E00072734,222,71,23,48,151,134,17,31.98198198198198,10.36036036036036,21.62162162162162,68.01801801801803,60.36036036036037,7.657657657657657
E00072736,129,45,16,29,84,74,10,34.883720930232556,12.4031007751938,22.48062015503876,65.11627906976744,57.36434108527132,7.751937984496124
E00072737,163,57,22,35,106,87,19,34.96932515337423,13.496932515337424,21.472392638036812,65.03067484662577,53.37423312883436,11.65644171779141
E00072738,129,37,13,24,92,78,14,28.68217054263566,10.077519379844961,18.6046511627907,71.31782945736434,60.46511627906976,10.852713178294573
E00072739,134,38,9,29,96,89,7,28.35820895522388,6.7164179104477615,21.641791044776117,71.64179104477611,66.4179104477612,5.223880597014925
E00072741,53,14,2,12,39,37,2,26.41509433962264,3.7735849056603774,22.641509433962266,73.58490566037736,69.81132075471697,3.7735849056603774
E00072742,171,55,20,35,116,101,15,32.16374269005848,11.695906432748536,20.46783625730994,67.83625730994152,59.06432748538012,8.771929824561402
E00072743,101,30,6,24,71,64,7,29.7029702970297,5.9405940594059405,23.762376237623762,70.29702970297029,63.366336633663366,6.9306930693069315
E00072744,158,55,20,35,103,93,10,34.810126582278485,12.658227848101266,22.151898734177212,65.18987341772153,58.86075949367089,6.329113924050633
E00072745,197,46,17,29,151,125,26,23.3502538071066,8.629441624365482,14.720812182741117,76.6497461928934,63.45177664974619,13.19796954314721
E00072746,131,48,18,30,83,72,11,36.6412213740458,13.740458015267176,22.900763358778626,63.358778625954194,54.961832061068705,8.396946564885496
E00072747,116,29,11,18,87,81,6,25,9.482758620689655,15.517241379310345,75,69.82758620689656,5.172413793103448
E00072748,159,59,19,40,100,87,13,37.10691823899371,11.949685534591195,25.157232704402517,62.893081761006286,54.71698113207547,8.176100628930817
E00072749,236,63,21,42,173,159,14,26.69491525423729,8.898305084745763,17.796610169491526,73.30508474576271,67.37288135593221,5.932203389830509
E00072750,142,52,25,27,90,77,13,36.61971830985916,17.6056338028169,19.014084507042252,63.38028169014085,54.22535211267606,9.15492957746479
E00072751,138,45,15,30,93,82,11,32.608695652173914,10.869565217391305,21.73913043478261,67.3913043478261,59.42028985507246,7.971014492753622
E00072752,159,66,16,50,93,75,18,41.509433962264154,10.062893081761008,31.446540880503143,58.490566037735846,47.16981132075472,11.320754716981133
E00072753,193,65,21,44,128,116,12,33.67875647668394,10.880829015544041,22.797927461139896,66.32124352331607,60.10362694300518,6.217616580310881
E00072755,106,31,18,13,75,69,6,29.245283018867923,16.9811320754717,12.264150943396226,70.75471698113208,65.09433962264151,5.660377358490567
E00072756,155,60,25,35,95,82,13,38.70967741935484,16.129032258064516,22.58064516129032,61.29032258064516,52.903225806451616,8.38709677419355
E00072757,80,35,12,23,45,42,3,43.75,15,28.749999999999996,56.25,52.5,3.75
E00072758,147,84,59,25,63,52,11,57.14285714285714,40.136054421768705,17.006802721088434,42.857142857142854,35.374149659863946,7.482993197278912
E00072759,102,54,30,24,48,41,7,52.94117647058824,29.411764705882355,23.52941176470588,47.05882352941176,40.19607843137255,6.862745098039216
E00072760,85,25,8,17,60,48,12,29.411764705882355,9.411764705882353,20,70.58823529411765,56.470588235294116,14.117647058823529
E00072761,105,29,11,18,76,60,16,27.61904761904762,10.476190476190476,17.142857142857142,72.38095238095238,57.14285714285714,15.238095238095239
E00072762,140,48,20,28,92,82,10,34.285714285714285,14.285714285714285,20,65.71428571428571,58.57142857142858,7.142857142857142
E00072763,129,44,30,14,85,69,16,34.10852713178294,23.25581395348837,10.852713178294573,65.89147286821705,53.48837209302325,12.4031007751938
E00072764,106,22,9,13,84,64,20,20.754716981132077,8.49056603773585,12.264150943396226,79.24528301886792,60.37735849056604,18.867924528301888
E00072765,133,54,20,34,79,71,8,40.6015037593985,15.037593984962406,25.563909774436087,59.3984962406015,53.383458646616546,6.015037593984962
E00072766,162,68,31,37,94,75,19,41.9753086419753,19.1358024691358,22.839506172839506,58.0246913580247,46.2962962962963,11.728395061728394
E00072767,169,48,17,31,121,101,20,28.402366863905325,10.059171597633137,18.34319526627219,71.59763313609467,59.76331360946746,11.834319526627219
E00072768,193,58,30,28,135,118,17,30.05181347150259,15.544041450777202,14.507772020725387,69.94818652849742,61.13989637305699,8.808290155440414
E00072769,207,75,42,33,132,116,16,36.231884057971016,20.28985507246377,15.942028985507244,63.76811594202898,56.038647342995176,7.729468599033816
E00072770,142,55,26,29,87,72,15,38.732394366197184,18.30985915492958,20.422535211267608,61.267605633802816,50.70422535211267,10.56338028169014
E00072771,129,47,23,24,82,68,14,36.434108527131784,17.829457364341085,18.6046511627907,63.565891472868216,52.71317829457365,10.852713178294573
E00072772,169,49,32,17,120,104,16,28.994082840236686,18.93491124260355,10.059171597633137,71.00591715976331,61.53846153846154,9.467455621301776
E00072773,125,38,18,20,87,69,18,30.4,14.399999999999999,16,69.6,55.2,14.399999999999999
E00072774,88,20,9,11,68,56,12,22.727272727272727,10.227272727272728,12.5,77.27272727272727,63.63636363636363,13.636363636363635
E00072775,123,32,9,23,91,82,9,26.01626016260163,7.317073170731707,18.69918699186992,73.98373983739837,66.66666666666666,7.317073170731707
E00072776,141,39,17,22,102,90,12,27.659574468085108,12.056737588652481,15.602836879432624,72.3404255319149,63.829787234042556,8.51063829787234
E00072777,139,47,13,34,92,76,16,33.81294964028777,9.352517985611511,24.46043165467626,66.18705035971223,54.67625899280576,11.510791366906476
E00072778,135,52,18,34,83,71,12,38.51851851851852,13.333333333333334,25.185185185185183,61.48148148148148,52.59259259259259,8.88888888888889
E00072779,180,47,23,24,133,107,26,26.111111111111114,12.777777777777777,13.333333333333334,73.88888888888889,59.44444444444444,14.444444444444443
E00072780,159,65,24,41,94,85,9,40.88050314465409,15.09433962264151,25.78616352201258,59.11949685534591,53.459119496855344,5.660377358490567
E00072781,93,30,10,20,63,52,11,32.25806451612903,10.75268817204301,21.50537634408602,67.74193548387096,55.91397849462365,11.827956989247312
E00072782,80,34,15,19,46,38,8,42.5,18.75,23.75,57.49999999999999,47.5,10
E00072783,212,55,28,27,157,132,25,25.943396226415093,13.20754716981132,12.735849056603774,74.05660377358491,62.264150943396224,11.79245283018868
E00072784,147,56,17,39,91,77,14,38.095238095238095,11.564625850340136,26.53061224489796,61.904761904761905,52.38095238095239,9.523809523809524
E00072785,125,52,21,31,73,62,11,41.6,16.8,24.8,58.4,49.6,8.799999999999999
E00072786,171,71,34,37,100,90,10,41.52046783625731,19.883040935672515,21.637426900584796,58.47953216374269,52.63157894736842,5.847953216374268
E00072787,122,36,12,24,86,71,15,29.508196721311474,9.836065573770492,19.672131147540984,70.49180327868852,58.19672131147541,12.295081967213115
E00072788,164,57,23,34,107,93,14,34.756097560975604,14.02439024390244,20.73170731707317,65.2439024390244,56.70731707317073,8.536585365853659
E00072789,130,46,18,28,84,71,13,35.38461538461539,13.846153846153847,21.53846153846154,64.61538461538461,54.61538461538461,10
E00072790,143,46,16,30,97,85,12,32.16783216783217,11.188811188811188,20.97902097902098,67.83216783216784,59.44055944055944,8.391608391608392
E00072791,162,70,26,44,92,74,18,43.20987654320987,16.049382716049383,27.160493827160494,56.79012345679012,45.67901234567901,11.11111111111111
E00072792,99,43,15,28,56,44,12,43.43434343434344,15.151515151515152,28.28282828282828,56.56565656565656,44.44444444444444,12.121212121212121
E00072793,125,30,11,19,95,74,21,24,8.799999999999999,15.2,76,59.199999999999996,16.8
E00072794,178,58,25,33,120,99,21,32.58426966292135,14.04494382022472,18.53932584269663,67.41573033707866,55.61797752808989,11.797752808988763
E00072795,127,40,18,22,87,72,15,31.496062992125985,14.173228346456693,17.322834645669293,68.50393700787401,56.69291338582677,11.811023622047244
E00072797,138,55,26,29,83,56,27,39.85507246376812,18.84057971014493,21.014492753623188,60.14492753623188,40.57971014492754,19.565217391304348
E00072798,120,41,16,25,79,45,34,34.166666666666664,13.333333333333334,20.833333333333336,65.83333333333333,37.5,28.333333333333332
E00072799,127,41,19,22,86,70,16,32.28346456692913,14.960629921259844,17.322834645669293,67.71653543307087,55.118110236220474,12.598425196850393
E00072800,92,28,12,16,64,47,17,30.434782608695656,13.043478260869565,17.391304347826086,69.56521739130434,51.08695652173913,18.478260869565215
E00072801,129,47,20,27,82,56,26,36.434108527131784,15.503875968992247,20.930232558139537,63.565891472868216,43.41085271317829,20.155038759689923
E00072802,139,45,23,22,94,71,23,32.37410071942446,16.546762589928058,15.827338129496402,67.62589928057554,51.07913669064749,16.546762589928058
E00072803,88,36,15,21,52,39,13,40.909090909090914,17.045454545454543,23.863636363636363,59.09090909090909,44.31818181818182,14.772727272727273
E00072804,95,24,12,12,71,59,12,25.263157894736842,12.631578947368421,12.631578947368421,74.73684210526315,62.10526315789474,12.631578947368421
E00072805,141,39,14,25,102,78,24,27.659574468085108,9.929078014184398,17.73049645390071,72.3404255319149,55.319148936170215,17.02127659574468
E00072806,120,40,14,26,80,66,14,33.33333333333333,11.666666666666666,21.666666666666668,66.66666666666666,55.00000000000001,11.666666666666666
E00072807,92,24,14,10,68,58,10,26.08695652173913,15.217391304347828,10.869565217391305,73.91304347826086,63.04347826086957,10.869565217391305
E00072808,87,24,11,13,63,53,10,27.586206896551722,12.643678160919542,14.942528735632186,72.41379310344827,60.91954022988506,11.494252873563218
E00072809,135,42,21,21,93,81,12,31.11111111111111,15.555555555555555,15.555555555555555,68.88888888888889,60,8.88888888888889
E00072810,119,46,19,27,73,63,10,38.655462184873954,15.966386554621847,22.689075630252102,61.34453781512605,52.94117647058824,8.403361344537815
E00072811,115,39,11,28,76,67,9,33.91304347826087,9.565217391304348,24.347826086956523,66.08695652173913,58.26086956521739,7.82608695652174
E00072812,112,33,19,14,79,67,12,29.464285714285715,16.964285714285715,12.5,70.53571428571429,59.82142857142857,10.714285714285714
E00072813,151,58,23,35,93,76,17,38.41059602649007,15.2317880794702,23.178807947019866,61.58940397350994,50.331125827814574,11.258278145695364
E00072814,184,65,30,35,119,87,32,35.32608695652174,16.304347826086957,19.021739130434785,64.67391304347827,47.28260869565217,17.391304347826086
E00072815,143,52,21,31,91,72,19,36.36363636363637,14.685314685314685,21.678321678321677,63.63636363636363,50.349650349650354,13.286713286713287
E00072816,134,46,17,29,88,71,17,34.32835820895522,12.686567164179104,21.641791044776117,65.67164179104478,52.98507462686567,12.686567164179104
E00072817,146,34,13,21,112,90,22,23.28767123287671,8.904109589041095,14.383561643835616,76.71232876712328,61.64383561643836,15.068493150684931
E00072818,158,40,20,20,118,99,19,25.31645569620253,12.658227848101266,12.658227848101266,74.68354430379746,62.65822784810127,12.025316455696203
E00072819,158,47,17,30,111,82,29,29.746835443037973,10.759493670886076,18.9873417721519,70.25316455696202,51.89873417721519,18.354430379746837
E00072820,149,55,21,34,94,82,12,36.91275167785235,14.093959731543624,22.818791946308725,63.08724832214765,55.033557046979865,8.053691275167784
E00072821,140,48,18,30,92,75,17,34.285714285714285,12.857142857142856,21.428571428571427,65.71428571428571,53.57142857142857,12.142857142857142
E00072822,145,46,14,32,99,84,15,31.724137931034484,9.655172413793103,22.06896551724138,68.27586206896552,57.931034482758626,10.344827586206897
E00072823,78,21,8,13,57,51,6,26.923076923076923,10.256410256410255,16.666666666666664,73.07692307692307,65.38461538461539,7.6923076923076925
E00072824,145,62,22,40,83,62,21,42.758620689655174,15.172413793103448,27.586206896551722,57.24137931034483,42.758620689655174,14.482758620689657
E00072825,137,51,20,31,86,64,22,37.22627737226277,14.5985401459854,22.62773722627737,62.77372262773723,46.715328467153284,16.05839416058394
E00072826,283,84,34,50,199,175,24,29.681978798586574,12.014134275618375,17.6678445229682,70.31802120141343,61.83745583038869,8.480565371024735
E00072827,155,49,26,23,106,89,17,31.61290322580645,16.7741935483871,14.838709677419354,68.38709677419355,57.41935483870968,10.967741935483872
E00072828,195,70,26,44,125,99,26,35.8974358974359,13.333333333333334,22.564102564102566,64.1025641025641,50.76923076923077,13.333333333333334
E00072829,156,54,21,33,102,91,11,34.61538461538461,13.461538461538462,21.153846153846153,65.38461538461539,58.333333333333336,7.051282051282051
E00072830,182,73,27,46,109,92,17,40.10989010989011,14.835164835164836,25.274725274725274,59.89010989010989,50.54945054945055,9.340659340659341
E00072831,170,53,18,35,117,99,18,31.176470588235293,10.588235294117647,20.588235294117645,68.82352941176471,58.235294117647065,10.588235294117647
E00072832,210,82,36,46,128,95,33,39.04761904761905,17.142857142857142,21.904761904761905,60.952380952380956,45.23809523809524,15.714285714285714
E00072833,277,86,30,56,191,162,29,31.046931407942242,10.830324909747292,20.216606498194945,68.95306859205776,58.48375451263538,10.469314079422382
E00072834,156,58,31,27,98,65,33,37.17948717948718,19.871794871794872,17.307692307692307,62.82051282051282,41.66666666666667,21.153846153846153
E00072835,147,53,19,34,94,70,24,36.054421768707485,12.925170068027212,23.12925170068027,63.94557823129252,47.61904761904761,16.3265306122449
E00072836,142,48,25,23,94,74,20,33.80281690140845,17.6056338028169,16.19718309859155,66.19718309859155,52.112676056338024,14.084507042253522
E00072837,259,79,38,41,180,138,42,30.501930501930502,14.671814671814673,15.83011583011583,69.4980694980695,53.28185328185329,16.216216216216218
E00072838,249,60,23,37,189,165,24,24.096385542168676,9.236947791164658,14.859437751004014,75.90361445783132,66.26506024096386,9.63855421686747
E00072839,215,79,24,55,136,117,19,36.74418604651163,11.162790697674419,25.581395348837212,63.25581395348837,54.418604651162795,8.837209302325581
E00072840,164,51,20,31,113,97,16,31.097560975609756,12.195121951219512,18.902439024390244,68.90243902439023,59.14634146341463,9.75609756097561
E00072841,199,61,16,45,138,119,19,30.65326633165829,8.040201005025125,22.613065326633166,69.34673366834171,59.798994974874375,9.547738693467336
E00072842,177,56,19,37,121,106,15,31.63841807909605,10.734463276836157,20.903954802259886,68.36158192090396,59.887005649717516,8.47457627118644
E00072844,138,54,21,33,84,69,15,39.130434782608695,15.217391304347828,23.91304347826087,60.86956521739131,50,10.869565217391305
E00072845,159,48,17,31,111,95,16,30.18867924528302,10.69182389937107,19.49685534591195,69.81132075471697,59.74842767295597,10.062893081761008
E00072846,160,56,22,34,104,92,12,35,13.750000000000002,21.25,65,57.49999999999999,7.5
E00072847,145,32,10,22,113,105,8,22.06896551724138,6.896551724137931,15.172413793103448,77.93103448275862,72.41379310344827,5.517241379310345
E00072848,145,43,14,29,102,88,14,29.655172413793103,9.655172413793103,20,70.34482758620689,60.689655172413794,9.655172413793103
E00072849,133,45,17,28,88,74,14,33.83458646616541,12.781954887218044,21.052631578947366,66.16541353383458,55.639097744360896,10.526315789473683
E00072850,117,40,11,29,77,68,9,34.18803418803419,9.401709401709402,24.786324786324787,65.8119658119658,58.119658119658126,7.6923076923076925
E00072851,109,41,13,28,68,60,8,37.61467889908257,11.926605504587156,25.688073394495415,62.38532110091744,55.04587155963303,7.339449541284404
E00072852,216,67,17,50,149,130,19,31.01851851851852,7.87037037037037,23.14814814814815,68.98148148148148,60.18518518518518,8.796296296296296
E00072853,131,44,13,31,87,74,13,33.587786259541986,9.923664122137405,23.66412213740458,66.41221374045801,56.48854961832062,9.923664122137405
E00072854,247,60,19,41,187,164,23,24.291497975708502,7.6923076923076925,16.599190283400812,75.7085020242915,66.39676113360325,9.31174089068826
E00072855,111,32,13,19,79,71,8,28.82882882882883,11.711711711711711,17.117117117117118,71.17117117117117,63.96396396396396,7.207207207207207
E00072856,154,42,9,33,112,102,10,27.27272727272727,5.844155844155844,21.428571428571427,72.72727272727273,66.23376623376623,6.493506493506493
E00072857,277,85,27,58,192,158,34,30.685920577617328,9.747292418772563,20.938628158844764,69.31407942238266,57.03971119133574,12.274368231046932
E00072858,162,57,18,39,105,92,13,35.18518518518518,11.11111111111111,24.074074074074073,64.81481481481481,56.79012345679012,8.024691358024691
E00072859,172,60,13,47,112,100,12,34.883720930232556,7.55813953488372,27.325581395348834,65.11627906976744,58.139534883720934,6.976744186046512
E00072860,129,45,28,17,84,74,10,34.883720930232556,21.705426356589147,13.178294573643413,65.11627906976744,57.36434108527132,7.751937984496124
E00072861,217,77,23,54,140,120,20,35.483870967741936,10.599078341013826,24.88479262672811,64.51612903225806,55.29953917050692,9.216589861751153
E00072862,118,38,11,27,80,76,4,32.20338983050847,9.322033898305085,22.88135593220339,67.79661016949152,64.40677966101694,3.389830508474576
E00072864,113,29,8,21,84,65,19,25.663716814159294,7.079646017699115,18.58407079646018,74.33628318584071,57.52212389380531,16.8141592920354
E00072865,186,64,23,41,122,104,18,34.40860215053764,12.365591397849462,22.043010752688172,65.59139784946237,55.91397849462365,9.67741935483871
E00072866,156,47,12,35,109,93,16,30.128205128205128,7.6923076923076925,22.435897435897438,69.87179487179486,59.61538461538461,10.256410256410255
E00072867,203,75,27,48,128,109,19,36.94581280788177,13.30049261083744,23.645320197044335,63.05418719211823,53.69458128078818,9.35960591133005
E00072868,150,55,16,39,95,85,10,36.666666666666664,10.666666666666668,26,63.33333333333333,56.666666666666664,6.666666666666667
E00072869,100,42,11,31,58,51,7,42,11,31,57.99999999999999,51,7.000000000000001
E00072870,142,49,21,28,93,82,11,34.50704225352113,14.788732394366196,19.718309859154928,65.49295774647888,57.74647887323944,7.746478873239436
E00072871,177,68,32,36,109,85,24,38.4180790960452,18.07909604519774,20.33898305084746,61.5819209039548,48.0225988700565,13.559322033898304
E00072872,137,45,13,32,92,80,12,32.846715328467155,9.48905109489051,23.357664233576642,67.15328467153284,58.3941605839416,8.75912408759124
E00072873,122,36,19,17,86,67,19,29.508196721311474,15.573770491803279,13.934426229508196,70.49180327868852,54.91803278688525,15.573770491803279
E00072874,108,24,8,16,84,81,3,22.22222222222222,7.4074074074074066,14.814814814814813,77.77777777777779,75,2.7777777777777777
E00072875,126,50,20,30,76,66,10,39.682539682539684,15.873015873015872,23.809523809523807,60.317460317460316,52.38095238095239,7.936507936507936
E00072876,75,34,10,24,41,35,6,45.33333333333333,13.333333333333334,32,54.666666666666664,46.666666666666664,8
E00072877,142,42,13,29,100,79,21,29.577464788732392,9.15492957746479,20.422535211267608,70.4225352112676,55.633802816901415,14.788732394366196
E00072878,124,35,9,26,89,69,20,28.225806451612907,7.258064516129033,20.967741935483872,71.7741935483871,55.64516129032258,16.129032258064516
E00072879,192,63,28,35,129,106,23,32.8125,14.583333333333334,18.229166666666664,67.1875,55.208333333333336,11.979166666666668
E00072880,183,68,26,42,115,95,20,37.15846994535519,14.207650273224044,22.950819672131146,62.841530054644814,51.91256830601093,10.92896174863388
E00072881,166,57,32,25,109,85,24,34.33734939759036,19.27710843373494,15.060240963855422,65.66265060240963,51.204819277108435,14.457831325301203
E00072882,131,45,16,29,86,71,15,34.35114503816794,12.213740458015266,22.137404580152673,65.64885496183206,54.19847328244275,11.450381679389313
E00072883,145,41,8,33,104,97,7,28.27586206896552,5.517241379310345,22.758620689655174,71.72413793103448,66.89655172413794,4.827586206896552
E00072884,99,35,9,26,64,56,8,35.35353535353536,9.090909090909092,26.262626262626267,64.64646464646465,56.56565656565656,8.080808080808081
E00072885,178,69,21,48,109,92,17,38.764044943820224,11.797752808988763,26.96629213483146,61.23595505617978,51.68539325842697,9.550561797752808
E00072886,161,60,29,31,101,90,11,37.267080745341616,18.012422360248447,19.25465838509317,62.732919254658384,55.90062111801242,6.832298136645963
E00072887,130,42,21,21,88,72,16,32.30769230769231,16.153846153846153,16.153846153846153,67.6923076923077,55.38461538461539,12.307692307692308
E00072888,216,82,31,51,134,115,19,37.96296296296296,14.351851851851851,23.61111111111111,62.03703703703704,53.24074074074075,8.796296296296296
E00072889,147,41,14,27,106,93,13,27.89115646258503,9.523809523809524,18.367346938775512,72.10884353741497,63.26530612244898,8.843537414965986
E00072890,180,66,21,45,114,104,10,36.666666666666664,11.666666666666666,25,63.33333333333333,57.77777777777777,5.555555555555555
E00072891,156,43,15,28,113,97,16,27.564102564102566,9.615384615384617,17.94871794871795,72.43589743589743,62.17948717948718,10.256410256410255
E00072892,172,62,27,35,110,98,12,36.04651162790697,15.69767441860465,20.348837209302324,63.95348837209303,56.97674418604651,6.976744186046512
E00072894,105,37,14,23,68,56,12,35.23809523809524,13.333333333333334,21.904761904761905,64.76190476190476,53.333333333333336,11.428571428571429
E00072895,98,35,20,15,63,59,4,35.714285714285715,20.408163265306122,15.306122448979592,64.28571428571429,60.204081632653065,4.081632653061225
E00072896,183,60,19,41,123,101,22,32.78688524590164,10.382513661202186,22.404371584699454,67.21311475409836,55.19125683060109,12.021857923497267
E00072897,173,62,19,43,111,103,8,35.83815028901734,10.982658959537572,24.85549132947977,64.16184971098265,59.53757225433526,4.624277456647398
E00072898,173,65,27,38,108,96,12,37.57225433526011,15.606936416184972,21.965317919075144,62.42774566473989,55.49132947976878,6.9364161849710975
E00072899,192,67,27,40,125,111,14,34.89583333333333,14.0625,20.833333333333336,65.10416666666666,57.8125,7.291666666666667
E00072900,164,62,13,49,102,83,19,37.80487804878049,7.926829268292683,29.878048780487802,62.19512195121951,50.609756097560975,11.585365853658537
E00072901,168,72,24,48,96,92,4,42.857142857142854,14.285714285714285,28.57142857142857,57.14285714285714,54.761904761904766,2.380952380952381
E00072902,116,42,10,32,74,68,6,36.206896551724135,8.620689655172415,27.586206896551722,63.793103448275865,58.620689655172406,5.172413793103448
E00072903,131,50,16,34,81,73,8,38.16793893129771,12.213740458015266,25.954198473282442,61.832061068702295,55.72519083969466,6.106870229007633
E00072904,139,59,25,34,80,74,6,42.44604316546763,17.985611510791365,24.46043165467626,57.55395683453237,53.23741007194245,4.316546762589928
E00072905,169,66,22,44,103,89,14,39.053254437869825,13.017751479289942,26.035502958579883,60.946745562130175,52.662721893491124,8.284023668639055
E00072906,159,74,32,42,85,75,10,46.540880503144656,20.125786163522015,26.41509433962264,53.459119496855344,47.16981132075472,6.289308176100629
E00072907,129,45,17,28,84,71,13,34.883720930232556,13.178294573643413,21.705426356589147,65.11627906976744,55.03875968992248,10.077519379844961
E00072908,149,56,30,26,93,75,18,37.58389261744966,20.13422818791946,17.449664429530202,62.41610738255034,50.33557046979866,12.080536912751679
E00072909,147,45,12,33,102,88,14,30.612244897959183,8.16326530612245,22.448979591836736,69.38775510204081,59.863945578231295,9.523809523809524
E00072910,109,48,35,13,61,54,7,44.03669724770643,32.11009174311927,11.926605504587156,55.96330275229357,49.54128440366973,6.422018348623854
E00072911,111,53,33,20,58,46,12,47.74774774774775,29.72972972972973,18.01801801801802,52.25225225225225,41.44144144144144,10.81081081081081
E00072912,132,61,31,30,71,66,5,46.21212121212121,23.484848484848484,22.727272727272727,53.78787878787878,50,3.787878787878788
E00072913,144,62,40,22,82,71,11,43.05555555555556,27.77777777777778,15.277777777777779,56.94444444444444,49.30555555555556,7.638888888888889
E00072914,120,65,38,27,55,50,5,54.166666666666664,31.666666666666664,22.5,45.83333333333333,41.66666666666667,4.166666666666666
E00072915,132,65,42,23,67,61,6,49.24242424242424,31.818181818181817,17.424242424242426,50.75757575757576,46.21212121212121,4.545454545454546
E00072916,163,73,41,32,90,79,11,44.785276073619634,25.153374233128833,19.631901840490798,55.21472392638037,48.466257668711656,6.748466257668712
E00072917,117,43,18,25,74,63,11,36.75213675213676,15.384615384615385,21.367521367521366,63.24786324786324,53.84615384615385,9.401709401709402
E00072918,99,28,11,17,71,66,5,28.28282828282828,11.11111111111111,17.17171717171717,71.71717171717171,66.66666666666666,5.05050505050505
E00072919,108,34,11,23,74,60,14,31.48148148148148,10.185185185185185,21.296296296296298,68.51851851851852,55.55555555555556,12.962962962962962
E00072920,121,42,13,29,79,72,7,34.710743801652896,10.743801652892563,23.96694214876033,65.28925619834712,59.50413223140496,5.785123966942149
E00072921,105,42,16,26,63,60,3,40,15.238095238095239,24.761904761904763,60,57.14285714285714,2.857142857142857
E00072922,170,71,30,41,99,87,12,41.76470588235294,17.647058823529413,24.11764705882353,58.235294117647065,51.17647058823529,7.0588235294117645
E00072923,131,45,20,25,86,76,10,34.35114503816794,15.267175572519085,19.083969465648856,65.64885496183206,58.01526717557252,7.633587786259542
E00072924,152,46,24,22,106,96,10,30.263157894736842,15.789473684210526,14.473684210526317,69.73684210526315,63.1578947368421,6.578947368421052
E00072925,151,49,24,25,102,86,16,32.450331125827816,15.894039735099339,16.55629139072848,67.54966887417218,56.95364238410596,10.596026490066226
E00072926,263,75,24,51,188,160,28,28.517110266159694,9.125475285171103,19.39163498098859,71.48288973384031,60.836501901140686,10.646387832699618
E00072927,274,70,21,49,204,172,32,25.547445255474454,7.664233576642336,17.88321167883212,74.45255474452554,62.77372262773723,11.678832116788321
E00072930,179,69,22,47,110,96,14,38.547486033519554,12.290502793296088,26.256983240223462,61.452513966480446,53.63128491620112,7.82122905027933
E00072931,183,49,18,31,134,115,19,26.775956284153008,9.836065573770492,16.939890710382514,73.224043715847,62.841530054644814,10.382513661202186
E00072932,133,46,14,32,87,80,7,34.58646616541353,10.526315789473683,24.06015037593985,65.41353383458647,60.150375939849624,5.263157894736842
E00072933,93,32,10,22,61,60,1,34.40860215053764,10.75268817204301,23.655913978494624,65.59139784946237,64.51612903225806,1.0752688172043012
E00072934,171,51,17,34,120,106,14,29.82456140350877,9.941520467836257,19.883040935672515,70.17543859649122,61.98830409356725,8.187134502923977
E00072935,116,46,17,29,70,61,9,39.6551724137931,14.655172413793101,25,60.3448275862069,52.58620689655172,7.758620689655173
E00072936,151,53,22,31,98,80,18,35.099337748344375,14.56953642384106,20.52980132450331,64.90066225165563,52.980132450331126,11.920529801324504
E00072937,155,53,20,33,102,84,18,34.193548387096776,12.903225806451612,21.29032258064516,65.80645161290323,54.19354838709678,11.612903225806452
E00072938,134,41,14,27,93,83,10,30.597014925373134,10.44776119402985,20.149253731343283,69.40298507462687,61.940298507462686,7.462686567164178
E00072940,139,51,20,31,88,69,19,36.69064748201439,14.388489208633093,22.302158273381295,63.30935251798561,49.64028776978417,13.66906474820144
E00072941,109,35,13,22,74,64,10,32.11009174311927,11.926605504587156,20.18348623853211,67.88990825688074,58.71559633027523,9.174311926605505
E00072942,140,43,9,34,97,84,13,30.714285714285715,6.428571428571428,24.285714285714285,69.28571428571428,60,9.285714285714286
E00072943,270,89,34,55,181,154,27,32.96296296296296,12.592592592592592,20.37037037037037,67.03703703703704,57.03703703703704,10
E00072944,200,70,28,42,130,122,8,35,14.000000000000002,21,65,61,4
E00072945,160,42,10,32,118,109,9,26.25,6.25,20,73.75,68.125,5.625
E00072946,173,40,10,30,133,114,19,23.121387283236995,5.780346820809249,17.341040462427745,76.878612716763,65.89595375722543,10.982658959537572
E00072947,88,31,12,19,57,47,10,35.22727272727273,13.636363636363635,21.59090909090909,64.77272727272727,53.40909090909091,11.363636363636363
E00072948,298,94,28,66,204,174,30,31.543624161073826,9.395973154362416,22.14765100671141,68.45637583892618,58.38926174496645,10.06711409395973
E00072949,171,56,19,37,115,104,11,32.748538011695906,11.11111111111111,21.637426900584796,67.2514619883041,60.81871345029239,6.432748538011696
E00072950,194,72,25,47,122,103,19,37.11340206185567,12.886597938144329,24.22680412371134,62.88659793814433,53.09278350515464,9.793814432989691
E00072951,219,77,28,49,142,127,15,35.15981735159817,12.785388127853881,22.37442922374429,64.84018264840182,57.99086757990868,6.8493150684931505
E00072952,186,69,24,45,117,100,17,37.096774193548384,12.903225806451612,24.193548387096776,62.903225806451616,53.76344086021505,9.13978494623656
E00072953,133,46,13,33,87,76,11,34.58646616541353,9.774436090225564,24.81203007518797,65.41353383458647,57.14285714285714,8.270676691729323
E00072954,94,34,15,19,60,57,3,36.17021276595745,15.957446808510639,20.212765957446805,63.829787234042556,60.63829787234043,3.1914893617021276
E00072955,85,36,11,25,49,44,5,42.35294117647059,12.941176470588237,29.411764705882355,57.647058823529406,51.76470588235295,5.88235294117647
E00072956,178,66,28,38,112,93,19,37.07865168539326,15.730337078651685,21.34831460674157,62.92134831460674,52.24719101123596,10.674157303370785
E00072957,173,57,15,42,116,105,11,32.947976878612714,8.670520231213873,24.277456647398843,67.05202312138728,60.69364161849711,6.358381502890173
E00072958,134,52,22,30,82,70,12,38.80597014925373,16.417910447761194,22.388059701492537,61.19402985074627,52.23880597014925,8.955223880597014
E00072959,97,32,9,23,65,51,14,32.98969072164948,9.278350515463918,23.711340206185564,67.0103092783505,52.57731958762887,14.432989690721648
E00072960,119,42,11,31,77,68,9,35.294117647058826,9.243697478991598,26.05042016806723,64.70588235294117,57.14285714285714,7.563025210084033
E00072961,160,50,19,31,110,97,13,31.25,11.875,19.375,68.75,60.62499999999999,8.125
E00072962,169,61,20,41,108,103,5,36.09467455621302,11.834319526627219,24.2603550295858,63.905325443786985,60.946745562130175,2.9585798816568047
E00072963,140,44,18,26,96,81,15,31.428571428571427,12.857142857142856,18.571428571428573,68.57142857142857,57.85714285714286,10.714285714285714
E00072964,146,54,24,30,92,69,23,36.986301369863014,16.43835616438356,20.54794520547945,63.013698630136986,47.26027397260274,15.753424657534246
E00072965,172,61,24,37,111,88,23,35.46511627906977,13.953488372093023,21.511627906976745,64.53488372093024,51.162790697674424,13.372093023255813
E00072966,181,51,17,34,130,111,19,28.176795580110497,9.392265193370166,18.784530386740332,71.8232044198895,61.32596685082873,10.497237569060774
E00072967,162,52,20,32,110,90,20,32.098765432098766,12.345679012345679,19.753086419753085,67.90123456790124,55.55555555555556,12.345679012345679
E00072968,182,58,20,38,124,102,22,31.868131868131865,10.989010989010989,20.87912087912088,68.13186813186813,56.043956043956044,12.087912087912088
E00072970,185,62,22,40,123,112,11,33.513513513513516,11.891891891891893,21.62162162162162,66.48648648648648,60.54054054054055,5.9459459459459465
E00072971,128,39,15,24,89,79,10,30.46875,11.71875,18.75,69.53125,61.71875,7.8125
E00072972,82,19,6,13,63,51,12,23.170731707317074,7.317073170731707,15.853658536585366,76.82926829268293,62.19512195121951,14.634146341463413
E00072973,182,46,20,26,136,113,23,25.274725274725274,10.989010989010989,14.285714285714285,74.72527472527473,62.08791208791209,12.637362637362637
E00072974,193,68,35,33,125,109,16,35.233160621761655,18.134715025906736,17.098445595854923,64.76683937823834,56.476683937823836,8.290155440414509
E00072975,195,68,25,43,127,99,28,34.87179487179487,12.82051282051282,22.05128205128205,65.12820512820512,50.76923076923077,14.358974358974358
E00072976,160,46,13,33,114,96,18,28.749999999999996,8.125,20.625,71.25,60,11.25
E00072977,191,67,27,40,124,105,19,35.07853403141361,14.136125654450263,20.94240837696335,64.92146596858639,54.973821989528794,9.947643979057592
E00072978,228,70,15,55,158,136,22,30.701754385964914,6.578947368421052,24.12280701754386,69.2982456140351,59.64912280701754,9.649122807017543
E00072980,120,47,16,31,73,59,14,39.166666666666664,13.333333333333334,25.833333333333336,60.83333333333333,49.166666666666664,11.666666666666666
E00072981,99,33,11,22,66,58,8,33.33333333333333,11.11111111111111,22.22222222222222,66.66666666666666,58.58585858585859,8.080808080808081
E00072982,235,71,15,56,164,132,32,30.21276595744681,6.382978723404255,23.829787234042556,69.7872340425532,56.17021276595745,13.617021276595745
E00072983,139,43,12,31,96,81,15,30.935251798561154,8.633093525179856,22.302158273381295,69.06474820143885,58.27338129496403,10.79136690647482
E00072984,165,53,22,31,112,97,15,32.121212121212125,13.333333333333334,18.787878787878785,67.87878787878789,58.78787878787879,9.090909090909092
E00072985,250,70,19,51,180,163,17,28.000000000000004,7.6,20.4,72,65.2,6.800000000000001
E00072986,196,70,28,42,126,113,13,35.714285714285715,14.285714285714285,21.428571428571427,64.28571428571429,57.6530612244898,6.63265306122449
E00072987,158,45,15,30,113,96,17,28.48101265822785,9.49367088607595,18.9873417721519,71.51898734177216,60.75949367088608,10.759493670886076
E00072988,119,53,27,26,66,56,10,44.537815126050425,22.689075630252102,21.84873949579832,55.46218487394958,47.05882352941176,8.403361344537815
E00072989,143,46,15,31,97,78,19,32.16783216783217,10.48951048951049,21.678321678321677,67.83216783216784,54.54545454545454,13.286713286713287
E00072990,187,75,37,38,112,91,21,40.106951871657756,19.786096256684495,20.32085561497326,59.893048128342244,48.663101604278076,11.229946524064172
E00072991,121,37,16,21,84,75,9,30.57851239669421,13.223140495867769,17.355371900826448,69.42148760330579,61.98347107438017,7.43801652892562
E00072992,182,64,33,31,118,99,19,35.16483516483517,18.13186813186813,17.032967032967033,64.83516483516483,54.395604395604394,10.43956043956044
E00072993,164,58,20,38,106,85,21,35.36585365853659,12.195121951219512,23.170731707317074,64.63414634146342,51.829268292682926,12.804878048780488
E00072994,113,38,16,22,75,66,9,33.6283185840708,14.15929203539823,19.469026548672566,66.3716814159292,58.4070796460177,7.964601769911504
E00072995,84,29,10,19,55,49,6,34.523809523809526,11.904761904761903,22.61904761904762,65.47619047619048,58.333333333333336,7.142857142857142
E00072996,114,38,11,27,76,63,13,33.33333333333333,9.649122807017543,23.684210526315788,66.66666666666666,55.26315789473685,11.403508771929824
E00072997,155,63,28,35,92,72,20,40.64516129032258,18.064516129032256,22.58064516129032,59.354838709677416,46.45161290322581,12.903225806451612
E00072998,185,70,20,50,115,91,24,37.83783783783784,10.81081081081081,27.027027027027028,62.16216216216216,49.18918918918919,12.972972972972974
E00072999,146,61,21,40,85,69,16,41.78082191780822,14.383561643835616,27.397260273972602,58.21917808219178,47.26027397260274,10.95890410958904
E00073000,154,55,18,37,99,85,14,35.714285714285715,11.688311688311687,24.025974025974026,64.28571428571429,55.1948051948052,9.090909090909092
E00073001,149,55,21,34,94,83,11,36.91275167785235,14.093959731543624,22.818791946308725,63.08724832214765,55.70469798657718,7.38255033557047
E00073002,136,61,30,31,75,62,13,44.85294117647059,22.058823529411764,22.794117647058822,55.14705882352941,45.588235294117645,9.558823529411764
E00073003,121,42,10,32,79,71,8,34.710743801652896,8.264462809917356,26.446280991735538,65.28925619834712,58.67768595041323,6.6115702479338845
E00073004,138,52,22,30,86,76,10,37.68115942028986,15.942028985507244,21.73913043478261,62.31884057971014,55.072463768115945,7.246376811594203
E00073005,162,67,16,51,95,78,17,41.358024691358025,9.876543209876543,31.48148148148148,58.64197530864198,48.148148148148145,10.493827160493826
E00073006,158,50,18,32,108,97,11,31.645569620253166,11.39240506329114,20.253164556962027,68.35443037974683,61.39240506329114,6.962025316455696
E00073007,111,43,10,33,68,60,8,38.73873873873874,9.00900900900901,29.72972972972973,61.261261261261254,54.054054054054056,7.207207207207207
E00073008,132,44,21,23,88,69,19,33.33333333333333,15.909090909090908,17.424242424242426,66.66666666666666,52.27272727272727,14.393939393939394
E00073009,124,44,14,30,80,65,15,35.483870967741936,11.29032258064516,24.193548387096776,64.51612903225806,52.41935483870967,12.096774193548388
E00073010,128,55,18,37,73,65,8,42.96875,14.0625,28.90625,57.03125,50.78125,6.25
E00073011,135,49,24,25,86,77,9,36.2962962962963,17.77777777777778,18.51851851851852,63.70370370370371,57.03703703703704,6.666666666666667
E00073012,149,44,18,26,105,92,13,29.53020134228188,12.080536912751679,17.449664429530202,70.46979865771812,61.74496644295302,8.724832214765101
E00073013,173,55,23,32,118,107,11,31.79190751445087,13.294797687861271,18.497109826589593,68.20809248554913,61.849710982658955,6.358381502890173
E00073014,173,52,14,38,121,101,20,30.057803468208093,8.092485549132949,21.965317919075144,69.94219653179191,58.38150289017341,11.560693641618498
E00073015,140,44,17,27,96,87,9,31.428571428571427,12.142857142857142,19.28571428571429,68.57142857142857,62.142857142857146,6.428571428571428
E00073016,137,46,15,31,91,82,9,33.57664233576642,10.948905109489052,22.62773722627737,66.42335766423358,59.854014598540154,6.569343065693431
E00073017,117,47,14,33,70,60,10,40.17094017094017,11.965811965811966,28.205128205128204,59.82905982905983,51.28205128205128,8.547008547008547
E00073018,161,67,28,39,94,88,6,41.61490683229814,17.391304347826086,24.22360248447205,58.38509316770186,54.6583850931677,3.7267080745341614
E00073019,84,27,8,19,57,50,7,32.142857142857146,9.523809523809524,22.61904761904762,67.85714285714286,59.523809523809526,8.333333333333332
E00073020,91,37,13,24,54,44,10,40.65934065934066,14.285714285714285,26.373626373626376,59.34065934065934,48.35164835164835,10.989010989010989
E00073021,97,28,8,20,69,58,11,28.865979381443296,8.24742268041237,20.618556701030926,71.1340206185567,59.79381443298969,11.34020618556701
E00073022,57,22,9,13,35,27,8,38.59649122807017,15.789473684210526,22.807017543859647,61.40350877192983,47.368421052631575,14.035087719298245
E00073023,148,40,20,20,108,83,25,27.027027027027028,13.513513513513514,13.513513513513514,72.97297297297297,56.08108108108109,16.89189189189189
E00073024,98,38,17,21,60,52,8,38.775510204081634,17.346938775510203,21.428571428571427,61.224489795918366,53.06122448979592,8.16326530612245
E00073025,190,60,18,42,130,111,19,31.57894736842105,9.473684210526317,22.105263157894736,68.42105263157895,58.42105263157895,10
E00073026,87,32,12,20,55,44,11,36.7816091954023,13.793103448275861,22.988505747126435,63.2183908045977,50.57471264367817,12.643678160919542
E00073027,157,55,17,38,102,76,26,35.03184713375796,10.828025477707007,24.203821656050955,64.96815286624204,48.40764331210191,16.560509554140125
E00073028,175,65,21,44,110,92,18,37.142857142857146,12,25.142857142857146,62.857142857142854,52.57142857142857,10.285714285714285
E00073029,117,42,12,30,75,68,7,35.8974358974359,10.256410256410255,25.64102564102564,64.1025641025641,58.119658119658126,5.982905982905983
E00073030,156,56,23,33,100,88,12,35.8974358974359,14.743589743589745,21.153846153846153,64.1025641025641,56.41025641025641,7.6923076923076925
E00073031,126,51,14,37,75,75,0,40.476190476190474,11.11111111111111,29.365079365079367,59.523809523809526,59.523809523809526,0
E00073032,166,59,25,34,107,95,12,35.54216867469879,15.060240963855422,20.481927710843372,64.45783132530121,57.22891566265061,7.228915662650602
E00073033,125,42,16,26,83,79,4,33.6,12.8,20.8,66.4,63.2,3.2
E00073034,113,42,17,25,71,62,9,37.16814159292036,15.04424778761062,22.123893805309734,62.83185840707964,54.86725663716814,7.964601769911504
E00073035,122,45,17,28,77,69,8,36.885245901639344,13.934426229508196,22.950819672131146,63.114754098360656,56.557377049180324,6.557377049180328
E00073036,150,58,15,43,92,85,7,38.666666666666664,10,28.666666666666668,61.33333333333333,56.666666666666664,4.666666666666667
E00073037,130,47,15,32,83,75,8,36.15384615384615,11.538461538461538,24.615384615384617,63.84615384615384,57.692307692307686,6.153846153846154
E00073038,163,66,20,46,97,91,6,40.49079754601227,12.269938650306749,28.22085889570552,59.50920245398773,55.828220858895705,3.6809815950920246
E00073039,110,35,9,26,75,73,2,31.818181818181817,8.181818181818182,23.636363636363637,68.18181818181817,66.36363636363637,1.8181818181818181
E00073040,110,39,8,31,71,60,11,35.45454545454545,7.2727272727272725,28.18181818181818,64.54545454545455,54.54545454545454,10
E00073041,131,56,24,32,75,70,5,42.74809160305343,18.3206106870229,24.427480916030532,57.25190839694656,53.43511450381679,3.816793893129771
E00073042,159,64,20,44,95,86,9,40.25157232704403,12.578616352201259,27.67295597484277,59.74842767295597,54.088050314465406,5.660377358490567
E00073043,197,68,30,38,129,113,16,34.51776649746193,15.228426395939088,19.289340101522843,65.48223350253807,57.360406091370564,8.121827411167512
E00073044,88,47,21,26,41,37,4,53.40909090909091,23.863636363636363,29.545454545454547,46.590909090909086,42.04545454545455,4.545454545454546
E00073045,129,55,31,24,74,68,6,42.63565891472868,24.031007751937985,18.6046511627907,57.36434108527132,52.71317829457365,4.651162790697675
E00073046,149,53,24,29,96,88,8,35.57046979865772,16.10738255033557,19.463087248322147,64.42953020134227,59.06040268456376,5.369127516778524
E00073047,107,35,8,27,72,68,4,32.71028037383177,7.476635514018691,25.233644859813083,67.28971962616822,63.55140186915887,3.7383177570093453
E00073048,146,74,37,37,72,65,7,50.68493150684932,25.34246575342466,25.34246575342466,49.31506849315068,44.52054794520548,4.794520547945205
E00073049,129,39,11,28,90,70,20,30.23255813953488,8.527131782945736,21.705426356589147,69.76744186046511,54.263565891472865,15.503875968992247
E00073050,162,65,17,48,97,78,19,40.123456790123456,10.493827160493826,29.629629629629626,59.876543209876544,48.148148148148145,11.728395061728394
E00073051,126,44,20,24,82,70,12,34.92063492063492,15.873015873015872,19.047619047619047,65.07936507936508,55.55555555555556,9.523809523809524
E00073052,135,53,22,31,82,69,13,39.25925925925926,16.296296296296298,22.962962962962962,60.74074074074074,51.11111111111111,9.62962962962963
E00073053,165,46,18,28,119,100,19,27.878787878787882,10.909090909090908,16.969696969696972,72.12121212121212,60.60606060606061,11.515151515151516
E00073054,152,54,27,27,98,88,10,35.526315789473685,17.763157894736842,17.763157894736842,64.47368421052632,57.89473684210527,6.578947368421052
E00073055,123,38,11,27,85,69,16,30.89430894308943,8.94308943089431,21.951219512195124,69.10569105691057,56.09756097560976,13.008130081300814
E00073056,217,48,20,28,169,144,25,22.119815668202765,9.216589861751153,12.903225806451612,77.88018433179722,66.3594470046083,11.52073732718894
E00073057,125,47,17,30,78,59,19,37.6,13.600000000000001,24,62.4,47.199999999999996,15.2
E00073058,167,52,21,31,115,99,16,31.137724550898206,12.574850299401197,18.562874251497004,68.8622754491018,59.281437125748504,9.580838323353294
E00073059,161,78,29,49,83,76,7,48.4472049689441,18.012422360248447,30.434782608695656,51.5527950310559,47.20496894409938,4.3478260869565215
E00073060,174,57,15,42,117,92,25,32.758620689655174,8.620689655172415,24.137931034482758,67.24137931034483,52.87356321839081,14.367816091954023
E00073061,111,34,8,26,77,71,6,30.630630630630627,7.207207207207207,23.423423423423422,69.36936936936937,63.96396396396396,5.405405405405405
E00073062,108,45,14,31,63,49,14,41.66666666666667,12.962962962962962,28.703703703703702,58.333333333333336,45.370370370370374,12.962962962962962
E00073063,96,24,10,14,72,63,9,25,10.416666666666668,14.583333333333334,75,65.625,9.375
E00073064,147,43,17,26,104,94,10,29.25170068027211,11.564625850340136,17.687074829931973,70.74829931972789,63.94557823129252,6.802721088435375
E00073065,133,44,21,23,89,71,18,33.08270676691729,15.789473684210526,17.293233082706767,66.9172932330827,53.383458646616546,13.533834586466165
E00073066,139,45,13,32,94,84,10,32.37410071942446,9.352517985611511,23.021582733812952,67.62589928057554,60.431654676258994,7.1942446043165464
E00073067,174,62,21,41,112,96,16,35.63218390804598,12.068965517241379,23.563218390804597,64.36781609195403,55.172413793103445,9.195402298850574
E00073068,170,62,23,39,108,97,11,36.470588235294116,13.529411764705882,22.941176470588236,63.52941176470588,57.05882352941176,6.470588235294119
E00073069,109,43,14,29,66,50,16,39.44954128440367,12.844036697247708,26.605504587155966,60.550458715596335,45.87155963302752,14.678899082568808
E00073070,137,40,20,20,97,84,13,29.1970802919708,14.5985401459854,14.5985401459854,70.8029197080292,61.31386861313869,9.48905109489051
E00073071,184,54,19,35,130,118,12,29.347826086956523,10.326086956521738,19.021739130434785,70.65217391304348,64.13043478260869,6.521739130434782
E00073072,165,54,15,39,111,85,26,32.72727272727273,9.090909090909092,23.636363636363637,67.27272727272727,51.515151515151516,15.757575757575756
E00073073,151,54,20,34,97,80,17,35.76158940397351,13.245033112582782,22.516556291390728,64.23841059602648,52.980132450331126,11.258278145695364
E00073074,150,50,12,38,100,90,10,33.33333333333333,8,25.333333333333336,66.66666666666666,60,6.666666666666667
E00073075,107,39,13,26,68,59,9,36.44859813084112,12.149532710280374,24.299065420560748,63.55140186915887,55.140186915887845,8.411214953271028
E00073076,142,48,22,26,94,76,18,33.80281690140845,15.492957746478872,18.30985915492958,66.19718309859155,53.52112676056338,12.676056338028168
E00073077,170,43,12,31,127,112,15,25.294117647058822,7.0588235294117645,18.235294117647058,74.70588235294117,65.88235294117646,8.823529411764707
E00073078,181,56,13,43,125,108,17,30.939226519337016,7.18232044198895,23.756906077348066,69.06077348066299,59.66850828729282,9.392265193370166
E00073079,176,63,16,47,113,98,15,35.79545454545455,9.090909090909092,26.704545454545453,64.20454545454545,55.68181818181818,8.522727272727272
E00073080,143,47,15,32,96,88,8,32.86713286713287,10.48951048951049,22.377622377622377,67.13286713286713,61.53846153846154,5.594405594405594
E00073081,227,69,27,42,158,143,15,30.396475770925107,11.894273127753303,18.502202643171806,69.60352422907489,62.99559471365639,6.607929515418502
E00073084,211,64,29,35,147,130,17,30.33175355450237,13.744075829383887,16.587677725118482,69.66824644549763,61.61137440758294,8.056872037914692
E00073085,161,48,16,32,113,99,14,29.81366459627329,9.937888198757763,19.875776397515526,70.1863354037267,61.49068322981367,8.695652173913043
E00073086,170,54,16,38,116,96,20,31.76470588235294,9.411764705882353,22.35294117647059,68.23529411764706,56.470588235294116,11.76470588235294
E00073087,189,66,17,49,123,105,18,34.92063492063492,8.994708994708994,25.925925925925924,65.07936507936508,55.55555555555556,9.523809523809524
E00073088,184,73,34,39,111,99,12,39.67391304347826,18.478260869565215,21.195652173913043,60.32608695652174,53.80434782608695,6.521739130434782
E00073090,158,59,22,37,99,89,10,37.34177215189873,13.924050632911392,23.417721518987342,62.65822784810127,56.32911392405063,6.329113924050633
E00073091,107,46,29,17,61,57,4,42.99065420560748,27.102803738317753,15.887850467289718,57.009345794392516,53.271028037383175,3.7383177570093453
E00073092,97,30,14,16,67,61,6,30.927835051546392,14.432989690721648,16.49484536082474,69.0721649484536,62.88659793814433,6.185567010309279
E00073093,107,40,24,16,67,54,13,37.38317757009346,22.429906542056074,14.953271028037381,62.616822429906534,50.467289719626166,12.149532710280374
E00073094,130,54,31,23,76,70,6,41.53846153846154,23.846153846153847,17.692307692307693,58.46153846153847,53.84615384615385,4.615384615384616
E00073095,160,62,35,27,98,90,8,38.75,21.875,16.875,61.25000000000001,56.25,5
E00073096,138,64,24,40,74,69,5,46.3768115942029,17.391304347826086,28.985507246376812,53.62318840579711,50,3.6231884057971016
E00073097,122,46,19,27,76,61,15,37.704918032786885,15.573770491803279,22.131147540983605,62.295081967213115,50,12.295081967213115
E00073098,119,50,30,20,69,57,12,42.016806722689076,25.210084033613445,16.80672268907563,57.98319327731093,47.89915966386555,10.084033613445378
E00073099,144,54,24,30,90,79,11,37.5,16.666666666666664,20.833333333333336,62.5,54.861111111111114,7.638888888888889
E00073100,140,65,35,30,75,66,9,46.42857142857143,25,21.428571428571427,53.57142857142857,47.14285714285714,6.428571428571428
E00073101,160,72,43,29,88,76,12,45,26.875,18.125,55.00000000000001,47.5,7.5
E00073102,174,70,36,34,104,94,10,40.229885057471265,20.689655172413794,19.54022988505747,59.77011494252874,54.02298850574713,5.747126436781609
E00073103,139,54,27,27,85,77,8,38.84892086330935,19.424460431654676,19.424460431654676,61.15107913669065,55.39568345323741,5.755395683453238
E00073104,173,51,14,37,122,107,15,29.47976878612717,8.092485549132949,21.38728323699422,70.52023121387283,61.849710982658955,8.670520231213873
E00073106,116,28,7,21,88,76,12,24.137931034482758,6.0344827586206895,18.103448275862068,75.86206896551724,65.51724137931035,10.344827586206897
E00073107,136,42,11,31,94,80,14,30.88235294117647,8.088235294117647,22.794117647058822,69.11764705882352,58.82352941176471,10.294117647058822
E00073108,121,55,22,33,66,61,5,45.45454545454545,18.181818181818183,27.27272727272727,54.54545454545454,50.413223140495866,4.132231404958678
E00073109,126,53,17,36,73,62,11,42.06349206349206,13.492063492063492,28.57142857142857,57.936507936507944,49.2063492063492,8.73015873015873
E00073110,165,50,10,40,115,108,7,30.303030303030305,6.0606060606060606,24.242424242424242,69.6969696969697,65.45454545454545,4.242424242424243
E00073111,105,43,13,30,62,50,12,40.95238095238095,12.380952380952381,28.57142857142857,59.04761904761905,47.61904761904761,11.428571428571429
E00073112,156,49,18,31,107,100,7,31.41025641025641,11.538461538461538,19.871794871794872,68.58974358974359,64.1025641025641,4.487179487179487
E00073113,142,36,14,22,106,89,17,25.352112676056336,9.859154929577464,15.492957746478872,74.64788732394366,62.676056338028175,11.971830985915492
E00073114,82,29,8,21,53,42,11,35.36585365853659,9.75609756097561,25.609756097560975,64.63414634146342,51.21951219512195,13.414634146341465
E00073115,141,56,28,28,85,69,16,39.71631205673759,19.858156028368796,19.858156028368796,60.28368794326241,48.93617021276596,11.347517730496454
E00073116,146,33,10,23,113,99,14,22.602739726027394,6.8493150684931505,15.753424657534246,77.3972602739726,67.8082191780822,9.58904109589041
E00073117,114,39,17,22,75,66,9,34.21052631578947,14.912280701754385,19.298245614035086,65.78947368421053,57.89473684210527,7.894736842105263
E00073118,192,57,16,41,135,118,17,29.6875,8.333333333333332,21.354166666666664,70.3125,61.458333333333336,8.854166666666668
E00073119,131,54,22,32,77,65,12,41.221374045801525,16.793893129770993,24.427480916030532,58.778625954198475,49.61832061068702,9.16030534351145
E00073120,158,57,16,41,101,85,16,36.075949367088604,10.126582278481013,25.949367088607595,63.92405063291139,53.79746835443038,10.126582278481013
E00073121,118,40,11,29,78,63,15,33.89830508474576,9.322033898305085,24.576271186440678,66.10169491525424,53.38983050847458,12.711864406779661
E00073122,135,54,20,34,81,69,12,40,14.814814814814813,25.185185185185183,60,51.11111111111111,8.88888888888889
E00073123,182,58,16,42,124,100,24,31.868131868131865,8.791208791208792,23.076923076923077,68.13186813186813,54.94505494505495,13.186813186813188
E00073124,124,43,11,32,81,69,12,34.67741935483871,8.870967741935484,25.806451612903224,65.32258064516128,55.64516129032258,9.67741935483871
E00073125,116,40,19,21,76,49,27,34.48275862068966,16.379310344827587,18.103448275862068,65.51724137931035,42.241379310344826,23.275862068965516
E00073126,127,42,25,17,85,75,10,33.07086614173229,19.68503937007874,13.385826771653544,66.92913385826772,59.055118110236215,7.874015748031496
E00073127,145,64,39,25,81,71,10,44.13793103448276,26.89655172413793,17.24137931034483,55.86206896551724,48.96551724137931,6.896551724137931
E00073128,230,78,50,28,152,130,22,33.91304347826087,21.73913043478261,12.173913043478262,66.08695652173913,56.52173913043478,9.565217391304348
E00073129,108,31,22,9,77,62,15,28.703703703703702,20.37037037037037,8.333333333333332,71.29629629629629,57.407407407407405,13.88888888888889
E00073130,137,60,33,27,77,68,9,43.79562043795621,24.087591240875913,19.708029197080293,56.20437956204379,49.63503649635037,6.569343065693431
E00073131,109,45,11,34,64,58,6,41.284403669724774,10.091743119266056,31.19266055045872,58.71559633027523,53.21100917431193,5.5045871559633035
E00073132,167,61,20,41,106,85,21,36.52694610778443,11.976047904191617,24.550898203592812,63.47305389221557,50.898203592814376,12.574850299401197
E00073133,111,41,18,23,70,60,10,36.93693693693694,16.216216216216218,20.72072072072072,63.06306306306306,54.054054054054056,9.00900900900901
E00073134,130,47,23,24,83,64,19,36.15384615384615,17.692307692307693,18.461538461538463,63.84615384615384,49.23076923076923,14.615384615384617
E00073135,157,66,29,37,91,69,22,42.038216560509554,18.471337579617835,23.56687898089172,57.961783439490446,43.94904458598726,14.012738853503185
E00073136,153,51,26,25,102,89,13,33.33333333333333,16.99346405228758,16.33986928104575,66.66666666666666,58.16993464052288,8.49673202614379
E00073137,149,48,32,16,101,82,19,32.21476510067114,21.476510067114095,10.738255033557047,67.78523489932886,55.033557046979865,12.751677852348994
E00073138,139,45,20,25,94,85,9,32.37410071942446,14.388489208633093,17.985611510791365,67.62589928057554,61.15107913669065,6.474820143884892
E00073139,126,49,18,31,77,56,21,38.88888888888889,14.285714285714285,24.6031746031746,61.111111111111114,44.44444444444444,16.666666666666664
E00073140,102,42,17,25,60,47,13,41.17647058823529,16.666666666666664,24.509803921568626,58.82352941176471,46.07843137254902,12.745098039215685
E00073141,125,40,10,30,85,66,19,32,8,24,68,52.800000000000004,15.2
E00073142,141,55,19,36,86,60,26,39.00709219858156,13.47517730496454,25.53191489361702,60.99290780141844,42.5531914893617,18.439716312056735
E00170250,155,51,14,37,104,85,19,32.903225806451616,9.032258064516128,23.870967741935484,67.0967741935484,54.83870967741935,12.258064516129032
E00170251,104,36,15,21,68,60,8,34.61538461538461,14.423076923076922,20.192307692307693,65.38461538461539,57.692307692307686,7.6923076923076925
E00170252,99,74,49,25,25,22,3,74.74747474747475,49.494949494949495,25.252525252525253,25.252525252525253,22.22222222222222,3.0303030303030303
E00170253,104,44,25,19,60,50,10,42.30769230769231,24.03846153846154,18.269230769230766,57.692307692307686,48.07692307692308,9.615384615384617
E00170254,319,260,222,38,59,50,9,81.50470219435736,69.59247648902821,11.912225705329153,18.495297805642632,15.673981191222571,2.8213166144200628
E00170256,96,44,27,17,52,49,3,45.83333333333333,28.125,17.708333333333336,54.166666666666664,51.041666666666664,3.125
E00170257,64,30,17,13,34,24,10,46.875,26.5625,20.3125,53.125,37.5,15.625
E00189447,171,63,29,34,108,80,28,36.84210526315789,16.95906432748538,19.883040935672515,63.1578947368421,46.783625730994146,16.374269005847953
E00189449,172,48,14,34,124,107,17,27.906976744186046,8.13953488372093,19.767441860465116,72.09302325581395,62.2093023255814,9.883720930232558
E00189450,101,41,12,29,60,53,7,40.5940594059406,11.881188118811881,28.71287128712871,59.4059405940594,52.475247524752476,6.9306930693069315
E00189454,102,47,24,23,55,33,22,46.07843137254902,23.52941176470588,22.54901960784314,53.92156862745098,32.35294117647059,21.568627450980394
E00189458,92,20,6,14,72,60,12,21.73913043478261,6.521739130434782,15.217391304347828,78.26086956521739,65.21739130434783,13.043478260869565
E00189459,164,46,19,27,118,103,15,28.04878048780488,11.585365853658537,16.463414634146343,71.95121951219512,62.80487804878049,9.146341463414634
E00189468,188,67,20,47,121,103,18,35.638297872340424,10.638297872340425,25,64.36170212765957,54.78723404255319,9.574468085106384
E00189471,155,44,16,28,111,90,21,28.387096774193548,10.32258064516129,18.064516129032256,71.61290322580646,58.06451612903226,13.548387096774196
E00189472,137,48,14,34,89,80,9,35.03649635036496,10.218978102189782,24.817518248175183,64.96350364963503,58.3941605839416,6.569343065693431
E00189474,161,33,8,25,128,108,20,20.496894409937887,4.968944099378882,15.527950310559005,79.5031055900621,67.08074534161491,12.422360248447205
E00189475,197,48,18,30,149,122,27,24.36548223350254,9.137055837563452,15.228426395939088,75.63451776649747,61.92893401015228,13.705583756345177
E00189482,140,50,17,33,90,73,17,35.714285714285715,12.142857142857142,23.57142857142857,64.28571428571429,52.142857142857146,12.142857142857142
E00189483,163,56,30,26,107,81,26,34.355828220858896,18.404907975460123,15.950920245398773,65.6441717791411,49.693251533742334,15.950920245398773
E00189484,174,43,14,29,131,104,27,24.71264367816092,8.045977011494253,16.666666666666664,75.28735632183908,59.77011494252874,15.517241379310345
E00189487,115,35,18,17,80,63,17,30.434782608695656,15.65217391304348,14.782608695652174,69.56521739130434,54.78260869565217,14.782608695652174
E00189489,168,41,12,29,127,112,15,24.404761904761905,7.142857142857142,17.261904761904763,75.59523809523809,66.66666666666666,8.928571428571429
E00189492,126,37,13,24,89,76,13,29.365079365079367,10.317460317460316,19.047619047619047,70.63492063492063,60.317460317460316,10.317460317460316
E00189494,190,40,8,32,150,132,18,21.052631578947366,4.2105263157894735,16.842105263157894,78.94736842105263,69.47368421052632,9.473684210526317
E00189496,118,19,8,11,99,73,26,16.101694915254235,6.779661016949152,9.322033898305085,83.89830508474576,61.86440677966102,22.033898305084744
E00189502,141,56,22,34,85,70,15,39.71631205673759,15.602836879432624,24.113475177304963,60.28368794326241,49.645390070921984,10.638297872340425
E00189503,136,43,12,31,93,78,15,31.61764705882353,8.823529411764707,22.794117647058822,68.38235294117648,57.35294117647059,11.029411764705882
E00189507,166,52,14,38,114,99,15,31.32530120481928,8.433734939759036,22.89156626506024,68.67469879518072,59.63855421686747,9.036144578313253
E00189514,183,77,27,50,106,84,22,42.07650273224044,14.754098360655737,27.322404371584703,57.92349726775956,45.90163934426229,12.021857923497267
E00189515,139,40,16,24,99,91,8,28.776978417266186,11.510791366906476,17.26618705035971,71.22302158273382,65.46762589928058,5.755395683453238
E00189516,140,47,21,26,93,74,19,33.57142857142857,15,18.571428571428573,66.42857142857143,52.85714285714286,13.571428571428571
E00189520,153,40,9,31,113,103,10,26.143790849673206,5.88235294117647,20.26143790849673,73.8562091503268,67.3202614379085,6.535947712418301
E00189525,109,43,13,30,66,50,16,39.44954128440367,11.926605504587156,27.522935779816514,60.550458715596335,45.87155963302752,14.678899082568808
E00189526,108,36,11,25,72,66,6,33.33333333333333,10.185185185185185,23.14814814814815,66.66666666666666,61.111111111111114,5.555555555555555
E00189527,131,41,16,25,90,83,7,31.297709923664126,12.213740458015266,19.083969465648856,68.70229007633588,63.358778625954194,5.343511450381679
E00189529,93,41,15,26,52,40,12,44.086021505376344,16.129032258064516,27.956989247311824,55.91397849462365,43.01075268817204,12.903225806451612
E00189532,28,10,1,9,18,16,2,35.714285714285715,3.571428571428571,32.142857142857146,64.28571428571429,57.14285714285714,7.142857142857142
E00189533,180,47,19,28,133,114,19,26.111111111111114,10.555555555555555,15.555555555555555,73.88888888888889,63.33333333333333,10.555555555555555
E00189535,237,84,25,59,153,135,18,35.44303797468354,10.548523206751055,24.894514767932492,64.55696202531645,56.9620253164557,7.59493670886076
E00189545,162,40,10,30,122,105,17,24.691358024691358,6.172839506172839,18.51851851851852,75.30864197530865,64.81481481481481,10.493827160493826
E00189548,132,46,20,26,86,64,22,34.84848484848485,15.151515151515152,19.696969696969695,65.15151515151516,48.484848484848484,16.666666666666664
E00189549,182,44,11,33,138,117,21,24.175824175824175,6.043956043956044,18.13186813186813,75.82417582417582,64.28571428571429,11.538461538461538
E00189553,158,46,16,30,112,86,26,29.11392405063291,10.126582278481013,18.9873417721519,70.88607594936708,54.43037974683544,16.455696202531644
E00189554,119,35,14,21,84,70,14,29.411764705882355,11.76470588235294,17.647058823529413,70.58823529411765,58.82352941176471,11.76470588235294
E00189562,214,65,22,43,149,134,15,30.373831775700932,10.2803738317757,20.093457943925234,69.62616822429906,62.616822429906534,7.009345794392523
E00189568,121,21,11,10,100,83,17,17.355371900826448,9.090909090909092,8.264462809917356,82.64462809917356,68.59504132231406,14.049586776859504
E00189569,178,32,9,23,146,128,18,17.97752808988764,5.056179775280898,12.921348314606742,82.02247191011236,71.91011235955057,10.112359550561797
E00189571,173,54,16,38,119,102,17,31.213872832369944,9.248554913294797,21.965317919075144,68.78612716763006,58.95953757225434,9.826589595375722
E00189572,101,19,8,11,82,63,19,18.81188118811881,7.920792079207921,10.891089108910892,81.1881188118812,62.37623762376238,18.81188118811881
E00189584,103,23,12,11,80,71,9,22.330097087378643,11.650485436893204,10.679611650485436,77.66990291262135,68.93203883495146,8.737864077669903
E00189589,189,54,15,39,135,115,20,28.57142857142857,7.936507936507936,20.634920634920633,71.42857142857143,60.84656084656085,10.582010582010582
E00189590,180,66,17,49,114,96,18,36.666666666666664,9.444444444444445,27.22222222222222,63.33333333333333,53.333333333333336,10
E00189591,243,68,16,52,175,158,17,27.983539094650205,6.584362139917696,21.39917695473251,72.0164609053498,65.02057613168725,6.995884773662551
E00189595,127,35,16,19,92,78,14,27.559055118110237,12.598425196850393,14.960629921259844,72.44094488188976,61.417322834645674,11.023622047244094
E00189597,180,52,21,31,128,106,22,28.888888888888886,11.666666666666666,17.22222222222222,71.11111111111111,58.88888888888889,12.222222222222221
E00189601,187,53,9,44,134,118,16,28.342245989304814,4.81283422459893,23.52941176470588,71.65775401069519,63.101604278074866,8.55614973262032
E00189603,248,76,27,49,172,146,26,30.64516129032258,10.887096774193548,19.758064516129032,69.35483870967742,58.87096774193549,10.483870967741936
E00189614,161,46,16,30,115,93,22,28.57142857142857,9.937888198757763,18.633540372670808,71.42857142857143,57.7639751552795,13.664596273291925
