OA,ts0380001,ts0380002,ts0380003,ts0380004,ts0380005,ts0380006,ts0380007,ts0380002_PCT,ts0380003_PCT,ts0380004_PCT,ts0380005_PCT,ts0380006_PCT,ts0380007_PCT
E00072563,189,35,12,23,154,13,141,18.51851851851852,6.349206349206349,12.16931216931217,81.48148148148148,6.878306878306878,74.60317460317461
E00072564,185,37,21,16,148,23,125,20,11.351351351351353,8.64864864864865,80,12.432432432432433,67.56756756756756
E00072565,312,33,10,23,279,25,254,10.576923076923077,3.205128205128205,7.371794871794872,89.42307692307693,8.012820512820513,81.41025641025641
E00072566,291,46,18,28,245,17,228,15.807560137457044,6.185567010309279,9.621993127147768,84.19243986254295,5.841924398625429,78.35051546391753
E00072567,217,31,13,18,186,19,167,14.285714285714285,5.990783410138248,8.294930875576037,85.71428571428571,8.755760368663594,76.95852534562212
E00072568,277,59,21,38,218,17,201,21.299638989169676,7.581227436823104,13.718411552346572,78.70036101083032,6.137184115523466,72.56317689530685
E00072569,214,62,21,41,152,15,137,28.971962616822427,9.813084112149532,19.158878504672895,71.02803738317756,7.009345794392523,64.01869158878505
E00072570,183,35,7,28,148,13,135,19.12568306010929,3.825136612021858,15.300546448087433,80.87431693989072,7.103825136612022,73.77049180327869
E00072571,171,26,5,21,145,11,134,15.204678362573098,2.923976608187134,12.280701754385964,84.7953216374269,6.432748538011696,78.3625730994152
E00072572,142,39,19,20,103,10,93,27.464788732394368,13.380281690140844,14.084507042253522,72.53521126760563,7.042253521126761,65.49295774647888
E00072573,329,43,14,29,286,20,266,13.069908814589665,4.25531914893617,8.814589665653495,86.93009118541033,6.079027355623101,80.85106382978722
E00072574,250,47,19,28,203,29,174,18.8,7.6,11.200000000000001,81.2,11.600000000000001,69.6
E00072575,458,65,25,40,393,29,364,14.192139737991265,5.458515283842795,8.73362445414847,85.80786026200873,6.331877729257641,79.47598253275109
E00072576,180,44,18,26,136,8,128,24.444444444444443,10,14.444444444444443,75.55555555555556,4.444444444444445,71.11111111111111
E00072577,228,41,17,24,187,22,165,17.982456140350877,7.456140350877193,10.526315789473683,82.01754385964912,9.649122807017543,72.36842105263158
E00072578,234,110,61,49,124,20,104,47.008547008547005,26.06837606837607,20.94017094017094,52.991452991452995,8.547008547008547,44.44444444444444
E00072579,188,37,12,25,151,16,135,19.680851063829788,6.382978723404255,13.297872340425531,80.31914893617021,8.51063829787234,71.80851063829788
E00072580,205,31,7,24,174,11,163,15.121951219512194,3.414634146341464,11.707317073170733,84.8780487804878,5.365853658536586,79.51219512195122
E00072581,236,40,13,27,196,14,182,16.94915254237288,5.508474576271186,11.440677966101696,83.05084745762711,5.932203389830509,77.11864406779661
E00072582,152,24,8,16,128,15,113,15.789473684210526,5.263157894736842,10.526315789473683,84.21052631578947,9.868421052631579,74.3421052631579
E00072583,217,33,13,20,184,8,176,15.207373271889402,5.990783410138248,9.216589861751153,84.7926267281106,3.686635944700461,81.10599078341014
E00072584,210,26,9,17,184,21,163,12.380952380952381,4.285714285714286,8.095238095238095,87.61904761904762,10,77.61904761904762
E00072585,187,29,9,20,158,12,146,15.508021390374333,4.81283422459893,10.695187165775401,84.49197860962568,6.417112299465241,78.07486631016043
E00072586,197,31,5,26,166,19,147,15.736040609137056,2.5380710659898478,13.19796954314721,84.26395939086294,9.644670050761421,74.61928934010153
E00072587,202,29,10,19,173,12,161,14.356435643564355,4.9504950495049505,9.405940594059405,85.64356435643565,5.9405940594059405,79.70297029702971
E00072588,279,56,21,35,223,24,199,20.07168458781362,7.526881720430108,12.544802867383511,79.92831541218638,8.60215053763441,71.32616487455196
E00072589,278,39,12,27,239,28,211,14.028776978417264,4.316546762589928,9.712230215827338,85.97122302158273,10.071942446043165,75.89928057553958
E00072590,287,34,14,20,253,24,229,11.846689895470384,4.878048780487805,6.968641114982578,88.15331010452961,8.362369337979095,79.79094076655052
E00072591,256,36,7,29,220,28,192,14.0625,2.734375,11.328125,85.9375,10.9375,75
E00072592,229,52,17,35,177,16,161,22.707423580786028,7.423580786026202,15.283842794759824,77.29257641921397,6.986899563318777,70.3056768558952
E00072593,370,69,29,40,301,19,282,18.64864864864865,7.837837837837839,10.81081081081081,81.35135135135135,5.135135135135135,76.21621621621621
E00072594,311,45,11,34,266,39,227,14.469453376205788,3.536977491961415,10.932475884244374,85.53054662379421,12.540192926045016,72.9903536977492
E00072595,300,52,25,27,248,17,231,17.333333333333336,8.333333333333332,9,82.66666666666667,5.666666666666666,77
E00072596,322,52,16,36,270,21,249,16.149068322981368,4.968944099378882,11.180124223602485,83.85093167701864,6.521739130434782,77.32919254658384
E00072597,303,51,18,33,252,35,217,16.831683168316832,5.9405940594059405,10.891089108910892,83.16831683168317,11.55115511551155,71.61716171617162
E00072598,301,43,19,24,258,19,239,14.285714285714285,6.312292358803987,7.973421926910299,85.71428571428571,6.312292358803987,79.40199335548172
E00072599,373,61,23,38,312,27,285,16.353887399463808,6.166219839142091,10.187667560321715,83.6461126005362,7.238605898123325,76.40750670241286
E00072600,351,45,14,31,306,26,280,12.82051282051282,3.9886039886039883,8.831908831908832,87.17948717948718,7.4074074074074066,79.77207977207978
E00072601,253,40,16,24,213,19,194,15.810276679841898,6.324110671936759,9.486166007905137,84.18972332015811,7.5098814229249005,76.6798418972332
E00072602,322,41,8,33,281,41,240,12.732919254658384,2.484472049689441,10.248447204968944,87.26708074534162,12.732919254658384,74.53416149068323
E00072603,338,75,36,39,263,20,243,22.189349112426036,10.650887573964498,11.538461538461538,77.81065088757396,5.9171597633136095,71.89349112426035
E00072604,373,23,7,16,350,37,313,6.166219839142091,1.876675603217158,4.289544235924933,93.8337801608579,9.919571045576408,83.91420911528151
E00072605,296,47,16,31,249,31,218,15.878378378378377,5.405405405405405,10.472972972972974,84.12162162162163,10.472972972972974,73.64864864864865
E00072606,274,31,10,21,243,23,220,11.313868613138686,3.64963503649635,7.664233576642336,88.6861313868613,8.394160583941606,80.2919708029197
E00072607,330,41,12,29,289,31,258,12.424242424242424,3.6363636363636362,8.787878787878787,87.57575757575758,9.393939393939393,78.18181818181819
E00072608,250,44,22,22,206,21,185,17.599999999999998,8.799999999999999,8.799999999999999,82.39999999999999,8.4,74
E00072609,336,43,18,25,293,27,266,12.797619047619047,5.357142857142857,7.440476190476191,87.20238095238095,8.035714285714286,79.16666666666666
E00072611,148,19,4,15,129,15,114,12.837837837837837,2.7027027027027026,10.135135135135135,87.16216216216216,10.135135135135135,77.02702702702703
E00072613,265,58,26,32,207,18,189,21.88679245283019,9.811320754716983,12.075471698113208,78.11320754716982,6.7924528301886795,71.32075471698113
E00072614,333,35,9,26,298,33,265,10.51051051051051,2.7027027027027026,7.807807807807808,89.4894894894895,9.90990990990991,79.57957957957959
E00072615,221,23,4,19,198,15,183,10.407239819004525,1.809954751131222,8.597285067873303,89.59276018099548,6.787330316742081,82.80542986425338
E00072616,307,34,11,23,273,21,252,11.074918566775244,3.5830618892508146,7.491856677524431,88.92508143322475,6.840390879478828,82.08469055374593
E00072617,195,26,11,15,169,12,157,13.333333333333334,5.641025641025641,7.6923076923076925,86.66666666666667,6.153846153846154,80.51282051282051
E00072618,600,48,7,41,552,42,510,8,1.1666666666666667,6.833333333333333,92,7.000000000000001,85
E00072619,414,61,17,44,353,39,314,14.734299516908212,4.1062801932367154,10.628019323671497,85.26570048309179,9.420289855072465,75.84541062801932
E00072620,138,13,3,10,125,13,112,9.420289855072465,2.1739130434782608,7.246376811594203,90.57971014492753,9.420289855072465,81.15942028985508
E00072621,284,24,9,15,260,29,231,8.450704225352112,3.169014084507042,5.28169014084507,91.54929577464789,10.211267605633804,81.33802816901408
E00072622,316,42,13,29,274,25,249,13.291139240506327,4.113924050632911,9.177215189873419,86.70886075949366,7.9113924050632916,78.79746835443038
E00072623,234,50,22,28,184,22,162,21.367521367521366,9.401709401709402,11.965811965811966,78.63247863247864,9.401709401709402,69.23076923076923
E00072624,323,58,25,33,265,27,238,17.956656346749224,7.739938080495357,10.21671826625387,82.04334365325077,8.359133126934983,73.68421052631578
E00072625,379,62,20,42,317,30,287,16.358839050131927,5.277044854881266,11.081794195250659,83.64116094986808,7.9155672823219,75.72559366754618
E00072626,150,19,8,11,131,17,114,12.666666666666668,5.333333333333334,7.333333333333333,87.33333333333333,11.333333333333332,76
E00072627,246,26,10,16,220,18,202,10.569105691056912,4.0650406504065035,6.504065040650407,89.43089430894308,7.317073170731707,82.11382113821138
E00072628,288,36,7,29,252,13,239,12.5,2.430555555555556,10.069444444444445,87.5,4.513888888888888,82.98611111111111
E00072629,322,51,20,31,271,24,247,15.838509316770185,6.211180124223603,9.627329192546584,84.16149068322981,7.453416149068323,76.70807453416148
E00072630,1372,365,72,293,1007,133,874,26.60349854227405,5.247813411078718,21.355685131195333,73.39650145772595,9.693877551020408,63.70262390670553
E00072631,253,30,5,25,223,20,203,11.857707509881422,1.9762845849802373,9.881422924901186,88.14229249011858,7.905138339920949,80.23715415019763
E00072632,252,48,16,32,204,26,178,19.047619047619047,6.349206349206349,12.698412698412698,80.95238095238095,10.317460317460316,70.63492063492063
E00072633,525,67,16,51,458,44,414,12.761904761904763,3.0476190476190474,9.714285714285714,87.23809523809524,8.380952380952381,78.85714285714286
E00072634,270,38,12,26,232,27,205,14.074074074074074,4.444444444444445,9.62962962962963,85.92592592592592,10,75.92592592592592
E00072635,281,24,7,17,257,25,232,8.540925266903916,2.491103202846975,6.049822064056939,91.45907473309609,8.896797153024911,82.56227758007117
E00072636,378,39,9,30,339,18,321,10.317460317460316,2.380952380952381,7.936507936507936,89.68253968253968,4.761904761904762,84.92063492063492
E00072637,245,38,14,24,207,17,190,15.510204081632653,5.714285714285714,9.795918367346939,84.48979591836735,6.938775510204081,77.55102040816327
E00072638,319,45,10,35,274,28,246,14.106583072100312,3.1347962382445136,10.9717868338558,85.8934169278997,8.77742946708464,77.11598746081505
E00072640,330,81,49,32,249,14,235,24.545454545454547,14.84848484848485,9.696969696969697,75.45454545454545,4.242424242424243,71.21212121212122
E00072641,284,54,20,34,230,26,204,19.014084507042252,7.042253521126761,11.971830985915492,80.98591549295774,9.15492957746479,71.83098591549296
E00072642,428,54,16,38,374,39,335,12.616822429906541,3.7383177570093453,8.878504672897195,87.38317757009347,9.11214953271028,78.27102803738318
E00072643,268,34,12,22,234,35,199,12.686567164179104,4.477611940298507,8.208955223880597,87.31343283582089,13.059701492537313,74.25373134328358
E00072644,270,41,14,27,229,30,199,15.185185185185185,5.185185185185185,10,84.81481481481481,11.11111111111111,73.70370370370371
E00072645,466,55,23,32,411,44,367,11.802575107296137,4.935622317596566,6.866952789699571,88.19742489270385,9.44206008583691,78.75536480686695
E00072646,362,62,17,45,300,28,272,17.12707182320442,4.696132596685083,12.430939226519337,82.87292817679558,7.734806629834254,75.13812154696133
E00072647,206,21,8,13,185,8,177,10.194174757281553,3.8834951456310676,6.310679611650485,89.80582524271846,3.8834951456310676,85.92233009708737
E00072648,232,37,13,24,195,13,182,15.948275862068966,5.603448275862069,10.344827586206897,84.05172413793103,5.603448275862069,78.44827586206897
E00072649,300,32,5,27,268,25,243,10.666666666666668,1.6666666666666667,9,89.33333333333333,8.333333333333332,81
E00072650,252,51,14,37,201,13,188,20.238095238095237,5.555555555555555,14.682539682539684,79.76190476190477,5.158730158730158,74.60317460317461
E00072651,227,25,8,17,202,18,184,11.013215859030836,3.524229074889868,7.488986784140969,88.98678414096916,7.929515418502203,81.05726872246696
E00072652,607,81,34,47,526,34,492,13.344316309719934,5.601317957166392,7.742998352553541,86.65568369028006,5.601317957166392,81.05436573311367
E00072653,510,47,13,34,463,40,423,9.215686274509805,2.549019607843137,6.666666666666667,90.7843137254902,7.8431372549019605,82.94117647058825
E00072654,197,23,5,18,174,19,155,11.6751269035533,2.5380710659898478,9.137055837563452,88.3248730964467,9.644670050761421,78.68020304568529
E00072655,308,53,18,35,255,26,229,17.20779220779221,5.844155844155844,11.363636363636363,82.79220779220779,8.441558441558442,74.35064935064936
E00072656,366,52,13,39,314,36,278,14.207650273224044,3.551912568306011,10.655737704918032,85.79234972677595,9.836065573770492,75.95628415300546
E00072657,125,17,6,11,108,8,100,13.600000000000001,4.8,8.799999999999999,86.4,6.4,80
E00072658,138,24,8,16,114,18,96,17.391304347826086,5.797101449275362,11.594202898550725,82.6086956521739,13.043478260869565,69.56521739130434
E00072659,328,52,24,28,276,20,256,15.853658536585366,7.317073170731707,8.536585365853659,84.14634146341463,6.097560975609756,78.04878048780488
E00072660,419,65,19,46,354,34,320,15.513126491646778,4.534606205250596,10.978520286396181,84.48687350835323,8.1145584725537,76.37231503579952
E00072661,279,39,12,27,240,18,222,13.978494623655912,4.301075268817205,9.67741935483871,86.02150537634408,6.451612903225806,79.56989247311827
E00072662,299,39,10,29,260,18,242,13.043478260869565,3.3444816053511706,9.698996655518394,86.95652173913044,6.0200668896321075,80.93645484949833
E00072663,305,33,9,24,272,27,245,10.819672131147541,2.9508196721311477,7.868852459016394,89.18032786885246,8.852459016393443,80.32786885245902
E00072664,405,65,30,35,340,26,314,16.049382716049383,7.4074074074074066,8.641975308641975,83.9506172839506,6.419753086419753,77.53086419753087
E00072665,376,59,30,29,317,24,293,15.691489361702127,7.9787234042553195,7.712765957446808,84.30851063829788,6.382978723404255,77.92553191489363
E00072666,247,42,13,29,205,27,178,17.00404858299595,5.263157894736842,11.740890688259109,82.99595141700405,10.931174089068826,72.06477732793523
E00072667,267,56,24,32,211,24,187,20.973782771535582,8.98876404494382,11.985018726591761,79.02621722846442,8.98876404494382,70.0374531835206
E00072668,206,23,6,17,183,18,165,11.165048543689322,2.912621359223301,8.25242718446602,88.83495145631069,8.737864077669903,80.09708737864078
E00072669,278,65,27,38,213,24,189,23.381294964028775,9.712230215827338,13.66906474820144,76.61870503597122,8.633093525179856,67.98561151079137
E00072671,196,36,12,24,160,10,150,18.367346938775512,6.122448979591836,12.244897959183673,81.63265306122449,5.1020408163265305,76.53061224489795
E00072672,257,32,9,23,225,26,199,12.45136186770428,3.501945525291829,8.949416342412452,87.54863813229572,10.116731517509727,77.431906614786
E00072673,301,73,33,40,228,15,213,24.25249169435216,10.96345514950166,13.2890365448505,75.74750830564784,4.983388704318937,70.7641196013289
E00072674,292,70,27,43,222,20,202,23.972602739726025,9.246575342465754,14.726027397260275,76.02739726027397,6.8493150684931505,69.17808219178082
E00072675,256,90,44,46,166,16,150,35.15625,17.1875,17.96875,64.84375,6.25,58.59375
E00072676,320,51,16,35,269,36,233,15.937499999999998,5,10.9375,84.0625,11.25,72.8125
E00072677,262,33,8,25,229,16,213,12.595419847328243,3.0534351145038165,9.541984732824428,87.40458015267176,6.106870229007633,81.29770992366412
E00072678,365,74,36,38,291,28,263,20.273972602739725,9.863013698630137,10.41095890410959,79.72602739726027,7.671232876712329,72.05479452054794
E00072680,261,48,20,28,213,27,186,18.39080459770115,7.662835249042145,10.727969348659004,81.60919540229885,10.344827586206897,71.26436781609196
E00072681,376,44,17,27,332,40,292,11.702127659574469,4.521276595744681,7.180851063829788,88.29787234042553,10.638297872340425,77.6595744680851
E00072682,334,49,22,27,285,24,261,14.67065868263473,6.58682634730539,8.08383233532934,85.32934131736528,7.18562874251497,78.1437125748503
E00072683,270,64,28,36,206,17,189,23.703703703703706,10.37037037037037,13.333333333333334,76.29629629629629,6.296296296296296,70
E00072684,278,49,14,35,229,26,203,17.62589928057554,5.0359712230215825,12.589928057553957,82.37410071942446,9.352517985611511,73.02158273381295
E00072685,323,46,17,29,277,34,243,14.241486068111456,5.263157894736842,8.978328173374612,85.75851393188854,10.526315789473683,75.23219814241486
E00072686,277,42,11,31,235,11,224,15.162454873646208,3.9711191335740073,11.191335740072201,84.83754512635379,3.9711191335740073,80.86642599277978
E00072687,169,44,17,27,125,12,113,26.035502958579883,10.059171597633137,15.976331360946746,73.96449704142012,7.100591715976331,66.86390532544378
E00072688,331,95,55,40,236,16,220,28.700906344410875,16.61631419939577,12.084592145015106,71.29909365558912,4.833836858006042,66.46525679758308
E00072689,207,28,6,22,179,15,164,13.526570048309178,2.898550724637681,10.628019323671497,86.47342995169082,7.246376811594203,79.22705314009661
E00072690,317,62,27,35,255,22,233,19.558359621451103,8.517350157728707,11.041009463722396,80.4416403785489,6.940063091482649,73.50157728706624
E00072691,423,62,21,41,361,38,323,14.657210401891252,4.964539007092199,9.692671394799055,85.34278959810875,8.983451536643026,76.35933806146572
E00072692,367,47,15,32,320,38,282,12.806539509536785,4.087193460490464,8.71934604904632,87.19346049046321,10.354223433242508,76.83923705722071
E00072693,388,37,10,27,351,32,319,9.536082474226804,2.5773195876288657,6.958762886597938,90.4639175257732,8.24742268041237,82.21649484536083
E00072694,328,58,19,39,270,25,245,17.682926829268293,5.7926829268292686,11.890243902439025,82.3170731707317,7.621951219512195,74.6951219512195
E00072695,220,44,17,27,176,17,159,20,7.727272727272727,12.272727272727273,80,7.727272727272727,72.27272727272728
E00072696,358,36,8,28,322,34,288,10.05586592178771,2.2346368715083798,7.82122905027933,89.94413407821229,9.497206703910614,80.44692737430168
E00072697,312,50,30,20,262,24,238,16.025641025641026,9.615384615384617,6.41025641025641,83.97435897435898,7.6923076923076925,76.28205128205127
E00072698,325,54,17,37,271,23,248,16.615384615384617,5.230769230769231,11.384615384615385,83.38461538461537,7.076923076923077,76.3076923076923
E00072699,529,84,30,54,445,36,409,15.879017013232513,5.671077504725898,10.207939508506616,84.12098298676749,6.805293005671078,77.31568998109641
E00072700,373,47,14,33,326,42,284,12.600536193029491,3.753351206434316,8.847184986595174,87.39946380697052,11.26005361930295,76.13941018766755
E00072701,322,35,11,24,287,24,263,10.869565217391305,3.4161490683229814,7.453416149068323,89.13043478260869,7.453416149068323,81.67701863354037
E00072702,328,48,13,35,280,28,252,14.634146341463413,3.9634146341463414,10.670731707317072,85.36585365853658,8.536585365853659,76.82926829268293
E00072703,306,44,18,26,262,25,237,14.37908496732026,5.88235294117647,8.49673202614379,85.62091503267973,8.169934640522875,77.45098039215686
E00072704,245,37,15,22,208,28,180,15.10204081632653,6.122448979591836,8.979591836734693,84.89795918367346,11.428571428571429,73.46938775510205
E00072705,398,46,13,33,352,32,320,11.557788944723619,3.2663316582914574,8.291457286432161,88.44221105527639,8.040201005025125,80.40201005025126
E00072706,259,54,21,33,205,25,180,20.84942084942085,8.108108108108109,12.741312741312742,79.15057915057915,9.652509652509652,69.4980694980695
E00072707,282,47,12,35,235,22,213,16.666666666666664,4.25531914893617,12.411347517730496,83.33333333333334,7.801418439716312,75.53191489361703
E00072708,264,62,26,36,202,22,180,23.484848484848484,9.848484848484848,13.636363636363635,76.51515151515152,8.333333333333332,68.18181818181817
E00072709,385,44,15,29,341,27,314,11.428571428571429,3.896103896103896,7.532467532467532,88.57142857142857,7.012987012987012,81.55844155844156
E00072710,281,53,19,34,228,23,205,18.86120996441281,6.761565836298933,12.099644128113878,81.13879003558719,8.185053380782918,72.95373665480427
E00072711,319,54,21,33,265,25,240,16.927899686520377,6.583072100313479,10.344827586206897,83.07210031347962,7.836990595611286,75.23510971786834
E00072712,324,49,21,28,275,27,248,15.123456790123457,6.481481481481481,8.641975308641975,84.87654320987654,8.333333333333332,76.5432098765432
E00072713,317,48,18,30,269,33,236,15.141955835962145,5.678233438485805,9.46372239747634,84.85804416403786,10.410094637223976,74.44794952681389
E00072714,335,46,18,28,289,33,256,13.73134328358209,5.3731343283582085,8.358208955223882,86.26865671641791,9.850746268656717,76.4179104477612
E00072715,378,67,26,41,311,31,280,17.724867724867725,6.878306878306878,10.846560846560847,82.27513227513228,8.201058201058201,74.07407407407408
E00072716,249,43,11,32,206,19,187,17.269076305220885,4.417670682730924,12.851405622489958,82.73092369477911,7.630522088353414,75.1004016064257
E00072717,543,60,18,42,483,37,446,11.049723756906078,3.314917127071823,7.734806629834254,88.95027624309392,6.8139963167587485,82.13627992633518
E00072718,249,42,13,29,207,19,188,16.867469879518072,5.220883534136546,11.646586345381527,83.13253012048193,7.630522088353414,75.50200803212851
E00072719,240,51,22,29,189,17,172,21.25,9.166666666666666,12.083333333333334,78.75,7.083333333333333,71.66666666666667
E00072720,395,58,15,43,337,25,312,14.683544303797468,3.79746835443038,10.886075949367088,85.31645569620252,6.329113924050633,78.9873417721519
E00072721,299,70,25,45,229,22,207,23.411371237458194,8.361204013377927,15.050167224080269,76.58862876254182,7.357859531772576,69.23076923076923
E00072722,398,54,14,40,344,40,304,13.5678391959799,3.5175879396984926,10.050251256281408,86.4321608040201,10.050251256281408,76.38190954773869
E00072723,318,97,52,45,221,29,192,30.50314465408805,16.352201257861633,14.150943396226415,69.49685534591194,9.119496855345911,60.37735849056604
E00072725,306,59,26,33,247,15,232,19.28104575163399,8.49673202614379,10.784313725490197,80.71895424836602,4.901960784313726,75.81699346405229
E00072726,336,46,18,28,290,30,260,13.690476190476192,5.357142857142857,8.333333333333332,86.30952380952381,8.928571428571429,77.38095238095238
E00072727,342,57,17,40,285,29,256,16.666666666666664,4.970760233918129,11.695906432748536,83.33333333333334,8.47953216374269,74.85380116959064
E00072728,344,62,30,32,282,24,258,18.023255813953487,8.720930232558139,9.30232558139535,81.97674418604652,6.976744186046512,75
E00072729,358,54,19,35,304,25,279,15.083798882681565,5.307262569832402,9.776536312849162,84.91620111731844,6.983240223463687,77.93296089385476
E00072730,274,44,17,27,230,21,209,16.05839416058394,6.204379562043796,9.854014598540147,83.94160583941606,7.664233576642336,76.27737226277372
E00072731,284,40,16,24,244,36,208,14.084507042253522,5.633802816901409,8.450704225352112,85.91549295774648,12.676056338028168,73.23943661971832
E00072732,378,73,23,50,305,20,285,19.31216931216931,6.084656084656085,13.227513227513226,80.68783068783068,5.291005291005291,75.39682539682539
E00072733,347,79,34,45,268,22,246,22.76657060518732,9.798270893371757,12.968299711815561,77.23342939481267,6.340057636887608,70.89337175792507
E00072734,395,58,18,40,337,28,309,14.683544303797468,4.556962025316456,10.126582278481013,85.31645569620252,7.088607594936709,78.22784810126582
E00072736,317,78,30,48,239,33,206,24.605678233438486,9.46372239747634,15.141955835962145,75.39432176656152,10.410094637223976,64.98422712933754
E00072737,313,58,20,38,255,20,235,18.53035143769968,6.3897763578274756,12.140575079872203,81.46964856230032,6.3897763578274756,75.07987220447284
E00072738,267,38,13,25,229,25,204,14.232209737827715,4.868913857677903,9.363295880149813,85.76779026217228,9.363295880149813,76.40449438202246
E00072739,253,47,25,22,206,30,176,18.57707509881423,9.881422924901186,8.695652173913043,81.42292490118577,11.857707509881422,69.56521739130434
E00072741,231,114,70,44,117,13,104,49.35064935064935,30.303030303030305,19.047619047619047,50.649350649350644,5.627705627705628,45.02164502164502
E00072742,308,54,27,27,254,26,228,17.532467532467532,8.766233766233766,8.766233766233766,82.46753246753246,8.441558441558442,74.02597402597402
E00072743,224,68,25,43,156,15,141,30.357142857142854,11.160714285714286,19.196428571428573,69.64285714285714,6.696428571428571,62.94642857142857
E00072744,342,59,26,33,283,25,258,17.251461988304094,7.602339181286549,9.649122807017543,82.7485380116959,7.309941520467836,75.43859649122807
E00072745,353,75,19,56,278,39,239,21.246458923512748,5.382436260623229,15.864022662889518,78.75354107648725,11.048158640226628,67.70538243626062
E00072746,284,65,28,37,219,12,207,22.887323943661972,9.859154929577464,13.028169014084506,77.11267605633803,4.225352112676056,72.88732394366197
E00072747,207,50,16,34,157,16,141,24.154589371980677,7.729468599033816,16.425120772946862,75.84541062801932,7.729468599033816,68.11594202898551
E00072748,306,59,24,35,247,32,215,19.28104575163399,7.8431372549019605,11.437908496732026,80.71895424836602,10.457516339869281,70.26143790849673
E00072749,493,84,36,48,409,35,374,17.038539553752535,7.302231237322515,9.73630831643002,82.96146044624746,7.099391480730223,75.86206896551724
E00072750,330,58,24,34,272,12,260,17.575757575757574,7.2727272727272725,10.303030303030303,82.42424242424242,3.6363636363636362,78.78787878787878
E00072751,281,45,23,22,236,21,215,16.014234875444842,8.185053380782918,7.829181494661921,83.98576512455516,7.473309608540925,76.51245551601423
E00072752,362,76,31,45,286,20,266,20.994475138121548,8.56353591160221,12.430939226519337,79.00552486187846,5.524861878453039,73.48066298342542
E00072753,421,99,48,51,322,29,293,23.51543942992874,11.401425178147269,12.114014251781473,76.48456057007125,6.88836104513064,69.59619952494062
E00072755,165,30,10,20,135,17,118,18.181818181818183,6.0606060606060606,12.121212121212121,81.81818181818183,10.303030303030303,71.51515151515152
E00072756,259,33,3,30,226,17,209,12.741312741312742,1.1583011583011582,11.583011583011583,87.25868725868726,6.563706563706563,80.6949806949807
E00072757,195,64,29,35,131,16,115,32.82051282051282,14.871794871794872,17.94871794871795,67.17948717948717,8.205128205128204,58.97435897435898
E00072758,637,105,25,80,532,57,475,16.483516483516482,3.924646781789639,12.558869701726843,83.51648351648352,8.948194662480377,74.56828885400314
E00072759,413,76,31,45,337,30,307,18.401937046004843,7.506053268765134,10.895883777239709,81.59806295399515,7.263922518159806,74.33414043583535
E00072760,252,35,12,23,217,28,189,13.88888888888889,4.761904761904762,9.126984126984127,86.11111111111111,11.11111111111111,75
E00072761,205,24,6,18,181,22,159,11.707317073170733,2.9268292682926833,8.780487804878048,88.29268292682927,10.731707317073171,77.5609756097561
E00072762,267,46,20,26,221,24,197,17.228464419475657,7.490636704119851,9.737827715355806,82.77153558052434,8.98876404494382,73.78277153558052
E00072763,251,40,13,27,211,12,199,15.936254980079681,5.179282868525896,10.756972111553784,84.06374501992032,4.780876494023905,79.2828685258964
E00072764,194,35,8,27,159,21,138,18.04123711340206,4.123711340206185,13.917525773195877,81.95876288659794,10.824742268041238,71.1340206185567
E00072765,322,46,14,32,276,22,254,14.285714285714285,4.3478260869565215,9.937888198757763,85.71428571428571,6.832298136645963,78.88198757763976
E00072766,347,59,31,28,288,25,263,17.002881844380404,8.93371757925072,8.069164265129682,82.9971181556196,7.204610951008646,75.79250720461094
E00072767,348,33,9,24,315,33,282,9.482758620689655,2.586206896551724,6.896551724137931,90.51724137931035,9.482758620689655,81.03448275862068
E00072768,382,60,14,46,322,23,299,15.706806282722512,3.664921465968586,12.041884816753926,84.29319371727748,6.020942408376963,78.27225130890052
E00072769,325,40,9,31,285,32,253,12.307692307692308,2.769230769230769,9.538461538461538,87.6923076923077,9.846153846153847,77.84615384615384
E00072770,270,63,19,44,207,30,177,23.333333333333332,7.037037037037037,16.296296296296298,76.66666666666667,11.11111111111111,65.55555555555556
E00072771,268,47,19,28,221,21,200,17.537313432835823,7.08955223880597,10.44776119402985,82.46268656716418,7.835820895522389,74.6268656716418
E00072772,348,61,13,48,287,26,261,17.52873563218391,3.7356321839080464,13.793103448275861,82.47126436781609,7.471264367816093,75
E00072773,218,46,25,21,172,9,163,21.100917431192663,11.46788990825688,9.63302752293578,78.89908256880734,4.128440366972478,74.77064220183486
E00072774,166,40,14,26,126,15,111,24.096385542168676,8.433734939759036,15.66265060240964,75.90361445783132,9.036144578313253,66.86746987951807
E00072775,192,29,8,21,163,15,148,15.104166666666666,4.166666666666666,10.9375,84.89583333333334,7.8125,77.08333333333334
E00072776,286,36,9,27,250,23,227,12.587412587412588,3.146853146853147,9.44055944055944,87.41258741258741,8.041958041958042,79.37062937062937
E00072777,293,34,12,22,259,26,233,11.604095563139932,4.09556313993174,7.508532423208192,88.39590443686008,8.873720136518772,79.5221843003413
E00072778,306,31,16,15,275,37,238,10.130718954248366,5.228758169934641,4.901960784313726,89.86928104575163,12.091503267973856,77.77777777777779
E00072779,333,36,14,22,297,35,262,10.81081081081081,4.2042042042042045,6.606606606606606,89.1891891891892,10.51051051051051,78.67867867867868
E00072780,343,52,21,31,291,22,269,15.160349854227405,6.122448979591836,9.037900874635568,84.8396501457726,6.41399416909621,78.4256559766764
E00072781,226,49,19,30,177,13,164,21.68141592920354,8.4070796460177,13.274336283185843,78.31858407079646,5.752212389380531,72.56637168141593
E00072782,259,103,67,36,156,7,149,39.768339768339764,25.868725868725868,13.8996138996139,60.231660231660236,2.7027027027027026,57.52895752895753
E00072783,387,39,10,29,348,23,325,10.077519379844961,2.5839793281653747,7.493540051679587,89.92248062015504,5.943152454780361,83.97932816537468
E00072784,296,53,22,31,243,30,213,17.905405405405407,7.4324324324324325,10.472972972972974,82.0945945945946,10.135135135135135,71.95945945945947
E00072785,242,45,17,28,197,27,170,18.59504132231405,7.024793388429752,11.570247933884298,81.40495867768594,11.15702479338843,70.24793388429752
E00072786,331,49,18,31,282,26,256,14.803625377643503,5.438066465256798,9.365558912386707,85.1963746223565,7.854984894259818,77.34138972809667
E00072787,258,72,25,47,186,25,161,27.906976744186046,9.689922480620156,18.217054263565892,72.09302325581395,9.689922480620156,62.4031007751938
E00072788,340,52,19,33,288,24,264,15.294117647058824,5.588235294117648,9.705882352941178,84.70588235294117,7.0588235294117645,77.64705882352942
E00072789,283,46,10,36,237,30,207,16.25441696113074,3.53356890459364,12.7208480565371,83.74558303886926,10.60070671378092,73.14487632508833
E00072790,277,38,8,30,239,24,215,13.718411552346572,2.888086642599278,10.830324909747292,86.28158844765343,8.664259927797833,77.6173285198556
E00072791,297,41,16,25,256,31,225,13.804713804713806,5.387205387205387,8.417508417508419,86.19528619528619,10.437710437710438,75.75757575757575
E00072792,257,51,18,33,206,25,181,19.844357976653697,7.003891050583658,12.840466926070038,80.1556420233463,9.72762645914397,70.42801556420234
E00072793,229,33,9,24,196,17,179,14.41048034934498,3.9301310043668125,10.480349344978166,85.58951965065502,7.423580786026202,78.16593886462883
E00072794,339,48,15,33,291,33,258,14.15929203539823,4.424778761061947,9.734513274336283,85.84070796460178,9.734513274336283,76.10619469026548
E00072795,256,19,9,10,237,28,209,7.421875,3.515625,3.90625,92.578125,10.9375,81.640625
E00072797,354,36,4,32,318,22,296,10.16949152542373,1.1299435028248588,9.03954802259887,89.83050847457628,6.214689265536723,83.61581920903954
E00072798,413,37,6,31,376,28,348,8.958837772397095,1.4527845036319613,7.506053268765134,91.0411622276029,6.779661016949152,84.26150121065376
E00072799,271,29,8,21,242,31,211,10.70110701107011,2.952029520295203,7.7490774907749085,89.2988929889299,11.439114391143912,77.85977859778598
E00072800,220,24,6,18,196,22,174,10.909090909090908,2.727272727272727,8.181818181818182,89.0909090909091,10,79.0909090909091
E00072801,345,50,18,32,295,23,272,14.492753623188406,5.217391304347826,9.27536231884058,85.5072463768116,6.666666666666667,78.84057971014494
E00072802,256,20,1,19,236,18,218,7.8125,0.390625,7.421875,92.1875,7.03125,85.15625
E00072803,237,34,14,20,203,18,185,14.345991561181433,5.9071729957805905,8.438818565400844,85.65400843881856,7.59493670886076,78.05907172995781
E00072804,163,21,9,12,142,13,129,12.883435582822086,5.521472392638037,7.361963190184049,87.11656441717791,7.975460122699387,79.14110429447852
E00072805,275,30,4,26,245,25,220,10.909090909090908,1.4545454545454546,9.454545454545455,89.0909090909091,9.090909090909092,80
E00072806,186,25,6,19,161,13,148,13.440860215053762,3.225806451612903,10.21505376344086,86.55913978494624,6.989247311827956,79.56989247311827
E00072807,190,30,8,22,160,16,144,15.789473684210526,4.2105263157894735,11.578947368421053,84.21052631578947,8.421052631578947,75.78947368421053
E00072808,148,25,8,17,123,11,112,16.89189189189189,5.405405405405405,11.486486486486488,83.1081081081081,7.4324324324324325,75.67567567567568
E00072809,234,35,16,19,199,16,183,14.957264957264957,6.837606837606838,8.11965811965812,85.04273504273505,6.837606837606838,78.2051282051282
E00072810,251,60,26,34,191,13,178,23.904382470119522,10.358565737051793,13.545816733067728,76.09561752988047,5.179282868525896,70.91633466135458
E00072811,196,37,18,19,159,14,145,18.877551020408163,9.183673469387756,9.693877551020408,81.12244897959184,7.142857142857142,73.9795918367347
E00072812,218,45,18,27,173,17,156,20.642201834862387,8.256880733944955,12.385321100917432,79.35779816513761,7.79816513761468,71.55963302752293
E00072813,334,48,17,31,286,20,266,14.37125748502994,5.089820359281437,9.281437125748502,85.62874251497006,5.9880239520958085,79.64071856287424
E00072814,339,27,9,18,312,32,280,7.964601769911504,2.6548672566371683,5.3097345132743365,92.03539823008849,9.43952802359882,82.59587020648968
E00072815,284,40,14,26,244,28,216,14.084507042253522,4.929577464788732,9.15492957746479,85.91549295774648,9.859154929577464,76.05633802816901
E00072816,321,44,12,32,277,31,246,13.707165109034266,3.7383177570093453,9.968847352024921,86.29283489096574,9.657320872274143,76.63551401869158
E00072817,290,40,10,30,250,22,228,13.793103448275861,3.4482758620689653,10.344827586206897,86.20689655172413,7.586206896551724,78.62068965517241
E00072818,302,38,16,22,264,38,226,12.582781456953644,5.298013245033113,7.28476821192053,87.41721854304636,12.582781456953644,74.83443708609272
E00072819,321,30,8,22,291,30,261,9.345794392523365,2.4922118380062304,6.853582554517133,90.65420560747664,9.345794392523365,81.30841121495327
E00072820,302,31,11,20,271,37,234,10.264900662251655,3.642384105960265,6.622516556291391,89.73509933774835,12.251655629139073,77.48344370860927
E00072821,288,36,11,25,252,20,232,12.5,3.8194444444444446,8.680555555555555,87.5,6.944444444444445,80.55555555555556
E00072822,297,41,10,31,256,25,231,13.804713804713806,3.3670033670033668,10.437710437710438,86.19528619528619,8.417508417508419,77.77777777777779
E00072823,220,63,24,39,157,16,141,28.636363636363637,10.909090909090908,17.727272727272727,71.36363636363636,7.2727272727272725,64.0909090909091
E00072824,388,112,69,43,276,30,246,28.865979381443296,17.783505154639176,11.082474226804123,71.1340206185567,7.731958762886598,63.4020618556701
E00072825,284,49,17,32,235,26,209,17.253521126760564,5.985915492957746,11.267605633802818,82.74647887323944,9.15492957746479,73.59154929577466
E00072826,555,75,24,51,480,60,420,13.513513513513514,4.324324324324325,9.18918918918919,86.48648648648648,10.81081081081081,75.67567567567568
E00072827,355,47,8,39,308,28,280,13.239436619718308,2.2535211267605635,10.985915492957748,86.76056338028168,7.887323943661972,78.87323943661971
E00072828,348,35,7,28,313,24,289,10.057471264367816,2.0114942528735633,8.045977011494253,89.9425287356322,6.896551724137931,83.04597701149426
E00072829,322,31,8,23,291,31,260,9.627329192546584,2.484472049689441,7.142857142857142,90.37267080745342,9.627329192546584,80.74534161490683
E00072830,350,68,25,43,282,31,251,19.428571428571427,7.142857142857142,12.285714285714286,80.57142857142857,8.857142857142856,71.71428571428572
E00072831,331,37,15,22,294,35,259,11.178247734138973,4.531722054380665,6.646525679758309,88.82175226586104,10.574018126888216,78.24773413897282
E00072832,356,77,50,27,279,24,255,21.629213483146067,14.04494382022472,7.584269662921349,78.37078651685393,6.741573033707865,71.62921348314607
E00072833,483,74,17,57,409,28,381,15.320910973084887,3.5196687370600417,11.801242236024844,84.67908902691511,5.797101449275362,78.88198757763976
E00072834,368,56,18,38,312,22,290,15.217391304347828,4.891304347826087,10.326086956521738,84.78260869565217,5.978260869565218,78.80434782608695
E00072835,300,38,10,28,262,26,236,12.666666666666668,3.3333333333333335,9.333333333333334,87.33333333333333,8.666666666666668,78.66666666666666
E00072836,285,41,10,31,244,26,218,14.385964912280702,3.508771929824561,10.87719298245614,85.6140350877193,9.12280701754386,76.49122807017544
E00072837,531,84,31,53,447,42,405,15.819209039548024,5.83804143126177,9.981167608286253,84.18079096045197,7.909604519774012,76.27118644067797
E00072838,508,83,33,50,425,35,390,16.338582677165352,6.496062992125983,9.84251968503937,83.66141732283464,6.889763779527559,76.77165354330708
E00072839,362,30,14,16,332,22,310,8.287292817679557,3.867403314917127,4.41988950276243,91.71270718232044,6.077348066298343,85.6353591160221
E00072840,283,47,17,30,236,30,206,16.607773851590103,6.007067137809187,10.60070671378092,83.3922261484099,10.60070671378092,72.79151943462897
E00072841,367,41,8,33,326,37,289,11.1716621253406,2.17983651226158,8.991825613079019,88.8283378746594,10.08174386920981,78.7465940054496
E00072842,384,58,12,46,326,40,286,15.104166666666666,3.125,11.979166666666668,84.89583333333334,10.416666666666668,74.47916666666666
E00072844,326,66,17,49,260,15,245,20.245398773006134,5.214723926380368,15.030674846625766,79.75460122699386,4.601226993865031,75.15337423312883
E00072845,291,55,21,34,236,16,220,18.900343642611684,7.216494845360824,11.683848797250858,81.09965635738831,5.498281786941581,75.60137457044674
E00072846,351,41,17,24,310,34,276,11.68091168091168,4.843304843304843,6.837606837606838,88.31908831908832,9.686609686609685,78.63247863247864
E00072847,249,40,9,31,209,16,193,16.06425702811245,3.614457831325301,12.449799196787147,83.93574297188755,6.425702811244979,77.51004016064257
E00072848,280,50,20,30,230,16,214,17.857142857142858,7.142857142857142,10.714285714285714,82.14285714285714,5.714285714285714,76.42857142857142
E00072849,292,49,21,28,243,16,227,16.78082191780822,7.191780821917808,9.58904109589041,83.21917808219177,5.47945205479452,77.73972602739725
E00072850,289,49,24,25,240,20,220,16.955017301038062,8.304498269896193,8.650519031141869,83.04498269896193,6.920415224913495,76.12456747404845
E00072851,285,54,21,33,231,25,206,18.947368421052634,7.368421052631578,11.578947368421053,81.05263157894737,8.771929824561402,72.28070175438597
E00072852,371,71,27,44,300,28,272,19.137466307277627,7.277628032345014,11.859838274932615,80.86253369272237,7.547169811320755,73.31536388140162
E00072853,345,81,30,51,264,33,231,23.47826086956522,8.695652173913043,14.782608695652174,76.52173913043478,9.565217391304348,66.95652173913044
E00072854,431,60,23,37,371,39,332,13.921113689095128,5.336426914153132,8.584686774941995,86.07888631090486,9.048723897911833,77.03016241299304
E00072855,247,73,33,40,174,21,153,29.554655870445345,13.360323886639677,16.194331983805668,70.44534412955466,8.502024291497975,61.943319838056674
E00072856,349,68,25,43,281,22,259,19.484240687679083,7.163323782234957,12.320916905444127,80.51575931232091,6.303724928366762,74.21203438395415
E00072857,589,96,42,54,493,41,452,16.298811544991512,7.130730050933787,9.168081494057725,83.70118845500849,6.960950764006792,76.7402376910017
E00072858,288,33,13,20,255,25,230,11.458333333333332,4.513888888888888,6.944444444444445,88.54166666666666,8.680555555555555,79.86111111111111
E00072859,327,42,14,28,285,25,260,12.844036697247708,4.281345565749235,8.56269113149847,87.1559633027523,7.64525993883792,79.51070336391437
E00072860,307,56,15,41,251,30,221,18.241042345276874,4.88599348534202,13.355048859934854,81.75895765472313,9.77198697068404,71.9869706840391
E00072861,479,74,28,46,405,38,367,15.44885177453027,5.845511482254697,9.603340292275574,84.55114822546973,7.933194154488518,76.61795407098121
E00072862,264,43,15,28,221,13,208,16.28787878787879,5.681818181818182,10.606060606060606,83.71212121212122,4.924242424242424,78.78787878787878
E00072864,230,47,14,33,183,19,164,20.434782608695652,6.086956521739131,14.347826086956522,79.56521739130434,8.26086956521739,71.30434782608695
E00072865,400,97,43,54,303,32,271,24.25,10.75,13.5,75.75,8,67.75
E00072866,333,56,23,33,277,21,256,16.816816816816818,6.906906906906906,9.90990990990991,83.18318318318319,6.306306306306306,76.87687687687688
E00072867,390,73,21,52,317,35,282,18.71794871794872,5.384615384615385,13.333333333333334,81.28205128205128,8.974358974358974,72.3076923076923
E00072868,353,70,35,35,283,16,267,19.8300283286119,9.91501416430595,9.91501416430595,80.16997167138811,4.53257790368272,75.63739376770539
E00072869,299,82,48,34,217,19,198,27.424749163879596,16.05351170568562,11.37123745819398,72.5752508361204,6.354515050167224,66.22073578595318
E00072870,301,45,17,28,256,28,228,14.950166112956811,5.647840531561462,9.30232558139535,85.04983388704319,9.30232558139535,75.74750830564784
E00072871,349,52,19,33,297,37,260,14.899713467048711,5.444126074498568,9.455587392550143,85.10028653295129,10.601719197707736,74.49856733524355
E00072872,282,43,21,22,239,28,211,15.24822695035461,7.446808510638298,7.801418439716312,84.75177304964538,9.929078014184398,74.822695035461
E00072873,254,45,27,18,209,22,187,17.716535433070867,10.62992125984252,7.086614173228346,82.28346456692913,8.661417322834646,73.62204724409449
E00072874,243,63,30,33,180,19,161,25.925925925925924,12.345679012345679,13.580246913580247,74.07407407407408,7.818930041152264,66.2551440329218
E00072875,275,22,5,17,253,27,226,8,1.8181818181818181,6.181818181818182,92,9.818181818181818,82.18181818181817
E00072876,222,50,25,25,172,22,150,22.52252252252252,11.26126126126126,11.26126126126126,77.47747747747748,9.90990990990991,67.56756756756756
E00072877,305,38,11,27,267,22,245,12.459016393442624,3.606557377049181,8.852459016393443,87.54098360655738,7.213114754098362,80.32786885245902
E00072878,254,54,16,38,200,23,177,21.25984251968504,6.299212598425196,14.960629921259844,78.74015748031496,9.05511811023622,69.68503937007874
E00072879,407,48,9,39,359,43,316,11.793611793611793,2.211302211302211,9.582309582309582,88.20638820638821,10.565110565110565,77.64127764127764
E00072880,356,29,7,22,327,36,291,8.146067415730338,1.9662921348314606,6.179775280898876,91.85393258426966,10.112359550561797,81.74157303370787
E00072881,352,39,13,26,313,29,284,11.079545454545455,3.6931818181818183,7.386363636363637,88.92045454545455,8.238636363636363,80.68181818181817
E00072882,307,59,16,43,248,21,227,19.218241042345277,5.211726384364821,14.006514657980457,80.78175895765473,6.840390879478828,73.9413680781759
E00072883,289,49,11,38,240,19,221,16.955017301038062,3.8062283737024223,13.148788927335639,83.04498269896193,6.5743944636678195,76.47058823529412
E00072884,229,46,16,30,183,23,160,20.087336244541483,6.986899563318777,13.100436681222707,79.91266375545851,10.043668122270741,69.86899563318777
E00072885,379,35,10,25,344,30,314,9.234828496042216,2.638522427440633,6.596306068601583,90.76517150395779,7.9155672823219,82.84960422163589
E00072886,313,41,16,25,272,22,250,13.099041533546327,5.111821086261981,7.987220447284344,86.90095846645367,7.0287539936102235,79.87220447284345
E00072887,245,49,13,36,196,12,184,20,5.3061224489795915,14.69387755102041,80,4.8979591836734695,75.10204081632654
E00072888,398,60,21,39,338,37,301,15.07537688442211,5.276381909547738,9.798994974874372,84.92462311557789,9.296482412060302,75.62814070351759
E00072889,271,36,7,29,235,14,221,13.284132841328415,2.5830258302583027,10.70110701107011,86.71586715867159,5.166051660516605,81.54981549815497
E00072890,339,42,13,29,297,25,272,12.389380530973451,3.8348082595870205,8.55457227138643,87.61061946902655,7.374631268436578,80.23598820058997
E00072891,328,55,23,32,273,31,242,16.76829268292683,7.01219512195122,9.75609756097561,83.23170731707317,9.451219512195122,73.78048780487805
E00072892,307,50,21,29,257,27,230,16.286644951140065,6.840390879478828,9.446254071661238,83.71335504885994,8.794788273615636,74.9185667752443
E00072894,260,60,22,38,200,24,176,23.076923076923077,8.461538461538462,14.615384615384617,76.92307692307693,9.230769230769232,67.6923076923077
E00072895,273,73,23,50,200,13,187,26.73992673992674,8.424908424908425,18.315018315018314,73.26007326007326,4.761904761904762,68.4981684981685
E00072896,342,47,17,30,295,27,268,13.742690058479532,4.970760233918129,8.771929824561402,86.25730994152046,7.894736842105263,78.3625730994152
E00072897,379,68,24,44,311,24,287,17.941952506596305,6.33245382585752,11.609498680738787,82.05804749340369,6.33245382585752,75.72559366754618
E00072898,395,78,18,60,317,25,292,19.746835443037973,4.556962025316456,15.18987341772152,80.25316455696202,6.329113924050633,73.9240506329114
E00072899,330,41,17,24,289,27,262,12.424242424242424,5.151515151515151,7.2727272727272725,87.57575757575758,8.181818181818182,79.39393939393939
E00072900,325,58,27,31,267,24,243,17.846153846153847,8.307692307692308,9.538461538461538,82.15384615384616,7.384615384615385,74.76923076923076
E00072901,371,102,55,47,269,25,244,27.49326145552561,14.824797843665769,12.668463611859837,72.50673854447439,6.738544474393531,65.76819407008087
E00072902,266,40,19,21,226,18,208,15.037593984962406,7.142857142857142,7.894736842105263,84.9624060150376,6.7669172932330826,78.19548872180451
E00072903,298,50,10,40,248,17,231,16.778523489932887,3.3557046979865772,13.422818791946309,83.22147651006712,5.704697986577181,77.51677852348993
E00072904,291,44,14,30,247,33,214,15.120274914089347,4.810996563573884,10.309278350515463,84.87972508591065,11.34020618556701,73.53951890034365
E00072905,344,46,14,32,298,45,253,13.372093023255813,4.069767441860465,9.30232558139535,86.62790697674419,13.08139534883721,73.54651162790698
E00072906,333,58,20,38,275,22,253,17.417417417417415,6.006006006006006,11.411411411411411,82.58258258258259,6.606606606606606,75.97597597597597
E00072907,320,69,41,28,251,23,228,21.5625,12.812499999999998,8.75,78.4375,7.187499999999999,71.25
E00072908,330,45,15,30,285,39,246,13.636363636363635,4.545454545454546,9.090909090909092,86.36363636363636,11.818181818181818,74.54545454545455
E00072909,288,50,26,24,238,30,208,17.36111111111111,9.027777777777777,8.333333333333332,82.63888888888889,10.416666666666668,72.22222222222221
E00072910,420,45,8,37,375,48,327,10.714285714285714,1.9047619047619049,8.80952380952381,89.28571428571429,11.428571428571429,77.85714285714286
E00072911,407,55,15,40,352,38,314,13.513513513513514,3.6855036855036856,9.828009828009828,86.48648648648648,9.336609336609335,77.14987714987716
E00072912,404,42,12,30,362,27,335,10.396039603960396,2.9702970297029703,7.425742574257425,89.60396039603961,6.683168316831684,82.92079207920791
E00072913,464,53,9,44,411,30,381,11.422413793103448,1.9396551724137931,9.482758620689655,88.57758620689656,6.4655172413793105,82.11206896551724
E00072914,324,39,9,30,285,28,257,12.037037037037036,2.7777777777777777,9.25925925925926,87.96296296296296,8.641975308641975,79.32098765432099
E00072915,385,48,5,43,337,22,315,12.467532467532468,1.2987012987012987,11.168831168831169,87.53246753246754,5.714285714285714,81.81818181818183
E00072916,371,72,27,45,299,33,266,19.40700808625337,7.277628032345014,12.129380053908356,80.59299191374663,8.89487870619946,71.69811320754717
E00072917,278,53,22,31,225,19,206,19.06474820143885,7.913669064748201,11.151079136690647,80.93525179856115,6.83453237410072,74.10071942446042
E00072918,224,52,26,26,172,19,153,23.214285714285715,11.607142857142858,11.607142857142858,76.78571428571429,8.482142857142858,68.30357142857143
E00072919,272,60,22,38,212,26,186,22.058823529411764,8.088235294117647,13.970588235294118,77.94117647058823,9.558823529411764,68.38235294117648
E00072920,298,70,38,32,228,18,210,23.48993288590604,12.751677852348994,10.738255033557047,76.51006711409396,6.0402684563758395,70.46979865771812
E00072921,236,75,38,37,161,15,146,31.779661016949152,16.101694915254235,15.677966101694915,68.22033898305084,6.3559322033898304,61.86440677966102
E00072922,373,79,37,42,294,25,269,21.179624664879356,9.919571045576408,11.26005361930295,78.82037533512064,6.702412868632708,72.11796246648794
E00072923,287,62,27,35,225,23,202,21.602787456445995,9.40766550522648,12.195121951219512,78.397212543554,8.013937282229964,70.38327526132404
E00072924,291,67,25,42,224,21,203,23.02405498281787,8.59106529209622,14.432989690721648,76.97594501718214,7.216494845360824,69.7594501718213
E00072925,309,45,16,29,264,21,243,14.563106796116504,5.177993527508091,9.385113268608414,85.43689320388349,6.796116504854369,78.64077669902912
E00072926,458,53,19,34,405,34,371,11.572052401746726,4.148471615720524,7.423580786026202,88.42794759825327,7.423580786026202,81.00436681222706
E00072927,546,95,37,58,451,30,421,17.399267399267398,6.7765567765567765,10.622710622710622,82.6007326007326,5.4945054945054945,77.10622710622711
E00072930,326,50,24,26,276,22,254,15.337423312883436,7.361963190184049,7.975460122699387,84.66257668711657,6.748466257668712,77.91411042944786
E00072931,377,48,19,29,329,24,305,12.73209549071618,5.039787798408488,7.6923076923076925,87.26790450928382,6.36604774535809,80.90185676392572
E00072932,309,70,35,35,239,25,214,22.653721682847898,11.326860841423949,11.326860841423949,77.34627831715211,8.090614886731391,69.25566343042071
E00072933,223,71,30,41,152,21,131,31.838565022421523,13.452914798206278,18.385650224215247,68.16143497757847,9.417040358744394,58.744394618834086
E00072934,332,38,15,23,294,23,271,11.44578313253012,4.518072289156627,6.927710843373494,88.55421686746988,6.927710843373494,81.62650602409639
E00072935,283,44,23,21,239,19,220,15.547703180212014,8.12720848056537,7.420494699646643,84.45229681978799,6.713780918727916,77.73851590106007
E00072936,282,58,27,31,224,23,201,20.56737588652482,9.574468085106384,10.99290780141844,79.43262411347519,8.156028368794328,71.27659574468085
E00072937,419,118,63,55,301,27,274,28.162291169451077,15.035799522673033,13.126491646778044,71.83770883054893,6.443914081145586,65.39379474940334
E00072938,260,44,16,28,216,19,197,16.923076923076923,6.153846153846154,10.76923076923077,83.07692307692308,7.307692307692308,75.76923076923077
E00072940,301,41,15,26,260,29,231,13.621262458471762,4.983388704318937,8.637873754152823,86.37873754152824,9.634551495016613,76.74418604651163
E00072941,293,53,24,29,240,15,225,18.088737201365188,8.19112627986348,9.897610921501707,81.91126279863481,5.1194539249146755,76.79180887372013
E00072942,259,32,12,20,227,22,205,12.355212355212355,4.633204633204633,7.722007722007722,87.64478764478764,8.494208494208493,79.15057915057915
E00072943,522,73,28,45,449,36,413,13.984674329501914,5.363984674329502,8.620689655172415,86.01532567049809,6.896551724137931,79.11877394636015
E00072944,385,78,37,41,307,29,278,20.259740259740262,9.61038961038961,10.649350649350648,79.74025974025975,7.532467532467532,72.20779220779221
E00072945,278,30,12,18,248,21,227,10.79136690647482,4.316546762589928,6.474820143884892,89.20863309352518,7.553956834532374,81.65467625899281
E00072946,274,33,11,22,241,34,207,12.043795620437956,4.014598540145985,8.02919708029197,87.95620437956204,12.408759124087592,75.54744525547446
E00072947,234,69,38,31,165,11,154,29.48717948717949,16.23931623931624,13.247863247863249,70.51282051282051,4.700854700854701,65.8119658119658
E00072948,547,83,21,62,464,41,423,15.173674588665447,3.8391224862888484,11.3345521023766,84.82632541133455,7.495429616087751,77.3308957952468
E00072949,295,31,10,21,264,17,247,10.508474576271185,3.389830508474576,7.118644067796611,89.49152542372882,5.762711864406779,83.72881355932203
E00072950,358,41,24,17,317,32,285,11.452513966480447,6.70391061452514,4.748603351955307,88.54748603351955,8.938547486033519,79.60893854748603
E00072951,444,83,33,50,361,34,327,18.693693693693696,7.4324324324324325,11.26126126126126,81.30630630630631,7.657657657657657,73.64864864864865
E00072952,380,69,24,45,311,21,290,18.157894736842106,6.315789473684211,11.842105263157894,81.84210526315789,5.526315789473684,76.31578947368422
E00072953,215,27,10,17,188,21,167,12.558139534883722,4.651162790697675,7.906976744186046,87.44186046511628,9.767441860465116,77.67441860465117
E00072954,265,62,24,38,203,19,184,23.39622641509434,9.056603773584905,14.339622641509434,76.60377358490567,7.169811320754717,69.43396226415094
E00072955,172,22,11,11,150,19,131,12.790697674418606,6.395348837209303,6.395348837209303,87.20930232558139,11.046511627906977,76.16279069767442
E00072956,321,39,17,22,282,34,248,12.149532710280374,5.29595015576324,6.853582554517133,87.85046728971963,10.59190031152648,77.25856697819314
E00072957,312,49,20,29,263,23,240,15.705128205128204,6.41025641025641,9.294871794871796,84.2948717948718,7.371794871794872,76.92307692307693
E00072958,302,50,26,24,252,21,231,16.55629139072848,8.609271523178808,7.9470198675496695,83.44370860927152,6.95364238410596,76.49006622516556
E00072959,218,69,30,39,149,12,137,31.65137614678899,13.761467889908257,17.889908256880734,68.34862385321101,5.5045871559633035,62.84403669724771
E00072960,281,65,28,37,216,19,197,23.131672597864767,9.9644128113879,13.167259786476867,76.86832740213522,6.761565836298933,70.1067615658363
E00072961,293,43,17,26,250,25,225,14.675767918088736,5.802047781569966,8.873720136518772,85.32423208191126,8.532423208191126,76.79180887372013
E00072962,319,35,13,22,284,26,258,10.9717868338558,4.075235109717868,6.896551724137931,89.0282131661442,8.150470219435736,80.87774294670847
E00072963,268,54,22,32,214,26,188,20.149253731343283,8.208955223880597,11.940298507462686,79.8507462686567,9.701492537313433,70.1492537313433
E00072964,275,40,18,22,235,18,217,14.545454545454545,6.545454545454546,8,85.45454545454545,6.545454545454546,78.9090909090909
E00072965,312,49,16,33,263,30,233,15.705128205128204,5.128205128205128,10.576923076923077,84.2948717948718,9.615384615384617,74.67948717948718
E00072966,346,47,14,33,299,23,276,13.583815028901732,4.046242774566474,9.53757225433526,86.41618497109826,6.6473988439306355,79.76878612716763
E00072967,308,59,21,38,249,22,227,19.155844155844157,6.8181818181818175,12.337662337662337,80.84415584415584,7.142857142857142,73.7012987012987
E00072968,370,82,33,49,288,35,253,22.162162162162165,8.91891891891892,13.243243243243244,77.83783783783784,9.45945945945946,68.37837837837839
E00072970,377,58,20,38,319,27,292,15.384615384615385,5.305039787798409,10.079575596816976,84.61538461538461,7.161803713527852,77.45358090185677
E00072971,310,76,41,35,234,19,215,24.516129032258064,13.225806451612904,11.29032258064516,75.48387096774194,6.129032258064516,69.35483870967742
E00072972,209,55,21,34,154,11,143,26.31578947368421,10.047846889952153,16.267942583732058,73.68421052631578,5.263157894736842,68.42105263157895
E00072973,337,58,23,35,279,24,255,17.210682492581604,6.824925816023739,10.385756676557865,82.7893175074184,7.121661721068249,75.66765578635015
E00072974,382,81,32,49,301,23,278,21.20418848167539,8.37696335078534,12.827225130890053,78.79581151832461,6.020942408376963,72.77486910994764
E00072975,366,63,17,46,303,31,272,17.21311475409836,4.644808743169399,12.568306010928962,82.78688524590164,8.469945355191257,74.31693989071039
E00072976,313,60,16,44,253,40,213,19.169329073482427,5.111821086261981,14.057507987220447,80.83067092651757,12.779552715654951,68.05111821086261
E00072977,329,53,12,41,276,30,246,16.109422492401215,3.64741641337386,12.462006079027356,83.89057750759878,9.118541033434651,74.77203647416414
E00072978,417,65,20,45,352,33,319,15.587529976019185,4.796163069544365,10.79136690647482,84.41247002398082,7.913669064748201,76.49880095923261
E00072980,309,74,36,38,235,14,221,23.948220064724918,11.650485436893204,12.297734627831716,76.05177993527508,4.53074433656958,71.52103559870551
E00072981,276,79,34,45,197,32,165,28.6231884057971,12.318840579710146,16.304347826086957,71.37681159420289,11.594202898550725,59.78260869565217
E00072982,484,92,38,54,392,31,361,19.00826446280992,7.851239669421488,11.15702479338843,80.99173553719008,6.40495867768595,74.58677685950413
E00072983,315,70,29,41,245,26,219,22.22222222222222,9.206349206349207,13.015873015873018,77.77777777777779,8.253968253968253,69.52380952380952
E00072984,363,85,25,60,278,24,254,23.415977961432507,6.887052341597796,16.528925619834713,76.5840220385675,6.6115702479338845,69.9724517906336
E00072985,429,64,17,47,365,35,330,14.918414918414918,3.9627039627039626,10.955710955710956,85.08158508158508,8.158508158508159,76.92307692307693
E00072986,408,48,14,34,360,28,332,11.76470588235294,3.431372549019608,8.333333333333332,88.23529411764706,6.862745098039216,81.37254901960785
E00072987,316,48,23,25,268,31,237,15.18987341772152,7.2784810126582276,7.9113924050632916,84.81012658227847,9.81012658227848,75
E00072988,305,37,10,27,268,41,227,12.131147540983607,3.278688524590164,8.852459016393443,87.8688524590164,13.442622950819672,74.42622950819671
E00072989,350,43,17,26,307,24,283,12.285714285714286,4.857142857142857,7.428571428571429,87.71428571428571,6.857142857142858,80.85714285714286
E00072990,352,42,11,31,310,33,277,11.931818181818182,3.125,8.806818181818182,88.06818181818183,9.375,78.69318181818183
E00072991,301,52,17,35,249,27,222,17.275747508305646,5.647840531561462,11.627906976744185,82.72425249169434,8.970099667774086,73.75415282392026
E00072992,337,37,6,31,300,36,264,10.979228486646884,1.7804154302670623,9.198813056379821,89.02077151335311,10.682492581602373,78.33827893175074
E00072993,347,38,15,23,309,29,280,10.951008645533141,4.322766570605188,6.628242074927954,89.04899135446685,8.357348703170029,80.69164265129683
E00072994,244,82,35,47,162,14,148,33.60655737704918,14.344262295081966,19.262295081967213,66.39344262295081,5.737704918032787,60.65573770491803
E00072995,228,72,38,34,156,17,139,31.57894736842105,16.666666666666664,14.912280701754385,68.42105263157895,7.456140350877193,60.96491228070175
E00072996,302,49,17,32,253,16,237,16.225165562913908,5.629139072847682,10.596026490066226,83.77483443708608,5.298013245033113,78.47682119205298
E00072997,351,48,11,37,303,30,273,13.675213675213676,3.133903133903134,10.541310541310542,86.32478632478633,8.547008547008547,77.77777777777779
E00072998,357,36,15,21,321,30,291,10.084033613445378,4.201680672268908,5.88235294117647,89.91596638655463,8.403361344537815,81.5126050420168
E00072999,330,43,9,34,287,24,263,13.030303030303031,2.727272727272727,10.303030303030303,86.96969696969697,7.2727272727272725,79.6969696969697
E00073000,329,30,3,27,299,27,272,9.118541033434651,0.911854103343465,8.206686930091186,90.88145896656535,8.206686930091186,82.67477203647417
E00073001,309,45,22,23,264,26,238,14.563106796116504,7.119741100323624,7.443365695792881,85.43689320388349,8.414239482200648,77.02265372168284
E00073002,314,59,21,38,255,20,235,18.789808917197455,6.687898089171974,12.101910828025478,81.21019108280255,6.369426751592357,74.84076433121018
E00073003,274,79,35,44,195,7,188,28.832116788321166,12.773722627737227,16.05839416058394,71.16788321167883,2.5547445255474455,68.61313868613139
E00073004,300,41,16,25,259,28,231,13.666666666666666,5.333333333333334,8.333333333333332,86.33333333333333,9.333333333333334,77
E00073005,374,99,41,58,275,25,250,26.47058823529412,10.962566844919785,15.508021390374333,73.52941176470588,6.684491978609626,66.84491978609626
E00073006,281,38,11,27,243,24,219,13.523131672597867,3.9145907473309607,9.608540925266903,86.47686832740213,8.540925266903916,77.93594306049823
E00073007,256,41,15,26,215,25,190,16.015625,5.859375,10.15625,83.984375,9.765625,74.21875
E00073008,267,46,16,30,221,14,207,17.228464419475657,5.992509363295881,11.235955056179774,82.77153558052434,5.2434456928838955,77.52808988764045
E00073009,281,48,20,28,233,20,213,17.08185053380783,7.11743772241993,9.9644128113879,82.91814946619218,7.11743772241993,75.80071174377224
E00073010,264,63,27,36,201,27,174,23.863636363636363,10.227272727272728,13.636363636363635,76.13636363636364,10.227272727272728,65.9090909090909
E00073011,295,53,15,38,242,30,212,17.966101694915253,5.084745762711865,12.88135593220339,82.03389830508473,10.16949152542373,71.86440677966101
E00073012,305,62,29,33,243,24,219,20.327868852459016,9.508196721311474,10.819672131147541,79.67213114754098,7.868852459016394,71.80327868852459
E00073013,322,38,13,25,284,23,261,11.801242236024844,4.037267080745342,7.763975155279502,88.19875776397515,7.142857142857142,81.05590062111801
E00073014,318,30,11,19,288,38,250,9.433962264150944,3.459119496855346,5.9748427672955975,90.56603773584906,11.949685534591195,78.61635220125787
E00073015,297,47,20,27,250,27,223,15.824915824915825,6.7340067340067336,9.090909090909092,84.17508417508418,9.090909090909092,75.08417508417509
E00073016,249,39,14,25,210,16,194,15.66265060240964,5.622489959839357,10.040160642570282,84.33734939759037,6.425702811244979,77.91164658634538
E00073017,295,78,37,41,217,14,203,26.440677966101696,12.54237288135593,13.898305084745763,73.5593220338983,4.745762711864407,68.8135593220339
E00073018,433,96,40,56,337,25,312,22.170900692840647,9.237875288683602,12.933025404157044,77.82909930715935,5.773672055427252,72.05542725173211
E00073019,206,42,16,26,164,14,150,20.388349514563107,7.766990291262135,12.62135922330097,79.6116504854369,6.796116504854369,72.81553398058253
E00073020,216,43,10,33,173,19,154,19.90740740740741,4.62962962962963,15.277777777777779,80.0925925925926,8.796296296296296,71.29629629629629
E00073021,239,58,22,36,181,22,159,24.267782426778243,9.205020920502092,15.062761506276152,75.73221757322176,9.205020920502092,66.52719665271967
E00073022,131,25,9,16,106,15,91,19.083969465648856,6.870229007633588,12.213740458015266,80.91603053435115,11.450381679389313,69.46564885496184
E00073023,287,37,10,27,250,25,225,12.89198606271777,3.484320557491289,9.40766550522648,87.10801393728222,8.710801393728223,78.397212543554
E00073024,192,49,17,32,143,16,127,25.520833333333332,8.854166666666668,16.666666666666664,74.47916666666666,8.333333333333332,66.14583333333334
E00073025,390,47,19,28,343,43,300,12.051282051282051,4.871794871794872,7.179487179487179,87.94871794871794,11.025641025641026,76.92307692307693
E00073026,254,90,65,25,164,21,143,35.43307086614173,25.590551181102363,9.84251968503937,64.56692913385827,8.267716535433072,56.2992125984252
E00073027,331,43,17,26,288,32,256,12.990936555891238,5.13595166163142,7.854984894259818,87.00906344410876,9.667673716012084,77.34138972809667
E00073028,339,76,32,44,263,32,231,22.418879056047196,9.43952802359882,12.979351032448378,77.5811209439528,9.43952802359882,68.14159292035397
E00073029,258,48,15,33,210,29,181,18.6046511627907,5.813953488372093,12.790697674418606,81.3953488372093,11.24031007751938,70.15503875968993
E00073030,299,45,22,23,254,20,234,15.050167224080269,7.357859531772576,7.6923076923076925,84.94983277591973,6.688963210702341,78.26086956521739
E00073031,291,81,39,42,210,11,199,27.835051546391753,13.402061855670103,14.432989690721648,72.16494845360825,3.7800687285223367,68.38487972508591
E00073032,326,78,35,43,248,22,226,23.92638036809816,10.736196319018406,13.190184049079754,76.07361963190185,6.748466257668712,69.32515337423312
E00073033,271,63,30,33,208,19,189,23.247232472324722,11.07011070110701,12.177121771217712,76.75276752767527,7.011070110701106,69.74169741697416
E00073034,354,157,120,37,197,17,180,44.35028248587571,33.89830508474576,10.451977401129943,55.6497175141243,4.80225988700565,50.847457627118644
E00073035,270,63,34,29,207,18,189,23.333333333333332,12.592592592592592,10.74074074074074,76.66666666666667,6.666666666666667,70
E00073036,369,86,38,48,283,20,263,23.306233062330623,10.29810298102981,13.008130081300814,76.69376693766937,5.420054200542006,71.27371273712737
E00073037,289,49,17,32,240,22,218,16.955017301038062,5.88235294117647,11.072664359861593,83.04498269896193,7.612456747404845,75.4325259515571
E00073038,347,85,37,48,262,21,241,24.495677233429394,10.662824207492795,13.8328530259366,75.50432276657061,6.051873198847262,69.45244956772333
E00073039,268,61,23,38,207,19,188,22.761194029850746,8.582089552238806,14.17910447761194,77.23880597014924,7.08955223880597,70.1492537313433
E00073040,299,79,32,47,220,18,202,26.421404682274247,10.702341137123746,15.719063545150503,73.57859531772574,6.0200668896321075,67.55852842809364
E00073041,286,60,24,36,226,11,215,20.97902097902098,8.391608391608392,12.587412587412588,79.02097902097903,3.8461538461538463,75.17482517482517
E00073042,271,36,10,26,235,24,211,13.284132841328415,3.6900369003690034,9.59409594095941,86.71586715867159,8.856088560885608,77.85977859778598
E00073043,364,79,39,40,285,19,266,21.703296703296704,10.714285714285714,10.989010989010989,78.2967032967033,5.21978021978022,73.07692307692307
E00073044,239,60,27,33,179,7,172,25.10460251046025,11.297071129707113,13.807531380753138,74.89539748953975,2.928870292887029,71.96652719665272
E00073045,267,56,27,29,211,25,186,20.973782771535582,10.112359550561797,10.861423220973784,79.02621722846442,9.363295880149813,69.66292134831461
E00073046,302,65,30,35,237,18,219,21.52317880794702,9.933774834437086,11.589403973509933,78.47682119205298,5.960264900662252,72.51655629139073
E00073047,290,73,27,46,217,21,196,25.17241379310345,9.310344827586208,15.862068965517242,74.82758620689656,7.241379310344828,67.58620689655173
E00073048,382,99,33,66,283,32,251,25.916230366492147,8.638743455497382,17.277486910994764,74.08376963350786,8.37696335078534,65.70680628272252
E00073049,293,28,5,23,265,10,255,9.556313993174061,1.7064846416382253,7.849829351535837,90.44368600682594,3.4129692832764507,87.03071672354949
E00073050,354,59,17,42,295,28,267,16.666666666666664,4.80225988700565,11.864406779661017,83.33333333333334,7.909604519774012,75.42372881355932
E00073051,216,29,6,23,187,26,161,13.425925925925927,2.7777777777777777,10.648148148148149,86.57407407407408,12.037037037037036,74.53703703703704
E00073052,273,49,17,32,224,16,208,17.94871794871795,6.227106227106227,11.72161172161172,82.05128205128204,5.86080586080586,76.19047619047619
E00073053,264,48,13,35,216,29,187,18.181818181818183,4.924242424242424,13.257575757575758,81.81818181818183,10.984848484848484,70.83333333333334
E00073054,267,34,4,30,233,26,207,12.734082397003746,1.4981273408239701,11.235955056179774,87.26591760299625,9.737827715355806,77.52808988764045
E00073055,245,37,14,23,208,18,190,15.10204081632653,5.714285714285714,9.387755102040817,84.89795918367346,7.346938775510205,77.55102040816327
E00073056,321,53,12,41,268,31,237,16.510903426791277,3.7383177570093453,12.77258566978193,83.48909657320873,9.657320872274143,73.83177570093457
E00073057,246,26,5,21,220,20,200,10.569105691056912,2.0325203252032518,8.536585365853659,89.43089430894308,8.130081300813007,81.30081300813008
E00073058,264,32,7,25,232,24,208,12.121212121212121,2.6515151515151514,9.469696969696969,87.87878787878788,9.090909090909092,78.78787878787878
E00073059,275,40,7,33,235,29,206,14.545454545454545,2.5454545454545454,12,85.45454545454545,10.545454545454545,74.90909090909092
E00073060,292,43,15,28,249,17,232,14.726027397260275,5.136986301369863,9.58904109589041,85.27397260273972,5.821917808219178,79.45205479452055
E00073061,235,59,22,37,176,11,165,25.106382978723403,9.361702127659575,15.74468085106383,74.8936170212766,4.680851063829787,70.2127659574468
E00073062,235,23,6,17,212,16,196,9.787234042553191,2.553191489361702,7.234042553191489,90.2127659574468,6.808510638297872,83.40425531914893
E00073063,154,33,11,22,121,15,106,21.428571428571427,7.142857142857142,14.285714285714285,78.57142857142857,9.740259740259742,68.83116883116884
E00073064,251,36,7,29,215,19,196,14.342629482071715,2.788844621513944,11.553784860557768,85.65737051792829,7.569721115537849,78.08764940239044
E00073065,294,49,22,27,245,21,224,16.666666666666664,7.482993197278912,9.183673469387756,83.33333333333334,7.142857142857142,76.19047619047619
E00073066,262,37,12,25,225,25,200,14.122137404580155,4.580152671755725,9.541984732824428,85.87786259541986,9.541984732824428,76.33587786259542
E00073067,306,48,20,28,258,14,244,15.686274509803921,6.535947712418301,9.15032679738562,84.31372549019608,4.57516339869281,79.73856209150327
E00073068,328,42,11,31,286,27,259,12.804878048780488,3.353658536585366,9.451219512195122,87.1951219512195,8.231707317073171,78.96341463414635
E00073069,223,30,10,20,193,16,177,13.452914798206278,4.484304932735426,8.968609865470851,86.54708520179372,7.174887892376682,79.37219730941703
E00073070,257,32,8,24,225,31,194,12.45136186770428,3.11284046692607,9.33852140077821,87.54863813229572,12.062256809338521,75.4863813229572
E00073071,314,54,20,34,260,32,228,17.197452229299362,6.369426751592357,10.828025477707007,82.80254777070064,10.191082802547772,72.61146496815286
E00073072,315,48,10,38,267,21,246,15.238095238095239,3.1746031746031744,12.063492063492063,84.76190476190476,6.666666666666667,78.0952380952381
E00073073,318,51,18,33,267,21,246,16.037735849056602,5.660377358490567,10.377358490566039,83.9622641509434,6.60377358490566,77.35849056603774
E00073074,274,48,18,30,226,19,207,17.51824817518248,6.569343065693431,10.948905109489052,82.48175182481752,6.934306569343065,75.54744525547446
E00073075,251,63,31,32,188,14,174,25.099601593625497,12.350597609561753,12.749003984063744,74.9003984063745,5.577689243027888,69.32270916334662
E00073076,327,58,24,34,269,34,235,17.737003058103976,7.339449541284404,10.397553516819572,82.26299694189603,10.397553516819572,71.86544342507645
E00073077,342,76,38,38,266,18,248,22.22222222222222,11.11111111111111,11.11111111111111,77.77777777777779,5.263157894736842,72.51461988304094
E00073078,317,29,10,19,288,19,269,9.14826498422713,3.1545741324921135,5.993690851735016,90.85173501577287,5.993690851735016,84.85804416403786
E00073079,385,94,36,58,291,34,257,24.415584415584416,9.35064935064935,15.064935064935064,75.58441558441558,8.831168831168831,66.75324675324676
E00073080,298,41,14,27,257,14,243,13.758389261744966,4.697986577181208,9.060402684563758,86.24161073825503,4.697986577181208,81.54362416107382
E00073081,461,82,34,48,379,31,348,17.787418655097614,7.37527114967462,10.412147505422993,82.21258134490239,6.724511930585683,75.48806941431671
E00073084,332,46,13,33,286,17,269,13.855421686746988,3.91566265060241,9.939759036144578,86.14457831325302,5.120481927710843,81.02409638554217
E00073085,322,44,18,26,278,17,261,13.664596273291925,5.590062111801243,8.074534161490684,86.33540372670807,5.279503105590062,81.05590062111801
E00073086,400,104,51,53,296,21,275,26,12.75,13.25,74,5.25,68.75
E00073087,348,55,19,36,293,31,262,15.804597701149426,5.459770114942529,10.344827586206897,84.19540229885058,8.908045977011495,75.28735632183908
E00073088,367,46,9,37,321,35,286,12.534059945504087,2.452316076294278,10.08174386920981,87.46594005449592,9.536784741144414,77.9291553133515
E00073090,322,36,6,30,286,30,256,11.180124223602485,1.8633540372670807,9.316770186335404,88.81987577639751,9.316770186335404,79.5031055900621
E00073091,293,45,14,31,248,26,222,15.358361774744028,4.778156996587031,10.580204778156997,84.64163822525597,8.873720136518772,75.76791808873719
E00073092,256,63,30,33,193,18,175,24.609375,11.71875,12.890625,75.390625,7.03125,68.359375
E00073093,315,42,10,32,273,23,250,13.333333333333334,3.1746031746031744,10.158730158730158,86.66666666666667,7.301587301587302,79.36507936507937
E00073094,352,46,13,33,306,25,281,13.068181818181818,3.6931818181818183,9.375,86.93181818181817,7.1022727272727275,79.82954545454545
E00073095,428,45,10,35,383,40,343,10.514018691588785,2.336448598130841,8.177570093457943,89.48598130841121,9.345794392523365,80.14018691588785
E00073096,336,66,22,44,270,34,236,19.642857142857142,6.547619047619048,13.095238095238097,80.35714285714286,10.119047619047619,70.23809523809523
E00073097,340,36,0,36,304,29,275,10.588235294117647,0,10.588235294117647,89.41176470588236,8.529411764705882,80.88235294117648
E00073098,330,55,13,42,275,25,250,16.666666666666664,3.939393939393939,12.727272727272727,83.33333333333334,7.575757575757576,75.75757575757575
E00073099,374,111,68,43,263,21,242,29.67914438502674,18.181818181818183,11.497326203208557,70.32085561497327,5.614973262032086,64.70588235294117
E00073100,389,46,12,34,343,30,313,11.825192802056556,3.0848329048843186,8.740359897172237,88.17480719794345,7.712082262210797,80.46272493573264
E00073101,419,63,19,44,356,44,312,15.035799522673033,4.534606205250596,10.501193317422434,84.96420047732697,10.501193317422434,74.46300715990454
E00073102,353,56,10,46,297,33,264,15.864022662889518,2.8328611898017,13.031161473087819,84.13597733711048,9.34844192634561,74.78753541076487
E00073103,379,52,20,32,327,39,288,13.720316622691293,5.277044854881266,8.443271767810026,86.2796833773087,10.29023746701847,75.98944591029023
E00073104,381,31,8,23,350,28,322,8.136482939632545,2.099737532808399,6.036745406824147,91.86351706036746,7.349081364829396,84.51443569553805
E00073106,225,35,12,23,190,28,162,15.555555555555555,5.333333333333334,10.222222222222223,84.44444444444444,12.444444444444445,72
E00073107,276,46,14,32,230,26,204,16.666666666666664,5.072463768115942,11.594202898550725,83.33333333333334,9.420289855072465,73.91304347826086
E00073108,275,45,20,25,230,14,216,16.363636363636363,7.2727272727272725,9.090909090909092,83.63636363636363,5.090909090909091,78.54545454545455
E00073109,310,58,26,32,252,24,228,18.70967741935484,8.38709677419355,10.32258064516129,81.29032258064515,7.741935483870968,73.54838709677419
E00073110,324,76,32,44,248,24,224,23.456790123456788,9.876543209876543,13.580246913580247,76.5432098765432,7.4074074074074066,69.1358024691358
E00073111,240,42,22,20,198,14,184,17.5,9.166666666666666,8.333333333333332,82.5,5.833333333333333,76.66666666666667
E00073112,341,71,28,43,270,12,258,20.821114369501466,8.211143695014663,12.609970674486803,79.17888563049853,3.519061583577713,75.65982404692082
E00073113,267,27,8,19,240,26,214,10.112359550561797,2.9962546816479403,7.116104868913857,89.8876404494382,9.737827715355806,80.14981273408239
E00073114,197,32,11,21,165,19,146,16.243654822335024,5.583756345177665,10.65989847715736,83.75634517766497,9.644670050761421,74.11167512690355
E00073115,328,67,34,33,261,30,231,20.426829268292682,10.365853658536585,10.060975609756099,79.57317073170732,9.146341463414634,70.42682926829268
E00073116,284,50,15,35,234,11,223,17.6056338028169,5.28169014084507,12.323943661971832,82.3943661971831,3.873239436619718,78.52112676056338
E00073117,246,36,10,26,210,21,189,14.634146341463413,4.0650406504065035,10.569105691056912,85.36585365853658,8.536585365853659,76.82926829268293
E00073118,376,47,10,37,329,22,307,12.5,2.6595744680851063,9.840425531914894,87.5,5.851063829787234,81.64893617021278
E00073119,320,46,16,30,274,32,242,14.374999999999998,5,9.375,85.625,10,75.625
E00073120,304,55,22,33,249,24,225,18.092105263157894,7.236842105263158,10.855263157894738,81.9078947368421,7.894736842105263,74.01315789473685
E00073121,287,53,14,39,234,23,211,18.466898954703833,4.878048780487805,13.588850174216027,81.53310104529616,8.013937282229964,73.5191637630662
E00073122,295,40,12,28,255,23,232,13.559322033898304,4.067796610169491,9.491525423728813,86.4406779661017,7.796610169491526,78.64406779661017
E00073123,347,47,20,27,300,43,257,13.544668587896252,5.763688760806916,7.780979827089338,86.45533141210375,12.39193083573487,74.06340057636888
E00073124,307,77,36,41,230,21,209,25.0814332247557,11.726384364820847,13.355048859934854,74.9185667752443,6.840390879478828,68.07817589576547
E00073125,342,28,8,20,314,29,285,8.187134502923977,2.3391812865497075,5.847953216374268,91.81286549707602,8.47953216374269,83.33333333333334
E00073126,389,55,15,40,334,24,310,14.138817480719796,3.8560411311053984,10.282776349614396,85.8611825192802,6.169665809768637,79.69151670951156
E00073127,468,59,13,46,409,38,371,12.606837606837606,2.7777777777777777,9.82905982905983,87.3931623931624,8.11965811965812,79.27350427350427
E00073128,426,63,12,51,363,27,336,14.788732394366196,2.8169014084507045,11.971830985915492,85.2112676056338,6.338028169014084,78.87323943661971
E00073129,339,39,15,24,300,28,272,11.504424778761061,4.424778761061947,7.079646017699115,88.49557522123894,8.259587020648967,80.23598820058997
E00073130,337,52,12,40,285,23,262,15.43026706231454,3.5608308605341246,11.869436201780417,84.56973293768546,6.824925816023739,77.74480712166172
E00073131,311,73,36,37,238,24,214,23.47266881028939,11.57556270096463,11.89710610932476,76.52733118971061,7.717041800643088,68.81028938906752
E00073132,320,51,16,35,269,20,249,15.937499999999998,5,10.9375,84.0625,6.25,77.8125
E00073133,379,45,9,36,334,22,312,11.87335092348285,2.3746701846965697,9.498680738786279,88.12664907651715,5.804749340369393,82.32189973614776
E00073134,310,38,8,30,272,34,238,12.258064516129032,2.5806451612903225,9.67741935483871,87.74193548387098,10.967741935483872,76.77419354838709
E00073135,336,34,15,19,302,16,286,10.119047619047619,4.464285714285714,5.654761904761905,89.88095238095238,4.761904761904762,85.11904761904762
E00073136,332,36,11,25,296,28,268,10.843373493975903,3.313253012048193,7.530120481927711,89.1566265060241,8.433734939759036,80.72289156626506
E00073137,333,27,7,20,306,22,284,8.108108108108109,2.1021021021021022,6.006006006006006,91.8918918918919,6.606606606606606,85.28528528528528
E00073138,321,42,8,34,279,26,253,13.084112149532709,2.4922118380062304,10.59190031152648,86.91588785046729,8.09968847352025,78.81619937694704
E00073139,251,34,8,26,217,27,190,13.545816733067728,3.187250996015936,10.358565737051793,86.45418326693228,10.756972111553784,75.69721115537848
E00073140,239,30,9,21,209,16,193,12.552301255230125,3.765690376569038,8.786610878661087,87.44769874476988,6.694560669456067,80.75313807531381
E00073141,288,33,8,25,255,17,238,11.458333333333332,2.7777777777777777,8.680555555555555,88.54166666666666,5.902777777777778,82.63888888888889
E00073142,343,54,8,46,289,39,250,15.743440233236154,2.3323615160349855,13.411078717201166,84.25655976676384,11.370262390670554,72.8862973760933
E00170250,326,82,54,28,244,14,230,25.153374233128833,16.56441717791411,8.588957055214724,74.84662576687117,4.294478527607362,70.5521472392638
E00170251,217,32,10,22,185,9,176,14.746543778801843,4.6082949308755765,10.138248847926267,85.25345622119815,4.147465437788019,81.10599078341014
E00170252,709,170,31,139,539,65,474,23.97743300423131,4.372355430183357,19.605077574047954,76.0225669957687,9.167842031029618,66.85472496473906
E00170253,258,37,13,24,221,12,209,14.34108527131783,5.038759689922481,9.30232558139535,85.65891472868216,4.651162790697675,81.0077519379845
E00170254,2953,299,52,247,2654,203,2451,10.125296308838468,1.760921097189299,8.36437521164917,89.87470369116153,6.874365052488994,83.00033863867253
E00170256,195,33,12,21,162,18,144,16.923076923076923,6.153846153846154,10.76923076923077,83.07692307692308,9.230769230769232,73.84615384615385
E00170257,151,20,10,10,131,13,118,13.245033112582782,6.622516556291391,6.622516556291391,86.75496688741721,8.609271523178808,78.1456953642384
E00189447,369,43,15,28,326,29,297,11.653116531165312,4.0650406504065035,7.588075880758807,88.34688346883469,7.8590785907859075,80.48780487804879
E00189449,285,30,8,22,255,16,239,10.526315789473683,2.807017543859649,7.719298245614035,89.47368421052632,5.614035087719298,83.85964912280703
E00189450,208,37,11,26,171,13,158,17.78846153846154,5.288461538461538,12.5,82.21153846153845,6.25,75.96153846153845
E00189454,286,31,8,23,255,17,238,10.839160839160838,2.797202797202797,8.041958041958042,89.16083916083916,5.944055944055944,83.21678321678321
E00189458,204,23,12,11,181,9,172,11.27450980392157,5.88235294117647,5.392156862745098,88.72549019607843,4.411764705882353,84.31372549019608
E00189459,305,38,14,24,267,18,249,12.459016393442624,4.590163934426229,7.868852459016394,87.54098360655738,5.901639344262295,81.63934426229508
E00189468,327,38,12,26,289,24,265,11.62079510703364,3.669724770642202,7.951070336391437,88.37920489296636,7.339449541284404,81.03975535168195
E00189471,283,31,7,24,252,16,236,10.954063604240282,2.4734982332155475,8.480565371024735,89.04593639575971,5.6537102473498235,83.3922261484099
E00189472,299,69,34,35,230,28,202,23.076923076923077,11.37123745819398,11.705685618729097,76.92307692307693,9.364548494983277,67.55852842809364
E00189474,294,36,14,22,258,25,233,12.244897959183673,4.761904761904762,7.482993197278912,87.75510204081633,8.503401360544217,79.25170068027211
E00189475,404,49,14,35,355,32,323,12.128712871287128,3.4653465346534658,8.663366336633663,87.87128712871286,7.920792079207921,79.95049504950495
E00189482,274,49,21,28,225,12,213,17.88321167883212,7.664233576642336,10.218978102189782,82.11678832116789,4.37956204379562,77.73722627737226
E00189483,362,46,16,30,316,35,281,12.70718232044199,4.41988950276243,8.287292817679557,87.29281767955801,9.668508287292818,77.62430939226519
E00189484,331,42,20,22,289,22,267,12.688821752265861,6.042296072507553,6.646525679758309,87.31117824773413,6.646525679758309,80.66465256797582
E00189487,221,32,9,23,189,9,180,14.479638009049776,4.072398190045249,10.407239819004525,85.52036199095022,4.072398190045249,81.44796380090497
E00189489,277,30,8,22,247,22,225,10.830324909747292,2.888086642599278,7.9422382671480145,89.16967509025271,7.9422382671480145,81.2274368231047
E00189492,328,54,20,34,274,32,242,16.463414634146343,6.097560975609756,10.365853658536585,83.53658536585365,9.75609756097561,73.78048780487805
E00189494,333,47,21,26,286,26,260,14.114114114114114,6.306306306306306,7.807807807807808,85.88588588588588,7.807807807807808,78.07807807807808
E00189496,239,28,6,22,211,21,190,11.715481171548117,2.510460251046025,9.205020920502092,88.28451882845188,8.786610878661087,79.49790794979079
E00189502,270,40,12,28,230,26,204,14.814814814814813,4.444444444444445,10.37037037037037,85.18518518518519,9.62962962962963,75.55555555555556
E00189503,278,29,12,17,249,35,214,10.431654676258994,4.316546762589928,6.115107913669065,89.568345323741,12.589928057553957,76.97841726618705
E00189507,359,63,35,28,296,29,267,17.548746518105848,9.749303621169917,7.7994428969359335,82.45125348189416,8.07799442896936,74.3732590529248
E00189514,342,48,16,32,294,16,278,14.035087719298245,4.678362573099415,9.35672514619883,85.96491228070175,4.678362573099415,81.28654970760235
E00189515,261,30,6,24,231,32,199,11.494252873563218,2.2988505747126435,9.195402298850574,88.50574712643679,12.260536398467432,76.24521072796935
E00189516,282,53,17,36,229,15,214,18.79432624113475,6.028368794326241,12.76595744680851,81.20567375886525,5.319148936170213,75.88652482269504
E00189520,250,29,12,17,221,16,205,11.600000000000001,4.8,6.800000000000001,88.4,6.4,82
E00189525,246,20,6,14,226,18,208,8.130081300813007,2.4390243902439024,5.691056910569105,91.869918699187,7.317073170731707,84.5528455284553
E00189526,227,42,11,31,185,25,160,18.502202643171806,4.845814977973569,13.656387665198238,81.4977973568282,11.013215859030836,70.48458149779736
E00189527,247,61,21,40,186,18,168,24.696356275303643,8.502024291497975,16.194331983805668,75.30364372469636,7.28744939271255,68.0161943319838
E00189529,251,30,10,20,221,20,201,11.952191235059761,3.9840637450199203,7.968127490039841,88.04780876494024,7.968127490039841,80.0796812749004
E00189532,236,120,73,47,116,18,98,50.847457627118644,30.93220338983051,19.915254237288135,49.152542372881356,7.627118644067797,41.52542372881356
E00189533,329,54,16,38,275,27,248,16.41337386018237,4.86322188449848,11.55015197568389,83.58662613981764,8.206686930091186,75.37993920972644
E00189535,366,49,12,37,317,26,291,13.387978142076504,3.278688524590164,10.10928961748634,86.6120218579235,7.103825136612022,79.50819672131148
E00189545,279,29,7,22,250,28,222,10.39426523297491,2.5089605734767026,7.885304659498208,89.6057347670251,10.03584229390681,79.56989247311827
E00189548,278,23,5,18,255,26,229,8.273381294964029,1.7985611510791366,6.474820143884892,91.72661870503596,9.352517985611511,82.37410071942446
E00189549,333,43,16,27,290,21,269,12.912912912912914,4.804804804804805,8.108108108108109,87.08708708708708,6.306306306306306,80.78078078078079
E00189553,332,36,10,26,296,22,274,10.843373493975903,3.0120481927710845,7.83132530120482,89.1566265060241,6.626506024096386,82.53012048192771
E00189554,209,35,16,19,174,15,159,16.74641148325359,7.655502392344498,9.090909090909092,83.25358851674642,7.177033492822966,76.07655502392345
E00189562,343,35,9,26,308,25,283,10.204081632653061,2.623906705539359,7.580174927113703,89.79591836734694,7.288629737609329,82.5072886297376
E00189568,215,26,9,17,189,13,176,12.093023255813954,4.186046511627907,7.906976744186046,87.90697674418605,6.046511627906977,81.86046511627907
E00189569,270,25,10,15,245,21,224,9.25925925925926,3.7037037037037033,5.555555555555555,90.74074074074075,7.777777777777778,82.96296296296296
E00189571,297,39,15,24,258,18,240,13.131313131313133,5.05050505050505,8.080808080808081,86.86868686868688,6.0606060606060606,80.8080808080808
E00189572,171,14,2,12,157,16,141,8.187134502923977,1.1695906432748537,7.017543859649122,91.81286549707602,9.35672514619883,82.45614035087719
E00189584,189,27,15,12,162,16,146,14.285714285714285,7.936507936507936,6.349206349206349,85.71428571428571,8.465608465608465,77.24867724867724
E00189589,399,60,24,36,339,27,312,15.037593984962406,6.015037593984962,9.022556390977442,84.9624060150376,6.7669172932330826,78.19548872180451
E00189590,348,55,17,38,293,23,270,15.804597701149426,4.885057471264368,10.919540229885058,84.19540229885058,6.609195402298851,77.58620689655173
E00189591,441,48,17,31,393,31,362,10.884353741496598,3.8548752834467117,7.029478458049887,89.1156462585034,7.029478458049887,82.08616780045351
E00189595,265,45,23,22,220,30,190,16.9811320754717,8.679245283018867,8.30188679245283,83.01886792452831,11.320754716981133,71.69811320754717
E00189597,340,70,28,42,270,23,247,20.588235294117645,8.235294117647058,12.352941176470589,79.41176470588235,6.764705882352941,72.6470588235294
E00189601,304,36,13,23,268,19,249,11.842105263157894,4.276315789473684,7.565789473684211,88.1578947368421,6.25,81.9078947368421
E00189603,496,69,25,44,427,41,386,13.911290322580644,5.040322580645161,8.870967741935484,86.08870967741935,8.266129032258064,77.82258064516128
E00189614,320,49,19,30,271,22,249,15.312500000000002,5.9375,9.375,84.6875,6.875000000000001,77.8125
