OA,ts0590001,ts0590002,ts0590003,ts0590004,ts0590005,ts0590006,ts0590007,ts0590002_PCT,ts0590003_PCT,ts0590004_PCT,ts0590005_PCT,ts0590006_PCT,ts0590007_PCT
E00129967,226,69,23,46,157,134,23,30.53097345132743,10.176991150442479,20.353982300884958,69.46902654867256,59.29203539823009,10.176991150442479
E00129968,140,42,17,25,98,89,9,30,12.142857142857142,17.857142857142858,70,63.57142857142857,6.428571428571428
E00129969,184,60,17,43,124,100,24,32.608695652173914,9.239130434782608,23.369565217391305,67.3913043478261,54.347826086956516,13.043478260869565
E00129970,131,38,12,26,93,71,22,29.00763358778626,9.16030534351145,19.84732824427481,70.99236641221374,54.19847328244275,16.793893129770993
E00129971,122,36,12,24,86,75,11,29.508196721311474,9.836065573770492,19.672131147540984,70.49180327868852,61.47540983606557,9.01639344262295
E00129972,129,37,12,25,92,70,22,28.68217054263566,9.30232558139535,19.379844961240313,71.31782945736434,54.263565891472865,17.05426356589147
E00129973,210,66,14,52,144,122,22,31.428571428571427,6.666666666666667,24.761904761904763,68.57142857142857,58.0952380952381,10.476190476190476
E00129974,150,46,10,36,104,83,21,30.666666666666664,6.666666666666667,24,69.33333333333334,55.333333333333336,14.000000000000002
E00129975,129,41,17,24,88,78,10,31.782945736434108,13.178294573643413,18.6046511627907,68.21705426356588,60.46511627906976,7.751937984496124
E00129977,136,47,14,33,89,79,10,34.55882352941176,10.294117647058822,24.264705882352942,65.44117647058823,58.08823529411765,7.352941176470589
E00129978,121,35,9,26,86,77,9,28.92561983471074,7.43801652892562,21.487603305785125,71.07438016528926,63.63636363636363,7.43801652892562
E00129979,155,54,11,43,101,92,9,34.83870967741935,7.096774193548387,27.741935483870968,65.16129032258064,59.354838709677416,5.806451612903226
E00129980,106,37,10,27,69,61,8,34.90566037735849,9.433962264150944,25.471698113207548,65.09433962264151,57.54716981132076,7.547169811320755
E00129981,161,49,18,31,112,95,17,30.434782608695656,11.180124223602485,19.25465838509317,69.56521739130434,59.006211180124225,10.559006211180124
E00129982,197,63,23,40,134,113,21,31.979695431472084,11.6751269035533,20.304568527918782,68.02030456852792,57.360406091370564,10.65989847715736
E00129983,174,50,13,37,124,101,23,28.735632183908045,7.471264367816093,21.26436781609195,71.26436781609196,58.04597701149425,13.218390804597702
E00129984,189,52,15,37,137,117,20,27.513227513227513,7.936507936507936,19.576719576719576,72.4867724867725,61.904761904761905,10.582010582010582
E00129985,139,39,10,29,100,89,11,28.05755395683453,7.1942446043165464,20.863309352517987,71.94244604316546,64.02877697841727,7.913669064748201
E00129986,138,44,10,34,94,77,17,31.88405797101449,7.246376811594203,24.637681159420293,68.11594202898551,55.79710144927537,12.318840579710146
E00129987,117,31,11,20,86,62,24,26.495726495726498,9.401709401709402,17.094017094017094,73.50427350427351,52.991452991452995,20.51282051282051
E00129988,179,58,24,34,121,84,37,32.402234636871505,13.40782122905028,18.994413407821227,67.59776536312849,46.927374301675975,20.670391061452513
E00129989,146,44,12,32,102,86,16,30.136986301369863,8.21917808219178,21.91780821917808,69.86301369863014,58.9041095890411,10.95890410958904
E00129990,123,30,7,23,93,81,12,24.390243902439025,5.691056910569105,18.69918699186992,75.60975609756098,65.85365853658537,9.75609756097561
E00129991,155,53,18,35,102,92,10,34.193548387096776,11.612903225806452,22.58064516129032,65.80645161290323,59.354838709677416,6.451612903225806
E00129992,156,44,11,33,112,97,15,28.205128205128204,7.051282051282051,21.153846153846153,71.7948717948718,62.17948717948718,9.615384615384617
E00129994,305,81,30,51,224,183,41,26.557377049180324,9.836065573770492,16.721311475409838,73.44262295081967,60,13.442622950819672
E00129996,176,38,9,29,138,124,14,21.59090909090909,5.113636363636364,16.477272727272727,78.4090909090909,70.45454545454545,7.954545454545454
E00129997,150,41,17,24,109,96,13,27.333333333333332,11.333333333333332,16,72.66666666666667,64,8.666666666666668
E00129998,227,60,14,46,167,137,30,26.431718061674008,6.167400881057269,20.26431718061674,73.568281938326,60.352422907488986,13.215859030837004
E00129999,110,27,13,14,83,73,10,24.545454545454547,11.818181818181818,12.727272727272727,75.45454545454545,66.36363636363637,9.090909090909092
E00130000,196,60,18,42,136,126,10,30.612244897959183,9.183673469387756,21.428571428571427,69.38775510204081,64.28571428571429,5.1020408163265305
E00130001,136,38,8,30,98,89,9,27.941176470588236,5.88235294117647,22.058823529411764,72.05882352941177,65.44117647058823,6.61764705882353
E00130002,150,49,18,31,101,85,16,32.666666666666664,12,20.666666666666668,67.33333333333333,56.666666666666664,10.666666666666668
E00130003,94,27,8,19,67,59,8,28.723404255319153,8.51063829787234,20.212765957446805,71.27659574468085,62.76595744680851,8.51063829787234
E00130004,145,39,15,24,106,87,19,26.89655172413793,10.344827586206897,16.551724137931036,73.10344827586206,60,13.10344827586207
E00130005,218,57,14,43,161,139,22,26.146788990825687,6.422018348623854,19.724770642201836,73.85321100917432,63.76146788990825,10.091743119266056
E00130006,134,50,15,35,84,70,14,37.3134328358209,11.194029850746269,26.119402985074625,62.68656716417911,52.23880597014925,10.44776119402985
E00130007,179,68,29,39,111,82,29,37.988826815642454,16.201117318435752,21.787709497206702,62.01117318435754,45.81005586592179,16.201117318435752
E00130008,171,51,21,30,120,94,26,29.82456140350877,12.280701754385964,17.543859649122805,70.17543859649122,54.97076023391813,15.204678362573098
E00130011,188,60,16,44,128,112,16,31.914893617021278,8.51063829787234,23.404255319148938,68.08510638297872,59.57446808510638,8.51063829787234
E00130012,295,94,34,60,201,163,38,31.864406779661014,11.525423728813559,20.33898305084746,68.13559322033899,55.254237288135585,12.88135593220339
E00130013,116,44,11,33,72,65,7,37.93103448275862,9.482758620689655,28.448275862068968,62.06896551724138,56.03448275862068,6.0344827586206895
E00130014,188,58,18,40,130,115,15,30.851063829787233,9.574468085106384,21.27659574468085,69.14893617021278,61.170212765957444,7.9787234042553195
E00130015,161,52,28,24,109,93,16,32.298136645962735,17.391304347826086,14.906832298136646,67.70186335403726,57.7639751552795,9.937888198757763
E00130016,160,51,18,33,109,81,28,31.874999999999996,11.25,20.625,68.125,50.625,17.5
E00130017,147,49,22,27,98,80,18,33.33333333333333,14.965986394557824,18.367346938775512,66.66666666666666,54.421768707483,12.244897959183673
E00130018,172,52,22,30,120,103,17,30.23255813953488,12.790697674418606,17.441860465116278,69.76744186046511,59.883720930232556,9.883720930232558
E00130019,126,35,17,18,91,80,11,27.77777777777778,13.492063492063492,14.285714285714285,72.22222222222221,63.49206349206349,8.73015873015873
E00130020,105,33,8,25,72,59,13,31.428571428571427,7.6190476190476195,23.809523809523807,68.57142857142857,56.19047619047619,12.380952380952381
E00130021,166,53,23,30,113,95,18,31.92771084337349,13.855421686746988,18.072289156626507,68.07228915662651,57.22891566265061,10.843373493975903
E00130022,131,34,10,24,97,85,12,25.954198473282442,7.633587786259542,18.3206106870229,74.04580152671755,64.8854961832061,9.16030534351145
E00130024,65,22,9,13,43,35,8,33.84615384615385,13.846153846153847,20,66.15384615384615,53.84615384615385,12.307692307692308
E00130025,196,62,24,38,134,114,20,31.63265306122449,12.244897959183673,19.387755102040817,68.36734693877551,58.16326530612245,10.204081632653061
E00130026,169,40,12,28,129,114,15,23.668639053254438,7.100591715976331,16.56804733727811,76.33136094674556,67.45562130177515,8.875739644970414
E00130027,101,34,6,28,67,59,8,33.663366336633665,5.9405940594059405,27.722772277227726,66.33663366336634,58.415841584158414,7.920792079207921
E00130029,188,56,8,48,132,116,16,29.78723404255319,4.25531914893617,25.53191489361702,70.2127659574468,61.702127659574465,8.51063829787234
E00130030,189,50,13,37,139,128,11,26.455026455026452,6.878306878306878,19.576719576719576,73.54497354497354,67.72486772486772,5.82010582010582
E00130031,193,62,19,43,131,105,26,32.12435233160622,9.844559585492227,22.279792746113987,67.87564766839378,54.40414507772021,13.471502590673575
E00130032,222,61,20,41,161,129,32,27.47747747747748,9.00900900900901,18.46846846846847,72.52252252252252,58.108108108108105,14.414414414414415
E00130033,159,44,12,32,115,106,9,27.67295597484277,7.547169811320755,20.125786163522015,72.32704402515722,66.66666666666666,5.660377358490567
E00130034,115,38,12,26,77,70,7,33.04347826086956,10.434782608695652,22.608695652173914,66.95652173913044,60.86956521739131,6.086956521739131
E00130035,112,35,14,21,77,60,17,31.25,12.5,18.75,68.75,53.57142857142857,15.178571428571427
E00130036,41,14,5,9,27,22,5,34.146341463414636,12.195121951219512,21.951219512195124,65.85365853658537,53.65853658536586,12.195121951219512
E00130037,109,27,11,16,82,68,14,24.770642201834864,10.091743119266056,14.678899082568808,75.22935779816514,62.38532110091744,12.844036697247708
E00130038,119,28,10,18,91,78,13,23.52941176470588,8.403361344537815,15.126050420168067,76.47058823529412,65.54621848739495,10.92436974789916
E00130039,147,45,14,31,102,92,10,30.612244897959183,9.523809523809524,21.08843537414966,69.38775510204081,62.585034013605444,6.802721088435375
E00130040,156,42,15,27,114,107,7,26.923076923076923,9.615384615384617,17.307692307692307,73.07692307692307,68.58974358974359,4.487179487179487
E00130042,119,35,12,23,84,69,15,29.411764705882355,10.084033613445378,19.327731092436977,70.58823529411765,57.98319327731093,12.605042016806722
E00130043,193,49,15,34,144,130,14,25.38860103626943,7.772020725388601,17.616580310880828,74.61139896373057,67.35751295336787,7.253886010362693
E00130044,265,86,27,59,179,153,26,32.45283018867924,10.18867924528302,22.264150943396228,67.54716981132076,57.73584905660377,9.811320754716983
E00130045,263,81,27,54,182,155,27,30.798479087452474,10.26615969581749,20.53231939163498,69.20152091254754,58.935361216730044,10.26615969581749
E00130046,189,49,15,34,140,122,18,25.925925925925924,7.936507936507936,17.989417989417987,74.07407407407408,64.55026455026454,9.523809523809524
E00130048,180,40,7,33,140,120,20,22.22222222222222,3.888888888888889,18.333333333333332,77.77777777777779,66.66666666666666,11.11111111111111
E00130049,144,36,12,24,108,89,19,25,8.333333333333332,16.666666666666664,75,61.80555555555556,13.194444444444445
E00130050,181,53,14,39,128,111,17,29.2817679558011,7.734806629834254,21.54696132596685,70.71823204419888,61.32596685082873,9.392265193370166
E00130051,101,34,12,22,67,51,16,33.663366336633665,11.881188118811881,21.782178217821784,66.33663366336634,50.495049504950494,15.841584158415841
E00130052,195,39,10,29,156,146,10,20,5.128205128205128,14.871794871794872,80,74.87179487179488,5.128205128205128
E00130053,110,34,14,20,76,60,16,30.909090909090907,12.727272727272727,18.181818181818183,69.0909090909091,54.54545454545454,14.545454545454545
E00130054,183,47,19,28,136,119,17,25.683060109289617,10.382513661202186,15.300546448087433,74.31693989071039,65.02732240437157,9.289617486338798
E00130055,173,46,20,26,127,112,15,26.589595375722542,11.560693641618498,15.028901734104046,73.41040462427746,64.73988439306359,8.670520231213873
E00130056,185,61,19,42,124,117,7,32.972972972972975,10.27027027027027,22.702702702702705,67.02702702702703,63.24324324324324,3.783783783783784
E00130057,120,32,8,24,88,70,18,26.666666666666668,6.666666666666667,20,73.33333333333333,58.333333333333336,15
E00130058,90,27,9,18,63,54,9,30,10,20,70,60,10
E00130059,227,57,19,38,170,139,31,25.11013215859031,8.370044052863436,16.740088105726873,74.8898678414097,61.23348017621145,13.656387665198238
E00130060,132,35,14,21,97,89,8,26.515151515151516,10.606060606060606,15.909090909090908,73.48484848484848,67.42424242424242,6.0606060606060606
E00130062,103,37,7,30,66,60,6,35.92233009708738,6.796116504854369,29.126213592233007,64.07766990291263,58.252427184466015,5.825242718446602
E00130063,112,29,8,21,83,74,9,25.892857142857146,7.142857142857142,18.75,74.10714285714286,66.07142857142857,8.035714285714286
E00130064,177,49,20,29,128,110,18,27.683615819209038,11.299435028248588,16.38418079096045,72.31638418079096,62.14689265536724,10.16949152542373
E00130065,170,52,14,38,118,101,17,30.58823529411765,8.235294117647058,22.35294117647059,69.41176470588235,59.411764705882355,10
E00130066,177,48,9,39,129,113,16,27.11864406779661,5.084745762711865,22.033898305084744,72.88135593220339,63.84180790960452,9.03954802259887
E00130067,146,48,15,33,98,89,9,32.87671232876712,10.273972602739725,22.602739726027394,67.12328767123287,60.95890410958904,6.164383561643835
E00130068,106,25,10,15,81,70,11,23.58490566037736,9.433962264150944,14.150943396226415,76.41509433962264,66.0377358490566,10.377358490566039
E00130069,159,48,17,31,111,98,13,30.18867924528302,10.69182389937107,19.49685534591195,69.81132075471697,61.63522012578616,8.176100628930817
E00130070,153,36,7,29,117,106,11,23.52941176470588,4.57516339869281,18.954248366013072,76.47058823529412,69.28104575163398,7.18954248366013
E00130071,166,52,16,36,114,98,16,31.32530120481928,9.63855421686747,21.686746987951807,68.67469879518072,59.036144578313255,9.63855421686747
E00130072,152,46,15,31,106,100,6,30.263157894736842,9.868421052631579,20.394736842105264,69.73684210526315,65.78947368421053,3.9473684210526314
E00130073,130,39,10,29,91,76,15,30,7.6923076923076925,22.30769230769231,70,58.46153846153847,11.538461538461538
E00130074,156,53,10,43,103,90,13,33.97435897435898,6.41025641025641,27.564102564102566,66.02564102564102,57.692307692307686,8.333333333333332
E00130075,152,50,14,36,102,96,6,32.89473684210527,9.210526315789473,23.684210526315788,67.10526315789474,63.1578947368421,3.9473684210526314
E00130076,158,53,17,36,105,94,11,33.54430379746836,10.759493670886076,22.78481012658228,66.45569620253164,59.49367088607595,6.962025316455696
E00130078,115,32,10,22,83,72,11,27.82608695652174,8.695652173913043,19.130434782608695,72.17391304347827,62.60869565217392,9.565217391304348
E00130080,163,41,15,26,122,104,18,25.153374233128833,9.202453987730062,15.950920245398773,74.84662576687117,63.80368098159509,11.042944785276074
E00130081,240,56,19,37,184,161,23,23.333333333333332,7.916666666666666,15.416666666666668,76.66666666666667,67.08333333333333,9.583333333333334
E00130082,174,48,16,32,126,109,17,27.586206896551722,9.195402298850574,18.39080459770115,72.41379310344827,62.643678160919535,9.770114942528735
E00130083,185,49,17,32,136,107,29,26.486486486486488,9.18918918918919,17.2972972972973,73.51351351351352,57.83783783783784,15.675675675675677
E00130084,173,57,25,32,116,100,16,32.947976878612714,14.450867052023122,18.497109826589593,67.05202312138728,57.80346820809249,9.248554913294797
E00130085,130,38,13,25,92,83,9,29.230769230769234,10,19.230769230769234,70.76923076923077,63.84615384615384,6.923076923076923
E00130086,133,48,14,34,85,66,19,36.09022556390977,10.526315789473683,25.563909774436087,63.90977443609023,49.62406015037594,14.285714285714285
E00130087,169,41,13,28,128,109,19,24.2603550295858,7.6923076923076925,16.56804733727811,75.7396449704142,64.49704142011834,11.242603550295858
E00130088,184,54,10,44,130,116,14,29.347826086956523,5.434782608695652,23.91304347826087,70.65217391304348,63.04347826086957,7.608695652173914
E00130089,165,40,20,20,125,107,18,24.242424242424242,12.121212121212121,12.121212121212121,75.75757575757575,64.84848484848484,10.909090909090908
E00130090,195,57,24,33,138,113,25,29.230769230769234,12.307692307692308,16.923076923076923,70.76923076923077,57.948717948717956,12.82051282051282
E00130092,146,41,14,27,105,93,12,28.08219178082192,9.58904109589041,18.493150684931507,71.91780821917808,63.6986301369863,8.21917808219178
E00130093,136,43,12,31,93,83,10,31.61764705882353,8.823529411764707,22.794117647058822,68.38235294117648,61.029411764705884,7.352941176470589
E00130094,221,77,26,51,144,131,13,34.841628959276015,11.76470588235294,23.076923076923077,65.15837104072398,59.276018099547514,5.88235294117647
E00130095,294,83,33,50,211,186,25,28.2312925170068,11.224489795918368,17.006802721088434,71.7687074829932,63.26530612244898,8.503401360544217
E00130096,131,32,12,20,99,91,8,24.427480916030532,9.16030534351145,15.267175572519085,75.57251908396947,69.46564885496184,6.106870229007633
E00130097,113,39,15,24,74,65,9,34.51327433628318,13.274336283185843,21.238938053097346,65.48672566371681,57.52212389380531,7.964601769911504
E00130098,120,35,8,27,85,82,3,29.166666666666668,6.666666666666667,22.5,70.83333333333334,68.33333333333333,2.5
E00130099,116,30,8,22,86,82,4,25.862068965517242,6.896551724137931,18.96551724137931,74.13793103448276,70.6896551724138,3.4482758620689653
E00130100,93,24,12,12,69,55,14,25.806451612903224,12.903225806451612,12.903225806451612,74.19354838709677,59.13978494623656,15.053763440860216
E00130101,126,45,18,27,81,61,20,35.714285714285715,14.285714285714285,21.428571428571427,64.28571428571429,48.41269841269841,15.873015873015872
E00130102,163,58,22,36,105,75,30,35.58282208588957,13.496932515337424,22.085889570552148,64.41717791411043,46.012269938650306,18.404907975460123
E00130103,79,31,10,21,48,39,9,39.24050632911392,12.658227848101266,26.582278481012654,60.75949367088608,49.36708860759494,11.39240506329114
E00130104,113,36,13,23,77,66,11,31.858407079646017,11.504424778761061,20.353982300884958,68.14159292035397,58.4070796460177,9.734513274336283
E00130105,141,43,10,33,98,82,16,30.49645390070922,7.092198581560284,23.404255319148938,69.50354609929079,58.156028368794324,11.347517730496454
E00130106,115,43,18,25,72,55,17,37.391304347826086,15.65217391304348,21.73913043478261,62.60869565217392,47.82608695652174,14.782608695652174
E00130107,238,70,28,42,168,137,31,29.411764705882355,11.76470588235294,17.647058823529413,70.58823529411765,57.56302521008403,13.025210084033615
E00130108,242,85,27,58,157,124,33,35.12396694214876,11.15702479338843,23.96694214876033,64.87603305785123,51.2396694214876,13.636363636363635
E00130109,192,41,17,24,151,122,29,21.354166666666664,8.854166666666668,12.5,78.64583333333334,63.541666666666664,15.104166666666666
E00130110,109,33,9,24,76,65,11,30.275229357798167,8.256880733944955,22.018348623853214,69.72477064220183,59.63302752293578,10.091743119266056
E00130111,104,29,10,19,75,69,6,27.884615384615387,9.615384615384617,18.269230769230766,72.11538461538461,66.34615384615384,5.769230769230769
E00130112,122,46,17,29,76,64,12,37.704918032786885,13.934426229508196,23.770491803278688,62.295081967213115,52.459016393442624,9.836065573770492
E00130113,133,30,7,23,103,87,16,22.55639097744361,5.263157894736842,17.293233082706767,77.44360902255639,65.41353383458647,12.030075187969924
E00130114,132,41,11,30,91,77,14,31.060606060606062,8.333333333333332,22.727272727272727,68.93939393939394,58.333333333333336,10.606060606060606
E00130115,127,42,19,23,85,71,14,33.07086614173229,14.960629921259844,18.11023622047244,66.92913385826772,55.90551181102362,11.023622047244094
E00130116,156,47,12,35,109,93,16,30.128205128205128,7.6923076923076925,22.435897435897438,69.87179487179486,59.61538461538461,10.256410256410255
E00130117,161,39,10,29,122,102,20,24.22360248447205,6.211180124223603,18.012422360248447,75.77639751552795,63.35403726708074,12.422360248447205
E00130118,154,49,16,33,105,80,25,31.818181818181817,10.38961038961039,21.428571428571427,68.18181818181817,51.94805194805194,16.233766233766232
E00130119,173,41,11,30,132,115,17,23.699421965317917,6.358381502890173,17.341040462427745,76.30057803468208,66.47398843930635,9.826589595375722
E00130120,170,48,8,40,122,107,15,28.235294117647058,4.705882352941177,23.52941176470588,71.76470588235294,62.94117647058823,8.823529411764707
E00130121,162,35,8,27,127,108,19,21.604938271604937,4.938271604938271,16.666666666666664,78.39506172839506,66.66666666666666,11.728395061728394
E00130122,153,33,14,19,120,103,17,21.568627450980394,9.15032679738562,12.418300653594772,78.43137254901961,67.3202614379085,11.11111111111111
E00130123,192,50,13,37,142,124,18,26.041666666666668,6.770833333333333,19.270833333333336,73.95833333333334,64.58333333333334,9.375
E00130124,196,56,18,38,140,127,13,28.57142857142857,9.183673469387756,19.387755102040817,71.42857142857143,64.79591836734694,6.63265306122449
E00130125,152,48,13,35,104,96,8,31.57894736842105,8.552631578947368,23.026315789473685,68.42105263157895,63.1578947368421,5.263157894736842
E00130126,190,52,18,34,138,114,24,27.368421052631582,9.473684210526317,17.894736842105264,72.63157894736842,60,12.631578947368421
E00130127,128,42,9,33,86,76,10,32.8125,7.03125,25.78125,67.1875,59.375,7.8125
E00130128,234,59,14,45,175,156,19,25.213675213675213,5.982905982905983,19.230769230769234,74.78632478632478,66.66666666666666,8.11965811965812
E00130129,135,42,14,28,93,75,18,31.11111111111111,10.37037037037037,20.74074074074074,68.88888888888889,55.55555555555556,13.333333333333334
E00130130,211,54,14,40,157,132,25,25.59241706161137,6.6350710900473935,18.95734597156398,74.40758293838863,62.55924170616114,11.848341232227488
E00130131,231,81,25,56,150,128,22,35.064935064935064,10.822510822510822,24.242424242424242,64.93506493506493,55.41125541125541,9.523809523809524
E00130132,277,76,17,59,201,181,20,27.436823104693143,6.137184115523466,21.299638989169676,72.56317689530685,65.34296028880865,7.2202166064981945
E00130133,210,64,22,42,146,122,24,30.476190476190478,10.476190476190476,20,69.52380952380952,58.0952380952381,11.428571428571429
E00130134,173,47,18,29,126,107,19,27.167630057803464,10.404624277456648,16.76300578034682,72.83236994219652,61.849710982658955,10.982658959537572
E00130135,174,56,13,43,118,99,19,32.18390804597701,7.471264367816093,24.71264367816092,67.81609195402298,56.896551724137936,10.919540229885058
E00130136,180,50,13,37,130,104,26,27.77777777777778,7.222222222222221,20.555555555555554,72.22222222222221,57.77777777777777,14.444444444444443
E00130137,200,65,20,45,135,105,30,32.5,10,22.5,67.5,52.5,15
E00130138,163,45,13,32,118,112,6,27.607361963190186,7.975460122699387,19.631901840490798,72.39263803680981,68.71165644171779,3.6809815950920246
E00130139,130,42,18,24,88,74,14,32.30769230769231,13.846153846153847,18.461538461538463,67.6923076923077,56.92307692307692,10.76923076923077
E00130140,284,74,17,57,210,183,27,26.056338028169012,5.985915492957746,20.070422535211268,73.94366197183099,64.43661971830986,9.507042253521126
E00130141,158,43,13,30,115,100,15,27.21518987341772,8.227848101265822,18.9873417721519,72.78481012658227,63.29113924050633,9.49367088607595
E00130142,116,36,14,22,80,70,10,31.03448275862069,12.068965517241379,18.96551724137931,68.96551724137932,60.3448275862069,8.620689655172415
E00130143,121,33,10,23,88,73,15,27.27272727272727,8.264462809917356,19.00826446280992,72.72727272727273,60.33057851239669,12.396694214876034
E00130144,134,39,13,26,95,83,12,29.1044776119403,9.701492537313433,19.402985074626866,70.8955223880597,61.940298507462686,8.955223880597014
E00130145,195,59,25,34,136,122,14,30.256410256410255,12.82051282051282,17.435897435897434,69.74358974358974,62.56410256410256,7.179487179487179
E00130146,217,63,19,44,154,124,30,29.03225806451613,8.755760368663594,20.276497695852534,70.96774193548387,57.14285714285714,13.82488479262673
E00130147,179,52,16,36,127,100,27,29.05027932960894,8.938547486033519,20.11173184357542,70.94972067039106,55.865921787709496,15.083798882681565
E00130148,177,54,18,36,123,104,19,30.508474576271187,10.16949152542373,20.33898305084746,69.49152542372882,58.75706214689266,10.734463276836157
E00130149,303,90,32,58,213,183,30,29.7029702970297,10.561056105610561,19.141914191419144,70.29702970297029,60.396039603960396,9.900990099009901
E00130150,133,35,8,27,98,80,18,26.31578947368421,6.015037593984962,20.30075187969925,73.68421052631578,60.150375939849624,13.533834586466165
E00130151,117,28,5,23,89,74,15,23.931623931623932,4.273504273504273,19.65811965811966,76.06837606837607,63.24786324786324,12.82051282051282
E00130152,180,46,10,36,134,121,13,25.555555555555554,5.555555555555555,20,74.44444444444444,67.22222222222223,7.222222222222221
E00130153,159,47,20,27,112,101,11,29.559748427672954,12.578616352201259,16.9811320754717,70.44025157232704,63.52201257861635,6.918238993710692
E00130154,205,63,31,32,142,127,15,30.73170731707317,15.121951219512194,15.609756097560975,69.26829268292683,61.951219512195124,7.317073170731707
E00130155,186,64,25,39,122,101,21,34.40860215053764,13.440860215053762,20.967741935483872,65.59139784946237,54.3010752688172,11.29032258064516
E00130156,96,32,10,22,64,55,9,33.33333333333333,10.416666666666668,22.916666666666664,66.66666666666666,57.291666666666664,9.375
E00130157,137,41,11,30,96,86,10,29.927007299270077,8.02919708029197,21.897810218978105,70.07299270072993,62.77372262773723,7.2992700729927
E00130158,182,40,11,29,142,130,12,21.978021978021978,6.043956043956044,15.934065934065933,78.02197802197803,71.42857142857143,6.593406593406594
E00130159,292,74,24,50,218,184,34,25.34246575342466,8.21917808219178,17.123287671232877,74.65753424657534,63.013698630136986,11.643835616438356
E00130160,143,47,18,29,96,86,10,32.86713286713287,12.587412587412588,20.27972027972028,67.13286713286713,60.13986013986013,6.993006993006993
E00130161,147,40,11,29,107,92,15,27.2108843537415,7.482993197278912,19.727891156462583,72.78911564625851,62.585034013605444,10.204081632653061
E00130162,211,56,21,35,155,140,15,26.540284360189574,9.95260663507109,16.587677725118482,73.45971563981043,66.35071090047393,7.109004739336493
E00130163,126,32,9,23,94,79,15,25.396825396825395,7.142857142857142,18.253968253968253,74.60317460317461,62.698412698412696,11.904761904761903
E00130164,239,71,26,45,168,147,21,29.707112970711297,10.87866108786611,18.828451882845187,70.29288702928869,61.50627615062761,8.786610878661087
E00130165,170,51,13,38,119,107,12,30,7.647058823529412,22.35294117647059,70,62.94117647058823,7.0588235294117645
E00130166,136,34,9,25,102,94,8,25,6.61764705882353,18.38235294117647,75,69.11764705882352,5.88235294117647
E00130167,90,22,5,17,68,63,5,24.444444444444443,5.555555555555555,18.88888888888889,75.55555555555556,70,5.555555555555555
E00130168,144,38,16,22,106,95,11,26.38888888888889,11.11111111111111,15.277777777777779,73.61111111111111,65.97222222222221,7.638888888888889
E00130169,180,60,21,39,120,110,10,33.33333333333333,11.666666666666666,21.666666666666668,66.66666666666666,61.111111111111114,5.555555555555555
E00130170,125,25,7,18,100,92,8,20,5.6000000000000005,14.399999999999999,80,73.6,6.4
E00130171,207,60,19,41,147,130,17,28.985507246376812,9.178743961352657,19.806763285024154,71.01449275362319,62.80193236714976,8.212560386473431
E00130172,180,49,12,37,131,115,16,27.22222222222222,6.666666666666667,20.555555555555554,72.77777777777777,63.888888888888886,8.88888888888889
E00130173,144,40,15,25,104,93,11,27.77777777777778,10.416666666666668,17.36111111111111,72.22222222222221,64.58333333333334,7.638888888888889
E00130174,178,40,15,25,138,115,23,22.47191011235955,8.426966292134832,14.04494382022472,77.52808988764045,64.60674157303372,12.921348314606742
E00130175,167,59,16,43,108,95,13,35.32934131736527,9.580838323353294,25.748502994011975,64.67065868263472,56.886227544910184,7.784431137724551
E00130176,167,53,12,41,114,98,16,31.736526946107784,7.18562874251497,24.550898203592812,68.26347305389223,58.68263473053892,9.580838323353294
E00130177,156,55,21,34,101,96,5,35.256410256410255,13.461538461538462,21.794871794871796,64.74358974358975,61.53846153846154,3.205128205128205
E00130178,164,57,14,43,107,96,11,34.756097560975604,8.536585365853659,26.21951219512195,65.2439024390244,58.536585365853654,6.707317073170732
E00130179,184,65,22,43,119,97,22,35.32608695652174,11.956521739130435,23.369565217391305,64.67391304347827,52.71739130434783,11.956521739130435
E00130180,162,38,12,26,124,118,6,23.456790123456788,7.4074074074074066,16.049382716049383,76.5432098765432,72.8395061728395,3.7037037037037033
E00130181,152,45,12,33,107,93,14,29.605263157894733,7.894736842105263,21.710526315789476,70.39473684210526,61.18421052631579,9.210526315789473
E00130182,176,45,16,29,131,121,10,25.568181818181817,9.090909090909092,16.477272727272727,74.43181818181817,68.75,5.681818181818182
E00130183,160,54,11,43,106,92,14,33.75,6.875000000000001,26.875,66.25,57.49999999999999,8.75
E00130184,125,40,14,26,85,78,7,32,11.200000000000001,20.8,68,62.4,5.6000000000000005
E00130185,149,40,13,27,109,91,18,26.845637583892618,8.724832214765101,18.120805369127517,73.15436241610739,61.07382550335571,12.080536912751679
E00130186,154,45,14,31,109,98,11,29.22077922077922,9.090909090909092,20.12987012987013,70.77922077922078,63.63636363636363,7.142857142857142
E00130187,174,51,16,35,123,112,11,29.310344827586203,9.195402298850574,20.114942528735632,70.6896551724138,64.36781609195403,6.321839080459771
E00130188,108,29,7,22,79,71,8,26.851851851851855,6.481481481481481,20.37037037037037,73.14814814814815,65.74074074074075,7.4074074074074066
E00130189,210,78,24,54,132,120,12,37.142857142857146,11.428571428571429,25.71428571428571,62.857142857142854,57.14285714285714,5.714285714285714
E00130190,166,39,7,32,127,113,14,23.49397590361446,4.216867469879518,19.27710843373494,76.50602409638554,68.07228915662651,8.433734939759036
E00130191,141,43,17,26,98,80,18,30.49645390070922,12.056737588652481,18.439716312056735,69.50354609929079,56.73758865248227,12.76595744680851
E00130192,197,44,19,25,153,123,30,22.33502538071066,9.644670050761421,12.690355329949238,77.66497461928934,62.43654822335025,15.228426395939088
E00130193,133,40,18,22,93,77,16,30.075187969924812,13.533834586466165,16.541353383458645,69.92481203007519,57.89473684210527,12.030075187969924
E00130194,125,41,10,31,84,71,13,32.800000000000004,8,24.8,67.2,56.8,10.4
E00130195,125,38,17,21,87,76,11,30.4,13.600000000000001,16.8,69.6,60.8,8.799999999999999
E00130196,172,53,15,38,119,97,22,30.813953488372093,8.720930232558139,22.093023255813954,69.18604651162791,56.395348837209305,12.790697674418606
E00130197,138,36,9,27,102,96,6,26.08695652173913,6.521739130434782,19.565217391304348,73.91304347826086,69.56521739130434,4.3478260869565215
E00130198,191,52,14,38,139,117,22,27.225130890052355,7.329842931937172,19.895287958115183,72.77486910994764,61.25654450261781,11.518324607329843
E00130199,132,40,18,22,92,85,7,30.303030303030305,13.636363636363635,16.666666666666664,69.6969696969697,64.39393939393939,5.303030303030303
E00130200,137,31,2,29,106,91,15,22.62773722627737,1.4598540145985401,21.16788321167883,77.37226277372264,66.42335766423358,10.948905109489052
E00130201,143,37,18,19,106,93,13,25.874125874125873,12.587412587412588,13.286713286713287,74.12587412587412,65.03496503496503,9.090909090909092
E00130202,133,45,17,28,88,74,14,33.83458646616541,12.781954887218044,21.052631578947366,66.16541353383458,55.639097744360896,10.526315789473683
E00130203,173,37,15,22,136,125,11,21.38728323699422,8.670520231213873,12.716763005780345,78.61271676300578,72.25433526011561,6.358381502890173
E00130204,169,54,19,35,115,95,20,31.952662721893493,11.242603550295858,20.710059171597635,68.04733727810651,56.213017751479285,11.834319526627219
E00130206,163,34,11,23,129,119,10,20.858895705521473,6.748466257668712,14.11042944785276,79.14110429447852,73.00613496932516,6.134969325153374
E00130207,185,50,11,39,135,121,14,27.027027027027028,5.9459459459459465,21.08108108108108,72.97297297297297,65.4054054054054,7.567567567567568
E00130208,101,39,10,29,62,53,9,38.613861386138616,9.900990099009901,28.71287128712871,61.386138613861384,52.475247524752476,8.91089108910891
E00130209,204,52,9,43,152,137,15,25.49019607843137,4.411764705882353,21.07843137254902,74.50980392156863,67.15686274509804,7.352941176470589
E00130210,144,43,13,30,101,85,16,29.86111111111111,9.027777777777777,20.833333333333336,70.13888888888889,59.02777777777778,11.11111111111111
E00130212,141,45,18,27,96,79,17,31.914893617021278,12.76595744680851,19.148936170212767,68.08510638297872,56.02836879432624,12.056737588652481
E00130213,72,27,15,12,45,34,11,37.5,20.833333333333336,16.666666666666664,62.5,47.22222222222222,15.277777777777779
E00130214,55,14,2,12,41,33,8,25.454545454545453,3.6363636363636362,21.818181818181817,74.54545454545455,60,14.545454545454545
E00130215,125,31,12,19,94,74,20,24.8,9.6,15.2,75.2,59.199999999999996,16
E00130217,219,63,18,45,156,121,35,28.767123287671232,8.21917808219178,20.54794520547945,71.23287671232876,55.25114155251142,15.981735159817351
E00130219,121,34,16,18,87,76,11,28.09917355371901,13.223140495867769,14.87603305785124,71.900826446281,62.8099173553719,9.090909090909092
E00130220,152,41,19,22,111,99,12,26.973684210526315,12.5,14.473684210526317,73.02631578947368,65.13157894736842,7.894736842105263
E00130221,146,40,13,27,106,94,12,27.397260273972602,8.904109589041095,18.493150684931507,72.6027397260274,64.38356164383562,8.21917808219178
E00130222,93,27,14,13,66,59,7,29.03225806451613,15.053763440860216,13.978494623655912,70.96774193548387,63.44086021505376,7.526881720430108
E00130223,246,68,27,41,178,150,28,27.64227642276423,10.975609756097562,16.666666666666664,72.35772357723577,60.97560975609756,11.38211382113821
E00130224,128,28,9,19,100,86,14,21.875,7.03125,14.84375,78.125,67.1875,10.9375
E00130225,129,32,11,21,97,84,13,24.8062015503876,8.527131782945736,16.27906976744186,75.1937984496124,65.11627906976744,10.077519379844961
E00130228,151,49,25,24,102,84,18,32.450331125827816,16.55629139072848,15.894039735099339,67.54966887417218,55.62913907284768,11.920529801324504
E00130229,141,41,9,32,100,81,19,29.078014184397162,6.382978723404255,22.69503546099291,70.92198581560284,57.446808510638306,13.47517730496454
E00130230,206,47,18,29,159,130,29,22.815533980582526,8.737864077669903,14.077669902912621,77.18446601941747,63.10679611650486,14.077669902912621
E00130231,160,53,19,34,107,102,5,33.125,11.875,21.25,66.875,63.74999999999999,3.125
E00130232,155,50,15,35,105,84,21,32.25806451612903,9.67741935483871,22.58064516129032,67.74193548387096,54.19354838709678,13.548387096774196
E00130233,162,35,7,28,127,104,23,21.604938271604937,4.320987654320987,17.28395061728395,78.39506172839506,64.19753086419753,14.19753086419753
E00130234,136,45,13,32,91,75,16,33.088235294117645,9.558823529411764,23.52941176470588,66.91176470588235,55.14705882352941,11.76470588235294
E00130235,126,36,14,22,90,77,13,28.57142857142857,11.11111111111111,17.46031746031746,71.42857142857143,61.111111111111114,10.317460317460316
E00130236,203,64,18,46,139,118,21,31.527093596059114,8.866995073891626,22.660098522167488,68.4729064039409,58.128078817733986,10.344827586206897
E00130237,307,70,20,50,237,207,30,22.80130293159609,6.514657980456026,16.286644951140065,77.19869706840392,67.42671009771986,9.77198697068404
E00130239,194,44,12,32,150,128,22,22.68041237113402,6.185567010309279,16.49484536082474,77.31958762886599,65.97938144329896,11.34020618556701
E00130240,189,43,15,28,146,132,14,22.75132275132275,7.936507936507936,14.814814814814813,77.24867724867724,69.84126984126983,7.4074074074074066
E00130241,183,43,7,36,140,126,14,23.497267759562842,3.825136612021858,19.672131147540984,76.50273224043715,68.85245901639344,7.650273224043716
E00130242,135,39,10,29,96,84,12,28.888888888888886,7.4074074074074066,21.48148148148148,71.11111111111111,62.22222222222222,8.88888888888889
E00130243,132,39,8,31,93,79,14,29.545454545454547,6.0606060606060606,23.484848484848484,70.45454545454545,59.84848484848485,10.606060606060606
E00130244,145,39,13,26,106,97,9,26.89655172413793,8.96551724137931,17.93103448275862,73.10344827586206,66.89655172413794,6.206896551724138
E00130245,138,40,10,30,98,84,14,28.985507246376812,7.246376811594203,21.73913043478261,71.01449275362319,60.86956521739131,10.144927536231885
E00130246,185,44,14,30,141,118,23,23.783783783783786,7.567567567567568,16.216216216216218,76.21621621621621,63.78378378378379,12.432432432432433
E00130247,188,53,14,39,135,124,11,28.191489361702125,7.446808510638298,20.74468085106383,71.80851063829788,65.95744680851064,5.851063829787234
E00130249,90,33,10,23,57,48,9,36.666666666666664,11.11111111111111,25.555555555555554,63.33333333333333,53.333333333333336,10
E00130250,191,58,19,39,133,114,19,30.36649214659686,9.947643979057592,20.418848167539267,69.63350785340315,59.68586387434554,9.947643979057592
E00130251,155,42,17,25,113,96,17,27.09677419354839,10.967741935483872,16.129032258064516,72.90322580645162,61.935483870967744,10.967741935483872
E00130252,94,36,10,26,58,49,9,38.297872340425535,10.638297872340425,27.659574468085108,61.702127659574465,52.12765957446809,9.574468085106384
E00130253,136,38,15,23,98,89,9,27.941176470588236,11.029411764705882,16.911764705882355,72.05882352941177,65.44117647058823,6.61764705882353
E00130254,217,42,12,30,175,149,26,19.35483870967742,5.529953917050691,13.82488479262673,80.64516129032258,68.66359447004609,11.981566820276496
E00130255,176,62,16,46,114,96,18,35.22727272727273,9.090909090909092,26.136363636363637,64.77272727272727,54.54545454545454,10.227272727272728
E00165831,111,41,9,32,70,58,12,36.93693693693694,8.108108108108109,28.82882882882883,63.06306306306306,52.25225225225225,10.81081081081081
E00170624,187,41,4,37,146,130,16,21.92513368983957,2.13903743315508,19.786096256684495,78.07486631016043,69.5187165775401,8.55614973262032
E00170625,178,40,9,31,138,122,16,22.47191011235955,5.056179775280898,17.415730337078653,77.52808988764045,68.53932584269663,8.98876404494382
E00170626,175,40,9,31,135,119,16,22.857142857142858,5.142857142857142,17.71428571428571,77.14285714285715,68,9.142857142857142
E00170627,152,39,15,24,113,93,20,25.657894736842106,9.868421052631579,15.789473684210526,74.3421052631579,61.18421052631579,13.157894736842104
E00170628,154,43,9,34,111,101,10,27.92207792207792,5.844155844155844,22.07792207792208,72.07792207792207,65.5844155844156,6.493506493506493
E00170629,147,29,10,19,118,109,9,19.727891156462583,6.802721088435375,12.925170068027212,80.27210884353741,74.14965986394559,6.122448979591836
E00170630,202,42,12,30,160,139,21,20.792079207920793,5.9405940594059405,14.85148514851485,79.20792079207921,68.8118811881188,10.396039603960396
E00170631,149,40,16,24,109,97,12,26.845637583892618,10.738255033557047,16.10738255033557,73.15436241610739,65.1006711409396,8.053691275167784
E00170632,76,16,3,13,60,52,8,21.052631578947366,3.9473684210526314,17.105263157894736,78.94736842105263,68.42105263157895,10.526315789473683
E00170633,104,24,9,15,80,76,4,23.076923076923077,8.653846153846153,14.423076923076922,76.92307692307693,73.07692307692307,3.8461538461538463
E00170634,187,55,17,38,132,105,27,29.411764705882355,9.090909090909092,20.32085561497326,70.58823529411765,56.14973262032086,14.43850267379679
E00170635,158,49,15,34,109,89,20,31.0126582278481,9.49367088607595,21.518987341772153,68.9873417721519,56.32911392405063,12.658227848101266
E00187337,151,46,12,34,105,88,17,30.4635761589404,7.9470198675496695,22.516556291390728,69.5364238410596,58.27814569536424,11.258278145695364
E00187339,186,49,18,31,137,116,21,26.344086021505376,9.67741935483871,16.666666666666664,73.65591397849462,62.365591397849464,11.29032258064516
E00187341,39,14,0,14,25,19,6,35.8974358974359,0,35.8974358974359,64.1025641025641,48.717948717948715,15.384615384615385
E00187345,112,37,11,26,75,55,20,33.035714285714285,9.821428571428571,23.214285714285715,66.96428571428571,49.107142857142854,17.857142857142858
E00187346,177,51,11,40,126,109,17,28.8135593220339,6.214689265536723,22.598870056497177,71.1864406779661,61.5819209039548,9.6045197740113
E00187355,281,47,14,33,234,210,24,16.72597864768683,4.98220640569395,11.743772241992882,83.27402135231317,74.73309608540926,8.540925266903916
E00187358,159,35,8,27,124,105,19,22.0125786163522,5.031446540880504,16.9811320754717,77.9874213836478,66.0377358490566,11.949685534591195
E00187359,214,51,12,39,163,138,25,23.83177570093458,5.607476635514018,18.22429906542056,76.16822429906543,64.48598130841121,11.682242990654206
E00187365,157,29,9,20,128,114,14,18.471337579617835,5.7324840764331215,12.738853503184714,81.52866242038218,72.61146496815286,8.9171974522293
E00187367,35,10,2,8,25,17,8,28.57142857142857,5.714285714285714,22.857142857142858,71.42857142857143,48.57142857142857,22.857142857142858
E00187372,196,63,27,36,133,109,24,32.142857142857146,13.77551020408163,18.367346938775512,67.85714285714286,55.61224489795919,12.244897959183673
E00187376,93,22,7,15,71,64,7,23.655913978494624,7.526881720430108,16.129032258064516,76.34408602150538,68.81720430107528,7.526881720430108
E00187377,154,55,19,36,99,81,18,35.714285714285715,12.337662337662337,23.376623376623375,64.28571428571429,52.5974025974026,11.688311688311687
E00187385,117,39,10,29,78,66,12,33.33333333333333,8.547008547008547,24.786324786324787,66.66666666666666,56.41025641025641,10.256410256410255
E00187387,79,23,9,14,56,47,9,29.11392405063291,11.39240506329114,17.72151898734177,70.88607594936708,59.49367088607595,11.39240506329114
E00187389,93,24,5,19,69,56,13,25.806451612903224,5.376344086021505,20.43010752688172,74.19354838709677,60.215053763440864,13.978494623655912
E00187398,147,32,10,22,115,89,26,21.768707482993197,6.802721088435375,14.965986394557824,78.2312925170068,60.544217687074834,17.687074829931973
E00187401,227,61,29,32,166,142,24,26.87224669603524,12.77533039647577,14.096916299559473,73.12775330396477,62.55506607929515,10.572687224669604
E00187405,126,42,15,27,84,69,15,33.33333333333333,11.904761904761903,21.428571428571427,66.66666666666666,54.761904761904766,11.904761904761903
E00187406,259,58,14,44,201,185,16,22.393822393822393,5.405405405405405,16.988416988416986,77.60617760617761,71.42857142857143,6.177606177606178
E00187412,248,62,15,47,186,160,26,25,6.048387096774194,18.951612903225808,75,64.51612903225806,10.483870967741936
E00187413,157,51,14,37,106,86,20,32.48407643312102,8.9171974522293,23.56687898089172,67.51592356687898,54.77707006369427,12.738853503184714
E00187416,253,37,10,27,216,183,33,14.624505928853754,3.9525691699604746,10.67193675889328,85.37549407114624,72.33201581027669,13.043478260869565
E00187425,224,55,14,41,169,146,23,24.553571428571427,6.25,18.303571428571427,75.44642857142857,65.17857142857143,10.267857142857142
E00187428,63,13,5,8,50,42,8,20.634920634920633,7.936507936507936,12.698412698412698,79.36507936507937,66.66666666666666,12.698412698412698
E00187435,193,54,11,43,139,110,29,27.979274611398964,5.699481865284974,22.279792746113987,72.02072538860104,56.994818652849744,15.025906735751295
E00187440,208,43,10,33,165,147,18,20.673076923076923,4.807692307692308,15.865384615384615,79.32692307692307,70.67307692307693,8.653846153846153
E00187447,102,12,2,10,90,77,13,11.76470588235294,1.9607843137254901,9.803921568627452,88.23529411764706,75.49019607843137,12.745098039215685
E00187450,303,79,37,42,224,187,37,26.072607260726073,12.211221122112212,13.861386138613863,73.92739273927393,61.71617161716172,12.211221122112212
E00187452,169,51,13,38,118,101,17,30.17751479289941,7.6923076923076925,22.485207100591715,69.8224852071006,59.76331360946746,10.059171597633137
E00187457,265,69,17,52,196,166,30,26.037735849056602,6.415094339622642,19.622641509433965,73.9622641509434,62.64150943396226,11.320754716981133
E00187458,275,70,23,47,205,171,34,25.454545454545453,8.363636363636363,17.09090909090909,74.54545454545455,62.18181818181818,12.363636363636363
E00187465,192,52,13,39,140,116,24,27.083333333333332,6.770833333333333,20.3125,72.91666666666666,60.416666666666664,12.5
E00187474,205,43,16,27,162,133,29,20.975609756097562,7.804878048780488,13.170731707317074,79.02439024390245,64.8780487804878,14.146341463414632
E00187485,268,69,20,49,199,168,31,25.74626865671642,7.462686567164178,18.28358208955224,74.25373134328358,62.68656716417911,11.567164179104477
E00187489,108,29,9,20,79,69,10,26.851851851851855,8.333333333333332,18.51851851851852,73.14814814814815,63.888888888888886,9.25925925925926
E00187498,164,38,11,27,126,103,23,23.170731707317074,6.707317073170732,16.463414634146343,76.82926829268293,62.80487804878049,14.02439024390244
E00187500,125,33,11,22,92,78,14,26.400000000000002,8.799999999999999,17.599999999999998,73.6,62.4,11.200000000000001
