OA,ts0380001,ts0380002,ts0380003,ts0380004,ts0380005,ts0380006,ts0380007,ts0380002_PCT,ts0380003_PCT,ts0380004_PCT,ts0380005_PCT,ts0380006_PCT,ts0380007_PCT
E00036010,269,56,25,31,213,22,191,20.817843866171003,9.293680297397769,11.524163568773234,79.182156133829,8.178438661710038,71.00371747211895
E00036011,306,63,26,37,243,24,219,20.588235294117645,8.49673202614379,12.091503267973856,79.41176470588235,7.8431372549019605,71.56862745098039
E00036012,387,75,29,46,312,21,291,19.379844961240313,7.493540051679587,11.886304909560723,80.62015503875969,5.426356589147287,75.1937984496124
E00036013,302,99,47,52,203,14,189,32.78145695364238,15.562913907284766,17.218543046357617,67.21854304635761,4.635761589403973,62.58278145695364
E00036014,291,36,9,27,255,19,236,12.371134020618557,3.0927835051546393,9.278350515463918,87.62886597938144,6.529209621993128,81.09965635738831
E00036015,297,55,33,22,242,19,223,18.51851851851852,11.11111111111111,7.4074074074074066,81.48148148148148,6.397306397306397,75.08417508417509
E00036016,174,27,12,15,147,25,122,15.517241379310345,6.896551724137931,8.620689655172415,84.48275862068965,14.367816091954023,70.11494252873564
E00036017,313,57,20,37,256,23,233,18.210862619808307,6.3897763578274756,11.821086261980831,81.78913738019169,7.348242811501597,74.4408945686901
E00036018,320,38,10,28,282,28,254,11.875,3.125,8.75,88.125,8.75,79.375
E00036019,348,58,26,32,290,32,258,16.666666666666664,7.471264367816093,9.195402298850574,83.33333333333334,9.195402298850574,74.13793103448276
E00036020,352,89,41,48,263,21,242,25.28409090909091,11.647727272727272,13.636363636363635,74.7159090909091,5.965909090909091,68.75
E00036021,273,62,29,33,211,20,191,22.71062271062271,10.622710622710622,12.087912087912088,77.2893772893773,7.326007326007327,69.96336996336996
E00036022,311,57,28,29,254,21,233,18.327974276527332,9.003215434083602,9.32475884244373,81.67202572347267,6.752411575562702,74.91961414790997
E00036023,285,33,9,24,252,39,213,11.578947368421053,3.1578947368421053,8.421052631578947,88.42105263157895,13.684210526315791,74.73684210526315
E00036024,247,58,26,32,189,20,169,23.481781376518217,10.526315789473683,12.955465587044534,76.51821862348179,8.097165991902834,68.42105263157895
E00036025,333,90,46,44,243,23,220,27.027027027027028,13.813813813813812,13.213213213213212,72.97297297297297,6.906906906906906,66.06606606606607
E00036026,281,36,16,20,245,18,227,12.811387900355871,5.6939501779359425,7.11743772241993,87.18861209964413,6.405693950177936,80.78291814946618
E00036027,341,53,22,31,288,26,262,15.542521994134898,6.451612903225806,9.090909090909092,84.4574780058651,7.624633431085044,76.83284457478005
E00036028,233,47,16,31,186,15,171,20.171673819742487,6.866952789699571,13.304721030042918,79.82832618025752,6.437768240343347,73.39055793991416
E00036029,270,52,25,27,218,25,193,19.25925925925926,9.25925925925926,10,80.74074074074075,9.25925925925926,71.48148148148148
E00036030,308,30,9,21,278,24,254,9.740259740259742,2.922077922077922,6.8181818181818175,90.25974025974025,7.792207792207792,82.46753246753246
E00036031,357,50,16,34,307,30,277,14.005602240896359,4.481792717086835,9.523809523809524,85.99439775910365,8.403361344537815,77.59103641456583
E00036032,345,48,19,29,297,27,270,13.91304347826087,5.507246376811594,8.405797101449275,86.08695652173914,7.82608695652174,78.26086956521739
E00036033,281,85,54,31,196,16,180,30.2491103202847,19.217081850533805,11.032028469750891,69.7508896797153,5.6939501779359425,64.05693950177937
E00036034,289,44,18,26,245,24,221,15.22491349480969,6.228373702422145,8.996539792387544,84.77508650519032,8.304498269896193,76.47058823529412
E00036035,307,112,75,37,195,14,181,36.48208469055375,24.429967426710096,12.052117263843648,63.51791530944625,4.5602605863192185,58.95765472312704
E00036036,286,61,33,28,225,17,208,21.328671328671327,11.538461538461538,9.79020979020979,78.67132867132867,5.944055944055944,72.72727272727273
E00036037,326,70,40,30,256,26,230,21.472392638036812,12.269938650306749,9.202453987730062,78.52760736196319,7.975460122699387,70.5521472392638
E00036038,288,84,39,45,204,23,181,29.166666666666668,13.541666666666666,15.625,70.83333333333334,7.986111111111111,62.84722222222222
E00036039,306,38,15,23,268,20,248,12.418300653594772,4.901960784313726,7.516339869281046,87.58169934640523,6.535947712418301,81.04575163398692
E00036040,333,38,19,19,295,31,264,11.411411411411411,5.7057057057057055,5.7057057057057055,88.58858858858859,9.30930930930931,79.27927927927928
E00036041,254,52,19,33,202,18,184,20.47244094488189,7.480314960629922,12.992125984251967,79.52755905511812,7.086614173228346,72.44094488188976
E00036042,354,49,18,31,305,30,275,13.841807909604519,5.084745762711865,8.757062146892656,86.15819209039547,8.47457627118644,77.68361581920904
E00036043,289,34,11,23,255,26,229,11.76470588235294,3.8062283737024223,7.958477508650519,88.23529411764706,8.996539792387544,79.23875432525952
E00036044,294,65,32,33,229,27,202,22.108843537414966,10.884353741496598,11.224489795918368,77.89115646258503,9.183673469387756,68.70748299319727
E00036045,308,39,12,27,269,29,240,12.662337662337661,3.896103896103896,8.766233766233766,87.33766233766234,9.415584415584416,77.92207792207793
E00036046,265,35,17,18,230,19,211,13.20754716981132,6.415094339622642,6.7924528301886795,86.79245283018868,7.169811320754717,79.62264150943396
E00036047,295,48,16,32,247,17,230,16.271186440677965,5.423728813559322,10.847457627118644,83.72881355932203,5.762711864406779,77.96610169491525
E00036048,279,51,28,23,228,22,206,18.27956989247312,10.03584229390681,8.24372759856631,81.72043010752688,7.885304659498208,73.83512544802868
E00036049,228,40,11,29,188,20,168,17.543859649122805,4.824561403508771,12.719298245614036,82.45614035087719,8.771929824561402,73.68421052631578
E00036050,201,73,24,49,128,14,114,36.318407960199,11.940298507462686,24.378109452736318,63.681592039801,6.965174129353234,56.71641791044776
E00036051,148,49,23,26,99,10,89,33.108108108108105,15.54054054054054,17.56756756756757,66.8918918918919,6.756756756756757,60.13513513513513
E00036052,293,61,35,26,232,17,215,20.819112627986346,11.945392491467576,8.873720136518772,79.18088737201366,5.802047781569966,73.37883959044369
E00036053,338,61,22,39,277,18,259,18.04733727810651,6.508875739644971,11.538461538461538,81.95266272189349,5.325443786982249,76.62721893491124
E00036054,290,53,21,32,237,25,212,18.275862068965516,7.241379310344828,11.03448275862069,81.72413793103448,8.620689655172415,73.10344827586206
E00036055,310,52,27,25,258,25,233,16.7741935483871,8.709677419354838,8.064516129032258,83.22580645161291,8.064516129032258,75.16129032258064
E00036056,327,109,70,39,218,15,203,33.33333333333333,21.406727828746178,11.926605504587156,66.66666666666666,4.587155963302752,62.079510703363916
E00036057,490,130,69,61,360,33,327,26.53061224489796,14.081632653061224,12.448979591836734,73.46938775510205,6.73469387755102,66.73469387755102
E00036058,250,80,57,23,170,17,153,32,22.8,9.2,68,6.800000000000001,61.199999999999996
E00036059,348,110,60,50,238,15,223,31.60919540229885,17.24137931034483,14.367816091954023,68.39080459770115,4.310344827586207,64.08045977011494
E00036060,448,100,64,36,348,22,326,22.321428571428573,14.285714285714285,8.035714285714286,77.67857142857143,4.910714285714286,72.76785714285714
E00036061,252,60,28,32,192,11,181,23.809523809523807,11.11111111111111,12.698412698412698,76.19047619047619,4.365079365079365,71.82539682539682
E00036062,403,110,71,39,293,24,269,27.29528535980149,17.617866004962778,9.67741935483871,72.7047146401985,5.955334987593052,66.74937965260546
E00036063,250,66,30,36,184,16,168,26.400000000000002,12,14.399999999999999,73.6,6.4,67.2
E00036064,352,109,57,52,243,16,227,30.96590909090909,16.193181818181817,14.772727272727273,69.0340909090909,4.545454545454546,64.48863636363636
E00036066,364,54,19,35,310,16,294,14.835164835164836,5.21978021978022,9.615384615384617,85.16483516483517,4.395604395604396,80.76923076923077
E00036067,374,95,51,44,279,25,254,25.40106951871658,13.636363636363635,11.76470588235294,74.59893048128342,6.684491978609626,67.9144385026738
E00036069,308,73,35,38,235,22,213,23.7012987012987,11.363636363636363,12.337662337662337,76.2987012987013,7.142857142857142,69.15584415584416
E00036070,298,72,32,40,226,19,207,24.161073825503358,10.738255033557047,13.422818791946309,75.83892617449665,6.375838926174497,69.46308724832215
E00036071,275,104,67,37,171,9,162,37.81818181818182,24.363636363636363,13.454545454545455,62.18181818181818,3.272727272727273,58.909090909090914
E00036072,310,80,37,43,230,18,212,25.806451612903224,11.935483870967742,13.870967741935484,74.19354838709677,5.806451612903226,68.38709677419355
E00036073,375,134,69,65,241,12,229,35.733333333333334,18.4,17.333333333333336,64.26666666666667,3.2,61.06666666666667
E00036074,248,78,43,35,170,12,158,31.451612903225808,17.338709677419356,14.112903225806454,68.54838709677419,4.838709677419355,63.70967741935484
E00036075,209,55,23,32,154,14,140,26.31578947368421,11.004784688995215,15.311004784688995,73.68421052631578,6.698564593301436,66.98564593301435
E00036076,203,66,39,27,137,7,130,32.51231527093596,19.21182266009852,13.30049261083744,67.48768472906403,3.4482758620689653,64.03940886699507
E00036077,241,70,44,26,171,13,158,29.045643153526974,18.25726141078838,10.78838174273859,70.95435684647303,5.394190871369295,65.56016597510373
E00036078,305,98,54,44,207,15,192,32.131147540983605,17.704918032786885,14.426229508196723,67.8688524590164,4.918032786885246,62.95081967213115
E00036079,464,123,72,51,341,25,316,26.50862068965517,15.517241379310345,10.991379310344827,73.49137931034483,5.387931034482758,68.10344827586206
E00036080,227,41,21,20,186,9,177,18.06167400881057,9.251101321585903,8.81057268722467,81.93832599118943,3.9647577092511015,77.97356828193833
E00036081,257,61,40,21,196,3,193,23.73540856031128,15.56420233463035,8.171206225680933,76.26459143968872,1.1673151750972763,75.09727626459144
E00036082,255,90,53,37,165,19,146,35.294117647058826,20.784313725490197,14.50980392156863,64.70588235294117,7.450980392156863,57.25490196078431
E00036083,277,59,32,27,218,15,203,21.299638989169676,11.552346570397113,9.747292418772563,78.70036101083032,5.415162454873646,73.28519855595668
E00036084,256,64,30,34,192,15,177,25,11.71875,13.28125,75,5.859375,69.140625
E00036085,358,72,35,37,286,14,272,20.11173184357542,9.776536312849162,10.335195530726256,79.88826815642457,3.910614525139665,75.97765363128491
E00036086,216,67,30,37,149,14,135,31.01851851851852,13.88888888888889,17.12962962962963,68.98148148148148,6.481481481481481,62.5
E00036087,274,77,37,40,197,23,174,28.102189781021895,13.503649635036496,14.5985401459854,71.8978102189781,8.394160583941606,63.503649635036496
E00036088,393,148,90,58,245,19,226,37.659033078880405,22.900763358778626,14.75826972010178,62.34096692111959,4.8346055979643765,57.50636132315522
E00036089,401,99,59,40,302,25,277,24.688279301745634,14.713216957605985,9.975062344139651,75.31172069825436,6.234413965087282,69.07730673316709
E00036090,316,98,58,40,218,15,203,31.0126582278481,18.354430379746837,12.658227848101266,68.9873417721519,4.746835443037975,64.24050632911393
E00036091,278,93,67,26,185,8,177,33.45323741007194,24.100719424460433,9.352517985611511,66.54676258992805,2.877697841726619,63.66906474820144
E00036092,274,76,48,28,198,14,184,27.73722627737226,17.51824817518248,10.218978102189782,72.26277372262774,5.109489051094891,67.15328467153284
E00036093,200,86,53,33,114,7,107,43,26.5,16.5,56.99999999999999,3.5000000000000004,53.5
E00036095,301,101,68,33,200,15,185,33.5548172757475,22.591362126245848,10.96345514950166,66.44518272425249,4.983388704318937,61.461794019933556
E00036096,300,84,37,47,216,13,203,28.000000000000004,12.333333333333334,15.666666666666668,72,4.333333333333334,67.66666666666666
E00036097,364,125,63,62,239,23,216,34.34065934065934,17.307692307692307,17.032967032967033,65.65934065934066,6.318681318681318,59.34065934065934
E00036098,294,81,41,40,213,22,191,27.55102040816326,13.945578231292515,13.60544217687075,72.44897959183673,7.482993197278912,64.96598639455783
E00036099,321,107,52,55,214,21,193,33.33333333333333,16.1993769470405,17.133956386292834,66.66666666666666,6.5420560747663545,60.12461059190031
E00036100,370,102,52,50,268,19,249,27.56756756756757,14.054054054054054,13.513513513513514,72.43243243243244,5.135135135135135,67.29729729729729
E00036101,383,98,55,43,285,27,258,25.587467362924283,14.360313315926893,11.22715404699739,74.41253263707573,7.049608355091384,67.36292428198433
E00036102,293,102,46,56,191,19,172,34.8122866894198,15.699658703071673,19.112627986348123,65.18771331058021,6.484641638225256,58.703071672354945
E00036103,314,113,72,41,201,18,183,35.98726114649681,22.929936305732486,13.05732484076433,64.01273885350318,5.7324840764331215,58.28025477707006
E00036104,263,79,48,31,184,18,166,30.038022813688215,18.250950570342205,11.787072243346007,69.96197718631178,6.844106463878327,63.11787072243346
E00036105,224,55,19,36,169,18,151,24.553571428571427,8.482142857142858,16.071428571428573,75.44642857142857,8.035714285714286,67.41071428571429
E00036107,266,66,32,34,200,9,191,24.81203007518797,12.030075187969924,12.781954887218044,75.18796992481202,3.3834586466165413,71.80451127819549
E00036111,276,66,35,31,210,14,196,23.91304347826087,12.681159420289855,11.231884057971014,76.08695652173914,5.072463768115942,71.01449275362319
E00036112,344,64,34,30,280,24,256,18.6046511627907,9.883720930232558,8.720930232558139,81.3953488372093,6.976744186046512,74.4186046511628
E00036113,266,88,52,36,178,32,146,33.08270676691729,19.548872180451127,13.533834586466165,66.9172932330827,12.030075187969924,54.88721804511278
E00036114,326,83,35,48,243,11,232,25.4601226993865,10.736196319018406,14.723926380368098,74.5398773006135,3.374233128834356,71.16564417177914
E00036115,276,116,57,59,160,17,143,42.028985507246375,20.652173913043477,21.3768115942029,57.971014492753625,6.159420289855073,51.81159420289855
E00036116,358,86,40,46,272,20,252,24.022346368715084,11.1731843575419,12.849162011173185,75.97765363128491,5.58659217877095,70.39106145251397
E00036117,328,82,52,30,246,11,235,25,15.853658536585366,9.146341463414634,75,3.353658536585366,71.64634146341463
E00036118,164,62,37,25,102,9,93,37.80487804878049,22.5609756097561,15.24390243902439,62.19512195121951,5.487804878048781,56.70731707317073
E00036119,334,110,62,48,224,19,205,32.93413173652694,18.562874251497004,14.37125748502994,67.06586826347305,5.688622754491018,61.377245508982035
E00036120,198,61,33,28,137,4,133,30.808080808080806,16.666666666666664,14.14141414141414,69.1919191919192,2.0202020202020203,67.17171717171718
E00036121,292,97,60,37,195,19,176,33.21917808219178,20.54794520547945,12.67123287671233,66.78082191780823,6.506849315068493,60.273972602739725
E00036122,243,100,69,31,143,16,127,41.1522633744856,28.39506172839506,12.757201646090536,58.8477366255144,6.584362139917696,52.2633744855967
E00036123,261,102,66,36,159,8,151,39.08045977011494,25.287356321839084,13.793103448275861,60.91954022988506,3.065134099616858,57.8544061302682
E00036124,272,90,50,40,182,13,169,33.088235294117645,18.38235294117647,14.705882352941178,66.91176470588235,4.779411764705882,62.13235294117647
E00036125,256,57,28,29,199,7,192,22.265625,10.9375,11.328125,77.734375,2.734375,75
E00036126,358,121,53,68,237,24,213,33.798882681564244,14.804469273743019,18.994413407821227,66.20111731843575,6.70391061452514,59.49720670391061
E00036127,287,95,46,49,192,18,174,33.10104529616725,16.02787456445993,17.073170731707318,66.89895470383276,6.2717770034843205,60.62717770034843
E00036128,404,136,78,58,268,19,249,33.663366336633665,19.306930693069308,14.356435643564355,66.33663366336634,4.702970297029703,61.633663366336634
E00036129,317,76,39,37,241,26,215,23.974763406940063,12.302839116719243,11.67192429022082,76.02523659305994,8.201892744479496,67.82334384858044
E00036130,336,95,60,35,241,17,224,28.273809523809522,17.857142857142858,10.416666666666668,71.72619047619048,5.059523809523809,66.66666666666666
E00036131,379,115,59,56,264,24,240,30.343007915567284,15.567282321899736,14.775725593667547,69.65699208443272,6.33245382585752,63.3245382585752
E00036132,234,76,48,28,158,19,139,32.47863247863248,20.51282051282051,11.965811965811966,67.52136752136752,8.11965811965812,59.401709401709404
E00036133,182,82,47,35,100,9,91,45.05494505494506,25.82417582417583,19.230769230769234,54.94505494505495,4.945054945054945,50
E00036134,258,85,45,40,173,24,149,32.945736434108525,17.441860465116278,15.503875968992247,67.05426356589147,9.30232558139535,57.751937984496124
E00036135,320,92,44,48,228,17,211,28.749999999999996,13.750000000000002,15,71.25,5.3125,65.9375
E00036136,408,85,43,42,323,25,298,20.833333333333336,10.53921568627451,10.294117647058822,79.16666666666666,6.127450980392156,73.0392156862745
E00036137,363,68,43,25,295,22,273,18.732782369146005,11.84573002754821,6.887052341597796,81.26721763085399,6.0606060606060606,75.20661157024794
E00036138,420,71,39,32,349,28,321,16.904761904761905,9.285714285714286,7.6190476190476195,83.0952380952381,6.666666666666667,76.42857142857142
E00036139,227,77,32,45,150,22,128,33.92070484581498,14.096916299559473,19.823788546255507,66.07929515418502,9.691629955947137,56.38766519823789
E00036140,370,65,29,36,305,17,288,17.56756756756757,7.837837837837839,9.72972972972973,82.43243243243244,4.594594594594595,77.83783783783784
E00036141,251,61,29,32,190,15,175,24.302788844621514,11.553784860557768,12.749003984063744,75.69721115537848,5.9760956175298805,69.7211155378486
E00036142,360,75,30,45,285,30,255,20.833333333333336,8.333333333333332,12.5,79.16666666666666,8.333333333333332,70.83333333333334
E00036143,330,55,22,33,275,19,256,16.666666666666664,6.666666666666667,10,83.33333333333334,5.757575757575758,77.57575757575758
E00036144,273,77,43,34,196,12,184,28.205128205128204,15.75091575091575,12.454212454212454,71.7948717948718,4.395604395604396,67.3992673992674
E00036145,283,79,41,38,204,20,184,27.915194346289752,14.487632508833922,13.427561837455832,72.08480565371025,7.06713780918728,65.01766784452296
E00036146,345,87,35,52,258,12,246,25.217391304347824,10.144927536231885,15.072463768115943,74.78260869565217,3.4782608695652173,71.30434782608695
E00036147,266,55,23,32,211,19,192,20.676691729323306,8.646616541353383,12.030075187969924,79.32330827067669,7.142857142857142,72.18045112781954
E00036148,425,156,104,52,269,26,243,36.705882352941174,24.47058823529412,12.23529411764706,63.294117647058826,6.11764705882353,57.1764705882353
E00036149,248,61,22,39,187,26,161,24.596774193548388,8.870967741935484,15.725806451612904,75.40322580645162,10.483870967741936,64.91935483870968
E00036150,358,115,69,46,243,20,223,32.122905027932966,19.273743016759777,12.849162011173185,67.87709497206704,5.58659217877095,62.290502793296085
E00036152,371,70,32,38,301,25,276,18.867924528301888,8.62533692722372,10.242587601078167,81.13207547169812,6.738544474393531,74.39353099730458
E00036155,274,51,24,27,223,21,202,18.613138686131386,8.75912408759124,9.854014598540147,81.38686131386861,7.664233576642336,73.72262773722628
E00036156,316,66,26,40,250,28,222,20.88607594936709,8.227848101265822,12.658227848101266,79.11392405063292,8.860759493670885,70.25316455696202
E00036157,274,30,13,17,244,28,216,10.948905109489052,4.744525547445255,6.204379562043796,89.05109489051095,10.218978102189782,78.83211678832117
E00036158,363,66,25,41,297,22,275,18.181818181818183,6.887052341597796,11.294765840220386,81.81818181818183,6.0606060606060606,75.75757575757575
E00036159,250,60,26,34,190,20,170,24,10.4,13.600000000000001,76,8,68
E00036160,318,73,37,36,245,11,234,22.955974842767297,11.635220125786164,11.320754716981133,77.04402515723271,3.459119496855346,73.58490566037736
E00036161,216,73,33,40,143,16,127,33.7962962962963,15.277777777777779,18.51851851851852,66.20370370370371,7.4074074074074066,58.79629629629629
E00036162,318,63,28,35,255,16,239,19.81132075471698,8.80503144654088,11.0062893081761,80.18867924528303,5.031446540880504,75.15723270440252
E00036163,320,86,34,52,234,18,216,26.875,10.625,16.25,73.125,5.625,67.5
E00036164,315,61,31,30,254,27,227,19.365079365079367,9.841269841269842,9.523809523809524,80.63492063492063,8.571428571428571,72.06349206349206
E00036165,181,63,33,30,118,11,107,34.806629834254146,18.23204419889503,16.574585635359114,65.19337016574586,6.077348066298343,59.11602209944752
E00036166,304,68,31,37,236,27,209,22.36842105263158,10.197368421052632,12.171052631578947,77.63157894736842,8.881578947368421,68.75
E00036167,292,75,45,30,217,16,201,25.684931506849317,15.41095890410959,10.273972602739725,74.31506849315068,5.47945205479452,68.83561643835617
E00036168,285,67,26,41,218,24,194,23.50877192982456,9.12280701754386,14.385964912280702,76.49122807017544,8.421052631578947,68.0701754385965
E00036169,293,75,35,40,218,26,192,25.597269624573375,11.945392491467576,13.651877133105803,74.40273037542661,8.873720136518772,65.52901023890784
E00036170,265,60,27,33,205,27,178,22.641509433962266,10.18867924528302,12.452830188679245,77.35849056603774,10.18867924528302,67.16981132075472
E00036171,246,72,37,35,174,17,157,29.268292682926827,15.040650406504067,14.227642276422763,70.73170731707317,6.910569105691057,63.82113821138211
E00036172,233,71,40,31,162,14,148,30.472103004291846,17.167381974248926,13.304721030042918,69.52789699570815,6.008583690987124,63.519313304721024
E00036173,307,71,29,42,236,28,208,23.12703583061889,9.446254071661238,13.680781758957655,76.8729641693811,9.120521172638437,67.75244299674267
E00036174,266,119,71,48,147,13,134,44.73684210526316,26.691729323308273,18.045112781954884,55.26315789473685,4.887218045112782,50.37593984962406
E00036175,343,94,52,42,249,24,225,27.405247813411076,15.160349854227405,12.244897959183673,72.59475218658892,6.997084548104956,65.59766763848397
E00036176,253,70,33,37,183,20,163,27.66798418972332,13.043478260869565,14.624505928853754,72.33201581027669,7.905138339920949,64.42687747035573
E00036177,388,99,38,61,289,27,262,25.51546391752577,9.793814432989691,15.721649484536082,74.48453608247422,6.958762886597938,67.5257731958763
E00036178,317,83,35,48,234,17,217,26.18296529968454,11.041009463722396,15.141955835962145,73.81703470031546,5.3627760252365935,68.45425867507886
E00036179,279,77,34,43,202,19,183,27.598566308243726,12.186379928315413,15.412186379928317,72.40143369175627,6.810035842293908,65.59139784946237
E00036180,283,56,27,29,227,23,204,19.78798586572438,9.540636042402827,10.247349823321555,80.21201413427562,8.12720848056537,72.08480565371025
E00036181,334,66,34,32,268,21,247,19.760479041916167,10.179640718562874,9.580838323353294,80.23952095808383,6.287425149700598,73.95209580838323
E00036182,315,67,33,34,248,26,222,21.26984126984127,10.476190476190476,10.793650793650794,78.73015873015873,8.253968253968253,70.47619047619048
E00036183,263,66,31,35,197,17,180,25.09505703422053,11.787072243346007,13.307984790874524,74.90494296577947,6.4638783269961975,68.44106463878326
E00036184,258,93,48,45,165,13,152,36.04651162790697,18.6046511627907,17.441860465116278,63.95348837209303,5.038759689922481,58.91472868217055
E00036185,317,72,34,38,245,26,219,22.71293375394322,10.725552050473187,11.987381703470032,77.28706624605678,8.201892744479496,69.08517350157729
E00036186,250,94,46,48,156,26,130,37.6,18.4,19.2,62.4,10.4,52
E00036187,281,57,24,33,224,22,202,20.284697508896798,8.540925266903916,11.743772241992882,79.7153024911032,7.829181494661921,71.88612099644128
E00036188,305,44,25,19,261,12,249,14.426229508196723,8.19672131147541,6.229508196721312,85.57377049180329,3.934426229508197,81.63934426229508
E00036189,272,60,30,30,212,26,186,22.058823529411764,11.029411764705882,11.029411764705882,77.94117647058823,9.558823529411764,68.38235294117648
E00036190,239,48,20,28,191,17,174,20.0836820083682,8.368200836820083,11.715481171548117,79.9163179916318,7.112970711297072,72.80334728033473
E00036191,286,48,21,27,238,30,208,16.783216783216783,7.3426573426573425,9.44055944055944,83.21678321678321,10.48951048951049,72.72727272727273
E00036192,316,52,22,30,264,29,235,16.455696202531644,6.962025316455696,9.49367088607595,83.54430379746836,9.177215189873419,74.36708860759494
E00036193,343,61,24,37,282,26,256,17.784256559766764,6.997084548104956,10.787172011661808,82.21574344023324,7.580174927113703,74.63556851311954
E00036194,340,73,39,34,267,22,245,21.470588235294116,11.470588235294118,10,78.52941176470588,6.470588235294119,72.05882352941177
E00036195,318,55,20,35,263,38,225,17.29559748427673,6.289308176100629,11.0062893081761,82.70440251572327,11.949685534591195,70.75471698113208
E00036196,299,47,17,30,252,28,224,15.719063545150503,5.68561872909699,10.033444816053512,84.2809364548495,9.364548494983277,74.91638795986621
E00036197,260,37,20,17,223,16,207,14.23076923076923,7.6923076923076925,6.538461538461539,85.76923076923076,6.153846153846154,79.61538461538461
E00036198,308,56,22,34,252,23,229,18.181818181818183,7.142857142857142,11.03896103896104,81.81818181818183,7.467532467532467,74.35064935064936
E00036199,328,131,94,37,197,22,175,39.9390243902439,28.65853658536585,11.28048780487805,60.0609756097561,6.707317073170732,53.35365853658537
E00036200,278,63,32,31,215,25,190,22.66187050359712,11.510791366906476,11.151079136690647,77.33812949640287,8.992805755395683,68.34532374100719
E00036201,260,45,23,22,215,25,190,17.307692307692307,8.846153846153847,8.461538461538462,82.6923076923077,9.615384615384617,73.07692307692307
E00036202,289,51,16,35,238,27,211,17.647058823529413,5.536332179930796,12.110726643598616,82.35294117647058,9.342560553633218,73.01038062283737
E00036203,300,64,32,32,236,26,210,21.333333333333336,10.666666666666668,10.666666666666668,78.66666666666666,8.666666666666668,70
E00036204,329,56,23,33,273,21,252,17.02127659574468,6.990881458966565,10.030395136778116,82.97872340425532,6.382978723404255,76.59574468085107
E00036205,301,37,14,23,264,31,233,12.29235880398671,4.651162790697675,7.641196013289036,87.70764119601328,10.299003322259136,77.40863787375415
E00036206,279,36,16,20,243,31,212,12.903225806451612,5.734767025089606,7.168458781362006,87.09677419354838,11.11111111111111,75.98566308243727
E00036207,281,59,21,38,222,14,208,20.99644128113879,7.473309608540925,13.523131672597867,79.00355871886121,4.98220640569395,74.02135231316726
E00036208,355,32,9,23,323,24,299,9.014084507042254,2.535211267605634,6.478873239436619,90.98591549295774,6.760563380281689,84.22535211267605
E00036209,311,57,22,35,254,26,228,18.327974276527332,7.07395498392283,11.254019292604502,81.67202572347267,8.360128617363344,73.31189710610933
E00036210,390,100,64,36,290,24,266,25.64102564102564,16.41025641025641,9.230769230769232,74.35897435897436,6.153846153846154,68.2051282051282
E00036211,262,44,18,26,218,16,202,16.793893129770993,6.870229007633588,9.923664122137405,83.20610687022901,6.106870229007633,77.09923664122137
E00036212,319,49,20,29,270,24,246,15.360501567398119,6.269592476489027,9.090909090909092,84.63949843260188,7.523510971786834,77.11598746081505
E00036213,284,37,16,21,247,23,224,13.028169014084506,5.633802816901409,7.394366197183098,86.97183098591549,8.098591549295776,78.87323943661971
E00036214,285,39,17,22,246,17,229,13.684210526315791,5.964912280701754,7.719298245614035,86.31578947368422,5.964912280701754,80.35087719298247
E00036215,260,36,13,23,224,25,199,13.846153846153847,5,8.846153846153847,86.15384615384616,9.615384615384617,76.53846153846153
E00036216,325,51,28,23,274,28,246,15.692307692307692,8.615384615384615,7.076923076923077,84.3076923076923,8.615384615384615,75.6923076923077
E00036217,293,45,14,31,248,29,219,15.358361774744028,4.778156996587031,10.580204778156997,84.64163822525597,9.897610921501707,74.74402730375427
E00036218,271,39,8,31,232,28,204,14.391143911439114,2.952029520295203,11.439114391143912,85.60885608856088,10.33210332103321,75.27675276752768
E00036219,225,38,9,29,187,15,172,16.88888888888889,4,12.88888888888889,83.11111111111111,6.666666666666667,76.44444444444444
E00036220,190,75,49,26,115,21,94,39.473684210526315,25.789473684210527,13.684210526315791,60.526315789473685,11.052631578947368,49.473684210526315
E00036221,290,42,15,27,248,20,228,14.482758620689657,5.172413793103448,9.310344827586208,85.51724137931035,6.896551724137931,78.62068965517241
E00036222,163,35,18,17,128,9,119,21.472392638036812,11.042944785276074,10.429447852760736,78.52760736196319,5.521472392638037,73.00613496932516
E00036223,283,49,19,30,234,23,211,17.314487632508836,6.713780918727916,10.60070671378092,82.68551236749117,8.12720848056537,74.55830388692578
E00036224,287,74,33,41,213,20,193,25.78397212543554,11.498257839721255,14.285714285714285,74.21602787456446,6.968641114982578,67.24738675958189
E00036225,275,59,30,29,216,26,190,21.454545454545453,10.909090909090908,10.545454545454545,78.54545454545455,9.454545454545455,69.0909090909091
E00036226,385,67,25,42,318,25,293,17.402597402597404,6.493506493506493,10.909090909090908,82.5974025974026,6.493506493506493,76.1038961038961
E00036227,294,69,28,41,225,19,206,23.46938775510204,9.523809523809524,13.945578231292515,76.53061224489795,6.462585034013606,70.06802721088435
E00036228,277,88,53,35,189,15,174,31.768953068592058,19.133574007220215,12.63537906137184,68.23104693140795,5.415162454873646,62.8158844765343
E00036229,280,35,12,23,245,25,220,12.5,4.285714285714286,8.214285714285714,87.5,8.928571428571429,78.57142857142857
E00036230,318,56,21,35,262,21,241,17.61006289308176,6.60377358490566,11.0062893081761,82.38993710691824,6.60377358490566,75.78616352201259
E00036231,346,89,50,39,257,10,247,25.722543352601157,14.450867052023122,11.271676300578035,74.27745664739885,2.8901734104046244,71.38728323699422
E00036232,286,59,32,27,227,22,205,20.62937062937063,11.188811188811188,9.44055944055944,79.37062937062937,7.6923076923076925,71.67832167832168
E00036233,256,69,41,28,187,23,164,26.953125,16.015625,10.9375,73.046875,8.984375,64.0625
E00036234,310,60,28,32,250,27,223,19.35483870967742,9.032258064516128,10.32258064516129,80.64516129032258,8.709677419354838,71.93548387096774
E00036235,354,77,36,41,277,36,241,21.75141242937853,10.16949152542373,11.581920903954803,78.24858757062147,10.16949152542373,68.07909604519774
E00036236,331,71,34,37,260,20,240,21.45015105740181,10.27190332326284,11.178247734138973,78.54984894259819,6.042296072507553,72.50755287009063
E00036237,255,54,24,30,201,18,183,21.176470588235293,9.411764705882353,11.76470588235294,78.82352941176471,7.0588235294117645,71.76470588235294
E00036238,304,43,21,22,261,20,241,14.144736842105262,6.907894736842106,7.236842105263158,85.85526315789474,6.578947368421052,79.27631578947368
E00036239,303,53,22,31,250,20,230,17.491749174917494,7.2607260726072615,10.231023102310232,82.50825082508251,6.6006600660066,75.9075907590759
E00036240,257,41,14,27,216,23,193,15.953307392996107,5.447470817120623,10.505836575875486,84.04669260700389,8.949416342412452,75.09727626459144
E00036241,242,49,21,28,193,22,171,20.24793388429752,8.677685950413224,11.570247933884298,79.75206611570248,9.090909090909092,70.66115702479338
E00036242,270,37,19,18,233,16,217,13.703703703703704,7.037037037037037,6.666666666666667,86.29629629629629,5.9259259259259265,80.37037037037037
E00036243,322,84,44,40,238,34,204,26.08695652173913,13.664596273291925,12.422360248447205,73.91304347826086,10.559006211180124,63.35403726708074
E00036244,294,43,15,28,251,23,228,14.625850340136054,5.1020408163265305,9.523809523809524,85.37414965986395,7.8231292517006805,77.55102040816327
E00036245,230,57,23,34,173,20,153,24.782608695652176,10,14.782608695652174,75.21739130434783,8.695652173913043,66.52173913043478
E00036246,235,41,24,17,194,19,175,17.4468085106383,10.212765957446807,7.234042553191489,82.5531914893617,8.085106382978724,74.46808510638297
E00036247,390,82,38,44,308,38,270,21.025641025641026,9.7435897435897445,11.282051282051283,78.97435897435898,9.7435897435897445,69.23076923076923
E00036248,313,66,38,28,247,17,230,21.08626198083067,12.140575079872203,8.945686900958465,78.91373801916933,5.431309904153355,73.48242811501598
E00036249,320,56,25,31,264,27,237,17.5,7.8125,9.6875,82.5,8.4375,74.0625
E00036251,271,47,22,25,224,19,205,17.343173431734318,8.118081180811808,9.22509225092251,82.65682656826569,7.011070110701106,75.64575645756457
E00036252,326,48,19,29,278,20,258,14.723926380368098,5.828220858895705,8.895705521472392,85.2760736196319,6.134969325153374,79.14110429447852
E00036253,350,123,62,61,227,22,205,35.14285714285714,17.71428571428571,17.42857142857143,64.85714285714286,6.2857142857142865,58.57142857142858
E00036254,344,64,29,35,280,25,255,18.6046511627907,8.430232558139535,10.174418604651162,81.3953488372093,7.267441860465117,74.12790697674419
E00036255,212,46,17,29,166,23,143,21.69811320754717,8.018867924528301,13.679245283018867,78.30188679245283,10.849056603773585,67.45283018867924
E00036256,379,78,53,25,301,34,267,20.58047493403694,13.984168865435356,6.596306068601583,79.41952506596306,8.970976253298153,70.44854881266491
E00036257,314,95,48,47,219,32,187,30.254777070063692,15.286624203821656,14.968152866242038,69.7452229299363,10.191082802547772,59.554140127388536
E00036258,179,85,47,38,94,9,85,47.486033519553075,26.256983240223462,21.22905027932961,52.513966480446925,5.027932960893855,47.486033519553075
E00036259,350,93,59,34,257,21,236,26.571428571428573,16.857142857142858,9.714285714285714,73.42857142857143,6,67.42857142857143
E00036260,240,82,49,33,158,14,144,34.166666666666664,20.416666666666668,13.750000000000002,65.83333333333333,5.833333333333333,60
E00036261,248,121,88,33,127,19,108,48.79032258064516,35.483870967741936,13.306451612903224,51.20967741935484,7.661290322580645,43.54838709677419
E00036262,263,61,34,27,202,17,185,23.193916349809886,12.927756653992395,10.26615969581749,76.80608365019012,6.4638783269961975,70.34220532319392
E00036263,328,73,31,42,255,30,225,22.25609756097561,9.451219512195122,12.804878048780488,77.7439024390244,9.146341463414634,68.59756097560977
E00036264,258,53,26,27,205,21,184,20.54263565891473,10.077519379844961,10.465116279069768,79.45736434108527,8.13953488372093,71.31782945736434
E00036265,348,69,24,45,279,29,250,19.82758620689655,6.896551724137931,12.931034482758621,80.17241379310344,8.333333333333332,71.83908045977012
E00036266,318,44,21,23,274,20,254,13.836477987421384,6.60377358490566,7.232704402515723,86.16352201257862,6.289308176100629,79.87421383647799
E00036267,280,58,26,32,222,28,194,20.714285714285715,9.285714285714286,11.428571428571429,79.28571428571428,10,69.28571428571428
E00036268,349,62,26,36,287,31,256,17.765042979942695,7.4498567335243555,10.315186246418339,82.23495702005731,8.882521489971348,73.35243553008596
E00036269,320,87,39,48,233,27,206,27.187499999999996,12.1875,15,72.8125,8.4375,64.375
E00036270,270,64,29,35,206,24,182,23.703703703703706,10.74074074074074,12.962962962962962,76.29629629629629,8.88888888888889,67.4074074074074
E00036271,265,78,42,36,187,14,173,29.433962264150942,15.849056603773585,13.584905660377359,70.56603773584905,5.283018867924529,65.28301886792453
E00036272,298,81,48,33,217,18,199,27.181208053691275,16.10738255033557,11.073825503355705,72.81879194630872,6.0402684563758395,66.77852348993288
E00036273,243,64,28,36,179,15,164,26.337448559670783,11.522633744855968,14.814814814814813,73.66255144032921,6.172839506172839,67.48971193415639
E00036274,312,97,43,54,215,14,201,31.08974358974359,13.782051282051283,17.307692307692307,68.91025641025641,4.487179487179487,64.42307692307693
E00036275,225,78,38,40,147,15,132,34.66666666666667,16.88888888888889,17.77777777777778,65.33333333333333,6.666666666666667,58.666666666666664
E00036276,301,70,35,35,231,16,215,23.25581395348837,11.627906976744185,11.627906976744185,76.74418604651163,5.3156146179401995,71.42857142857143
E00036277,285,100,59,41,185,8,177,35.08771929824561,20.701754385964914,14.385964912280702,64.91228070175438,2.807017543859649,62.10526315789474
E00036278,487,104,53,51,383,43,340,21.35523613963039,10.882956878850102,10.472279260780287,78.64476386036962,8.829568788501026,69.81519507186859
E00036279,255,33,14,19,222,18,204,12.941176470588237,5.490196078431373,7.450980392156863,87.05882352941177,7.0588235294117645,80
E00036280,331,59,22,37,272,27,245,17.82477341389728,6.646525679758309,11.178247734138973,82.17522658610272,8.157099697885197,74.01812688821752
E00036281,294,60,31,29,234,26,208,20.408163265306122,10.54421768707483,9.863945578231291,79.59183673469387,8.843537414965986,70.74829931972789
E00036282,304,63,39,24,241,21,220,20.723684210526315,12.828947368421053,7.894736842105263,79.27631578947368,6.907894736842106,72.36842105263158
E00036283,279,56,20,36,223,24,199,20.07168458781362,7.168458781362006,12.903225806451612,79.92831541218638,8.60215053763441,71.32616487455196
E00036284,276,68,27,41,208,16,192,24.637681159420293,9.782608695652174,14.855072463768115,75.36231884057972,5.797101449275362,69.56521739130434
E00036285,345,60,25,35,285,16,269,17.391304347826086,7.246376811594203,10.144927536231885,82.6086956521739,4.63768115942029,77.97101449275362
E00036286,348,70,36,34,278,28,250,20.114942528735632,10.344827586206897,9.770114942528735,79.88505747126436,8.045977011494253,71.83908045977012
E00036287,196,56,35,21,140,10,130,28.57142857142857,17.857142857142858,10.714285714285714,71.42857142857143,5.1020408163265305,66.3265306122449
E00036288,347,55,33,22,292,27,265,15.85014409221902,9.510086455331413,6.340057636887608,84.14985590778097,7.780979827089338,76.36887608069163
E00036289,406,77,37,40,329,34,295,18.96551724137931,9.113300492610838,9.852216748768473,81.03448275862068,8.374384236453201,72.66009852216749
E00036290,385,90,67,23,295,32,263,23.376623376623375,17.402597402597404,5.974025974025974,76.62337662337663,8.311688311688311,68.31168831168831
E00036291,282,56,22,34,226,21,205,19.858156028368796,7.801418439716312,12.056737588652481,80.1418439716312,7.446808510638298,72.69503546099291
E00036292,399,51,21,30,348,41,307,12.781954887218044,5.263157894736842,7.518796992481203,87.21804511278195,10.275689223057643,76.94235588972431
E00036293,330,53,18,35,277,34,243,16.060606060606062,5.454545454545454,10.606060606060606,83.93939393939394,10.303030303030303,73.63636363636363
E00036294,334,39,14,25,295,19,276,11.676646706586826,4.191616766467066,7.48502994011976,88.32335329341318,5.688622754491018,82.63473053892216
E00036295,286,82,43,39,204,15,189,28.671328671328673,15.034965034965033,13.636363636363635,71.32867132867133,5.244755244755245,66.08391608391608
E00036296,314,47,17,30,267,28,239,14.968152866242038,5.414012738853503,9.554140127388536,85.03184713375796,8.9171974522293,76.11464968152866
E00036297,317,49,14,35,268,24,244,15.457413249211358,4.416403785488959,11.041009463722396,84.54258675078864,7.570977917981073,76.97160883280758
E00036298,338,57,10,47,281,29,252,16.86390532544379,2.9585798816568047,13.905325443786982,83.13609467455622,8.579881656804734,74.55621301775149
E00036299,286,55,26,29,231,31,200,19.230769230769234,9.090909090909092,10.13986013986014,80.76923076923077,10.839160839160838,69.93006993006993
E00036300,266,52,22,30,214,19,195,19.548872180451127,8.270676691729323,11.278195488721805,80.45112781954887,7.142857142857142,73.30827067669173
E00036301,300,61,18,43,239,20,219,20.333333333333332,6,14.333333333333334,79.66666666666666,6.666666666666667,73
E00036302,283,56,24,32,227,20,207,19.78798586572438,8.480565371024735,11.307420494699647,80.21201413427562,7.06713780918728,73.14487632508833
E00036303,263,45,18,27,218,14,204,17.110266159695815,6.844106463878327,10.26615969581749,82.88973384030417,5.323193916349809,77.56653992395437
E00036304,325,54,16,38,271,31,240,16.615384615384617,4.923076923076923,11.692307692307692,83.38461538461537,9.538461538461538,73.84615384615385
E00036305,277,59,22,37,218,25,193,21.299638989169676,7.9422382671480145,13.357400722021662,78.70036101083032,9.025270758122744,69.67509025270758
E00036306,283,66,28,38,217,15,202,23.32155477031802,9.89399293286219,13.427561837455832,76.67844522968198,5.30035335689046,71.37809187279152
E00036307,286,75,49,26,211,12,199,26.223776223776223,17.132867132867133,9.090909090909092,73.77622377622379,4.195804195804196,69.58041958041959
E00036308,267,54,21,33,213,11,202,20.224719101123593,7.865168539325842,12.359550561797752,79.7752808988764,4.119850187265917,75.65543071161048
E00036309,297,51,20,31,246,30,216,17.17171717171717,6.7340067340067336,10.437710437710438,82.82828282828282,10.1010101010101,72.72727272727273
E00036310,296,74,29,45,222,32,190,25,9.797297297297296,15.202702702702704,75,10.81081081081081,64.1891891891892
E00036311,269,81,46,35,188,19,169,30.111524163568777,17.100371747211895,13.011152416356877,69.88847583643123,7.063197026022305,62.825278810408925
E00036312,269,68,49,19,201,19,182,25.27881040892193,18.21561338289963,7.063197026022305,74.72118959107806,7.063197026022305,67.65799256505576
E00036313,307,90,47,43,217,29,188,29.31596091205212,15.309446254071663,14.006514657980457,70.68403908794788,9.446254071661238,61.23778501628665
E00036314,295,84,55,29,211,18,193,28.474576271186443,18.64406779661017,9.830508474576272,71.52542372881356,6.101694915254238,65.42372881355932
E00036315,236,67,42,25,169,15,154,28.389830508474578,17.796610169491526,10.59322033898305,71.61016949152543,6.3559322033898304,65.2542372881356
E00036316,269,61,33,28,208,20,188,22.676579925650557,12.267657992565056,10.408921933085502,77.32342007434944,7.434944237918216,69.88847583643123
E00036317,304,64,28,36,240,30,210,21.052631578947366,9.210526315789473,11.842105263157894,78.94736842105263,9.868421052631579,69.07894736842105
E00036318,303,44,17,27,259,25,234,14.521452145214523,5.6105610561056105,8.91089108910891,85.47854785478548,8.25082508250825,77.22772277227723
E00036319,355,85,49,36,270,23,247,23.943661971830984,13.802816901408452,10.140845070422536,76.05633802816901,6.478873239436619,69.57746478873239
E00036321,310,44,23,21,266,19,247,14.193548387096774,7.419354838709677,6.774193548387098,85.80645161290322,6.129032258064516,79.6774193548387
E00036322,269,51,20,31,218,21,197,18.95910780669145,7.434944237918216,11.524163568773234,81.04089219330855,7.806691449814126,73.23420074349443
E00036323,270,47,15,32,223,19,204,17.40740740740741,5.555555555555555,11.851851851851853,82.5925925925926,7.037037037037037,75.55555555555556
E00036324,286,44,19,25,242,19,223,15.384615384615385,6.643356643356643,8.741258741258742,84.61538461538461,6.643356643356643,77.97202797202797
E00036325,295,43,11,32,252,16,236,14.576271186440678,3.728813559322034,10.847457627118644,85.42372881355932,5.423728813559322,80
E00036326,249,88,42,46,161,18,143,35.34136546184739,16.867469879518072,18.473895582329316,64.65863453815261,7.228915662650602,57.42971887550201
E00036327,257,41,18,23,216,21,195,15.953307392996107,7.003891050583658,8.949416342412452,84.04669260700389,8.171206225680933,75.87548638132296
E00036328,409,73,23,50,336,38,298,17.84841075794621,5.623471882640587,12.224938875305623,82.15158924205379,9.290953545232274,72.86063569682152
E00036329,311,45,17,28,266,32,234,14.469453376205788,5.466237942122187,9.003215434083602,85.53054662379421,10.289389067524116,75.2411575562701
E00036330,271,39,11,28,232,18,214,14.391143911439114,4.059040590405904,10.33210332103321,85.60885608856088,6.642066420664207,78.96678966789668
E00036331,342,60,26,34,282,22,260,17.543859649122805,7.602339181286549,9.941520467836257,82.45614035087719,6.432748538011696,76.0233918128655
E00036332,243,40,19,21,203,17,186,16.46090534979424,7.818930041152264,8.641975308641975,83.53909465020575,6.995884773662551,76.5432098765432
E00036333,257,34,11,23,223,20,203,13.229571984435799,4.280155642023346,8.949416342412452,86.7704280155642,7.782101167315175,78.98832684824903
E00036334,311,67,32,35,244,21,223,21.54340836012862,10.289389067524116,11.254019292604502,78.45659163987139,6.752411575562702,71.70418006430869
E00036335,283,65,21,44,218,17,201,22.968197879858657,7.420494699646643,15.547703180212014,77.03180212014135,6.007067137809187,71.02473498233216
E00036336,244,65,35,30,179,16,163,26.639344262295083,14.344262295081966,12.295081967213115,73.36065573770492,6.557377049180328,66.80327868852459
E00036337,311,71,31,40,240,17,223,22.829581993569132,9.967845659163988,12.861736334405144,77.17041800643086,5.466237942122187,71.70418006430869
E00036338,320,65,28,37,255,21,234,20.3125,8.75,11.5625,79.6875,6.5625,73.125
E00036339,369,137,53,84,232,29,203,37.12737127371274,14.363143631436316,22.76422764227642,62.87262872628726,7.8590785907859075,55.013550135501355
E00036340,412,153,96,57,259,25,234,37.13592233009709,23.300970873786408,13.834951456310678,62.86407766990292,6.067961165048544,56.79611650485437
E00036341,324,89,40,49,235,17,218,27.469135802469136,12.345679012345679,15.123456790123457,72.53086419753086,5.246913580246913,67.28395061728395
E00036342,239,52,29,23,187,24,163,21.75732217573222,12.133891213389122,9.623430962343097,78.24267782426779,10.0418410041841,68.20083682008368
E00036343,276,71,39,32,205,18,187,25.724637681159418,14.130434782608695,11.594202898550725,74.27536231884058,6.521739130434782,67.7536231884058
E00036344,302,74,35,39,228,17,211,24.503311258278146,11.589403973509933,12.91390728476821,75.49668874172185,5.629139072847682,69.86754966887418
E00036345,367,91,53,38,276,23,253,24.795640326975477,14.441416893732969,10.354223433242508,75.20435967302453,6.267029972752043,68.93732970027247
E00036346,304,59,28,31,245,20,225,19.407894736842106,9.210526315789473,10.197368421052632,80.5921052631579,6.578947368421052,74.01315789473685
E00036347,299,101,58,43,198,13,185,33.77926421404682,19.39799331103679,14.381270903010032,66.22073578595318,4.3478260869565215,61.87290969899666
E00036348,281,80,47,33,201,12,189,28.46975088967972,16.72597864768683,11.743772241992882,71.53024911032028,4.270462633451958,67.25978647686833
E00036349,409,75,28,47,334,17,317,18.337408312958438,6.845965770171149,11.491442542787286,81.66259168704157,4.156479217603912,77.50611246943765
E00036350,351,81,54,27,270,20,250,23.076923076923077,15.384615384615385,7.6923076923076925,76.92307692307693,5.698005698005698,71.22507122507122
E00036351,338,77,32,45,261,26,235,22.781065088757398,9.467455621301776,13.313609467455622,77.2189349112426,7.6923076923076925,69.5266272189349
E00036352,317,59,23,36,258,17,241,18.61198738170347,7.255520504731862,11.35646687697161,81.38801261829653,5.3627760252365935,76.02523659305994
E00036353,262,89,51,38,173,11,162,33.969465648854964,19.46564885496183,14.50381679389313,66.03053435114504,4.198473282442748,61.832061068702295
E00036354,382,187,121,66,195,21,174,48.952879581151834,31.675392670157066,17.277486910994764,51.047120418848166,5.49738219895288,45.54973821989529
E00036355,311,83,34,49,228,16,212,26.688102893890676,10.932475884244374,15.755627009646304,73.31189710610933,5.144694533762058,68.16720257234726
E00036356,321,79,34,45,242,27,215,24.610591900311526,10.59190031152648,14.018691588785046,75.38940809968847,8.411214953271028,66.97819314641744
E00036357,287,57,19,38,230,29,201,19.860627177700348,6.620209059233449,13.240418118466899,80.13937282229965,10.104529616724738,70.03484320557492
E00036358,307,80,50,30,227,15,212,26.058631921824105,16.286644951140065,9.77198697068404,73.9413680781759,4.88599348534202,69.05537459283387
E00036359,287,84,47,37,203,13,190,29.268292682926827,16.376306620209057,12.89198606271777,70.73170731707317,4.529616724738676,66.2020905923345
E00036360,294,64,26,38,230,23,207,21.768707482993197,8.843537414965986,12.925170068027212,78.2312925170068,7.8231292517006805,70.40816326530613
E00036361,429,118,68,50,311,24,287,27.505827505827508,15.85081585081585,11.655011655011654,72.49417249417249,5.594405594405594,66.8997668997669
E00036362,254,58,23,35,196,13,183,22.83464566929134,9.05511811023622,13.779527559055119,77.16535433070865,5.118110236220472,72.04724409448819
E00036363,297,115,70,45,182,16,166,38.72053872053872,23.56902356902357,15.151515151515152,61.27946127946128,5.387205387205387,55.892255892255896
E00036364,211,76,50,26,135,11,124,36.018957345971565,23.696682464454977,12.322274881516588,63.98104265402843,5.213270142180095,58.767772511848335
E00036365,193,74,45,29,119,9,110,38.34196891191709,23.316062176165804,15.025906735751295,61.6580310880829,4.66321243523316,56.994818652849744
E00036366,383,97,50,47,286,14,272,25.326370757180154,13.054830287206268,12.27154046997389,74.67362924281984,3.6553524804177546,71.01827676240208
E00036367,261,48,17,31,213,12,201,18.39080459770115,6.513409961685824,11.877394636015326,81.60919540229885,4.597701149425287,77.01149425287356
E00036368,333,69,32,37,264,30,234,20.72072072072072,9.60960960960961,11.11111111111111,79.27927927927928,9.00900900900901,70.27027027027027
E00036369,318,65,31,34,253,18,235,20.440251572327046,9.748427672955975,10.69182389937107,79.55974842767296,5.660377358490567,73.89937106918238
E00036370,233,90,52,38,143,16,127,38.62660944206009,22.317596566523605,16.30901287553648,61.37339055793991,6.866952789699571,54.506437768240346
E00036371,302,74,42,32,228,17,211,24.503311258278146,13.90728476821192,10.596026490066226,75.49668874172185,5.629139072847682,69.86754966887418
E00036372,270,57,25,32,213,18,195,21.11111111111111,9.25925925925926,11.851851851851853,78.88888888888889,6.666666666666667,72.22222222222221
E00036373,324,79,35,44,245,15,230,24.382716049382715,10.802469135802468,13.580246913580247,75.61728395061729,4.62962962962963,70.98765432098766
E00036374,305,72,39,33,233,19,214,23.60655737704918,12.786885245901638,10.819672131147541,76.39344262295083,6.229508196721312,70.16393442622952
E00036375,280,67,32,35,213,17,196,23.92857142857143,11.428571428571429,12.5,76.07142857142857,6.071428571428571,70
E00036376,346,76,28,48,270,33,237,21.965317919075144,8.092485549132949,13.872832369942195,78.03468208092485,9.53757225433526,68.4971098265896
E00036377,333,87,46,41,246,23,223,26.126126126126124,13.813813813813812,12.312312312312311,73.87387387387388,6.906906906906906,66.96696696696696
E00036378,274,53,29,24,221,17,204,19.34306569343066,10.583941605839415,8.75912408759124,80.65693430656934,6.204379562043796,74.45255474452554
E00036379,449,64,36,28,385,32,353,14.253897550111358,8.017817371937639,6.23608017817372,85.74610244988864,7.126948775055679,78.61915367483296
E00036380,286,67,32,35,219,16,203,23.426573426573427,11.188811188811188,12.237762237762238,76.57342657342657,5.594405594405594,70.97902097902097
E00036381,284,62,30,32,222,17,205,21.830985915492956,10.56338028169014,11.267605633802818,78.16901408450704,5.985915492957746,72.1830985915493
E00036382,321,72,31,41,249,14,235,22.429906542056074,9.657320872274143,12.77258566978193,77.57009345794393,4.361370716510903,73.20872274143302
E00036383,255,78,42,36,177,18,159,30.58823529411765,16.470588235294116,14.117647058823529,69.41176470588235,7.0588235294117645,62.35294117647059
E00036384,303,35,12,23,268,36,232,11.55115511551155,3.9603960396039604,7.590759075907591,88.44884488448845,11.881188118811881,76.56765676567657
E00036385,291,34,9,25,257,33,224,11.683848797250858,3.0927835051546393,8.59106529209622,88.31615120274914,11.34020618556701,76.97594501718214
E00036386,322,35,9,26,287,31,256,10.869565217391305,2.7950310559006213,8.074534161490684,89.13043478260869,9.627329192546584,79.5031055900621
E00036387,323,61,19,42,262,29,233,18.885448916408667,5.88235294117647,13.003095975232199,81.11455108359134,8.978328173374612,72.13622291021672
E00036388,319,53,17,36,266,31,235,16.614420062695924,5.329153605015674,11.285266457680251,83.38557993730407,9.717868338557993,73.66771159874608
E00036389,283,30,4,26,253,21,232,10.60070671378092,1.4134275618374559,9.187279151943462,89.39929328621908,7.420494699646643,81.97879858657244
E00036390,326,39,17,22,287,25,262,11.96319018404908,5.214723926380368,6.748466257668712,88.03680981595092,7.668711656441718,80.3680981595092
E00036391,356,61,23,38,295,26,269,17.134831460674157,6.460674157303371,10.674157303370785,82.86516853932584,7.303370786516854,75.56179775280899
E00036392,323,42,19,23,281,28,253,13.003095975232199,5.88235294117647,7.120743034055728,86.9969040247678,8.6687306501548,78.328173374613
E00036393,311,44,14,30,267,28,239,14.14790996784566,4.501607717041801,9.646302250803858,85.85209003215434,9.003215434083602,76.84887459807074
E00036394,299,39,11,28,260,28,232,13.043478260869565,3.678929765886288,9.364548494983277,86.95652173913044,9.364548494983277,77.59197324414716
E00036395,308,43,15,28,265,37,228,13.96103896103896,4.870129870129871,9.090909090909092,86.03896103896103,12.012987012987013,74.02597402597402
E00036396,251,41,11,30,210,27,183,16.334661354581673,4.382470119521913,11.952191235059761,83.66533864541833,10.756972111553784,72.90836653386454
E00036397,355,47,18,29,308,35,273,13.239436619718308,5.070422535211268,8.169014084507042,86.76056338028168,9.859154929577464,76.90140845070422
E00036398,361,67,35,32,294,25,269,18.559556786703602,9.695290858725762,8.86426592797784,81.4404432132964,6.9252077562326875,74.51523545706371
E00036399,299,46,17,29,253,21,232,15.384615384615385,5.68561872909699,9.698996655518394,84.61538461538461,7.023411371237458,77.59197324414716
E00036400,269,44,13,31,225,25,200,16.356877323420075,4.83271375464684,11.524163568773234,83.64312267657994,9.293680297397769,74.34944237918215
E00036401,297,72,34,38,225,16,209,24.242424242424242,11.447811447811448,12.794612794612794,75.75757575757575,5.387205387205387,70.37037037037037
E00036402,294,34,13,21,260,20,240,11.564625850340136,4.421768707482993,7.142857142857142,88.43537414965986,6.802721088435375,81.63265306122449
E00036403,360,38,19,19,322,36,286,10.555555555555555,5.277777777777778,5.277777777777778,89.44444444444444,10,79.44444444444444
E00036404,370,37,13,24,333,38,295,10,3.5135135135135136,6.486486486486487,90,10.27027027027027,79.72972972972973
E00036405,348,47,23,24,301,22,279,13.505747126436782,6.609195402298851,6.896551724137931,86.49425287356321,6.321839080459771,80.17241379310344
E00036406,254,51,21,30,203,28,175,20.078740157480315,8.267716535433072,11.811023622047244,79.92125984251969,11.023622047244094,68.89763779527559
E00036407,236,43,15,28,193,19,174,18.220338983050848,6.3559322033898304,11.864406779661017,81.77966101694916,8.050847457627118,73.72881355932203
E00036408,237,55,23,32,182,21,161,23.20675105485232,9.70464135021097,13.502109704641349,76.79324894514767,8.860759493670885,67.9324894514768
E00036409,245,50,19,31,195,25,170,20.408163265306122,7.755102040816326,12.653061224489795,79.59183673469387,10.204081632653061,69.38775510204081
E00036410,175,70,42,28,105,12,93,40,24,16,60,6.857142857142858,53.142857142857146
E00036411,227,105,67,38,122,9,113,46.25550660792951,29.515418502202646,16.740088105726873,53.74449339207048,3.9647577092511015,49.77973568281938
E00036412,276,30,14,16,246,29,217,10.869565217391305,5.072463768115942,5.797101449275362,89.13043478260869,10.507246376811594,78.62318840579711
E00036413,320,89,69,20,231,24,207,27.8125,21.5625,6.25,72.1875,7.5,64.6875
E00036414,312,44,22,22,268,22,246,14.102564102564102,7.051282051282051,7.051282051282051,85.8974358974359,7.051282051282051,78.84615384615384
E00036415,320,46,25,21,274,24,250,14.374999999999998,7.8125,6.5625,85.625,7.5,78.125
E00036416,294,47,14,33,247,28,219,15.98639455782313,4.761904761904762,11.224489795918368,84.01360544217688,9.523809523809524,74.48979591836735
E00036417,283,35,11,24,248,30,218,12.36749116607774,3.8869257950530036,8.480565371024735,87.63250883392226,10.60070671378092,77.03180212014135
E00036418,257,63,24,39,194,23,171,24.5136186770428,9.33852140077821,15.17509727626459,75.4863813229572,8.949416342412452,66.53696498054474
E00036419,260,42,21,21,218,18,200,16.153846153846153,8.076923076923077,8.076923076923077,83.84615384615385,6.923076923076923,76.92307692307693
E00036420,324,65,27,38,259,24,235,20.061728395061728,8.333333333333332,11.728395061728394,79.93827160493827,7.4074074074074066,72.53086419753086
E00036421,311,68,29,39,243,20,223,21.864951768488748,9.32475884244373,12.540192926045016,78.13504823151125,6.430868167202572,71.70418006430869
E00036422,332,69,28,41,263,28,235,20.783132530120483,8.433734939759036,12.349397590361445,79.21686746987952,8.433734939759036,70.78313253012048
E00036423,323,42,17,25,281,32,249,13.003095975232199,5.263157894736842,7.739938080495357,86.9969040247678,9.907120743034056,77.08978328173374
E00036424,326,45,20,25,281,35,246,13.803680981595093,6.134969325153374,7.668711656441718,86.1963190184049,10.736196319018406,75.4601226993865
E00036425,279,50,18,32,229,24,205,17.921146953405017,6.451612903225806,11.469534050179211,82.07885304659499,8.60215053763441,73.47670250896059
E00036426,275,46,14,32,229,25,204,16.727272727272727,5.090909090909091,11.636363636363637,83.27272727272728,9.090909090909092,74.18181818181819
E00036427,305,39,17,22,266,28,238,12.786885245901638,5.573770491803279,7.213114754098362,87.21311475409837,9.180327868852459,78.0327868852459
E00036428,230,49,28,21,181,20,161,21.304347826086957,12.173913043478262,9.130434782608695,78.69565217391305,8.695652173913043,70
E00036429,367,36,18,18,331,29,302,9.809264305177113,4.904632152588556,4.904632152588556,90.19073569482289,7.901907356948229,82.28882833787466
E00036430,234,59,24,35,175,19,156,25.213675213675213,10.256410256410255,14.957264957264957,74.78632478632478,8.11965811965812,66.66666666666666
E00036431,326,53,18,35,273,27,246,16.257668711656443,5.521472392638037,10.736196319018406,83.74233128834356,8.282208588957054,75.4601226993865
E00036432,232,48,20,28,184,24,160,20.689655172413794,8.620689655172415,12.068965517241379,79.3103448275862,10.344827586206897,68.96551724137932
E00036433,288,45,21,24,243,28,215,15.625,7.291666666666667,8.333333333333332,84.375,9.722222222222223,74.65277777777779
E00036434,329,47,14,33,282,26,256,14.285714285714285,4.25531914893617,10.030395136778116,85.71428571428571,7.90273556231003,77.81155015197568
E00036435,332,49,16,33,283,26,257,14.759036144578314,4.819277108433735,9.939759036144578,85.2409638554217,7.83132530120482,77.40963855421687
E00036436,255,39,16,23,216,29,187,15.294117647058824,6.2745098039215685,9.019607843137255,84.70588235294117,11.372549019607844,73.33333333333333
E00036437,255,40,17,23,215,27,188,15.686274509803921,6.666666666666667,9.019607843137255,84.31372549019608,10.588235294117647,73.72549019607844
E00036438,364,116,90,26,248,25,223,31.868131868131865,24.725274725274726,7.142857142857142,68.13186813186813,6.868131868131869,61.26373626373627
E00036439,397,140,72,68,257,39,218,35.26448362720403,18.1360201511335,17.12846347607053,64.73551637279597,9.82367758186398,54.91183879093199
E00036440,242,34,15,19,208,22,186,14.049586776859504,6.198347107438017,7.851239669421488,85.9504132231405,9.090909090909092,76.85950413223141
E00036441,263,41,15,26,222,24,198,15.5893536121673,5.7034220532319395,9.885931558935361,84.4106463878327,9.125475285171103,75.2851711026616
E00036442,149,47,24,23,102,14,88,31.543624161073826,16.10738255033557,15.436241610738255,68.45637583892618,9.395973154362416,59.06040268456376
E00036443,351,36,12,24,315,32,283,10.256410256410255,3.418803418803419,6.837606837606838,89.74358974358975,9.116809116809117,80.62678062678063
E00036444,334,49,15,34,285,25,260,14.67065868263473,4.491017964071856,10.179640718562874,85.32934131736528,7.48502994011976,77.84431137724552
E00036445,325,53,28,25,272,20,252,16.307692307692307,8.615384615384615,7.6923076923076925,83.6923076923077,6.153846153846154,77.53846153846153
E00036446,303,48,17,31,255,31,224,15.841584158415841,5.6105610561056105,10.231023102310232,84.15841584158416,10.231023102310232,73.92739273927393
E00036447,238,50,20,30,188,19,169,21.008403361344538,8.403361344537815,12.605042016806722,78.99159663865547,7.9831932773109235,71.00840336134453
E00036448,348,71,28,43,277,33,244,20.402298850574713,8.045977011494253,12.35632183908046,79.59770114942529,9.482758620689655,70.11494252873564
E00036449,297,76,31,45,221,19,202,25.589225589225588,10.437710437710438,15.151515151515152,74.41077441077442,6.397306397306397,68.01346801346801
E00036450,358,67,19,48,291,21,270,18.71508379888268,5.307262569832402,13.40782122905028,81.28491620111731,5.865921787709497,75.41899441340783
E00036451,283,81,37,44,202,21,181,28.621908127208478,13.074204946996467,15.547703180212014,71.37809187279152,7.420494699646643,63.957597173144876
E00036452,306,59,41,18,247,23,224,19.28104575163399,13.398692810457517,5.88235294117647,80.71895424836602,7.516339869281046,73.20261437908496
E00036453,259,40,19,21,219,19,200,15.444015444015443,7.335907335907336,8.108108108108109,84.55598455598455,7.335907335907336,77.22007722007721
E00036454,357,77,50,27,280,20,260,21.568627450980394,14.005602240896359,7.563025210084033,78.43137254901961,5.602240896358544,72.82913165266106
E00036455,222,46,26,20,176,8,168,20.72072072072072,11.711711711711711,9.00900900900901,79.27927927927928,3.6036036036036037,75.67567567567568
E00036456,254,46,22,24,208,19,189,18.11023622047244,8.661417322834646,9.448818897637794,81.88976377952756,7.480314960629922,74.40944881889764
E00036457,242,35,11,24,207,19,188,14.46280991735537,4.545454545454546,9.917355371900827,85.53719008264463,7.851239669421488,77.68595041322314
E00036458,178,52,16,36,126,12,114,29.213483146067414,8.98876404494382,20.224719101123593,70.78651685393258,6.741573033707865,64.04494382022472
E00036459,308,97,45,52,211,31,180,31.493506493506494,14.61038961038961,16.883116883116884,68.5064935064935,10.064935064935066,58.44155844155844
E00036460,301,53,21,32,248,16,232,17.60797342192691,6.976744186046512,10.631229235880399,82.39202657807309,5.3156146179401995,77.0764119601329
E00036461,279,35,14,21,244,25,219,12.544802867383511,5.017921146953405,7.526881720430108,87.45519713261649,8.960573476702509,78.49462365591397
E00036462,247,64,28,36,183,20,163,25.910931174089068,11.336032388663968,14.5748987854251,74.08906882591093,8.097165991902834,65.9919028340081
E00036463,267,42,13,29,225,24,201,15.730337078651685,4.868913857677903,10.861423220973784,84.26966292134831,8.98876404494382,75.28089887640449
E00036464,281,38,19,19,243,24,219,13.523131672597867,6.761565836298933,6.761565836298933,86.47686832740213,8.540925266903916,77.93594306049823
E00036465,283,63,22,41,220,20,200,22.261484098939928,7.773851590106007,14.487632508833922,77.73851590106007,7.06713780918728,70.6713780918728
E00036466,255,47,11,36,208,18,190,18.43137254901961,4.313725490196078,14.117647058823529,81.56862745098039,7.0588235294117645,74.50980392156863
E00036467,334,80,38,42,254,26,228,23.952095808383234,11.377245508982035,12.574850299401197,76.04790419161677,7.784431137724551,68.26347305389223
E00036468,307,53,23,30,254,18,236,17.263843648208468,7.491856677524431,9.77198697068404,82.73615635179154,5.863192182410423,76.8729641693811
E00036469,290,37,20,17,253,24,229,12.758620689655173,6.896551724137931,5.862068965517241,87.24137931034483,8.275862068965518,78.96551724137932
E00036470,292,47,13,34,245,21,224,16.095890410958905,4.4520547945205475,11.643835616438356,83.9041095890411,7.191780821917808,76.71232876712328
E00036471,291,41,7,34,250,26,224,14.0893470790378,2.405498281786942,11.683848797250858,85.91065292096219,8.934707903780069,76.97594501718214
E00036472,317,38,13,25,279,29,250,11.987381703470032,4.100946372239748,7.886435331230284,88.01261829652996,9.14826498422713,78.86435331230284
E00036473,282,42,15,27,240,25,215,14.893617021276595,5.319148936170213,9.574468085106384,85.1063829787234,8.865248226950355,76.24113475177306
E00036474,345,91,52,39,254,21,233,26.3768115942029,15.072463768115943,11.304347826086957,73.62318840579711,6.086956521739131,67.53623188405797
E00036475,357,54,16,38,303,30,273,15.126050420168067,4.481792717086835,10.644257703081232,84.87394957983193,8.403361344537815,76.47058823529412
E00036476,313,58,19,39,255,22,233,18.53035143769968,6.070287539936102,12.460063897763577,81.46964856230032,7.0287539936102235,74.4408945686901
E00036477,323,50,20,30,273,25,248,15.479876160990713,6.191950464396285,9.287925696594428,84.52012383900929,7.739938080495357,76.78018575851394
E00036478,291,37,16,21,254,30,224,12.714776632302405,5.498281786941581,7.216494845360824,87.2852233676976,10.309278350515463,76.97594501718214
E00036479,341,62,31,31,279,40,239,18.181818181818183,9.090909090909092,9.090909090909092,81.81818181818183,11.730205278592376,70.08797653958945
E00036480,282,43,16,27,239,34,205,15.24822695035461,5.673758865248227,9.574468085106384,84.75177304964538,12.056737588652481,72.69503546099291
E00036481,288,43,18,25,245,30,215,14.930555555555555,6.25,8.680555555555555,85.06944444444444,10.416666666666668,74.65277777777779
E00036482,266,40,20,20,226,25,201,15.037593984962406,7.518796992481203,7.518796992481203,84.9624060150376,9.398496240601503,75.56390977443608
E00036483,326,49,16,33,277,39,238,15.030674846625766,4.9079754601226995,10.122699386503067,84.96932515337423,11.96319018404908,73.00613496932516
E00036484,308,48,27,21,260,19,241,15.584415584415584,8.766233766233766,6.8181818181818175,84.4155844155844,6.1688311688311686,78.24675324675324
E00036485,349,68,25,43,281,25,256,19.484240687679083,7.163323782234957,12.320916905444127,80.51575931232091,7.163323782234957,73.35243553008596
E00036486,292,48,19,29,244,20,224,16.43835616438356,6.506849315068493,9.931506849315069,83.56164383561644,6.8493150684931505,76.71232876712328
E00036487,315,78,40,38,237,14,223,24.761904761904763,12.698412698412698,12.063492063492063,75.23809523809524,4.444444444444445,70.7936507936508
E00036488,264,81,32,49,183,29,154,30.681818181818183,12.121212121212121,18.560606060606062,69.31818181818183,10.984848484848484,58.333333333333336
E00036489,165,54,32,22,111,6,105,32.72727272727273,19.393939393939394,13.333333333333334,67.27272727272727,3.6363636363636362,63.63636363636363
E00036490,262,60,26,34,202,28,174,22.900763358778626,9.923664122137405,12.977099236641221,77.09923664122137,10.687022900763358,66.41221374045801
E00036491,480,134,65,69,346,26,320,27.916666666666668,13.541666666666666,14.374999999999998,72.08333333333333,5.416666666666667,66.66666666666666
E00036492,278,89,53,36,189,16,173,32.014388489208635,19.06474820143885,12.949640287769784,67.98561151079137,5.755395683453238,62.23021582733813
E00036493,407,124,65,59,283,9,274,30.46683046683047,15.970515970515969,14.496314496314497,69.53316953316954,2.211302211302211,67.32186732186733
E00036494,359,125,81,44,234,12,222,34.81894150417828,22.56267409470752,12.256267409470752,65.18105849582173,3.3426183844011144,61.83844011142061
E00036495,351,100,54,46,251,17,234,28.49002849002849,15.384615384615385,13.105413105413104,71.50997150997152,4.843304843304843,66.66666666666666
E00036496,261,52,24,28,209,28,181,19.923371647509576,9.195402298850574,10.727969348659004,80.07662835249042,10.727969348659004,69.34865900383141
E00036497,318,95,44,51,223,26,197,29.874213836477985,13.836477987421384,16.037735849056602,70.12578616352201,8.176100628930817,61.94968553459119
E00036498,369,100,41,59,269,22,247,27.100271002710024,11.11111111111111,15.989159891598916,72.89972899728997,5.9620596205962055,66.93766937669376
E00036499,207,53,31,22,154,12,142,25.60386473429952,14.975845410628018,10.628019323671497,74.39613526570048,5.797101449275362,68.59903381642512
E00036500,540,107,44,63,433,32,401,19.814814814814817,8.148148148148149,11.666666666666666,80.18518518518518,5.9259259259259265,74.25925925925925
E00036501,345,74,34,40,271,26,245,21.44927536231884,9.855072463768117,11.594202898550725,78.55072463768116,7.536231884057972,71.01449275362319
E00036502,273,96,49,47,177,18,159,35.16483516483517,17.94871794871795,17.216117216117215,64.83516483516483,6.593406593406594,58.24175824175825
E00036503,261,78,37,41,183,16,167,29.88505747126437,14.17624521072797,15.708812260536398,70.11494252873564,6.130268199233716,63.984674329501914
E00036504,297,115,57,58,182,21,161,38.72053872053872,19.19191919191919,19.52861952861953,61.27946127946128,7.07070707070707,54.20875420875421
E00036505,323,101,55,46,222,27,195,31.269349845201237,17.027863777089784,14.241486068111456,68.73065015479877,8.359133126934983,60.371517027863774
E00036506,352,98,55,43,254,23,231,27.84090909090909,15.625,12.215909090909092,72.1590909090909,6.534090909090909,65.625
E00036507,266,78,46,32,188,17,171,29.32330827067669,17.293233082706767,12.030075187969924,70.67669172932331,6.390977443609022,64.28571428571429
E00036508,234,49,15,34,185,19,166,20.94017094017094,6.41025641025641,14.529914529914532,79.05982905982906,8.11965811965812,70.94017094017094
E00036509,510,165,74,91,345,23,322,32.35294117647059,14.50980392156863,17.84313725490196,67.64705882352942,4.509803921568627,63.13725490196078
E00036510,278,64,31,33,214,17,197,23.021582733812952,11.151079136690647,11.870503597122301,76.97841726618705,6.115107913669065,70.86330935251799
E00036511,383,116,50,66,267,19,248,30.287206266318538,13.054830287206268,17.232375979112273,69.71279373368147,4.960835509138381,64.75195822454309
E00036512,298,55,24,31,243,22,221,18.456375838926174,8.053691275167784,10.40268456375839,81.54362416107382,7.38255033557047,74.16107382550335
E00036513,264,47,16,31,217,24,193,17.803030303030305,6.0606060606060606,11.742424242424242,82.1969696969697,9.090909090909092,73.10606060606061
E00036514,274,66,32,34,208,14,194,24.087591240875913,11.678832116788321,12.408759124087592,75.91240875912408,5.109489051094891,70.8029197080292
E00036515,242,74,31,43,168,16,152,30.57851239669421,12.8099173553719,17.768595041322314,69.42148760330579,6.6115702479338845,62.8099173553719
E00036516,216,43,23,20,173,22,151,19.90740740740741,10.648148148148149,9.25925925925926,80.0925925925926,10.185185185185185,69.9074074074074
E00036517,310,57,23,34,253,17,236,18.387096774193548,7.419354838709677,10.967741935483872,81.61290322580645,5.483870967741936,76.12903225806451
E00036518,279,95,50,45,184,13,171,34.05017921146953,17.921146953405017,16.129032258064516,65.94982078853047,4.659498207885305,61.29032258064516
E00036519,374,69,25,44,305,33,272,18.449197860962567,6.684491978609626,11.76470588235294,81.55080213903744,8.823529411764707,72.72727272727273
E00036520,341,93,44,49,248,16,232,27.27272727272727,12.903225806451612,14.369501466275661,72.72727272727273,4.69208211143695,68.03519061583577
E00036521,295,96,53,43,199,19,180,32.54237288135593,17.966101694915253,14.576271186440678,67.45762711864407,6.440677966101695,61.016949152542374
E00036522,274,112,58,54,162,8,154,40.87591240875913,21.16788321167883,19.708029197080293,59.12408759124088,2.9197080291970803,56.20437956204379
E00036523,196,65,37,28,131,8,123,33.16326530612245,18.877551020408163,14.285714285714285,66.83673469387756,4.081632653061225,62.755102040816325
E00036524,154,80,43,37,74,9,65,51.94805194805194,27.92207792207792,24.025974025974026,48.05194805194805,5.844155844155844,42.2077922077922
E00036525,285,68,33,35,217,21,196,23.859649122807017,11.578947368421053,12.280701754385964,76.14035087719299,7.368421052631578,68.77192982456141
E00036526,364,88,38,50,276,16,260,24.175824175824175,10.43956043956044,13.736263736263737,75.82417582417582,4.395604395604396,71.42857142857143
E00036527,192,33,10,23,159,22,137,17.1875,5.208333333333334,11.979166666666668,82.8125,11.458333333333332,71.35416666666666
E00036528,226,55,28,27,171,15,156,24.336283185840706,12.389380530973451,11.946902654867257,75.66371681415929,6.637168141592921,69.02654867256636
E00036531,305,99,57,42,206,17,189,32.459016393442624,18.688524590163937,13.77049180327869,67.54098360655738,5.573770491803279,61.967213114754095
E00036532,239,59,22,37,180,17,163,24.686192468619247,9.205020920502092,15.481171548117153,75.31380753138075,7.112970711297072,68.20083682008368
E00036533,186,34,17,17,152,16,136,18.27956989247312,9.13978494623656,9.13978494623656,81.72043010752688,8.60215053763441,73.11827956989248
E00036534,313,67,37,30,246,28,218,21.405750798722046,11.821086261980831,9.584664536741213,78.59424920127796,8.945686900958465,69.6485623003195
E00036535,334,75,34,41,259,12,247,22.45508982035928,10.179640718562874,12.275449101796406,77.54491017964071,3.592814371257485,73.95209580838323
E00036536,308,78,33,45,230,17,213,25.324675324675322,10.714285714285714,14.61038961038961,74.67532467532467,5.51948051948052,69.15584415584416
E00036537,341,61,23,38,280,20,260,17.888563049853374,6.744868035190615,11.143695014662756,82.11143695014663,5.865102639296188,76.24633431085044
E00036538,314,62,25,37,252,23,229,19.745222929936308,7.961783439490445,11.78343949044586,80.2547770700637,7.32484076433121,72.92993630573248
E00036539,276,85,41,44,191,16,175,30.79710144927536,14.855072463768115,15.942028985507244,69.20289855072464,5.797101449275362,63.40579710144928
E00036540,291,81,46,35,210,17,193,27.835051546391753,15.807560137457044,12.027491408934708,72.16494845360825,5.841924398625429,66.32302405498281
E00036541,354,101,49,52,253,31,222,28.53107344632768,13.841807909604519,14.689265536723164,71.46892655367232,8.757062146892656,62.71186440677966
E00036542,199,59,27,32,140,23,117,29.64824120603015,13.5678391959799,16.08040201005025,70.35175879396985,11.557788944723619,58.79396984924623
E00036543,304,82,39,43,222,20,202,26.973684210526315,12.828947368421053,14.144736842105262,73.02631578947368,6.578947368421052,66.44736842105263
E00036544,290,96,50,46,194,20,174,33.10344827586207,17.24137931034483,15.862068965517242,66.89655172413794,6.896551724137931,60
E00036545,314,92,54,38,222,11,211,29.29936305732484,17.197452229299362,12.101910828025478,70.70063694267516,3.5031847133757963,67.19745222929936
E00036546,281,56,28,28,225,20,205,19.9288256227758,9.9644128113879,9.9644128113879,80.0711743772242,7.11743772241993,72.95373665480427
E00036547,350,92,53,39,258,23,235,26.285714285714285,15.142857142857144,11.142857142857142,73.71428571428571,6.571428571428571,67.14285714285714
E00036548,371,80,31,49,291,19,272,21.563342318059302,8.355795148247978,13.20754716981132,78.4366576819407,5.121293800539084,73.31536388140162
E00036549,352,70,32,38,282,21,261,19.886363636363637,9.090909090909092,10.795454545454545,80.11363636363636,5.965909090909091,74.14772727272727
E00036550,295,82,38,44,213,16,197,27.796610169491526,12.88135593220339,14.915254237288137,72.20338983050848,5.423728813559322,66.77966101694915
E00036551,303,62,34,28,241,18,223,20.462046204620464,11.221122112211221,9.24092409240924,79.53795379537954,5.9405940594059405,73.5973597359736
E00036552,309,76,39,37,233,27,206,24.59546925566343,12.62135922330097,11.974110032362459,75.40453074433657,8.737864077669903,66.66666666666666
E00036553,308,73,28,45,235,29,206,23.7012987012987,9.090909090909092,14.61038961038961,76.2987012987013,9.415584415584416,66.88311688311688
E00036554,288,95,45,50,193,15,178,32.98611111111111,15.625,17.36111111111111,67.01388888888889,5.208333333333334,61.80555555555556
E00036555,255,72,28,44,183,15,168,28.235294117647058,10.980392156862745,17.254901960784313,71.76470588235294,5.88235294117647,65.88235294117646
E00036556,295,63,29,34,232,28,204,21.35593220338983,9.830508474576272,11.525423728813559,78.64406779661017,9.491525423728813,69.15254237288136
E00036557,171,97,64,33,74,13,61,56.72514619883041,37.42690058479532,19.298245614035086,43.27485380116959,7.602339181286549,35.67251461988304
E00036558,311,65,27,38,246,24,222,20.90032154340836,8.681672025723474,12.218649517684888,79.09967845659163,7.717041800643088,71.38263665594855
E00036559,346,104,58,46,242,20,222,30.057803468208093,16.76300578034682,13.294797687861271,69.94219653179191,5.780346820809249,64.16184971098265
E00036560,268,58,29,29,210,19,191,21.641791044776117,10.820895522388058,10.820895522388058,78.35820895522389,7.08955223880597,71.26865671641791
E00036561,353,66,39,27,287,25,262,18.69688385269122,11.048158640226628,7.64872521246459,81.30311614730878,7.0821529745042495,74.22096317280453
E00036562,297,75,42,33,222,28,194,25.252525252525253,14.14141414141414,11.11111111111111,74.74747474747475,9.427609427609427,65.31986531986533
E00036563,305,70,28,42,235,21,214,22.950819672131146,9.180327868852459,13.77049180327869,77.04918032786885,6.885245901639345,70.16393442622952
E00036564,167,65,36,29,102,11,91,38.92215568862276,21.55688622754491,17.365269461077844,61.07784431137725,6.58682634730539,54.49101796407185
E00036565,279,67,26,41,212,31,181,24.014336917562723,9.31899641577061,14.695340501792115,75.98566308243727,11.11111111111111,64.87455197132617
E00036566,149,64,33,31,85,6,79,42.95302013422819,22.14765100671141,20.80536912751678,57.04697986577181,4.026845637583892,53.02013422818792
E00036567,294,57,21,36,237,27,210,19.387755102040817,7.142857142857142,12.244897959183673,80.61224489795919,9.183673469387756,71.42857142857143
E00036568,303,82,33,49,221,16,205,27.062706270627064,10.891089108910892,16.17161716171617,72.93729372937293,5.2805280528052805,67.65676567656766
E00036569,331,93,44,49,238,25,213,28.09667673716012,13.293051359516618,14.803625377643503,71.90332326283988,7.552870090634441,64.35045317220543
E00036570,314,61,34,27,253,16,237,19.426751592356688,10.828025477707007,8.598726114649681,80.57324840764332,5.095541401273886,75.47770700636943
E00036571,273,67,30,37,206,18,188,24.54212454212454,10.989010989010989,13.553113553113553,75.45787545787546,6.593406593406594,68.86446886446886
E00036572,326,89,51,38,237,25,212,27.300613496932513,15.644171779141105,11.65644171779141,72.69938650306749,7.668711656441718,65.03067484662577
E00036573,246,100,59,41,146,14,132,40.65040650406504,23.983739837398375,16.666666666666664,59.34959349593496,5.691056910569105,53.65853658536586
E00036574,392,105,47,58,287,26,261,26.785714285714285,11.989795918367346,14.795918367346939,73.21428571428571,6.63265306122449,66.58163265306123
E00036575,273,58,29,29,215,34,181,21.245421245421245,10.622710622710622,10.622710622710622,78.75457875457876,12.454212454212454,66.30036630036629
E00036576,296,53,25,28,243,15,228,17.905405405405407,8.445945945945946,9.45945945945946,82.0945945945946,5.0675675675675675,77.02702702702703
E00036577,262,40,19,21,222,22,200,15.267175572519085,7.251908396946565,8.015267175572518,84.7328244274809,8.396946564885496,76.33587786259542
E00036578,383,96,46,50,287,29,258,25.06527415143603,12.010443864229766,13.054830287206268,74.93472584856397,7.5718015665796345,67.36292428198433
E00036579,241,68,30,38,173,23,150,28.21576763485477,12.448132780082988,15.767634854771783,71.78423236514523,9.54356846473029,62.24066390041494
E00036580,316,59,20,39,257,24,233,18.670886075949365,6.329113924050633,12.341772151898734,81.32911392405063,7.59493670886076,73.73417721518987
E00036581,271,46,24,22,225,21,204,16.974169741697416,8.856088560885608,8.118081180811808,83.02583025830258,7.7490774907749085,75.27675276752768
E00036582,264,58,25,33,206,17,189,21.96969696969697,9.469696969696969,12.5,78.03030303030303,6.4393939393939394,71.5909090909091
E00036583,317,75,32,43,242,25,217,23.65930599369085,10.094637223974763,13.564668769716087,76.34069400630915,7.886435331230284,68.45425867507886
E00036584,279,71,31,40,208,17,191,25.448028673835125,11.11111111111111,14.336917562724013,74.55197132616487,6.093189964157706,68.45878136200717
E00036585,333,81,41,40,252,21,231,24.324324324324326,12.312312312312311,12.012012012012011,75.67567567567568,6.306306306306306,69.36936936936937
E00036586,266,81,44,37,185,17,168,30.451127819548873,16.541353383458645,13.909774436090224,69.54887218045113,6.390977443609022,63.1578947368421
E00036587,491,89,37,52,402,40,362,18.126272912423623,7.535641547861507,10.590631364562118,81.87372708757637,8.146639511201629,73.72708757637476
E00036588,319,79,37,42,240,22,218,24.76489028213166,11.598746081504702,13.166144200626958,75.23510971786834,6.896551724137931,68.3385579937304
E00036589,260,66,29,37,194,20,174,25.384615384615383,11.153846153846155,14.23076923076923,74.61538461538461,7.6923076923076925,66.92307692307692
E00036590,383,56,26,30,327,18,309,14.621409921671018,6.7885117493472595,7.83289817232376,85.37859007832898,4.699738903394255,80.67885117493474
E00036591,247,57,32,25,190,20,170,23.076923076923077,12.955465587044534,10.121457489878543,76.92307692307693,8.097165991902834,68.82591093117408
E00036592,286,69,28,41,217,17,200,24.125874125874127,9.79020979020979,14.335664335664337,75.87412587412588,5.944055944055944,69.93006993006993
E00036593,280,72,33,39,208,15,193,25.71428571428571,11.785714285714285,13.928571428571429,74.28571428571429,5.357142857142857,68.92857142857143
E00036594,315,70,40,30,245,23,222,22.22222222222222,12.698412698412698,9.523809523809524,77.77777777777779,7.301587301587302,70.47619047619048
E00036595,274,86,49,37,188,17,171,31.386861313868614,17.88321167883212,13.503649635036496,68.61313868613139,6.204379562043796,62.40875912408759
E00036597,232,78,47,31,154,18,136,33.62068965517241,20.25862068965517,13.36206896551724,66.37931034482759,7.758620689655173,58.620689655172406
E00036598,247,60,26,34,187,26,161,24.291497975708502,10.526315789473683,13.765182186234817,75.7085020242915,10.526315789473683,65.18218623481782
E00036599,237,65,28,37,172,13,159,27.42616033755274,11.814345991561181,15.611814345991561,72.57383966244726,5.485232067510549,67.08860759493672
E00036601,301,53,20,33,248,21,227,17.60797342192691,6.64451827242525,10.96345514950166,82.39202657807309,6.976744186046512,75.41528239202658
E00036602,217,43,15,28,174,24,150,19.81566820276498,6.912442396313365,12.903225806451612,80.18433179723502,11.059907834101383,69.12442396313364
E00036603,255,59,27,32,196,18,178,23.137254901960784,10.588235294117647,12.549019607843137,76.86274509803923,7.0588235294117645,69.80392156862744
E00036604,259,50,23,27,209,27,182,19.305019305019304,8.880308880308881,10.424710424710424,80.6949806949807,10.424710424710424,70.27027027027027
E00036606,246,84,40,44,162,11,151,34.146341463414636,16.260162601626014,17.88617886178862,65.85365853658537,4.471544715447155,61.382113821138205
E00036607,345,88,42,46,257,25,232,25.507246376811594,12.173913043478262,13.333333333333334,74.4927536231884,7.246376811594203,67.2463768115942
E00036608,194,70,33,37,124,8,116,36.08247422680412,17.010309278350515,19.072164948453608,63.91752577319587,4.123711340206185,59.79381443298969
E00036609,174,59,32,27,115,12,103,33.90804597701149,18.39080459770115,15.517241379310345,66.0919540229885,6.896551724137931,59.195402298850574
E00036610,278,74,39,35,204,12,192,26.618705035971225,14.028776978417264,12.589928057553957,73.38129496402878,4.316546762589928,69.06474820143885
E00036611,248,82,40,42,166,21,145,33.064516129032256,16.129032258064516,16.93548387096774,66.93548387096774,8.46774193548387,58.46774193548387
E00036612,275,46,14,32,229,27,202,16.727272727272727,5.090909090909091,11.636363636363637,83.27272727272728,9.818181818181818,73.45454545454545
E00036613,292,81,49,32,211,9,202,27.73972602739726,16.78082191780822,10.95890410958904,72.26027397260275,3.0821917808219177,69.17808219178082
E00036614,243,53,23,30,190,19,171,21.810699588477366,9.465020576131687,12.345679012345679,78.18930041152264,7.818930041152264,70.37037037037037
E00036615,288,58,28,30,230,18,212,20.13888888888889,9.722222222222223,10.416666666666668,79.86111111111111,6.25,73.61111111111111
E00036616,252,45,24,21,207,18,189,17.857142857142858,9.523809523809524,8.333333333333332,82.14285714285714,7.142857142857142,75
E00036617,294,57,23,34,237,22,215,19.387755102040817,7.8231292517006805,11.564625850340136,80.61224489795919,7.482993197278912,73.12925170068027
E00036618,325,143,93,50,182,24,158,44,28.615384615384613,15.384615384615385,56.00000000000001,7.384615384615385,48.61538461538461
E00036619,263,60,32,28,203,13,190,22.813688212927758,12.167300380228136,10.646387832699618,77.18631178707224,4.942965779467681,72.24334600760456
E00036620,248,81,48,33,167,12,155,32.66129032258064,19.35483870967742,13.306451612903224,67.33870967741935,4.838709677419355,62.5
E00036621,303,65,34,31,238,20,218,21.45214521452145,11.221122112211221,10.231023102310232,78.54785478547855,6.6006600660066,71.94719471947195
E00036622,303,76,35,41,227,22,205,25.082508250825082,11.55115511551155,13.531353135313532,74.91749174917491,7.2607260726072615,67.65676567656766
E00036623,355,74,29,45,281,23,258,20.845070422535212,8.169014084507042,12.676056338028168,79.15492957746478,6.478873239436619,72.67605633802818
E00036624,282,60,36,24,222,23,199,21.27659574468085,12.76595744680851,8.51063829787234,78.72340425531915,8.156028368794328,70.56737588652481
E00036625,343,77,33,44,266,29,237,22.448979591836736,9.620991253644315,12.82798833819242,77.55102040816327,8.454810495626822,69.09620991253644
E00036626,268,53,24,29,215,17,198,19.776119402985074,8.955223880597014,10.820895522388058,80.22388059701493,6.343283582089552,73.88059701492537
E00036627,346,64,27,37,282,33,249,18.497109826589593,7.803468208092486,10.69364161849711,81.5028901734104,9.53757225433526,71.96531791907515
E00036628,290,86,37,49,204,27,177,29.655172413793103,12.758620689655173,16.896551724137932,70.34482758620689,9.310344827586208,61.03448275862069
E00036629,354,62,27,35,292,31,261,17.51412429378531,7.627118644067797,9.887005649717514,82.485875706214685,8.757062146892656,73.72881355932203
E00036630,371,104,54,50,267,31,236,28.03234501347709,14.555256064690028,13.477088948787062,71.96765498652292,8.355795148247978,63.61185983827493
E00036631,280,58,31,27,222,25,197,20.714285714285715,11.071428571428571,9.642857142857144,79.28571428571428,8.928571428571429,70.35714285714286
E00036632,330,71,29,42,259,23,236,21.515151515151516,8.787878787878787,12.727272727272727,78.48484848484848,6.969696969696971,71.51515151515152
E00036633,329,70,30,40,259,34,225,21.27659574468085,9.118541033434651,12.158054711246201,78.72340425531915,10.33434650455927,68.38905775075987
E00036634,377,87,37,50,290,24,266,23.076923076923077,9.814323607427056,13.262599469496022,76.92307692307693,6.36604774535809,70.55702917771883
E00036635,328,53,25,28,275,20,255,16.158536585365855,7.621951219512195,8.536585365853659,83.84146341463415,6.097560975609756,77.7439024390244
E00036636,281,91,47,44,190,26,164,32.38434163701068,16.72597864768683,15.658362989323843,67.61565836298932,9.252669039145907,58.362989323843415
E00036637,272,117,70,47,155,16,139,43.01470588235294,25.735294117647058,17.27941176470588,56.98529411764706,5.88235294117647,51.10294117647059
E00036638,245,73,35,38,172,27,145,29.795918367346943,14.285714285714285,15.510204081632653,70.20408163265306,11.020408163265307,59.183673469387756
E00036639,304,99,49,50,205,24,181,32.56578947368421,16.11842105263158,16.447368421052634,67.43421052631578,7.894736842105263,59.539473684210535
E00036640,247,59,32,27,188,21,167,23.88663967611336,12.955465587044534,10.931174089068826,76.11336032388664,8.502024291497975,67.61133603238866
E00036641,237,50,26,24,187,24,163,21.09704641350211,10.970464135021098,10.126582278481013,78.90295358649789,10.126582278481013,68.77637130801688
E00036642,259,70,32,38,189,14,175,27.027027027027028,12.355212355212355,14.671814671814673,72.97297297297297,5.405405405405405,67.56756756756756
E00036643,295,112,56,56,183,24,159,37.96610169491525,18.983050847457626,18.983050847457626,62.03389830508475,8.135593220338983,53.898305084745765
E00036644,159,51,19,32,108,26,82,32.075471698113205,11.949685534591195,20.125786163522015,67.9245283018868,16.352201257861633,51.57232704402516
E00036645,192,49,28,21,143,29,114,25.520833333333332,14.583333333333334,10.9375,74.47916666666666,15.104166666666666,59.375
E00036646,235,70,34,36,165,20,145,29.78723404255319,14.468085106382977,15.319148936170212,70.2127659574468,8.51063829787234,61.702127659574465
E00036647,264,65,23,42,199,26,173,24.62121212121212,8.712121212121213,15.909090909090908,75.37878787878788,9.848484848484848,65.53030303030303
E00036648,363,123,53,70,240,22,218,33.88429752066116,14.600550964187327,19.28374655647383,66.11570247933885,6.0606060606060606,60.05509641873278
E00036649,196,71,31,40,125,12,113,36.224489795918366,15.816326530612246,20.408163265306122,63.775510204081634,6.122448979591836,57.6530612244898
E00036650,391,141,98,43,250,30,220,36.0613810741688,25.063938618925828,10.997442455242968,63.9386189258312,7.672634271099745,56.26598465473146
E00036651,268,67,27,40,201,21,180,25,10.074626865671641,14.925373134328357,75,7.835820895522389,67.16417910447761
E00036652,211,99,55,44,112,7,105,46.91943127962085,26.066350710900476,20.85308056872038,53.08056872037915,3.3175355450236967,49.763033175355446
E00036653,372,105,51,54,267,19,248,28.225806451612907,13.709677419354838,14.516129032258066,71.7741935483871,5.10752688172043,66.66666666666666
E00036654,293,84,40,44,209,24,185,28.668941979522184,13.651877133105803,15.017064846416384,71.33105802047781,8.19112627986348,63.13993174061433
E00036655,300,65,33,32,235,27,208,21.666666666666668,11,10.666666666666668,78.33333333333333,9,69.33333333333334
E00036656,421,88,39,49,333,32,301,20.902612826603324,9.263657957244655,11.63895486935867,79.09738717339667,7.600950118764846,71.49643705463184
E00036657,321,60,27,33,261,31,230,18.69158878504673,8.411214953271028,10.2803738317757,81.30841121495327,9.657320872274143,71.65109034267913
E00036658,312,71,24,47,241,29,212,22.756410256410255,7.6923076923076925,15.064102564102564,77.24358974358975,9.294871794871796,67.94871794871796
E00036659,344,69,22,47,275,35,240,20.058139534883722,6.395348837209303,13.662790697674417,79.94186046511628,10.174418604651162,69.76744186046511
E00036660,257,46,22,24,211,26,185,17.898832684824903,8.560311284046692,9.33852140077821,82.10116731517509,10.116731517509727,71.98443579766537
E00036661,341,102,44,58,239,21,218,29.91202346041056,12.903225806451612,17.008797653958943,70.08797653958945,6.158357771260997,63.929618768328446
E00036662,324,95,46,49,229,26,203,29.32098765432099,14.19753086419753,15.123456790123457,70.67901234567901,8.024691358024691,62.65432098765432
E00036663,272,64,26,38,208,27,181,23.52941176470588,9.558823529411764,13.970588235294118,76.47058823529412,9.926470588235293,66.54411764705883
E00036664,315,72,34,38,243,25,218,22.857142857142858,10.793650793650794,12.063492063492063,77.14285714285715,7.936507936507936,69.2063492063492
E00036665,420,123,65,58,297,24,273,29.28571428571429,15.476190476190476,13.80952380952381,70.71428571428572,5.714285714285714,65
E00036666,261,82,41,41,179,21,158,31.417624521072796,15.708812260536398,15.708812260536398,68.5823754789272,8.045977011494253,60.53639846743295
E00036667,295,52,15,37,243,15,228,17.627118644067796,5.084745762711865,12.54237288135593,82.37288135593221,5.084745762711865,77.28813559322035
E00036668,266,54,19,35,212,29,183,20.30075187969925,7.142857142857142,13.157894736842104,79.69924812030075,10.902255639097744,68.796992481203
E00036669,304,76,45,31,228,19,209,25,14.802631578947366,10.197368421052632,75,6.25,68.75
E00036670,370,89,42,47,281,28,253,24.054054054054056,11.351351351351353,12.702702702702704,75.94594594594595,7.567567567567568,68.37837837837839
E00036671,338,42,24,18,296,28,268,12.42603550295858,7.100591715976331,5.325443786982249,87.57396449704143,8.284023668639055,79.28994082840237
E00036672,285,62,27,35,223,30,193,21.75438596491228,9.473684210526317,12.280701754385964,78.24561403508771,10.526315789473683,67.71929824561404
E00036673,298,52,19,33,246,28,218,17.449664429530202,6.375838926174497,11.073825503355705,82.5503355704698,9.395973154362416,73.15436241610739
E00036674,264,98,57,41,166,20,146,37.121212121212125,21.59090909090909,15.530303030303031,62.878787878787875,7.575757575757576,55.3030303030303
E00036675,300,75,33,42,225,20,205,25,11,14.000000000000002,75,6.666666666666667,68.33333333333333
E00036676,335,116,64,52,219,32,187,34.626865671641795,19.1044776119403,15.522388059701491,65.3731343283582,9.55223880597015,55.82089552238806
E00036677,287,48,22,26,239,15,224,16.72473867595819,7.665505226480835,9.059233449477352,83.27526132404182,5.2264808362369335,78.04878048780488
E00036678,253,49,14,35,204,15,189,19.367588932806324,5.533596837944664,13.83399209486166,80.63241106719367,5.928853754940711,74.70355731225297
E00036679,288,58,29,29,230,28,202,20.13888888888889,10.069444444444445,10.069444444444445,79.86111111111111,9.722222222222223,70.13888888888889
E00036680,312,105,67,38,207,17,190,33.65384615384615,21.474358974358974,12.179487179487179,66.34615384615384,5.448717948717949,60.89743589743589
E00036681,245,67,29,38,178,26,152,27.346938775510203,11.83673469387755,15.510204081632653,72.6530612244898,10.612244897959183,62.04081632653061
E00036682,386,104,58,46,282,25,257,26.94300518134715,15.025906735751295,11.917098445595855,73.05699481865285,6.476683937823833,66.58031088082902
E00036683,243,49,16,33,194,16,178,20.16460905349794,6.584362139917696,13.580246913580247,79.83539094650206,6.584362139917696,73.25102880658436
E00036684,188,60,25,35,128,15,113,31.914893617021278,13.297872340425531,18.617021276595743,68.08510638297872,7.9787234042553195,60.1063829787234
E00036685,309,50,16,34,259,37,222,16.181229773462782,5.177993527508091,11.003236245954692,83.81877022653723,11.974110032362459,71.84466019417476
E00036686,376,76,44,32,300,29,271,20.212765957446805,11.702127659574469,8.51063829787234,79.7872340425532,7.712765957446808,72.07446808510637
E00036687,291,64,26,38,227,26,201,21.993127147766323,8.934707903780069,13.058419243986256,78.00687285223368,8.934707903780069,69.0721649484536
E00036688,324,72,29,43,252,21,231,22.22222222222222,8.950617283950617,13.271604938271606,77.77777777777779,6.481481481481481,71.29629629629629
E00036689,264,67,33,34,197,33,164,25.37878787878788,12.5,12.878787878787879,74.62121212121212,12.5,62.121212121212125
E00036690,349,54,24,30,295,25,270,15.472779369627506,6.876790830945559,8.595988538681947,84.5272206303725,7.163323782234957,77.36389684813754
E00036691,248,47,21,26,201,14,187,18.951612903225808,8.46774193548387,10.483870967741936,81.04838709677419,5.64516129032258,75.40322580645162
E00036692,264,61,21,40,203,16,187,23.106060606060606,7.954545454545454,15.151515151515152,76.89393939393939,6.0606060606060606,70.83333333333334
E00036693,195,62,34,28,133,13,120,31.794871794871792,17.435897435897434,14.358974358974358,68.2051282051282,6.666666666666667,61.53846153846154
E00036694,338,110,74,36,228,29,199,32.544378698224854,21.893491124260358,10.650887573964498,67.45562130177515,8.579881656804734,58.875739644970416
E00036695,356,83,45,38,273,34,239,23.314606741573034,12.640449438202248,10.674157303370785,76.68539325842697,9.550561797752808,67.13483146067416
E00036696,267,78,39,39,189,26,163,29.213483146067414,14.606741573033707,14.606741573033707,70.78651685393258,9.737827715355806,61.04868913857678
E00036697,309,61,27,34,248,22,226,19.741100323624593,8.737864077669903,11.003236245954692,80.2588996763754,7.119741100323624,73.13915857605178
E00036698,261,59,26,33,202,19,183,22.60536398467433,9.961685823754788,12.643678160919542,77.39463601532567,7.2796934865900385,70.11494252873564
E00036699,250,40,15,25,210,19,191,16,6,10,84,7.6,76.4
E00036700,288,35,11,24,253,21,232,12.152777777777777,3.8194444444444446,8.333333333333332,87.84722222222221,7.291666666666667,80.55555555555556
E00036701,280,65,27,38,215,18,197,23.214285714285715,9.642857142857144,13.571428571428571,76.78571428571429,6.428571428571428,70.35714285714286
E00036702,292,59,31,28,233,28,205,20.205479452054796,10.616438356164384,9.58904109589041,79.7945205479452,9.58904109589041,70.2054794520548
E00036703,286,57,21,36,229,22,207,19.93006993006993,7.3426573426573425,12.587412587412588,80.06993006993007,7.6923076923076925,72.37762237762237
E00036704,589,133,51,82,456,46,410,22.58064516129032,8.65874363327674,13.921901528013583,77.41935483870968,7.809847198641766,69.60950764006792
E00036705,258,60,24,36,198,23,175,23.25581395348837,9.30232558139535,13.953488372093023,76.74418604651163,8.914728682170542,67.82945736434108
E00036706,237,38,17,21,199,23,176,16.033755274261605,7.172995780590717,8.860759493670885,83.96624472573839,9.70464135021097,74.26160337552743
E00036707,246,56,24,32,190,26,164,22.76422764227642,9.75609756097561,13.008130081300814,77.23577235772358,10.569105691056912,66.66666666666666
E00036708,284,44,16,28,240,24,216,15.492957746478872,5.633802816901409,9.859154929577464,84.50704225352112,8.450704225352112,76.05633802816901
E00036709,282,45,23,22,237,16,221,15.957446808510639,8.156028368794328,7.801418439716312,84.04255319148936,5.673758865248227,78.36879432624113
E00036710,323,78,26,52,245,23,222,24.148606811145513,8.04953560371517,16.09907120743034,75.85139318885449,7.120743034055728,68.73065015479877
E00036711,304,52,18,34,252,28,224,17.105263157894736,5.921052631578947,11.18421052631579,82.89473684210526,9.210526315789473,73.68421052631578
E00036712,601,101,38,63,500,30,470,16.80532445923461,6.322795341098169,10.482529118136439,83.19467554076539,4.9916805324459235,78.20299500831946
E00036713,283,47,20,27,236,26,210,16.607773851590103,7.06713780918728,9.540636042402827,83.3922261484099,9.187279151943462,74.20494699646643
E00036714,238,41,24,17,197,13,184,17.22689075630252,10.084033613445378,7.142857142857142,82.77310924369748,5.46218487394958,77.31092436974791
E00036715,157,48,21,27,109,21,88,30.573248407643312,13.375796178343949,17.197452229299362,69.42675159235668,13.375796178343949,56.05095541401274
E00036716,244,52,19,33,192,17,175,21.311475409836063,7.786885245901639,13.524590163934427,78.68852459016394,6.967213114754098,71.72131147540983
E00036717,262,55,23,32,207,16,191,20.99236641221374,8.778625954198473,12.213740458015266,79.00763358778626,6.106870229007633,72.90076335877863
E00036718,288,46,23,23,242,25,217,15.972222222222221,7.986111111111111,7.986111111111111,84.02777777777779,8.680555555555555,75.34722222222221
E00036719,303,60,25,35,243,26,217,19.801980198019802,8.25082508250825,11.55115511551155,80.19801980198021,8.58085808580858,71.61716171617162
E00036720,240,48,20,28,192,24,168,20,8.333333333333332,11.666666666666666,80,10,70
E00036721,443,129,88,41,314,42,272,29.119638826185103,19.864559819413092,9.255079006772009,70.8803611738149,9.480812641083523,61.39954853273137
E00036722,339,73,34,39,266,30,236,21.533923303834808,10.029498525073747,11.504424778761061,78.46607669616519,8.849557522123893,69.6165191740413
E00036723,239,115,63,52,124,15,109,48.11715481171548,26.359832635983267,21.75732217573222,51.88284518828452,6.2761506276150625,45.60669456066946
E00036724,242,80,49,31,162,22,140,33.057851239669425,20.24793388429752,12.8099173553719,66.94214876033058,9.090909090909092,57.85123966942148
E00036725,189,57,35,22,132,13,119,30.158730158730158,18.51851851851852,11.64021164021164,69.84126984126983,6.878306878306878,62.96296296296296
E00036726,363,92,34,58,271,16,255,25.344352617079892,9.366391184573002,15.977961432506888,74.65564738292011,4.40771349862259,70.24793388429752
E00036727,295,70,42,28,225,27,198,23.728813559322035,14.237288135593221,9.491525423728813,76.27118644067797,9.152542372881356,67.11864406779661
E00036728,258,76,38,38,182,13,169,29.457364341085274,14.728682170542637,14.728682170542637,70.54263565891473,5.038759689922481,65.50387596899225
E00036729,341,92,40,52,249,15,234,26.97947214076246,11.730205278592376,15.249266862170089,73.02052785923753,4.398826979472141,68.62170087976538
E00036730,285,51,24,27,234,32,202,17.894736842105264,8.421052631578947,9.473684210526317,82.10526315789474,11.228070175438596,70.87719298245614
E00036731,207,66,37,29,141,10,131,31.88405797101449,17.874396135265698,14.009661835748794,68.11594202898551,4.830917874396135,63.28502415458937
E00036732,303,44,21,23,259,28,231,14.521452145214523,6.9306930693069315,7.590759075907591,85.47854785478548,9.24092409240924,76.23762376237624
E00036733,228,74,35,39,154,13,141,32.45614035087719,15.350877192982457,17.105263157894736,67.54385964912281,5.701754385964912,61.8421052631579
E00036734,230,39,16,23,191,13,178,16.956521739130434,6.956521739130435,10,83.04347826086956,5.6521739130434785,77.39130434782608
E00036735,386,58,18,40,328,17,311,15.025906735751295,4.66321243523316,10.362694300518134,84.97409326424871,4.404145077720207,80.56994818652849
E00036736,258,33,11,22,225,19,206,12.790697674418606,4.263565891472868,8.527131782945736,87.20930232558139,7.3643410852713185,79.84496124031007
E00036737,189,40,15,25,149,11,138,21.164021164021165,7.936507936507936,13.227513227513226,78.83597883597884,5.82010582010582,73.01587301587301
E00036738,242,61,25,36,181,14,167,25.206611570247933,10.330578512396695,14.87603305785124,74.79338842975206,5.785123966942149,69.00826446280992
E00036739,529,104,54,50,425,38,387,19.659735349716446,10.207939508506616,9.45179584120983,80.34026465028356,7.183364839319471,73.15689981096408
E00036740,300,68,41,27,232,19,213,22.666666666666664,13.666666666666666,9,77.33333333333333,6.333333333333334,71
E00036741,280,52,15,37,228,27,201,18.571428571428573,5.357142857142857,13.214285714285715,81.42857142857143,9.642857142857144,71.78571428571429
E00036742,289,68,43,25,221,28,193,23.52941176470588,14.878892733564014,8.650519031141869,76.47058823529412,9.688581314878892,66.78200692041523
E00036743,171,40,18,22,131,9,122,23.391812865497073,10.526315789473683,12.865497076023392,76.60818713450293,5.263157894736842,71.34502923976608
E00036744,183,45,23,22,138,13,125,24.59016393442623,12.568306010928962,12.021857923497267,75.40983606557377,7.103825136612022,68.30601092896174
E00036745,305,59,24,35,246,24,222,19.34426229508197,7.868852459016394,11.475409836065573,80.65573770491802,7.868852459016394,72.78688524590164
E00036746,187,38,24,14,149,15,134,20.32085561497326,12.834224598930483,7.4866310160427805,79.67914438502673,8.0213903743315509,71.65775401069519
E00036747,246,63,27,36,183,13,170,25.609756097560975,10.975609756097562,14.634146341463413,74.39024390243902,5.284552845528456,69.10569105691057
E00036748,301,61,29,32,240,21,219,20.26578073089701,9.634551495016613,10.631229235880399,79.734219269103,6.976744186046512,72.75747508305648
E00036749,280,47,23,24,233,22,211,16.785714285714285,8.214285714285714,8.571428571428571,83.21428571428572,7.857142857142857,75.35714285714286
E00036750,293,45,16,29,248,17,231,15.358361774744028,5.460750853242321,9.897610921501707,84.64163822525597,5.802047781569966,78.839590443686
E00036751,286,40,13,27,246,28,218,13.986013986013987,4.545454545454546,9.44055944055944,86.01398601398601,9.79020979020979,76.22377622377621
E00036752,249,41,15,26,208,24,184,16.46586345381526,6.024096385542169,10.441767068273093,83.53413654618474,9.63855421686747,73.89558232931726
E00036753,270,74,34,40,196,22,174,27.40740740740741,12.592592592592592,14.814814814814813,72.5925925925926,8.148148148148149,64.44444444444444
E00036754,309,84,46,38,225,11,214,27.184466019417474,14.886731391585762,12.297734627831716,72.81553398058253,3.559870550161812,69.25566343042071
E00036755,294,63,34,29,231,10,221,21.428571428571427,11.564625850340136,9.863945578231291,78.57142857142857,3.4013605442176873,75.17006802721087
E00036756,218,89,49,40,129,18,111,40.825688073394495,22.477064220183486,18.34862385321101,59.174311926605505,8.256880733944955,50.917431192660544
E00036757,250,84,45,39,166,8,158,33.6,18,15.6,66.4,3.2,63.2
E00036758,266,72,39,33,194,11,183,27.06766917293233,14.661654135338345,12.406015037593985,72.93233082706767,4.135338345864661,68.796992481203
E00036759,294,58,23,35,236,12,224,19.727891156462583,7.8231292517006805,11.904761904761903,80.27210884353741,4.081632653061225,76.19047619047619
E00036760,318,81,45,36,237,16,221,25.471698113207548,14.150943396226415,11.320754716981133,74.52830188679245,5.031446540880504,69.49685534591194
E00036761,361,46,22,24,315,32,283,12.742382271468145,6.094182825484765,6.64819944598338,87.25761772853186,8.86426592797784,78.39335180055402
E00036762,303,70,31,39,233,12,221,23.1023102310231,10.231023102310232,12.871287128712872,76.89768976897689,3.9603960396039604,72.93729372937293
E00036763,306,51,23,28,255,11,244,16.666666666666664,7.516339869281046,9.15032679738562,83.33333333333334,3.594771241830065,79.73856209150327
E00036764,290,55,15,40,235,23,212,18.96551724137931,5.172413793103448,13.793103448275861,81.03448275862068,7.931034482758621,73.10344827586206
E00036765,242,41,15,26,201,21,180,16.94214876033058,6.198347107438017,10.743801652892563,83.05785123966942,8.677685950413224,74.3801652892562
E00036766,210,56,24,32,154,15,139,26.666666666666668,11.428571428571429,15.238095238095239,73.33333333333333,7.142857142857142,66.19047619047619
E00036767,289,54,30,24,235,17,218,18.685121107266436,10.380622837370241,8.304498269896193,81.31487889273356,5.88235294117647,75.4325259515571
E00036768,276,51,18,33,225,12,213,18.478260869565215,6.521739130434782,11.956521739130435,81.52173913043478,4.3478260869565215,77.17391304347827
E00036769,326,58,20,38,268,27,241,17.791411042944784,6.134969325153374,11.65644171779141,82.20858895705521,8.282208588957054,73.92638036809815
E00036770,272,45,12,33,227,18,209,16.544117647058822,4.411764705882353,12.132352941176471,83.45588235294117,6.61764705882353,76.83823529411765
E00036771,240,27,15,12,213,20,193,11.25,6.25,5,88.75,8.333333333333332,80.41666666666667
E00036772,300,62,39,23,238,22,216,20.666666666666668,13,7.666666666666666,79.33333333333333,7.333333333333333,72
E00036773,265,44,22,22,221,17,204,16.60377358490566,8.30188679245283,8.30188679245283,83.39622641509435,6.415094339622642,76.9811320754717
E00036774,319,59,22,37,260,20,240,18.495297805642632,6.896551724137931,11.598746081504702,81.50470219435736,6.269592476489027,75.23510971786834
E00036775,257,55,33,22,202,16,186,21.40077821011673,12.840466926070038,8.560311284046692,78.59922178988327,6.22568093385214,72.37354085603113
E00036776,320,49,17,32,271,22,249,15.312500000000002,5.3125,10,84.6875,6.875000000000001,77.8125
E00036777,216,66,34,32,150,9,141,30.555555555555557,15.74074074074074,14.814814814814813,69.44444444444444,4.166666666666666,65.27777777777779
E00036778,339,60,26,34,279,27,252,17.699115044247787,7.669616519174041,10.029498525073747,82.30088495575221,7.964601769911504,74.33628318584071
E00036779,430,96,45,51,334,28,306,22.325581395348838,10.465116279069768,11.86046511627907,77.67441860465117,6.511627906976744,71.16279069767441
E00036780,273,58,23,35,215,23,192,21.245421245421245,8.424908424908425,12.82051282051282,78.75457875457876,8.424908424908425,70.32967032967034
E00036781,305,46,21,25,259,25,234,15.081967213114755,6.885245901639345,8.19672131147541,84.91803278688525,8.19672131147541,76.72131147540983
E00036782,302,42,13,29,260,20,240,13.90728476821192,4.304635761589404,9.602649006622517,86.09271523178808,6.622516556291391,79.47019867549669
E00036783,299,48,16,32,251,26,225,16.05351170568562,5.351170568561873,10.702341137123746,83.94648829431438,8.695652173913043,75.25083612040135
E00036784,236,58,23,35,178,23,155,24.576271186440678,9.745762711864407,14.83050847457627,75.42372881355932,9.745762711864407,65.67796610169492
E00036785,258,82,45,37,176,21,155,31.782945736434108,17.441860465116278,14.34108527131783,68.21705426356588,8.13953488372093,60.07751937984496
E00036786,355,101,42,59,254,22,232,28.450704225352112,11.830985915492958,16.619718309859156,71.54929577464789,6.197183098591549,65.35211267605634
E00036787,272,38,19,19,234,15,219,13.970588235294118,6.985294117647059,6.985294117647059,86.02941176470588,5.514705882352941,80.51470588235294
E00036788,297,50,21,29,247,28,219,16.835016835016837,7.07070707070707,9.764309764309765,83.16498316498317,9.427609427609427,73.73737373737373
E00036789,300,33,11,22,267,29,238,11,3.6666666666666665,7.333333333333333,89,9.666666666666666,79.33333333333333
E00036790,256,51,11,40,205,25,180,19.921875,4.296875,15.625,80.078125,9.765625,70.3125
E00036791,281,62,39,23,219,22,197,22.064056939501782,13.87900355871886,8.185053380782918,77.93594306049823,7.829181494661921,70.1067615658363
E00036792,352,59,29,30,293,36,257,16.761363636363637,8.238636363636363,8.522727272727272,83.23863636363636,10.227272727272728,73.01136363636364
E00036793,334,37,14,23,297,33,264,11.077844311377245,4.191616766467066,6.88622754491018,88.92215568862275,9.880239520958083,79.04191616766467
E00036794,308,65,31,34,243,28,215,21.1038961038961,10.064935064935066,11.03896103896104,78.8961038961039,9.090909090909092,69.8051948051948
E00036795,287,33,14,19,254,20,234,11.498257839721255,4.878048780487805,6.620209059233449,88.50174216027874,6.968641114982578,81.53310104529616
E00036796,309,32,12,20,277,34,243,10.355987055016183,3.8834951456310676,6.472491909385113,89.64401294498381,11.003236245954692,78.64077669902912
E00036797,274,54,18,36,220,22,198,19.708029197080293,6.569343065693431,13.138686131386862,80.2919708029197,8.02919708029197,72.26277372262774
E00036798,244,39,14,25,205,25,180,15.983606557377051,5.737704918032787,10.245901639344263,84.01639344262296,10.245901639344263,73.77049180327869
E00036799,264,38,13,25,226,17,209,14.393939393939394,4.924242424242424,9.469696969696969,85.60606060606061,6.4393939393939394,79.16666666666666
E00036800,305,40,14,26,265,21,244,13.114754098360656,4.590163934426229,8.524590163934425,86.88524590163934,6.885245901639345,80
E00036801,281,58,20,38,223,22,201,20.640569395017792,7.11743772241993,13.523131672597867,79.35943060498221,7.829181494661921,71.53024911032028
E00036802,254,43,18,25,211,23,188,16.92913385826772,7.086614173228346,9.84251968503937,83.07086614173228,9.05511811023622,74.01574803149606
E00036803,238,63,26,37,175,17,158,26.47058823529412,10.92436974789916,15.546218487394958,73.52941176470588,7.142857142857142,66.38655462184873
E00036804,312,42,16,26,270,21,249,13.461538461538462,5.128205128205128,8.333333333333332,86.53846153846155,6.730769230769231,79.8076923076923
E00036805,270,43,22,21,227,24,203,15.925925925925927,8.148148148148149,7.777777777777778,84.07407407407408,8.88888888888889,75.18518518518519
E00036806,358,52,14,38,306,30,276,14.52513966480447,3.910614525139665,10.614525139664805,85.47486033519553,8.379888268156424,77.09497206703911
E00036807,302,56,22,34,246,25,221,18.543046357615893,7.28476821192053,11.258278145695364,81.45695364238411,8.27814569536424,73.17880794701986
E00036808,280,51,14,37,229,21,208,18.21428571428571,5,13.214285714285715,81.78571428571428,7.5,74.28571428571429
E00036809,377,51,17,34,326,23,303,13.527851458885943,4.509283819628647,9.018567639257293,86.47214854111405,6.10079575596817,80.37135278514589
E00036810,329,65,30,35,264,25,239,19.756838905775076,9.118541033434651,10.638297872340425,80.24316109422493,7.598784194528875,72.64437689969606
E00036811,346,50,19,31,296,21,275,14.450867052023122,5.491329479768786,8.959537572254336,85.54913294797689,6.069364161849711,79.47976878612717
E00036812,330,56,23,33,274,27,247,16.969696969696972,6.969696969696971,10,83.03030303030303,8.181818181818182,74.84848484848486
E00036813,273,37,15,22,236,21,215,13.553113553113553,5.4945054945054945,8.058608058608058,86.44688644688645,7.6923076923076925,78.75457875457876
E00036814,279,46,20,26,233,23,210,16.48745519713262,7.168458781362006,9.31899641577061,83.51254480286738,8.24372759856631,75.26881720430107
E00036815,345,70,30,40,275,28,247,20.28985507246377,8.695652173913043,11.594202898550725,79.71014492753623,8.115942028985506,71.59420289855073
E00036816,249,58,20,38,191,26,165,23.293172690763054,8.032128514056225,15.261044176706829,76.70682730923694,10.441767068273093,66.26506024096386
E00036817,289,65,23,42,224,28,196,22.491349480968857,7.958477508650519,14.53287197231834,77.50865051903114,9.688581314878892,67.82006920415225
E00036818,298,41,17,24,257,31,226,13.758389261744966,5.704697986577181,8.053691275167784,86.24161073825503,10.40268456375839,75.83892617449665
E00036819,266,51,22,29,215,29,186,19.172932330827066,8.270676691729323,10.902255639097744,80.82706766917293,10.902255639097744,69.92481203007519
E00036820,241,35,13,22,206,22,184,14.522821576763487,5.394190871369295,9.12863070539419,85.47717842323651,9.12863070539419,76.34854771784232
E00036821,301,64,27,37,237,29,208,21.262458471760798,8.970099667774086,12.29235880398671,78.7375415282392,9.634551495016613,69.10299003322258
E00036822,296,50,22,28,246,30,216,16.89189189189189,7.4324324324324325,9.45945945945946,83.1081081081081,10.135135135135135,72.97297297297297
E00036823,240,51,14,37,189,18,171,21.25,5.833333333333333,15.416666666666668,78.75,7.5,71.25
E00036824,307,73,36,37,234,27,207,23.778501628664493,11.726384364820847,12.052117263843648,76.2214983713355,8.794788273615636,67.42671009771986
E00036825,265,51,25,26,214,20,194,19.245283018867926,9.433962264150944,9.811320754716983,80.75471698113208,7.547169811320755,73.20754716981132
E00036826,246,57,24,33,189,14,175,23.170731707317074,9.75609756097561,13.414634146341465,76.82926829268293,5.691056910569105,71.13821138211382
E00036827,231,62,25,37,169,18,151,26.83982683982684,10.822510822510822,16.017316017316016,73.16017316017316,7.792207792207792,65.36796536796537
E00036828,308,79,30,49,229,25,204,25.649350649350648,9.740259740259742,15.909090909090908,74.35064935064936,8.116883116883116,66.23376623376623
E00036829,142,53,24,29,89,14,75,37.32394366197183,16.901408450704224,20.422535211267608,62.676056338028175,9.859154929577464,52.816901408450704
E00036830,289,69,30,39,220,22,198,23.875432525951556,10.380622837370241,13.494809688581316,76.12456747404845,7.612456747404845,68.5121107266436
E00036831,334,57,22,35,277,27,250,17.065868263473057,6.58682634730539,10.479041916167663,82.93413173652695,8.08383233532934,74.8502994011976
E00036832,298,42,13,29,256,27,229,14.093959731543624,4.3624161073825505,9.731543624161073,85.90604026845638,9.060402684563758,76.84563758389261
E00036833,316,47,19,28,269,35,234,14.873417721518987,6.012658227848101,8.860759493670885,85.12658227848101,11.075949367088606,74.0506329113924
E00036834,342,87,45,42,255,21,234,25.438596491228072,13.157894736842104,12.280701754385964,74.56140350877193,6.140350877192982,68.42105263157895
E00036835,357,123,65,58,234,18,216,34.45378151260504,18.207282913165265,16.246498599439775,65.54621848739495,5.042016806722689,60.50420168067227
E00036836,224,60,24,36,164,13,151,26.785714285714285,10.714285714285714,16.071428571428573,73.21428571428571,5.803571428571429,67.41071428571429
E00036837,300,98,53,45,202,17,185,32.666666666666664,17.666666666666668,15,67.33333333333333,5.666666666666666,61.66666666666667
E00036838,319,108,42,66,211,17,194,33.85579937304075,13.166144200626958,20.689655172413794,66.14420062695925,5.329153605015674,60.81504702194357
E00036839,276,72,26,46,204,14,190,26.08695652173913,9.420289855072465,16.666666666666664,73.91304347826086,5.072463768115942,68.84057971014492
E00036840,342,112,66,46,230,15,215,32.748538011695906,19.298245614035086,13.450292397660817,67.2514619883041,4.385964912280701,62.86549707602339
E00036841,311,74,34,40,237,19,218,23.79421221864952,10.932475884244374,12.861736334405144,76.20578778135048,6.109324758842444,70.09646302250803
E00036842,262,78,35,43,184,16,168,29.770992366412212,13.358778625954198,16.412213740458014,70.22900763358778,6.106870229007633,64.12213740458014
E00036843,286,89,45,44,197,19,178,31.11888111888112,15.734265734265735,15.384615384615385,68.88111888111888,6.643356643356643,62.23776223776224
E00036844,236,77,45,32,159,11,148,32.6271186440678,19.06779661016949,13.559322033898304,67.37288135593221,4.661016949152542,62.71186440677966
E00036845,258,63,24,39,195,15,180,24.418604651162788,9.30232558139535,15.11627906976744,75.5813953488372,5.813953488372093,69.76744186046511
E00036846,229,81,43,38,148,13,135,35.37117903930131,18.777292576419214,16.593886462882097,64.62882096069869,5.676855895196507,58.951965065502186
E00036847,187,69,44,25,118,12,106,36.898395721925134,23.52941176470588,13.368983957219251,63.101604278074866,6.417112299465241,56.68449197860963
E00036848,157,56,35,21,101,8,93,35.6687898089172,22.29299363057325,13.375796178343949,64.3312101910828,5.095541401273886,59.23566878980891
E00036849,296,127,78,49,169,18,151,42.9054054054054,26.351351351351347,16.554054054054053,57.0945945945946,6.081081081081082,51.01351351351351
E00036850,265,95,58,37,170,16,154,35.84905660377358,21.88679245283019,13.962264150943396,64.15094339622641,6.037735849056604,58.11320754716981
E00036851,271,89,40,49,182,14,168,32.84132841328413,14.760147601476014,18.081180811808117,67.15867158671587,5.166051660516605,61.99261992619927
E00036852,287,75,37,38,212,20,192,26.132404181184672,12.89198606271777,13.240418118466899,73.86759581881533,6.968641114982578,66.89895470383276
E00036853,337,89,53,36,248,15,233,26.409495548961427,15.727002967359049,10.682492581602373,73.59050445103857,4.451038575667656,69.13946587537092
E00036854,254,115,66,49,139,15,124,45.2755905511811,25.984251968503933,19.291338582677163,54.7244094488189,5.905511811023622,48.818897637795274
E00036855,318,92,51,41,226,11,215,28.930817610062892,16.037735849056602,12.89308176100629,71.0691823899371,3.459119496855346,67.61006289308176
E00036856,369,121,75,46,248,20,228,32.79132791327913,20.32520325203252,12.466124661246612,67.20867208672087,5.420054200542006,61.78861788617886
E00036857,223,73,40,33,150,11,139,32.73542600896861,17.937219730941703,14.798206278026907,67.2645739910314,4.932735426008969,62.33183856502242
E00036858,231,71,41,30,160,12,148,30.735930735930733,17.74891774891775,12.987012987012985,69.26406926406926,5.194805194805195,64.06926406926407
E00036859,260,92,42,50,168,11,157,35.38461538461539,16.153846153846153,19.230769230769234,64.61538461538461,4.230769230769231,60.38461538461538
E00036860,274,74,42,32,200,12,188,27.00729927007299,15.328467153284672,11.678832116788321,72.99270072992701,4.37956204379562,68.61313868613139
E00036861,299,85,41,44,214,17,197,28.428093645484946,13.712374581939798,14.715719063545151,71.57190635451505,5.68561872909699,65.88628762541806
E00036863,261,60,33,27,201,14,187,22.988505747126435,12.643678160919542,10.344827586206897,77.01149425287356,5.363984674329502,71.64750957854406
E00036864,228,66,39,27,162,12,150,28.947368421052634,17.105263157894736,11.842105263157894,71.05263157894737,5.263157894736842,65.78947368421053
E00036865,298,61,33,28,237,24,213,20.469798657718123,11.073825503355705,9.395973154362416,79.53020134228188,8.053691275167784,71.47651006711409
E00036866,325,67,26,41,258,23,235,20.615384615384617,8,12.615384615384615,79.38461538461539,7.076923076923077,72.3076923076923
E00036867,187,78,39,39,109,7,102,41.711229946524064,20.855614973262032,20.855614973262032,58.288770053475936,3.7433155080213902,54.54545454545454
E00036868,292,117,46,71,175,21,154,40.06849315068493,15.753424657534246,24.315068493150687,59.93150684931506,7.191780821917808,52.73972602739726
E00036869,328,83,35,48,245,33,212,25.304878048780488,10.670731707317072,14.634146341463413,74.6951219512195,10.060975609756099,64.63414634146342
E00036870,312,87,43,44,225,16,209,27.884615384615387,13.782051282051283,14.102564102564102,72.11538461538461,5.128205128205128,66.98717948717949
E00036871,311,58,30,28,253,18,235,18.64951768488746,9.646302250803858,9.003215434083602,81.35048231511254,5.787781350482315,75.56270096463022
E00036872,285,79,40,39,206,17,189,27.719298245614034,14.035087719298245,13.684210526315791,72.28070175438597,5.964912280701754,66.3157894736842
E00036873,317,73,40,33,244,22,222,23.02839116719243,12.618296529968454,10.410094637223976,76.97160883280758,6.940063091482649,70.03154574132492
E00036874,273,73,38,35,200,24,176,26.73992673992674,13.91941391941392,12.82051282051282,73.26007326007326,8.791208791208792,64.46886446886447
E00036875,278,75,42,33,203,18,185,26.978417266187048,15.107913669064748,11.870503597122301,73.02158273381295,6.474820143884892,66.54676258992805
E00036876,338,76,40,36,262,20,242,22.485207100591715,11.834319526627219,10.650887573964498,77.51479289940828,5.9171597633136095,71.59763313609467
E00036877,349,74,38,36,275,25,250,21.20343839541547,10.888252148997136,10.315186246418339,78.79656160458453,7.163323782234957,71.63323782234957
E00036878,327,53,27,26,274,22,252,16.207951070336392,8.256880733944955,7.951070336391437,83.79204892966361,6.727828746177369,77.06422018348624
E00036879,230,45,20,25,185,21,164,19.565217391304348,8.695652173913043,10.869565217391305,80.43478260869566,9.130434782608695,71.30434782608695
E00036880,317,89,48,41,228,10,218,28.075709779179807,15.141955835962145,12.933753943217665,71.92429022082018,3.1545741324921135,68.76971608832808
E00036881,338,64,34,30,274,20,254,18.93491124260355,10.059171597633137,8.875739644970414,81.06508875739645,5.9171597633136095,75.14792899408283
E00036882,271,68,33,35,203,8,195,25.092250922509223,12.177121771217712,12.915129151291513,74.90774907749078,2.952029520295203,71.95571955719558
E00036883,308,117,57,60,191,25,166,37.98701298701299,18.506493506493506,19.480519480519483,62.01298701298701,8.116883116883116,53.896103896103895
E00036884,187,75,43,32,112,9,103,40.106951871657756,22.994652406417114,17.11229946524064,59.893048128342244,4.81283422459893,55.080213903743314
E00036885,296,78,37,41,218,19,199,26.351351351351347,12.5,13.85135135135135,73.64864864864865,6.418918918918918,67.22972972972973
E00036886,337,44,16,28,293,26,267,13.056379821958458,4.747774480712167,8.30860534124629,86.94362017804154,7.71513353115727,79.22848664688428
E00036887,335,48,22,26,287,18,269,14.328358208955224,6.567164179104477,7.761194029850746,85.67164179104478,5.3731343283582085,80.29850746268656
E00036888,298,43,16,27,255,23,232,14.429530201342283,5.369127516778524,9.060402684563758,85.57046979865773,7.718120805369128,77.85234899328859
E00036889,218,25,8,17,193,17,176,11.46788990825688,3.669724770642202,7.79816513761468,88.53211009174312,7.79816513761468,80.73394495412845
E00036890,321,56,21,35,265,35,230,17.445482866043612,6.5420560747663545,10.903426791277258,82.55451713395638,10.903426791277258,71.65109034267913
E00036891,302,58,25,33,244,25,219,19.205298013245034,8.27814569536424,10.927152317880795,80.79470198675497,8.27814569536424,72.51655629139073
E00036892,337,71,33,38,266,32,234,21.068249258160236,9.792284866468842,11.275964391691394,78.93175074183976,9.495548961424333,69.43620178041543
E00036893,303,59,23,36,244,29,215,19.471947194719473,7.590759075907591,11.881188118811881,80.52805280528052,9.570957095709572,70.95709570957096
E00036894,335,49,14,35,286,32,254,14.626865671641792,4.179104477611941,10.44776119402985,85.37313432835822,9.55223880597015,75.82089552238806
E00036895,310,32,10,22,278,26,252,10.32258064516129,3.225806451612903,7.096774193548387,89.6774193548387,8.38709677419355,81.29032258064515
E00036896,235,43,15,28,192,21,171,18.29787234042553,6.382978723404255,11.914893617021278,81.70212765957446,8.936170212765958,72.76595744680851
E00036897,290,47,17,30,243,25,218,16.206896551724135,5.862068965517241,10.344827586206897,83.79310344827586,8.620689655172415,75.17241379310344
E00036898,277,42,18,24,235,21,214,15.162454873646208,6.4981949458483745,8.664259927797833,84.83754512635379,7.581227436823104,77.25631768953069
E00036899,261,46,10,36,215,16,199,17.624521072796934,3.8314176245210727,13.793103448275861,82.37547892720306,6.130268199233716,76.24521072796935
E00036900,303,51,19,32,252,32,220,16.831683168316832,6.270627062706271,10.561056105610561,83.16831683168317,10.561056105610561,72.60726072607261
E00036901,235,58,17,41,177,21,156,24.680851063829788,7.234042553191489,17.4468085106383,75.31914893617021,8.936170212765958,66.38297872340425
E00036902,288,53,23,30,235,11,224,18.40277777777778,7.986111111111111,10.416666666666668,81.59722222222221,3.8194444444444446,77.77777777777779
E00036903,237,64,34,30,173,10,163,27.004219409282697,14.345991561181433,12.658227848101266,72.9957805907173,4.219409282700422,68.77637130801688
E00036904,252,46,14,32,206,26,180,18.253968253968253,5.555555555555555,12.698412698412698,81.74603174603175,10.317460317460316,71.42857142857143
E00036905,274,45,12,33,229,19,210,16.423357664233578,4.37956204379562,12.043795620437956,83.57664233576642,6.934306569343065,76.64233576642336
E00036906,287,47,20,27,240,13,227,16.376306620209057,6.968641114982578,9.40766550522648,83.62369337979094,4.529616724738676,79.09407665505228
E00036907,320,46,19,27,274,20,254,14.374999999999998,5.9375,8.4375,85.625,6.25,79.375
E00036908,318,78,46,32,240,21,219,24.528301886792452,14.465408805031446,10.062893081761008,75.47169811320755,6.60377358490566,68.86792452830188
E00036909,291,51,24,27,240,23,217,17.525773195876287,8.24742268041237,9.278350515463918,82.4742268041237,7.903780068728522,74.5704467353952
E00036910,301,37,11,26,264,20,244,12.29235880398671,3.6544850498338874,8.637873754152823,87.70764119601328,6.64451827242525,81.06312292358804
E00036911,294,100,42,58,194,25,169,34.01360544217687,14.285714285714285,19.727891156462583,65.98639455782312,8.503401360544217,57.48299319727891
E00036912,314,80,43,37,234,16,218,25.477707006369428,13.694267515923567,11.78343949044586,74.52229299363057,5.095541401273886,69.42675159235668
E00036913,250,52,20,32,198,24,174,20.8,8,12.8,79.2,9.6,69.6
E00036914,227,48,22,26,179,25,154,21.145374449339208,9.691629955947137,11.45374449339207,78.8546255506608,11.013215859030836,67.84140969162996
E00036915,287,42,18,24,245,23,222,14.634146341463413,6.2717770034843205,8.362369337979095,85.36585365853658,8.013937282229964,77.35191637630662
E00036916,239,58,27,31,181,10,171,24.267782426778243,11.297071129707113,12.97071129707113,75.73221757322176,4.184100418410042,71.54811715481172
E00036917,264,76,40,36,188,13,175,28.78787878787879,15.151515151515152,13.636363636363635,71.21212121212122,4.924242424242424,66.28787878787878
E00036918,255,75,39,36,180,22,158,29.411764705882355,15.294117647058824,14.117647058823529,70.58823529411765,8.627450980392156,61.96078431372549
E00036919,276,64,35,29,212,29,183,23.18840579710145,12.681159420289855,10.507246376811594,76.81159420289855,10.507246376811594,66.30434782608695
E00036920,278,53,15,38,225,23,202,19.06474820143885,5.39568345323741,13.66906474820144,80.93525179856115,8.273381294964029,72.66187050359713
E00036921,271,60,33,27,211,20,191,22.14022140221402,12.177121771217712,9.96309963099631,77.85977859778598,7.380073800738007,70.47970479704797
E00036922,258,60,29,31,198,27,171,23.25581395348837,11.24031007751938,12.015503875968992,76.74418604651163,10.465116279069768,66.27906976744185
E00036923,299,60,23,37,239,19,220,20.066889632107024,7.6923076923076925,12.37458193979933,79.93311036789298,6.354515050167224,73.57859531772574
E00036924,303,64,28,36,239,26,213,21.122112211221122,9.24092409240924,11.881188118811881,78.87788778877888,8.58085808580858,70.29702970297029
E00036925,281,55,28,27,226,23,203,19.572953736654807,9.9644128113879,9.608540925266903,80.42704626334519,8.185053380782918,72.24199288256227
E00036926,215,70,36,34,145,20,125,32.55813953488372,16.74418604651163,15.813953488372093,67.44186046511628,9.30232558139535,58.139534883720934
E00036927,242,73,43,30,169,22,147,30.165289256198346,17.768595041322314,12.396694214876034,69.83471074380165,9.090909090909092,60.74380165289256
E00036928,334,41,9,32,293,16,277,12.275449101796406,2.694610778443114,9.580838323353294,87.72455089820359,4.790419161676647,82.93413173652695
E00036929,273,76,37,39,197,26,171,27.83882783882784,13.553113553113553,14.285714285714285,72.16117216117216,9.523809523809524,62.637362637362635
E00036930,399,44,13,31,355,21,334,11.027568922305765,3.258145363408521,7.769423558897243,88.97243107769424,5.263157894736842,83.70927318295739
E00036931,413,57,16,41,356,32,324,13.801452784503631,3.87409200968523,9.927360774818402,86.19854721549636,7.74818401937046,78.4503631961259
E00036932,254,61,34,27,193,26,167,24.015748031496063,13.385826771653544,10.62992125984252,75.98425196850394,10.236220472440944,65.74803149606299
E00036933,229,49,17,32,180,24,156,21.397379912663755,7.423580786026202,13.973799126637553,78.60262008733623,10.480349344978166,68.12227074235808
E00036934,255,53,21,32,202,19,183,20.784313725490197,8.235294117647058,12.549019607843137,79.2156862745098,7.450980392156863,71.76470588235294
E00036935,275,53,17,36,222,19,203,19.272727272727273,6.181818181818182,13.090909090909092,80.72727272727272,6.909090909090909,73.81818181818181
E00036936,262,44,17,27,218,23,195,16.793893129770993,6.488549618320611,10.305343511450381,83.20610687022901,8.778625954198473,74.42748091603053
E00036937,303,53,18,35,250,25,225,17.491749174917494,5.9405940594059405,11.55115511551155,82.50825082508251,8.25082508250825,74.25742574257426
E00036938,339,68,27,41,271,20,251,20.058997050147493,7.964601769911504,12.094395280235988,79.9410029498525,5.899705014749262,74.04129793510324
E00036939,313,103,45,58,210,17,193,32.9073482428115,14.376996805111823,18.53035143769968,67.0926517571885,5.431309904153355,61.66134185303515
E00036940,315,90,49,41,225,24,201,28.57142857142857,15.555555555555555,13.015873015873018,71.42857142857143,7.6190476190476195,63.8095238095238
E00036941,328,71,29,42,257,19,238,21.646341463414632,8.841463414634147,12.804878048780488,78.35365853658537,5.7926829268292686,72.5609756097561
E00036942,329,87,46,41,242,22,220,26.443768996960486,13.98176291793313,12.462006079027356,73.55623100303951,6.68693009118541,66.8693009118541
E00036943,343,107,55,52,236,26,210,31.195335276967928,16.034985422740526,15.160349854227405,68.80466472303208,7.580174927113703,61.224489795918366
E00036945,404,114,55,59,290,25,265,28.217821782178216,13.613861386138614,14.603960396039604,71.78217821782178,6.188118811881188,65.5940594059406
E00036946,354,81,48,33,273,21,252,22.88135593220339,13.559322033898304,9.322033898305085,77.11864406779661,5.932203389830509,71.1864406779661
E00036947,322,86,40,46,236,22,214,26.70807453416149,12.422360248447205,14.285714285714285,73.29192546583852,6.832298136645963,66.45962732919256
E00036949,433,135,84,51,298,18,280,31.177829099307157,19.399538106235568,11.778290993071593,68.82217090069284,4.157043879907621,64.66512702078522
E00036950,315,91,54,37,224,22,202,28.888888888888886,17.142857142857142,11.746031746031745,71.11111111111111,6.984126984126984,64.12698412698413
E00036951,394,122,75,47,272,23,249,30.96446700507614,19.035532994923855,11.928934010152284,69.03553299492386,5.83756345177665,63.1979695431472
E00036952,315,127,79,48,188,7,181,40.317460317460316,25.07936507936508,15.238095238095239,59.682539682539684,2.2222222222222223,57.460317460317455
E00036953,287,53,25,28,234,20,214,18.466898954703833,8.710801393728223,9.75609756097561,81.53310104529616,6.968641114982578,74.56445993031359
E00036954,408,123,65,58,285,19,266,30.14705882352941,15.931372549019606,14.215686274509803,69.85294117647058,4.6568627450980395,65.19607843137256
E00036955,294,107,53,54,187,16,171,36.394557823129254,18.027210884353742,18.367346938775512,63.60544217687075,5.442176870748299,58.16326530612245
E00036956,259,61,27,34,198,12,186,23.552123552123554,10.424710424710424,13.127413127413126,76.44787644787645,4.633204633204633,71.81467181467181
E00036957,292,101,57,44,191,18,173,34.58904109589041,19.52054794520548,15.068493150684931,65.41095890410958,6.164383561643835,59.24657534246576
E00036958,437,145,81,64,292,29,263,33.18077803203661,18.53546910755149,14.645308924485127,66.81922196796339,6.636155606407322,60.18306636155606
E00036959,272,56,27,29,216,17,199,20.588235294117645,9.926470588235293,10.661764705882353,79.41176470588235,6.25,73.16176470588235
E00036960,260,51,32,19,209,17,192,19.615384615384617,12.307692307692308,7.307692307692308,80.38461538461539,6.538461538461539,73.84615384615385
E00036961,202,89,53,36,113,8,105,44.05940594059406,26.237623762376238,17.82178217821782,55.940594059405946,3.9603960396039604,51.98019801980198
E00036962,268,65,33,32,203,11,192,24.253731343283583,12.313432835820896,11.940298507462686,75.74626865671642,4.104477611940299,71.64179104477611
E00036963,247,74,34,40,173,14,159,29.959514170040485,13.765182186234817,16.194331983805668,70.04048582995951,5.668016194331984,64.37246963562752
E00036964,280,101,38,63,179,14,165,36.07142857142857,13.571428571428571,22.5,63.92857142857142,5,58.92857142857143
E00036965,317,60,32,28,257,14,243,18.92744479495268,10.094637223974763,8.832807570977918,81.07255520504731,4.416403785488959,76.65615141955836
E00036967,492,195,131,64,297,29,268,39.63414634146341,26.6260162601626,13.008130081300814,60.36585365853659,5.894308943089431,54.47154471544715
E00036968,423,129,64,65,294,16,278,30.49645390070922,15.130023640661939,15.36643026004728,69.50354609929079,3.7825059101654848,65.72104018912529
E00036969,302,109,63,46,193,22,171,36.092715231788084,20.86092715231788,15.2317880794702,63.90728476821192,7.28476821192053,56.622516556291394
E00036970,525,145,69,76,380,21,359,27.61904761904762,13.142857142857142,14.476190476190476,72.38095238095238,4,68.38095238095238
E00036971,301,133,90,43,168,16,152,44.18604651162791,29.900332225913623,14.285714285714285,55.81395348837209,5.3156146179401995,50.498338870431894
E00036972,309,108,72,36,201,18,183,34.95145631067961,23.300970873786408,11.650485436893204,65.0485436893204,5.825242718446602,59.22330097087378
E00036973,365,92,59,33,273,19,254,25.205479452054796,16.164383561643834,9.04109589041096,74.79452054794521,5.205479452054795,69.58904109589041
E00036974,263,83,41,42,180,11,169,31.55893536121673,15.5893536121673,15.96958174904943,68.44106463878326,4.182509505703422,64.25855513307985
E00036975,346,112,66,46,234,13,221,32.369942196531795,19.07514450867052,13.294797687861271,67.63005780346822,3.7572254335260116,63.8728323699422
E00036976,159,63,35,28,96,12,84,39.62264150943396,22.0125786163522,17.61006289308176,60.37735849056604,7.547169811320755,52.83018867924528
E00036977,236,81,33,48,155,26,129,34.32203389830508,13.983050847457626,20.33898305084746,65.67796610169492,11.016949152542372,54.66101694915254
E00036978,291,92,42,50,199,22,177,31.615120274914087,14.432989690721648,17.18213058419244,68.38487972508591,7.560137457044673,60.824742268041234
E00036979,315,98,42,56,217,21,196,31.11111111111111,13.333333333333334,17.77777777777778,68.88888888888889,6.666666666666667,62.22222222222222
E00036981,280,77,35,42,203,26,177,27.500000000000004,12.5,15,72.5,9.285714285714286,63.21428571428571
E00036982,353,82,36,46,271,23,248,23.229461756373937,10.198300283286118,13.031161473087819,76.77053824362606,6.515580736543909,70.25495750708215
E00036983,184,63,42,21,121,6,115,34.23913043478261,22.82608695652174,11.41304347826087,65.76086956521739,3.260869565217391,62.5
E00036984,314,47,25,22,267,24,243,14.968152866242038,7.961783439490445,7.006369426751593,85.03184713375796,7.643312101910828,77.38853503184714
E00036985,287,58,26,32,229,20,209,20.209059233449477,9.059233449477352,11.149825783972126,79.79094076655052,6.968641114982578,72.82229965156795
E00036986,308,65,26,39,243,24,219,21.1038961038961,8.441558441558442,12.662337662337661,78.8961038961039,7.792207792207792,71.1038961038961
E00036987,283,72,47,25,211,15,196,25.4416961130742,16.607773851590103,8.8339222614841,74.55830388692578,5.30035335689046,69.25795053003534
E00036988,315,80,39,41,235,14,221,25.396825396825395,12.380952380952381,13.015873015873018,74.60317460317461,4.444444444444445,70.15873015873015
E00036989,226,60,28,32,166,20,146,26.548672566371685,12.389380530973451,14.15929203539823,73.45132743362832,8.849557522123893,64.60176991150442
E00036990,166,39,24,15,127,13,114,23.49397590361446,14.457831325301203,9.036144578313253,76.50602409638554,7.83132530120482,68.67469879518072
E00036991,255,45,25,20,210,18,192,17.647058823529413,9.803921568627452,7.8431372549019605,82.35294117647058,7.0588235294117645,75.29411764705883
E00036992,177,38,18,20,139,20,119,21.468926553672315,10.16949152542373,11.299435028248588,78.53107344632768,11.299435028248588,67.2316384180791
E00036993,312,57,27,30,255,25,230,18.269230769230766,8.653846153846153,9.615384615384617,81.73076923076923,8.012820512820513,73.71794871794873
E00036994,264,48,22,26,216,16,200,18.181818181818183,8.333333333333332,9.848484848484848,81.81818181818183,6.0606060606060606,75.75757575757575
E00036995,288,58,28,30,230,25,205,20.13888888888889,9.722222222222223,10.416666666666668,79.86111111111111,8.680555555555555,71.18055555555556
E00036996,243,116,63,53,127,17,110,47.73662551440329,25.925925925925924,21.810699588477366,52.2633744855967,6.995884773662551,45.267489711934154
E00036997,307,61,24,37,246,21,225,19.86970684039088,7.81758957654723,12.052117263843648,80.13029315960912,6.840390879478828,73.28990228013029
E00036998,322,73,39,34,249,11,238,22.67080745341615,12.111801242236025,10.559006211180124,77.32919254658384,3.4161490683229814,73.91304347826086
E00036999,309,62,25,37,247,15,232,20.06472491909385,8.090614886731391,11.974110032362459,79.93527508090615,4.854368932038835,75.08090614886731
E00037000,333,54,19,35,279,25,254,16.216216216216218,5.7057057057057055,10.51051051051051,83.78378378378379,7.5075075075075075,76.27627627627628
E00037001,294,47,21,26,247,21,226,15.98639455782313,7.142857142857142,8.843537414965986,84.01360544217688,7.142857142857142,76.87074829931973
E00037002,243,27,5,22,216,26,190,11.11111111111111,2.05761316872428,9.053497942386832,88.88888888888889,10.699588477366255,78.18930041152264
E00037003,307,33,14,19,274,26,248,10.749185667752444,4.5602605863192185,6.188925081433225,89.25081433224756,8.469055374592834,80.78175895765473
E00037004,376,74,44,30,302,22,280,19.680851063829788,11.702127659574469,7.9787234042553195,80.31914893617021,5.851063829787234,74.46808510638297
E00037005,302,68,30,38,234,18,216,22.516556291390728,9.933774834437086,12.582781456953644,77.48344370860927,5.960264900662252,71.52317880794702
E00037006,275,50,21,29,225,23,202,18.181818181818183,7.636363636363637,10.545454545454545,81.81818181818183,8.363636363636363,73.45454545454545
E00037007,242,58,26,32,184,14,170,23.96694214876033,10.743801652892563,13.223140495867769,76.03305785123968,5.785123966942149,70.24793388429752
E00037008,390,123,64,59,267,25,242,31.538461538461537,16.41025641025641,15.128205128205128,68.46153846153847,6.41025641025641,62.05128205128205
E00037009,302,46,22,24,256,29,227,15.2317880794702,7.28476821192053,7.9470198675496695,84.76821192052981,9.602649006622517,75.16556291390728
E00037010,318,38,17,21,280,29,251,11.949685534591195,5.345911949685535,6.60377358490566,88.0503144654088,9.119496855345911,78.9308176100629
E00037011,301,46,17,29,255,26,229,15.282392026578073,5.647840531561462,9.634551495016613,84.71760797342192,8.637873754152823,76.0797342192691
E00037012,213,59,24,35,154,15,139,27.699530516431924,11.267605633802818,16.431924882629108,72.30046948356808,7.042253521126761,65.25821596244131
E00037013,227,41,23,18,186,21,165,18.06167400881057,10.13215859030837,7.929515418502203,81.93832599118943,9.251101321585903,72.68722466960352
E00037014,263,72,38,34,191,25,166,27.376425855513308,14.44866920152091,12.927756653992395,72.6235741444867,9.505703422053232,63.11787072243346
E00037015,243,55,32,23,188,22,166,22.633744855967077,13.168724279835391,9.465020576131687,77.36625514403292,9.053497942386832,68.3127572016461
E00037016,295,69,34,35,226,30,196,23.389830508474578,11.525423728813559,11.864406779661017,76.61016949152543,10.16949152542373,66.44067796610169
E00037017,287,66,35,31,221,22,199,22.99651567944251,12.195121951219512,10.801393728222997,77.00348432055749,7.665505226480835,69.33797909407666
E00037018,300,74,47,27,226,22,204,24.666666666666668,15.666666666666668,9,75.33333333333333,7.333333333333333,68
E00037020,269,76,39,37,193,26,167,28.25278810408922,14.49814126394052,13.754646840148698,71.74721189591078,9.66542750929368,62.0817843866171
E00037021,376,97,47,50,279,20,259,25.79787234042553,12.5,13.297872340425531,74.20212765957447,5.319148936170213,68.88297872340425
E00037022,344,68,36,32,276,26,250,19.767441860465116,10.465116279069768,9.30232558139535,80.23255813953489,7.55813953488372,72.67441860465115
E00037024,301,74,43,31,227,24,203,24.58471760797342,14.285714285714285,10.299003322259136,75.41528239202658,7.973421926910299,67.44186046511628
E00037025,359,102,54,48,257,15,242,28.412256267409468,15.041782729805014,13.370473537604457,71.58774373259052,4.178272980501393,67.40947075208913
E00037026,256,86,46,40,170,6,164,33.59375,17.96875,15.625,66.40625,2.34375,64.0625
E00037028,359,101,62,39,258,15,243,28.133704735376046,17.270194986072422,10.86350974930362,71.86629526462396,4.178272980501393,67.68802228412257
E00037030,195,100,67,33,95,15,80,51.28205128205128,34.35897435897436,16.923076923076923,48.717948717948715,7.6923076923076925,41.02564102564102
E00037031,294,77,40,37,217,18,199,26.190476190476193,13.60544217687075,12.585034013605442,73.80952380952381,6.122448979591836,67.68707482993197
E00037032,257,86,47,39,171,19,152,33.46303501945525,18.28793774319066,15.17509727626459,66.53696498054474,7.392996108949417,59.143968871595334
E00037033,291,82,50,32,209,13,196,28.1786941580756,17.18213058419244,10.996563573883162,71.8213058419244,4.4673539518900345,67.35395189003437
E00037034,345,147,101,46,198,16,182,42.608695652173914,29.275362318840582,13.333333333333334,57.391304347826086,4.63768115942029,52.7536231884058
E00037035,307,70,35,35,237,18,219,22.80130293159609,11.400651465798045,11.400651465798045,77.19869706840392,5.863192182410423,71.33550488599349
E00037036,297,63,24,39,234,20,214,21.21212121212121,8.080808080808081,13.131313131313133,78.78787878787878,6.7340067340067336,72.05387205387206
E00037037,334,54,20,34,280,20,260,16.16766467065868,5.9880239520958085,10.179640718562874,83.8323353293413,5.9880239520958085,77.84431137724552
E00037038,343,35,9,26,308,27,281,10.204081632653061,2.623906705539359,7.580174927113703,89.79591836734694,7.871720116618077,81.92419825072886
E00037039,354,69,36,33,285,32,253,19.491525423728813,10.16949152542373,9.322033898305085,80.50847457627118,9.03954802259887,71.46892655367232
E00037040,254,88,47,41,166,16,150,34.645669291338585,18.503937007874015,16.141732283464567,65.35433070866141,6.299212598425196,59.055118110236215
E00037041,227,60,19,41,167,18,149,26.431718061674008,8.370044052863436,18.06167400881057,73.568281938326,7.929515418502203,65.63876651982379
E00037042,360,60,25,35,300,20,280,16.666666666666664,6.944444444444445,9.722222222222223,83.33333333333334,5.555555555555555,77.77777777777779
E00037043,285,59,27,32,226,23,203,20.701754385964914,9.473684210526317,11.228070175438596,79.2982456140351,8.070175438596491,71.2280701754386
E00037044,384,72,27,45,312,30,282,18.75,7.03125,11.71875,81.25,7.8125,73.4375
E00037045,231,57,29,28,174,21,153,24.675324675324674,12.554112554112553,12.121212121212121,75.32467532467533,9.090909090909092,66.23376623376623
E00037046,270,55,24,31,215,19,196,20.37037037037037,8.88888888888889,11.481481481481481,79.62962962962963,7.037037037037037,72.5925925925926
E00037047,203,48,25,23,155,10,145,23.645320197044335,12.31527093596059,11.330049261083744,76.35467980295566,4.926108374384237,71.42857142857143
E00037048,322,57,22,35,265,20,245,17.70186335403727,6.832298136645963,10.869565217391305,82.29813664596274,6.211180124223603,76.08695652173914
E00037049,270,52,20,32,218,23,195,19.25925925925926,7.4074074074074066,11.851851851851853,80.74074074074075,8.518518518518519,72.22222222222221
E00037050,345,58,22,36,287,26,261,16.81159420289855,6.3768115942028984,10.434782608695652,83.18840579710145,7.536231884057972,75.65217391304347
E00037051,288,44,13,31,244,27,217,15.277777777777779,4.513888888888888,10.76388888888889,84.72222222222221,9.375,75.34722222222221
E00037052,282,51,20,31,231,16,215,18.085106382978726,7.092198581560284,10.99290780141844,81.91489361702128,5.673758865248227,76.24113475177306
E00037053,211,48,13,35,163,18,145,22.748815165876778,6.161137440758294,16.587677725118482,77.25118483412322,8.530805687203792,68.72037914691943
E00037054,325,49,16,33,276,33,243,15.076923076923077,4.923076923076923,10.153846153846153,84.92307692307692,10.153846153846153,74.76923076923076
E00037055,321,70,20,50,251,26,225,21.806853582554517,6.230529595015576,15.57632398753894,78.19314641744548,8.09968847352025,70.09345794392523
E00037056,324,58,23,35,266,34,232,17.901234567901234,7.098765432098765,10.802469135802468,82.09876543209876,10.493827160493826,71.60493827160494
E00037057,322,39,12,27,283,32,251,12.111801242236025,3.7267080745341614,8.385093167701864,87.88819875776397,9.937888198757763,77.95031055900621
E00037058,286,49,16,33,237,25,212,17.132867132867133,5.594405594405594,11.538461538461538,82.86713286713287,8.741258741258742,74.12587412587412
E00037059,309,54,22,32,255,25,230,17.475728155339805,7.119741100323624,10.355987055016183,82.52427184466019,8.090614886731391,74.4336569579288
E00037060,262,61,30,31,201,25,176,23.282442748091604,11.450381679389313,11.83206106870229,76.7175572519084,9.541984732824428,67.17557251908397
E00037061,269,51,20,31,218,20,198,18.95910780669145,7.434944237918216,11.524163568773234,81.04089219330855,7.434944237918216,73.60594795539033
E00037062,340,52,20,32,288,26,262,15.294117647058824,5.88235294117647,9.411764705882353,84.70588235294117,7.647058823529412,77.05882352941177
E00037063,286,45,14,31,241,21,220,15.734265734265735,4.895104895104895,10.839160839160838,84.26573426573427,7.3426573426573425,76.92307692307693
E00037064,290,55,20,35,235,26,209,18.96551724137931,6.896551724137931,12.068965517241379,81.03448275862068,8.96551724137931,72.06896551724138
E00037065,266,51,18,33,215,22,193,19.172932330827066,6.7669172932330826,12.406015037593985,80.82706766917293,8.270676691729323,72.55639097744361
E00037066,302,55,25,30,247,26,221,18.211920529801322,8.27814569536424,9.933774834437086,81.78807947019867,8.609271523178808,73.17880794701986
E00037067,327,53,28,25,274,31,243,16.207951070336392,8.56269113149847,7.64525993883792,83.79204892966361,9.480122324159021,74.31192660550458
E00037068,248,34,17,17,214,23,191,13.709677419354838,6.854838709677419,6.854838709677419,86.29032258064517,9.274193548387096,77.01612903225806
E00037069,288,66,34,32,222,17,205,22.916666666666664,11.805555555555555,11.11111111111111,77.08333333333334,5.902777777777778,71.18055555555556
E00037070,215,72,40,32,143,13,130,33.48837209302326,18.6046511627907,14.883720930232558,66.51162790697674,6.046511627906977,60.46511627906976
E00037071,239,51,30,21,188,16,172,21.338912133891213,12.552301255230125,8.786610878661087,78.66108786610879,6.694560669456067,71.96652719665272
E00037072,323,66,27,39,257,22,235,20.43343653250774,8.359133126934983,12.074303405572756,79.56656346749226,6.811145510835913,72.75541795665634
E00037073,300,58,30,28,242,25,217,19.333333333333332,10,9.333333333333334,80.66666666666666,8.333333333333332,72.33333333333334
E00037074,303,44,20,24,259,25,234,14.521452145214523,6.6006600660066,7.920792079207921,85.47854785478548,8.25082508250825,77.22772277227723
E00037075,267,41,23,18,226,19,207,15.355805243445692,8.614232209737828,6.741573033707865,84.6441947565543,7.116104868913857,77.52808988764045
E00037076,293,46,26,20,247,14,233,15.699658703071673,8.873720136518772,6.825938566552901,84.30034129692832,4.778156996587031,79.5221843003413
E00037077,283,33,13,20,250,21,229,11.66077738515901,4.593639575971731,7.06713780918728,88.33922261484098,7.420494699646643,80.91872791519434
E00037078,344,60,29,31,284,26,258,17.441860465116278,8.430232558139535,9.011627906976743,82.55813953488372,7.55813953488372,75
E00037079,214,84,42,42,130,19,111,39.25233644859813,19.626168224299064,19.626168224299064,60.747663551401864,8.878504672897195,51.86915887850467
E00037080,282,68,34,34,214,19,195,24.113475177304963,12.056737588652481,12.056737588652481,75.88652482269504,6.73758865248227,69.14893617021278
E00037081,330,60,25,35,270,23,247,18.181818181818183,7.575757575757576,10.606060606060606,81.81818181818183,6.969696969696971,74.84848484848486
E00037082,281,53,23,30,228,24,204,18.86120996441281,8.185053380782918,10.676156583629894,81.13879003558719,8.540925266903916,72.59786476868328
E00037083,344,75,43,32,269,30,239,21.802325581395348,12.5,9.30232558139535,78.19767441860465,8.720930232558139,69.47674418604652
E00037084,364,47,24,23,317,28,289,12.912087912087914,6.593406593406594,6.318681318681318,87.08791208791209,7.6923076923076925,79.3956043956044
E00168412,239,28,8,20,211,16,195,11.715481171548117,3.3472803347280333,8.368200836820083,88.28451882845188,6.694560669456067,81.58995815899581
E00168413,252,89,49,40,163,13,150,35.317460317460316,19.444444444444446,15.873015873015872,64.68253968253968,5.158730158730158,59.523809523809526
E00168414,200,91,38,53,109,11,98,45.5,19,26.5,54.50000000000001,5.5,49
E00168415,260,87,36,51,173,22,151,33.46153846153846,13.846153846153847,19.615384615384617,66.53846153846153,8.461538461538462,58.07692307692308
E00168416,397,53,22,31,344,28,316,13.350125944584383,5.541561712846348,7.8085642317380355,86.64987405541562,7.052896725440807,79.59697732997482
E00168417,336,64,25,39,272,28,244,19.047619047619047,7.440476190476191,11.607142857142858,80.95238095238095,8.333333333333332,72.61904761904762
E00168418,400,38,13,25,362,36,326,9.5,3.25,6.25,90.5,9,81.5
E00168419,419,71,34,37,348,27,321,16.94510739856802,8.1145584725537,8.83054892601432,83.05489260143199,6.443914081145586,76.6109785202864
E00168420,391,92,36,56,299,31,268,23.52941176470588,9.207161125319693,14.322250639386189,76.47058823529412,7.928388746803069,68.54219948849105
E00168421,260,93,59,34,167,11,156,35.76923076923077,22.692307692307693,13.076923076923078,64.23076923076924,4.230769230769231,60
E00168422,338,96,58,38,242,18,224,28.402366863905325,17.159763313609467,11.242603550295858,71.59763313609467,5.325443786982249,66.27218934911244
E00168423,382,85,40,45,297,22,275,22.25130890052356,10.471204188481675,11.780104712041885,77.74869109947645,5.7591623036649215,71.98952879581152
E00168424,487,133,66,67,354,39,315,27.31006160164271,13.552361396303903,13.75770020533881,72.68993839835728,8.008213552361395,64.68172484599589
E00168425,251,77,45,32,174,14,160,30.677290836653388,17.928286852589643,12.749003984063744,69.32270916334662,5.577689243027888,63.745019920318725
E00168426,451,107,64,43,344,21,323,23.725055432372503,14.19068736141907,9.534368070953436,76.27494456762749,4.656319290465632,71.61862527716187
E00185140,454,95,41,54,359,26,333,20.92511013215859,9.030837004405285,11.894273127753303,79.07488986784142,5.726872246696035,73.34801762114537
E00185146,324,32,9,23,292,29,263,9.876543209876543,2.7777777777777777,7.098765432098765,90.12345679012346,8.950617283950617,81.17283950617285
E00185148,425,33,9,24,392,28,364,7.764705882352942,2.1176470588235294,5.647058823529412,92.23529411764706,6.588235294117648,85.6470588235294
E00185151,280,31,15,16,249,17,232,11.071428571428571,5.357142857142857,5.714285714285714,88.92857142857142,6.071428571428571,82.85714285714286
E00185153,365,33,10,23,332,27,305,9.04109589041096,2.73972602739726,6.301369863013699,90.95890410958904,7.397260273972603,83.56164383561644
E00185154,405,40,9,31,365,27,338,9.876543209876543,2.2222222222222223,7.654320987654321,90.12345679012346,6.666666666666667,83.4567901234568
E00185156,266,61,32,29,205,20,185,22.932330827067666,12.030075187969924,10.902255639097744,77.06766917293233,7.518796992481203,69.54887218045113
E00185158,130,11,4,7,119,9,110,8.461538461538462,3.076923076923077,5.384615384615385,91.53846153846153,6.923076923076923,84.61538461538461
E00185159,329,79,46,33,250,20,230,24.012158054711247,13.98176291793313,10.030395136778116,75.98784194528876,6.079027355623101,69.90881458966565
E00185164,481,55,23,32,426,37,389,11.434511434511435,4.781704781704782,6.652806652806653,88.56548856548856,7.6923076923076925,80.87318087318087
E00185168,175,13,4,9,162,7,155,7.428571428571429,2.2857142857142856,5.142857142857142,92.57142857142857,4,88.57142857142857
E00185169,286,68,24,44,218,26,192,23.776223776223777,8.391608391608392,15.384615384615385,76.22377622377621,9.090909090909092,67.13286713286713
E00185170,239,39,17,22,200,22,178,16.317991631799163,7.112970711297072,9.205020920502092,83.68200836820083,9.205020920502092,74.47698744769873
E00185172,448,33,10,23,415,28,387,7.366071428571429,2.232142857142857,5.133928571428571,92.63392857142857,6.25,86.38392857142857
E00185174,313,58,24,34,255,20,235,18.53035143769968,7.667731629392971,10.86261980830671,81.46964856230032,6.3897763578274756,75.07987220447284
E00185177,464,61,22,39,403,40,363,13.14655172413793,4.741379310344827,8.405172413793103,86.85344827586206,8.620689655172415,78.23275862068965
