OA,ts0380001,ts0380002,ts0380003,ts0380004,ts0380005,ts0380006,ts0380007,ts0380002_PCT,ts0380003_PCT,ts0380004_PCT,ts0380005_PCT,ts0380006_PCT,ts0380007_PCT
E00153723,168,40,18,22,128,30,98,23.809523809523807,10.714285714285714,13.095238095238097,76.19047619047619,17.857142857142858,58.333333333333336
E00153724,143,24,11,13,119,15,104,16.783216783216783,7.6923076923076925,9.090909090909092,83.21678321678321,10.48951048951049,72.72727272727273
E00153725,122,30,8,22,92,14,78,24.59016393442623,6.557377049180328,18.0327868852459,75.40983606557377,11.475409836065573,63.934426229508205
E00153726,222,53,32,21,169,20,149,23.873873873873876,14.414414414414415,9.45945945945946,76.12612612612612,9.00900900900901,67.11711711711712
E00153727,149,23,10,13,126,16,110,15.436241610738255,6.7114093959731544,8.724832214765101,84.56375838926175,10.738255033557047,73.8255033557047
E00153728,164,42,17,25,122,15,107,25.609756097560975,10.365853658536585,15.24390243902439,74.39024390243902,9.146341463414634,65.2439024390244
E00153729,193,49,16,33,144,12,132,25.38860103626943,8.290155440414509,17.098445595854923,74.61139896373057,6.217616580310881,68.39378238341969
E00153730,291,55,20,35,236,32,204,18.900343642611684,6.872852233676976,12.027491408934708,81.09965635738831,10.996563573883162,70.10309278350515
E00153731,152,24,9,15,128,13,115,15.789473684210526,5.921052631578947,9.868421052631579,84.21052631578947,8.552631578947368,75.6578947368421
E00153732,251,51,20,31,200,22,178,20.318725099601593,7.968127490039841,12.350597609561753,79.6812749003984,8.764940239043826,70.91633466135458
E00153733,331,66,22,44,265,22,243,19.939577039274926,6.646525679758309,13.293051359516618,80.06042296072508,6.646525679758309,73.41389728096676
E00153734,237,37,17,20,200,17,183,15.611814345991561,7.172995780590717,8.438818565400844,84.38818565400844,7.172995780590717,77.21518987341773
E00153735,214,55,21,34,159,20,139,25.70093457943925,9.813084112149532,15.887850467289718,74.29906542056075,9.345794392523365,64.95327102803739
E00153736,251,80,32,48,171,19,152,31.872509960159363,12.749003984063744,19.12350597609562,68.12749003984064,7.569721115537849,60.55776892430279
E00153737,323,59,15,44,264,28,236,18.26625386996904,4.643962848297214,13.622291021671826,81.73374613003097,8.6687306501548,73.06501547987617
E00153738,268,50,9,41,218,22,196,18.65671641791045,3.3582089552238807,15.298507462686567,81.34328358208955,8.208955223880597,73.13432835820896
E00153739,339,75,20,55,264,30,234,22.123893805309734,5.899705014749262,16.224188790560472,77.87610619469027,8.849557522123893,69.02654867256636
E00153740,206,27,13,14,179,16,163,13.106796116504855,6.310679611650485,6.796116504854369,86.89320388349515,7.766990291262135,79.12621359223301
E00153741,440,80,27,53,360,36,324,18.181818181818183,6.136363636363637,12.045454545454545,81.81818181818183,8.181818181818182,73.63636363636363
E00153742,382,48,12,36,334,36,298,12.56544502617801,3.1413612565445024,9.424083769633508,87.43455497382199,9.424083769633508,78.01047120418848
E00153743,259,46,18,28,213,26,187,17.760617760617762,6.94980694980695,10.81081081081081,82.23938223938224,10.038610038610038,72.2007722007722
E00153744,146,26,9,17,120,13,107,17.80821917808219,6.164383561643835,11.643835616438356,82.1917808219178,8.904109589041095,73.28767123287672
E00153745,131,24,10,14,107,7,100,18.3206106870229,7.633587786259542,10.687022900763358,81.67938931297711,5.343511450381679,76.33587786259542
E00153746,265,70,22,48,195,23,172,26.41509433962264,8.30188679245283,18.11320754716981,73.58490566037736,8.679245283018867,64.90566037735849
E00153747,254,37,11,26,217,31,186,14.566929133858267,4.330708661417323,10.236220472440944,85.43307086614173,12.204724409448819,73.22834645669292
E00153748,311,53,20,33,258,28,230,17.041800643086816,6.430868167202572,10.610932475884244,82.95819935691318,9.003215434083602,73.95498392282958
E00153749,304,46,15,31,258,27,231,15.131578947368421,4.934210526315789,10.197368421052632,84.86842105263158,8.881578947368421,75.98684210526315
E00153750,292,82,47,35,210,21,189,28.08219178082192,16.095890410958905,11.986301369863012,71.91780821917808,7.191780821917808,64.72602739726028
E00153751,237,34,10,24,203,39,164,14.345991561181433,4.219409282700422,10.126582278481013,85.65400843881856,16.455696202531644,69.19831223628692
E00153752,332,51,17,34,281,30,251,15.36144578313253,5.120481927710843,10.240963855421686,84.63855421686746,9.036144578313253,75.6024096385542
E00153753,313,54,14,40,259,33,226,17.252396166134183,4.472843450479233,12.779552715654951,82.74760383386581,10.543130990415335,72.20447284345049
E00153754,309,71,27,44,238,24,214,22.97734627831715,8.737864077669903,14.239482200647249,77.02265372168284,7.766990291262135,69.25566343042071
E00153755,109,20,7,13,89,7,82,18.34862385321101,6.422018348623854,11.926605504587156,81.65137614678899,6.422018348623854,75.22935779816514
E00153756,361,71,25,46,290,35,255,19.667590027700832,6.9252077562326875,12.742382271468145,80.33240997229917,9.695290858725762,70.6371191135734
E00153757,259,62,24,38,197,36,161,23.93822393822394,9.266409266409266,14.671814671814673,76.06177606177607,13.8996138996139,62.16216216216216
E00153758,255,29,13,16,226,33,193,11.372549019607844,5.098039215686274,6.2745098039215685,88.62745098039215,12.941176470588237,75.68627450980392
E00153759,255,40,10,30,215,27,188,15.686274509803921,3.9215686274509802,11.76470588235294,84.31372549019608,10.588235294117647,73.72549019607844
E00153760,229,65,31,34,164,20,144,28.38427947598253,13.537117903930133,14.847161572052403,71.61572052401746,8.73362445414847,62.882096069869
E00153761,257,45,12,33,212,24,188,17.509727626459142,4.669260700389105,12.840466926070038,82.49027237354085,9.33852140077821,73.15175097276264
E00153762,268,50,16,34,218,28,190,18.65671641791045,5.970149253731343,12.686567164179104,81.34328358208955,10.44776119402985,70.8955223880597
E00153763,249,66,23,43,183,21,162,26.506024096385545,9.236947791164658,17.269076305220885,73.49397590361446,8.433734939759036,65.06024096385542
E00153764,102,56,40,16,46,7,39,54.90196078431373,39.21568627450981,15.686274509803921,45.09803921568628,6.862745098039216,38.23529411764706
E00153765,260,48,25,23,212,29,183,18.461538461538463,9.615384615384617,8.846153846153847,81.53846153846153,11.153846153846155,70.38461538461539
E00153766,291,40,14,26,251,28,223,13.745704467353953,4.810996563573884,8.934707903780069,86.25429553264605,9.621993127147768,76.6323024054983
E00153767,238,50,20,30,188,19,169,21.008403361344538,8.403361344537815,12.605042016806722,78.99159663865547,7.9831932773109235,71.00840336134453
E00153768,369,66,32,34,303,43,260,17.88617886178862,8.672086720867208,9.214092140921409,82.11382113821138,11.653116531165312,70.46070460704607
E00153769,213,60,33,27,153,14,139,28.169014084507044,15.492957746478872,12.676056338028168,71.83098591549296,6.572769953051644,65.25821596244131
E00153770,274,58,20,38,216,22,194,21.16788321167883,7.2992700729927,13.86861313868613,78.83211678832117,8.02919708029197,70.8029197080292
E00153771,255,48,14,34,207,17,190,18.823529411764707,5.490196078431373,13.333333333333334,81.17647058823529,6.666666666666667,74.50980392156863
E00153772,128,60,31,29,68,15,53,46.875,24.21875,22.65625,53.125,11.71875,41.40625
E00153773,226,41,15,26,185,25,160,18.141592920353983,6.637168141592921,11.504424778761061,81.85840707964603,11.061946902654867,70.79646017699115
E00153774,237,77,34,43,160,16,144,32.48945147679325,14.345991561181433,18.143459915611814,67.51054852320675,6.751054852320674,60.75949367088608
E00153775,259,62,24,38,197,14,183,23.93822393822394,9.266409266409266,14.671814671814673,76.06177606177607,5.405405405405405,70.65637065637065
E00153776,289,48,17,31,241,23,218,16.608996539792386,5.88235294117647,10.726643598615917,83.39100346020761,7.958477508650519,75.4325259515571
E00153777,304,62,27,35,242,29,213,20.394736842105264,8.881578947368421,11.513157894736842,79.60526315789474,9.539473684210527,70.06578947368422
E00153778,568,73,24,49,495,44,451,12.852112676056338,4.225352112676056,8.626760563380282,87.14788732394366,7.746478873239436,79.40140845070422
E00153779,276,48,17,31,228,20,208,17.391304347826086,6.159420289855073,11.231884057971014,82.6086956521739,7.246376811594203,75.36231884057972
E00153780,252,58,26,32,194,17,177,23.015873015873016,10.317460317460316,12.698412698412698,76.98412698412699,6.746031746031746,70.23809523809523
E00153781,295,61,22,39,234,24,210,20.677966101694913,7.457627118644068,13.220338983050848,79.3220338983051,8.135593220338983,71.1864406779661
E00153782,328,44,14,30,284,34,250,13.414634146341465,4.2682926829268295,9.146341463414634,86.58536585365853,10.365853658536585,76.21951219512195
E00153783,463,85,29,56,378,46,332,18.3585313174946,6.263498920086392,12.095032397408207,81.6414686825054,9.935205183585314,71.70626349892008
E00153784,298,42,16,26,256,27,229,14.093959731543624,5.369127516778524,8.724832214765101,85.90604026845638,9.060402684563758,76.84563758389261
E00153785,290,50,19,31,240,28,212,17.24137931034483,6.551724137931035,10.689655172413794,82.75862068965517,9.655172413793103,73.10344827586206
E00153786,291,42,15,27,249,28,221,14.432989690721648,5.154639175257731,9.278350515463918,85.56701030927834,9.621993127147768,75.94501718213058
E00153787,336,111,51,60,225,20,205,33.035714285714285,15.178571428571427,17.857142857142858,66.96428571428571,5.952380952380952,61.011904761904766
E00153788,307,70,38,32,237,46,191,22.80130293159609,12.37785016286645,10.423452768729643,77.19869706840392,14.983713355048861,62.21498371335505
E00153789,348,117,56,61,231,36,195,33.62068965517241,16.091954022988507,17.52873563218391,66.37931034482759,10.344827586206897,56.03448275862068
E00153790,219,60,21,39,159,18,141,27.397260273972602,9.58904109589041,17.80821917808219,72.6027397260274,8.21917808219178,64.38356164383562
E00153791,313,77,23,54,236,31,205,24.600638977635782,7.348242811501597,17.252396166134183,75.39936102236422,9.904153354632587,65.49520766773162
E00153792,298,57,21,36,241,19,222,19.12751677852349,7.046979865771812,12.080536912751679,80.87248322147651,6.375838926174497,74.49664429530202
E00153793,311,81,27,54,230,23,207,26.04501607717042,8.681672025723474,17.363344051446948,73.95498392282958,7.395498392282958,66.55948553054662
E00153794,355,66,27,39,289,24,265,18.591549295774648,7.605633802816901,10.985915492957748,81.40845070422536,6.760563380281689,74.64788732394366
E00153795,310,67,27,40,243,26,217,21.612903225806452,8.709677419354838,12.903225806451612,78.38709677419354,8.38709677419355,70
E00153796,286,65,29,36,221,10,211,22.727272727272727,10.13986013986014,12.587412587412588,77.27272727272727,3.4965034965034967,73.77622377622379
E00153797,444,93,43,50,351,28,323,20.945945945945947,9.684684684684685,11.26126126126126,79.05405405405406,6.306306306306306,72.74774774774775
E00153798,396,80,31,49,316,28,288,20.2020202020202,7.828282828282829,12.373737373737374,79.7979797979798,7.07070707070707,72.72727272727273
E00153799,258,77,34,43,181,20,161,29.844961240310074,13.178294573643413,16.666666666666664,70.15503875968993,7.751937984496124,62.4031007751938
E00153800,305,55,18,37,250,32,218,18.0327868852459,5.901639344262295,12.131147540983607,81.9672131147541,10.491803278688524,71.47540983606558
E00153801,299,48,16,32,251,29,222,16.05351170568562,5.351170568561873,10.702341137123746,83.94648829431438,9.698996655518394,74.24749163879598
E00153802,228,77,45,32,151,16,135,33.771929824561404,19.736842105263158,14.035087719298245,66.22807017543859,7.017543859649122,59.210526315789465
E00153803,306,56,21,35,250,25,225,18.30065359477124,6.862745098039216,11.437908496732026,81.69934640522875,8.169934640522875,73.52941176470588
E00153804,299,78,30,48,221,23,198,26.08695652173913,10.033444816053512,16.05351170568562,73.91304347826086,7.6923076923076925,66.22073578595318
E00153805,335,63,27,36,272,27,245,18.80597014925373,8.059701492537313,10.746268656716417,81.19402985074626,8.059701492537313,73.13432835820896
E00153806,269,72,36,36,197,29,168,26.765799256505574,13.382899628252787,13.382899628252787,73.23420074349443,10.780669144981413,62.45353159851301
E00153807,262,52,20,32,210,21,189,19.84732824427481,7.633587786259542,12.213740458015266,80.1526717557252,8.015267175572518,72.13740458015268
E00153808,289,54,20,34,235,34,201,18.685121107266436,6.920415224913495,11.76470588235294,81.31487889273356,11.76470588235294,69.55017301038062
E00153809,354,52,29,23,302,39,263,14.689265536723164,8.192090395480225,6.497175141242938,85.31073446327684,11.016949152542372,74.29378531073446
E00153810,260,56,31,25,204,26,178,21.53846153846154,11.923076923076923,9.615384615384617,78.46153846153847,10,68.46153846153847
E00153811,205,47,20,27,158,20,138,22.926829268292686,9.75609756097561,13.170731707317074,77.07317073170732,9.75609756097561,67.31707317073172
E00153812,289,49,22,27,240,36,204,16.955017301038062,7.612456747404845,9.342560553633218,83.04498269896193,12.45674740484429,70.58823529411765
E00153813,243,43,15,28,200,22,178,17.695473251028808,6.172839506172839,11.522633744855968,82.3045267489712,9.053497942386832,73.25102880658436
E00153814,285,53,17,36,232,24,208,18.596491228070175,5.964912280701754,12.631578947368421,81.40350877192982,8.421052631578947,72.98245614035088
E00153815,227,49,21,28,178,19,159,21.58590308370044,9.251101321585903,12.334801762114537,78.41409691629956,8.370044052863436,70.04405286343612
E00153816,300,61,14,47,239,15,224,20.333333333333332,4.666666666666667,15.666666666666668,79.66666666666666,5,74.66666666666667
E00153817,269,59,28,31,210,29,181,21.933085501858738,10.408921933085502,11.524163568773234,78.06691449814126,10.780669144981413,67.28624535315984
E00153818,271,39,16,23,232,26,206,14.391143911439114,5.904059040590406,8.487084870848708,85.60885608856088,9.59409594095941,76.01476014760148
E00153819,301,65,34,31,236,21,215,21.59468438538206,11.295681063122924,10.299003322259136,78.40531561461795,6.976744186046512,71.42857142857143
E00153820,256,44,18,26,212,20,192,17.1875,7.03125,10.15625,82.8125,7.8125,75
E00153821,332,56,29,27,276,26,250,16.867469879518072,8.734939759036145,8.132530120481928,83.13253012048193,7.83132530120482,75.30120481927712
E00153822,285,53,22,31,232,27,205,18.596491228070175,7.719298245614035,10.87719298245614,81.40350877192982,9.473684210526317,71.9298245614035
E00153823,217,76,40,36,141,15,126,35.02304147465438,18.433179723502306,16.589861751152075,64.97695852534562,6.912442396313365,58.06451612903226
E00153824,306,36,9,27,270,32,238,11.76470588235294,2.941176470588235,8.823529411764707,88.23529411764706,10.457516339869281,77.77777777777779
E00153825,302,42,14,28,260,27,233,13.90728476821192,4.635761589403973,9.271523178807946,86.09271523178808,8.940397350993377,77.15231788079471
E00153826,255,69,34,35,186,20,166,27.058823529411764,13.333333333333334,13.725490196078432,72.94117647058823,7.8431372549019605,65.09803921568627
E00153827,271,76,32,44,195,24,171,28.044280442804425,11.808118081180812,16.236162361623617,71.95571955719558,8.856088560885608,63.09963099630996
E00153828,328,83,36,47,245,22,223,25.304878048780488,10.975609756097562,14.329268292682926,74.6951219512195,6.707317073170732,67.98780487804879
E00153829,310,74,28,46,236,20,216,23.870967741935484,9.032258064516128,14.838709677419354,76.12903225806451,6.451612903225806,69.6774193548387
E00153830,362,98,47,51,264,36,228,27.071823204419886,12.98342541436464,14.088397790055248,72.92817679558011,9.94475138121547,62.98342541436463
E00153831,275,69,35,34,206,24,182,25.09090909090909,12.727272727272727,12.363636363636363,74.90909090909092,8.727272727272728,66.18181818181819
E00153832,271,35,13,22,236,24,212,12.915129151291513,4.797047970479705,8.118081180811808,87.08487084870849,8.856088560885608,78.22878228782287
E00153833,212,77,32,45,135,10,125,36.32075471698113,15.09433962264151,21.22641509433962,63.67924528301887,4.716981132075472,58.9622641509434
E00153834,412,120,50,70,292,21,271,29.126213592233007,12.135922330097088,16.990291262135923,70.87378640776699,5.097087378640777,65.77669902912622
E00153835,268,113,65,48,155,13,142,42.16417910447761,24.253731343283583,17.91044776119403,57.83582089552238,4.850746268656716,52.98507462686567
E00153836,285,80,38,42,205,15,190,28.07017543859649,13.333333333333334,14.736842105263156,71.9298245614035,5.263157894736842,66.66666666666666
E00153837,231,45,16,29,186,22,164,19.480519480519483,6.926406926406926,12.554112554112553,80.51948051948052,9.523809523809524,70.995670995671
E00153838,248,31,13,18,217,13,204,12.5,5.241935483870968,7.258064516129033,87.5,5.241935483870968,82.25806451612904
E00153839,240,43,14,29,197,25,172,17.916666666666668,5.833333333333333,12.083333333333334,82.08333333333333,10.416666666666668,71.66666666666667
E00153840,279,40,6,34,239,22,217,14.336917562724013,2.1505376344086025,12.186379928315413,85.66308243727599,7.885304659498208,77.77777777777779
E00153841,278,55,19,36,223,22,201,19.784172661870503,6.83453237410072,12.949640287769784,80.2158273381295,7.913669064748201,72.3021582733813
E00153843,296,62,16,46,234,20,214,20.945945945945947,5.405405405405405,15.54054054054054,79.05405405405406,6.756756756756757,72.2972972972973
E00153844,573,79,32,47,494,43,451,13.787085514834205,5.5846422338568935,8.202443280977311,86.2129144851658,7.504363001745201,78.70855148342059
E00153845,404,33,11,22,371,29,342,8.16831683168317,2.722772277227723,5.445544554455446,91.83168316831683,7.1782178217821775,84.65346534653465
E00153846,345,106,57,49,239,22,217,30.72463768115942,16.52173913043478,14.202898550724639,69.27536231884058,6.3768115942028984,62.89855072463768
E00153847,325,53,16,37,272,37,235,16.307692307692307,4.923076923076923,11.384615384615385,83.6923076923077,11.384615384615385,72.3076923076923
E00153848,276,32,12,20,244,24,220,11.594202898550725,4.3478260869565215,7.246376811594203,88.40579710144928,8.695652173913043,79.71014492753623
E00153850,376,71,30,41,305,26,279,18.882978723404257,7.9787234042553195,10.904255319148938,81.11702127659575,6.914893617021277,74.20212765957447
E00153851,545,88,27,61,457,52,405,16.14678899082569,4.954128440366973,11.192660550458717,83.85321100917432,9.541284403669724,74.31192660550458
E00153852,353,96,66,30,257,28,229,27.19546742209632,18.69688385269122,8.498583569405099,72.80453257790369,7.932011331444759,64.87252124645893
E00153853,296,38,11,27,258,22,236,12.837837837837837,3.7162162162162162,9.121621621621621,87.16216216216216,7.4324324324324325,79.72972972972973
E00153854,426,67,26,41,359,30,329,15.727699530516432,6.103286384976526,9.624413145539906,84.27230046948357,7.042253521126761,77.23004694835682
E00153855,301,44,22,22,257,31,226,14.61794019933555,7.308970099667775,7.308970099667775,85.38205980066445,10.299003322259136,75.08305647840533
E00153856,227,40,10,30,187,21,166,17.62114537444934,4.405286343612335,13.215859030837004,82.37885462555066,9.251101321585903,73.12775330396477
E00153857,315,32,14,18,283,28,255,10.158730158730158,4.444444444444445,5.714285714285714,89.84126984126985,8.88888888888889,80.95238095238095
E00153858,382,86,40,46,296,23,273,22.5130890052356,10.471204188481675,12.041884816753926,77.4869109947644,6.020942408376963,71.46596858638743
E00153859,459,62,26,36,397,51,346,13.507625272331156,5.664488017429194,7.8431372549019605,86.49237472766885,11.11111111111111,75.38126361655773
E00153860,150,42,21,21,108,16,92,28.000000000000004,14.000000000000002,14.000000000000002,72,10.666666666666668,61.33333333333333
E00153861,160,36,9,27,124,16,108,22.5,5.625,16.875,77.5,10,67.5
E00153862,238,32,8,24,206,24,182,13.445378151260504,3.361344537815126,10.084033613445378,86.5546218487395,10.084033613445378,76.47058823529412
E00153863,378,61,17,44,317,29,288,16.137566137566136,4.497354497354497,11.64021164021164,83.86243386243386,7.671957671957672,76.19047619047619
E00153864,190,35,8,27,155,14,141,18.421052631578945,4.2105263157894735,14.210526315789473,81.57894736842105,7.368421052631578,74.21052631578947
E00153865,234,37,15,22,197,13,184,15.81196581196581,6.41025641025641,9.401709401709402,84.1880341880342,5.555555555555555,78.63247863247864
E00153866,304,40,13,27,264,27,237,13.157894736842104,4.276315789473684,8.881578947368421,86.8421052631579,8.881578947368421,77.96052631578947
E00153867,231,32,11,21,199,28,171,13.852813852813853,4.761904761904762,9.090909090909092,86.14718614718615,12.121212121212121,74.02597402597402
E00153868,192,39,19,20,153,30,123,20.3125,9.895833333333332,10.416666666666668,79.6875,15.625,64.0625
E00153869,144,33,14,19,111,20,91,22.916666666666664,9.722222222222223,13.194444444444445,77.08333333333334,13.88888888888889,63.19444444444444
E00153873,376,58,18,40,318,28,290,15.425531914893616,4.787234042553192,10.638297872340425,84.57446808510637,7.446808510638298,77.12765957446808
E00153875,300,43,14,29,257,22,235,14.333333333333334,4.666666666666667,9.666666666666666,85.66666666666667,7.333333333333333,78.33333333333333
E00153876,393,79,31,48,314,38,276,20.10178117048346,7.888040712468193,12.213740458015266,79.89821882951654,9.669211195928753,70.22900763358778
E00153877,258,60,17,43,198,23,175,23.25581395348837,6.5891472868217065,16.666666666666664,76.74418604651163,8.914728682170542,67.82945736434108
E00153878,439,67,23,44,372,37,335,15.261958997722095,5.239179954441914,10.022779043280181,84.73804100227791,8.428246013667426,76.30979498861048
E00153879,327,40,13,27,287,25,262,12.232415902140673,3.9755351681957185,8.256880733944955,87.76758409785933,7.64525993883792,80.1223241590214
E00153880,365,57,23,34,308,23,285,15.616438356164384,6.301369863013699,9.315068493150685,84.38356164383562,6.301369863013699,78.08219178082192
E00153881,292,77,31,46,215,32,183,26.36986301369863,10.616438356164384,15.753424657534246,73.63013698630137,10.95890410958904,62.671232876712324
E00153882,383,53,25,28,330,32,298,13.838120104438643,6.527415143603134,7.310704960835509,86.16187989556136,8.355091383812011,77.80678851174935
E00153883,377,60,17,43,317,40,277,15.915119363395224,4.509283819628647,11.405835543766578,84.08488063660478,10.610079575596817,73.47480106100795
E00153884,315,77,45,32,238,33,205,24.444444444444443,14.285714285714285,10.158730158730158,75.55555555555556,10.476190476190476,65.07936507936508
E00153885,259,51,18,33,208,21,187,19.69111969111969,6.94980694980695,12.741312741312742,80.3088803088803,8.108108108108109,72.2007722007722
E00153886,366,34,9,25,332,29,303,9.289617486338798,2.459016393442623,6.830601092896176,90.7103825136612,7.923497267759563,82.78688524590164
E00153887,342,28,13,15,314,38,276,8.187134502923977,3.8011695906432745,4.385964912280701,91.81286549707602,11.11111111111111,80.7017543859649
E00153888,295,57,16,41,238,25,213,19.322033898305087,5.423728813559322,13.898305084745763,80.67796610169492,8.47457627118644,72.20338983050848
E00153890,274,42,13,29,232,26,206,15.328467153284672,4.744525547445255,10.583941605839415,84.67153284671532,9.48905109489051,75.18248175182481
E00153891,266,41,6,35,225,14,211,15.413533834586465,2.2556390977443606,13.157894736842104,84.58646616541353,5.263157894736842,79.32330827067669
E00153892,319,36,9,27,283,36,247,11.285266457680251,2.8213166144200628,8.463949843260188,88.71473354231975,11.285266457680251,77.4294670846395
E00153895,249,26,5,21,223,15,208,10.441767068273093,2.0080321285140563,8.433734939759036,89.5582329317269,6.024096385542169,83.53413654618474
E00153896,282,32,8,24,250,26,224,11.347517730496454,2.8368794326241136,8.51063829787234,88.65248226950354,9.219858156028367,79.43262411347519
E00153897,247,45,17,28,202,13,189,18.218623481781375,6.882591093117409,11.336032388663968,81.78137651821862,5.263157894736842,76.51821862348179
E00153898,283,52,19,33,231,23,208,18.374558303886925,6.713780918727916,11.66077738515901,81.62544169611307,8.12720848056537,73.4982332155477
E00153899,279,53,15,38,226,21,205,18.996415770609318,5.376344086021505,13.620071684587815,81.00358422939068,7.526881720430108,73.47670250896059
E00153900,237,60,23,37,177,20,157,25.31645569620253,9.70464135021097,15.611814345991561,74.68354430379746,8.438818565400844,66.24472573839662
E00153901,247,62,22,40,185,18,167,25.101214574898783,8.906882591093117,16.194331983805668,74.89878542510121,7.28744939271255,67.61133603238866
E00153902,359,120,50,70,239,24,215,33.42618384401114,13.92757660167131,19.498607242339833,66.57381615598887,6.685236768802229,59.888579387186624
E00153903,304,46,18,28,258,22,236,15.131578947368421,5.921052631578947,9.210526315789473,84.86842105263158,7.236842105263158,77.63157894736842
E00153904,253,50,20,30,203,27,176,19.76284584980237,7.905138339920949,11.857707509881422,80.23715415019763,10.67193675889328,69.56521739130434
E00153905,323,65,18,47,258,22,236,20.123839009287924,5.572755417956656,14.551083591331269,79.87616099071208,6.811145510835913,73.06501547987617
E00153906,285,53,25,28,232,26,206,18.596491228070175,8.771929824561402,9.824561403508772,81.40350877192982,9.12280701754386,72.28070175438597
E00153907,224,39,12,27,185,19,166,17.410714285714285,5.357142857142857,12.053571428571429,82.58928571428571,8.482142857142858,74.10714285714286
E00153908,270,53,26,27,217,22,195,19.62962962962963,9.62962962962963,10,80.37037037037037,8.148148148148149,72.22222222222221
E00153909,256,62,24,38,194,19,175,24.21875,9.375,14.84375,75.78125,7.421875,68.359375
E00153910,283,60,24,36,223,18,205,21.20141342756184,8.480565371024735,12.7208480565371,78.79858657243817,6.36042402826855,72.43816254416961
E00153911,303,88,42,46,215,22,193,29.042904290429046,13.861386138613863,15.181518151815181,70.95709570957096,7.2607260726072615,63.6963696369637
E00153912,287,70,32,38,217,24,193,24.390243902439025,11.149825783972126,13.240418118466899,75.60975609756098,8.362369337979095,67.24738675958189
E00153913,260,52,21,31,208,10,198,20,8.076923076923077,11.923076923076923,80,3.8461538461538463,76.15384615384615
E00153914,319,58,28,30,261,23,238,18.181818181818183,8.77742946708464,9.404388714733543,81.81818181818183,7.210031347962382,74.60815047021944
E00153915,283,45,10,35,238,24,214,15.901060070671377,3.53356890459364,12.36749116607774,84.09893992932862,8.480565371024735,75.61837455830388
E00153916,282,84,46,38,198,18,180,29.78723404255319,16.312056737588655,13.47517730496454,70.2127659574468,6.382978723404255,63.829787234042556
E00153917,248,67,31,36,181,30,151,27.016129032258064,12.5,14.516129032258066,72.98387096774194,12.096774193548388,60.88709677419355
E00153918,265,42,15,27,223,22,201,15.849056603773585,5.660377358490567,10.18867924528302,84.15094339622642,8.30188679245283,75.84905660377359
E00153919,387,82,20,62,305,31,274,21.188630490956072,5.167958656330749,16.020671834625322,78.81136950904393,8.010335917312661,70.80103359173127
E00153920,285,57,13,44,228,22,206,20,4.56140350877193,15.43859649122807,80,7.719298245614035,72.28070175438597
E00153921,268,83,32,51,185,23,162,30.970149253731343,11.940298507462686,19.029850746268657,69.02985074626866,8.582089552238806,60.447761194029844
E00153922,237,44,18,26,193,15,178,18.565400843881857,7.59493670886076,10.970464135021098,81.43459915611815,6.329113924050633,75.10548523206751
E00153923,150,43,23,20,107,2,105,28.666666666666668,15.333333333333332,13.333333333333334,71.33333333333334,1.3333333333333335,70
E00153924,297,60,22,38,237,26,211,20.2020202020202,7.4074074074074066,12.794612794612794,79.7979797979798,8.754208754208754,71.04377104377105
E00153925,310,73,31,42,237,22,215,23.548387096774192,10,13.548387096774196,76.45161290322581,7.096774193548387,69.35483870967742
E00153926,240,50,21,29,190,13,177,20.833333333333336,8.75,12.083333333333334,79.16666666666666,5.416666666666667,73.75
E00153927,215,65,29,36,150,13,137,30.23255813953488,13.488372093023257,16.74418604651163,69.76744186046511,6.046511627906977,63.72093023255814
E00153928,281,61,28,33,220,21,199,21.70818505338078,9.9644128113879,11.743772241992882,78.29181494661923,7.473309608540925,70.8185053380783
E00153929,268,75,32,43,193,18,175,27.985074626865668,11.940298507462686,16.044776119402986,72.01492537313433,6.7164179104477615,65.29850746268657
E00153930,283,46,16,30,237,24,213,16.25441696113074,5.6537102473498235,10.60070671378092,83.74558303886926,8.480565371024735,75.26501766784452
E00153931,286,30,13,17,256,24,232,10.48951048951049,4.545454545454546,5.944055944055944,89.5104895104895,8.391608391608392,81.11888111888112
E00153932,353,80,24,56,273,39,234,22.6628895184136,6.79886685552408,15.864022662889518,77.33711048158641,11.048158640226628,66.28895184135978
E00153934,337,93,41,52,244,25,219,27.596439169139465,12.166172106824925,15.43026706231454,72.40356083086054,7.418397626112759,64.98516320474778
E00153935,247,57,17,40,190,17,173,23.076923076923077,6.882591093117409,16.194331983805668,76.92307692307693,6.882591093117409,70.04048582995951
E00153936,364,63,21,42,301,28,273,17.307692307692307,5.769230769230769,11.538461538461538,82.6923076923077,7.6923076923076925,75
E00153937,360,102,54,48,258,27,231,28.333333333333332,15,13.333333333333334,71.66666666666667,7.5,64.16666666666667
E00153938,269,49,18,31,220,30,190,18.21561338289963,6.691449814126393,11.524163568773234,81.78438661710037,11.152416356877323,70.63197026022306
E00153939,225,47,21,26,178,15,163,20.88888888888889,9.333333333333334,11.555555555555555,79.11111111111111,6.666666666666667,72.44444444444444
E00153941,339,49,17,32,290,31,259,14.454277286135694,5.014749262536873,9.43952802359882,85.54572271386431,9.144542772861357,76.40117994100295
E00153942,259,59,21,38,200,26,174,22.779922779922778,8.108108108108109,14.671814671814673,77.22007722007721,10.038610038610038,67.18146718146718
E00153944,211,33,10,23,178,19,159,15.639810426540285,4.739336492890995,10.90047393364929,84.36018957345972,9.004739336492891,75.35545023696683
E00153946,269,51,18,33,218,32,186,18.95910780669145,6.691449814126393,12.267657992565056,81.04089219330855,11.895910780669144,69.14498141263941
E00153947,314,36,11,25,278,28,250,11.464968152866243,3.5031847133757963,7.961783439490445,88.53503184713377,8.9171974522293,79.61783439490446
E00153948,243,43,22,21,200,17,183,17.695473251028808,9.053497942386832,8.641975308641975,82.3045267489712,6.995884773662551,75.30864197530865
E00153949,303,54,20,34,249,24,225,17.82178217821782,6.6006600660066,11.221122112211221,82.17821782178217,7.920792079207921,74.25742574257426
E00153950,244,58,23,35,186,19,167,23.770491803278688,9.426229508196721,14.344262295081966,76.22950819672131,7.786885245901639,68.44262295081968
E00153951,279,46,15,31,233,33,200,16.48745519713262,5.376344086021505,11.11111111111111,83.51254480286738,11.827956989247312,71.68458781362007
E00153952,267,48,12,36,219,31,188,17.97752808988764,4.49438202247191,13.48314606741573,82.02247191011236,11.610486891385769,70.4119850187266
E00153953,253,51,16,35,202,24,178,20.158102766798418,6.324110671936759,13.83399209486166,79.84189723320159,9.486166007905137,70.35573122529645
E00153954,258,38,15,23,220,30,190,14.728682170542637,5.813953488372093,8.914728682170542,85.27131782945736,11.627906976744185,73.64341085271317
E00153955,249,44,15,29,205,18,187,17.670682730923694,6.024096385542169,11.646586345381527,82.32931726907631,7.228915662650602,75.1004016064257
E00153956,270,46,20,26,224,34,190,17.037037037037038,7.4074074074074066,9.62962962962963,82.96296296296296,12.592592592592592,70.37037037037037
E00153957,312,39,11,28,273,25,248,12.5,3.5256410256410255,8.974358974358974,87.5,8.012820512820513,79.48717948717949
E00153959,242,35,10,25,207,24,183,14.46280991735537,4.132231404958678,10.330578512396695,85.53719008264463,9.917355371900827,75.6198347107438
E00153960,207,48,14,34,159,18,141,23.18840579710145,6.763285024154589,16.425120772946862,76.81159420289855,8.695652173913043,68.11594202898551
E00153961,308,76,25,51,232,21,211,24.675324675324674,8.116883116883116,16.558441558441558,75.32467532467533,6.8181818181818175,68.5064935064935
E00153962,334,79,41,38,255,25,230,23.652694610778443,12.275449101796406,11.377245508982035,76.34730538922156,7.48502994011976,68.8622754491018
E00153963,298,28,9,19,270,33,237,9.395973154362416,3.0201342281879198,6.375838926174497,90.60402684563759,11.073825503355705,79.53020134228188
E00153964,337,48,11,37,289,38,251,14.243323442136498,3.2640949554896146,10.979228486646884,85.7566765578635,11.275964391691394,74.4807121661721
E00153965,356,42,17,25,314,37,277,11.797752808988763,4.775280898876404,7.02247191011236,88.20224719101124,10.393258426966293,77.80898876404494
E00153967,281,42,15,27,239,32,207,14.94661921708185,5.338078291814947,9.608540925266903,85.05338078291815,11.387900355871885,73.66548042704626
E00153968,163,19,6,13,144,12,132,11.65644171779141,3.6809815950920246,7.975460122699387,88.34355828220859,7.361963190184049,80.98159509202453
E00153969,427,72,29,43,355,37,318,16.861826697892273,6.791569086651054,10.070257611241217,83.13817330210773,8.665105386416862,74.47306791569088
E00153970,239,41,12,29,198,29,169,17.154811715481173,5.02092050209205,12.133891213389122,82.84518828451883,12.133891213389122,70.7112970711297
E00153971,357,38,12,26,319,32,287,10.644257703081232,3.361344537815126,7.282913165266107,89.35574229691878,8.96358543417367,80.3921568627451
E00153972,278,43,15,28,235,32,203,15.467625899280577,5.39568345323741,10.071942446043165,84.53237410071942,11.510791366906476,73.02158273381295
E00153973,274,73,25,48,201,19,182,26.642335766423358,9.124087591240876,17.51824817518248,73.35766423357664,6.934306569343065,66.42335766423358
E00153974,220,41,8,33,179,17,162,18.636363636363637,3.6363636363636362,15,81.36363636363636,7.727272727272727,73.63636363636363
E00153975,252,40,19,21,212,24,188,15.873015873015872,7.5396825396825395,8.333333333333332,84.12698412698413,9.523809523809524,74.60317460317461
E00153976,459,58,15,43,401,50,351,12.636165577342048,3.2679738562091507,9.368191721132897,87.36383442265794,10.893246187363834,76.47058823529412
E00153977,341,72,28,44,269,27,242,21.114369501466275,8.211143695014663,12.903225806451612,78.88563049853371,7.9178885630498534,70.96774193548387
E00153978,310,51,8,43,259,19,240,16.451612903225808,2.5806451612903225,13.870967741935484,83.54838709677419,6.129032258064516,77.41935483870968
E00153979,279,37,14,23,242,25,217,13.261648745519713,5.017921146953405,8.24372759856631,86.73835125448028,8.960573476702509,77.77777777777779
E00153980,206,21,5,16,185,26,159,10.194174757281553,2.4271844660194173,7.766990291262135,89.80582524271846,12.62135922330097,77.18446601941747
E00153981,225,32,10,22,193,25,168,14.222222222222221,4.444444444444445,9.777777777777779,85.77777777777777,11.11111111111111,74.66666666666667
E00153982,542,86,31,55,456,51,405,15.867158671586715,5.719557195571956,10.14760147601476,84.13284132841329,9.40959409594096,74.72324723247232
E00153983,547,86,43,43,461,51,410,15.722120658135283,7.861060329067642,7.861060329067642,84.27787934186472,9.323583180987203,74.9542961608775
E00153984,312,47,20,27,265,30,235,15.064102564102564,6.41025641025641,8.653846153846153,84.93589743589743,9.615384615384617,75.32051282051282
E00153985,205,40,12,28,165,22,143,19.51219512195122,5.853658536585367,13.658536585365855,80.48780487804879,10.731707317073171,69.7560975609756
E00153986,276,61,19,42,215,22,193,22.10144927536232,6.884057971014493,15.217391304347828,77.89855072463769,7.971014492753622,69.92753623188406
E00153987,178,32,16,16,146,16,130,17.97752808988764,8.98876404494382,8.98876404494382,82.02247191011236,8.98876404494382,73.03370786516854
E00153989,144,30,8,22,114,14,100,20.833333333333336,5.555555555555555,15.277777777777779,79.16666666666666,9.722222222222223,69.44444444444444
E00153990,224,45,17,28,179,27,152,20.089285714285715,7.5892857142857135,12.5,79.91071428571429,12.053571428571429,67.85714285714286
E00153991,225,56,21,35,169,18,151,24.88888888888889,9.333333333333334,15.555555555555555,75.1111111111111,8,67.11111111111111
E00153992,322,60,15,45,262,35,227,18.633540372670808,4.658385093167702,13.975155279503104,81.36645962732919,10.869565217391305,70.4968944099379
E00153994,264,38,16,22,226,17,209,14.393939393939394,6.0606060606060606,8.333333333333332,85.60606060606061,6.4393939393939394,79.16666666666666
E00153995,315,42,15,27,273,29,244,13.333333333333334,4.761904761904762,8.571428571428571,86.66666666666667,9.206349206349207,77.46031746031747
E00153996,182,27,9,18,155,22,133,14.835164835164836,4.945054945054945,9.89010989010989,85.16483516483517,12.087912087912088,73.07692307692307
E00153997,332,71,29,42,261,26,235,21.385542168674696,8.734939759036145,12.650602409638553,78.6144578313253,7.83132530120482,70.78313253012048
E00153998,175,22,3,19,153,24,129,12.571428571428573,1.7142857142857144,10.857142857142858,87.42857142857143,13.714285714285715,73.71428571428571
E00153999,118,23,5,18,95,9,86,19.491525423728813,4.23728813559322,15.254237288135593,80.50847457627118,7.627118644067797,72.88135593220339
E00154000,397,59,27,32,338,26,312,14.86146095717884,6.801007556675064,8.060453400503778,85.13853904282117,6.54911838790932,78.58942065491183
E00154001,326,74,32,42,252,31,221,22.699386503067483,9.815950920245399,12.883435582822086,77.30061349693251,9.509202453987731,67.79141104294479
E00154002,385,42,13,29,343,43,300,10.909090909090908,3.3766233766233764,7.532467532467532,89.0909090909091,11.168831168831169,77.92207792207793
E00154005,314,51,13,38,263,37,226,16.24203821656051,4.140127388535031,12.101910828025478,83.7579617834395,11.78343949044586,71.97452229299363
E00154006,223,37,6,31,186,19,167,16.591928251121075,2.690582959641256,13.901345291479823,83.40807174887892,8.520179372197308,74.88789237668162
E00154007,193,43,20,23,150,18,132,22.279792746113987,10.362694300518134,11.917098445595855,77.720207253886,9.32642487046632,68.39378238341969
E00154008,122,20,9,11,102,17,85,16.39344262295082,7.377049180327869,9.01639344262295,83.60655737704919,13.934426229508196,69.67213114754098
E00154009,217,53,16,37,164,16,148,24.42396313364055,7.373271889400922,17.050691244239633,75.57603686635944,7.373271889400922,68.20276497695853
E00154010,307,59,21,38,248,35,213,19.218241042345277,6.840390879478828,12.37785016286645,80.78175895765473,11.400651465798045,69.38110749185668
E00154011,201,41,15,26,160,11,149,20.398009950248756,7.462686567164178,12.935323383084576,79.60199004975125,5.472636815920398,74.12935323383084
E00154012,262,33,11,22,229,24,205,12.595419847328243,4.198473282442748,8.396946564885496,87.40458015267176,9.16030534351145,78.2442748091603
E00154013,461,107,55,52,354,38,316,23.210412147505423,11.930585683297181,11.279826464208242,76.78958785249458,8.24295010845987,68.54663774403471
E00154014,513,61,17,44,452,40,412,11.890838206627679,3.313840155945419,8.57699805068226,88.10916179337231,7.797270955165692,80.31189083820662
E00154015,382,67,20,47,315,24,291,17.539267015706805,5.2356020942408374,12.30366492146597,82.4607329842932,6.282722513089005,76.17801047120419
E00154016,327,69,29,40,258,30,228,21.100917431192663,8.868501529051988,12.232415902140673,78.89908256880734,9.174311926605505,69.72477064220183
E00154017,383,64,25,39,319,32,287,16.710182767624023,6.527415143603134,10.182767624020887,83.28981723237598,8.355091383812011,74.93472584856397
E00154020,309,44,13,31,265,33,232,14.239482200647249,4.207119741100324,10.032362459546926,85.76051779935275,10.679611650485436,75.08090614886731
E00154021,243,74,25,49,169,24,145,30.45267489711934,10.2880658436214,20.16460905349794,69.54732510288066,9.876543209876543,59.67078189300411
E00154022,332,115,76,39,217,18,199,34.63855421686747,22.89156626506024,11.74698795180723,65.36144578313254,5.421686746987952,59.93975903614458
E00154023,251,55,17,38,196,26,170,21.91235059760956,6.772908366533864,15.139442231075698,78.08764940239044,10.358565737051793,67.729083665338635
E00154024,243,76,24,52,167,25,142,31.275720164609055,9.876543209876543,21.39917695473251,68.72427983539094,10.2880658436214,58.43621399176955
E00154025,317,58,23,35,259,29,230,18.29652996845426,7.255520504731862,11.041009463722396,81.70347003154575,9.14826498422713,72.55520504731862
E00154026,280,49,24,25,231,21,210,17.5,8.571428571428571,8.928571428571429,82.5,7.5,75
E00154027,344,40,7,33,304,38,266,11.627906976744185,2.0348837209302326,9.593023255813954,88.37209302325581,11.046511627906977,77.32558139534885
E00154029,330,41,11,30,289,27,262,12.424242424242424,3.3333333333333335,9.090909090909092,87.57575757575758,8.181818181818182,79.39393939393939
E00154030,317,51,21,30,266,24,242,16.08832807570978,6.624605678233439,9.46372239747634,83.91167192429022,7.570977917981073,76.34069400630915
E00154031,302,39,15,24,263,24,239,12.91390728476821,4.966887417218543,7.9470198675496695,87.08609271523179,7.9470198675496695,79.13907284768213
E00154032,317,46,14,32,271,27,244,14.511041009463725,4.416403785488959,10.094637223974763,85.48895899053628,8.517350157728707,76.97160883280758
E00154033,317,40,10,30,277,23,254,12.618296529968454,3.1545741324921135,9.46372239747634,87.38170347003155,7.255520504731862,80.12618296529969
E00154034,308,39,11,28,269,30,239,12.662337662337661,3.571428571428571,9.090909090909092,87.33766233766234,9.740259740259742,77.59740259740259
E00154035,381,53,17,36,328,36,292,13.910761154855644,4.4619422572178475,9.448818897637794,86.08923884514435,9.448818897637794,76.64041994750657
E00154036,320,51,23,28,269,34,235,15.937499999999998,7.187499999999999,8.75,84.0625,10.625,73.4375
E00154037,317,64,24,40,253,22,231,20.189274447949526,7.570977917981073,12.618296529968454,79.81072555205047,6.940063091482649,72.87066246056783
E00154038,153,70,31,39,83,5,78,45.751633986928105,20.26143790849673,25.49019607843137,54.248366013071895,3.2679738562091507,50.98039215686274
E00154039,307,74,33,41,233,20,213,24.104234527687296,10.749185667752444,13.355048859934854,75.8957654723127,6.514657980456026,69.38110749185668
E00154040,301,50,16,34,251,29,222,16.611295681063122,5.3156146179401995,11.295681063122924,83.38870431893687,9.634551495016613,73.75415282392026
E00154041,370,69,25,44,301,29,272,18.64864864864865,6.756756756756757,11.891891891891893,81.35135135135135,7.837837837837839,73.51351351351352
E00154042,257,44,21,23,213,19,194,17.120622568093385,8.171206225680933,8.949416342412452,82.87937743190662,7.392996108949417,75.4863813229572
E00154043,327,50,22,28,277,25,252,15.29051987767584,6.727828746177369,8.56269113149847,84.70948012232415,7.64525993883792,77.06422018348624
E00154044,306,43,27,16,263,28,235,14.052287581699346,8.823529411764707,5.228758169934641,85.94771241830065,9.15032679738562,76.79738562091504
E00154045,383,45,19,26,338,34,304,11.74934725848564,4.960835509138381,6.7885117493472595,88.25065274151436,8.87728459530026,79.37336814621409
E00154046,255,49,24,25,206,25,181,19.215686274509807,9.411764705882353,9.803921568627452,80.7843137254902,9.803921568627452,70.98039215686275
E00154047,390,85,34,51,305,31,274,21.794871794871796,8.717948717948717,13.076923076923078,78.2051282051282,7.948717948717948,70.25641025641025
E00154048,363,104,47,57,259,32,227,28.650137741046834,12.947658402203857,15.702479338842975,71.34986225895317,8.81542699724518,62.53443526170799
E00154050,260,58,35,23,202,16,186,22.30769230769231,13.461538461538462,8.846153846153847,77.6923076923077,6.153846153846154,71.53846153846153
E00154051,340,69,27,42,271,24,247,20.294117647058822,7.941176470588235,12.352941176470589,79.70588235294119,7.0588235294117645,72.6470588235294
E00154054,260,59,20,39,201,12,189,22.692307692307693,7.6923076923076925,15,77.3076923076923,4.615384615384616,72.6923076923077
E00154055,332,84,26,58,248,34,214,25.301204819277107,7.83132530120482,17.46987951807229,74.69879518072288,10.240963855421686,64.45783132530121
E00154056,236,57,26,31,179,21,158,24.152542372881356,11.016949152542372,13.135593220338984,75.84745762711864,8.898305084745763,66.94915254237289
E00154057,228,65,22,43,163,28,135,28.50877192982456,9.649122807017543,18.859649122807017,71.49122807017544,12.280701754385964,59.210526315789465
E00154058,272,44,17,27,228,22,206,16.176470588235293,6.25,9.926470588235293,83.82352941176471,8.088235294117647,75.73529411764706
E00154059,281,64,28,36,217,32,185,22.77580071174377,9.9644128113879,12.811387900355871,77.22419928825623,11.387900355871885,65.83629893238434
E00154060,308,58,20,38,250,36,214,18.83116883116883,6.493506493506493,12.337662337662337,81.16883116883116,11.688311688311687,69.48051948051948
E00154061,233,58,18,40,175,28,147,24.892703862660944,7.725321888412018,17.167381974248926,75.10729613733905,12.017167381974248,63.0901287553648
E00154062,231,42,10,32,189,22,167,18.181818181818183,4.329004329004329,13.852813852813853,81.81818181818183,9.523809523809524,72.2943722943723
E00154063,225,45,16,29,180,22,158,20,7.111111111111111,12.88888888888889,80,9.777777777777779,70.22222222222221
E00154064,263,55,29,26,208,25,183,20.912547528517113,11.02661596958175,9.885931558935361,79.08745247148289,9.505703422053232,69.58174904942965
E00154065,210,61,22,39,149,12,137,29.04761904761905,10.476190476190476,18.571428571428573,70.95238095238095,5.714285714285714,65.23809523809524
E00154066,198,38,15,23,160,22,138,19.19191919191919,7.575757575757576,11.616161616161616,80.8080808080808,11.11111111111111,69.6969696969697
E00154067,240,53,14,39,187,26,161,22.083333333333332,5.833333333333333,16.25,77.91666666666667,10.833333333333334,67.08333333333333
E00154068,274,38,13,25,236,20,216,13.86861313868613,4.744525547445255,9.124087591240876,86.13138686131386,7.2992700729927,78.83211678832117
E00154069,296,79,35,44,217,34,183,26.68918918918919,11.824324324324325,14.864864864864865,73.3108108108108,11.486486486486488,61.82432432432432
E00154070,118,27,11,16,91,8,83,22.88135593220339,9.322033898305085,13.559322033898304,77.11864406779661,6.779661016949152,70.33898305084746
E00154071,340,49,10,39,291,29,262,14.411764705882351,2.941176470588235,11.470588235294118,85.58823529411764,8.529411764705882,77.05882352941177
E00154072,331,59,17,42,272,33,239,17.82477341389728,5.13595166163142,12.688821752265861,82.17522658610272,9.969788519637463,72.20543806646525
E00154073,337,69,21,48,268,35,233,20.474777448071215,6.231454005934718,14.243323442136498,79.52522255192879,10.385756676557865,69.13946587537092
E00154074,103,29,4,25,74,8,66,28.155339805825243,3.8834951456310676,24.271844660194176,71.84466019417476,7.766990291262135,64.07766990291263
E00154075,180,29,12,17,151,22,129,16.11111111111111,6.666666666666667,9.444444444444445,83.88888888888889,12.222222222222221,71.66666666666667
E00154076,482,93,40,53,389,48,341,19.294605809128633,8.29875518672199,10.995850622406639,80.70539419087137,9.95850622406639,70.74688796680498
E00154077,290,60,14,46,230,29,201,20.689655172413794,4.827586206896552,15.862068965517242,79.3103448275862,10,69.3103448275862
E00154078,326,54,24,30,272,23,249,16.56441717791411,7.361963190184049,9.202453987730062,83.43558282208589,7.05521472392638,76.38036809815951
E00154079,175,23,8,15,152,20,132,13.142857142857142,4.571428571428571,8.571428571428571,86.85714285714286,11.428571428571429,75.42857142857143
E00154080,406,27,8,19,379,13,366,6.65024630541872,1.9704433497536946,4.679802955665025,93.34975369458128,3.201970443349754,90.14778325123153
E00154081,338,72,27,45,266,37,229,21.301775147928996,7.988165680473373,13.313609467455622,78.69822485207101,10.946745562130179,67.75147928994083
E00154083,188,24,7,17,164,9,155,12.76595744680851,3.723404255319149,9.042553191489363,87.2340425531915,4.787234042553192,82.4468085106383
E00154084,302,49,14,35,253,37,216,16.225165562913908,4.635761589403973,11.589403973509933,83.77483443708608,12.251655629139073,71.52317880794702
E00154085,335,75,32,43,260,33,227,22.388059701492537,9.55223880597015,12.835820895522387,77.61194029850746,9.850746268656717,67.76119402985074
E00154086,261,53,19,34,208,19,189,20.306513409961685,7.2796934865900385,13.026819923371647,79.6934865900383,7.2796934865900385,72.41379310344827
E00154087,347,60,21,39,287,30,257,17.29106628242075,6.051873198847262,11.239193083573488,82.70893371757924,8.645533141210375,74.06340057636888
E00154088,278,53,15,38,225,22,203,19.06474820143885,5.39568345323741,13.66906474820144,80.93525179856115,7.913669064748201,73.02158273381295
E00154089,184,25,4,21,159,13,146,13.586956521739129,2.1739130434782608,11.41304347826087,86.41304347826086,7.065217391304348,79.34782608695652
E00154090,351,53,25,28,298,39,259,15.0997150997151,7.122507122507122,7.977207977207977,84.9002849002849,11.11111111111111,73.78917378917379
E00154091,303,47,18,29,256,18,238,15.51155115511551,5.9405940594059405,9.570957095709572,84.48844884488449,5.9405940594059405,78.54785478547855
E00154092,372,66,33,33,306,14,292,17.741935483870968,8.870967741935484,8.870967741935484,82.25806451612904,3.763440860215054,78.49462365591397
E00154093,212,40,17,23,172,23,149,18.867924528301888,8.018867924528301,10.849056603773585,81.13207547169812,10.849056603773585,70.28301886792453
E00154094,418,58,29,29,360,39,321,13.875598086124402,6.937799043062201,6.937799043062201,86.1244019138756,9.330143540669857,76.79425837320574
E00154095,310,48,16,32,262,31,231,15.483870967741936,5.161290322580645,10.32258064516129,84.51612903225806,10,74.51612903225806
E00154096,327,52,21,31,275,25,250,15.902140672782874,6.422018348623854,9.480122324159021,84.09785932721712,7.64525993883792,76.45259938837921
E00154097,284,84,49,35,200,17,183,29.577464788732392,17.253521126760564,12.323943661971832,70.4225352112676,5.985915492957746,64.43661971830986
E00154098,298,59,27,32,239,31,208,19.798657718120804,9.060402684563758,10.738255033557047,80.20134228187919,10.40268456375839,69.79865771812081
E00154099,478,87,31,56,391,38,353,18.200836820083683,6.485355648535565,11.715481171548117,81.79916317991632,7.949790794979079,73.84937238493724
E00154100,326,56,22,34,270,34,236,17.177914110429448,6.748466257668712,10.429447852760736,82.82208588957054,10.429447852760736,72.39263803680981
E00154101,314,60,26,34,254,31,223,19.10828025477707,8.280254777070063,10.828025477707007,80.89171974522293,9.872611464968154,71.01910828025477
E00154102,328,63,34,29,265,27,238,19.20731707317073,10.365853658536585,8.841463414634147,80.79268292682927,8.231707317073171,72.5609756097561
E00154103,281,46,20,26,235,27,208,16.370106761565836,7.11743772241993,9.252669039145907,83.62989323843416,9.608540925266903,74.02135231316726
E00154104,237,36,10,26,201,21,180,15.18987341772152,4.219409282700422,10.970464135021098,84.81012658227847,8.860759493670885,75.9493670886076
E00154105,285,50,22,28,235,25,210,17.543859649122805,7.719298245614035,9.824561403508772,82.45614035087719,8.771929824561402,73.68421052631578
E00154106,282,40,11,29,242,21,221,14.184397163120568,3.900709219858156,10.28368794326241,85.81560283687944,7.446808510638298,78.36879432624113
E00154107,337,66,27,39,271,29,242,19.584569732937684,8.011869436201781,11.572700296735905,80.41543026706232,8.605341246290802,71.81008902077151
E00154108,267,44,13,31,223,9,214,16.479400749063668,4.868913857677903,11.610486891385769,83.52059925093633,3.3707865168539324,80.14981273408239
E00154109,200,33,13,20,167,16,151,16.5,6.5,10,83.5,8,75.5
E00154110,123,21,9,12,102,16,86,17.073170731707318,7.317073170731707,9.75609756097561,82.92682926829268,13.008130081300814,69.91869918699187
E00154111,227,42,14,28,185,16,169,18.502202643171806,6.167400881057269,12.334801762114537,81.4977973568282,7.048458149779736,74.44933920704845
E00154112,316,73,26,47,243,31,212,23.10126582278481,8.227848101265822,14.873417721518987,76.89873417721519,9.81012658227848,67.08860759493672
E00154113,316,58,20,38,258,22,236,18.354430379746837,6.329113924050633,12.025316455696203,81.64556962025317,6.962025316455696,74.68354430379746
E00154114,239,45,19,26,194,24,170,18.828451882845187,7.949790794979079,10.87866108786611,81.17154811715481,10.0418410041841,71.1297071129707
E00154115,271,54,17,37,217,29,188,19.92619926199262,6.273062730627306,13.653136531365314,80.07380073800738,10.70110701107011,69.37269372693727
E00154116,259,64,26,38,195,22,173,24.71042471042471,10.038610038610038,14.671814671814673,75.2895752895753,8.494208494208493,66.79536679536679
E00154117,251,54,19,35,197,24,173,21.51394422310757,7.569721115537849,13.94422310756972,78.48605577689243,9.56175298804781,68.92430278884463
E00154118,311,84,33,51,227,26,201,27.009646302250808,10.610932475884244,16.39871382636656,72.9903536977492,8.360128617363344,64.63022508038586
E00154119,296,61,25,36,235,30,205,20.60810810810811,8.445945945945946,12.162162162162163,79.3918918918919,10.135135135135135,69.25675675675676
E00154120,300,50,20,30,250,24,226,16.666666666666664,6.666666666666667,10,83.33333333333334,8,75.33333333333333
E00154121,255,47,17,30,208,22,186,18.43137254901961,6.666666666666667,11.76470588235294,81.56862745098039,8.627450980392156,72.94117647058823
E00154122,292,50,21,29,242,29,213,17.123287671232877,7.191780821917808,9.931506849315069,82.87671232876713,9.931506849315069,72.94520547945206
E00154123,248,38,14,24,210,23,187,15.32258064516129,5.64516129032258,9.67741935483871,84.67741935483872,9.274193548387096,75.40322580645162
E00154124,173,22,7,15,151,9,142,12.716763005780345,4.046242774566474,8.670520231213873,87.28323699421965,5.202312138728324,82.08092485549133
E00154125,352,48,19,29,304,38,266,13.636363636363635,5.3977272727272725,8.238636363636363,86.36363636363636,10.795454545454545,75.56818181818183
E00154126,485,104,48,56,381,29,352,21.443298969072163,9.896907216494846,11.54639175257732,78.55670103092784,5.979381443298969,72.57731958762886
E00154127,301,53,12,41,248,27,221,17.60797342192691,3.9867109634551494,13.621262458471762,82.39202657807309,8.970099667774086,73.421926910299
E00154128,229,61,25,36,168,20,148,26.637554585152838,10.91703056768559,15.72052401746725,73.36244541484717,8.73362445414847,64.62882096069869
E00154129,359,77,43,34,282,27,255,21.448467966573816,11.977715877437326,9.47075208913649,78.55153203342618,7.520891364902507,71.03064066852369
E00154130,393,78,50,28,315,43,272,19.84732824427481,12.72264631043257,7.124681933842239,80.1526717557252,10.941475826972011,69.21119592875317
E00154131,375,92,56,36,283,30,253,24.53333333333333,14.933333333333335,9.6,75.46666666666667,8,67.46666666666667
E00154132,124,27,12,15,97,16,81,21.774193548387096,9.67741935483871,12.096774193548388,78.2258064516129,12.903225806451612,65.32258064516128
E00154133,203,39,13,26,164,23,141,19.21182266009852,6.403940886699508,12.807881773399016,80.78817733990148,11.330049261083744,69.45812807881774
E00154134,220,44,14,30,176,23,153,20,6.363636363636363,13.636363636363635,80,10.454545454545453,69.54545454545455
E00154135,173,44,17,27,129,11,118,25.43352601156069,9.826589595375722,15.606936416184972,74.56647398843931,6.358381502890173,68.20809248554913
E00154136,418,80,33,47,338,40,298,19.138755980861244,7.894736842105263,11.24401913875598,80.86124401913875,9.569377990430622,71.29186602870813
E00154137,188,32,10,22,156,13,143,17.02127659574468,5.319148936170213,11.702127659574469,82.97872340425532,6.914893617021277,76.06382978723404
E00154138,277,56,19,37,221,23,198,20.216606498194945,6.859205776173286,13.357400722021662,79.78339350180505,8.303249097472925,71.48014440433214
E00154139,284,82,35,47,202,19,183,28.87323943661972,12.323943661971832,16.549295774647888,71.12676056338029,6.690140845070422,64.43661971830986
E00154140,314,65,25,40,249,32,217,20.70063694267516,7.961783439490445,12.738853503184714,79.29936305732484,10.191082802547772,69.10828025477707
E00154141,279,78,28,50,201,21,180,27.956989247311824,10.03584229390681,17.921146953405017,72.04301075268818,7.526881720430108,64.51612903225806
E00154142,232,44,17,27,188,23,165,18.96551724137931,7.327586206896551,11.637931034482758,81.03448275862068,9.913793103448276,71.12068965517241
E00154143,237,55,16,39,182,15,167,23.20675105485232,6.751054852320674,16.455696202531644,76.79324894514767,6.329113924050633,70.46413502109705
E00154144,282,61,20,41,221,19,202,21.631205673758867,7.092198581560284,14.539007092198581,78.36879432624113,6.73758865248227,71.63120567375887
E00154145,369,91,54,37,278,33,245,24.661246612466126,14.634146341463413,10.02710027100271,75.33875338753387,8.94308943089431,66.39566395663957
E00154146,218,47,22,25,171,21,150,21.55963302752294,10.091743119266056,11.46788990825688,78.44036697247707,9.63302752293578,68.80733944954129
E00154147,291,57,23,34,234,34,200,19.587628865979383,7.903780068728522,11.683848797250858,80.41237113402062,11.683848797250858,68.72852233676976
E00154148,296,49,21,28,247,27,220,16.554054054054053,7.094594594594595,9.45945945945946,83.44594594594594,9.121621621621621,74.32432432432432
E00154149,266,66,32,34,200,30,170,24.81203007518797,12.030075187969924,12.781954887218044,75.18796992481202,11.278195488721805,63.90977443609023
E00154150,301,64,22,42,237,28,209,21.262458471760798,7.308970099667775,13.953488372093023,78.7375415282392,9.30232558139535,69.43521594684385
E00154151,258,44,22,22,214,13,201,17.05426356589147,8.527131782945736,8.527131782945736,82.94573643410853,5.038759689922481,77.90697674418605
E00154152,250,45,22,23,205,20,185,18,8.799999999999999,9.2,82,8,74
E00154153,272,65,30,35,207,24,183,23.897058823529413,11.029411764705882,12.867647058823529,76.10294117647058,8.823529411764707,67.27941176470588
E00154154,277,39,17,22,238,27,211,14.079422382671481,6.137184115523466,7.9422382671480145,85.92057761732852,9.747292418772563,76.17328519855594
E00154155,327,101,52,49,226,26,200,30.886850152905197,15.902140672782874,14.984709480122325,69.1131498470948,7.951070336391437,61.16207951070336
E00154156,397,81,30,51,316,45,271,20.40302267002519,7.5566750629722925,12.846347607052897,79.59697732997482,11.335012594458437,68.26196473551637
E00154157,259,57,22,35,202,16,186,22.00772200772201,8.494208494208493,13.513513513513514,77.99227799227799,6.177606177606178,71.81467181467181
E00154158,258,58,22,36,200,26,174,22.48062015503876,8.527131782945736,13.953488372093023,77.51937984496125,10.077519379844961,67.44186046511628
E00154159,351,79,33,46,272,15,257,22.507122507122507,9.401709401709402,13.105413105413104,77.49287749287748,4.273504273504273,73.21937321937322
E00154160,348,96,48,48,252,17,235,27.586206896551722,13.793103448275861,13.793103448275861,72.41379310344827,4.885057471264368,67.52873563218391
E00154161,272,86,44,42,186,13,173,31.61764705882353,16.176470588235293,15.441176470588236,68.38235294117648,4.779411764705882,63.60294117647059
E00154162,355,69,52,17,286,28,258,19.43661971830986,14.647887323943662,4.788732394366197,80.56338028169014,7.887323943661972,72.67605633802818
E00154163,284,54,17,37,230,29,201,19.014084507042252,5.985915492957746,13.028169014084506,80.98591549295774,10.211267605633804,70.77464788732394
E00154164,278,57,21,36,221,22,199,20.503597122302157,7.553956834532374,12.949640287769784,79.49640287769785,7.913669064748201,71.58273381294964
E00154165,272,63,22,41,209,34,175,23.161764705882355,8.088235294117647,15.073529411764705,76.83823529411765,12.5,64.33823529411765
E00154166,278,71,36,35,207,10,197,25.539568345323744,12.949640287769784,12.589928057553957,74.46043165467626,3.5971223021582732,70.86330935251799
E00154167,236,51,26,25,185,13,172,21.610169491525426,11.016949152542372,10.59322033898305,78.38983050847457,5.508474576271186,72.88135593220339
E00154168,208,32,5,27,176,19,157,15.384615384615385,2.403846153846154,12.980769230769232,84.61538461538461,9.134615384615383,75.48076923076923
E00154169,291,59,18,41,232,23,209,20.274914089347078,6.185567010309279,14.0893470790378,79.72508591065292,7.903780068728522,71.8213058419244
E00154170,396,103,48,55,293,22,271,26.01010101010101,12.121212121212121,13.88888888888889,73.98989898989899,5.555555555555555,68.43434343434343
E00154171,285,63,17,46,222,22,200,22.105263157894736,5.964912280701754,16.140350877192983,77.89473684210526,7.719298245614035,70.17543859649122
E00154172,260,62,19,43,198,20,178,23.846153846153847,7.307692307692308,16.538461538461537,76.15384615384615,7.6923076923076925,68.46153846153847
E00154173,172,33,11,22,139,17,122,19.186046511627907,6.395348837209303,12.790697674418606,80.81395348837209,9.883720930232558,70.93023255813954
E00154174,331,55,18,37,276,32,244,16.61631419939577,5.438066465256798,11.178247734138973,83.38368580060424,9.667673716012084,73.71601208459214
E00154175,324,90,35,55,234,25,209,27.77777777777778,10.802469135802468,16.97530864197531,72.22222222222221,7.716049382716049,64.50617283950618
E00154176,206,30,7,23,176,21,155,14.563106796116504,3.3980582524271843,11.165048543689322,85.43689320388349,10.194174757281553,75.24271844660194
E00154177,210,37,17,20,173,20,153,17.61904761904762,8.095238095238095,9.523809523809524,82.38095238095238,9.523809523809524,72.85714285714285
E00154178,270,93,33,60,177,26,151,34.44444444444444,12.222222222222221,22.22222222222222,65.55555555555556,9.62962962962963,55.925925925925924
E00154179,110,23,9,14,87,12,75,20.909090909090907,8.181818181818182,12.727272727272727,79.0909090909091,10.909090909090908,68.18181818181817
E00154180,172,39,17,22,133,11,122,22.674418604651162,9.883720930232558,12.790697674418606,77.32558139534885,6.395348837209303,70.93023255813954
E00154181,350,64,24,40,286,28,258,18.285714285714285,6.857142857142858,11.428571428571429,81.71428571428572,8,73.71428571428571
E00154182,266,53,22,31,213,27,186,19.924812030075188,8.270676691729323,11.654135338345863,80.07518796992481,10.150375939849624,69.92481203007519
E00154183,244,77,36,41,167,30,137,31.557377049180328,14.754098360655737,16.80327868852459,68.44262295081968,12.295081967213115,56.14754098360656
E00154184,274,73,30,43,201,22,179,26.642335766423358,10.948905109489052,15.693430656934307,73.35766423357664,8.02919708029197,65.32846715328468
E00154185,346,56,22,34,290,34,256,16.184971098265898,6.358381502890173,9.826589595375722,83.8150289017341,9.826589595375722,73.98843930635837
E00154186,360,64,31,33,296,32,264,17.77777777777778,8.61111111111111,9.166666666666666,82.22222222222221,8.88888888888889,73.33333333333333
E00154187,319,71,26,45,248,24,224,22.25705329153605,8.150470219435736,14.106583072100312,77.74294670846395,7.523510971786834,70.21943573667711
E00154188,303,64,24,40,239,26,213,21.122112211221122,7.920792079207921,13.2013201320132,78.87788778877888,8.58085808580858,70.29702970297029
E00154189,264,69,39,30,195,20,175,26.136363636363637,14.772727272727273,11.363636363636363,73.86363636363636,7.575757575757576,66.28787878787878
E00154190,321,77,39,38,244,24,220,23.98753894080997,12.149532710280374,11.838006230529595,76.01246105919003,7.476635514018691,68.53582554517133
E00154191,212,44,16,28,168,23,145,20.754716981132077,7.547169811320755,13.20754716981132,79.24528301886792,10.849056603773585,68.39622641509435
E00154192,241,55,23,32,186,19,167,22.821576763485478,9.54356846473029,13.278008298755188,77.17842323651453,7.883817427385892,69.29460580912863
E00154193,355,93,49,44,262,29,233,26.197183098591548,13.802816901408452,12.394366197183098,73.80281690140845,8.169014084507042,65.63380281690141
E00154194,266,53,16,37,213,23,190,19.924812030075188,6.015037593984962,13.909774436090224,80.07518796992481,8.646616541353383,71.42857142857143
E00154195,318,68,27,41,250,31,219,21.38364779874214,8.49056603773585,12.89308176100629,78.61635220125787,9.748427672955975,68.86792452830188
E00154196,295,72,30,42,223,22,201,24.40677966101695,10.16949152542373,14.237288135593221,75.59322033898304,7.457627118644068,68.13559322033899
E00154197,307,75,40,35,232,23,209,24.429967426710096,13.029315960912053,11.400651465798045,75.57003257328991,7.491856677524431,68.07817589576547
E00154198,320,73,29,44,247,25,222,22.8125,9.0625,13.750000000000002,77.1875,7.8125,69.375
E00154199,345,99,41,58,246,24,222,28.695652173913043,11.884057971014492,16.81159420289855,71.30434782608695,6.956521739130435,64.34782608695652
E00154200,343,71,34,37,272,25,247,20.699708454810494,9.912536443148689,10.787172011661808,79.30029154518951,7.288629737609329,72.01166180758017
E00154201,302,37,14,23,265,20,245,12.251655629139073,4.635761589403973,7.6158940397351,87.74834437086093,6.622516556291391,81.12582781456953
E00154202,280,71,34,37,209,21,188,25.357142857142854,12.142857142857142,13.214285714285715,74.64285714285714,7.5,67.14285714285714
E00154203,312,54,18,36,258,23,235,17.307692307692307,5.769230769230769,11.538461538461538,82.6923076923077,7.371794871794872,75.32051282051282
E00154204,305,33,16,17,272,29,243,10.819672131147541,5.245901639344262,5.573770491803279,89.18032786885246,9.508196721311474,79.67213114754098
E00154205,263,50,26,24,213,21,192,19.011406844106464,9.885931558935361,9.125475285171103,80.98859315589354,7.984790874524715,73.00380228136882
E00154206,282,67,28,39,215,19,196,23.75886524822695,9.929078014184398,13.829787234042554,76.24113475177306,6.73758865248227,69.50354609929079
E00154207,265,63,28,35,202,13,189,23.77358490566038,10.566037735849058,13.20754716981132,76.22641509433963,4.905660377358491,71.32075471698113
E00154208,316,51,14,37,265,32,233,16.139240506329113,4.430379746835443,11.708860759493671,83.86075949367088,10.126582278481013,73.73417721518987
E00154209,323,95,53,42,228,19,209,29.411764705882355,16.408668730650156,13.003095975232199,70.58823529411765,5.88235294117647,64.70588235294117
E00154210,295,62,22,40,233,23,210,21.01694915254237,7.457627118644068,13.559322033898304,78.98305084745762,7.796610169491526,71.1864406779661
E00154211,279,63,34,29,216,19,197,22.58064516129032,12.186379928315413,10.39426523297491,77.41935483870968,6.810035842293908,70.60931899641577
E00154212,281,60,31,29,221,19,202,21.352313167259787,11.032028469750891,10.320284697508896,78.64768683274022,6.761565836298933,71.88612099644128
E00154213,316,43,13,30,273,24,249,13.60759493670886,4.113924050632911,9.49367088607595,86.39240506329115,7.59493670886076,78.79746835443038
E00154214,439,41,14,27,398,33,365,9.339407744874716,3.189066059225513,6.150341685649203,90.66059225512528,7.517084282460136,83.14350797266515
E00154216,260,33,14,19,227,24,203,12.692307692307692,5.384615384615385,7.307692307692308,87.3076923076923,9.230769230769232,78.07692307692308
E00154217,347,87,33,54,260,26,234,25.072046109510087,9.510086455331413,15.561959654178676,74.92795389048992,7.492795389048991,67.43515850144092
E00154218,269,57,26,31,212,17,195,21.189591078066915,9.66542750929368,11.524163568773234,78.81040892193309,6.319702602230483,72.4907063197026
E00154220,290,31,8,23,259,27,232,10.689655172413794,2.7586206896551726,7.931034482758621,89.3103448275862,9.310344827586208,80
E00154221,277,61,20,41,216,21,195,22.021660649819495,7.2202166064981945,14.801444043321299,77.9783393501805,7.581227436823104,70.3971119133574
E00154222,241,49,17,32,192,32,160,20.33195020746888,7.053941908713693,13.278008298755188,79.66804979253112,13.278008298755188,66.39004149377593
E00154223,295,43,14,29,252,16,236,14.576271186440678,4.745762711864407,9.830508474576272,85.42372881355932,5.423728813559322,80
E00154225,311,65,28,37,246,25,221,20.90032154340836,9.003215434083602,11.89710610932476,79.09967845659163,8.038585209003216,71.06109324758843
E00154226,347,58,22,36,289,29,260,16.714697406340058,6.340057636887608,10.37463976945245,83.28530259365994,8.357348703170029,74.92795389048992
E00154227,235,57,23,34,178,20,158,24.25531914893617,9.787234042553191,14.468085106382977,75.74468085106383,8.51063829787234,67.23404255319149
E00154228,361,42,11,31,319,26,293,11.634349030470915,3.0470914127423825,8.587257617728532,88.36565096952909,7.202216066481995,81.16343490304709
E00154229,273,50,19,31,223,20,203,18.315018315018314,6.95970695970696,11.355311355311356,81.68498168498168,7.326007326007327,74.35897435897436
E00154230,574,57,16,41,517,42,475,9.930313588850174,2.7874564459930316,7.142857142857142,90.06968641114983,7.317073170731707,82.75261324041811
E00154231,336,75,32,43,261,33,228,22.321428571428573,9.523809523809524,12.797619047619047,77.67857142857143,9.821428571428571,67.85714285714286
E00154232,255,77,37,40,178,14,164,30.19607843137255,14.50980392156863,15.686274509803921,69.80392156862744,5.490196078431373,64.31372549019608
E00154233,213,63,25,38,150,18,132,29.577464788732392,11.737089201877934,17.84037558685446,70.4225352112676,8.450704225352112,61.97183098591549
E00154234,418,92,36,56,326,24,302,22.00956937799043,8.61244019138756,13.397129186602871,77.99043062200957,5.741626794258373,72.24880382775119
E00154235,321,41,23,18,280,21,259,12.77258566978193,7.165109034267912,5.607476635514018,87.22741433021807,6.5420560747663545,80.68535825545172
E00154236,304,76,33,43,228,26,202,25,10.855263157894738,14.144736842105262,75,8.552631578947368,66.44736842105263
E00154237,211,53,26,27,158,14,144,25.118483412322274,12.322274881516588,12.796208530805686,74.88151658767772,6.6350710900473935,68.24644549763033
E00154238,273,60,30,30,213,24,189,21.978021978021978,10.989010989010989,10.989010989010989,78.02197802197803,8.791208791208792,69.23076923076923
E00154239,264,61,28,33,203,28,175,23.106060606060606,10.606060606060606,12.5,76.89393939393939,10.606060606060606,66.28787878787878
E00154240,241,65,31,34,176,16,160,26.970954356846473,12.863070539419086,14.107883817427386,73.02904564315352,6.639004149377594,66.39004149377593
E00154241,280,64,30,34,216,21,195,22.857142857142858,10.714285714285714,12.142857142857142,77.14285714285715,7.5,69.64285714285714
E00154242,262,91,46,45,171,15,156,34.73282442748092,17.557251908396946,17.17557251908397,65.2671755725191,5.7251908396946565,59.541984732824424
E00154243,339,48,22,26,291,23,268,14.15929203539823,6.489675516224189,7.669616519174041,85.84070796460178,6.784660766961652,79.05604719764013
E00154244,257,49,14,35,208,24,184,19.06614785992218,5.447470817120623,13.618677042801556,80.93385214007782,9.33852140077821,71.59533073929961
E00154245,266,53,21,32,213,21,192,19.924812030075188,7.894736842105263,12.030075187969924,80.07518796992481,7.894736842105263,72.18045112781954
E00154246,287,56,30,26,231,30,201,19.51219512195122,10.452961672473867,9.059233449477352,80.48780487804879,10.452961672473867,70.03484320557492
E00154247,265,57,21,36,208,22,186,21.50943396226415,7.9245283018867925,13.584905660377359,78.49056603773586,8.30188679245283,70.18867924528301
E00154248,351,61,30,31,290,30,260,17.37891737891738,8.547008547008547,8.831908831908832,82.62108262108262,8.547008547008547,74.07407407407408
E00154249,250,81,45,36,169,17,152,32.4,18,14.399999999999999,67.60000000000001,6.800000000000001,60.8
E00154250,269,54,26,28,215,23,192,20.074349442379184,9.66542750929368,10.408921933085502,79.92565055762083,8.550185873605948,71.37546468401487
E00154251,235,53,19,34,182,18,164,22.5531914893617,8.085106382978724,14.468085106382977,77.4468085106383,7.659574468085106,69.7872340425532
E00154252,247,70,24,46,177,25,152,28.34008097165992,9.7165991902834,18.62348178137652,71.65991902834008,10.121457489878543,61.53846153846154
E00154253,255,48,17,31,207,10,197,18.823529411764707,6.666666666666667,12.156862745098039,81.17647058823529,3.9215686274509802,77.25490196078432
E00154254,241,73,37,36,168,15,153,30.29045643153527,15.352697095435685,14.937759336099585,69.70954356846472,6.224066390041494,63.48547717842323
E00154255,247,116,72,44,131,16,115,46.963562753036435,29.1497975708502,17.813765182186234,53.036437246963565,6.477732793522267,46.558704453441294
E00154256,224,45,15,30,179,16,163,20.089285714285715,6.696428571428571,13.392857142857142,79.91071428571429,7.142857142857142,72.76785714285714
E00154257,362,69,36,33,293,17,276,19.060773480662984,9.94475138121547,9.116022099447514,80.93922651933701,4.696132596685083,76.24309392265194
E00154258,283,51,22,29,232,24,208,18.021201413427562,7.773851590106007,10.247349823321555,81.97879858657244,8.480565371024735,73.4982332155477
E00154259,327,64,25,39,263,18,245,19.571865443425075,7.64525993883792,11.926605504587156,80.42813455657493,5.5045871559633035,74.92354740061162
E00154260,437,85,35,50,352,21,331,19.450800915331808,8.009153318077804,11.441647597254006,80.54919908466819,4.805491990846682,75.74370709382151
E00154261,315,75,30,45,240,23,217,23.809523809523807,9.523809523809524,14.285714285714285,76.19047619047619,7.301587301587302,68.88888888888889
E00154262,259,37,12,25,222,17,205,14.285714285714285,4.633204633204633,9.652509652509652,85.71428571428571,6.563706563706563,79.15057915057915
E00154263,288,63,28,35,225,23,202,21.875,9.722222222222223,12.152777777777777,78.125,7.986111111111111,70.13888888888889
E00154264,205,50,17,33,155,13,142,24.390243902439025,8.292682926829269,16.097560975609756,75.60975609756098,6.341463414634147,69.26829268292683
E00154265,358,74,28,46,284,21,263,20.670391061452513,7.82122905027933,12.849162011173185,79.3296089385475,5.865921787709497,73.46368715083798
E00154266,245,72,25,47,173,27,146,29.38775510204082,10.204081632653061,19.183673469387756,70.61224489795919,11.020408163265307,59.591836734693885
E00154267,401,142,73,69,259,37,222,35.41147132169576,18.204488778054863,17.206982543640898,64.58852867830423,9.226932668329177,55.36159600997507
E00154268,310,78,34,44,232,28,204,25.161290322580644,10.967741935483872,14.193548387096774,74.83870967741936,9.032258064516128,65.80645161290323
E00154269,285,55,25,30,230,19,211,19.298245614035086,8.771929824561402,10.526315789473683,80.7017543859649,6.666666666666667,74.03508771929825
E00154270,258,58,25,33,200,15,185,22.48062015503876,9.689922480620156,12.790697674418606,77.51937984496125,5.813953488372093,71.70542635658916
E00154271,311,133,78,55,178,27,151,42.765273311897104,25.080385852090032,17.684887459807076,57.234726688102896,8.681672025723474,48.55305466237942
E00154272,399,113,48,65,286,16,270,28.32080200501253,12.030075187969924,16.290726817042607,71.67919799498746,4.010025062656641,67.66917293233082
E00154273,251,69,30,39,182,13,169,27.490039840637447,11.952191235059761,15.53784860557769,72.50996015936255,5.179282868525896,67.33067729083665
E00154274,329,75,29,46,254,31,223,22.796352583586625,8.814589665653495,13.98176291793313,77.20364741641338,9.422492401215806,67.78115501519757
E00154275,294,94,39,55,200,17,183,31.97278911564626,13.26530612244898,18.70748299319728,68.02721088435374,5.782312925170068,62.244897959183675
E00154276,289,71,34,37,218,18,200,24.567474048442904,11.76470588235294,12.802768166089965,75.4325259515571,6.228373702422145,69.20415224913495
E00154277,260,57,28,29,203,23,180,21.923076923076923,10.76923076923077,11.153846153846155,78.07692307692308,8.846153846153847,69.23076923076923
E00154278,300,64,30,34,236,30,206,21.333333333333336,10,11.333333333333332,78.66666666666666,10,68.66666666666667
E00154279,261,64,29,35,197,16,181,24.521072796934863,11.11111111111111,13.409961685823754,75.47892720306514,6.130268199233716,69.34865900383141
E00154280,294,57,27,30,237,22,215,19.387755102040817,9.183673469387756,10.204081632653061,80.61224489795919,7.482993197278912,73.12925170068027
E00154281,328,77,30,47,251,24,227,23.47560975609756,9.146341463414634,14.329268292682926,76.52439024390245,7.317073170731707,69.20731707317073
E00154282,193,92,50,42,101,23,78,47.66839378238342,25.906735751295333,21.761658031088082,52.331606217616574,11.917098445595855,40.41450777202073
E00154283,238,68,25,43,170,13,157,28.57142857142857,10.504201680672269,18.067226890756302,71.42857142857143,5.46218487394958,65.96638655462185
E00154284,403,98,42,56,305,18,287,24.317617866004962,10.421836228287841,13.895781637717123,75.68238213399503,4.466501240694789,71.21588089330024
E00154285,266,90,41,49,176,18,158,33.83458646616541,15.413533834586465,18.421052631578945,66.16541353383458,6.7669172932330826,59.3984962406015
E00154287,303,96,46,50,207,17,190,31.683168316831683,15.181518151815181,16.5016501650165,68.31683168316832,5.6105610561056105,62.70627062706271
E00154288,267,63,33,30,204,16,188,23.595505617977526,12.359550561797752,11.235955056179774,76.40449438202246,5.992509363295881,70.4119850187266
E00154289,253,87,52,35,166,19,147,34.387351778656125,20.55335968379447,13.83399209486166,65.61264822134387,7.5098814229249005,58.10276679841897
E00154290,309,95,45,50,214,17,197,30.74433656957929,14.563106796116504,16.181229773462782,69.25566343042071,5.501618122977346,63.75404530744336
E00154291,264,62,23,39,202,21,181,23.484848484848484,8.712121212121213,14.772727272727273,76.51515151515152,7.954545454545454,68.56060606060606
E00154292,417,107,54,53,310,25,285,25.65947242206235,12.949640287769784,12.709832134292565,74.34052757793765,5.995203836930456,68.34532374100719
E00154293,273,57,27,30,216,17,199,20.87912087912088,9.89010989010989,10.989010989010989,79.12087912087912,6.227106227106227,72.89377289377289
E00154294,267,73,37,36,194,23,171,27.340823970037455,13.857677902621724,13.48314606741573,72.65917602996255,8.614232209737828,64.04494382022472
E00154295,362,79,35,44,283,22,261,21.823204419889503,9.668508287292818,12.154696132596685,78.1767955801105,6.077348066298343,72.09944751381215
E00154296,262,68,29,39,194,22,172,25.954198473282442,11.068702290076336,14.885496183206106,74.04580152671755,8.396946564885496,65.64885496183206
E00154297,262,46,19,27,216,17,199,17.557251908396946,7.251908396946565,10.305343511450381,82.44274809160305,6.488549618320611,75.95419847328245
E00154298,511,108,40,68,403,43,360,21.135029354207436,7.8277886497064575,13.307240704500977,78.86497064579257,8.414872798434441,70.45009784735812
E00154299,334,89,37,52,245,25,220,26.646706586826348,11.077844311377245,15.568862275449103,73.35329341317365,7.48502994011976,65.86826347305389
E00154301,217,68,35,33,149,14,135,31.336405529953915,16.129032258064516,15.207373271889402,68.66359447004609,6.451612903225806,62.21198156682027
E00154302,241,74,26,48,167,32,135,30.70539419087137,10.78838174273859,19.91701244813278,69.29460580912863,13.278008298755188,56.016597510373444
E00154303,215,77,38,39,138,23,115,35.81395348837209,17.674418604651162,18.13953488372093,64.18604651162791,10.69767441860465,53.48837209302325
E00154304,250,104,58,46,146,23,123,41.6,23.200000000000003,18.4,58.4,9.2,49.2
E00154305,286,73,29,44,213,9,204,25.524475524475527,10.13986013986014,15.384615384615385,74.47552447552448,3.146853146853147,71.32867132867133
E00154306,224,53,24,29,171,17,154,23.660714285714285,10.714285714285714,12.946428571428573,76.33928571428571,7.5892857142857135,68.75
E00154307,279,100,38,62,179,18,161,35.842293906810035,13.620071684587815,22.22222222222222,64.15770609318996,6.451612903225806,57.70609318996416
E00154308,236,53,23,30,183,23,160,22.45762711864407,9.745762711864407,12.711864406779661,77.54237288135593,9.745762711864407,67.79661016949152
E00154309,228,59,24,35,169,28,141,25.877192982456144,10.526315789473683,15.350877192982457,74.12280701754386,12.280701754385964,61.8421052631579
E00154310,357,95,43,52,262,16,246,26.610644257703083,12.044817927170868,14.565826330532214,73.38935574229691,4.481792717086835,68.90756302521008
E00154311,235,65,32,33,170,20,150,27.659574468085108,13.617021276595745,14.042553191489363,72.3404255319149,8.51063829787234,63.829787234042556
E00154312,267,45,12,33,222,25,197,16.853932584269664,4.49438202247191,12.359550561797752,83.14606741573034,9.363295880149813,73.78277153558052
E00154313,253,79,46,33,174,16,158,31.225296442687743,18.181818181818183,13.043478260869565,68.77470355731225,6.324110671936759,62.450592885375485
E00154314,247,78,41,37,169,17,152,31.57894736842105,16.599190283400812,14.979757085020243,68.42105263157895,6.882591093117409,61.53846153846154
E00154315,296,79,42,37,217,22,195,26.68918918918919,14.18918918918919,12.5,73.3108108108108,7.4324324324324325,65.87837837837837
E00154316,210,86,43,43,124,15,109,40.95238095238095,20.476190476190474,20.476190476190474,59.04761904761905,7.142857142857142,51.90476190476191
E00154317,261,112,46,66,149,18,131,42.911877394636015,17.624521072796934,25.287356321839084,57.08812260536399,6.896551724137931,50.191570881226056
E00154318,334,80,49,31,254,19,235,23.952095808383234,14.67065868263473,9.281437125748502,76.04790419161677,5.688622754491018,70.35928143712576
E00154319,348,68,26,42,280,28,252,19.54022988505747,7.471264367816093,12.068965517241379,80.45977011494253,8.045977011494253,72.41379310344827
E00154320,291,68,27,41,223,21,202,23.367697594501717,9.278350515463918,14.0893470790378,76.6323024054983,7.216494845360824,69.41580756013745
E00154321,271,53,19,34,218,25,193,19.557195571955717,7.011070110701106,12.546125461254611,80.44280442804428,9.22509225092251,71.21771217712177
E00154322,302,61,21,40,241,29,212,20.198675496688743,6.95364238410596,13.245033112582782,79.80132450331125,9.602649006622517,70.19867549668875
E00154323,354,105,57,48,249,16,233,29.66101694915254,16.101694915254235,13.559322033898304,70.33898305084746,4.519774011299435,65.81920903954803
E00154324,214,56,20,36,158,17,141,26.168224299065418,9.345794392523365,16.822429906542055,73.83177570093457,7.943925233644859,65.88785046728972
E00154325,289,73,30,43,216,21,195,25.259515570934255,10.380622837370241,14.878892733564014,74.74048442906575,7.26643598615917,67.47404844290658
E00154326,343,77,38,39,266,22,244,22.448979591836736,11.078717201166182,11.370262390670554,77.55102040816327,6.41399416909621,71.13702623906705
E00154327,286,52,22,30,234,15,219,18.181818181818183,7.6923076923076925,10.48951048951049,81.81818181818183,5.244755244755245,76.57342657342657
E00154328,297,73,29,44,224,33,191,24.579124579124578,9.764309764309765,14.814814814814813,75.42087542087542,11.11111111111111,64.3097643097643
E00154329,270,64,19,45,206,24,182,23.703703703703706,7.037037037037037,16.666666666666664,76.29629629629629,8.88888888888889,67.4074074074074
E00154330,337,71,32,39,266,15,251,21.068249258160236,9.495548961424333,11.572700296735905,78.93175074183976,4.451038575667656,74.4807121661721
E00154331,256,92,45,47,164,18,146,35.9375,17.578125,18.359375,64.0625,7.03125,57.03125
E00154332,270,51,24,27,219,15,204,18.88888888888889,8.88888888888889,10,81.11111111111111,5.555555555555555,75.55555555555556
E00154333,302,65,24,41,237,24,213,21.52317880794702,7.9470198675496695,13.57615894039735,78.47682119205298,7.9470198675496695,70.52980132450331
E00154334,330,118,55,63,212,25,187,35.75757575757576,16.666666666666664,19.090909090909093,64.24242424242425,7.575757575757576,56.666666666666664
E00154335,263,52,23,29,211,22,189,19.771863117870723,8.745247148288973,11.02661596958175,80.22813688212928,8.365019011406844,71.86311787072243
E00154336,308,166,101,65,142,15,127,53.896103896103895,32.7922077922078,21.1038961038961,46.103896103896105,4.870129870129871,41.23376623376623
E00154337,331,66,26,40,265,23,242,19.939577039274926,7.854984894259818,12.084592145015106,80.06042296072508,6.948640483383686,73.111782477341393
E00154338,320,125,64,61,195,22,173,39.0625,20,19.0625,60.9375,6.875000000000001,54.0625
E00154339,349,54,18,36,295,22,273,15.472779369627506,5.157593123209169,10.315186246418339,84.5272206303725,6.303724928366762,78.22349570200574
E00154340,311,36,17,19,275,21,254,11.57556270096463,5.466237942122187,6.109324758842444,88.42443729903538,6.752411575562702,81.67202572347267
E00154341,301,51,23,28,250,25,225,16.943521594684384,7.641196013289036,9.30232558139535,83.05647840531562,8.305647840531561,74.75083056478405
E00154343,348,98,57,41,250,22,228,28.160919540229884,16.379310344827587,11.781609195402298,71.83908045977012,6.321839080459771,65.51724137931035
E00154344,144,32,16,16,112,10,102,22.22222222222222,11.11111111111111,11.11111111111111,77.77777777777779,6.944444444444445,70.83333333333334
E00154345,205,40,11,29,165,20,145,19.51219512195122,5.365853658536586,14.146341463414632,80.48780487804879,9.75609756097561,70.73170731707317
E00154346,189,37,13,24,152,12,140,19.576719576719576,6.878306878306878,12.698412698412698,80.42328042328042,6.349206349206349,74.07407407407408
E00154347,282,42,18,24,240,18,222,14.893617021276595,6.382978723404255,8.51063829787234,85.1063829787234,6.382978723404255,78.72340425531915
E00154348,307,59,23,36,248,19,229,19.218241042345277,7.491856677524431,11.726384364820847,80.78175895765473,6.188925081433225,74.5928338762215
E00154349,310,101,43,58,209,15,194,32.58064516129032,13.870967741935484,18.70967741935484,67.41935483870968,4.838709677419355,62.58064516129033
E00154350,316,66,27,39,250,26,224,20.88607594936709,8.544303797468354,12.341772151898734,79.11392405063292,8.227848101265822,70.88607594936708
E00154351,299,68,31,37,231,21,210,22.74247491638796,10.367892976588628,12.37458193979933,77.25752508361204,7.023411371237458,70.23411371237458
E00154352,285,68,26,42,217,19,198,23.859649122807017,9.12280701754386,14.736842105263156,76.14035087719299,6.666666666666667,69.47368421052632
E00154353,276,85,40,45,191,22,169,30.79710144927536,14.492753623188406,16.304347826086957,69.20289855072464,7.971014492753622,61.23188405797102
E00154354,281,65,29,36,216,17,199,23.131672597864767,10.320284697508896,12.811387900355871,76.86832740213522,6.049822064056939,70.8185053380783
E00154355,318,91,37,54,227,24,203,28.61635220125786,11.635220125786164,16.9811320754717,71.38364779874213,7.547169811320755,63.83647798742138
E00154356,330,57,17,40,273,19,254,17.272727272727273,5.151515151515151,12.121212121212121,82.72727272727273,5.757575757575758,76.96969696969697
E00154357,250,78,46,32,172,18,154,31.2,18.4,12.8,68.8,7.199999999999999,61.6
E00154358,353,97,45,52,256,27,229,27.47875354107649,12.747875354107649,14.730878186968837,72.52124645892351,7.64872521246459,64.87252124645893
E00154359,293,103,54,49,190,23,167,35.153583617747444,18.43003412969283,16.723549488054605,64.84641638225256,7.849829351535837,56.996587030716725
E00154360,300,72,25,47,228,19,209,24,8.333333333333332,15.666666666666668,76,6.333333333333334,69.66666666666667
E00154361,320,74,33,41,246,23,223,23.125,10.3125,12.812499999999998,76.875,7.187499999999999,69.6875
E00154362,314,65,23,42,249,20,229,20.70063694267516,7.32484076433121,13.375796178343949,79.29936305732484,6.369426751592357,72.92993630573248
E00154363,293,83,30,53,210,15,195,28.327645051194537,10.238907849829351,18.088737201365188,71.67235494880546,5.1194539249146755,66.55290102389078
E00154364,280,55,20,35,225,17,208,19.642857142857142,7.142857142857142,12.5,80.35714285714286,6.071428571428571,74.28571428571429
E00154365,279,118,58,60,161,13,148,42.29390681003584,20.78853046594982,21.50537634408602,57.70609318996416,4.659498207885305,53.04659498207885
E00154366,248,66,32,34,182,18,164,26.61290322580645,12.903225806451612,13.709677419354838,73.38709677419355,7.258064516129033,66.12903225806451
E00154367,198,36,9,27,162,19,143,18.181818181818183,4.545454545454546,13.636363636363635,81.81818181818183,9.595959595959595,72.22222222222221
E00154368,210,75,35,40,135,12,123,35.714285714285715,16.666666666666664,19.047619047619047,64.28571428571429,5.714285714285714,58.57142857142858
E00154369,241,64,22,42,177,17,160,26.556016597510375,9.12863070539419,17.42738589211618,73.44398340248964,7.053941908713693,66.39004149377593
E00154370,293,58,20,38,235,24,211,19.795221843003414,6.825938566552901,12.969283276450511,80.2047781569966,8.19112627986348,72.01365187713311
E00154371,341,82,33,49,259,19,240,24.04692082111437,9.67741935483871,14.369501466275661,75.95307917888563,5.571847507331378,70.38123167155426
E00154372,326,44,16,28,282,34,248,13.496932515337424,4.9079754601226995,8.588957055214724,86.50306748466258,10.429447852760736,76.07361963190185
E00154373,357,37,12,25,320,20,300,10.364145658263306,3.361344537815126,7.002801120448179,89.6358543417367,5.602240896358544,84.03361344537815
E00154374,332,59,23,36,273,28,245,17.771084337349397,6.927710843373494,10.843373493975903,82.2289156626506,8.433734939759036,73.79518072289156
E00154375,302,70,31,39,232,24,208,23.178807947019866,10.264900662251655,12.91390728476821,76.82119205298014,7.9470198675496695,68.87417218543047
E00154377,257,47,23,24,210,15,195,18.28793774319066,8.949416342412452,9.33852140077821,81.71206225680933,5.836575875486381,75.87548638132296
E00154378,337,62,21,41,275,25,250,18.397626112759642,6.231454005934718,12.166172106824925,81.60237388724035,7.418397626112759,74.1839762611276
E00154379,255,78,34,44,177,16,161,30.58823529411765,13.333333333333334,17.254901960784313,69.41176470588235,6.2745098039215685,63.13725490196078
E00154380,395,58,25,33,337,29,308,14.683544303797468,6.329113924050633,8.354430379746836,85.31645569620252,7.341772151898734,77.9746835443038
E00154381,269,40,17,23,229,24,205,14.869888475836431,6.319702602230483,8.550185873605948,85.13011152416357,8.921933085501859,76.2081784386617
E00154382,251,85,46,39,166,17,149,33.86454183266932,18.326693227091635,15.53784860557769,66.13545816733067,6.772908366533864,59.36254980079681
E00154383,499,119,67,52,380,39,341,23.847695390781563,13.426853707414828,10.420841683366733,76.15230460921843,7.8156312625250495,68.33667334669339
E00154384,267,71,28,43,196,13,183,26.591760299625467,10.486891385767791,16.10486891385768,73.40823970037454,4.868913857677903,68.53932584269663
E00154385,267,62,25,37,205,19,186,23.220973782771537,9.363295880149813,13.857677902621724,76.77902621722846,7.116104868913857,69.66292134831461
E00154386,288,64,25,39,224,31,193,22.22222222222222,8.680555555555555,13.541666666666666,77.77777777777779,10.76388888888889,67.01388888888889
E00154387,301,51,22,29,250,31,219,16.943521594684384,7.308970099667775,9.634551495016613,83.05647840531562,10.299003322259136,72.75747508305648
E00154388,324,53,24,29,271,16,255,16.358024691358025,7.4074074074074066,8.950617283950617,83.64197530864197,4.938271604938271,78.70370370370371
E00154389,332,77,35,42,255,17,238,23.19277108433735,10.542168674698797,12.650602409638553,76.80722891566265,5.120481927710843,71.6867469879518
E00154390,346,123,59,64,223,10,213,35.54913294797688,17.052023121387283,18.497109826589593,64.45086705202311,2.8901734104046244,61.5606936416185
E00154391,237,53,23,30,184,30,154,22.362869198312236,9.70464135021097,12.658227848101266,77.63713080168776,12.658227848101266,64.9789029535865
E00154392,166,44,18,26,122,17,105,26.506024096385545,10.843373493975903,15.66265060240964,73.49397590361446,10.240963855421686,63.25301204819277
E00154393,208,57,18,39,151,23,128,27.403846153846157,8.653846153846153,18.75,72.59615384615384,11.057692307692307,61.53846153846154
E00154394,216,48,24,24,168,10,158,22.22222222222222,11.11111111111111,11.11111111111111,77.77777777777779,4.62962962962963,73.14814814814815
E00154395,188,61,24,37,127,8,119,32.4468085106383,12.76595744680851,19.680851063829788,67.5531914893617,4.25531914893617,63.297872340425535
E00154396,284,66,26,40,218,19,199,23.239436619718308,9.15492957746479,14.084507042253522,76.76056338028168,6.690140845070422,70.07042253521126
E00154397,235,53,28,25,182,20,162,22.5531914893617,11.914893617021278,10.638297872340425,77.4468085106383,8.51063829787234,68.93617021276596
E00154398,374,122,78,44,252,21,231,32.62032085561498,20.855614973262032,11.76470588235294,67.37967914438502,5.614973262032086,61.76470588235294
E00154399,283,51,21,30,232,19,213,18.021201413427562,7.420494699646643,10.60070671378092,81.97879858657244,6.713780918727916,75.26501766784452
E00154400,300,58,28,30,242,23,219,19.333333333333332,9.333333333333334,10,80.66666666666666,7.666666666666666,73
E00154401,263,45,20,25,218,25,193,17.110266159695815,7.604562737642586,9.505703422053232,82.88973384030417,9.505703422053232,73.38403041825094
E00154402,277,59,30,29,218,18,200,21.299638989169676,10.830324909747292,10.469314079422382,78.70036101083032,6.4981949458483745,72.20216606498195
E00154403,278,65,28,37,213,20,193,23.381294964028775,10.071942446043165,13.309352517985612,76.61870503597122,7.1942446043165464,69.42446043165468
E00154404,228,88,40,48,140,11,129,38.59649122807017,17.543859649122805,21.052631578947366,61.40350877192983,4.824561403508771,56.57894736842105
E00154405,303,67,40,27,236,17,219,22.112211221122113,13.2013201320132,8.91089108910891,77.88778877887789,5.6105610561056105,72.27722772277228
E00154406,272,58,27,31,214,27,187,21.323529411764707,9.926470588235293,11.397058823529411,78.67647058823529,9.926470588235293,68.75
E00154407,269,64,26,38,205,19,186,23.79182156133829,9.66542750929368,14.12639405204461,76.2081784386617,7.063197026022305,69.14498141263941
E00154408,195,49,27,22,146,14,132,25.128205128205128,13.846153846153847,11.282051282051283,74.87179487179488,7.179487179487179,67.6923076923077
E00154409,243,58,21,37,185,22,163,23.868312757201647,8.641975308641975,15.22633744855967,76.13168724279835,9.053497942386832,67.07818930041152
E00154410,234,50,18,32,184,13,171,21.367521367521366,7.6923076923076925,13.675213675213676,78.63247863247864,5.555555555555555,73.07692307692307
E00154411,286,89,39,50,197,19,178,31.11888111888112,13.636363636363635,17.482517482517483,68.88111888111888,6.643356643356643,62.23776223776224
E00154412,248,47,25,22,201,24,177,18.951612903225808,10.080645161290322,8.870967741935484,81.04838709677419,9.67741935483871,71.37096774193549
E00154413,254,44,14,30,210,26,184,17.322834645669293,5.511811023622047,11.811023622047244,82.67716535433071,10.236220472440944,72.44094488188976
E00154414,212,56,27,29,156,8,148,26.41509433962264,12.735849056603774,13.679245283018867,73.58490566037736,3.7735849056603774,69.81132075471697
E00154415,223,61,23,38,162,18,144,27.3542600896861,10.31390134529148,17.040358744394617,72.6457399103139,8.071748878923767,64.57399103139014
E00154416,279,45,19,26,234,23,211,16.129032258064516,6.810035842293908,9.31899641577061,83.87096774193549,8.24372759856631,75.62724014336918
E00154417,334,57,21,36,277,29,248,17.065868263473057,6.287425149700598,10.778443113772456,82.93413173652695,8.682634730538922,74.25149700598801
E00154418,262,62,24,38,200,20,180,23.66412213740458,9.16030534351145,14.50381679389313,76.33587786259542,7.633587786259542,68.70229007633588
E00154419,251,48,20,28,203,15,188,19.12350597609562,7.968127490039841,11.155378486055776,80.87649402390437,5.9760956175298805,74.9003984063745
E00154420,181,67,25,42,114,23,91,37.01657458563536,13.812154696132598,23.204419889502763,62.98342541436463,12.70718232044199,50.27624309392266
E00154421,182,45,22,23,137,18,119,24.725274725274726,12.087912087912088,12.637362637362637,75.27472527472527,9.89010989010989,65.38461538461539
E00154422,209,118,65,53,91,9,82,56.45933014354066,31.100478468899524,25.358851674641148,43.54066985645933,4.30622009569378,39.23444976076555
E00154423,290,69,24,45,221,24,197,23.79310344827586,8.275862068965518,15.517241379310345,76.20689655172413,8.275862068965518,67.93103448275862
E00154424,231,43,17,26,188,15,173,18.614718614718615,7.35930735930736,11.255411255411255,81.38528138528139,6.493506493506493,74.89177489177489
E00154425,376,78,41,37,298,32,266,20.74468085106383,10.904255319148938,9.840425531914894,79.25531914893617,8.51063829787234,70.74468085106383
E00154426,265,56,14,42,209,19,190,21.132075471698116,5.283018867924529,15.849056603773585,78.8679245283019,7.169811320754717,71.69811320754717
E00154427,258,47,23,24,211,10,201,18.217054263565892,8.914728682170542,9.30232558139535,81.78294573643412,3.875968992248062,77.90697674418605
E00154428,209,63,32,31,146,16,130,30.14354066985646,15.311004784688995,14.832535885167463,69.85645933014354,7.655502392344498,62.20095693779905
E00154429,455,162,100,62,293,27,266,35.604395604395606,21.978021978021978,13.626373626373626,64.3956043956044,5.934065934065933,58.46153846153847
E00154430,332,68,27,41,264,22,242,20.481927710843372,8.132530120481928,12.349397590361445,79.51807228915662,6.626506024096386,72.89156626506023
E00154431,378,84,36,48,294,21,273,22.22222222222222,9.523809523809524,12.698412698412698,77.77777777777779,5.555555555555555,72.22222222222221
E00154432,298,73,23,50,225,15,210,24.496644295302016,7.718120805369128,16.778523489932887,75.50335570469798,5.033557046979865,70.46979865771812
E00154433,509,68,25,43,441,45,396,13.359528487229863,4.911591355599214,8.447937131630647,86.64047151277013,8.840864440078585,77.79960707269156
E00154434,314,77,32,45,237,18,219,24.522292993630572,10.191082802547772,14.331210191082802,75.47770700636943,5.7324840764331215,69.7452229299363
E00154435,354,77,40,37,277,20,257,21.75141242937853,11.299435028248588,10.451977401129943,78.24858757062147,5.649717514124294,72.59887005649718
E00154436,305,49,17,32,256,15,241,16.065573770491802,5.573770491803279,10.491803278688524,83.93442622950819,4.918032786885246,79.01639344262294
E00154437,316,68,23,45,248,16,232,21.518987341772153,7.2784810126582276,14.240506329113925,78.48101265822784,5.063291139240507,73.41772151898735
E00154438,257,56,21,35,201,22,179,21.78988326848249,8.171206225680933,13.618677042801556,78.21011673151752,8.560311284046692,69.64980544747081
E00154439,246,100,58,42,146,16,130,40.65040650406504,23.577235772357724,17.073170731707318,59.34959349593496,6.504065040650407,52.84552845528455
E00154440,326,85,41,44,241,19,222,26.07361963190184,12.576687116564417,13.496932515337424,73.92638036809815,5.828220858895705,68.09815950920245
E00154441,229,62,24,38,167,22,145,27.074235807860266,10.480349344978166,16.593886462882097,72.92576419213974,9.606986899563319,63.31877729257642
E00154442,306,39,9,30,267,17,250,12.745098039215685,2.941176470588235,9.803921568627452,87.25490196078431,5.555555555555555,81.69934640522875
E00154443,247,60,23,37,187,26,161,24.291497975708502,9.31174089068826,14.979757085020243,75.7085020242915,10.526315789473683,65.18218623481782
E00154444,268,52,16,36,216,25,191,19.402985074626866,5.970149253731343,13.432835820895523,80.59701492537313,9.328358208955224,71.26865671641791
E00154445,306,89,36,53,217,14,203,29.08496732026144,11.76470588235294,17.320261437908496,70.91503267973856,4.57516339869281,66.33986928104575
E00154446,291,62,24,38,229,16,213,21.305841924398624,8.24742268041237,13.058419243986256,78.69415807560138,5.498281786941581,73.19587628865979
E00154447,323,79,36,43,244,14,230,24.458204334365323,11.145510835913312,13.312693498452013,75.54179566563467,4.3343653250774,71.20743034055728
E00154448,247,68,40,28,179,17,162,27.530364372469634,16.194331983805668,11.336032388663968,72.46963562753037,6.882591093117409,65.58704453441295
E00154449,279,73,29,44,206,24,182,26.16487455197133,10.39426523297491,15.770609318996415,73.83512544802868,8.60215053763441,65.23297491039428
E00154450,213,77,47,30,136,15,121,36.15023474178404,22.065727699530516,14.084507042253522,63.84976525821596,7.042253521126761,56.8075117370892
E00154451,281,73,40,33,208,23,185,25.97864768683274,14.23487544483986,11.743772241992882,74.02135231316726,8.185053380782918,65.83629893238434
E00154453,301,70,31,39,231,18,213,23.25581395348837,10.299003322259136,12.956810631229235,76.74418604651163,5.980066445182724,70.7641196013289
E00154454,323,79,28,51,244,19,225,24.458204334365323,8.6687306501548,15.789473684210526,75.54179566563467,5.88235294117647,69.65944272445822
E00154455,323,83,40,43,240,22,218,25.696594427244584,12.38390092879257,13.312693498452013,74.30340557275542,6.811145510835913,67.49226006191951
E00154456,193,39,13,26,154,12,142,20.207253886010363,6.7357512953367875,13.471502590673575,79.79274611398964,6.217616580310881,73.57512953367875
E00154457,258,45,22,23,213,30,183,17.441860465116278,8.527131782945736,8.914728682170542,82.55813953488372,11.627906976744185,70.93023255813954
E00154458,218,51,9,42,167,18,149,23.394495412844037,4.128440366972478,19.26605504587156,76.60550458715596,8.256880733944955,68.34862385321101
E00154459,352,76,17,59,276,31,245,21.59090909090909,4.829545454545454,16.761363636363637,78.4090909090909,8.806818181818182,69.60227272727273
E00154460,176,30,4,26,146,13,133,17.045454545454543,2.272727272727273,14.772727272727273,82.95454545454545,7.386363636363637,75.56818181818183
E00154461,225,58,18,40,167,17,150,25.77777777777778,8,17.77777777777778,74.22222222222223,7.555555555555555,66.66666666666666
E00154462,176,33,12,21,143,18,125,18.75,6.8181818181818175,11.931818181818182,81.25,10.227272727272728,71.02272727272727
E00154463,138,40,11,29,98,13,85,28.985507246376812,7.971014492753622,21.014492753623188,71.01449275362319,9.420289855072465,61.59420289855072
E00154464,123,25,9,16,98,11,87,20.32520325203252,7.317073170731707,13.008130081300814,79.67479674796748,8.94308943089431,70.73170731707317
E00154465,177,34,9,25,143,14,129,19.2090395480226,5.084745762711865,14.124293785310735,80.7909604519774,7.909604519774012,72.88135593220339
E00154466,186,47,18,29,139,19,120,25.268817204301076,9.67741935483871,15.591397849462366,74.73118279569893,10.21505376344086,64.51612903225806
E00154467,121,33,15,18,88,9,79,27.27272727272727,12.396694214876034,14.87603305785124,72.72727272727273,7.43801652892562,65.28925619834712
E00154468,203,61,29,32,142,17,125,30.049261083743843,14.285714285714285,15.763546798029557,69.95073891625616,8.374384236453201,61.57635467980296
E00154469,279,39,8,31,240,21,219,13.978494623655912,2.867383512544803,11.11111111111111,86.02150537634408,7.526881720430108,78.49462365591397
E00154470,182,43,20,23,139,26,113,23.626373626373624,10.989010989010989,12.637362637362637,76.37362637362637,14.285714285714285,62.08791208791209
E00154471,300,37,16,21,263,32,231,12.333333333333334,5.333333333333334,7.000000000000001,87.66666666666667,10.666666666666668,77
E00154472,281,56,16,40,225,16,209,19.9288256227758,5.6939501779359425,14.23487544483986,80.0711743772242,5.6939501779359425,74.37722419928826
E00154473,184,23,7,16,161,16,145,12.5,3.804347826086957,8.695652173913043,87.5,8.695652173913043,78.80434782608695
E00154474,204,37,13,24,167,16,151,18.137254901960784,6.372549019607843,11.76470588235294,81.86274509803921,7.8431372549019605,74.01960784313727
E00154475,182,44,24,20,138,13,125,24.175824175824175,13.186813186813188,10.989010989010989,75.82417582417582,7.142857142857142,68.68131868131869
E00154476,231,39,18,21,192,14,178,16.883116883116884,7.792207792207792,9.090909090909092,83.11688311688312,6.0606060606060606,77.05627705627705
E00154477,163,31,14,17,132,12,120,19.018404907975462,8.588957055214724,10.429447852760736,80.98159509202453,7.361963190184049,73.61963190184049
E00154478,249,50,21,29,199,25,174,20.080321285140563,8.433734939759036,11.646586345381527,79.91967871485943,10.040160642570282,69.87951807228916
E00154479,212,37,10,27,175,20,155,17.452830188679243,4.716981132075472,12.735849056603774,82.54716981132076,9.433962264150944,73.11320754716981
E00154480,187,37,8,29,150,23,127,19.786096256684495,4.27807486631016,15.508021390374333,80.21390374331551,12.299465240641712,67.9144385026738
E00154481,249,38,9,29,211,19,192,15.261044176706829,3.614457831325301,11.646586345381527,84.73895582329317,7.630522088353414,77.10843373493977
E00154482,215,40,23,17,175,16,159,18.6046511627907,10.69767441860465,7.906976744186046,81.3953488372093,7.441860465116279,73.95348837209302
E00154483,137,24,6,18,113,12,101,17.51824817518248,4.37956204379562,13.138686131386862,82.48175182481752,8.75912408759124,73.72262773722628
E00154484,331,50,12,38,281,26,255,15.105740181268882,3.625377643504532,11.48036253776435,84.89425981873111,7.854984894259818,77.0392749244713
E00154485,157,28,11,17,129,16,113,17.8343949044586,7.006369426751593,10.828025477707007,82.16560509554141,10.191082802547772,71.97452229299363
E00154486,136,17,7,10,119,7,112,12.5,5.147058823529411,7.352941176470589,87.5,5.147058823529411,82.35294117647058
E00154487,112,21,6,15,91,4,87,18.75,5.357142857142857,13.392857142857142,81.25,3.571428571428571,77.67857142857143
E00154488,218,51,14,37,167,28,139,23.394495412844037,6.422018348623854,16.972477064220186,76.60550458715596,12.844036697247708,63.76146788990825
E00154489,149,34,18,16,115,9,106,22.818791946308725,12.080536912751679,10.738255033557047,77.18120805369128,6.0402684563758395,71.14093959731544
E00154490,229,53,21,32,176,12,164,23.144104803493452,9.170305676855897,13.973799126637553,76.85589519650655,5.240174672489083,71.61572052401746
E00154491,271,89,47,42,182,12,170,32.84132841328413,17.343173431734318,15.498154981549817,67.15867158671587,4.428044280442804,62.73062730627307
E00154492,255,61,25,36,194,15,179,23.92156862745098,9.803921568627452,14.117647058823529,76.07843137254902,5.88235294117647,70.19607843137254
E00154493,283,66,31,35,217,22,195,23.32155477031802,10.954063604240282,12.36749116607774,76.67844522968198,7.773851590106007,68.90459363957598
E00154494,253,61,24,37,192,17,175,24.110671936758894,9.486166007905137,14.624505928853754,75.8893280632411,6.719367588932807,69.1699604743083
E00154495,235,78,44,34,157,14,143,33.191489361702125,18.72340425531915,14.468085106382977,66.80851063829788,5.957446808510639,60.851063829787236
E00154496,307,60,22,38,247,22,225,19.54397394136808,7.166123778501629,12.37785016286645,80.45602605863192,7.166123778501629,73.28990228013029
E00154497,177,45,19,26,132,15,117,25.423728813559322,10.734463276836157,14.689265536723164,74.57627118644068,8.47457627118644,66.10169491525424
E00154498,300,53,21,32,247,27,220,17.666666666666668,7.000000000000001,10.666666666666668,82.33333333333334,9,73.33333333333333
E00154499,366,82,31,51,284,23,261,22.404371584699454,8.469945355191257,13.934426229508196,77.59562841530054,6.284153005464481,71.31147540983606
E00154500,258,53,20,33,205,23,182,20.54263565891473,7.751937984496124,12.790697674418606,79.45736434108527,8.914728682170542,70.54263565891473
E00154501,239,62,22,40,177,18,159,25.94142259414226,9.205020920502092,16.736401673640167,74.05857740585773,7.531380753138076,66.52719665271967
E00154502,299,98,47,51,201,18,183,32.77591973244147,15.719063545150503,17.05685618729097,67.22408026755853,6.0200668896321075,61.20401337792642
E00154503,259,47,15,32,212,22,190,18.146718146718147,5.7915057915057915,12.355212355212355,81.85328185328186,8.494208494208493,73.35907335907336
E00154504,291,67,28,39,224,14,210,23.02405498281787,9.621993127147768,13.402061855670103,76.97594501718214,4.810996563573884,72.16494845360825
E00154505,348,111,53,58,237,20,217,31.896551724137932,15.229885057471265,16.666666666666664,68.10344827586206,5.747126436781609,62.356321839080465
E00154506,244,65,23,42,179,14,165,26.639344262295083,9.426229508196721,17.21311475409836,73.36065573770492,5.737704918032787,67.62295081967213
E00154507,337,59,23,36,278,31,247,17.50741839762611,6.824925816023739,10.682492581602373,82.49258160237389,9.198813056379821,73.29376854599407
E00154508,251,68,30,38,183,7,176,27.091633466135455,11.952191235059761,15.139442231075698,72.90836653386454,2.788844621513944,70.1195219123506
E00154509,400,111,63,48,289,32,257,27.750000000000004,15.75,12,72.25,8,64.25
E00154510,313,85,38,47,228,23,205,27.15654952076677,12.140575079872203,15.015974440894569,72.84345047923323,7.348242811501597,65.49520766773162
E00154511,240,58,31,27,182,15,167,24.166666666666668,12.916666666666668,11.25,75.83333333333333,6.25,69.58333333333333
E00154512,282,83,37,46,199,19,180,29.432624113475175,13.120567375886525,16.312056737588655,70.56737588652481,6.73758865248227,63.829787234042556
E00154513,260,60,31,29,200,22,178,23.076923076923077,11.923076923076923,11.153846153846155,76.92307692307693,8.461538461538462,68.46153846153847
E00154514,222,66,36,30,156,18,138,29.72972972972973,16.216216216216218,13.513513513513514,70.27027027027027,8.108108108108109,62.16216216216216
E00154515,318,59,15,44,259,19,240,18.553459119496853,4.716981132075472,13.836477987421384,81.44654088050315,5.9748427672955975,75.47169811320755
E00154516,348,61,22,39,287,39,248,17.52873563218391,6.321839080459771,11.206896551724139,82.47126436781609,11.206896551724139,71.26436781609196
E00154517,125,34,14,20,91,7,84,27.200000000000003,11.200000000000001,16,72.8,5.6000000000000005,67.2
E00154518,433,90,26,64,343,43,300,20.785219399538107,6.0046189376443415,14.780600461893764,79.21478060046189,9.930715935334874,69.28406466512702
E00154519,301,34,11,23,267,27,240,11.295681063122924,3.6544850498338874,7.641196013289036,88.70431893687709,8.970099667774086,79.734219269103
E00154520,264,36,11,25,228,36,192,13.636363636363635,4.166666666666666,9.469696969696969,86.36363636363636,13.636363636363635,72.72727272727273
E00154521,281,73,28,45,208,28,180,25.97864768683274,9.9644128113879,16.014234875444842,74.02135231316726,9.9644128113879,64.05693950177937
E00154523,257,46,19,27,211,26,185,17.898832684824903,7.392996108949417,10.505836575875486,82.10116731517509,10.116731517509727,71.98443579766537
E00154524,256,61,27,34,195,28,167,23.828125,10.546875,13.28125,76.171875,10.9375,65.234375
E00154525,216,48,19,29,168,18,150,22.22222222222222,8.796296296296296,13.425925925925927,77.77777777777779,8.333333333333332,69.44444444444444
E00154526,333,57,19,38,276,36,240,17.117117117117118,5.7057057057057055,11.411411411411411,82.88288288288288,10.81081081081081,72.07207207207207
E00154527,127,16,8,8,111,6,105,12.598425196850393,6.299212598425196,6.299212598425196,87.4015748031496,4.724409448818897,82.67716535433071
E00154528,268,33,12,21,235,29,206,12.313432835820896,4.477611940298507,7.835820895522389,87.68656716417911,10.820895522388058,76.86567164179104
E00154529,259,79,39,40,180,29,151,30.501930501930502,15.057915057915059,15.444015444015443,69.4980694980695,11.196911196911197,58.301158301158296
E00154530,302,47,19,28,255,19,236,15.562913907284766,6.291390728476822,9.271523178807946,84.43708609271523,6.291390728476822,78.1456953642384
E00154531,122,19,10,9,103,10,93,15.573770491803279,8.19672131147541,7.377049180327869,84.42622950819673,8.19672131147541,76.22950819672131
E00154532,437,117,46,71,320,28,292,26.773455377574372,10.526315789473683,16.247139588100687,73.22654462242562,6.407322654462242,66.81922196796339
E00154533,180,44,27,17,136,21,115,24.444444444444443,15,9.444444444444445,75.55555555555556,11.666666666666666,63.888888888888886
E00154534,431,73,29,44,358,38,320,16.937354988399072,6.728538283062645,10.208816705336426,83.06264501160094,8.816705336426914,74.24593967517401
E00154535,153,25,7,18,128,13,115,16.33986928104575,4.57516339869281,11.76470588235294,83.66013071895425,8.49673202614379,75.16339869281046
E00154536,147,13,7,6,134,15,119,8.843537414965986,4.761904761904762,4.081632653061225,91.15646258503402,10.204081632653061,80.95238095238095
E00154537,248,41,14,27,207,35,172,16.532258064516128,5.64516129032258,10.887096774193548,83.46774193548387,14.112903225806454,69.35483870967742
E00154538,306,56,17,39,250,24,226,18.30065359477124,5.555555555555555,12.745098039215685,81.69934640522875,7.8431372549019605,73.8562091503268
E00154539,321,83,40,43,238,18,220,25.85669781931464,12.461059190031152,13.395638629283487,74.14330218068535,5.607476635514018,68.53582554517133
E00165669,136,28,10,18,108,24,84,20.588235294117645,7.352941176470589,13.23529411764706,79.41176470588235,17.647058823529413,61.76470588235294
E00173862,204,24,9,15,180,16,164,11.76470588235294,4.411764705882353,7.352941176470589,88.23529411764706,7.8431372549019605,80.3921568627451
E00173863,231,28,8,20,203,17,186,12.121212121212121,3.463203463203463,8.658008658008658,87.87878787878788,7.35930735930736,80.51948051948052
E00173864,192,24,6,18,168,17,151,12.5,3.125,9.375,87.5,8.854166666666668,78.64583333333334
E00173865,233,66,22,44,167,23,144,28.32618025751073,9.44206008583691,18.88412017167382,71.67381974248927,9.871244635193133,61.80257510729614
E00173866,237,23,7,16,214,18,196,9.70464135021097,2.9535864978902953,6.751054852320674,90.29535864978902,7.59493670886076,82.70042194092827
E00173867,195,21,9,12,174,13,161,10.76923076923077,4.615384615384616,6.153846153846154,89.23076923076924,6.666666666666667,82.564102564102555
E00173868,199,25,5,20,174,17,157,12.562814070351758,2.512562814070352,10.050251256281408,87.43718592964824,8.542713567839195,78.89447236180904
E00173869,272,30,9,21,242,20,222,11.029411764705882,3.308823529411765,7.720588235294118,88.97058823529412,7.352941176470589,81.61764705882352
E00173870,244,27,8,19,217,22,195,11.065573770491802,3.278688524590164,7.786885245901639,88.9344262295082,9.01639344262295,79.91803278688525
E00173871,244,24,5,19,220,18,202,9.836065573770492,2.0491803278688523,7.786885245901639,90.1639344262295,7.377049180327869,82.78688524590164
E00173872,343,86,53,33,257,17,240,25.072886297376094,15.451895043731778,9.620991253644315,74.9271137026239,4.956268221574344,69.97084548104957
E00173873,377,35,11,24,342,24,318,9.283819628647215,2.9177718832891246,6.36604774535809,90.71618037135278,6.36604774535809,84.3501326259947
E00173874,450,100,41,59,350,29,321,22.22222222222222,9.11111111111111,13.111111111111112,77.77777777777779,6.444444444444445,71.33333333333334
E00173875,356,71,30,41,285,34,251,19.9438202247191,8.426966292134832,11.51685393258427,80.0561797752809,9.550561797752808,70.50561797752809
E00173876,399,48,14,34,351,24,327,12.030075187969924,3.508771929824561,8.521303258145362,87.96992481203007,6.015037593984962,81.95488721804512
E00173877,496,43,18,25,453,42,411,8.669354838709678,3.6290322580645165,5.040322580645161,91.33064516129032,8.46774193548387,82.86290322580645
E00173878,267,40,15,25,227,29,198,14.981273408239701,5.617977528089887,9.363295880149813,85.0187265917603,10.861423220973784,74.15730337078652
E00173879,421,79,26,53,342,43,299,18.76484560570071,6.175771971496437,12.589073634204276,81.23515439429929,10.21377672209026,71.02137767220903
E00173880,427,61,21,40,366,25,341,14.285714285714285,4.918032786885246,9.367681498829041,85.71428571428571,5.85480093676815,79.85948477751757
E00173881,322,42,11,31,280,29,251,13.043478260869565,3.4161490683229814,9.627329192546584,86.95652173913044,9.006211180124224,77.95031055900621
E00173882,257,75,40,35,182,19,163,29.18287937743191,15.56420233463035,13.618677042801556,70.8171206225681,7.392996108949417,63.42412451361867
E00173883,211,29,7,22,182,24,158,13.744075829383887,3.3175355450236967,10.42654028436019,86.25592417061611,11.374407582938389,74.88151658767772
E00173884,374,33,5,28,341,34,307,8.823529411764707,1.3368983957219251,7.4866310160427805,91.17647058823529,9.090909090909092,82.0855614973262
E00173885,282,96,45,51,186,19,167,34.04255319148936,15.957446808510639,18.085106382978726,65.95744680851064,6.73758865248227,59.21985815602837
E00173886,862,229,70,159,633,85,548,26.5661252900232,8.120649651972158,18.445475638051047,73.4338747099768,9.860788863109049,63.57308584686775
E00173887,223,48,21,27,175,19,156,21.524663677130047,9.417040358744394,12.10762331838565,78.47533632286996,8.520179372197308,69.95515695067265
E00173888,472,83,23,60,389,34,355,17.584745762711865,4.872881355932203,12.711864406779661,82.41525423728814,7.203389830508475,75.21186440677965
E00173889,241,29,11,18,212,14,198,12.033195020746888,4.564315352697095,7.468879668049793,87.96680497925311,5.809128630705394,82.15767634854771
E00173890,217,22,7,15,195,11,184,10.138248847926267,3.225806451612903,6.912442396313365,89.86175115207374,5.0691244239631335,84.7926267281106
E00173891,266,35,15,20,231,19,212,13.157894736842104,5.639097744360902,7.518796992481203,86.8421052631579,7.142857142857142,79.69924812030075
E00173892,161,10,1,9,151,5,146,6.211180124223603,0.6211180124223602,5.590062111801243,93.7888198757764,3.1055900621118013,90.6832298136646
E00173893,156,12,2,10,144,14,130,7.6923076923076925,1.282051282051282,6.41025641025641,92.3076923076923,8.974358974358974,83.33333333333334
E00173894,275,48,14,34,227,12,215,17.454545454545457,5.090909090909091,12.363636363636363,82.54545454545455,4.363636363636364,78.18181818181819
E00173895,200,14,3,11,186,16,170,7.000000000000001,1.5,5.5,93,8,85
E00173896,198,43,19,24,155,12,143,21.71717171717172,9.595959595959595,12.121212121212121,78.28282828282829,6.0606060606060606,72.22222222222221
E00173897,125,31,12,19,94,12,82,24.8,9.6,15.2,75.2,9.6,65.60000000000001
E00173898,205,19,7,12,186,15,171,9.268292682926829,3.414634146341464,5.853658536585367,90.73170731707317,7.317073170731707,83.41463414634146
E00173899,433,52,18,34,381,23,358,12.009237875288683,4.157043879907621,7.852193995381063,87.99076212471132,5.311778290993072,82.67898383371825
E00173900,293,42,22,20,251,24,227,14.334470989761092,7.508532423208192,6.825938566552901,85.6655290102389,8.19112627986348,77.47440273037543
E00173901,292,48,18,30,244,11,233,16.43835616438356,6.164383561643835,10.273972602739725,83.56164383561644,3.767123287671233,79.7945205479452
E00173902,369,55,18,37,314,23,291,14.905149051490515,4.878048780487805,10.02710027100271,85.09485094850947,6.233062330623306,78.86178861788618
E00173903,284,61,21,40,223,17,206,21.47887323943662,7.394366197183098,14.084507042253522,78.52112676056338,5.985915492957746,72.53521126760563
E00173904,252,37,14,23,215,21,194,14.682539682539684,5.555555555555555,9.126984126984127,85.31746031746032,8.333333333333332,76.98412698412699
E00173905,318,41,13,28,277,22,255,12.89308176100629,4.088050314465408,8.80503144654088,87.10691823899371,6.918238993710692,80.18867924528303
E00173906,200,27,7,20,173,13,160,13.5,3.5000000000000004,10,86.5,6.5,80
E00173907,270,23,7,16,247,22,225,8.518518518518519,2.5925925925925926,5.9259259259259265,91.48148148148148,8.148148148148149,83.33333333333334
E00173908,327,41,14,27,286,24,262,12.538226299694188,4.281345565749235,8.256880733944955,87.46177370030581,7.339449541284404,80.1223241590214
E00173909,331,79,30,49,252,25,227,23.867069486404834,9.06344410876133,14.803625377643503,76.13293051359517,7.552870090634441,68.58006042296071
E00173910,317,43,7,36,274,20,254,13.564668769716087,2.2082018927444795,11.35646687697161,86.43533123028391,6.309148264984227,80.12618296529969
E00173911,299,51,19,32,248,19,229,17.05685618729097,6.354515050167224,10.702341137123746,82.94314381270902,6.354515050167224,76.58862876254182
E00173912,489,130,80,50,359,33,326,26.58486707566462,16.359918200409,10.224948875255624,73.41513292433538,6.748466257668712,66.66666666666666
E00173913,288,33,10,23,255,16,239,11.458333333333332,3.4722222222222223,7.986111111111111,88.54166666666666,5.555555555555555,82.98611111111111
E00173914,322,35,13,22,287,25,262,10.869565217391305,4.037267080745342,6.832298136645963,89.13043478260869,7.763975155279502,81.36645962732919
E00173915,116,16,8,8,100,9,91,13.793103448275861,6.896551724137931,6.896551724137931,86.20689655172413,7.758620689655173,78.44827586206897
E00173916,226,52,25,27,174,22,152,23.008849557522122,11.061946902654867,11.946902654867257,76.99115044247787,9.734513274336283,67.2566371681416
E00187866,401,69,21,48,332,32,300,17.206982543640898,5.236907730673317,11.970074812967582,82.7930174563591,7.98004987531172,74.81296758104739
E00187867,304,55,22,33,249,27,222,18.092105263157894,7.236842105263158,10.855263157894738,81.9078947368421,8.881578947368421,73.02631578947368
E00187875,330,105,59,46,225,27,198,31.818181818181817,17.87878787878788,13.939393939393941,68.18181818181817,8.181818181818182,60
E00187877,552,55,27,28,497,51,446,9.96376811594203,4.891304347826087,5.072463768115942,90.03623188405797,9.239130434782608,80.79710144927536
E00187881,177,35,9,26,142,12,130,19.774011299435028,5.084745762711865,14.689265536723164,80.22598870056498,6.779661016949152,73.44632768361582
E00187888,386,61,21,40,325,32,293,15.803108808290157,5.4404145077720205,10.362694300518134,84.19689119170984,8.290155440414509,75.90673575129534
E00187896,309,57,25,32,252,22,230,18.446601941747574,8.090614886731391,10.355987055016183,81.55339805825243,7.119741100323624,74.4336569579288
E00187899,351,62,22,40,289,33,256,17.663817663817664,6.267806267806268,11.396011396011396,82.33618233618233,9.401709401709402,72.93447293447294
E00187904,293,66,33,33,227,19,208,22.525597269624573,11.262798634812286,11.262798634812286,77.47440273037543,6.484641638225256,70.98976109215018
E00187911,266,42,17,25,224,21,203,15.789473684210526,6.390977443609022,9.398496240601503,84.21052631578947,7.894736842105263,76.31578947368422
E00187912,105,17,3,14,88,15,73,16.19047619047619,2.857142857142857,13.333333333333334,83.80952380952381,14.285714285714285,69.52380952380952
E00187914,255,42,15,27,213,14,199,16.470588235294116,5.88235294117647,10.588235294117647,83.52941176470588,5.490196078431373,78.03921568627452
E00187918,453,89,37,52,364,40,324,19.646799116997794,8.167770419426049,11.479028697571744,80.3532008830022,8.830022075055188,71.52317880794702
E00187919,134,16,4,12,118,9,109,11.940298507462686,2.9850746268656714,8.955223880597014,88.05970149253731,6.7164179104477615,81.34328358208955
E00187920,311,53,28,25,258,32,226,17.041800643086816,9.003215434083602,8.038585209003216,82.95819935691318,10.289389067524116,72.66881028938906
E00187924,389,40,12,28,349,33,316,10.282776349614396,3.0848329048843186,7.197943444730077,89.7172236503856,8.483290488431876,81.23393316195373
E00187931,184,18,7,11,166,8,158,9.782608695652174,3.804347826086957,5.978260869565218,90.21739130434783,4.3478260869565215,85.86956521739131
E00187943,623,64,21,43,559,69,490,10.272873194221509,3.3707865168539324,6.902086677367576,89.7271268057785,11.075441412520064,78.65168539325843
E00187947,312,38,11,27,274,27,247,12.179487179487179,3.5256410256410255,8.653846153846153,87.82051282051282,8.653846153846153,79.16666666666666
E00187949,339,75,28,47,264,28,236,22.123893805309734,8.259587020648967,13.864306784660767,77.87610619469027,8.259587020648967,69.6165191740413
E00187952,486,60,11,49,426,34,392,12.345679012345679,2.263374485596708,10.08230452674897,87.65432098765432,6.995884773662551,80.65843621399176
E00187957,115,9,3,6,106,12,94,7.82608695652174,2.608695652173913,5.217391304347826,92.17391304347827,10.434782608695652,81.73913043478261
E00187973,274,53,24,29,221,18,203,19.34306569343066,8.75912408759124,10.583941605839415,80.65693430656934,6.569343065693431,74.08759124087592
E00187976,116,32,13,19,84,8,76,27.586206896551722,11.206896551724139,16.379310344827587,72.41379310344827,6.896551724137931,65.51724137931035
E00187977,489,86,26,60,403,40,363,17.586912065439673,5.316973415132924,12.269938650306749,82.41308793456032,8.1799591002045,74.23312883435584
E00187980,381,61,19,42,320,32,288,16.010498687664043,4.986876640419948,11.023622047244094,83.98950131233596,8.398950131233596,75.59055118110236
E00187995,247,32,13,19,215,33,182,12.955465587044534,5.263157894736842,7.6923076923076925,87.04453441295547,13.360323886639677,73.68421052631578
E00187997,112,20,9,11,92,3,89,17.857142857142858,8.035714285714286,9.821428571428571,82.14285714285714,2.6785714285714284,79.46428571428571
