OA,ts0380001,ts0380002,ts0380003,ts0380004,ts0380005,ts0380006,ts0380007,ts0380002_PCT,ts0380003_PCT,ts0380004_PCT,ts0380005_PCT,ts0380006_PCT,ts0380007_PCT
E00101695,304,67,26,41,237,28,209,22.039473684210524,8.552631578947368,13.486842105263158,77.96052631578947,9.210526315789473,68.75
E00101696,313,47,16,31,266,30,236,15.015974440894569,5.111821086261981,9.904153354632587,84.98402555910543,9.584664536741213,75.39936102236422
E00101697,309,62,29,33,247,31,216,20.06472491909385,9.385113268608414,10.679611650485436,79.93527508090615,10.032362459546926,69.90291262135922
E00101698,264,56,29,27,208,20,188,21.21212121212121,10.984848484848484,10.227272727272728,78.78787878787878,7.575757575757576,71.21212121212122
E00101699,397,56,18,38,341,17,324,14.105793450881613,4.534005037783375,9.571788413098236,85.8942065491184,4.282115869017632,81.61209068010076
E00101700,293,62,16,46,231,24,207,21.160409556313994,5.460750853242321,15.699658703071673,78.839590443686,8.19112627986348,70.64846416382252
E00101701,313,60,26,34,253,22,231,19.169329073482427,8.30670926517572,10.86261980830671,80.83067092651757,7.0287539936102235,73.80191693290735
E00101702,360,48,20,28,312,21,291,13.333333333333334,5.555555555555555,7.777777777777778,86.66666666666667,5.833333333333333,80.83333333333333
E00101703,419,86,32,54,333,37,296,20.52505966587112,7.637231503579953,12.887828162291171,79.47494033412887,8.83054892601432,70.64439140811456
E00101704,263,60,24,36,203,22,181,22.813688212927758,9.125475285171103,13.688212927756654,77.18631178707224,8.365019011406844,68.8212927756654
E00101706,275,40,18,22,235,20,215,14.545454545454545,6.545454545454546,8,85.45454545454545,7.2727272727272725,78.18181818181819
E00101707,207,58,28,30,149,14,135,28.019323671497588,13.526570048309178,14.492753623188406,71.98067632850241,6.763285024154589,65.21739130434783
E00101708,283,52,23,29,231,27,204,18.374558303886925,8.12720848056537,10.247349823321555,81.62544169611307,9.540636042402827,72.08480565371025
E00101709,369,76,34,42,293,36,257,20.59620596205962,9.214092140921409,11.38211382113821,79.40379403794037,9.75609756097561,69.64769647696477
E00101710,473,68,16,52,405,30,375,14.376321353065538,3.382663847780127,10.993657505285412,85.62367864693447,6.342494714587738,79.28118393234672
E00101711,264,81,37,44,183,23,160,30.681818181818183,14.015151515151514,16.666666666666664,69.31818181818183,8.712121212121213,60.60606060606061
E00101712,233,43,12,31,190,26,164,18.4549356223176,5.150214592274678,13.304721030042918,81.54506437768241,11.158798283261802,70.3862660944206
E00101713,206,45,15,30,161,15,146,21.844660194174757,7.281553398058252,14.563106796116504,78.15533980582524,7.281553398058252,70.87378640776699
E00101714,232,37,16,21,195,28,167,15.948275862068966,6.896551724137931,9.051724137931034,84.05172413793103,12.068965517241379,71.98275862068965
E00101715,170,27,7,20,143,20,123,15.88235294117647,4.117647058823529,11.76470588235294,84.11764705882354,11.76470588235294,72.35294117647058
E00101716,186,27,5,22,159,8,151,14.516129032258066,2.6881720430107525,11.827956989247312,85.48387096774194,4.301075268817205,81.18279569892472
E00101717,316,66,31,35,250,23,227,20.88607594936709,9.81012658227848,11.075949367088606,79.11392405063292,7.2784810126582276,71.83544303797468
E00101718,288,61,15,46,227,20,207,21.180555555555554,5.208333333333334,15.972222222222221,78.81944444444444,6.944444444444445,71.875
E00101719,257,84,53,31,173,24,149,32.68482490272373,20.622568093385212,12.062256809338521,67.31517509727627,9.33852140077821,57.97665369649806
E00101720,161,24,8,16,137,17,120,14.906832298136646,4.968944099378882,9.937888198757763,85.09316770186336,10.559006211180124,74.53416149068323
E00101721,166,35,12,23,131,8,123,21.084337349397593,7.228915662650602,13.855421686746988,78.91566265060241,4.819277108433735,74.09638554216868
E00101722,393,64,21,43,329,29,300,16.28498727735369,5.343511450381679,10.941475826972011,83.7150127226463,7.37913486005089,76.33587786259542
E00101723,299,46,11,35,253,26,227,15.384615384615385,3.678929765886288,11.705685618729097,84.61538461538461,8.695652173913043,75.91973244147158
E00101724,174,26,7,19,148,19,129,14.942528735632186,4.022988505747127,10.919540229885058,85.0574712643678,10.919540229885058,74.13793103448276
E00101725,379,41,17,24,338,24,314,10.817941952506596,4.485488126649076,6.33245382585752,89.18205804749341,6.33245382585752,82.84960422163589
E00101726,343,52,16,36,291,22,269,15.160349854227405,4.664723032069971,10.495626822157435,84.8396501457726,6.41399416909621,78.4256559766764
E00101727,321,42,22,20,279,24,255,13.084112149532709,6.853582554517133,6.230529595015576,86.91588785046729,7.476635514018691,79.43925233644859
E00101728,390,65,22,43,325,42,283,16.666666666666664,5.641025641025641,11.025641025641026,83.33333333333334,10.76923076923077,72.564102564102555
E00101729,459,105,56,49,354,29,325,22.875816993464053,12.200435729847495,10.675381263616558,77.12418300653596,6.318082788671024,70.80610021786492
E00101730,229,35,12,23,194,18,176,15.283842794759824,5.240174672489083,10.043668122270741,84.71615720524017,7.860262008733625,76.85589519650655
E00101731,303,41,13,28,262,24,238,13.531353135313532,4.29042904290429,9.24092409240924,86.46864686468648,7.920792079207921,78.54785478547855
E00101732,295,46,17,29,249,28,221,15.593220338983052,5.762711864406779,9.830508474576272,84.40677966101696,9.491525423728813,74.91525423728814
E00101733,378,59,23,36,319,32,287,15.608465608465607,6.084656084656085,9.523809523809524,84.39153439153439,8.465608465608465,75.92592592592592
E00101734,312,74,31,43,238,36,202,23.717948717948715,9.935897435897436,13.782051282051283,76.28205128205127,11.538461538461538,64.74358974358975
E00101735,336,65,36,29,271,19,252,19.345238095238095,10.714285714285714,8.630952380952381,80.65476190476191,5.654761904761905,75
E00101736,356,68,30,38,288,19,269,19.101123595505616,8.426966292134832,10.674157303370785,80.89887640449437,5.337078651685393,75.56179775280899
E00101737,313,58,14,44,255,20,235,18.53035143769968,4.472843450479233,14.057507987220447,81.46964856230032,6.3897763578274756,75.07987220447284
E00101738,291,41,15,26,250,24,226,14.0893470790378,5.154639175257731,8.934707903780069,85.91065292096219,8.24742268041237,77.66323024054984
E00101739,178,52,21,31,126,15,111,29.213483146067414,11.797752808988763,17.415730337078653,70.78651685393258,8.426966292134832,62.35955056179775
E00101740,332,86,39,47,246,25,221,25.903614457831324,11.74698795180723,14.156626506024098,74.09638554216868,7.530120481927711,66.56626506024097
E00101741,217,48,15,33,169,23,146,22.119815668202765,6.912442396313365,15.207373271889402,77.88018433179722,10.599078341013826,67.2811059907834
E00101742,518,96,35,61,422,31,391,18.53281853281853,6.756756756756757,11.776061776061777,81.46718146718148,5.984555984555985,75.4826254826255
E00101743,245,51,21,30,194,13,181,20.816326530612244,8.571428571428571,12.244897959183673,79.18367346938776,5.3061224489795915,73.87755102040816
E00101744,158,28,5,23,130,18,112,17.72151898734177,3.1645569620253164,14.556962025316455,82.27848101265823,11.39240506329114,70.88607594936708
E00101745,206,36,14,22,170,11,159,17.475728155339805,6.796116504854369,10.679611650485436,82.52427184466019,5.339805825242718,77.18446601941747
E00101746,267,51,18,33,216,20,196,19.101123595505616,6.741573033707865,12.359550561797752,80.89887640449437,7.490636704119851,73.40823970037454
E00101747,278,57,22,35,221,21,200,20.503597122302157,7.913669064748201,12.589928057553957,79.49640287769785,7.553956834532374,71.94244604316546
E00101748,318,50,19,31,268,25,243,15.723270440251572,5.9748427672955975,9.748427672955975,84.27672955974843,7.861635220125786,76.41509433962264
E00101749,277,35,12,23,242,14,228,12.63537906137184,4.332129963898916,8.303249097472925,87.36462093862815,5.054151624548736,82.31046931407943
E00101750,233,39,16,23,194,16,178,16.738197424892704,6.866952789699571,9.871244635193133,83.2618025751073,6.866952789699571,76.39484978540773
E00101751,269,54,20,34,215,22,193,20.074349442379184,7.434944237918216,12.639405204460965,79.92565055762083,8.178438661710038,71.74721189591078
E00101752,357,90,44,46,267,13,254,25.210084033613445,12.324929971988796,12.885154061624648,74.78991596638656,3.6414565826330536,71.1484593837535
E00101753,326,93,41,52,233,23,210,28.52760736196319,12.576687116564417,15.950920245398773,71.47239263803681,7.05521472392638,64.41717791411043
E00101754,262,90,37,53,172,12,160,34.35114503816794,14.122137404580155,20.229007633587788,65.64885496183206,4.580152671755725,61.06870229007634
E00101755,259,58,21,37,201,27,174,22.393822393822393,8.108108108108109,14.285714285714285,77.60617760617761,10.424710424710424,67.18146718146718
E00101756,156,75,40,35,81,7,74,48.07692307692308,25.64102564102564,22.435897435897438,51.92307692307693,4.487179487179487,47.43589743589743
E00101757,310,69,28,41,241,20,221,22.258064516129032,9.032258064516128,13.225806451612904,77.74193548387098,6.451612903225806,71.29032258064515
E00101758,262,69,27,42,193,16,177,26.33587786259542,10.305343511450381,16.030534351145036,73.66412213740458,6.106870229007633,67.55725190839695
E00101759,258,59,21,38,199,29,170,22.868217054263564,8.13953488372093,14.728682170542637,77.13178294573643,11.24031007751938,65.89147286821705
E00101760,256,59,26,33,197,21,176,23.046875,10.15625,12.890625,76.953125,8.203125,68.75
E00101761,242,51,16,35,191,20,171,21.074380165289256,6.6115702479338845,14.46280991735537,78.92561983471074,8.264462809917356,70.66115702479338
E00101762,300,79,44,35,221,19,202,26.333333333333332,14.666666666666666,11.666666666666666,73.66666666666667,6.333333333333334,67.33333333333333
E00101763,316,63,21,42,253,26,227,19.936708860759495,6.6455696202531636,13.291139240506327,80.0632911392405,8.227848101265822,71.83544303797468
E00101764,242,64,36,28,178,16,162,26.446280991735538,14.87603305785124,11.570247933884298,73.55371900826447,6.6115702479338845,66.94214876033058
E00101765,274,47,20,27,227,22,205,17.153284671532848,7.2992700729927,9.854014598540147,82.84671532846716,8.02919708029197,74.81751824817519
E00101766,300,41,16,25,259,17,242,13.666666666666666,5.333333333333334,8.333333333333332,86.33333333333333,5.666666666666666,80.66666666666666
E00101767,129,66,37,29,63,13,50,51.162790697674424,28.68217054263566,22.48062015503876,48.837209302325576,10.077519379844961,38.759689922480625
E00101768,299,58,24,34,241,27,214,19.39799331103679,8.02675585284281,11.37123745819398,80.60200668896321,9.03010033444816,71.57190635451505
E00101769,289,70,41,29,219,33,186,24.22145328719723,14.186851211072666,10.034602076124568,75.77854671280276,11.418685121107266,64.3598615916955
E00101770,422,65,21,44,357,40,317,15.402843601895736,4.976303317535545,10.42654028436019,84.59715639810426,9.47867298578199,75.11848341232228
E00101771,182,23,6,17,159,25,134,12.637362637362637,3.296703296703297,9.340659340659341,87.36263736263736,13.736263736263737,73.62637362637363
E00101772,291,44,16,28,247,11,236,15.120274914089347,5.498281786941581,9.621993127147768,84.87972508591065,3.7800687285223367,81.09965635738831
E00101773,309,39,14,25,270,23,247,12.62135922330097,4.53074433656958,8.090614886731391,87.37864077669903,7.443365695792881,79.93527508090615
E00101774,224,50,28,22,174,14,160,22.321428571428573,12.5,9.821428571428571,77.67857142857143,6.25,71.42857142857143
E00101775,282,40,13,27,242,33,209,14.184397163120568,4.609929078014184,9.574468085106384,85.81560283687944,11.702127659574469,74.11347517730496
E00101776,447,73,30,43,374,41,333,16.331096196868007,6.7114093959731544,9.619686800894854,83.66890380313198,9.172259507829978,74.49664429530202
E00101777,182,37,9,28,145,13,132,20.32967032967033,4.945054945054945,15.384615384615385,79.67032967032966,7.142857142857142,72.52747252747253
E00101778,256,66,31,35,190,22,168,25.78125,12.109375,13.671875,74.21875,8.59375,65.625
E00101779,266,48,17,31,218,17,201,18.045112781954884,6.390977443609022,11.654135338345863,81.95488721804512,6.390977443609022,75.56390977443608
E00101780,474,102,24,78,372,44,328,21.518987341772153,5.063291139240507,16.455696202531644,78.48101265822784,9.282700421940929,69.19831223628692
E00101781,257,50,18,32,207,28,179,19.45525291828794,7.003891050583658,12.45136186770428,80.54474708171206,10.894941634241246,69.64980544747081
E00101782,254,58,27,31,196,21,175,22.83464566929134,10.62992125984252,12.204724409448819,77.16535433070865,8.267716535433072,68.89763779527559
E00101783,353,53,19,34,300,28,272,15.01416430594901,5.382436260623229,9.631728045325778,84.98583569405099,7.932011331444759,77.05382436260622
E00101784,250,74,39,35,176,19,157,29.599999999999998,15.6,14.000000000000002,70.39999999999999,7.6,62.8
E00101785,220,39,19,20,181,16,165,17.727272727272727,8.636363636363637,9.090909090909092,82.27272727272728,7.2727272727272725,75
E00101786,412,70,22,48,342,25,317,16.990291262135923,5.339805825242718,11.650485436893204,83.00970873786407,6.067961165048544,76.94174757281553
E00101787,438,71,27,44,367,25,342,16.210045662100455,6.164383561643835,10.045662100456621,83.78995433789954,5.707762557077626,78.08219178082192
E00101788,337,62,24,38,275,28,247,18.397626112759642,7.121661721068249,11.275964391691394,81.60237388724035,8.30860534124629,73.29376854599407
E00101789,296,56,26,30,240,14,226,18.91891891891892,8.783783783783784,10.135135135135135,81.08108108108108,4.72972972972973,76.35135135135135
E00101790,290,63,20,43,227,11,216,21.72413793103448,6.896551724137931,14.827586206896552,78.27586206896552,3.793103448275862,74.48275862068967
E00101791,268,66,28,38,202,16,186,24.62686567164179,10.44776119402985,14.17910447761194,75.3731343283582,5.970149253731343,69.40298507462687
E00101792,351,76,26,50,275,28,247,21.65242165242165,7.4074074074074066,14.245014245014245,78.34757834757835,7.977207977207977,70.37037037037037
E00101793,292,55,22,33,237,16,221,18.835616438356166,7.534246575342466,11.301369863013697,81.16438356164383,5.47945205479452,75.68493150684932
E00101794,287,60,26,34,227,24,203,20.905923344947734,9.059233449477352,11.846689895470384,79.09407665505228,8.362369337979095,70.73170731707317
E00101795,255,67,22,45,188,10,178,26.27450980392157,8.627450980392156,17.647058823529413,73.72549019607844,3.9215686274509802,69.80392156862744
E00101796,269,71,27,44,198,24,174,26.394052044609666,10.037174721189592,16.356877323420075,73.60594795539033,8.921933085501859,64.68401486988847
E00101797,155,20,6,14,135,6,129,12.903225806451612,3.870967741935484,9.032258064516128,87.09677419354838,3.870967741935484,83.22580645161291
E00101798,305,53,24,29,252,22,230,17.37704918032787,7.868852459016394,9.508196721311474,82.62295081967214,7.213114754098362,75.40983606557377
E00101800,367,92,45,47,275,19,256,25.068119891008173,12.26158038147139,12.806539509536785,74.93188010899182,5.177111716621254,69.75476839237056
E00101801,251,47,14,33,204,17,187,18.725099601593627,5.577689243027888,13.147410358565736,81.27490039840637,6.772908366533864,74.5019920318725
E00101802,317,100,59,41,217,17,200,31.545741324921135,18.61198738170347,12.933753943217665,68.45425867507886,5.3627760252365935,63.09148264984227
E00101803,236,47,18,29,189,22,167,19.915254237288135,7.627118644067797,12.288135593220339,80.08474576271186,9.322033898305085,70.76271186440678
E00101804,366,88,42,46,278,20,258,24.043715846994534,11.475409836065573,12.568306010928962,75.95628415300546,5.46448087431694,70.49180327868852
E00101805,180,34,13,21,146,6,140,18.88888888888889,7.222222222222221,11.666666666666666,81.11111111111111,3.3333333333333335,77.77777777777779
E00101806,256,51,28,23,205,15,190,19.921875,10.9375,8.984375,80.078125,5.859375,74.21875
E00101807,196,41,16,25,155,14,141,20.918367346938776,8.16326530612245,12.755102040816327,79.08163265306123,7.142857142857142,71.93877551020408
E00101808,322,52,15,37,270,31,239,16.149068322981368,4.658385093167702,11.490683229813664,83.85093167701864,9.627329192546584,74.22360248447205
E00101809,368,48,21,27,320,39,281,13.043478260869565,5.706521739130435,7.336956521739131,86.95652173913044,10.597826086956522,76.3586956521739
E00101810,412,73,23,50,339,38,301,17.718446601941746,5.582524271844661,12.135922330097088,82.28155339805825,9.223300970873787,73.05825242718447
E00101811,247,35,8,27,212,12,200,14.17004048582996,3.2388663967611335,10.931174089068826,85.82995951417004,4.8582995951417,80.97165991902834
E00101813,275,43,10,33,232,24,208,15.636363636363637,3.6363636363636362,12,84.36363636363636,8.727272727272728,75.63636363636364
E00101814,329,65,27,38,264,22,242,19.756838905775076,8.206686930091186,11.55015197568389,80.24316109422493,6.68693009118541,73.55623100303951
E00101815,482,105,32,73,377,47,330,21.78423236514523,6.639004149377594,15.145228215767634,78.21576763485477,9.751037344398341,68.46473029045643
E00101816,269,44,18,26,225,20,205,16.356877323420075,6.691449814126393,9.66542750929368,83.64312267657994,7.434944237918216,76.2081784386617
E00101817,478,125,51,74,353,30,323,26.15062761506276,10.669456066945607,15.481171548117153,73.84937238493724,6.2761506276150625,67.57322175732217
E00101818,290,64,26,38,226,28,198,22.06896551724138,8.96551724137931,13.10344827586207,77.93103448275862,9.655172413793103,68.27586206896552
E00101820,304,45,13,32,259,23,236,14.802631578947366,4.276315789473684,10.526315789473683,85.19736842105263,7.565789473684211,77.63157894736842
E00101821,260,69,36,33,191,14,177,26.53846153846154,13.846153846153847,12.692307692307692,73.46153846153847,5.384615384615385,68.07692307692308
E00101822,242,51,20,31,191,20,171,21.074380165289256,8.264462809917356,12.8099173553719,78.92561983471074,8.264462809917356,70.66115702479338
E00101823,293,54,21,33,239,26,213,18.43003412969283,7.167235494880546,11.262798634812286,81.56996587030717,8.873720136518772,72.6962457337884
E00101824,338,105,57,48,233,36,197,31.06508875739645,16.86390532544379,14.201183431952662,68.93491124260355,10.650887573964498,58.28402366863905
E00101825,167,18,7,11,149,16,133,10.778443113772456,4.191616766467066,6.58682634730539,89.22155688622755,9.580838323353294,79.64071856287424
E00101826,245,33,10,23,212,15,197,13.46938775510204,4.081632653061225,9.387755102040817,86.53061224489797,6.122448979591836,80.40816326530611
E00101827,207,32,10,22,175,18,157,15.458937198067632,4.830917874396135,10.628019323671497,84.54106280193237,8.695652173913043,75.84541062801932
E00101828,453,61,17,44,392,43,349,13.46578366445916,3.7527593818984544,9.713024282560706,86.53421633554083,9.492273730684326,77.04194260485652
E00101829,256,35,11,24,221,18,203,13.671875,4.296875,9.375,86.328125,7.03125,79.296875
E00101830,526,85,37,48,441,33,408,16.159695817490494,7.0342205323193925,9.125475285171103,83.84030418250951,6.273764258555133,77.56653992395437
E00101831,138,24,10,14,114,13,101,17.391304347826086,7.246376811594203,10.144927536231885,82.6086956521739,9.420289855072465,73.18840579710145
E00101832,188,34,13,21,154,23,131,18.085106382978726,6.914893617021277,11.170212765957446,81.91489361702128,12.23404255319149,69.68085106382979
E00101833,279,40,14,26,239,27,212,14.336917562724013,5.017921146953405,9.31899641577061,85.66308243727599,9.67741935483871,75.98566308243727
E00101834,231,18,7,11,213,15,198,7.792207792207792,3.0303030303030303,4.761904761904762,92.20779220779221,6.493506493506493,85.71428571428571
E00101835,350,49,20,29,301,31,270,14.000000000000002,5.714285714285714,8.285714285714285,86,8.857142857142856,77.14285714285715
E00101836,324,58,18,40,266,29,237,17.901234567901234,5.555555555555555,12.345679012345679,82.09876543209876,8.950617283950617,73.14814814814815
E00101837,295,44,13,31,251,13,238,14.915254237288137,4.406779661016949,10.508474576271185,85.08474576271186,4.406779661016949,80.67796610169492
E00101838,227,88,65,23,139,25,114,38.76651982378855,28.634361233480178,10.13215859030837,61.23348017621145,11.013215859030836,50.22026431718062
E00101839,418,31,5,26,387,21,366,7.4162679425837315,1.1961722488038278,6.220095693779904,92.58373205741627,5.023923444976076,87.5598086124402
E00101841,324,54,22,32,270,23,247,16.666666666666664,6.790123456790123,9.876543209876543,83.33333333333334,7.098765432098765,76.23456790123457
E00101842,383,80,21,59,303,22,281,20.887728459530024,5.483028720626632,15.404699738903393,79.11227154046998,5.7441253263707575,73.36814621409921
E00101843,260,56,30,26,204,26,178,21.53846153846154,11.538461538461538,10,78.46153846153847,10,68.46153846153847
E00101844,266,57,19,38,209,25,184,21.428571428571427,7.142857142857142,14.285714285714285,78.57142857142857,9.398496240601503,69.17293233082707
E00101845,483,137,75,62,346,37,309,28.36438923395445,15.527950310559005,12.836438923395447,71.635610766045545,7.6604554865424435,63.975155279503106
E00101846,322,78,38,40,244,21,223,24.22360248447205,11.801242236024844,12.422360248447205,75.77639751552795,6.521739130434782,69.25465838509317
E00101847,373,145,87,58,228,16,212,38.8739946380697,23.324396782841823,15.549597855227882,61.12600536193029,4.289544235924933,56.83646112600537
E00101848,225,51,20,31,174,16,158,22.666666666666664,8.88888888888889,13.777777777777779,77.33333333333333,7.111111111111111,70.22222222222221
E00101849,287,90,31,59,197,15,182,31.3588850174216,10.801393728222997,20.557491289198605,68.6411149825784,5.2264808362369335,63.41463414634146
E00101850,238,64,24,40,174,18,156,26.89075630252101,10.084033613445378,16.80672268907563,73.10924369747899,7.563025210084033,65.54621848739495
E00101851,265,78,33,45,187,28,159,29.433962264150942,12.452830188679245,16.9811320754717,70.56603773584905,10.566037735849058,60
E00101852,323,75,34,41,248,27,221,23.219814241486066,10.526315789473683,12.693498452012383,76.78018575851394,8.359133126934983,68.42105263157895
E00101853,277,65,26,39,212,22,190,23.465703971119133,9.386281588447654,14.079422382671481,76.53429602888086,7.9422382671480145,68.59205776173285
E00101854,335,82,34,48,253,27,226,24.47761194029851,10.149253731343283,14.328358208955224,75.5223880597015,8.059701492537313,67.46268656716417
E00101855,289,72,34,38,217,21,196,24.91349480968858,11.76470588235294,13.148788927335639,75.08650519031141,7.26643598615917,67.82006920415225
E00101856,263,84,26,58,179,20,159,31.93916349809886,9.885931558935361,22.0532319391635,68.06083650190115,7.604562737642586,60.45627376425855
E00101857,255,33,15,18,222,29,193,12.941176470588237,5.88235294117647,7.0588235294117645,87.05882352941177,11.372549019607844,75.68627450980392
E00101858,244,56,26,30,188,14,174,22.950819672131146,10.655737704918032,12.295081967213115,77.04918032786885,5.737704918032787,71.31147540983606
E00101859,294,100,35,65,194,15,179,34.01360544217687,11.904761904761903,22.108843537414966,65.98639455782312,5.1020408163265305,60.8843537414966
E00101860,293,61,23,38,232,20,212,20.819112627986346,7.849829351535837,12.969283276450511,79.18088737201366,6.825938566552901,72.35494880546075
E00101861,322,58,25,33,264,29,235,18.012422360248447,7.763975155279502,10.248447204968944,81.98757763975155,9.006211180124224,72.98136645962732
E00101862,333,72,39,33,261,32,229,21.62162162162162,11.711711711711711,9.90990990990991,78.37837837837837,9.60960960960961,68.76876876876878
E00101863,310,42,14,28,268,19,249,13.548387096774196,4.516129032258064,9.032258064516128,86.45161290322581,6.129032258064516,80.3225806451613
E00101864,293,49,17,32,244,12,232,16.723549488054605,5.802047781569966,10.921501706484642,83.27645051194538,4.09556313993174,79.18088737201366
E00101865,331,72,23,49,259,31,228,21.75226586102719,6.948640483383686,14.803625377643503,78.24773413897282,9.365558912386707,68.8821752265861
E00101866,341,68,26,42,273,18,255,19.941348973607038,7.624633431085044,12.316715542521994,80.05865102639295,5.278592375366569,74.7800586510264
E00101867,265,48,20,28,217,23,194,18.11320754716981,7.547169811320755,10.566037735849058,81.88679245283019,8.679245283018867,73.20754716981132
E00101868,358,60,20,40,298,24,274,16.75977653631285,5.58659217877095,11.1731843575419,83.24022346368714,6.70391061452514,76.53631284916202
E00101869,318,71,32,39,247,24,223,22.32704402515723,10.062893081761008,12.264150943396226,77.67295597484278,7.547169811320755,70.12578616352201
E00101870,336,56,22,34,280,34,246,16.666666666666664,6.547619047619048,10.119047619047619,83.33333333333334,10.119047619047619,73.21428571428571
E00101871,308,52,18,34,256,16,240,16.883116883116884,5.844155844155844,11.03896103896104,83.11688311688312,5.194805194805195,77.92207792207793
E00101872,379,58,26,32,321,31,290,15.303430079155673,6.860158311345646,8.443271767810026,84.69656992084433,8.179419525065963,76.51715039577837
E00101873,261,51,21,30,210,23,187,19.54022988505747,8.045977011494253,11.494252873563218,80.45977011494253,8.812260536398467,71.64750957854406
E00101874,307,81,32,49,226,19,207,26.384364820846905,10.423452768729643,15.960912052117262,73.61563517915309,6.188925081433225,67.42671009771986
E00101875,300,70,27,43,230,28,202,23.333333333333332,9,14.333333333333334,76.66666666666667,9.333333333333334,67.33333333333333
E00101876,306,59,22,37,247,31,216,19.28104575163399,7.18954248366013,12.091503267973856,80.71895424836602,10.130718954248366,70.58823529411765
E00101877,359,82,38,44,277,29,248,22.841225626740947,10.584958217270195,12.256267409470752,77.15877437325905,8.07799442896936,69.08077994428969
E00101878,321,84,48,36,237,15,222,26.168224299065418,14.953271028037381,11.214953271028037,73.83177570093457,4.672897196261682,69.1588785046729
E00101879,231,64,20,44,167,19,148,27.705627705627705,8.658008658008658,19.047619047619047,72.2943722943723,8.225108225108226,64.06926406926407
E00101880,259,47,24,23,212,24,188,18.146718146718147,9.266409266409266,8.880308880308881,81.85328185328186,9.266409266409266,72.58687258687259
E00101881,165,25,11,14,140,16,124,15.151515151515152,6.666666666666667,8.484848484848486,84.84848484848484,9.696969696969697,75.15151515151514
E00101882,475,80,26,54,395,40,355,16.842105263157894,5.473684210526316,11.368421052631579,83.15789473684211,8.421052631578947,74.73684210526315
E00101883,332,61,30,31,271,37,234,18.373493975903614,9.036144578313253,9.33734939759036,81.62650602409639,11.144578313253012,70.48192771084338
E00101884,254,43,19,24,211,19,192,16.92913385826772,7.480314960629922,9.448818897637794,83.07086614173228,7.480314960629922,75.59055118110236
E00101885,175,24,7,17,151,8,143,13.714285714285715,4,9.714285714285714,86.28571428571429,4.571428571428571,81.71428571428572
E00101886,251,41,6,35,210,26,184,16.334661354581673,2.3904382470119523,13.94422310756972,83.66533864541833,10.358565737051793,73.30677290836654
E00101887,260,52,9,43,208,24,184,20,3.4615384615384617,16.538461538461537,80,9.230769230769232,70.76923076923077
E00101888,240,66,26,40,174,22,152,27.500000000000004,10.833333333333334,16.666666666666664,72.5,9.166666666666666,63.33333333333333
E00101890,306,64,24,40,242,24,218,20.915032679738562,7.8431372549019605,13.071895424836603,79.08496732026144,7.8431372549019605,71.24183006535948
E00101891,304,57,24,33,247,14,233,18.75,7.894736842105263,10.855263157894738,81.25,4.605263157894736,76.64473684210526
E00101892,597,90,28,62,507,45,462,15.07537688442211,4.690117252931323,10.385259631490786,84.92462311557789,7.537688442211055,77.38693467336684
E00101893,284,60,26,34,224,18,206,21.12676056338028,9.15492957746479,11.971830985915492,78.87323943661971,6.338028169014084,72.53521126760563
E00101894,348,43,15,28,305,39,266,12.35632183908046,4.310344827586207,8.045977011494253,87.643678160919535,11.206896551724139,76.4367816091954
E00101895,417,117,80,37,300,26,274,28.05755395683453,19.18465227817746,8.872901678657074,71.94244604316546,6.235011990407674,65.70743405275779
E00101896,356,60,23,37,296,30,266,16.853932584269664,6.460674157303371,10.393258426966293,83.14606741573034,8.426966292134832,74.71910112359551
E00101897,400,76,29,47,324,37,287,19,7.249999999999999,11.75,81,9.25,71.75
E00101898,270,34,12,22,236,30,206,12.592592592592592,4.444444444444445,8.148148148148149,87.4074074074074,11.11111111111111,76.29629629629629
E00101899,388,52,16,36,336,43,293,13.402061855670103,4.123711340206185,9.278350515463918,86.5979381443299,11.082474226804123,75.51546391752578
E00101901,440,99,37,62,341,36,305,22.5,8.409090909090908,14.09090909090909,77.5,8.181818181818182,69.31818181818183
E00101902,295,42,20,22,253,23,230,14.237288135593221,6.779661016949152,7.457627118644068,85.76271186440678,7.796610169491526,77.96610169491525
E00101903,400,64,28,36,336,28,308,16,7.000000000000001,9,84,7.000000000000001,77
E00101904,248,43,14,29,205,24,181,17.338709677419356,5.64516129032258,11.693548387096774,82.66129032258065,9.67741935483871,72.98387096774194
E00101905,235,45,13,32,190,19,171,19.148936170212767,5.531914893617021,13.617021276595745,80.85106382978722,8.085106382978724,72.76595744680851
E00101906,287,59,23,36,228,28,200,20.557491289198605,8.013937282229964,12.543554006968641,79.44250871080139,9.75609756097561,69.68641114982579
E00101907,308,81,44,37,227,15,212,26.2987012987013,14.285714285714285,12.012987012987013,73.7012987012987,4.870129870129871,68.83116883116884
E00101908,251,67,27,40,184,21,163,26.693227091633464,10.756972111553784,15.936254980079681,73.30677290836654,8.366533864541832,64.9402390438247
E00101909,323,101,48,53,222,19,203,31.269349845201237,14.860681114551083,16.408668730650156,68.73065015479877,5.88235294117647,62.848297213622295
E00101910,314,51,13,38,263,16,247,16.24203821656051,4.140127388535031,12.101910828025478,83.7579617834395,5.095541401273886,78.6624203821656
E00101911,295,57,24,33,238,25,213,19.322033898305087,8.135593220338983,11.186440677966102,80.67796610169492,8.47457627118644,72.20338983050848
E00101912,240,59,18,41,181,17,164,24.583333333333332,7.5,17.083333333333332,75.41666666666667,7.083333333333333,68.33333333333333
E00101913,256,73,22,51,183,25,158,28.515625,8.59375,19.921875,71.484375,9.765625,61.71875
E00101914,274,56,20,36,218,28,190,20.437956204379564,7.2992700729927,13.138686131386862,79.56204379562044,10.218978102189782,69.34306569343066
E00101915,203,32,6,26,171,17,154,15.763546798029557,2.955665024630542,12.807881773399016,84.23645320197043,8.374384236453201,75.86206896551724
E00101916,347,65,25,40,282,29,253,18.73198847262248,7.204610951008646,11.527377521613833,81.26801152737752,8.357348703170029,72.91066282420749
E00101917,303,41,11,30,262,20,242,13.531353135313532,3.6303630363036308,9.900990099009901,86.46864686468648,6.6006600660066,79.86798679867987
E00101918,239,65,21,44,174,24,150,27.19665271966527,8.786610878661087,18.410041841004183,72.80334728033473,10.0418410041841,62.76150627615063
E00101919,255,74,32,42,181,21,160,29.01960784313726,12.549019607843137,16.470588235294116,70.98039215686275,8.235294117647058,62.745098039215684
E00101920,262,49,20,29,213,35,178,18.702290076335878,7.633587786259542,11.068702290076336,81.29770992366412,13.358778625954198,67.93893129770993
E00101921,274,36,17,19,238,25,213,13.138686131386862,6.204379562043796,6.934306569343065,86.86131386861314,9.124087591240876,77.73722627737226
E00101922,352,58,28,30,294,35,259,16.477272727272727,7.954545454545454,8.522727272727272,83.52272727272727,9.943181818181818,73.57954545454545
E00101923,433,69,26,43,364,33,331,15.935334872979215,6.0046189376443415,9.930715935334874,84.06466512702079,7.621247113163972,76.44341801385681
E00101924,470,61,24,37,409,31,378,12.978723404255318,5.106382978723404,7.872340425531915,87.02127659574468,6.595744680851063,80.42553191489363
E00101925,429,52,20,32,377,26,351,12.121212121212121,4.662004662004662,7.459207459207459,87.87878787878788,6.0606060606060606,81.81818181818183
E00101926,268,46,19,27,222,16,206,17.16417910447761,7.08955223880597,10.074626865671641,82.83582089552239,5.970149253731343,76.86567164179104
E00101927,308,46,8,38,262,27,235,14.935064935064934,2.5974025974025974,12.337662337662337,85.06493506493507,8.766233766233766,76.2987012987013
E00101928,324,51,15,36,273,17,256,15.74074074074074,4.62962962962963,11.11111111111111,84.25925925925925,5.246913580246913,79.01234567901234
E00101929,319,64,24,40,255,22,233,20.06269592476489,7.523510971786834,12.539184952978054,79.9373040752351,6.896551724137931,73.04075235109718
E00101930,263,45,16,29,218,24,194,17.110266159695815,6.083650190114068,11.02661596958175,82.88973384030417,9.125475285171103,73.76425855513308
E00101931,292,55,22,33,237,22,215,18.835616438356166,7.534246575342466,11.301369863013697,81.16438356164383,7.534246575342466,73.63013698630137
E00101932,290,73,41,32,217,31,186,25.17241379310345,14.13793103448276,11.03448275862069,74.82758620689656,10.689655172413794,64.13793103448275
E00101933,333,58,25,33,275,25,250,17.417417417417415,7.5075075075075075,9.90990990990991,82.58258258258259,7.5075075075075075,75.07507507507508
E00101934,291,71,23,48,220,27,193,24.398625429553263,7.903780068728522,16.49484536082474,75.60137457044674,9.278350515463918,66.32302405498281
E00101935,225,88,49,39,137,13,124,39.111111111111114,21.777777777777775,17.333333333333336,60.88888888888889,5.777777777777778,55.111111111111114
E00101936,337,60,22,38,277,27,250,17.804154302670625,6.528189910979229,11.275964391691394,82.19584569732937,8.011869436201781,74.1839762611276
E00101937,447,90,44,46,357,46,311,20.13422818791946,9.843400447427292,10.290827740492169,79.86577181208054,10.290827740492169,69.57494407158836
E00101938,377,63,25,38,314,52,262,16.710875331564985,6.631299734748011,10.079575596816976,83.28912466843501,13.793103448275861,69.49602122015915
E00101939,352,86,44,42,266,31,235,24.431818181818183,12.5,11.931818181818182,75.56818181818183,8.806818181818182,66.76136363636364
E00101940,408,59,21,38,349,32,317,14.460784313725492,5.147058823529411,9.313725490196079,85.5392156862745,7.8431372549019605,77.69607843137256
E00101941,505,54,16,38,451,24,427,10.693069306930694,3.1683168316831685,7.524752475247524,89.3069306930693,4.752475247524752,84.55445544554455
E00101942,255,51,15,36,204,18,186,20,5.88235294117647,14.117647058823529,80,7.0588235294117645,72.94117647058823
E00101943,391,79,35,44,312,21,291,20.20460358056266,8.951406649616368,11.253196930946292,79.79539641943734,5.3708439897698215,74.42455242966753
E00101944,391,43,11,32,348,21,327,10.997442455242968,2.813299232736573,8.184143222506394,89.00255754475704,5.3708439897698215,83.63171355498721
E00101945,379,67,24,43,312,32,280,17.678100263852244,6.33245382585752,11.345646437994723,82.32189973614776,8.443271767810026,73.87862796833772
E00101946,335,51,23,28,284,27,257,15.223880597014924,6.865671641791045,8.358208955223882,84.77611940298507,8.059701492537313,76.71641791044776
E00101947,339,70,28,42,269,31,238,20.64896755162242,8.259587020648967,12.389380530973451,79.35103244837758,9.144542772861357,70.20648967551622
E00101948,349,68,23,45,281,28,253,19.484240687679083,6.59025787965616,12.893982808022923,80.51575931232091,8.022922636103152,72.49283667621776
E00101949,167,40,22,18,127,13,114,23.952095808383234,13.17365269461078,10.778443113772456,76.04790419161677,7.784431137724551,68.26347305389223
E00101950,334,95,54,41,239,29,210,28.443113772455092,16.16766467065868,12.275449101796406,71.55688622754491,8.682634730538922,62.874251497005986
E00101951,251,64,22,42,187,17,170,25.49800796812749,8.764940239043826,16.733067729083665,74.5019920318725,6.772908366533864,67.729083665338635
E00101952,207,49,26,23,158,23,135,23.67149758454106,12.560386473429952,11.11111111111111,76.32850241545893,11.11111111111111,65.21739130434783
E00101954,465,71,28,43,394,39,355,15.268817204301074,6.021505376344086,9.247311827956988,84.73118279569893,8.38709677419355,76.34408602150538
E00101955,464,50,14,36,414,43,371,10.775862068965516,3.0172413793103448,7.758620689655173,89.22413793103449,9.267241379310345,79.95689655172413
E00101956,273,41,14,27,232,31,201,15.018315018315018,5.128205128205128,9.89010989010989,84.98168498168498,11.355311355311356,73.62637362637363
E00101957,243,51,16,35,192,23,169,20.98765432098765,6.584362139917696,14.40329218106996,79.01234567901234,9.465020576131687,69.54732510288066
E00101958,314,64,18,46,250,29,221,20.382165605095544,5.7324840764331215,14.64968152866242,79.61783439490446,9.235668789808917,70.38216560509554
E00101959,233,69,34,35,164,20,144,29.613733905579398,14.592274678111588,15.021459227467812,70.3862660944206,8.583690987124463,61.80257510729614
E00101961,342,124,92,32,218,28,190,36.25730994152047,26.900584795321635,9.35672514619883,63.74269005847953,8.187134502923977,55.55555555555556
E00101963,274,60,22,38,214,28,186,21.897810218978105,8.02919708029197,13.86861313868613,78.1021897810219,10.218978102189782,67.88321167883211
E00101964,389,99,65,34,290,36,254,25.449871465295633,16.709511568123396,8.740359897172237,74.55012853470437,9.254498714652955,65.29562982005142
E00101965,412,92,37,55,320,27,293,22.330097087378643,8.980582524271846,13.349514563106796,77.66990291262135,6.553398058252427,71.11650485436894
E00101966,281,77,31,46,204,33,171,27.402135231316727,11.032028469750891,16.370106761565836,72.59786476868328,11.743772241992882,60.854092526690394
E00101967,543,104,34,70,439,38,401,19.152854511970535,6.261510128913445,12.89134438305709,80.84714548802947,6.998158379373849,73.84898710865562
E00101968,324,65,22,43,259,25,234,20.061728395061728,6.790123456790123,13.271604938271606,79.93827160493827,7.716049382716049,72.22222222222221
E00101969,306,101,48,53,205,24,181,33.006535947712415,15.686274509803921,17.320261437908496,66.99346405228758,7.8431372549019605,59.150326797385624
E00101970,265,51,16,35,214,28,186,19.245283018867926,6.037735849056604,13.20754716981132,80.75471698113208,10.566037735849058,70.18867924528301
E00101972,376,76,31,45,300,33,267,20.212765957446805,8.24468085106383,11.96808510638298,79.7872340425532,8.77659574468085,71.01063829787235
E00101973,272,56,22,34,216,30,186,20.588235294117645,8.088235294117647,12.5,79.41176470588235,11.029411764705882,68.38235294117648
E00101974,417,61,18,43,356,22,334,14.628297362110313,4.316546762589928,10.311750599520384,85.37170263788968,5.275779376498801,80.0959232613909
E00101975,314,40,16,24,274,26,248,12.738853503184714,5.095541401273886,7.643312101910828,87.26114649681529,8.280254777070063,78.98089171974523
E00101976,346,73,32,41,273,27,246,21.09826589595376,9.248554913294797,11.849710982658959,78.90173410404624,7.803468208092486,71.09826589595376
E00101977,490,96,38,58,394,42,352,19.591836734693878,7.755102040816326,11.83673469387755,80.40816326530611,8.571428571428571,71.83673469387755
E00101978,469,143,68,75,326,30,296,30.49040511727079,14.498933901918976,15.991471215351813,69.5095948827292,6.396588486140725,63.11300639658849
E00101979,252,53,20,33,199,23,176,21.03174603174603,7.936507936507936,13.095238095238097,78.96825396825396,9.126984126984127,69.84126984126983
E00101980,513,84,33,51,429,36,393,16.374269005847953,6.432748538011696,9.941520467836257,83.62573099415205,7.017543859649122,76.60818713450293
E00101981,274,63,27,36,211,20,191,22.99270072992701,9.854014598540147,13.138686131386862,77.00729927007299,7.2992700729927,69.7080291970803
E00101982,255,46,16,30,209,15,194,18.03921568627451,6.2745098039215685,11.76470588235294,81.96078431372548,5.88235294117647,76.07843137254902
E00101983,250,59,26,33,191,15,176,23.599999999999998,10.4,13.200000000000001,76.4,6,70.39999999999999
E00101984,351,90,45,45,261,9,252,25.64102564102564,12.82051282051282,12.82051282051282,74.35897435897436,2.564102564102564,71.7948717948718
E00101985,160,46,23,23,114,12,102,28.749999999999996,14.374999999999998,14.374999999999998,71.25,7.5,63.74999999999999
E00101986,364,53,17,36,311,22,289,14.560439560439562,4.670329670329671,9.89010989010989,85.43956043956044,6.043956043956044,79.3956043956044
E00101987,286,45,15,30,241,13,228,15.734265734265735,5.244755244755245,10.48951048951049,84.26573426573427,4.545454545454546,79.72027972027972
E00101988,328,56,19,37,272,19,253,17.073170731707318,5.7926829268292686,11.28048780487805,82.92682926829268,5.7926829268292686,77.13414634146342
E00101989,316,46,15,31,270,26,244,14.556962025316455,4.746835443037975,9.81012658227848,85.44303797468355,8.227848101265822,77.21518987341773
E00101990,577,114,36,78,463,24,439,19.75736568457539,6.239168110918544,13.518197573656845,80.24263431542461,4.15944540727903,76.08318890814559
E00101991,269,59,27,32,210,17,193,21.933085501858738,10.037174721189592,11.895910780669144,78.06691449814126,6.319702602230483,71.74721189591078
E00101992,293,68,35,33,225,33,192,23.208191126279864,11.945392491467576,11.262798634812286,76.79180887372013,11.262798634812286,65.52901023890784
E00101993,321,70,35,35,251,29,222,21.806853582554517,10.903426791277258,10.903426791277258,78.19314641744548,9.034267912772584,69.1588785046729
E00165922,281,43,11,32,238,28,210,15.302491103202847,3.9145907473309607,11.387900355871885,84.69750889679716,9.9644128113879,74.73309608540926
E00165923,268,56,32,24,212,9,203,20.8955223880597,11.940298507462686,8.955223880597014,79.1044776119403,3.3582089552238807,75.74626865671642
E00165924,196,64,26,38,132,11,121,32.6530612244898,13.26530612244898,19.387755102040817,67.3469387755102,5.612244897959184,61.73469387755102
E00165925,372,38,12,26,334,27,307,10.21505376344086,3.225806451612903,6.989247311827956,89.78494623655914,7.258064516129033,82.52688172043011
E00165926,339,63,28,35,276,26,250,18.58407079646018,8.259587020648967,10.32448377581121,81.41592920353983,7.669616519174041,73.74631268436578
E00165928,346,57,19,38,289,33,256,16.473988439306357,5.491329479768786,10.982658959537572,83.52601156069365,9.53757225433526,73.98843930635837
E00180154,128,27,10,17,101,4,97,21.09375,7.8125,13.28125,78.90625,3.125,75.78125
E00180158,324,34,13,21,290,24,266,10.493827160493826,4.012345679012346,6.481481481481481,89.50617283950618,7.4074074074074066,82.09876543209876
E00180161,491,122,59,63,369,34,335,24.84725050916497,12.016293279022404,12.830957230142568,75.15274949083503,6.924643584521386,68.22810590631364
E00180168,375,67,22,45,308,36,272,17.866666666666667,5.866666666666666,12,82.13333333333334,9.6,72.53333333333333
E00180172,139,18,10,8,121,19,102,12.949640287769784,7.1942446043165464,5.755395683453238,87.05035971223022,13.66906474820144,73.38129496402878
E00180173,134,25,9,16,109,16,93,18.65671641791045,6.7164179104477615,11.940298507462686,81.34328358208955,11.940298507462686,69.40298507462687
E00180176,311,71,29,42,240,14,226,22.829581993569132,9.32475884244373,13.504823151125404,77.17041800643086,4.501607717041801,72.66881028938906
E00180184,333,39,16,23,294,40,254,11.711711711711711,4.804804804804805,6.906906906906906,88.28828828828829,12.012012012012011,76.27627627627628
E00180199,168,38,19,19,130,17,113,22.61904761904762,11.30952380952381,11.30952380952381,77.38095238095238,10.119047619047619,67.26190476190477
E00180202,406,62,13,49,344,41,303,15.270935960591133,3.201970443349754,12.068965517241379,84.72906403940887,10.098522167487685,74.63054187192118
E00180204,294,59,23,36,235,22,213,20.068027210884352,7.8231292517006805,12.244897959183673,79.93197278911565,7.482993197278912,72.44897959183673
E00180206,249,31,13,18,218,19,199,12.449799196787147,5.220883534136546,7.228915662650602,87.55020080321285,7.630522088353414,79.91967871485943
E00180231,407,55,29,26,352,28,324,13.513513513513514,7.125307125307126,6.388206388206388,86.48648648648648,6.87960687960688,79.60687960687962
E00180232,394,56,18,38,338,26,312,14.213197969543149,4.568527918781726,9.644670050761421,85.78680203045685,6.598984771573605,79.18781725888326
E00180243,288,55,22,33,233,35,198,19.09722222222222,7.638888888888889,11.458333333333332,80.90277777777779,12.152777777777777,68.75
E00180258,319,45,9,36,274,23,251,14.106583072100312,2.8213166144200628,11.285266457680251,85.8934169278997,7.210031347962382,78.68338557993731
E00180267,354,58,19,39,296,23,273,16.38418079096045,5.367231638418079,11.016949152542372,83.61581920903954,6.497175141242938,77.11864406779661
E00180269,279,56,14,42,223,20,203,20.07168458781362,5.017921146953405,15.053763440860216,79.92831541218638,7.168458781362006,72.75985663082437
E00180270,331,53,22,31,278,36,242,16.012084592145015,6.646525679758309,9.365558912386707,83.98791540785498,10.876132930513595,73.111782477341393
E00180276,610,59,37,22,551,35,516,9.672131147540984,6.065573770491803,3.606557377049181,90.32786885245902,5.737704918032787,84.59016393442623
E00180283,214,43,11,32,171,14,157,20.093457943925234,5.14018691588785,14.953271028037381,79.90654205607477,6.5420560747663545,73.36448598130842
E00180284,467,88,32,56,379,42,337,18.843683083511777,6.852248394004283,11.991434689507495,81.15631691648822,8.993576017130621,72.1627408993576
E00180285,263,36,19,17,227,15,212,13.688212927756654,7.224334600760455,6.4638783269961975,86.31178707224335,5.7034220532319395,80.6083650190114
E00180286,497,56,27,29,441,33,408,11.267605633802818,5.432595573440644,5.8350100603621735,88.73239436619718,6.639839034205232,82.09255533199196
E00180291,320,47,21,26,273,14,259,14.6875,6.5625,8.125,85.3125,4.375,80.9375
E00180293,334,53,23,30,281,21,260,15.868263473053892,6.88622754491018,8.982035928143713,84.13173652694611,6.287425149700598,77.84431137724552
