OA,ts0380001,ts0380002,ts0380003,ts0380004,ts0380005,ts0380006,ts0380007,ts0380002_PCT,ts0380003_PCT,ts0380004_PCT,ts0380005_PCT,ts0380006_PCT,ts0380007_PCT
E00122799,350,82,39,43,268,21,247,23.42857142857143,11.142857142857142,12.285714285714286,76.57142857142857,6,70.57142857142857
E00122801,368,105,48,57,263,38,225,28.532608695652172,13.043478260869565,15.489130434782608,71.46739130434783,10.326086956521738,61.141304347826086
E00122802,315,88,42,46,227,18,209,27.936507936507937,13.333333333333334,14.603174603174605,72.06349206349206,5.714285714285714,66.34920634920634
E00122803,440,99,51,48,341,19,322,22.5,11.59090909090909,10.909090909090908,77.5,4.318181818181818,73.18181818181819
E00122804,429,103,57,46,326,27,299,24.00932400932401,13.286713286713287,10.722610722610723,75.990675990676,6.293706293706294,69.6969696969697
E00122805,332,90,46,44,242,20,222,27.10843373493976,13.855421686746988,13.253012048192772,72.89156626506023,6.024096385542169,66.86746987951807
E00122806,413,93,41,52,320,27,293,22.518159806295397,9.927360774818402,12.590799031477,77.4818401937046,6.5375302663438255,70.94430992736078
E00122807,256,55,24,31,201,18,183,21.484375,9.375,12.109375,78.515625,7.03125,71.484375
E00122808,356,57,25,32,299,23,276,16.01123595505618,7.02247191011236,8.98876404494382,83.98876404494382,6.460674157303371,77.52808988764045
E00122809,322,70,29,41,252,28,224,21.73913043478261,9.006211180124224,12.732919254658384,78.26086956521739,8.695652173913043,69.56521739130434
E00122810,355,62,30,32,293,19,274,17.464788732394364,8.450704225352112,9.014084507042254,82.53521126760563,5.352112676056338,77.1830985915493
E00122811,580,76,27,49,504,38,466,13.10344827586207,4.655172413793104,8.448275862068966,86.89655172413792,6.551724137931035,80.3448275862069
E00122812,340,71,30,41,269,29,240,20.88235294117647,8.823529411764707,12.058823529411764,79.11764705882352,8.529411764705882,70.58823529411765
E00122813,249,41,14,27,208,25,183,16.46586345381526,5.622489959839357,10.843373493975903,83.53413654618474,10.040160642570282,73.49397590361446
E00122814,283,58,30,28,225,20,205,20.49469964664311,10.60070671378092,9.89399293286219,79.50530035335689,7.06713780918728,72.43816254416961
E00122815,306,61,26,35,245,28,217,19.934640522875817,8.49673202614379,11.437908496732026,80.06535947712419,9.15032679738562,70.91503267973856
E00122816,321,59,23,36,262,17,245,18.38006230529595,7.165109034267912,11.214953271028037,81.61993769470405,5.29595015576324,76.32398753894081
E00122817,346,52,23,29,294,17,277,15.028901734104046,6.6473988439306355,8.38150289017341,84.97109826589595,4.913294797687861,80.05780346820809
E00122818,279,50,18,32,229,25,204,17.921146953405017,6.451612903225806,11.469534050179211,82.07885304659499,8.960573476702509,73.11827956989248
E00122819,337,58,16,42,279,26,253,17.210682492581604,4.747774480712167,12.462908011869436,82.7893175074184,7.71513353115727,75.07418397626114
E00122820,349,50,21,29,299,30,269,14.326647564469914,6.017191977077363,8.30945558739255,85.67335243553008,8.595988538681947,77.07736389684814
E00122821,307,74,36,38,233,18,215,24.104234527687296,11.726384364820847,12.37785016286645,75.8957654723127,5.863192182410423,70.03257328990227
E00122822,306,82,29,53,224,13,211,26.797385620915033,9.477124183006536,17.320261437908496,73.20261437908496,4.248366013071895,68.95424836601308
E00122823,288,71,45,26,217,27,190,24.65277777777778,15.625,9.027777777777777,75.34722222222221,9.375,65.97222222222221
E00122824,375,90,44,46,285,27,258,24,11.733333333333333,12.266666666666666,76,7.199999999999999,68.8
E00122825,230,65,32,33,165,13,152,28.26086956521739,13.91304347826087,14.347826086956522,71.73913043478261,5.6521739130434785,66.08695652173913
E00122826,370,64,25,39,306,32,274,17.2972972972973,6.756756756756757,10.54054054054054,82.70270270270271,8.64864864864865,74.05405405405405
E00122827,428,111,51,60,317,22,295,25.934579439252335,11.91588785046729,14.018691588785046,74.06542056074767,5.14018691588785,68.92523364485982
E00122828,283,57,31,26,226,18,208,20.141342756183743,10.954063604240282,9.187279151943462,79.85865724381625,6.36042402826855,73.4982332155477
E00122829,349,67,24,43,282,34,248,19.197707736389685,6.876790830945559,12.320916905444127,80.80229226361033,9.742120343839542,71.06017191977078
E00122830,325,49,25,24,276,17,259,15.076923076923077,7.6923076923076925,7.384615384615385,84.92307692307692,5.230769230769231,79.6923076923077
E00122831,353,62,20,42,291,36,255,17.56373937677054,5.6657223796034,11.89801699716714,82.43626062322946,10.198300283286118,72.23796033994334
E00122832,267,77,42,35,190,12,178,28.83895131086142,15.730337078651685,13.108614232209737,71.16104868913857,4.49438202247191,66.66666666666666
E00122833,372,143,81,62,229,16,213,38.44086021505376,21.774193548387096,16.666666666666664,61.55913978494624,4.301075268817205,57.25806451612904
E00122834,300,83,38,45,217,25,192,27.666666666666668,12.666666666666668,15,72.33333333333334,8.333333333333332,64
E00122835,276,67,25,42,209,22,187,24.27536231884058,9.057971014492754,15.217391304347828,75.72463768115942,7.971014492753622,67.7536231884058
E00122836,264,77,41,36,187,28,159,29.166666666666668,15.530303030303031,13.636363636363635,70.83333333333334,10.606060606060606,60.22727272727273
E00122837,299,69,26,43,230,12,218,23.076923076923077,8.695652173913043,14.381270903010032,76.92307692307693,4.013377926421405,72.90969899665552
E00122838,243,86,47,39,157,14,143,35.390946502057616,19.34156378600823,16.049382716049383,64.60905349794238,5.761316872427984,58.8477366255144
E00122840,283,78,29,49,205,26,179,27.56183745583039,10.247349823321555,17.314487632508836,72.43816254416961,9.187279151943462,63.25088339222616
E00122841,278,81,39,42,197,25,172,29.136690647482016,14.028776978417264,15.107913669064748,70.86330935251799,8.992805755395683,61.87050359712231
E00122842,301,46,17,29,255,23,232,15.282392026578073,5.647840531561462,9.634551495016613,84.71760797342192,7.641196013289036,77.0764119601329
E00122843,497,98,41,57,399,29,370,19.718309859154928,8.249496981891348,11.468812877263582,80.28169014084507,5.8350100603621735,74.44668008048289
E00122844,211,52,27,25,159,18,141,24.644549763033176,12.796208530805686,11.848341232227488,75.35545023696683,8.530805687203792,66.82464454976304
E00122845,444,73,43,30,371,36,335,16.441441441441444,9.684684684684685,6.756756756756757,83.55855855855856,8.108108108108109,75.45045045045045
E00122847,180,49,23,26,131,23,108,27.22222222222222,12.777777777777777,14.444444444444443,72.77777777777777,12.777777777777777,60
E00122848,252,42,12,30,210,25,185,16.666666666666664,4.761904761904762,11.904761904761903,83.33333333333334,9.920634920634921,73.4126984126984
E00122849,257,73,35,38,184,19,165,28.404669260700388,13.618677042801556,14.785992217898833,71.59533073929961,7.392996108949417,64.2023346303502
E00122850,164,46,23,23,118,10,108,28.04878048780488,14.02439024390244,14.02439024390244,71.95121951219512,6.097560975609756,65.85365853658537
E00122851,210,69,33,36,141,10,131,32.857142857142854,15.714285714285714,17.142857142857142,67.14285714285714,4.761904761904762,62.38095238095238
E00122852,262,59,22,37,203,12,191,22.519083969465647,8.396946564885496,14.122137404580155,77.48091603053436,4.580152671755725,72.90076335877863
E00122853,330,62,28,34,268,29,239,18.787878787878785,8.484848484848486,10.303030303030303,81.21212121212122,8.787878787878787,72.42424242424242
E00122854,349,59,17,42,290,33,257,16.9054441260745,4.871060171919771,12.034383954154727,83.0945558739255,9.455587392550143,73.63896848137536
E00122855,288,82,39,43,206,22,184,28.47222222222222,13.541666666666666,14.930555555555555,71.52777777777779,7.638888888888889,63.888888888888886
E00122856,380,104,53,51,276,27,249,27.368421052631582,13.94736842105263,13.421052631578947,72.63157894736842,7.105263157894736,65.52631578947368
E00122857,213,43,14,29,170,18,152,20.187793427230048,6.572769953051644,13.615023474178404,79.81220657276995,8.450704225352112,71.36150234741784
E00122858,324,59,21,38,265,31,234,18.209876543209877,6.481481481481481,11.728395061728394,81.79012345679013,9.5679012345679,72.22222222222221
E00122859,219,63,31,32,156,13,143,28.767123287671232,14.15525114155251,14.61187214611872,71.23287671232876,5.93607305936073,65.29680365296804
E00122860,283,62,23,39,221,24,197,21.908127208480565,8.12720848056537,13.780918727915195,78.09187279151944,8.480565371024735,69.6113074204947
E00122861,364,67,22,45,297,34,263,18.40659340659341,6.043956043956044,12.362637362637363,81.5934065934066,9.340659340659341,72.25274725274726
E00122862,358,57,27,30,301,26,275,15.921787709497206,7.5418994413407825,8.379888268156424,84.07821229050279,7.262569832402235,76.81564245810057
E00122863,258,57,23,34,201,19,182,22.093023255813954,8.914728682170542,13.178294573643413,77.90697674418605,7.3643410852713185,70.54263565891473
E00122864,225,42,17,25,183,27,156,18.666666666666668,7.555555555555555,11.11111111111111,81.33333333333333,12,69.33333333333334
E00122865,255,50,28,22,205,20,185,19.607843137254903,10.980392156862745,8.627450980392156,80.3921568627451,7.8431372549019605,72.54901960784314
E00122866,369,104,48,56,265,30,235,28.184281842818425,13.008130081300814,15.176151761517614,71.81571815718158,8.130081300813007,63.68563685636857
E00122867,367,79,32,47,288,32,256,21.525885558583106,8.71934604904632,12.806539509536785,78.4741144414169,8.71934604904632,69.75476839237056
E00122868,372,69,22,47,303,32,271,18.548387096774192,5.913978494623656,12.634408602150538,81.45161290322581,8.60215053763441,72.84946236559139
E00122869,381,63,15,48,318,31,287,16.535433070866144,3.937007874015748,12.598425196850393,83.46456692913385,8.136482939632545,75.32808398950131
E00122870,317,87,36,51,230,17,213,27.444794952681388,11.35646687697161,16.08832807570978,72.55520504731862,5.3627760252365935,67.19242902208202
E00122871,365,116,64,52,249,31,218,31.780821917808222,17.534246575342465,14.246575342465754,68.21917808219177,8.493150684931507,59.726027397260275
E00122872,306,60,21,39,246,19,227,19.607843137254903,6.862745098039216,12.745098039215685,80.3921568627451,6.209150326797386,74.18300653594771
E00122873,339,59,23,36,280,26,254,17.404129793510325,6.784660766961652,10.619469026548673,82.59587020648968,7.669616519174041,74.92625368731564
E00122874,299,53,16,37,246,38,208,17.725752508361204,5.351170568561873,12.37458193979933,82.2742474916388,12.709030100334449,69.56521739130434
E00122875,284,54,23,31,230,26,204,19.014084507042252,8.098591549295776,10.915492957746478,80.98591549295774,9.15492957746479,71.83098591549296
E00122876,259,49,18,31,210,24,186,18.91891891891892,6.94980694980695,11.96911196911197,81.08108108108108,9.266409266409266,71.81467181467181
E00122877,394,100,48,52,294,42,252,25.380710659898476,12.18274111675127,13.19796954314721,74.61928934010153,10.65989847715736,63.95939086294417
E00122878,350,65,22,43,285,28,257,18.571428571428573,6.2857142857142865,12.285714285714286,81.42857142857143,8,73.42857142857143
E00122879,219,42,19,23,177,20,157,19.17808219178082,8.67579908675799,10.50228310502283,80.82191780821918,9.1324200913242,71.68949771689498
E00122880,264,47,16,31,217,25,192,17.803030303030305,6.0606060606060606,11.742424242424242,82.1969696969697,9.469696969696969,72.72727272727273
E00122881,344,72,34,38,272,25,247,20.930232558139537,9.883720930232558,11.046511627906977,79.06976744186046,7.267441860465117,71.80232558139535
E00122882,353,91,48,43,262,33,229,25.77903682719547,13.59773371104816,12.181303116147308,74.22096317280453,9.34844192634561,64.87252124645893
E00122883,310,57,17,40,253,24,229,18.387096774193548,5.483870967741936,12.903225806451612,81.61290322580645,7.741935483870968,73.87096774193549
E00122884,375,57,20,37,318,32,286,15.2,5.333333333333334,9.866666666666667,84.8,8.533333333333333,76.26666666666667
E00122885,431,62,23,39,369,28,341,14.385150812064964,5.336426914153132,9.048723897911833,85.61484918793504,6.496519721577726,79.11832946635731
E00122886,361,95,47,48,266,31,235,26.31578947368421,13.019390581717452,13.29639889196676,73.68421052631578,8.587257617728532,65.09695290858726
E00122887,313,54,23,31,259,24,235,17.252396166134183,7.348242811501597,9.904153354632587,82.74760383386581,7.667731629392971,75.07987220447284
E00122888,349,76,32,44,273,30,243,21.776504297994272,9.169054441260744,12.607449856733524,78.22349570200574,8.595988538681947,69.62750716332378
E00122889,262,83,40,43,179,15,164,31.679389312977097,15.267175572519085,16.412213740458014,68.32061068702289,5.7251908396946565,62.59541984732825
E00122890,240,50,18,32,190,28,162,20.833333333333336,7.5,13.333333333333334,79.16666666666666,11.666666666666666,67.5
E00122891,554,106,32,74,448,41,407,19.133574007220215,5.776173285198556,13.357400722021662,80.86642599277978,7.400722021660649,73.46570397111914
E00122892,451,93,30,63,358,37,321,20.620842572062084,6.651884700665188,13.968957871396896,79.37915742793791,8.2039911308204,71.17516629711751
E00122893,393,69,20,49,324,26,298,17.557251908396946,5.089058524173027,12.46819338422392,82.44274809160305,6.615776081424936,75.82697201017811
E00122894,587,60,24,36,527,48,479,10.221465076660987,4.088586030664395,6.132879045996593,89.77853492333901,8.17717206132879,81.60136286201022
E00122895,333,73,30,43,260,26,234,21.92192192192192,9.00900900900901,12.912912912912914,78.07807807807808,7.807807807807808,70.27027027027027
E00122896,322,59,22,37,263,32,231,18.32298136645963,6.832298136645963,11.490683229813664,81.67701863354037,9.937888198757763,71.73913043478261
E00122897,230,47,16,31,183,24,159,20.434782608695652,6.956521739130435,13.478260869565217,79.56521739130434,10.434782608695652,69.1304347826087
E00122898,289,54,18,36,235,27,208,18.685121107266436,6.228373702422145,12.45674740484429,81.31487889273356,9.342560553633218,71.97231833910035
E00122899,339,79,43,36,260,32,228,23.303834808259587,12.684365781710916,10.619469026548673,76.69616519174042,9.43952802359882,67.2566371681416
E00122900,277,52,21,31,225,30,195,18.772563176895307,7.581227436823104,11.191335740072201,81.2274368231047,10.830324909747292,70.3971119133574
E00122901,285,55,17,38,230,21,209,19.298245614035086,5.964912280701754,13.333333333333334,80.7017543859649,7.368421052631578,73.33333333333333
E00122902,408,86,36,50,322,26,296,21.07843137254902,8.823529411764707,12.254901960784313,78.92156862745098,6.372549019607843,72.54901960784314
E00122903,444,55,20,35,389,42,347,12.387387387387387,4.504504504504505,7.882882882882883,87.61261261261262,9.45945945945946,78.15315315315316
E00122904,350,57,13,44,293,36,257,16.28571428571429,3.7142857142857144,12.571428571428573,83.71428571428572,10.285714285714285,73.42857142857143
E00122905,337,74,30,44,263,29,234,21.958456973293767,8.902077151335313,13.056379821958458,78.04154302670622,8.605341246290802,69.43620178041543
E00122906,321,67,24,43,254,24,230,20.87227414330218,7.476635514018691,13.395638629283487,79.12772585669782,7.476635514018691,71.65109034267913
E00122907,321,50,16,34,271,32,239,15.57632398753894,4.984423676012461,10.59190031152648,84.42367601246106,9.968847352024921,74.45482866043614
E00122908,330,48,19,29,282,41,241,14.545454545454545,5.757575757575758,8.787878787878787,85.45454545454545,12.424242424242424,73.03030303030303
E00122909,357,77,31,46,280,35,245,21.568627450980394,8.683473389355742,12.885154061624648,78.43137254901961,9.803921568627452,68.62745098039215
E00122910,434,142,69,73,292,37,255,32.71889400921659,15.898617511520738,16.82027649769585,67.2811059907834,8.525345622119817,58.75576036866359
E00122911,391,62,22,40,329,23,306,15.856777493606138,5.626598465473146,10.230179028132993,84.14322250639387,5.88235294117647,78.26086956521739
E00122912,318,59,22,37,259,23,236,18.553459119496853,6.918238993710692,11.635220125786164,81.44654088050315,7.232704402515723,74.21383647798741
E00122913,431,133,84,49,298,20,278,30.8584686774942,19.489559164733176,11.36890951276102,69.1415313225058,4.640371229698376,64.50116009280742
E00122914,340,48,16,32,292,33,259,14.117647058823529,4.705882352941177,9.411764705882353,85.88235294117646,9.705882352941178,76.17647058823529
E00122915,336,47,14,33,289,33,256,13.988095238095239,4.166666666666666,9.821428571428571,86.01190476190477,9.821428571428571,76.19047619047619
E00122916,344,79,39,40,265,26,239,22.96511627906977,11.337209302325581,11.627906976744185,77.03488372093024,7.55813953488372,69.47674418604652
E00122917,341,53,25,28,288,15,273,15.542521994134898,7.331378299120235,8.211143695014663,84.4574780058651,4.398826979472141,80.05865102639295
E00122918,264,35,14,21,229,33,196,13.257575757575758,5.303030303030303,7.954545454545454,86.74242424242425,12.5,74.24242424242425
E00122919,320,65,24,41,255,17,238,20.3125,7.5,12.812499999999998,79.6875,5.3125,74.375
E00122920,304,56,19,37,248,25,223,18.421052631578945,6.25,12.171052631578947,81.57894736842105,8.223684210526317,73.35526315789474
E00122921,332,63,23,40,269,19,250,18.97590361445783,6.927710843373494,12.048192771084338,81.02409638554217,5.72289156626506,75.30120481927712
E00122922,330,85,32,53,245,19,226,25.757575757575758,9.696969696969697,16.060606060606062,74.24242424242425,5.757575757575758,68.48484848484848
E00122923,363,58,22,36,305,28,277,15.977961432506888,6.0606060606060606,9.917355371900827,84.02203856749311,7.7134986225895315,76.30853994490359
E00122924,337,79,34,45,258,19,239,23.44213649851632,10.089020771513352,13.353115727002967,76.55786350148368,5.637982195845697,70.91988130563797
E00122925,289,54,17,37,235,18,217,18.685121107266436,5.88235294117647,12.802768166089965,81.31487889273356,6.228373702422145,75.08650519031141
E00122926,310,53,25,28,257,34,223,17.096774193548388,8.064516129032258,9.032258064516128,82.9032258064516,10.967741935483872,71.93548387096774
E00122927,262,43,19,24,219,21,198,16.412213740458014,7.251908396946565,9.16030534351145,83.58778625954199,8.015267175572518,75.57251908396947
E00122928,228,47,17,30,181,21,160,20.614035087719298,7.456140350877193,13.157894736842104,79.3859649122807,9.210526315789473,70.17543859649122
E00122929,305,68,19,49,237,22,215,22.295081967213115,6.229508196721312,16.065573770491802,77.70491803278688,7.213114754098362,70.49180327868852
E00122930,340,46,21,25,294,26,268,13.529411764705882,6.176470588235294,7.352941176470589,86.47058823529412,7.647058823529412,78.82352941176471
E00122931,457,112,50,62,345,27,318,24.50765864332604,10.940919037199125,13.566739606126916,75.49234135667396,5.908096280087528,69.58424507658644
E00122932,509,103,51,52,406,34,372,20.23575638506876,10.019646365422396,10.216110019646365,79.76424361493125,6.679764243614931,73.0844793713163
E00122933,299,43,17,26,256,26,230,14.381270903010032,5.68561872909699,8.695652173913043,85.61872909698997,8.695652173913043,76.92307692307693
E00122934,546,100,43,57,446,35,411,18.315018315018314,7.875457875457875,10.43956043956044,81.68498168498168,6.41025641025641,75.27472527472527
E00122936,338,93,47,46,245,27,218,27.514792899408285,13.905325443786982,13.609467455621301,72.48520710059172,7.988165680473373,64.49704142011834
E00122937,348,120,70,50,228,27,201,34.48275862068966,20.114942528735632,14.367816091954023,65.51724137931035,7.758620689655173,57.758620689655174
E00122938,281,51,25,26,230,25,205,18.14946619217082,8.896797153024911,9.252669039145907,81.85053380782918,8.896797153024911,72.95373665480427
E00122939,296,86,46,40,210,19,191,29.054054054054053,15.54054054054054,13.513513513513514,70.94594594594594,6.418918918918918,64.52702702702703
E00122940,355,87,40,47,268,19,249,24.507042253521128,11.267605633802818,13.239436619718308,75.49295774647888,5.352112676056338,70.14084507042253
E00122941,410,97,33,64,313,36,277,23.65853658536585,8.048780487804878,15.609756097560975,76.34146341463415,8.780487804878048,67.5609756097561
E00122942,269,48,22,26,221,25,196,17.843866171003718,8.178438661710038,9.66542750929368,82.15613382899627,9.293680297397769,72.86245353159852
E00122943,309,63,29,34,246,26,220,20.388349514563107,9.385113268608414,11.003236245954692,79.6116504854369,8.414239482200648,71.19741100323624
E00122944,288,59,23,36,229,25,204,20.48611111111111,7.986111111111111,12.5,79.51388888888889,8.680555555555555,70.83333333333334
E00122945,489,105,47,58,384,37,347,21.472392638036812,9.611451942740286,11.860940695296524,78.52760736196319,7.566462167689162,70.96114519427404
E00122946,305,96,42,54,209,32,177,31.475409836065577,13.77049180327869,17.704918032786885,68.52459016393443,10.491803278688524,58.032786885245905
E00122947,358,100,56,44,258,25,233,27.932960893854748,15.64245810055866,12.290502793296088,72.06703910614524,6.983240223463687,65.08379888268156
E00122948,303,41,5,36,262,35,227,13.531353135313532,1.65016501650165,11.881188118811881,86.46864686468648,11.55115511551155,74.91749174917491
E00122949,368,89,54,35,279,25,254,24.184782608695652,14.673913043478262,9.510869565217392,75.81521739130434,6.7934782608695645,69.02173913043478
E00122950,364,74,42,32,290,19,271,20.32967032967033,11.538461538461538,8.791208791208792,79.67032967032966,5.21978021978022,74.45054945054946
E00122951,295,57,21,36,238,16,222,19.322033898305087,7.118644067796611,12.203389830508476,80.67796610169492,5.423728813559322,75.2542372881356
E00122952,324,49,28,21,275,34,241,15.123456790123457,8.641975308641975,6.481481481481481,84.87654320987654,10.493827160493826,74.38271604938271
E00122953,304,62,20,42,242,17,225,20.394736842105264,6.578947368421052,13.815789473684212,79.60526315789474,5.592105263157895,74.01315789473685
E00122954,310,59,22,37,251,22,229,19.032258064516128,7.096774193548387,11.935483870967742,80.96774193548387,7.096774193548387,73.87096774193549
E00122955,303,67,27,40,236,20,216,22.112211221122113,8.91089108910891,13.2013201320132,77.88778877887789,6.6006600660066,71.28712871287128
E00122956,323,89,48,41,234,23,211,27.55417956656347,14.860681114551083,12.693498452012383,72.44582043343654,7.120743034055728,65.3250773993808
E00122957,338,50,18,32,288,32,256,14.792899408284024,5.325443786982249,9.467455621301776,85.20710059171599,9.467455621301776,75.7396449704142
E00122958,295,58,23,35,237,28,209,19.661016949152543,7.796610169491526,11.864406779661017,80.33898305084746,9.491525423728813,70.84745762711864
E00122959,315,57,19,38,258,19,239,18.095238095238095,6.031746031746032,12.063492063492063,81.9047619047619,6.031746031746032,75.87301587301587
E00122960,302,84,43,41,218,16,202,27.81456953642384,14.23841059602649,13.57615894039735,72.18543046357617,5.298013245033113,66.88741721854305
E00122961,245,64,34,30,181,17,164,26.122448979591837,13.877551020408163,12.244897959183673,73.87755102040816,6.938775510204081,66.93877551020408
E00122962,321,69,27,42,252,28,224,21.49532710280374,8.411214953271028,13.084112149532709,78.50467289719626,8.722741433021806,69.78193146417445
E00122963,323,72,31,41,251,24,227,22.291021671826623,9.597523219814242,12.693498452012383,77.70897832817337,7.430340557275541,70.27863777089783
E00122964,327,73,34,39,254,27,227,22.32415902140673,10.397553516819572,11.926605504587156,77.67584097859327,8.256880733944955,69.41896024464832
E00122965,427,86,35,51,341,22,319,20.140515222482435,8.19672131147541,11.943793911007026,79.85948477751757,5.152224824355972,74.7072599531616
E00122966,301,80,36,44,221,24,197,26.578073089701,11.960132890365449,14.61794019933555,73.421926910299,7.973421926910299,65.4485049833887
E00122967,333,67,30,37,266,28,238,20.12012012012012,9.00900900900901,11.11111111111111,79.87987987987988,8.408408408408409,71.47147147147147
E00122968,333,66,33,33,267,20,247,19.81981981981982,9.90990990990991,9.90990990990991,80.18018018018019,6.006006006006006,74.17417417417418
E00122969,346,81,39,42,265,13,252,23.410404624277454,11.271676300578035,12.138728323699421,76.58959537572254,3.7572254335260116,72.83236994219652
E00122970,335,68,30,38,267,28,239,20.298507462686565,8.955223880597014,11.343283582089553,79.70149253731343,8.358208955223882,71.34328358208955
E00122971,305,70,37,33,235,24,211,22.950819672131146,12.131147540983607,10.819672131147541,77.04918032786885,7.868852459016394,69.18032786885246
E00122972,252,75,31,44,177,22,155,29.761904761904763,12.3015873015873,17.46031746031746,70.23809523809523,8.73015873015873,61.50793650793651
E00122973,341,66,23,43,275,36,239,19.35483870967742,6.744868035190615,12.609970674486803,80.64516129032258,10.557184750733137,70.08797653958945
E00122974,343,66,22,44,277,29,248,19.24198250728863,6.41399416909621,12.82798833819242,80.75801749271136,8.454810495626822,72.30320699708454
E00122975,297,61,29,32,236,43,193,20.53872053872054,9.764309764309765,10.774410774410773,79.46127946127946,14.47811447811448,64.98316498316498
E00122976,335,101,54,47,234,19,215,30.149253731343283,16.119402985074625,14.029850746268657,69.85074626865672,5.6716417910447765,64.17910447761194
E00122977,336,113,57,56,223,21,202,33.63095238095239,16.964285714285715,16.666666666666664,66.36904761904762,6.25,60.11904761904761
E00122978,237,43,18,25,194,18,176,18.143459915611814,7.59493670886076,10.548523206751055,81.85654008438819,7.59493670886076,74.26160337552743
E00122979,292,72,34,38,220,22,198,24.65753424657534,11.643835616438356,13.013698630136986,75.34246575342466,7.534246575342466,67.8082191780822
E00122980,354,65,34,31,289,27,262,18.361581920903955,9.6045197740113,8.757062146892656,81.63841807909604,7.627118644067797,74.01129943502825
E00122981,234,41,15,26,193,27,166,17.52136752136752,6.41025641025641,11.11111111111111,82.47863247863248,11.538461538461538,70.94017094017094
E00122982,213,39,12,27,174,15,159,18.30985915492958,5.633802816901409,12.676056338028168,81.69014084507043,7.042253521126761,74.64788732394366
E00122983,404,107,44,63,297,40,257,26.48514851485149,10.891089108910892,15.594059405940595,73.51485148514851,9.900990099009901,63.613861386138616
E00122984,302,73,26,47,229,24,205,24.17218543046358,8.609271523178808,15.562913907284766,75.82781456953643,7.9470198675496695,67.88079470198676
E00122985,243,51,20,31,192,27,165,20.98765432098765,8.23045267489712,12.757201646090536,79.01234567901234,11.11111111111111,67.90123456790124
E00122986,153,31,13,18,122,12,110,20.26143790849673,8.49673202614379,11.76470588235294,79.73856209150327,7.8431372549019605,71.89542483660131
E00122987,179,39,13,26,140,9,131,21.787709497206702,7.262569832402235,14.52513966480447,78.2122905027933,5.027932960893855,73.18435754189943
E00122988,217,61,30,31,156,16,140,28.110599078341014,13.82488479262673,14.285714285714285,71.88940092165899,7.373271889400922,64.51612903225806
E00122989,385,76,33,43,309,21,288,19.74025974025974,8.571428571428571,11.168831168831169,80.25974025974027,5.454545454545454,74.8051948051948
E00122990,183,52,26,26,131,16,115,28.415300546448087,14.207650273224044,14.207650273224044,71.58469945355192,8.743169398907105,62.841530054644814
E00122991,135,34,14,20,101,6,95,25.185185185185183,10.37037037037037,14.814814814814813,74.81481481481481,4.444444444444445,70.37037037037037
E00122992,126,34,9,25,92,6,86,26.984126984126984,7.142857142857142,19.841269841269842,73.01587301587301,4.761904761904762,68.25396825396825
E00122993,152,32,13,19,120,12,108,21.052631578947366,8.552631578947368,12.5,78.94736842105263,7.894736842105263,71.05263157894737
E00122994,243,52,19,33,191,18,173,21.39917695473251,7.818930041152264,13.580246913580247,78.60082304526749,7.4074074074074066,71.19341563786008
E00122995,186,38,11,27,148,13,135,20.43010752688172,5.913978494623656,14.516129032258066,79.56989247311827,6.989247311827956,72.58064516129032
E00122996,249,48,21,27,201,14,187,19.27710843373494,8.433734939759036,10.843373493975903,80.72289156626506,5.622489959839357,75.1004016064257
E00122997,244,51,23,28,193,29,164,20.901639344262296,9.426229508196721,11.475409836065573,79.09836065573771,11.885245901639344,67.21311475409836
E00122998,257,86,40,46,171,20,151,33.46303501945525,15.56420233463035,17.898832684824903,66.53696498054474,7.782101167315175,58.754863813229576
E00122999,184,54,23,31,130,26,104,29.347826086956523,12.5,16.847826086956523,70.65217391304348,14.130434782608695,56.52173913043478
E00123000,219,77,41,36,142,28,114,35.15981735159817,18.72146118721461,16.43835616438356,64.84018264840182,12.785388127853881,52.054794520547944
E00123001,166,49,22,27,117,10,107,29.518072289156628,13.253012048192772,16.265060240963855,70.48192771084338,6.024096385542169,64.45783132530121
E00123002,192,46,15,31,146,21,125,23.958333333333336,7.8125,16.145833333333336,76.04166666666666,10.9375,65.10416666666666
E00123003,259,61,17,44,198,24,174,23.552123552123554,6.563706563706563,16.988416988416986,76.44787644787645,9.266409266409266,67.18146718146718
E00123004,294,56,21,35,238,17,221,19.047619047619047,7.142857142857142,11.904761904761903,80.95238095238095,5.782312925170068,75.17006802721087
E00123005,250,38,16,22,212,28,184,15.2,6.4,8.799999999999999,84.8,11.200000000000001,73.6
E00123006,218,37,12,25,181,11,170,16.972477064220186,5.5045871559633035,11.46788990825688,83.02752293577981,5.045871559633028,77.98165137614679
E00123007,199,46,24,22,153,13,140,23.115577889447238,12.060301507537687,11.055276381909549,76.88442211055276,6.532663316582915,70.35175879396985
E00123008,216,51,22,29,165,19,146,23.61111111111111,10.185185185185185,13.425925925925927,76.38888888888889,8.796296296296296,67.5925925925926
E00123009,228,40,14,26,188,24,164,17.543859649122805,6.140350877192982,11.403508771929824,82.45614035087719,10.526315789473683,71.9298245614035
E00123010,237,46,21,25,191,23,168,19.40928270042194,8.860759493670885,10.548523206751055,80.59071729957806,9.70464135021097,70.88607594936708
E00123011,262,51,23,28,211,20,191,19.46564885496183,8.778625954198473,10.687022900763358,80.53435114503816,7.633587786259542,72.90076335877863
E00123012,286,45,12,33,241,21,220,15.734265734265735,4.195804195804196,11.538461538461538,84.26573426573427,7.3426573426573425,76.92307692307693
E00123013,311,84,48,36,227,20,207,27.009646302250808,15.434083601286176,11.57556270096463,72.9903536977492,6.430868167202572,66.55948553054662
E00123014,276,83,38,45,193,20,173,30.07246376811594,13.768115942028986,16.304347826086957,69.92753623188406,7.246376811594203,62.68115942028986
E00123015,274,78,48,30,196,22,174,28.467153284671532,17.51824817518248,10.948905109489052,71.53284671532847,8.02919708029197,63.503649635036496
E00123016,224,51,21,30,173,20,153,22.767857142857142,9.375,13.392857142857142,77.23214285714286,8.928571428571429,68.30357142857143
E00123017,335,62,28,34,273,30,243,18.507462686567163,8.358208955223882,10.149253731343283,81.49253731343283,8.955223880597014,72.53731343283583
E00123018,322,77,29,48,245,27,218,23.91304347826087,9.006211180124224,14.906832298136646,76.08695652173914,8.385093167701864,67.70186335403726
E00123019,386,74,34,40,312,36,276,19.170984455958546,8.808290155440414,10.362694300518134,80.82901554404145,9.32642487046632,71.50259067357513
E00123020,336,48,16,32,288,34,254,14.285714285714285,4.761904761904762,9.523809523809524,85.71428571428571,10.119047619047619,75.59523809523809
E00123021,335,60,18,42,275,27,248,17.91044776119403,5.3731343283582085,12.53731343283582,82.08955223880598,8.059701492537313,74.02985074626865
E00123022,301,46,21,25,255,32,223,15.282392026578073,6.976744186046512,8.305647840531561,84.71760797342192,10.631229235880399,74.08637873754152
E00123023,313,49,18,31,264,30,234,15.654952076677317,5.7507987220447285,9.904153354632587,84.34504792332268,9.584664536741213,74.76038338658148
E00123024,343,53,21,32,290,29,261,15.451895043731778,6.122448979591836,9.329446064139942,84.54810495626822,8.454810495626822,76.0932944606414
E00123025,285,44,19,25,241,24,217,15.43859649122807,6.666666666666667,8.771929824561402,84.56140350877193,8.421052631578947,76.14035087719299
E00123026,329,121,86,35,208,25,183,36.77811550151976,26.13981762917933,10.638297872340425,63.22188449848024,7.598784194528875,55.62310030395137
E00123027,347,54,22,32,293,36,257,15.561959654178676,6.340057636887608,9.221902017291066,84.43804034582134,10.37463976945245,74.06340057636888
E00123028,294,74,36,38,220,25,195,25.170068027210885,12.244897959183673,12.925170068027212,74.82993197278913,8.503401360544217,66.3265306122449
E00123029,307,44,17,27,263,23,240,14.332247557003258,5.537459283387622,8.794788273615636,85.66775244299674,7.491856677524431,78.17589576547232
E00123030,268,53,30,23,215,20,195,19.776119402985074,11.194029850746269,8.582089552238806,80.22388059701493,7.462686567164178,72.76119402985076
E00123031,364,75,31,44,289,31,258,20.604395604395602,8.516483516483516,12.087912087912088,79.3956043956044,8.516483516483516,70.87912087912088
E00123033,480,72,28,44,408,33,375,15,5.833333333333333,9.166666666666666,85,6.875000000000001,78.125
E00123034,397,15,9,6,382,5,377,3.7783375314861463,2.2670025188916876,1.5113350125944585,96.22166246851386,1.2594458438287155,94.96221662468514
E00123035,288,53,23,30,235,30,205,18.40277777777778,7.986111111111111,10.416666666666668,81.59722222222221,10.416666666666668,71.18055555555556
E00123036,326,58,22,36,268,26,242,17.791411042944784,6.748466257668712,11.042944785276074,82.20858895705521,7.975460122699387,74.23312883435584
E00123037,351,81,42,39,270,29,241,23.076923076923077,11.965811965811966,11.11111111111111,76.92307692307693,8.262108262108262,68.66096866096866
E00123038,246,58,28,30,188,21,167,23.577235772357724,11.38211382113821,12.195121951219512,76.42276422764228,8.536585365853659,67.88617886178862
E00123039,288,48,14,34,240,30,210,16.666666666666664,4.861111111111112,11.805555555555555,83.33333333333334,10.416666666666668,72.91666666666666
E00123040,380,87,45,42,293,27,266,22.894736842105264,11.842105263157894,11.052631578947368,77.10526315789473,7.105263157894736,70
E00123041,228,42,24,18,186,19,167,18.421052631578945,10.526315789473683,7.894736842105263,81.57894736842105,8.333333333333332,73.24561403508771
E00123042,294,57,28,29,237,17,220,19.387755102040817,9.523809523809524,9.863945578231291,80.61224489795919,5.782312925170068,74.82993197278913
E00123043,243,56,22,34,187,24,163,23.045267489711936,9.053497942386832,13.991769547325102,76.95473251028807,9.876543209876543,67.07818930041152
E00123044,367,66,16,50,301,46,255,17.983651226158038,4.35967302452316,13.623978201634879,82.01634877384197,12.534059945504087,69.48228882833789
E00123045,313,73,29,44,240,23,217,23.322683706070286,9.26517571884984,14.057507987220447,76.6773162939297,7.348242811501597,69.32907348242811
E00123046,269,59,21,38,210,25,185,21.933085501858738,7.806691449814126,14.12639405204461,78.06691449814126,9.293680297397769,68.77323420074349
E00123047,277,69,38,31,208,13,195,24.90974729241877,13.718411552346572,11.191335740072201,75.09025270758123,4.693140794223827,70.3971119133574
E00123048,461,94,43,51,367,25,342,20.390455531453362,9.327548806941431,11.062906724511931,79.60954446854663,5.42299349240781,74.18655097613883
E00123049,330,61,12,49,269,34,235,18.484848484848484,3.6363636363636362,14.84848484848485,81.51515151515152,10.303030303030303,71.21212121212122
E00123050,309,51,17,34,258,29,229,16.50485436893204,5.501618122977346,11.003236245954692,83.49514563106796,9.385113268608414,74.11003236245955
E00123051,313,59,25,34,254,20,234,18.849840255591054,7.987220447284344,10.86261980830671,81.15015974440894,6.3897763578274756,74.76038338658148
E00123052,292,73,32,41,219,14,205,25,10.95890410958904,14.04109589041096,75,4.794520547945205,70.2054794520548
E00123053,342,66,20,46,276,28,248,19.298245614035086,5.847953216374268,13.450292397660817,80.7017543859649,8.187134502923977,72.51461988304094
E00123054,291,61,27,34,230,16,214,20.962199312714777,9.278350515463918,11.683848797250858,79.03780068728523,5.498281786941581,73.53951890034365
E00123055,311,63,24,39,248,24,224,20.257234726688104,7.717041800643088,12.540192926045016,79.7427652733119,7.717041800643088,72.02572347266882
E00123056,413,96,42,54,317,26,291,23.24455205811138,10.16949152542373,13.075060532687651,76.75544794188862,6.2953995157385,70.46004842615012
E00123057,390,77,25,52,313,34,279,19.743589743589745,6.41025641025641,13.333333333333334,80.25641025641026,8.717948717948717,71.53846153846153
E00123058,308,74,34,40,234,21,213,24.025974025974026,11.03896103896104,12.987012987012985,75.97402597402598,6.8181818181818175,69.15584415584416
E00123059,225,74,33,41,151,20,131,32.88888888888889,14.666666666666666,18.22222222222222,67.11111111111111,8.88888888888889,58.22222222222222
E00123060,334,103,46,57,231,18,213,30.83832335329341,13.77245508982036,17.065868263473057,69.16167664670658,5.389221556886228,63.772455089820355
E00123061,366,77,37,40,289,21,268,21.03825136612022,10.10928961748634,10.92896174863388,78.96174863387978,5.737704918032787,73.224043715847
E00123062,538,114,61,53,424,35,389,21.189591078066915,11.338289962825279,9.851301115241636,78.81040892193309,6.5055762081784385,72.30483271375465
E00123063,305,92,49,43,213,22,191,30.16393442622951,16.065573770491802,14.098360655737704,69.83606557377048,7.213114754098362,62.62295081967213
E00123064,227,39,13,26,188,18,170,17.180616740088105,5.726872246696035,11.45374449339207,82.81938325991189,7.929515418502203,74.8898678414097
E00123065,372,76,26,50,296,41,255,20.43010752688172,6.989247311827956,13.440860215053762,79.56989247311827,11.021505376344086,68.54838709677419
E00123066,204,47,15,32,157,13,144,23.03921568627451,7.352941176470589,15.686274509803921,76.9607843137255,6.372549019607843,70.58823529411765
E00123067,318,84,30,54,234,25,209,26.41509433962264,9.433962264150944,16.9811320754717,73.58490566037736,7.861635220125786,65.72327044025157
E00123068,190,36,11,25,154,20,134,18.947368421052634,5.7894736842105265,13.157894736842104,81.05263157894737,10.526315789473683,70.52631578947368
E00123069,207,44,16,28,163,15,148,21.256038647342994,7.729468599033816,13.526570048309178,78.74396135265701,7.246376811594203,71.49758454106279
E00123070,254,42,12,30,212,30,182,16.535433070866144,4.724409448818897,11.811023622047244,83.46456692913385,11.811023622047244,71.65354330708661
E00123071,217,45,17,28,172,15,157,20.737327188940093,7.834101382488479,12.903225806451612,79.26267281105991,6.912442396313365,72.35023041474655
E00123072,268,45,14,31,223,24,199,16.791044776119403,5.223880597014925,11.567164179104477,83.2089552238806,8.955223880597014,74.25373134328358
E00123073,245,68,30,38,177,20,157,27.755102040816325,12.244897959183673,15.510204081632653,72.24489795918367,8.16326530612245,64.08163265306122
E00123074,234,40,18,22,194,28,166,17.094017094017094,7.6923076923076925,9.401709401709402,82.90598290598291,11.965811965811966,70.94017094017094
E00123075,266,45,18,27,221,19,202,16.917293233082706,6.7669172932330826,10.150375939849624,83.0827067669173,7.142857142857142,75.93984962406014
E00123076,305,82,37,45,223,19,204,26.885245901639344,12.131147540983607,14.754098360655737,73.11475409836066,6.229508196721312,66.88524590163935
E00123077,269,60,21,39,209,21,188,22.304832713754646,7.806691449814126,14.49814126394052,77.69516728624535,7.806691449814126,69.88847583643123
E00123078,311,94,40,54,217,23,194,30.22508038585209,12.861736334405144,17.363344051446948,69.77491961414792,7.395498392282958,62.37942122186495
E00123079,286,43,18,25,243,32,211,15.034965034965033,6.293706293706294,8.741258741258742,84.96503496503497,11.188811188811188,73.77622377622379
E00123080,249,39,12,27,210,25,185,15.66265060240964,4.819277108433735,10.843373493975903,84.33734939759037,10.040160642570282,74.29718875502009
E00123081,161,28,12,16,133,10,123,17.391304347826086,7.453416149068323,9.937888198757763,82.6086956521739,6.211180124223603,76.3975155279503
E00123082,256,44,18,26,212,26,186,17.1875,7.03125,10.15625,82.8125,10.15625,72.65625
E00123083,368,63,25,38,305,54,251,17.119565217391305,6.7934782608695645,10.326086956521738,82.88043478260869,14.673913043478262,68.20652173913044
E00123084,465,59,26,33,406,58,348,12.688172043010754,5.591397849462366,7.096774193548387,87.31182795698925,12.473118279569892,74.83870967741936
E00123085,409,106,49,57,303,34,269,25.91687041564792,11.98044009779951,13.93643031784841,74.08312958435208,8.312958435207824,65.77017114914425
E00123086,355,42,20,22,313,36,277,11.830985915492958,5.633802816901409,6.197183098591549,88.16901408450704,10.140845070422536,78.0281690140845
E00123087,304,63,24,39,241,22,219,20.723684210526315,7.894736842105263,12.828947368421053,79.27631578947368,7.236842105263158,72.03947368421053
E00123088,351,105,63,42,246,24,222,29.914529914529915,17.94871794871795,11.965811965811966,70.08547008547008,6.837606837606838,63.24786324786324
E00123089,321,88,36,52,233,24,209,27.41433021806853,11.214953271028037,16.1993769470405,72.58566978193146,7.476635514018691,65.10903426791276
E00123090,280,70,15,55,210,17,193,25,5.357142857142857,19.642857142857142,75,6.071428571428571,68.92857142857143
E00123091,353,69,23,46,284,35,249,19.54674220963173,6.515580736543909,13.031161473087819,80.45325779036827,9.91501416430595,70.53824362606233
E00123092,227,90,43,47,137,7,130,39.647577092511014,18.94273127753304,20.704845814977972,60.352422907488986,3.0837004405286343,57.268722466960355
E00123093,294,61,19,42,233,22,211,20.74829931972789,6.462585034013606,14.285714285714285,79.25170068027211,7.482993197278912,71.7687074829932
E00123094,363,88,35,53,275,24,251,24.242424242424242,9.641873278236915,14.600550964187327,75.75757575757575,6.6115702479338845,69.14600550964187
E00123095,431,100,40,60,331,27,304,23.201856148491878,9.280742459396752,13.921113689095128,76.79814385150812,6.2645011600928076,70.53364269141531
E00123096,531,140,62,78,391,29,362,26.365348399246702,11.67608286252354,14.689265536723164,73.6346516007533,5.4613935969868175,68.17325800376648
E00123097,286,48,18,30,238,28,210,16.783216783216783,6.293706293706294,10.48951048951049,83.21678321678321,9.79020979020979,73.42657342657343
E00123098,391,120,63,57,271,17,254,30.69053708439898,16.11253196930946,14.578005115089516,69.30946291560103,4.3478260869565215,64.9616368286445
E00123099,308,73,31,42,235,17,218,23.7012987012987,10.064935064935066,13.636363636363635,76.2987012987013,5.51948051948052,70.77922077922078
E00123100,290,72,29,43,218,17,201,24.82758620689655,10,14.827586206896552,75.17241379310344,5.862068965517241,69.3103448275862
E00123101,291,50,28,22,241,16,225,17.18213058419244,9.621993127147768,7.560137457044673,82.81786941580756,5.498281786941581,77.31958762886599
E00123102,395,92,30,62,303,30,273,23.29113924050633,7.59493670886076,15.69620253164557,76.70886075949367,7.59493670886076,69.11392405063292
E00123103,407,101,51,50,306,25,281,24.815724815724817,12.530712530712531,12.285012285012286,75.18427518427518,6.142506142506143,69.04176904176904
E00123104,358,88,33,55,270,21,249,24.581005586592177,9.217877094972067,15.363128491620111,75.41899441340783,5.865921787709497,69.55307262569832
E00123105,362,99,46,53,263,22,241,27.348066298342545,12.70718232044199,14.64088397790055,72.65193370165746,6.077348066298343,66.57458563535911
E00123106,440,92,39,53,348,20,328,20.909090909090907,8.863636363636363,12.045454545454545,79.0909090909091,4.545454545454546,74.54545454545455
E00123107,288,67,31,36,221,16,205,23.26388888888889,10.76388888888889,12.5,76.73611111111111,5.555555555555555,71.18055555555556
E00123108,365,85,43,42,280,25,255,23.28767123287671,11.78082191780822,11.506849315068493,76.71232876712328,6.8493150684931505,69.86301369863014
E00123109,342,81,39,42,261,16,245,23.684210526315788,11.403508771929824,12.280701754385964,76.31578947368422,4.678362573099415,71.6374269005848
E00123110,265,79,37,42,186,19,167,29.81132075471698,13.962264150943396,15.849056603773585,70.18867924528301,7.169811320754717,63.0188679245283
E00123111,339,95,48,47,244,18,226,28.023598820058996,14.15929203539823,13.864306784660767,71.976401179941,5.3097345132743365,66.66666666666666
E00123112,195,68,36,32,127,14,113,34.87179487179487,18.461538461538463,16.41025641025641,65.12820512820512,7.179487179487179,57.948717948717956
E00123113,238,76,35,41,162,9,153,31.932773109243694,14.705882352941178,17.22689075630252,68.0672268907563,3.7815126050420167,64.28571428571429
E00123114,334,87,40,47,247,23,224,26.047904191616766,11.976047904191617,14.071856287425149,73.95209580838323,6.88622754491018,67.06586826347305
E00123115,223,48,13,35,175,27,148,21.524663677130047,5.829596412556054,15.695067264573993,78.47533632286996,12.10762331838565,66.3677130044843
E00123116,282,69,36,33,213,26,187,24.46808510638298,12.76595744680851,11.702127659574469,75.53191489361703,9.219858156028367,66.31205673758865
E00123117,311,71,30,41,240,22,218,22.829581993569132,9.646302250803858,13.183279742765272,77.17041800643086,7.07395498392283,70.09646302250803
E00123118,220,50,22,28,170,14,156,22.727272727272727,10,12.727272727272727,77.27272727272727,6.363636363636363,70.9090909090909
E00123119,214,39,11,28,175,13,162,18.22429906542056,5.14018691588785,13.084112149532709,81.77570093457945,6.074766355140187,75.70093457943925
E00123120,308,87,60,27,221,31,190,28.246753246753247,19.480519480519483,8.766233766233766,71.75324675324676,10.064935064935066,61.68831168831169
E00123121,233,58,23,35,175,20,155,24.892703862660944,9.871244635193133,15.021459227467812,75.10729613733905,8.583690987124463,66.52360515021459
E00123122,165,47,23,24,118,13,105,28.484848484848484,13.939393939393941,14.545454545454545,71.51515151515152,7.878787878787878,63.63636363636363
E00123123,255,90,55,35,165,21,144,35.294117647058826,21.568627450980394,13.725490196078432,64.70588235294117,8.235294117647058,56.470588235294116
E00123124,255,45,20,25,210,23,187,17.647058823529413,7.8431372549019605,9.803921568627452,82.35294117647058,9.019607843137255,73.33333333333333
E00123125,275,72,33,39,203,16,187,26.181818181818183,12,14.181818181818182,73.81818181818181,5.818181818181818,68
E00123126,272,83,39,44,189,16,173,30.514705882352942,14.338235294117647,16.176470588235293,69.48529411764706,5.88235294117647,63.60294117647059
E00123127,205,77,33,44,128,13,115,37.5609756097561,16.097560975609756,21.463414634146343,62.4390243902439,6.341463414634147,56.09756097560976
E00123128,255,63,13,50,192,17,175,24.705882352941178,5.098039215686274,19.607843137254903,75.29411764705883,6.666666666666667,68.62745098039215
E00123129,355,85,28,57,270,32,238,23.943661971830984,7.887323943661972,16.056338028169016,76.05633802816901,9.014084507042254,67.04225352112675
E00123130,315,61,16,45,254,28,226,19.365079365079367,5.079365079365079,14.285714285714285,80.63492063492063,8.88888888888889,71.74603174603175
E00123131,281,31,12,19,250,25,225,11.032028469750891,4.270462633451958,6.761565836298933,88.96797153024912,8.896797153024911,80.0711743772242
E00123132,432,102,50,52,330,37,293,23.61111111111111,11.574074074074074,12.037037037037036,76.38888888888889,8.564814814814815,67.82407407407408
E00123133,182,42,17,25,140,16,124,23.076923076923077,9.340659340659341,13.736263736263737,76.92307692307693,8.791208791208792,68.13186813186813
E00123135,364,66,27,39,298,36,262,18.13186813186813,7.417582417582418,10.714285714285714,81.86813186813187,9.89010989010989,71.97802197802197
E00123136,330,58,20,38,272,21,251,17.575757575757574,6.0606060606060606,11.515151515151516,82.42424242424242,6.363636363636363,76.06060606060606
E00123137,224,56,26,30,168,15,153,25,11.607142857142858,13.392857142857142,75,6.696428571428571,68.30357142857143
E00123138,342,50,21,29,292,27,265,14.619883040935672,6.140350877192982,8.47953216374269,85.38011695906432,7.894736842105263,77.48538011695906
E00123139,293,47,21,26,246,20,226,16.040955631399317,7.167235494880546,8.873720136518772,83.95904436860067,6.825938566552901,77.13310580204778
E00123141,431,79,19,60,352,40,312,18.329466357308586,4.408352668213457,13.921113689095128,81.67053364269141,9.280742459396752,72.38979118329466
E00123142,306,77,46,31,229,33,196,25.163398692810457,15.032679738562091,10.130718954248366,74.83660130718954,10.784313725490197,64.05228758169935
E00123143,299,60,24,36,239,27,212,20.066889632107024,8.02675585284281,12.040133779264215,79.93311036789298,9.03010033444816,70.903010033444815
E00123144,227,57,28,29,170,18,152,25.11013215859031,12.334801762114537,12.77533039647577,74.8898678414097,7.929515418502203,66.96035242290749
E00123145,320,43,12,31,277,32,245,13.4375,3.75,9.6875,86.5625,10,76.5625
E00123147,325,64,24,40,261,22,239,19.692307692307693,7.384615384615385,12.307692307692308,80.3076923076923,6.769230769230769,73.53846153846155
E00123148,384,71,26,45,313,30,283,18.489583333333336,6.770833333333333,11.71875,81.51041666666666,7.8125,73.69791666666666
E00123149,319,61,20,41,258,21,237,19.122257053291534,6.269592476489027,12.852664576802509,80.87774294670847,6.583072100313479,74.29467084639498
E00123150,316,63,25,38,253,28,225,19.936708860759495,7.9113924050632916,12.025316455696203,80.0632911392405,8.860759493670885,71.20253164556962
E00123151,445,122,67,55,323,28,295,27.415730337078653,15.056179775280897,12.359550561797752,72.58426966292136,6.292134831460674,66.29213483146067
E00123152,305,51,20,31,254,32,222,16.721311475409838,6.557377049180328,10.163934426229508,83.27868852459017,10.491803278688524,72.78688524590164
E00171554,256,33,13,20,223,12,211,12.890625,5.078125,7.8125,87.109375,4.6875,82.421875
E00171555,221,54,22,32,167,21,146,24.43438914027149,9.95475113122172,14.479638009049776,75.56561085972851,9.502262443438914,66.06334841628959
E00171556,429,98,47,51,331,29,302,22.843822843822846,10.955710955710956,11.888111888111888,77.15617715617715,6.75990675990676,70.3962703962704
E00171558,379,57,17,40,322,37,285,15.03957783641161,4.485488126649076,10.554089709762533,84.96042216358839,9.762532981530343,75.19788918205805
E00190148,808,80,26,54,728,56,672,9.900990099009901,3.217821782178218,6.683168316831684,90.0990099009901,6.9306930693069315,83.16831683168317
E00190150,287,54,20,34,233,17,216,18.81533101045296,6.968641114982578,11.846689895470384,81.18466898954703,5.923344947735192,75.26132404181185
E00190151,250,61,27,34,189,15,174,24.4,10.8,13.600000000000001,75.6,6,69.6
E00190153,230,45,14,31,185,26,159,19.565217391304348,6.086956521739131,13.478260869565217,80.43478260869566,11.304347826086957,69.1304347826087
E00190157,410,37,10,27,373,32,341,9.024390243902438,2.4390243902439024,6.585365853658537,90.97560975609757,7.804878048780488,83.17073170731707
E00190158,303,35,12,23,268,23,245,11.55115511551155,3.9603960396039604,7.590759075907591,88.44884488448845,7.590759075907591,80.85808580858085
E00190163,308,80,39,41,228,21,207,25.97402597402597,12.662337662337661,13.311688311688311,74.02597402597402,6.8181818181818175,67.20779220779221
E00190170,364,36,13,23,328,21,307,9.89010989010989,3.571428571428571,6.318681318681318,90.10989010989012,5.769230769230769,84.34065934065934
E00190173,270,60,28,32,210,13,197,22.22222222222222,10.37037037037037,11.851851851851853,77.77777777777779,4.814814814814815,72.96296296296296
E00190175,347,33,10,23,314,27,287,9.510086455331413,2.881844380403458,6.628242074927954,90.48991354466858,7.780979827089338,82.70893371757924
E00190176,268,59,29,30,209,21,188,22.01492537313433,10.820895522388058,11.194029850746269,77.98507462686567,7.835820895522389,70.1492537313433
E00190183,331,28,5,23,303,25,278,8.459214501510575,1.5105740181268883,6.948640483383686,91.54078549848943,7.552870090634441,83.98791540785498
E00190189,367,52,19,33,315,26,289,14.168937329700274,5.177111716621254,8.991825613079019,85.83106267029973,7.084468664850137,78.7465940054496
E00190190,336,29,17,12,307,22,285,8.630952380952381,5.059523809523809,3.571428571428571,91.36904761904762,6.547619047619048,84.82142857142857
E00190197,294,42,14,28,252,31,221,14.285714285714285,4.761904761904762,9.523809523809524,85.71428571428571,10.54421768707483,75.17006802721087
E00190199,327,57,20,37,270,26,244,17.431192660550458,6.116207951070336,11.314984709480122,82.56880733944955,7.951070336391437,74.61773700305811
E00190203,233,54,22,32,179,27,152,23.17596566523605,9.44206008583691,13.733905579399142,76.82403433476395,11.587982832618025,65.23605150214593
E00190206,270,53,23,30,217,19,198,19.62962962962963,8.518518518518519,11.11111111111111,80.37037037037037,7.037037037037037,73.33333333333333
E00190209,323,37,12,25,286,26,260,11.455108359133128,3.7151702786377707,7.739938080495357,88.54489164086688,8.04953560371517,80.4953560371517
E00190211,353,51,25,26,302,26,276,14.44759206798867,7.0821529745042495,7.365439093484419,85.55240793201133,7.365439093484419,78.18696883852692
E00190216,230,63,30,33,167,20,147,27.391304347826086,13.043478260869565,14.347826086956522,72.60869565217392,8.695652173913043,63.91304347826087
