OA,ts0590001,ts0590002,ts0590003,ts0590004,ts0590005,ts0590006,ts0590007,ts0590002_PCT,ts0590003_PCT,ts0590004_PCT,ts0590005_PCT,ts0590006_PCT,ts0590007_PCT
W00000629,57,27,9,18,30,28,2,47.368421052631575,15.789473684210526,31.57894736842105,52.63157894736842,49.122807017543856,3.508771929824561
W00000630,81,33,6,27,48,44,4,40.74074074074074,7.4074074074074066,33.33333333333333,59.25925925925925,54.32098765432099,4.938271604938271
W00000631,70,22,4,18,48,42,6,31.428571428571427,5.714285714285714,25.71428571428571,68.57142857142857,60,8.571428571428571
W00000632,158,54,17,37,104,93,11,34.177215189873415,10.759493670886076,23.417721518987342,65.82278481012658,58.86075949367089,6.962025316455696
W00000633,142,48,10,38,94,80,14,33.80281690140845,7.042253521126761,26.76056338028169,66.19718309859155,56.33802816901409,9.859154929577464
W00000634,45,16,9,7,29,25,4,35.55555555555556,20,15.555555555555555,64.44444444444444,55.55555555555556,8.88888888888889
W00000635,104,41,15,26,63,52,11,39.42307692307692,14.423076923076922,25,60.57692307692307,50,10.576923076923077
W00000636,43,26,12,14,17,15,2,60.46511627906976,27.906976744186046,32.55813953488372,39.53488372093023,34.883720930232556,4.651162790697675
W00000637,96,38,11,27,58,50,8,39.58333333333333,11.458333333333332,28.125,60.416666666666664,52.083333333333336,8.333333333333332
W00000638,138,49,18,31,89,67,22,35.507246376811594,13.043478260869565,22.463768115942027,64.4927536231884,48.55072463768116,15.942028985507244
W00000639,119,33,9,24,86,53,33,27.73109243697479,7.563025210084033,20.168067226890756,72.26890756302521,44.537815126050425,27.73109243697479
W00000640,126,46,13,33,80,51,29,36.507936507936506,10.317460317460316,26.190476190476193,63.49206349206349,40.476190476190474,23.015873015873016
W00000641,133,55,26,29,78,52,26,41.35338345864661,19.548872180451127,21.804511278195488,58.64661654135338,39.097744360902254,19.548872180451127
W00000642,83,35,16,19,48,38,10,42.168674698795186,19.27710843373494,22.89156626506024,57.831325301204814,45.78313253012048,12.048192771084338
W00000643,181,57,24,33,124,74,50,31.491712707182316,13.259668508287293,18.23204419889503,68.50828729281768,40.88397790055249,27.624309392265197
W00000644,189,54,17,37,135,86,49,28.57142857142857,8.994708994708994,19.576719576719576,71.42857142857143,45.5026455026455,25.925925925925924
W00000645,137,47,23,24,90,75,15,34.306569343065696,16.78832116788321,17.51824817518248,65.69343065693431,54.74452554744526,10.948905109489052
W00000646,177,61,24,37,116,84,32,34.463276836158194,13.559322033898304,20.903954802259886,65.5367231638418,47.45762711864407,18.07909604519774
W00000647,158,48,13,35,110,81,29,30.37974683544304,8.227848101265822,22.151898734177212,69.62025316455697,51.26582278481012,18.354430379746837
W00000648,125,35,9,26,90,75,15,28.000000000000004,7.199999999999999,20.8,72,60,12
W00000649,157,62,12,50,95,84,11,39.490445859872615,7.643312101910828,31.84713375796178,60.509554140127385,53.503184713375795,7.006369426751593
W00000650,113,39,8,31,74,65,9,34.51327433628318,7.079646017699115,27.43362831858407,65.48672566371681,57.52212389380531,7.964601769911504
W00000651,126,43,17,26,83,74,9,34.12698412698413,13.492063492063492,20.634920634920633,65.87301587301587,58.730158730158735,7.142857142857142
W00000653,143,47,19,28,96,80,16,32.86713286713287,13.286713286713287,19.58041958041958,67.13286713286713,55.94405594405595,11.188811188811188
W00000655,115,35,10,25,80,70,10,30.434782608695656,8.695652173913043,21.73913043478261,69.56521739130434,60.86956521739131,8.695652173913043
W00000656,141,47,17,30,94,69,25,33.33333333333333,12.056737588652481,21.27659574468085,66.66666666666666,48.93617021276596,17.73049645390071
W00000657,149,54,22,32,95,78,17,36.241610738255034,14.76510067114094,21.476510067114095,63.758389261744966,52.348993288590606,11.409395973154362
W00000658,121,46,15,31,75,51,24,38.01652892561984,12.396694214876034,25.6198347107438,61.98347107438017,42.14876033057851,19.834710743801654
W00000659,143,59,28,31,84,66,18,41.25874125874126,19.58041958041958,21.678321678321677,58.74125874125874,46.15384615384615,12.587412587412588
W00000660,135,52,21,31,83,66,17,38.51851851851852,15.555555555555555,22.962962962962962,61.48148148148148,48.888888888888886,12.592592592592592
W00000661,185,57,19,38,128,109,19,30.810810810810814,10.27027027027027,20.54054054054054,69.1891891891892,58.91891891891892,10.27027027027027
W00000662,115,45,13,32,70,63,7,39.130434782608695,11.304347826086957,27.82608695652174,60.86956521739131,54.78260869565217,6.086956521739131
W00000663,125,32,11,21,93,77,16,25.6,8.799999999999999,16.8,74.4,61.6,12.8
W00000664,116,36,15,21,80,69,11,31.03448275862069,12.931034482758621,18.103448275862068,68.96551724137932,59.48275862068966,9.482758620689655
W00000665,69,28,9,19,41,35,6,40.57971014492754,13.043478260869565,27.536231884057973,59.42028985507246,50.72463768115942,8.695652173913043
W00000666,138,48,14,34,90,78,12,34.78260869565217,10.144927536231885,24.637681159420293,65.21739130434783,56.52173913043478,8.695652173913043
W00000667,164,54,15,39,110,89,21,32.926829268292686,9.146341463414634,23.78048780487805,67.07317073170732,54.268292682926834,12.804878048780488
W00000668,241,75,20,55,166,142,24,31.12033195020747,8.29875518672199,22.821576763485478,68.87966804979253,58.921161825726145,9.95850622406639
W00000669,143,42,15,27,101,90,11,29.37062937062937,10.48951048951049,18.88111888111888,70.62937062937063,62.93706293706294,7.6923076923076925
W00000670,116,28,5,23,88,67,21,24.137931034482758,4.310344827586207,19.82758620689655,75.86206896551724,57.758620689655174,18.103448275862068
W00000671,89,35,15,20,54,50,4,39.325842696629216,16.853932584269664,22.47191011235955,60.67415730337079,56.17977528089888,4.49438202247191
W00000672,124,38,16,22,86,72,14,30.64516129032258,12.903225806451612,17.741935483870968,69.35483870967742,58.06451612903226,11.29032258064516
W00000673,154,46,15,31,108,89,19,29.87012987012987,9.740259740259742,20.12987012987013,70.12987012987013,57.7922077922078,12.337662337662337
W00000674,151,44,17,27,107,89,18,29.13907284768212,11.258278145695364,17.880794701986755,70.86092715231787,58.94039735099338,11.920529801324504
W00000675,149,47,13,34,102,84,18,31.543624161073826,8.724832214765101,22.818791946308725,68.45637583892618,56.375838926174495,12.080536912751679
W00000676,142,37,12,25,105,86,19,26.056338028169012,8.450704225352112,17.6056338028169,73.94366197183099,60.56338028169014,13.380281690140844
W00000677,159,42,5,37,117,95,22,26.41509433962264,3.1446540880503147,23.270440251572328,73.58490566037736,59.74842767295597,13.836477987421384
W00000678,142,39,12,27,103,86,17,27.464788732394368,8.450704225352112,19.014084507042252,72.53521126760563,60.56338028169014,11.971830985915492
W00000679,106,31,8,23,75,54,21,29.245283018867923,7.547169811320755,21.69811320754717,70.75471698113208,50.943396226415096,19.81132075471698
W00000680,142,51,18,33,91,75,16,35.91549295774648,12.676056338028168,23.239436619718308,64.08450704225352,52.816901408450704,11.267605633802818
W00000681,123,35,7,28,88,80,8,28.455284552845526,5.691056910569105,22.76422764227642,71.54471544715447,65.04065040650406,6.504065040650407
W00000682,77,22,10,12,55,50,5,28.57142857142857,12.987012987012985,15.584415584415584,71.42857142857143,64.93506493506493,6.493506493506493
W00000683,128,30,7,23,98,84,14,23.4375,5.46875,17.96875,76.5625,65.625,10.9375
W00000684,162,68,24,44,94,81,13,41.9753086419753,14.814814814814813,27.160493827160494,58.0246913580247,50,8.024691358024691
W00000685,154,56,23,33,98,81,17,36.36363636363637,14.935064935064934,21.428571428571427,63.63636363636363,52.5974025974026,11.03896103896104
W00000686,114,47,10,37,67,50,17,41.228070175438596,8.771929824561402,32.45614035087719,58.77192982456141,43.859649122807014,14.912280701754385
W00000687,96,33,13,20,63,53,10,34.375,13.541666666666666,20.833333333333336,65.625,55.208333333333336,10.416666666666668
W00000688,112,35,7,28,77,61,16,31.25,6.25,25,68.75,54.46428571428571,14.285714285714285
W00000689,118,44,11,33,74,65,9,37.28813559322034,9.322033898305085,27.966101694915253,62.71186440677966,55.08474576271186,7.627118644067797
W00000690,179,58,22,36,121,103,18,32.402234636871505,12.290502793296088,20.11173184357542,67.59776536312849,57.54189944134078,10.05586592178771
W00000691,76,30,14,16,46,28,18,39.473684210526315,18.421052631578945,21.052631578947366,60.526315789473685,36.84210526315789,23.684210526315788
W00000692,114,38,12,26,76,70,6,33.33333333333333,10.526315789473683,22.807017543859647,66.66666666666666,61.40350877192983,5.263157894736842
W00000693,192,65,16,49,127,100,27,33.85416666666667,8.333333333333332,25.520833333333332,66.14583333333334,52.083333333333336,14.0625
W00000694,131,49,10,39,82,75,7,37.404580152671755,7.633587786259542,29.770992366412212,62.59541984732825,57.25190839694656,5.343511450381679
W00000695,144,51,17,34,93,77,16,35.41666666666667,11.805555555555555,23.61111111111111,64.58333333333334,53.47222222222222,11.11111111111111
W00000696,84,31,15,16,53,47,6,36.904761904761905,17.857142857142858,19.047619047619047,63.095238095238095,55.952380952380956,7.142857142857142
W00000697,73,29,11,18,44,37,7,39.726027397260275,15.068493150684931,24.65753424657534,60.273972602739725,50.68493150684932,9.58904109589041
W00000698,118,35,15,20,83,76,7,29.66101694915254,12.711864406779661,16.94915254237288,70.33898305084746,64.40677966101694,5.932203389830509
W00000699,151,42,10,32,109,86,23,27.81456953642384,6.622516556291391,21.192052980132452,72.18543046357617,56.95364238410596,15.2317880794702
W00000700,106,37,11,26,69,60,9,34.90566037735849,10.377358490566039,24.528301886792452,65.09433962264151,56.60377358490566,8.49056603773585
W00000701,71,19,7,12,52,42,10,26.76056338028169,9.859154929577464,16.901408450704224,73.23943661971832,59.154929577464785,14.084507042253522
W00000702,63,27,9,18,36,23,13,42.857142857142854,14.285714285714285,28.57142857142857,57.14285714285714,36.507936507936506,20.634920634920633
W00000703,43,20,5,15,23,15,8,46.51162790697674,11.627906976744185,34.883720930232556,53.48837209302325,34.883720930232556,18.6046511627907
W00000704,56,28,8,20,28,24,4,50,14.285714285714285,35.714285714285715,50,42.857142857142854,7.142857142857142
W00000705,134,57,27,30,77,56,21,42.53731343283582,20.149253731343283,22.388059701492537,57.46268656716418,41.7910447761194,15.671641791044777
W00000706,85,29,14,15,56,50,6,34.11764705882353,16.470588235294116,17.647058823529413,65.88235294117646,58.82352941176471,7.0588235294117645
W00000707,111,42,15,27,69,60,9,37.83783783783784,13.513513513513514,24.324324324324326,62.16216216216216,54.054054054054056,8.108108108108109
W00000708,116,38,18,20,78,66,12,32.758620689655174,15.517241379310345,17.24137931034483,67.24137931034483,56.896551724137936,10.344827586206897
W00000709,97,37,17,20,60,50,10,38.144329896907216,17.525773195876287,20.618556701030926,61.855670103092784,51.546391752577314,10.309278350515463
W00000710,166,56,12,44,110,101,9,33.734939759036145,7.228915662650602,26.506024096385545,66.26506024096386,60.8433734939759,5.421686746987952
W00000711,87,25,6,19,62,51,11,28.735632183908045,6.896551724137931,21.839080459770116,71.26436781609196,58.620689655172406,12.643678160919542
W00000712,152,43,10,33,109,88,21,28.289473684210524,6.578947368421052,21.710526315789476,71.71052631578947,57.89473684210527,13.815789473684212
W00000713,87,25,7,18,62,46,16,28.735632183908045,8.045977011494253,20.689655172413794,71.26436781609196,52.87356321839081,18.39080459770115
W00000714,163,54,13,41,109,89,20,33.12883435582822,7.975460122699387,25.153374233128833,66.87116564417178,54.601226993865026,12.269938650306749
W00000715,154,56,24,32,98,87,11,36.36363636363637,15.584415584415584,20.77922077922078,63.63636363636363,56.493506493506494,7.142857142857142
W00000716,99,19,3,16,80,67,13,19.19191919191919,3.0303030303030303,16.161616161616163,80.8080808080808,67.67676767676768,13.131313131313133
W00000717,150,54,15,39,96,77,19,36,10,26,64,51.33333333333333,12.666666666666668
W00000718,72,22,4,18,50,41,9,30.555555555555557,5.555555555555555,25,69.44444444444444,56.94444444444444,12.5
W00000719,115,40,12,28,75,62,13,34.78260869565217,10.434782608695652,24.347826086956523,65.21739130434783,53.91304347826087,11.304347826086957
W00000720,119,33,12,21,86,68,18,27.73109243697479,10.084033613445378,17.647058823529413,72.26890756302521,57.14285714285714,15.126050420168067
W00000721,64,30,8,22,34,29,5,46.875,12.5,34.375,53.125,45.3125,7.8125
W00000722,97,38,6,32,59,46,13,39.175257731958766,6.185567010309279,32.98969072164948,60.824742268041234,47.42268041237113,13.402061855670103
W00000723,67,21,5,16,46,40,6,31.343283582089555,7.462686567164178,23.88059701492537,68.65671641791045,59.70149253731343,8.955223880597014
W00000724,58,21,9,12,37,31,6,36.206896551724135,15.517241379310345,20.689655172413794,63.793103448275865,53.44827586206896,10.344827586206897
W00000725,83,37,11,26,46,38,8,44.57831325301205,13.253012048192772,31.32530120481928,55.42168674698795,45.78313253012048,9.63855421686747
W00000726,129,49,14,35,80,70,10,37.98449612403101,10.852713178294573,27.131782945736433,62.01550387596899,54.263565891472865,7.751937984496124
W00000727,77,25,5,20,52,44,8,32.467532467532465,6.493506493506493,25.97402597402597,67.53246753246754,57.14285714285714,10.38961038961039
W00000728,116,47,12,35,69,52,17,40.51724137931034,10.344827586206897,30.17241379310345,59.48275862068966,44.827586206896555,14.655172413793101
W00000729,178,65,17,48,113,99,14,36.51685393258427,9.550561797752808,26.96629213483146,63.48314606741573,55.61797752808989,7.865168539325842
W00000730,152,50,14,36,102,92,10,32.89473684210527,9.210526315789473,23.684210526315788,67.10526315789474,60.526315789473685,6.578947368421052
W00000731,179,53,22,31,126,73,53,29.608938547486037,12.290502793296088,17.318435754189945,70.39106145251397,40.78212290502793,29.608938547486037
W00000732,136,38,20,18,98,81,17,27.941176470588236,14.705882352941178,13.23529411764706,72.05882352941177,59.55882352941176,12.5
W00000733,112,48,13,35,64,55,9,42.857142857142854,11.607142857142858,31.25,57.14285714285714,49.107142857142854,8.035714285714286
W00000734,155,39,22,17,116,84,32,25.161290322580644,14.193548387096774,10.967741935483872,74.83870967741936,54.19354838709678,20.64516129032258
W00000735,163,36,9,27,127,96,31,22.085889570552148,5.521472392638037,16.56441717791411,77.91411042944786,58.895705521472394,19.018404907975462
W00000736,94,33,9,24,61,53,8,35.1063829787234,9.574468085106384,25.53191489361702,64.8936170212766,56.38297872340425,8.51063829787234
W00000737,78,25,10,15,53,45,8,32.05128205128205,12.82051282051282,19.230769230769234,67.94871794871796,57.692307692307686,10.256410256410255
W00000738,166,42,19,23,124,110,14,25.301204819277107,11.44578313253012,13.855421686746988,74.69879518072288,66.26506024096386,8.433734939759036
W00000739,114,31,13,18,83,72,11,27.192982456140353,11.403508771929824,15.789473684210526,72.80701754385966,63.1578947368421,9.649122807017543
W00000740,110,39,10,29,71,60,11,35.45454545454545,9.090909090909092,26.36363636363636,64.54545454545455,54.54545454545454,10
W00000741,163,60,11,49,103,82,21,36.809815950920246,6.748466257668712,30.061349693251532,63.190184049079754,50.306748466257666,12.883435582822086
W00000742,81,18,6,12,63,56,7,22.22222222222222,7.4074074074074066,14.814814814814813,77.77777777777779,69.1358024691358,8.641975308641975
W00000743,184,51,18,33,133,123,10,27.717391304347828,9.782608695652174,17.934782608695652,72.28260869565217,66.84782608695652,5.434782608695652
W00000744,84,28,8,20,56,48,8,33.33333333333333,9.523809523809524,23.809523809523807,66.66666666666666,57.14285714285714,9.523809523809524
W00000745,151,41,13,28,110,87,23,27.1523178807947,8.609271523178808,18.543046357615893,72.84768211920529,57.615894039735096,15.2317880794702
W00000746,246,63,18,45,183,154,29,25.609756097560975,7.317073170731707,18.29268292682927,74.39024390243902,62.601626016260155,11.788617886178862
W00000747,184,66,14,52,118,104,14,35.869565217391305,7.608695652173914,28.26086956521739,64.13043478260869,56.52173913043478,7.608695652173914
W00000748,182,66,23,43,116,97,19,36.26373626373626,12.637362637362637,23.626373626373624,63.73626373626373,53.2967032967033,10.43956043956044
W00000749,163,53,17,36,110,92,18,32.515337423312886,10.429447852760736,22.085889570552148,67.48466257668711,56.44171779141104,11.042944785276074
W00000750,85,30,7,23,55,46,9,35.294117647058826,8.235294117647058,27.058823529411764,64.70588235294117,54.11764705882353,10.588235294117647
W00000752,78,30,10,20,48,45,3,38.46153846153847,12.82051282051282,25.64102564102564,61.53846153846154,57.692307692307686,3.8461538461538463
W00000754,64,18,8,10,46,41,5,28.125,12.5,15.625,71.875,64.0625,7.8125
W00000756,55,24,9,15,31,27,4,43.63636363636363,16.363636363636363,27.27272727272727,56.36363636363636,49.09090909090909,7.2727272727272725
W00000757,120,40,14,26,80,68,12,33.33333333333333,11.666666666666666,21.666666666666668,66.66666666666666,56.666666666666664,10
W00000758,255,78,25,53,177,158,19,30.58823529411765,9.803921568627452,20.784313725490197,69.41176470588235,61.96078431372549,7.450980392156863
W00000759,77,21,7,14,56,49,7,27.27272727272727,9.090909090909092,18.181818181818183,72.72727272727273,63.63636363636363,9.090909090909092
W00000760,54,19,5,14,35,29,6,35.18518518518518,9.25925925925926,25.925925925925924,64.81481481481481,53.70370370370371,11.11111111111111
W00000761,174,58,17,41,116,90,26,33.33333333333333,9.770114942528735,23.563218390804597,66.66666666666666,51.724137931034484,14.942528735632186
W00000762,75,18,3,15,57,47,10,24,4,20,76,62.66666666666667,13.333333333333334
W00000765,108,46,15,31,62,51,11,42.592592592592595,13.88888888888889,28.703703703703702,57.407407407407405,47.22222222222222,10.185185185185185
W00000766,142,60,11,49,82,75,7,42.25352112676056,7.746478873239436,34.50704225352113,57.74647887323944,52.816901408450704,4.929577464788732
W00000767,109,35,7,28,74,61,13,32.11009174311927,6.422018348623854,25.688073394495415,67.88990825688074,55.96330275229357,11.926605504587156
W00000768,125,55,13,42,70,60,10,44,10.4,33.6,56.00000000000001,48,8
W00000769,175,74,21,53,101,87,14,42.285714285714285,12,30.28571428571429,57.714285714285715,49.714285714285715,8
W00000770,119,39,7,32,80,67,13,32.773109243697476,5.88235294117647,26.89075630252101,67.22689075630252,56.30252100840336,10.92436974789916
W00000771,221,58,14,44,163,141,22,26.244343891402718,6.334841628959276,19.90950226244344,73.7556561085973,63.80090497737556,9.95475113122172
W00000772,135,42,5,37,93,83,10,31.11111111111111,3.7037037037037033,27.40740740740741,68.88888888888889,61.48148148148148,7.4074074074074066
W00000773,131,53,10,43,78,67,11,40.458015267175576,7.633587786259542,32.82442748091603,59.541984732824424,51.14503816793893,8.396946564885496
W00000774,64,20,9,11,44,41,3,31.25,14.0625,17.1875,68.75,64.0625,4.6875
W00000775,136,43,12,31,93,78,15,31.61764705882353,8.823529411764707,22.794117647058822,68.38235294117648,57.35294117647059,11.029411764705882
W00000776,142,62,22,40,80,72,8,43.66197183098591,15.492957746478872,28.169014084507044,56.33802816901409,50.70422535211267,5.633802816901409
W00000777,98,32,11,21,66,60,6,32.6530612244898,11.224489795918368,21.428571428571427,67.3469387755102,61.224489795918366,6.122448979591836
W00000778,150,44,11,33,106,97,9,29.333333333333332,7.333333333333333,22,70.66666666666667,64.66666666666666,6
W00000779,72,20,6,14,52,43,9,27.77777777777778,8.333333333333332,19.444444444444446,72.22222222222221,59.72222222222222,12.5
W00000780,129,50,15,35,79,65,14,38.759689922480625,11.627906976744185,27.131782945736433,61.240310077519375,50.3875968992248,10.852713178294573
W00000781,75,35,8,27,40,35,5,46.666666666666664,10.666666666666668,36,53.333333333333336,46.666666666666664,6.666666666666667
W00000782,101,51,16,35,50,36,14,50.495049504950494,15.841584158415841,34.65346534653465,49.504950495049506,35.64356435643564,13.861386138613863
W00000783,95,39,14,25,56,48,8,41.05263157894737,14.736842105263156,26.31578947368421,58.94736842105262,50.526315789473685,8.421052631578947
W00000784,56,25,5,20,31,27,4,44.642857142857146,8.928571428571429,35.714285714285715,55.35714285714286,48.214285714285715,7.142857142857142
W00000785,117,46,14,32,71,58,13,39.31623931623932,11.965811965811966,27.350427350427353,60.68376068376068,49.572649572649574,11.11111111111111
W00000786,170,57,31,26,113,75,38,33.52941176470588,18.235294117647058,15.294117647058824,66.47058823529412,44.11764705882353,22.35294117647059
W00000787,111,36,13,23,75,64,11,32.432432432432435,11.711711711711711,20.72072072072072,67.56756756756756,57.65765765765766,9.90990990990991
W00000788,100,38,9,29,62,45,17,38,9,28.999999999999996,62,45,17
W00000789,166,74,33,41,92,66,26,44.57831325301205,19.879518072289155,24.69879518072289,55.42168674698795,39.75903614457831,15.66265060240964
W00000790,105,34,14,20,71,49,22,32.38095238095238,13.333333333333334,19.047619047619047,67.61904761904762,46.666666666666664,20.952380952380953
W00000791,121,41,16,25,80,66,14,33.88429752066116,13.223140495867769,20.66115702479339,66.11570247933885,54.54545454545454,11.570247933884298
W00000792,45,25,11,14,20,15,5,55.55555555555556,24.444444444444443,31.11111111111111,44.44444444444444,33.33333333333333,11.11111111111111
W00000793,153,44,17,27,109,91,18,28.75816993464052,11.11111111111111,17.647058823529413,71.24183006535948,59.47712418300654,11.76470588235294
W00000794,135,52,9,43,83,64,19,38.51851851851852,6.666666666666667,31.851851851851855,61.48148148148148,47.40740740740741,14.074074074074074
W00000795,110,38,7,31,72,58,14,34.54545454545455,6.363636363636363,28.18181818181818,65.45454545454545,52.72727272727272,12.727272727272727
W00000796,135,47,14,33,88,74,14,34.81481481481482,10.37037037037037,24.444444444444443,65.18518518518519,54.81481481481482,10.37037037037037
W00000797,134,34,4,30,100,79,21,25.37313432835821,2.9850746268656714,22.388059701492537,74.6268656716418,58.95522388059702,15.671641791044777
W00000798,116,43,10,33,73,64,9,37.06896551724138,8.620689655172415,28.448275862068968,62.93103448275862,55.172413793103445,7.758620689655173
W00000799,138,46,8,38,92,79,13,33.33333333333333,5.797101449275362,27.536231884057973,66.66666666666666,57.2463768115942,9.420289855072465
W00000800,299,79,18,61,220,201,19,26.421404682274247,6.0200668896321075,20.401337792642142,73.57859531772574,67.22408026755853,6.354515050167224
W00000801,122,38,11,27,84,72,12,31.147540983606557,9.01639344262295,22.131147540983605,68.85245901639344,59.01639344262295,9.836065573770492
W00000802,91,32,6,26,59,48,11,35.16483516483517,6.593406593406594,28.57142857142857,64.83516483516483,52.74725274725275,12.087912087912088
W00000803,122,46,9,37,76,66,10,37.704918032786885,7.377049180327869,30.327868852459016,62.295081967213115,54.09836065573771,8.19672131147541
W00000804,185,56,15,41,129,100,29,30.270270270270274,8.108108108108109,22.162162162162165,69.72972972972973,54.054054054054056,15.675675675675677
W00000805,119,28,7,21,91,77,14,23.52941176470588,5.88235294117647,17.647058823529413,76.47058823529412,64.70588235294117,11.76470588235294
W00000806,93,37,12,25,56,51,5,39.784946236559136,12.903225806451612,26.881720430107524,60.215053763440864,54.83870967741935,5.376344086021505
W00000807,99,31,9,22,68,56,12,31.313131313131315,9.090909090909092,22.22222222222222,68.68686868686868,56.56565656565656,12.121212121212121
W00000808,72,30,10,20,42,42,0,41.66666666666667,13.88888888888889,27.77777777777778,58.333333333333336,58.333333333333336,0
W00000809,74,26,12,14,48,44,4,35.13513513513514,16.216216216216218,18.91891891891892,64.86486486486487,59.45945945945946,5.405405405405405
W00000810,118,32,6,26,86,81,5,27.11864406779661,5.084745762711865,22.033898305084744,72.88135593220339,68.64406779661016,4.23728813559322
W00000811,80,32,11,21,48,41,7,40,13.750000000000002,26.25,60,51.24999999999999,8.75
W00000812,79,23,7,16,56,48,8,29.11392405063291,8.860759493670885,20.253164556962027,70.88607594936708,60.75949367088608,10.126582278481013
W00000813,116,40,13,27,76,69,7,34.48275862068966,11.206896551724139,23.275862068965516,65.51724137931035,59.48275862068966,6.0344827586206895
W00000814,153,48,10,38,105,92,13,31.372549019607842,6.535947712418301,24.836601307189543,68.62745098039215,60.130718954248366,8.49673202614379
W00000815,92,24,3,21,68,56,12,26.08695652173913,3.260869565217391,22.82608695652174,73.91304347826086,60.86956521739131,13.043478260869565
W00000816,119,41,15,26,78,65,13,34.45378151260504,12.605042016806722,21.84873949579832,65.54621848739495,54.621848739495796,10.92436974789916
W00000817,145,40,7,33,105,95,10,27.586206896551722,4.827586206896552,22.758620689655174,72.41379310344827,65.51724137931035,6.896551724137931
W00000818,75,20,7,13,55,49,6,26.666666666666668,9.333333333333334,17.333333333333336,73.33333333333333,65.33333333333333,8
W00000819,110,30,10,20,80,69,11,27.27272727272727,9.090909090909092,18.181818181818183,72.72727272727273,62.727272727272734,10
W00000820,117,32,6,26,85,75,10,27.350427350427353,5.128205128205128,22.22222222222222,72.64957264957265,64.1025641025641,8.547008547008547
W00000821,116,38,15,23,78,63,15,32.758620689655174,12.931034482758621,19.82758620689655,67.24137931034483,54.310344827586206,12.931034482758621
W00000822,93,34,10,24,59,53,6,36.55913978494624,10.75268817204301,25.806451612903224,63.44086021505376,56.98924731182796,6.451612903225806
W00000823,116,38,11,27,78,70,8,32.758620689655174,9.482758620689655,23.275862068965516,67.24137931034483,60.3448275862069,6.896551724137931
W00000824,72,33,6,27,39,36,3,45.83333333333333,8.333333333333332,37.5,54.166666666666664,50,4.166666666666666
W00000825,205,67,13,54,138,122,16,32.6829268292683,6.341463414634147,26.34146341463415,67.31707317073172,59.512195121951216,7.804878048780488
W00000826,79,24,12,12,55,51,4,30.37974683544304,15.18987341772152,15.18987341772152,69.62025316455697,64.55696202531645,5.063291139240507
W00000827,119,34,7,27,85,73,12,28.57142857142857,5.88235294117647,22.689075630252102,71.42857142857143,61.34453781512605,10.084033613445378
W00000828,57,21,6,15,36,33,3,36.84210526315789,10.526315789473683,26.31578947368421,63.1578947368421,57.89473684210527,5.263157894736842
W00000829,117,38,9,29,79,63,16,32.47863247863248,7.6923076923076925,24.786324786324787,67.52136752136752,53.84615384615385,13.675213675213676
W00000830,88,31,9,22,57,50,7,35.22727272727273,10.227272727272728,25,64.77272727272727,56.81818181818182,7.954545454545454
W00000831,69,30,7,23,39,35,4,43.47826086956522,10.144927536231885,33.33333333333333,56.52173913043478,50.72463768115942,5.797101449275362
W00000832,74,26,10,16,48,37,11,35.13513513513514,13.513513513513514,21.62162162162162,64.86486486486487,50,14.864864864864865
W00000833,99,30,8,22,69,57,12,30.303030303030305,8.080808080808081,22.22222222222222,69.6969696969697,57.57575757575758,12.121212121212121
W00000834,147,45,11,34,102,89,13,30.612244897959183,7.482993197278912,23.12925170068027,69.38775510204081,60.544217687074834,8.843537414965986
W00000835,68,32,7,25,36,30,6,47.05882352941176,10.294117647058822,36.76470588235294,52.94117647058824,44.11764705882353,8.823529411764707
W00000836,79,35,16,19,44,31,13,44.303797468354425,20.253164556962027,24.050632911392405,55.69620253164557,39.24050632911392,16.455696202531644
W00000837,93,33,10,23,60,46,14,35.483870967741936,10.75268817204301,24.731182795698924,64.51612903225806,49.46236559139785,15.053763440860216
W00000838,116,33,10,23,83,66,17,28.448275862068968,8.620689655172415,19.82758620689655,71.55172413793103,56.896551724137936,14.655172413793101
W00000839,129,42,11,31,87,77,10,32.55813953488372,8.527131782945736,24.031007751937985,67.44186046511628,59.68992248062015,7.751937984496124
W00000840,131,41,12,29,90,79,11,31.297709923664126,9.16030534351145,22.137404580152673,68.70229007633588,60.30534351145038,8.396946564885496
W00000841,94,32,16,16,62,49,13,34.04255319148936,17.02127659574468,17.02127659574468,65.95744680851064,52.12765957446809,13.829787234042554
W00000842,128,41,13,28,87,76,11,32.03125,10.15625,21.875,67.96875,59.375,8.59375
W00000843,132,43,10,33,89,74,15,32.57575757575758,7.575757575757576,25,67.42424242424242,56.060606060606055,11.363636363636363
W00000844,109,44,20,24,65,52,13,40.36697247706422,18.34862385321101,22.018348623853214,59.63302752293578,47.706422018348626,11.926605504587156
W00000845,37,13,8,5,24,22,2,35.13513513513514,21.62162162162162,13.513513513513514,64.86486486486487,59.45945945945946,5.405405405405405
W00000846,117,38,8,30,79,67,12,32.47863247863248,6.837606837606838,25.64102564102564,67.52136752136752,57.26495726495726,10.256410256410255
W00000847,95,27,11,16,68,57,11,28.421052631578945,11.578947368421053,16.842105263157894,71.57894736842105,60,11.578947368421053
W00000848,97,34,11,23,63,52,11,35.051546391752574,11.34020618556701,23.711340206185564,64.94845360824742,53.608247422680414,11.34020618556701
W00000849,176,53,18,35,123,84,39,30.113636363636363,10.227272727272728,19.886363636363637,69.88636363636364,47.72727272727273,22.15909090909091
W00000850,176,53,12,41,123,89,34,30.113636363636363,6.8181818181818175,23.295454545454543,69.88636363636364,50.56818181818182,19.318181818181817
W00000851,203,48,12,36,155,92,63,23.645320197044335,5.911330049261084,17.733990147783253,76.35467980295566,45.320197044334975,31.03448275862069
W00000852,166,36,17,19,130,90,40,21.686746987951807,10.240963855421686,11.44578313253012,78.3132530120482,54.21686746987952,24.096385542168676
W00000853,89,26,5,21,63,58,5,29.213483146067414,5.617977528089887,23.595505617977526,70.78651685393258,65.1685393258427,5.617977528089887
W00000854,238,80,26,54,158,121,37,33.61344537815126,10.92436974789916,22.689075630252102,66.38655462184873,50.84033613445378,15.546218487394958
W00000855,103,35,7,28,68,56,12,33.980582524271846,6.796116504854369,27.184466019417474,66.01941747572816,54.36893203883495,11.650485436893204
W00000856,114,26,5,21,88,77,11,22.807017543859647,4.385964912280701,18.421052631578945,77.19298245614034,67.54385964912281,9.649122807017543
W00000857,114,44,16,28,70,63,7,38.59649122807017,14.035087719298245,24.561403508771928,61.40350877192983,55.26315789473685,6.140350877192982
W00000858,114,29,6,23,85,75,10,25.438596491228072,5.263157894736842,20.175438596491226,74.56140350877193,65.78947368421053,8.771929824561402
W00000859,116,37,5,32,79,65,14,31.896551724137932,4.310344827586207,27.586206896551722,68.10344827586206,56.03448275862068,12.068965517241379
W00000860,137,45,12,33,92,80,12,32.846715328467155,8.75912408759124,24.087591240875913,67.15328467153284,58.3941605839416,8.75912408759124
W00000861,150,44,17,27,106,68,38,29.333333333333332,11.333333333333332,18,70.66666666666667,45.33333333333333,25.333333333333336
W00000862,150,38,12,26,112,87,25,25.333333333333336,8,17.333333333333336,74.66666666666667,57.99999999999999,16.666666666666664
W00000863,178,40,13,27,138,104,34,22.47191011235955,7.303370786516854,15.168539325842698,77.52808988764045,58.42696629213483,19.101123595505616
W00000864,134,32,12,20,102,79,23,23.88059701492537,8.955223880597014,14.925373134328357,76.11940298507463,58.95522388059702,17.16417910447761
W00000865,162,50,17,33,112,86,26,30.864197530864196,10.493827160493826,20.37037037037037,69.1358024691358,53.086419753086425,16.049382716049383
W00000866,177,59,17,42,118,73,45,33.33333333333333,9.6045197740113,23.728813559322035,66.66666666666666,41.24293785310734,25.423728813559322
W00000867,192,63,18,45,129,117,12,32.8125,9.375,23.4375,67.1875,60.9375,6.25
W00000868,135,49,17,32,86,75,11,36.2962962962963,12.592592592592592,23.703703703703706,63.70370370370371,55.55555555555556,8.148148148148149
W00000869,164,52,13,39,112,102,10,31.70731707317073,7.926829268292683,23.78048780487805,68.29268292682927,62.19512195121951,6.097560975609756
W00000870,157,51,15,36,106,91,15,32.48407643312102,9.554140127388536,22.929936305732486,67.51592356687898,57.961783439490446,9.554140127388536
W00000871,125,35,6,29,90,78,12,28.000000000000004,4.8,23.200000000000003,72,62.4,9.6
W00000872,99,43,12,31,56,47,9,43.43434343434344,12.121212121212121,31.313131313131315,56.56565656565656,47.474747474747474,9.090909090909092
W00000873,108,49,12,37,59,53,6,45.370370370370374,11.11111111111111,34.25925925925926,54.629629629629626,49.074074074074076,5.555555555555555
W00000874,182,41,13,28,141,122,19,22.52747252747253,7.142857142857142,15.384615384615385,77.47252747252747,67.03296703296702,10.43956043956044
W00000875,179,54,19,35,125,107,18,30.16759776536313,10.614525139664805,19.553072625698324,69.83240223463687,59.77653631284916,10.05586592178771
W00000876,239,72,22,50,167,149,18,30.125523012552303,9.205020920502092,20.920502092050206,69.8744769874477,62.34309623430963,7.531380753138076
W00000877,121,40,7,33,81,68,13,33.057851239669425,5.785123966942149,27.27272727272727,66.94214876033058,56.19834710743802,10.743801652892563
W00000878,136,48,11,37,88,76,12,35.294117647058826,8.088235294117647,27.205882352941174,64.70588235294117,55.88235294117647,8.823529411764707
W00000880,152,48,15,33,104,86,18,31.57894736842105,9.868421052631579,21.710526315789476,68.42105263157895,56.57894736842105,11.842105263157894
W00000881,160,53,20,33,107,96,11,33.125,12.5,20.625,66.875,60,6.875000000000001
W00000882,81,28,10,18,53,43,10,34.5679012345679,12.345679012345679,22.22222222222222,65.4320987654321,53.086419753086425,12.345679012345679
W00000883,150,60,20,40,90,72,18,40,13.333333333333334,26.666666666666668,60,48,12
W00000884,120,42,17,25,78,63,15,35,14.166666666666666,20.833333333333336,65,52.5,12.5
W00000885,117,43,16,27,74,65,9,36.75213675213676,13.675213675213676,23.076923076923077,63.24786324786324,55.55555555555556,7.6923076923076925
W00000886,103,37,11,26,66,55,11,35.92233009708738,10.679611650485436,25.24271844660194,64.07766990291263,53.398058252427184,10.679611650485436
W00000887,127,37,15,22,90,83,7,29.133858267716533,11.811023622047244,17.322834645669293,70.86614173228347,65.35433070866141,5.511811023622047
W00000888,146,43,11,32,103,87,16,29.45205479452055,7.534246575342466,21.91780821917808,70.54794520547945,59.589041095890416,10.95890410958904
W00000889,148,43,7,36,105,89,16,29.054054054054053,4.72972972972973,24.324324324324326,70.94594594594594,60.13513513513513,10.81081081081081
W00000890,175,58,6,52,117,102,15,33.14285714285714,3.428571428571429,29.714285714285715,66.85714285714286,58.285714285714285,8.571428571428571
W00000891,132,47,10,37,85,75,10,35.60606060606061,7.575757575757576,28.030303030303028,64.39393939393939,56.81818181818182,7.575757575757576
W00000892,131,40,8,32,91,73,18,30.53435114503817,6.106870229007633,24.427480916030532,69.46564885496184,55.72519083969466,13.740458015267176
W00000893,111,38,4,34,73,61,12,34.234234234234236,3.6036036036036037,30.630630630630627,65.76576576576578,54.95495495495496,10.81081081081081
W00000894,148,57,20,37,91,79,12,38.513513513513516,13.513513513513514,25,61.48648648648649,53.37837837837838,8.108108108108109
W00000895,109,40,12,28,69,56,13,36.69724770642202,11.009174311926607,25.688073394495415,63.30275229357798,51.37614678899083,11.926605504587156
W00000896,140,57,17,40,83,67,16,40.714285714285715,12.142857142857142,28.57142857142857,59.285714285714285,47.85714285714286,11.428571428571429
W00000897,67,31,9,22,36,34,2,46.26865671641791,13.432835820895523,32.83582089552239,53.73134328358209,50.74626865671642,2.9850746268656714
W00000898,135,45,15,30,90,77,13,33.33333333333333,11.11111111111111,22.22222222222222,66.66666666666666,57.03703703703704,9.62962962962963
W00000899,91,27,7,20,64,56,8,29.67032967032967,7.6923076923076925,21.978021978021978,70.32967032967034,61.53846153846154,8.791208791208792
W00000900,45,21,10,11,24,17,7,46.666666666666664,22.22222222222222,24.444444444444443,53.333333333333336,37.77777777777778,15.555555555555555
W00000901,85,32,5,27,53,46,7,37.64705882352941,5.88235294117647,31.76470588235294,62.35294117647059,54.11764705882353,8.235294117647058
W00000902,134,45,17,28,89,77,12,33.582089552238806,12.686567164179104,20.8955223880597,66.4179104477612,57.46268656716418,8.955223880597014
W00000903,154,61,19,42,93,82,11,39.61038961038961,12.337662337662337,27.27272727272727,60.3896103896104,53.246753246753244,7.142857142857142
W00000904,133,40,8,32,93,83,10,30.075187969924812,6.015037593984962,24.06015037593985,69.92481203007519,62.40601503759399,7.518796992481203
W00000905,137,40,7,33,97,79,18,29.1970802919708,5.109489051094891,24.087591240875913,70.8029197080292,57.66423357664233,13.138686131386862
W00000906,94,41,6,35,53,49,4,43.61702127659575,6.382978723404255,37.234042553191486,56.38297872340425,52.12765957446809,4.25531914893617
W00000907,177,50,14,36,127,112,15,28.24858757062147,7.909604519774012,20.33898305084746,71.75141242937853,63.2768361581921,8.47457627118644
W00000908,121,46,12,34,75,70,5,38.01652892561984,9.917355371900827,28.09917355371901,61.98347107438017,57.85123966942148,4.132231404958678
W00000909,131,46,16,30,85,74,11,35.11450381679389,12.213740458015266,22.900763358778626,64.8854961832061,56.48854961832062,8.396946564885496
W00000910,147,50,16,34,97,86,11,34.01360544217687,10.884353741496598,23.12925170068027,65.98639455782312,58.50340136054422,7.482993197278912
W00000911,104,33,19,14,71,56,15,31.73076923076923,18.269230769230766,13.461538461538462,68.26923076923077,53.84615384615385,14.423076923076922
W00000912,99,32,7,25,67,55,12,32.323232323232325,7.07070707070707,25.252525252525253,67.67676767676768,55.55555555555556,12.121212121212121
W00000913,141,55,20,35,86,76,10,39.00709219858156,14.184397163120568,24.822695035460992,60.99290780141844,53.90070921985816,7.092198581560284
W00000914,157,52,17,35,105,94,11,33.12101910828025,10.828025477707007,22.29299363057325,66.87898089171973,59.87261146496815,7.006369426751593
W00000915,149,57,12,45,92,80,12,38.25503355704698,8.053691275167784,30.201342281879196,61.74496644295302,53.691275167785236,8.053691275167784
W00000916,158,55,13,42,103,87,16,34.810126582278485,8.227848101265822,26.582278481012654,65.18987341772153,55.06329113924051,10.126582278481013
W00000917,153,62,15,47,91,84,7,40.52287581699346,9.803921568627452,30.718954248366014,59.47712418300654,54.90196078431373,4.57516339869281
W00000918,207,69,29,40,138,121,17,33.33333333333333,14.009661835748794,19.32367149758454,66.66666666666666,58.454106280193244,8.212560386473431
W00000919,139,43,13,30,96,78,18,30.935251798561154,9.352517985611511,21.58273381294964,69.06474820143885,56.11510791366906,12.949640287769784
W00000920,121,56,24,32,65,51,14,46.28099173553719,19.834710743801654,26.446280991735538,53.71900826446281,42.14876033057851,11.570247933884298
W00000921,139,40,11,29,99,89,10,28.776978417266186,7.913669064748201,20.863309352517987,71.22302158273382,64.02877697841727,7.1942446043165464
W00000922,155,43,12,31,112,96,16,27.741935483870968,7.741935483870968,20,72.25806451612902,61.935483870967744,10.32258064516129
W00000923,128,39,10,29,89,78,11,30.46875,7.8125,22.65625,69.53125,60.9375,8.59375
W00000924,82,29,7,22,53,44,9,35.36585365853659,8.536585365853659,26.82926829268293,64.63414634146342,53.65853658536586,10.975609756097562
W00000925,83,27,6,21,56,50,6,32.53012048192771,7.228915662650602,25.301204819277107,67.46987951807229,60.24096385542169,7.228915662650602
W00000926,105,33,7,26,72,60,12,31.428571428571427,6.666666666666667,24.761904761904763,68.57142857142857,57.14285714285714,11.428571428571429
W00000927,143,57,18,39,86,79,7,39.86013986013986,12.587412587412588,27.27272727272727,60.13986013986013,55.24475524475524,4.895104895104895
W00000928,140,41,8,33,99,92,7,29.28571428571429,5.714285714285714,23.57142857142857,70.71428571428572,65.71428571428571,5
W00000929,114,36,16,20,78,70,8,31.57894736842105,14.035087719298245,17.543859649122805,68.42105263157895,61.40350877192983,7.017543859649122
W00000930,89,27,6,21,62,49,13,30.337078651685395,6.741573033707865,23.595505617977526,69.66292134831461,55.0561797752809,14.606741573033707
W00000931,148,48,17,31,100,86,14,32.432432432432435,11.486486486486488,20.945945945945947,67.56756756756756,58.108108108108105,9.45945945945946
W00000932,166,47,20,27,119,93,26,28.313253012048197,12.048192771084338,16.265060240963855,71.6867469879518,56.024096385542165,15.66265060240964
W00000933,119,30,7,23,89,70,19,25.210084033613445,5.88235294117647,19.327731092436977,74.78991596638656,58.82352941176471,15.966386554621847
W00000934,112,43,13,30,69,56,13,38.392857142857146,11.607142857142858,26.785714285714285,61.60714285714286,50,11.607142857142858
W00000935,143,58,18,40,85,73,12,40.55944055944056,12.587412587412588,27.972027972027973,59.44055944055944,51.048951048951054,8.391608391608392
W00000936,39,13,4,9,26,22,4,33.33333333333333,10.256410256410255,23.076923076923077,66.66666666666666,56.41025641025641,10.256410256410255
W00000937,37,14,6,8,23,18,5,37.83783783783784,16.216216216216218,21.62162162162162,62.16216216216216,48.64864864864865,13.513513513513514
W00000938,132,43,6,37,89,77,12,32.57575757575758,4.545454545454546,28.030303030303028,67.42424242424242,58.333333333333336,9.090909090909092
W00000939,135,33,9,24,102,92,10,24.444444444444443,6.666666666666667,17.77777777777778,75.55555555555556,68.14814814814815,7.4074074074074066
W00000940,188,66,14,52,122,104,18,35.1063829787234,7.446808510638298,27.659574468085108,64.8936170212766,55.319148936170215,9.574468085106384
W00000941,142,35,5,30,107,94,13,24.647887323943664,3.5211267605633805,21.12676056338028,75.35211267605634,66.19718309859155,9.15492957746479
W00000942,173,50,7,43,123,106,17,28.901734104046245,4.046242774566474,24.85549132947977,71.09826589595376,61.27167630057804,9.826589595375722
W00000943,150,40,7,33,110,96,14,26.666666666666668,4.666666666666667,22,73.33333333333333,64,9.333333333333334
W00000944,93,31,7,24,62,58,4,33.33333333333333,7.526881720430108,25.806451612903224,66.66666666666666,62.365591397849464,4.301075268817205
W00000945,179,64,13,51,115,99,16,35.754189944134076,7.262569832402235,28.49162011173184,64.24581005586593,55.3072625698324,8.938547486033519
W00000946,295,55,8,47,240,201,39,18.64406779661017,2.711864406779661,15.932203389830507,81.35593220338984,68.13559322033899,13.220338983050848
W00000947,97,34,10,24,63,55,8,35.051546391752574,10.309278350515463,24.742268041237114,64.94845360824742,56.70103092783505,8.24742268041237
W00000948,197,59,16,43,138,122,16,29.949238578680205,8.121827411167512,21.82741116751269,70.05076142131979,61.92893401015228,8.121827411167512
W00000949,114,27,4,23,87,79,8,23.684210526315788,3.508771929824561,20.175438596491226,76.31578947368422,69.2982456140351,7.017543859649122
W00000950,86,25,5,20,61,54,7,29.069767441860467,5.813953488372093,23.25581395348837,70.93023255813954,62.7906976744186,8.13953488372093
W00000951,131,43,8,35,88,78,10,32.82442748091603,6.106870229007633,26.717557251908396,67.17557251908397,59.541984732824424,7.633587786259542
W00000953,117,34,7,27,83,73,10,29.059829059829063,5.982905982905983,23.076923076923077,70.94017094017094,62.39316239316239,8.547008547008547
W00000954,89,31,8,23,58,50,8,34.831460674157306,8.98876404494382,25.842696629213485,65.1685393258427,56.17977528089888,8.98876404494382
W00000955,124,37,9,28,87,71,16,29.838709677419356,7.258064516129033,22.58064516129032,70.16129032258065,57.25806451612904,12.903225806451612
W00000956,112,36,9,27,76,72,4,32.142857142857146,8.035714285714286,24.107142857142858,67.85714285714286,64.28571428571429,3.571428571428571
W00000957,134,33,11,22,101,94,7,24.62686567164179,8.208955223880597,16.417910447761194,75.3731343283582,70.1492537313433,5.223880597014925
W00000958,71,21,6,15,50,44,6,29.577464788732392,8.450704225352112,21.12676056338028,70.4225352112676,61.97183098591549,8.450704225352112
W00000959,185,57,16,41,128,114,14,30.810810810810814,8.64864864864865,22.162162162162165,69.1891891891892,61.62162162162163,7.567567567567568
W00000960,62,23,12,11,39,35,4,37.096774193548384,19.35483870967742,17.741935483870968,62.903225806451616,56.451612903225815,6.451612903225806
W00000961,172,60,26,34,112,91,21,34.883720930232556,15.11627906976744,19.767441860465116,65.11627906976744,52.90697674418605,12.209302325581394
W00000962,141,44,18,26,97,85,12,31.20567375886525,12.76595744680851,18.439716312056735,68.79432624113475,60.28368794326241,8.51063829787234
W00000963,178,65,29,36,113,98,15,36.51685393258427,16.292134831460675,20.224719101123593,63.48314606741573,55.0561797752809,8.426966292134832
W00000964,171,64,17,47,107,88,19,37.42690058479532,9.941520467836257,27.485380116959064,62.57309941520468,51.461988304093566,11.11111111111111
W00000965,179,53,17,36,126,101,25,29.608938547486037,9.497206703910614,20.11173184357542,70.39106145251397,56.424581005586596,13.966480446927374
W00000966,118,46,17,29,72,60,12,38.983050847457626,14.40677966101695,24.576271186440678,61.016949152542374,50.847457627118644,10.16949152542373
W00000967,83,23,13,10,60,44,16,27.710843373493976,15.66265060240964,12.048192771084338,72.28915662650603,53.01204819277109,19.27710843373494
W00000968,49,16,5,11,33,27,6,32.6530612244898,10.204081632653061,22.448979591836736,67.3469387755102,55.10204081632652,12.244897959183673
W00000969,172,54,17,37,118,101,17,31.3953488372093,9.883720930232558,21.511627906976745,68.6046511627907,58.720930232558146,9.883720930232558
W00000970,132,36,4,32,96,80,16,27.27272727272727,3.0303030303030303,24.242424242424242,72.72727272727273,60.60606060606061,12.121212121212121
W00000971,184,66,23,43,118,94,24,35.869565217391305,12.5,23.369565217391305,64.13043478260869,51.08695652173913,13.043478260869565
W00000972,150,55,22,33,95,81,14,36.666666666666664,14.666666666666666,22,63.33333333333333,54,9.333333333333334
W00000973,148,45,14,31,103,82,21,30.405405405405407,9.45945945945946,20.945945945945947,69.5945945945946,55.4054054054054,14.18918918918919
W00000974,168,55,26,29,113,86,27,32.73809523809524,15.476190476190476,17.261904761904763,67.26190476190477,51.19047619047619,16.071428571428573
W00000975,137,52,16,36,85,70,15,37.95620437956204,11.678832116788321,26.277372262773724,62.04379562043796,51.09489051094891,10.948905109489052
W00000976,171,51,22,29,120,94,26,29.82456140350877,12.865497076023392,16.95906432748538,70.17543859649122,54.97076023391813,15.204678362573098
W00000977,132,41,7,34,91,80,11,31.060606060606062,5.303030303030303,25.757575757575758,68.93939393939394,60.60606060606061,8.333333333333332
W00000978,125,51,10,41,74,63,11,40.8,8,32.800000000000004,59.199999999999996,50.4,8.799999999999999
W00000979,131,31,4,27,100,84,16,23.66412213740458,3.0534351145038165,20.610687022900763,76.33587786259542,64.12213740458014,12.213740458015266
W00000980,38,9,2,7,29,27,2,23.684210526315788,5.263157894736842,18.421052631578945,76.31578947368422,71.05263157894737,5.263157894736842
W00000981,209,54,16,38,155,123,32,25.837320574162682,7.655502392344498,18.181818181818183,74.16267942583733,58.85167464114832,15.311004784688995
W00000982,82,27,6,21,55,48,7,32.926829268292686,7.317073170731707,25.609756097560975,67.07317073170732,58.536585365853654,8.536585365853659
W00000983,77,27,7,20,50,41,9,35.064935064935064,9.090909090909092,25.97402597402597,64.93506493506493,53.246753246753244,11.688311688311687
W00000984,105,46,12,34,59,46,13,43.80952380952381,11.428571428571429,32.38095238095238,56.19047619047619,43.80952380952381,12.380952380952381
W00000985,87,37,8,29,50,45,5,42.5287356321839,9.195402298850574,33.33333333333333,57.47126436781609,51.724137931034484,5.747126436781609
W00000986,195,67,27,40,128,108,20,34.35897435897436,13.846153846153847,20.51282051282051,65.64102564102564,55.38461538461539,10.256410256410255
W00000987,77,19,8,11,58,44,14,24.675324675324674,10.38961038961039,14.285714285714285,75.32467532467533,57.14285714285714,18.181818181818183
W00000988,131,45,21,24,86,74,12,34.35114503816794,16.030534351145036,18.3206106870229,65.64885496183206,56.48854961832062,9.16030534351145
W00000989,169,71,20,51,98,84,14,42.01183431952663,11.834319526627219,30.17751479289941,57.98816568047337,49.70414201183432,8.284023668639055
W00000990,60,32,6,26,28,25,3,53.333333333333336,10,43.333333333333336,46.666666666666664,41.66666666666667,5
W00000991,102,38,11,27,64,54,10,37.254901960784316,10.784313725490197,26.47058823529412,62.745098039215684,52.94117647058824,9.803921568627452
W00000992,107,38,11,27,69,60,9,35.51401869158878,10.2803738317757,25.233644859813083,64.48598130841121,56.074766355140184,8.411214953271028
W00000993,104,38,11,27,66,56,10,36.53846153846153,10.576923076923077,25.961538461538463,63.46153846153846,53.84615384615385,9.615384615384617
W00000994,101,34,9,25,67,57,10,33.663366336633665,8.91089108910891,24.752475247524753,66.33663366336634,56.43564356435643,9.900990099009901
W00000995,108,45,9,36,63,54,9,41.66666666666667,8.333333333333332,33.33333333333333,58.333333333333336,50,8.333333333333332
W00000996,131,42,12,30,89,77,12,32.06106870229007,9.16030534351145,22.900763358778626,67.93893129770993,58.778625954198475,9.16030534351145
W00000997,93,35,6,29,58,47,11,37.634408602150536,6.451612903225806,31.182795698924732,62.365591397849464,50.53763440860215,11.827956989247312
W00000998,80,27,12,15,53,50,3,33.75,15,18.75,66.25,62.5,3.75
W00000999,131,56,18,38,75,68,7,42.74809160305343,13.740458015267176,29.00763358778626,57.25190839694656,51.908396946564885,5.343511450381679
W00001000,124,42,12,30,82,71,11,33.87096774193548,9.67741935483871,24.193548387096776,66.12903225806451,57.25806451612904,8.870967741935484
W00001001,126,44,11,33,82,75,7,34.92063492063492,8.73015873015873,26.190476190476193,65.07936507936508,59.523809523809526,5.555555555555555
W00001002,149,47,11,36,102,89,13,31.543624161073826,7.38255033557047,24.161073825503358,68.45637583892618,59.73154362416108,8.724832214765101
W00001003,82,21,8,13,61,50,11,25.609756097560975,9.75609756097561,15.853658536585366,74.39024390243902,60.97560975609756,13.414634146341465
W00001004,80,35,21,14,45,39,6,43.75,26.25,17.5,56.25,48.75,7.5
W00001005,77,36,8,28,41,38,3,46.75324675324675,10.38961038961039,36.36363636363637,53.246753246753244,49.35064935064935,3.896103896103896
W00001006,127,47,12,35,80,70,10,37.00787401574803,9.448818897637794,27.559055118110237,62.99212598425197,55.118110236220474,7.874015748031496
W00001007,189,59,27,32,130,78,52,31.216931216931215,14.285714285714285,16.93121693121693,68.78306878306879,41.269841269841265,27.513227513227513
W00001008,183,66,24,42,117,71,46,36.0655737704918,13.114754098360656,22.950819672131146,63.934426229508205,38.79781420765027,25.136612021857925
W00001009,110,28,11,17,82,66,16,25.454545454545453,10,15.454545454545453,74.54545454545455,60,14.545454545454545
W00001010,165,49,18,31,116,82,34,29.6969696969697,10.909090909090908,18.787878787878785,70.3030303030303,49.696969696969695,20.606060606060606
W00001011,96,20,5,15,76,37,39,20.833333333333336,5.208333333333334,15.625,79.16666666666666,38.54166666666667,40.625
W00001012,207,41,8,33,166,104,62,19.806763285024154,3.864734299516908,15.942028985507244,80.19323671497585,50.24154589371981,29.951690821256037
W00001013,141,41,10,31,100,79,21,29.078014184397162,7.092198581560284,21.98581560283688,70.92198581560284,56.02836879432624,14.893617021276595
W00001014,117,26,6,20,91,61,30,22.22222222222222,5.128205128205128,17.094017094017094,77.77777777777779,52.13675213675214,25.64102564102564
W00001015,151,42,14,28,109,73,36,27.81456953642384,9.271523178807946,18.543046357615893,72.18543046357617,48.34437086092716,23.841059602649008
W00001016,95,25,6,19,70,46,24,26.31578947368421,6.315789473684211,20,73.68421052631578,48.421052631578945,25.263157894736842
W00010103,97,35,9,26,62,48,14,36.08247422680412,9.278350515463918,26.804123711340207,63.91752577319587,49.48453608247423,14.432989690721648
W00010105,156,49,16,33,107,85,22,31.41025641025641,10.256410256410255,21.153846153846153,68.58974358974359,54.48717948717948,14.102564102564102
W00010106,96,34,13,21,62,54,8,35.41666666666667,13.541666666666666,21.875,64.58333333333334,56.25,8.333333333333332
W00010108,89,33,15,18,56,50,6,37.07865168539326,16.853932584269664,20.224719101123593,62.92134831460674,56.17977528089888,6.741573033707865
W00010453,161,55,11,44,106,97,9,34.161490683229815,6.832298136645963,27.32919254658385,65.83850931677019,60.24844720496895,5.590062111801243
W00010459,53,18,1,17,35,31,4,33.9622641509434,1.8867924528301887,32.075471698113205,66.0377358490566,58.490566037735846,7.547169811320755
W00010461,213,43,10,33,170,143,27,20.187793427230048,4.694835680751173,15.492957746478872,79.81220657276995,67.13615023474179,12.676056338028168
W00010481,133,44,10,34,89,77,12,33.08270676691729,7.518796992481203,25.563909774436087,66.9172932330827,57.89473684210527,9.022556390977442
W00010489,301,82,35,47,219,193,26,27.242524916943523,11.627906976744185,15.614617940199334,72.75747508305648,64.11960132890366,8.637873754152823
