OA,ts0380001,ts0380002,ts0380003,ts0380004,ts0380005,ts0380006,ts0380007,ts0380002_PCT,ts0380003_PCT,ts0380004_PCT,ts0380005_PCT,ts0380006_PCT,ts0380007_PCT
W00000629,223,75,35,40,148,23,125,33.6322869955157,15.695067264573993,17.937219730941703,66.3677130044843,10.31390134529148,56.05381165919282
W00000630,243,87,35,52,156,14,142,35.80246913580247,14.40329218106996,21.39917695473251,64.19753086419753,5.761316872427984,58.43621399176955
W00000631,215,75,36,39,140,10,130,34.883720930232556,16.74418604651163,18.13953488372093,65.11627906976744,4.651162790697675,60.46511627906976
W00000632,427,108,46,62,319,19,300,25.292740046838407,10.772833723653395,14.519906323185012,74.7072599531616,4.449648711943794,70.2576112412178
W00000633,404,109,40,69,295,14,281,26.980198019801982,9.900990099009901,17.07920792079208,73.01980198019803,3.4653465346534658,69.55445544554455
W00000634,185,72,34,38,113,10,103,38.91891891891892,18.37837837837838,20.54054054054054,61.08108108108108,5.405405405405405,55.67567567567567
W00000635,266,77,34,43,189,21,168,28.947368421052634,12.781954887218044,16.165413533834585,71.05263157894737,7.894736842105263,63.1578947368421
W00000636,195,84,48,36,111,9,102,43.07692307692308,24.615384615384617,18.461538461538463,56.92307692307692,4.615384615384616,52.307692307692314
W00000637,274,82,40,42,192,18,174,29.927007299270077,14.5985401459854,15.328467153284672,70.07299270072993,6.569343065693431,63.503649635036496
W00000638,260,44,18,26,216,19,197,16.923076923076923,6.923076923076923,10,83.07692307692308,7.307692307692308,75.76923076923077
W00000639,216,42,19,23,174,15,159,19.444444444444446,8.796296296296296,10.648148148148149,80.55555555555556,6.944444444444445,73.61111111111111
W00000640,218,21,0,21,197,12,185,9.63302752293578,0,9.63302752293578,90.36697247706422,5.5045871559633035,84.86238532110092
W00000641,255,39,9,30,216,8,208,15.294117647058824,3.5294117647058822,11.76470588235294,84.70588235294117,3.1372549019607843,81.56862745098039
W00000642,198,43,16,27,155,12,143,21.71717171717172,8.080808080808081,13.636363636363635,78.28282828282829,6.0606060606060606,72.22222222222221
W00000643,307,40,10,30,267,22,245,13.029315960912053,3.257328990228013,9.77198697068404,86.97068403908796,7.166123778501629,79.80456026058633
W00000644,380,60,26,34,320,20,300,15.789473684210526,6.842105263157896,8.947368421052632,84.21052631578947,5.263157894736842,78.94736842105263
W00000645,301,74,33,41,227,16,211,24.58471760797342,10.96345514950166,13.621262458471762,75.41528239202658,5.3156146179401995,70.09966777408638
W00000646,364,65,24,41,299,22,277,17.857142857142858,6.593406593406594,11.263736263736265,82.14285714285714,6.043956043956044,76.0989010989011
W00000647,314,59,30,29,255,23,232,18.789808917197455,9.554140127388536,9.235668789808917,81.21019108280255,7.32484076433121,73.88535031847134
W00000648,289,60,35,25,229,20,209,20.761245674740483,12.110726643598616,8.650519031141869,79.23875432525952,6.920415224913495,72.31833910034602
W00000649,391,88,28,60,303,29,274,22.506393861892583,7.161125319693094,15.34526854219949,77.49360613810742,7.41687979539642,70.076726342711
W00000650,246,64,28,36,182,7,175,26.01626016260163,11.38211382113821,14.634146341463413,73.98373983739837,2.8455284552845526,71.13821138211382
W00000651,257,56,23,33,201,23,178,21.78988326848249,8.949416342412452,12.840466926070038,78.21011673151752,8.949416342412452,69.26070038910505
W00000653,285,60,27,33,225,22,203,21.052631578947366,9.473684210526317,11.578947368421053,78.94736842105263,7.719298245614035,71.2280701754386
W00000655,244,61,22,39,183,19,164,25,9.01639344262295,15.983606557377051,75,7.786885245901639,67.21311475409836
W00000656,308,65,20,45,243,18,225,21.1038961038961,6.493506493506493,14.61038961038961,78.8961038961039,5.844155844155844,73.05194805194806
W00000657,354,68,32,36,286,20,266,19.2090395480226,9.03954802259887,10.16949152542373,80.7909604519774,5.649717514124294,75.14124293785311
W00000658,296,44,22,22,252,18,234,14.864864864864865,7.4324324324324325,7.4324324324324325,85.13513513513513,6.081081081081082,79.05405405405406
W00000659,313,57,24,33,256,24,232,18.210862619808307,7.667731629392971,10.543130990415335,81.78913738019169,7.667731629392971,74.12140575079871
W00000660,334,70,27,43,264,32,232,20.958083832335326,8.08383233532934,12.874251497005988,79.04191616766467,9.580838323353294,69.46107784431138
W00000661,338,55,31,24,283,19,264,16.272189349112427,9.171597633136095,7.100591715976331,83.72781065088756,5.621301775147929,78.10650887573965
W00000662,247,41,15,26,206,19,187,16.599190283400812,6.0728744939271255,10.526315789473683,83.40080971659918,7.6923076923076925,75.7085020242915
W00000663,265,56,27,29,209,17,192,21.132075471698116,10.18867924528302,10.943396226415095,78.8679245283019,6.415094339622642,72.45283018867924
W00000664,254,56,26,30,198,19,179,22.04724409448819,10.236220472440944,11.811023622047244,77.95275590551181,7.480314960629922,70.47244094488188
W00000665,136,23,13,10,113,7,106,16.911764705882355,9.558823529411764,7.352941176470589,83.08823529411765,5.147058823529411,77.94117647058823
W00000666,298,45,23,22,253,22,231,15.100671140939598,7.718120805369128,7.38255033557047,84.8993288590604,7.38255033557047,77.51677852348993
W00000667,338,71,26,45,267,16,251,21.005917159763314,7.6923076923076925,13.313609467455622,78.99408284023669,4.733727810650888,74.2603550295858
W00000668,486,73,24,49,413,40,373,15.020576131687244,4.938271604938271,10.08230452674897,84.97942386831275,8.23045267489712,76.74897119341564
W00000669,307,61,27,34,246,22,224,19.86970684039088,8.794788273615636,11.074918566775244,80.13029315960912,7.166123778501629,72.9641693811075
W00000670,292,72,37,35,220,21,199,24.65753424657534,12.67123287671233,11.986301369863012,75.34246575342466,7.191780821917808,68.15068493150685
W00000671,283,124,45,79,159,17,142,43.81625441696113,15.901060070671377,27.915194346289752,56.18374558303887,6.007067137809187,50.17667844522968
W00000672,341,88,43,45,253,16,237,25.806451612903224,12.609970674486803,13.196480938416421,74.19354838709677,4.69208211143695,69.50146627565982
W00000673,411,109,57,52,302,25,277,26.520681265206814,13.86861313868613,12.652068126520682,73.47931873479318,6.082725060827251,67.39659367396594
W00000674,337,81,32,49,256,28,228,24.03560830860534,9.495548961424333,14.540059347181009,75.96439169139467,8.30860534124629,67.65578635014838
W00000675,301,59,24,35,242,22,220,19.601328903654487,7.973421926910299,11.627906976744185,80.39867109634552,7.308970099667775,73.08970099667775
W00000676,338,81,42,39,257,22,235,23.964497041420117,12.42603550295858,11.538461538461538,76.03550295857988,6.508875739644971,69.5266272189349
W00000677,331,47,22,25,284,20,264,14.19939577039275,6.646525679758309,7.552870090634441,85.80060422960725,6.042296072507553,79.7583081570997
W00000678,281,58,26,32,223,18,205,20.640569395017792,9.252669039145907,11.387900355871885,79.35943060498221,6.405693950177936,72.95373665480427
W00000679,268,65,38,27,203,20,183,24.253731343283583,14.17910447761194,10.074626865671641,75.74626865671642,7.462686567164178,68.28358208955224
W00000680,312,63,33,30,249,36,213,20.192307692307693,10.576923076923077,9.615384615384617,79.8076923076923,11.538461538461538,68.26923076923077
W00000681,280,60,25,35,220,22,198,21.428571428571427,8.928571428571429,12.5,78.57142857142857,7.857142857142857,70.71428571428572
W00000682,201,46,22,24,155,20,135,22.885572139303484,10.945273631840797,11.940298507462686,77.11442786069652,9.950248756218906,67.16417910447761
W00000683,270,44,17,27,226,20,206,16.296296296296298,6.296296296296296,10,83.7037037037037,7.4074074074074066,76.29629629629629
W00000684,336,76,32,44,260,17,243,22.61904761904762,9.523809523809524,13.095238095238097,77.38095238095238,5.059523809523809,72.32142857142857
W00000685,382,109,54,55,273,31,242,28.534031413612563,14.136125654450263,14.397905759162304,71.46596858638743,8.115183246073299,63.35078534031413
W00000686,257,55,31,24,202,12,190,21.40077821011673,12.062256809338521,9.33852140077821,78.59922178988327,4.669260700389105,73.92996108949417
W00000687,231,57,21,36,174,29,145,24.675324675324674,9.090909090909092,15.584415584415584,75.32467532467533,12.554112554112553,62.77056277056276
W00000688,297,57,22,35,240,24,216,19.19191919191919,7.4074074074074066,11.784511784511785,80.8080808080808,8.080808080808081,72.72727272727273
W00000689,201,37,14,23,164,15,149,18.407960199004975,6.965174129353234,11.442786069651742,81.59203980099502,7.462686567164178,74.12935323383084
W00000690,380,52,19,33,328,29,299,13.684210526315791,5,8.68421052631579,86.31578947368422,7.631578947368421,78.6842105263158
W00000691,215,61,27,34,154,20,134,28.37209302325581,12.558139534883722,15.813953488372093,71.62790697674419,9.30232558139535,62.32558139534884
W00000692,236,52,20,32,184,16,168,22.033898305084744,8.47457627118644,13.559322033898304,77.96610169491525,6.779661016949152,71.1864406779661
W00000693,389,39,18,21,350,31,319,10.025706940874036,4.627249357326478,5.3984575835475574,89.97429305912597,7.969151670951156,82.0051413881748
W00000694,297,43,17,26,254,26,228,14.47811447811448,5.723905723905724,8.754208754208754,85.52188552188552,8.754208754208754,76.76767676767676
W00000695,344,69,30,39,275,25,250,20.058139534883722,8.720930232558139,11.337209302325581,79.94186046511628,7.267441860465117,72.67441860465115
W00000696,230,59,24,35,171,25,146,25.65217391304348,10.434782608695652,15.217391304347828,74.34782608695653,10.869565217391305,63.47826086956522
W00000697,244,54,26,28,190,16,174,22.131147540983605,10.655737704918032,11.475409836065573,77.8688524590164,6.557377049180328,71.31147540983606
W00000698,298,62,20,42,236,21,215,20.80536912751678,6.7114093959731544,14.093959731543624,79.19463087248322,7.046979865771812,72.14765100671141
W00000699,317,59,23,36,258,16,242,18.61198738170347,7.255520504731862,11.35646687697161,81.38801261829653,5.047318611987381,76.34069400630915
W00000700,345,90,54,36,255,22,233,26.08695652173913,15.65217391304348,10.434782608695652,73.91304347826086,6.3768115942028984,67.53623188405797
W00000701,253,74,43,31,179,26,153,29.249011857707508,16.99604743083004,12.25296442687747,70.7509881422925,10.276679841897234,60.47430830039525
W00000702,283,105,66,39,178,12,166,37.102473498233216,23.32155477031802,13.780918727915195,62.89752650176679,4.240282685512367,58.657243816254415
W00000703,215,75,33,42,140,15,125,34.883720930232556,15.348837209302326,19.53488372093023,65.11627906976744,6.976744186046512,58.139534883720934
W00000704,170,38,14,24,132,12,120,22.35294117647059,8.235294117647058,14.117647058823529,77.64705882352942,7.0588235294117645,70.58823529411765
W00000705,269,79,36,43,190,21,169,29.36802973977695,13.382899628252787,15.985130111524162,70.63197026022306,7.806691449814126,62.825278810408925
W00000706,199,66,32,34,133,15,118,33.165829145728644,16.08040201005025,17.08542713567839,66.83417085427136,7.537688442211055,59.2964824120603
W00000707,241,78,42,36,163,14,149,32.365145228215766,17.42738589211618,14.937759336099585,67.63485477178423,5.809128630705394,61.82572614107884
W00000708,264,51,22,29,213,18,195,19.318181818181817,8.333333333333332,10.984848484848484,80.68181818181817,6.8181818181818175,73.86363636363636
W00000709,228,52,22,30,176,25,151,22.807017543859647,9.649122807017543,13.157894736842104,77.19298245614034,10.964912280701753,66.22807017543859
W00000710,319,53,21,32,266,11,255,16.614420062695924,6.583072100313479,10.031347962382444,83.38557993730407,3.4482758620689653,79.9373040752351
W00000711,250,58,24,34,192,7,185,23.200000000000003,9.6,13.600000000000001,76.8,2.8000000000000003,74
W00000712,321,67,25,42,254,11,243,20.87227414330218,7.78816199376947,13.084112149532709,79.12772585669782,3.4267912772585665,75.70093457943925
W00000713,206,62,32,30,144,9,135,30.097087378640776,15.53398058252427,14.563106796116504,69.90291262135922,4.368932038834951,65.53398058252428
W00000714,301,58,29,29,243,11,232,19.269102990033225,9.634551495016613,9.634551495016613,80.73089700996677,3.6544850498338874,77.0764119601329
W00000715,371,86,45,41,285,18,267,23.180592991913745,12.129380053908356,11.05121293800539,76.81940700808624,4.8517520215633425,71.96765498652292
W00000716,281,98,70,28,183,14,169,34.87544483985765,24.91103202846975,9.9644128113879,65.12455516014235,4.98220640569395,60.14234875444839
W00000717,337,76,27,49,261,37,224,22.551928783382788,8.011869436201781,14.540059347181009,77.44807121661721,10.979228486646884,66.46884272997032
W00000718,226,57,31,26,169,12,157,25.221238938053098,13.716814159292035,11.504424778761061,74.77876106194691,5.3097345132743365,69.46902654867256
W00000719,248,31,11,20,217,20,197,12.5,4.435483870967742,8.064516129032258,87.5,8.064516129032258,79.43548387096774
W00000720,311,74,40,34,237,12,225,23.79421221864952,12.861736334405144,10.932475884244374,76.20578778135048,3.858520900321544,72.34726688102894
W00000721,206,48,21,27,158,21,137,23.300970873786408,10.194174757281553,13.106796116504855,76.69902912621359,10.194174757281553,66.50485436893204
W00000722,255,66,28,38,189,17,172,25.882352941176475,10.980392156862745,14.901960784313726,74.11764705882354,6.666666666666667,67.45098039215686
W00000723,231,38,18,20,193,23,170,16.450216450216452,7.792207792207792,8.658008658008658,83.54978354978356,9.956709956709958,73.59307359307358
W00000724,195,59,28,31,136,13,123,30.256410256410255,14.358974358974358,15.897435897435896,69.74358974358974,6.666666666666667,63.07692307692307
W00000725,248,62,21,41,186,24,162,25,8.46774193548387,16.532258064516128,75,9.67741935483871,65.32258064516128
W00000726,306,84,53,31,222,16,206,27.450980392156865,17.320261437908496,10.130718954248366,72.54901960784314,5.228758169934641,67.3202614379085
W00000727,255,68,22,46,187,24,163,26.666666666666668,8.627450980392156,18.03921568627451,73.33333333333333,9.411764705882353,63.921568627450974
W00000728,277,58,21,37,219,21,198,20.938628158844764,7.581227436823104,13.357400722021662,79.06137184115524,7.581227436823104,71.48014440433214
W00000729,393,99,52,47,294,21,273,25.190839694656486,13.231552162849871,11.959287531806616,74.80916030534351,5.343511450381679,69.46564885496184
W00000730,283,45,15,30,238,16,222,15.901060070671377,5.30035335689046,10.60070671378092,84.09893992932862,5.6537102473498235,78.4452296819788
W00000731,380,60,19,41,320,23,297,15.789473684210526,5,10.789473684210527,84.21052631578947,6.052631578947368,78.15789473684211
W00000732,270,54,23,31,216,16,200,20,8.518518518518519,11.481481481481481,80,5.9259259259259265,74.07407407407408
W00000733,280,73,38,35,207,27,180,26.071428571428573,13.571428571428571,12.5,73.92857142857143,9.642857142857144,64.28571428571429
W00000734,306,44,19,25,262,22,240,14.37908496732026,6.209150326797386,8.169934640522875,85.62091503267973,7.18954248366013,78.43137254901961
W00000735,302,44,21,23,258,28,230,14.56953642384106,6.95364238410596,7.6158940397351,85.43046357615894,9.271523178807946,76.15894039735099
W00000736,276,86,41,45,190,19,171,31.15942028985507,14.855072463768115,16.304347826086957,68.84057971014492,6.884057971014493,61.95652173913043
W00000737,240,66,35,31,174,15,159,27.500000000000004,14.583333333333334,12.916666666666668,72.5,6.25,66.25
W00000738,301,44,15,29,257,24,233,14.61794019933555,4.983388704318937,9.634551495016613,85.38205980066445,7.973421926910299,77.40863787375415
W00000739,218,46,19,27,172,27,145,21.100917431192663,8.715596330275229,12.385321100917432,78.89908256880734,12.385321100917432,66.5137614678899
W00000740,276,70,36,34,206,20,186,25.36231884057971,13.043478260869565,12.318840579710146,74.63768115942028,7.246376811594203,67.3913043478261
W00000741,352,70,38,32,282,15,267,19.886363636363637,10.795454545454545,9.090909090909092,80.11363636363636,4.261363636363636,75.85227272727273
W00000742,207,68,33,35,139,15,124,32.850241545893724,15.942028985507244,16.908212560386474,67.14975845410628,7.246376811594203,59.90338164251207
W00000743,349,50,16,34,299,27,272,14.326647564469914,4.584527220630372,9.742120343839542,85.67335243553008,7.736389684813753,77.93696275071633
W00000744,235,72,34,38,163,8,155,30.638297872340424,14.468085106382977,16.170212765957448,69.36170212765957,3.404255319148936,65.95744680851064
W00000745,295,41,14,27,254,22,232,13.898305084745763,4.745762711864407,9.152542372881356,86.10169491525423,7.457627118644068,78.64406779661017
W00000746,473,53,29,24,420,39,381,11.20507399577167,6.13107822410148,5.07399577167019,88.79492600422833,8.24524312896406,80.54968287526427
W00000747,349,52,14,38,297,33,264,14.899713467048711,4.011461318051576,10.888252148997136,85.10028653295129,9.455587392550143,75.64469914040114
W00000748,461,77,35,42,384,33,351,16.702819956616054,7.592190889370933,9.11062906724512,83.29718004338395,7.158351409978309,76.13882863340564
W00000749,397,122,60,62,275,19,256,30.730478589420656,15.113350125944585,15.617128463476071,69.26952141057934,4.785894206549118,64.48362720403023
W00000750,229,53,21,32,176,16,160,23.144104803493452,9.170305676855897,13.973799126637553,76.85589519650655,6.986899563318777,69.86899563318777
W00000752,236,59,26,33,177,21,156,25,11.016949152542372,13.983050847457626,75,8.898305084745763,66.10169491525424
W00000754,207,65,32,33,142,11,131,31.40096618357488,15.458937198067632,15.942028985507244,68.59903381642512,5.314009661835748,63.28502415458937
W00000756,190,51,25,26,139,23,116,26.842105263157894,13.157894736842104,13.684210526315791,73.15789473684211,12.105263157894736,61.05263157894737
W00000757,294,54,19,35,240,25,215,18.367346938775512,6.462585034013606,11.904761904761903,81.63265306122449,8.503401360544217,73.12925170068027
W00000758,490,69,24,45,421,29,392,14.081632653061224,4.8979591836734695,9.183673469387756,85.91836734693878,5.918367346938775,80
W00000759,288,74,35,39,214,24,190,25.694444444444443,12.152777777777777,13.541666666666666,74.30555555555556,8.333333333333332,65.97222222222221
W00000760,205,61,24,37,144,16,128,29.756097560975608,11.707317073170733,18.048780487804876,70.24390243902438,7.804878048780488,62.4390243902439
W00000761,321,74,36,38,247,15,232,23.05295950155763,11.214953271028037,11.838006230529595,76.94704049844236,4.672897196261682,72.27414330218068
W00000762,221,40,19,21,181,10,171,18.099547511312217,8.597285067873303,9.502262443438914,81.90045248868778,4.524886877828054,77.37556561085974
W00000765,310,84,36,48,226,17,209,27.09677419354839,11.612903225806452,15.483870967741936,72.90322580645162,5.483870967741936,67.41935483870968
W00000766,351,85,40,45,266,15,251,24.216524216524217,11.396011396011396,12.82051282051282,75.78347578347578,4.273504273504273,71.50997150997152
W00000767,304,64,32,32,240,12,228,21.052631578947366,10.526315789473683,10.526315789473683,78.94736842105263,3.9473684210526314,75
W00000768,304,85,32,53,219,21,198,27.960526315789476,10.526315789473683,17.434210526315788,72.03947368421053,6.907894736842106,65.13157894736842
W00000769,378,72,38,34,306,24,282,19.047619047619047,10.052910052910052,8.994708994708994,80.95238095238095,6.349206349206349,74.60317460317461
W00000770,357,86,36,50,271,22,249,24.089635854341736,10.084033613445378,14.005602240896359,75.91036414565826,6.162464985994398,69.74789915966386
W00000771,461,97,38,59,364,38,326,21.0412147505423,8.24295010845987,12.79826464208243,78.95878524945769,8.24295010845987,70.71583514099783
W00000772,277,57,19,38,220,21,199,20.577617328519857,6.859205776173286,13.718411552346572,79.42238267148014,7.581227436823104,71.84115523465704
W00000773,287,55,26,29,232,19,213,19.16376306620209,9.059233449477352,10.104529616724738,80.8362369337979,6.620209059233449,74.21602787456446
W00000774,233,121,78,43,112,6,106,51.931330472103,33.47639484978541,18.4549356223176,48.068669527896994,2.575107296137339,45.493562231759654
W00000775,316,69,31,38,247,18,229,21.835443037974684,9.81012658227848,12.025316455696203,78.16455696202532,5.69620253164557,72.46835443037975
W00000776,422,160,82,78,262,27,235,37.91469194312796,19.431279620853083,18.48341232227488,62.08530805687204,6.398104265402843,55.687203791469194
W00000777,235,63,37,26,172,16,156,26.80851063829787,15.74468085106383,11.063829787234042,73.19148936170212,6.808510638297872,66.38297872340425
W00000778,316,88,41,47,228,20,208,27.848101265822784,12.974683544303797,14.873417721518987,72.15189873417721,6.329113924050633,65.82278481012658
W00000779,253,79,25,54,174,30,144,31.225296442687743,9.881422924901186,21.34387351778656,68.77470355731225,11.857707509881422,56.916996047430835
W00000780,274,58,24,34,216,20,196,21.16788321167883,8.75912408759124,12.408759124087592,78.83211678832117,7.2992700729927,71.53284671532847
W00000781,212,66,35,31,146,17,129,31.132075471698112,16.50943396226415,14.622641509433961,68.86792452830188,8.018867924528301,60.84905660377359
W00000782,347,84,37,47,263,22,241,24.207492795389047,10.662824207492795,13.544668587896252,75.79250720461094,6.340057636887608,69.45244956772333
W00000783,240,70,39,31,170,16,154,29.166666666666668,16.25,12.916666666666668,70.83333333333334,6.666666666666667,64.16666666666667
W00000784,170,50,21,29,120,16,104,29.411764705882355,12.352941176470589,17.058823529411764,70.58823529411765,9.411764705882353,61.1764705882353
W00000785,239,48,19,29,191,15,176,20.0836820083682,7.949790794979079,12.133891213389122,79.9163179916318,6.2761506276150625,73.64016736401673
W00000786,268,50,17,33,218,21,197,18.65671641791045,6.343283582089552,12.313432835820896,81.34328358208955,7.835820895522389,73.50746268656717
W00000787,251,43,16,27,208,17,191,17.131474103585656,6.374501992031872,10.756972111553784,82.86852589641434,6.772908366533864,76.09561752988047
W00000788,243,60,23,37,183,27,156,24.691358024691358,9.465020576131687,15.22633744855967,75.30864197530865,11.11111111111111,64.19753086419753
W00000789,324,41,13,28,283,7,276,12.654320987654321,4.012345679012346,8.641975308641975,87.34567901234568,2.1604938271604937,85.18518518518519
W00000790,250,67,29,38,183,17,166,26.8,11.600000000000001,15.2,73.2,6.800000000000001,66.4
W00000791,246,47,18,29,199,27,172,19.10569105691057,7.317073170731707,11.788617886178862,80.89430894308943,10.975609756097562,69.91869918699187
W00000792,212,81,52,29,131,14,117,38.20754716981132,24.528301886792452,13.679245283018867,61.79245283018868,6.60377358490566,55.188679245283026
W00000793,285,50,22,28,235,8,227,17.543859649122805,7.719298245614035,9.824561403508772,82.45614035087719,2.807017543859649,79.64912280701755
W00000794,297,38,21,17,259,28,231,12.794612794612794,7.07070707070707,5.723905723905724,87.20538720538721,9.427609427609427,77.77777777777779
W00000795,237,39,22,17,198,14,184,16.455696202531644,9.282700421940929,7.172995780590717,83.54430379746836,5.9071729957805905,77.63713080168776
W00000796,267,42,19,23,225,12,213,15.730337078651685,7.116104868913857,8.614232209737828,84.26966292134831,4.49438202247191,79.7752808988764
W00000797,330,67,36,31,263,22,241,20.303030303030305,10.909090909090908,9.393939393939393,79.6969696969697,6.666666666666667,73.03030303030303
W00000798,350,122,57,65,228,11,217,34.85714285714286,16.28571428571429,18.571428571428573,65.14285714285715,3.1428571428571432,62
W00000799,295,66,35,31,229,21,208,22.372881355932204,11.864406779661017,10.508474576271185,77.62711864406779,7.118644067796611,70.50847457627118
W00000800,577,118,47,71,459,23,436,20.45060658578856,8.145580589254767,12.305025996533796,79.54939341421144,3.9861351819757362,75.5632582322357
W00000801,259,66,32,34,193,15,178,25.482625482625483,12.355212355212355,13.127413127413126,74.5173745173745,5.7915057915057915,68.72586872586872
W00000802,351,133,63,70,218,14,204,37.89173789173789,17.94871794871795,19.943019943019944,62.10826210826211,3.9886039886039883,58.119658119658126
W00000803,284,71,29,42,213,12,201,25,10.211267605633804,14.788732394366196,75,4.225352112676056,70.77464788732394
W00000804,385,77,36,41,308,24,284,20,9.35064935064935,10.649350649350648,80,6.233766233766234,73.76623376623377
W00000805,269,57,26,31,212,13,199,21.189591078066915,9.66542750929368,11.524163568773234,78.81040892193309,4.83271375464684,73.97769516728626
W00000806,270,93,42,51,177,16,161,34.44444444444444,15.555555555555555,18.88888888888889,65.55555555555556,5.9259259259259265,59.62962962962963
W00000807,248,71,37,34,177,13,164,28.62903225806452,14.919354838709678,13.709677419354838,71.37096774193549,5.241935483870968,66.12903225806451
W00000808,263,98,60,38,165,12,153,37.26235741444867,22.813688212927758,14.44866920152091,62.737642585551335,4.562737642585551,58.174904942965775
W00000809,305,117,71,46,188,13,175,38.36065573770492,23.278688524590162,15.081967213114755,61.63934426229508,4.2622950819672125,57.377049180327866
W00000810,257,76,34,42,181,16,165,29.571984435797667,13.229571984435799,16.342412451361866,70.42801556420234,6.22568093385214,64.2023346303502
W00000811,261,87,43,44,174,12,162,33.33333333333333,16.47509578544061,16.85823754789272,66.66666666666666,4.597701149425287,62.06896551724138
W00000812,244,81,50,31,163,13,150,33.19672131147541,20.491803278688526,12.704918032786885,66.80327868852459,5.327868852459016,61.47540983606557
W00000813,282,79,50,29,203,17,186,28.01418439716312,17.73049645390071,10.28368794326241,71.98581560283688,6.028368794326241,65.95744680851064
W00000814,417,105,64,41,312,17,295,25.179856115107913,15.347721822541965,9.832134292565947,74.82014388489209,4.07673860911271,70.74340527577938
W00000815,265,74,44,30,191,10,181,27.92452830188679,16.60377358490566,11.320754716981133,72.0754716981132,3.7735849056603774,68.30188679245282
W00000816,279,63,21,42,216,35,181,22.58064516129032,7.526881720430108,15.053763440860216,77.41935483870968,12.544802867383511,64.87455197132617
W00000817,322,85,41,44,237,22,215,26.39751552795031,12.732919254658384,13.664596273291925,73.6024844720497,6.832298136645963,66.77018633540372
W00000818,235,58,24,34,177,22,155,24.680851063829788,10.212765957446807,14.468085106382977,75.31914893617021,9.361702127659575,65.95744680851064
W00000819,261,71,37,34,190,15,175,27.203065134099617,14.17624521072797,13.026819923371647,72.79693486590038,5.747126436781609,67.04980842911877
W00000820,242,43,16,27,199,29,170,17.768595041322314,6.6115702479338845,11.15702479338843,82.23140495867769,11.983471074380166,70.24793388429752
W00000821,263,62,30,32,201,30,171,23.574144486692013,11.406844106463879,12.167300380228136,76.42585551330798,11.406844106463879,65.0190114068441
W00000822,232,53,20,33,179,20,159,22.844827586206897,8.620689655172415,14.224137931034484,77.15517241379311,8.620689655172415,68.53448275862068
W00000823,244,52,20,32,192,30,162,21.311475409836063,8.19672131147541,13.114754098360656,78.68852459016394,12.295081967213115,66.39344262295081
W00000824,225,65,25,40,160,28,132,28.888888888888886,11.11111111111111,17.77777777777778,71.11111111111111,12.444444444444445,58.666666666666664
W00000825,437,96,35,61,341,15,326,21.96796338672769,8.009153318077804,13.958810068649885,78.03203661327231,3.4324942791762014,74.59954233409611
W00000826,248,78,33,45,170,13,157,31.451612903225808,13.306451612903224,18.14516129032258,68.54838709677419,5.241935483870968,63.306451612903224
W00000827,267,55,18,37,212,11,201,20.59925093632959,6.741573033707865,13.857677902621724,79.40074906367042,4.119850187265917,75.28089887640449
W00000828,229,88,29,59,141,13,128,38.427947598253276,12.663755458515283,25.76419213973799,61.572052401746724,5.676855895196507,55.895196506550214
W00000829,293,70,24,46,223,24,199,23.890784982935152,8.19112627986348,15.699658703071673,76.10921501706484,8.19112627986348,67.91808873720136
W00000830,248,57,31,26,191,15,176,22.983870967741936,12.5,10.483870967741936,77.01612903225806,6.048387096774194,70.96774193548387
W00000831,217,61,33,28,156,7,149,28.110599078341014,15.207373271889402,12.903225806451612,71.88940092165899,3.225806451612903,68.66359447004609
W00000832,230,52,19,33,178,22,156,22.608695652173914,8.26086956521739,14.347826086956522,77.39130434782608,9.565217391304348,67.82608695652173
W00000833,274,70,41,29,204,22,182,25.547445255474454,14.963503649635038,10.583941605839415,74.45255474452554,8.02919708029197,66.42335766423358
W00000834,305,57,21,36,248,24,224,18.688524590163937,6.885245901639345,11.80327868852459,81.31147540983606,7.868852459016394,73.44262295081967
W00000835,231,81,45,36,150,13,137,35.064935064935064,19.480519480519483,15.584415584415584,64.93506493506493,5.627705627705628,59.307359307359306
W00000836,225,61,26,35,164,18,146,27.111111111111114,11.555555555555555,15.555555555555555,72.88888888888889,8,64.88888888888889
W00000837,246,63,29,34,183,23,160,25.609756097560975,11.788617886178862,13.821138211382115,74.39024390243902,9.34959349593496,65.04065040650406
W00000838,273,52,26,26,221,25,196,19.047619047619047,9.523809523809524,9.523809523809524,80.95238095238095,9.157509157509157,71.7948717948718
W00000839,263,56,24,32,207,12,195,21.292775665399237,9.125475285171103,12.167300380228136,78.70722433460075,4.562737642585551,74.1444866920152
W00000840,288,68,23,45,220,23,197,23.61111111111111,7.986111111111111,15.625,76.38888888888889,7.986111111111111,68.40277777777779
W00000841,319,101,34,67,218,23,195,31.661442006269592,10.658307210031348,21.003134796238246,68.3385579937304,7.210031347962382,61.12852664576802
W00000842,319,65,31,34,254,34,220,20.37617554858934,9.717868338557993,10.658307210031348,79.62382445141067,10.658307210031348,68.96551724137932
W00000843,269,46,20,26,223,28,195,17.100371747211895,7.434944237918216,9.66542750929368,82.8996282527881,10.408921933085502,72.4907063197026
W00000844,273,49,23,26,224,15,209,17.94871794871795,8.424908424908425,9.523809523809524,82.05128205128204,5.4945054945054945,76.55677655677655
W00000845,236,89,43,46,147,21,126,37.71186440677966,18.220338983050848,19.491525423728813,62.28813559322034,8.898305084745763,53.38983050847458
W00000846,361,138,85,53,223,12,211,38.227146814404435,23.545706371191137,14.681440443213297,61.772853185595565,3.32409972299169,58.448753462603875
W00000847,273,50,20,30,223,21,202,18.315018315018314,7.326007326007327,10.989010989010989,81.68498168498168,7.6923076923076925,73.992673992674
W00000848,265,65,32,33,200,19,181,24.528301886792452,12.075471698113208,12.452830188679245,75.47169811320755,7.169811320754717,68.30188679245282
W00000849,347,58,28,30,289,21,268,16.714697406340058,8.069164265129682,8.645533141210375,83.28530259365994,6.051873198847262,77.23342939481267
W00000850,350,62,21,41,288,25,263,17.71428571428571,6,11.714285714285715,82.28571428571428,7.142857142857142,75.14285714285714
W00000851,393,68,28,40,325,17,308,17.302798982188293,7.124681933842239,10.178117048346055,82.69720101781171,4.325699745547073,78.37150127226464
W00000852,337,75,47,28,262,16,246,22.255192878338278,13.94658753709199,8.30860534124629,77.74480712166172,4.747774480712167,72.99703264094956
W00000853,206,37,15,22,169,20,149,17.96116504854369,7.281553398058252,10.679611650485436,82.03883495145631,9.70873786407767,72.33009708737865
W00000854,467,86,30,56,381,35,346,18.41541755888651,6.423982869379015,11.991434689507495,81.5845824411135,7.494646680942184,74.08993576017131
W00000855,252,56,20,36,196,12,184,22.22222222222222,7.936507936507936,14.285714285714285,77.77777777777779,4.761904761904762,73.01587301587301
W00000856,250,43,14,29,207,25,182,17.2,5.6000000000000005,11.600000000000001,82.8,10,72.8
W00000857,241,55,22,33,186,16,170,22.821576763485478,9.12863070539419,13.692946058091287,77.17842323651453,6.639004149377594,70.53941908713693
W00000858,215,37,11,26,178,16,162,17.209302325581397,5.116279069767442,12.093023255813954,82.7906976744186,7.441860465116279,75.34883720930232
W00000859,220,50,20,30,170,11,159,22.727272727272727,9.090909090909092,13.636363636363635,77.27272727272727,5,72.27272727272728
W00000860,284,33,15,18,251,24,227,11.619718309859154,5.28169014084507,6.338028169014084,88.38028169014085,8.450704225352112,79.92957746478874
W00000861,279,35,17,18,244,15,229,12.544802867383511,6.093189964157706,6.451612903225806,87.45519713261649,5.376344086021505,82.07885304659499
W00000862,268,48,24,24,220,17,203,17.91044776119403,8.955223880597014,8.955223880597014,82.08955223880598,6.343283582089552,75.74626865671642
W00000863,348,65,27,38,283,19,264,18.67816091954023,7.758620689655173,10.919540229885058,81.32183908045977,5.459770114942529,75.86206896551724
W00000864,307,62,36,26,245,16,229,20.195439739413683,11.726384364820847,8.469055374592834,79.80456026058633,5.211726384364821,74.5928338762215
W00000865,321,79,33,46,242,19,223,24.610591900311526,10.2803738317757,14.330218068535824,75.38940809968847,5.919003115264798,69.47040498442367
W00000866,301,41,12,29,260,22,238,13.621262458471762,3.9867109634551494,9.634551495016613,86.37873754152824,7.308970099667775,79.06976744186046
W00000867,402,73,31,42,329,34,295,18.1592039800995,7.711442786069651,10.44776119402985,81.8407960199005,8.45771144278607,73.38308457711443
W00000868,274,50,18,32,224,17,207,18.248175182481752,6.569343065693431,11.678832116788321,81.75182481751825,6.204379562043796,75.54744525547446
W00000869,326,77,31,46,249,19,230,23.619631901840492,9.509202453987731,14.11042944785276,76.38036809815951,5.828220858895705,70.5521472392638
W00000870,326,59,21,38,267,30,237,18.098159509202453,6.441717791411043,11.65644171779141,81.90184049079755,9.202453987730062,72.69938650306749
W00000871,313,69,36,33,244,8,236,22.044728434504794,11.501597444089457,10.543130990415335,77.95527156549521,2.5559105431309903,75.39936102236422
W00000872,431,118,63,55,313,16,297,27.37819025522042,14.617169373549885,12.761020881670534,72.62180974477958,3.7122969837587005,68.90951276102089
W00000873,364,96,43,53,268,20,248,26.373626373626376,11.813186813186812,14.560439560439562,73.62637362637363,5.4945054945054945,68.13186813186813
W00000874,299,37,12,25,262,24,238,12.37458193979933,4.013377926421405,8.361204013377927,87.62541806020067,8.02675585284281,79.59866220735786
W00000875,399,75,31,44,324,36,288,18.796992481203006,7.769423558897243,11.027568922305765,81.203007518797,9.022556390977442,72.18045112781954
W00000876,528,112,64,48,416,33,383,21.21212121212121,12.121212121212121,9.090909090909092,78.78787878787878,6.25,72.53787878787878
W00000877,281,38,13,25,243,17,226,13.523131672597867,4.6263345195729535,8.896797153024911,86.47686832740213,6.049822064056939,80.42704626334519
W00000878,297,48,18,30,249,20,229,16.161616161616163,6.0606060606060606,10.1010101010101,83.83838383838383,6.7340067340067336,77.10437710437711
W00000880,326,70,35,35,256,17,239,21.472392638036812,10.736196319018406,10.736196319018406,78.52760736196319,5.214723926380368,73.31288343558282
W00000881,310,77,37,40,233,22,211,24.838709677419356,11.935483870967742,12.903225806451612,75.16129032258064,7.096774193548387,68.06451612903226
W00000882,212,46,23,23,166,18,148,21.69811320754717,10.849056603773585,10.849056603773585,78.30188679245283,8.49056603773585,69.81132075471697
W00000883,336,71,34,37,265,13,252,21.13095238095238,10.119047619047619,11.011904761904761,78.86904761904762,3.869047619047619,75
W00000884,256,42,19,23,214,9,205,16.40625,7.421875,8.984375,83.59375,3.515625,80.078125
W00000885,259,58,25,33,201,21,180,22.393822393822393,9.652509652509652,12.741312741312742,77.60617760617761,8.108108108108109,69.4980694980695
W00000886,269,62,24,38,207,22,185,23.04832713754647,8.921933085501859,14.12639405204461,76.95167286245353,8.178438661710038,68.77323420074349
W00000887,282,54,27,27,228,20,208,19.148936170212767,9.574468085106384,9.574468085106384,80.85106382978722,7.092198581560284,73.75886524822694
W00000888,348,58,25,33,290,15,275,16.666666666666664,7.183908045977011,9.482758620689655,83.33333333333334,4.310344827586207,79.02298850574712
W00000889,301,61,31,30,240,15,225,20.26578073089701,10.299003322259136,9.966777408637874,79.734219269103,4.983388704318937,74.75083056478405
W00000890,423,90,55,35,333,16,317,21.27659574468085,13.002364066193852,8.274231678486997,78.72340425531915,3.7825059101654848,74.94089834515366
W00000891,296,62,22,40,234,27,207,20.945945945945947,7.4324324324324325,13.513513513513514,79.05405405405406,9.121621621621621,69.93243243243244
W00000892,269,60,33,27,209,20,189,22.304832713754646,12.267657992565056,10.037174721189592,77.69516728624535,7.434944237918216,70.26022304832715
W00000893,365,110,56,54,255,15,240,30.136986301369863,15.342465753424658,14.794520547945206,69.86301369863014,4.10958904109589,65.75342465753424
W00000894,290,79,30,49,211,29,182,27.241379310344826,10.344827586206897,16.896551724137932,72.75862068965517,10,62.758620689655174
W00000895,234,79,38,41,155,16,139,33.76068376068376,16.23931623931624,17.52136752136752,66.23931623931624,6.837606837606838,59.401709401709404
W00000896,300,65,22,43,235,15,220,21.666666666666668,7.333333333333333,14.333333333333334,78.33333333333333,5,73.33333333333333
W00000897,227,74,39,35,153,14,139,32.59911894273127,17.180616740088105,15.418502202643172,67.40088105726872,6.167400881057269,61.23348017621145
W00000898,302,61,25,36,241,21,220,20.198675496688743,8.27814569536424,11.920529801324504,79.80132450331125,6.95364238410596,72.84768211920529
W00000899,232,45,21,24,187,11,176,19.396551724137932,9.051724137931034,10.344827586206897,80.60344827586206,4.741379310344827,75.86206896551724
W00000900,176,86,49,37,90,5,85,48.86363636363637,27.84090909090909,21.022727272727273,51.13636363636363,2.840909090909091,48.29545454545455
W00000901,239,73,38,35,166,15,151,30.543933054393307,15.899581589958158,14.644351464435147,69.4560669456067,6.2761506276150625,63.17991631799163
W00000902,293,47,18,29,246,17,229,16.040955631399317,6.143344709897611,9.897610921501707,83.95904436860067,5.802047781569966,78.15699658703072
W00000903,355,75,31,44,280,15,265,21.12676056338028,8.732394366197182,12.394366197183098,78.87323943661971,4.225352112676056,74.64788732394366
W00000904,342,75,32,43,267,20,247,21.929824561403507,9.35672514619883,12.573099415204677,78.0701754385965,5.847953216374268,72.22222222222221
W00000905,316,59,32,27,257,19,238,18.670886075949365,10.126582278481013,8.544303797468354,81.32911392405063,6.012658227848101,75.31645569620254
W00000906,287,94,54,40,193,14,179,32.752613240418114,18.81533101045296,13.937282229965156,67.24738675958189,4.878048780487805,62.36933797909408
W00000907,358,57,28,29,301,27,274,15.921787709497206,7.82122905027933,8.100558659217876,84.07821229050279,7.5418994413407825,76.53631284916202
W00000908,276,53,27,26,223,21,202,19.202898550724637,9.782608695652174,9.420289855072465,80.79710144927536,7.608695652173914,73.18840579710145
W00000909,282,61,29,32,221,16,205,21.631205673758867,10.28368794326241,11.347517730496454,78.36879432624113,5.673758865248227,72.69503546099291
W00000910,331,69,22,47,262,14,248,20.84592145015106,6.646525679758309,14.19939577039275,79.15407854984893,4.229607250755287,74.92447129909365
W00000911,275,66,28,38,209,30,179,24,10.181818181818182,13.818181818181818,76,10.909090909090908,65.0909090909091
W00000912,272,51,16,35,221,27,194,18.75,5.88235294117647,12.867647058823529,81.25,9.926470588235293,71.32352941176471
W00000913,350,72,30,42,278,23,255,20.57142857142857,8.571428571428571,12,79.42857142857143,6.571428571428571,72.85714285714285
W00000914,328,62,21,41,266,34,232,18.902439024390244,6.402439024390244,12.5,81.09756097560977,10.365853658536585,70.73170731707317
W00000915,282,83,38,45,199,28,171,29.432624113475175,13.47517730496454,15.957446808510639,70.56737588652481,9.929078014184398,60.63829787234043
W00000916,356,98,51,47,258,28,230,27.52808988764045,14.325842696629213,13.202247191011235,72.47191011235955,7.865168539325842,64.60674157303372
W00000917,338,76,40,36,262,15,247,22.485207100591715,11.834319526627219,10.650887573964498,77.51479289940828,4.437869822485207,73.07692307692307
W00000918,473,120,53,67,353,49,304,25.36997885835095,11.20507399577167,14.16490486257928,74.63002114164905,10.359408033826638,64.2706131078224
W00000919,320,68,27,41,252,30,222,21.25,8.4375,12.812499999999998,78.75,9.375,69.375
W00000920,315,82,35,47,233,25,208,26.031746031746035,11.11111111111111,14.920634920634921,73.96825396825398,7.936507936507936,66.03174603174602
W00000921,308,48,18,30,260,21,239,15.584415584415584,5.844155844155844,9.740259740259742,84.4155844155844,6.8181818181818175,77.59740259740259
W00000922,299,42,16,26,257,22,235,14.046822742474916,5.351170568561873,8.695652173913043,85.95317725752508,7.357859531772576,78.59531772575251
W00000923,208,22,6,16,186,15,171,10.576923076923077,2.8846153846153846,7.6923076923076925,89.42307692307693,7.211538461538461,82.21153846153845
W00000924,229,47,17,30,182,21,161,20.52401746724891,7.423580786026202,13.100436681222707,79.47598253275109,9.170305676855897,70.3056768558952
W00000925,240,55,32,23,185,21,164,22.916666666666664,13.333333333333334,9.583333333333334,77.08333333333334,8.75,68.33333333333333
W00000926,274,46,21,25,228,25,203,16.78832116788321,7.664233576642336,9.124087591240876,83.21167883211679,9.124087591240876,74.08759124087592
W00000927,330,62,23,39,268,28,240,18.787878787878785,6.969696969696971,11.818181818181818,81.21212121212122,8.484848484848486,72.72727272727273
W00000928,278,52,16,36,226,16,210,18.705035971223023,5.755395683453238,12.949640287769784,81.29496402877699,5.755395683453238,75.53956834532374
W00000929,257,51,17,34,206,18,188,19.844357976653697,6.614785992217899,13.229571984435799,80.1556420233463,7.003891050583658,73.15175097276264
W00000930,219,42,10,32,177,20,157,19.17808219178082,4.5662100456621,14.61187214611872,80.82191780821918,9.1324200913242,71.68949771689498
W00000931,275,28,12,16,247,12,235,10.181818181818182,4.363636363636364,5.818181818181818,89.81818181818181,4.363636363636364,85.45454545454545
W00000932,387,55,34,21,332,28,304,14.21188630490956,8.785529715762273,5.426356589147287,85.78811369509044,7.235142118863049,78.55297157622739
W00000933,279,50,21,29,229,22,207,17.921146953405017,7.526881720430108,10.39426523297491,82.07885304659499,7.885304659498208,74.19354838709677
W00000934,287,55,26,29,232,13,219,19.16376306620209,9.059233449477352,10.104529616724738,80.8362369337979,4.529616724738676,76.30662020905923
W00000935,263,40,10,30,223,12,211,15.209125475285171,3.802281368821293,11.406844106463879,84.79087452471484,4.562737642585551,80.22813688212928
W00000936,225,68,23,45,157,17,140,30.22222222222222,10.222222222222223,20,69.77777777777779,7.555555555555555,62.22222222222222
W00000937,231,65,32,33,166,16,150,28.13852813852814,13.852813852813853,14.285714285714285,71.86147186147186,6.926406926406926,64.93506493506493
W00000938,282,47,21,26,235,22,213,16.666666666666664,7.446808510638298,9.219858156028367,83.33333333333334,7.801418439716312,75.53191489361703
W00000939,273,54,20,34,219,23,196,19.78021978021978,7.326007326007327,12.454212454212454,80.21978021978022,8.424908424908425,71.7948717948718
W00000940,348,56,26,30,292,13,279,16.091954022988507,7.471264367816093,8.620689655172415,83.9080459770115,3.7356321839080464,80.17241379310344
W00000941,298,60,28,32,238,13,225,20.13422818791946,9.395973154362416,10.738255033557047,79.86577181208054,4.3624161073825505,75.50335570469798
W00000942,319,59,27,32,260,23,237,18.495297805642632,8.463949843260188,10.031347962382444,81.50470219435736,7.210031347962382,74.29467084639498
W00000943,355,69,31,38,286,15,271,19.43661971830986,8.732394366197182,10.704225352112676,80.56338028169014,4.225352112676056,76.33802816901408
W00000944,312,80,40,40,232,15,217,25.64102564102564,12.82051282051282,12.82051282051282,74.35897435897436,4.807692307692308,69.55128205128204
W00000945,340,61,22,39,279,23,256,17.941176470588236,6.470588235294119,11.470588235294118,82.05882352941177,6.764705882352941,75.29411764705883
W00000946,532,52,17,35,480,24,456,9.774436090225564,3.195488721804511,6.578947368421052,90.22556390977444,4.511278195488721,85.71428571428571
W00000947,312,59,26,33,253,30,223,18.91025641025641,8.333333333333332,10.576923076923077,81.08974358974359,9.615384615384617,71.47435897435898
W00000948,438,101,56,45,337,25,312,23.059360730593607,12.785388127853881,10.273972602739725,76.9406392694064,5.707762557077626,71.23287671232876
W00000949,302,101,51,50,201,14,187,33.443708609271525,16.887417218543046,16.55629139072848,66.55629139072848,4.635761589403973,61.920529801324506
W00000950,234,67,28,39,167,16,151,28.63247863247863,11.965811965811966,16.666666666666664,71.36752136752136,6.837606837606838,64.52991452991454
W00000951,313,76,42,34,237,17,220,24.281150159744406,13.418530351437699,10.86261980830671,75.71884984025559,5.431309904153355,70.28753993610223
W00000953,438,162,98,64,276,30,246,36.986301369863014,22.37442922374429,14.61187214611872,63.013698630136986,6.8493150684931505,56.16438356164384
W00000954,227,62,26,36,165,19,146,27.312775330396477,11.45374449339207,15.859030837004406,72.68722466960352,8.370044052863436,64.31718061674009
W00000955,304,68,33,35,236,27,209,22.36842105263158,10.855263157894738,11.513157894736842,77.63157894736842,8.881578947368421,68.75
W00000956,286,81,36,45,205,12,193,28.321678321678323,12.587412587412588,15.734265734265735,71.67832167832168,4.195804195804196,67.48251748251748
W00000957,297,69,23,46,228,17,211,23.232323232323232,7.744107744107744,15.488215488215488,76.76767676767676,5.723905723905724,71.04377104377105
W00000958,246,68,36,32,178,9,169,27.64227642276423,14.634146341463413,13.008130081300814,72.35772357723577,3.6585365853658534,68.69918699186992
W00000959,312,53,18,35,259,24,235,16.98717948717949,5.769230769230769,11.217948717948719,83.01282051282051,7.6923076923076925,75.32051282051282
W00000960,357,136,83,53,221,26,195,38.095238095238095,23.249299719887954,14.84593837535014,61.904761904761905,7.282913165266107,54.621848739495796
W00000961,479,112,66,46,367,40,327,23.382045929018787,13.778705636743215,9.603340292275574,76.61795407098121,8.350730688935283,68.26722338204593
W00000962,322,70,37,33,252,30,222,21.73913043478261,11.490683229813664,10.248447204968944,78.26086956521739,9.316770186335404,68.94409937888199
W00000963,396,102,50,52,294,21,273,25.757575757575758,12.626262626262626,13.131313131313133,74.24242424242425,5.303030303030303,68.93939393939394
W00000964,392,87,32,55,305,32,273,22.193877551020407,8.16326530612245,14.030612244897958,77.8061224489796,8.16326530612245,69.64285714285714
W00000965,486,125,57,68,361,49,312,25.720164609053498,11.728395061728394,13.991769547325102,74.2798353909465,10.08230452674897,64.19753086419753
W00000966,280,82,35,47,198,15,183,29.28571428571429,12.5,16.785714285714285,70.71428571428572,5.357142857142857,65.35714285714286
W00000967,266,87,41,46,179,16,163,32.70676691729324,15.413533834586465,17.293233082706767,67.29323308270678,6.015037593984962,61.278195488721806
W00000968,250,141,115,26,109,7,102,56.39999999999999,46,10.4,43.6,2.8000000000000003,40.8
W00000969,324,48,24,24,276,18,258,14.814814814814813,7.4074074074074066,7.4074074074074066,85.18518518518519,5.555555555555555,79.62962962962963
W00000970,313,79,39,40,234,19,215,25.23961661341853,12.460063897763577,12.779552715654951,74.76038338658148,6.070287539936102,68.69009584664538
W00000971,445,120,77,43,325,37,288,26.96629213483146,17.303370786516854,9.662921348314606,73.03370786516854,8.314606741573034,64.71910112359551
W00000972,325,56,26,30,269,30,239,17.23076923076923,8,9.230769230769232,82.76923076923077,9.230769230769232,73.53846153846155
W00000973,304,44,14,30,260,27,233,14.473684210526317,4.605263157894736,9.868421052631579,85.52631578947368,8.881578947368421,76.64473684210526
W00000974,389,61,16,45,328,33,295,15.681233933161954,4.113110539845758,11.568123393316196,84.31876606683805,8.483290488431876,75.83547557840618
W00000975,277,40,11,29,237,28,209,14.440433212996389,3.9711191335740073,10.469314079422382,85.5595667870036,10.108303249097473,75.45126353790613
W00000976,338,41,7,34,297,30,267,12.1301775147929,2.0710059171597637,10.059171597633137,87.86982248520711,8.875739644970414,78.99408284023669
W00000977,246,35,17,18,211,22,189,14.227642276422763,6.910569105691057,7.317073170731707,85.77235772357723,8.94308943089431,76.82926829268293
W00000978,365,111,65,46,254,28,226,30.41095890410959,17.80821917808219,12.602739726027398,69.58904109589041,7.671232876712329,61.917808219178085
W00000979,312,79,39,40,233,11,222,25.320512820512818,12.5,12.82051282051282,74.67948717948718,3.5256410256410255,71.15384615384616
W00000980,108,31,12,19,77,7,70,28.703703703703702,11.11111111111111,17.59259259259259,71.29629629629629,6.481481481481481,64.81481481481481
W00000981,429,93,44,49,336,31,305,21.678321678321677,10.256410256410255,11.421911421911423,78.32167832167832,7.226107226107226,71.0955710955711
W00000982,209,66,30,36,143,17,126,31.57894736842105,14.354066985645932,17.22488038277512,68.42105263157895,8.133971291866029,60.28708133971292
W00000983,254,84,39,45,170,10,160,33.07086614173229,15.354330708661418,17.716535433070867,66.92913385826772,3.937007874015748,62.99212598425197
W00000984,312,88,52,36,224,14,210,28.205128205128204,16.666666666666664,11.538461538461538,71.7948717948718,4.487179487179487,67.3076923076923
W00000985,276,86,53,33,190,11,179,31.15942028985507,19.202898550724637,11.956521739130435,68.84057971014492,3.985507246376811,64.85507246376811
W00000986,429,87,48,39,342,34,308,20.27972027972028,11.188811188811188,9.090909090909092,79.72027972027972,7.925407925407925,71.7948717948718
W00000987,164,28,10,18,136,16,120,17.073170731707318,6.097560975609756,10.975609756097562,82.92682926829268,9.75609756097561,73.17073170731707
W00000988,284,63,19,44,221,29,192,22.183098591549296,6.690140845070422,15.492957746478872,77.8169014084507,10.211267605633804,67.6056338028169
W00000989,361,67,28,39,294,22,272,18.559556786703602,7.756232686980609,10.80332409972299,81.4404432132964,6.094182825484765,75.34626038781164
W00000990,211,74,37,37,137,15,122,35.07109004739337,17.535545023696685,17.535545023696685,64.92890995260665,7.109004739336493,57.81990521327014
W00000991,300,71,32,39,229,12,217,23.666666666666668,10.666666666666668,13,76.33333333333333,4,72.33333333333334
W00000992,208,51,24,27,157,14,143,24.519230769230766,11.538461538461538,12.980769230769232,75.48076923076923,6.730769230769231,68.75
W00000993,266,65,29,36,201,15,186,24.43609022556391,10.902255639097744,13.533834586466165,75.56390977443608,5.639097744360902,69.92481203007519
W00000994,279,60,35,25,219,12,207,21.50537634408602,12.544802867383511,8.960573476702509,78.49462365591397,4.301075268817205,74.19354838709677
W00000995,299,91,42,49,208,17,191,30.434782608695656,14.046822742474916,16.387959866220736,69.56521739130434,5.68561872909699,63.87959866220736
W00000996,269,57,25,32,212,12,200,21.189591078066915,9.293680297397769,11.895910780669144,78.81040892193309,4.4609665427509295,74.34944237918215
W00000997,238,63,31,32,175,11,164,26.47058823529412,13.025210084033615,13.445378151260504,73.52941176470588,4.621848739495799,68.90756302521008
W00000998,212,41,14,27,171,13,158,19.339622641509436,6.60377358490566,12.735849056603774,80.66037735849056,6.132075471698113,74.52830188679245
W00000999,291,65,27,38,226,11,215,22.336769759450174,9.278350515463918,13.058419243986256,77.66323024054984,3.7800687285223367,73.8831615120275
W00001000,282,54,17,37,228,19,209,19.148936170212767,6.028368794326241,13.120567375886525,80.85106382978722,6.73758865248227,74.11347517730496
W00001001,412,109,49,60,303,19,284,26.45631067961165,11.893203883495145,14.563106796116504,73.54368932038835,4.611650485436893,68.93203883495146
W00001002,338,66,35,31,272,22,250,19.526627218934912,10.355029585798817,9.171597633136095,80.4733727810651,6.508875739644971,73.96449704142012
W00001003,250,50,14,36,200,19,181,20,5.6000000000000005,14.399999999999999,80,7.6,72.39999999999999
W00001004,314,120,59,61,194,20,174,38.21656050955414,18.789808917197455,19.426751592356688,61.78343949044586,6.369426751592357,55.4140127388535
W00001005,238,68,36,32,170,13,157,28.57142857142857,15.126050420168067,13.445378151260504,71.42857142857143,5.46218487394958,65.96638655462185
W00001006,279,60,28,32,219,19,200,21.50537634408602,10.03584229390681,11.469534050179211,78.49462365591397,6.810035842293908,71.68458781362007
W00001007,326,37,10,27,289,26,263,11.349693251533742,3.067484662576687,8.282208588957054,88.65030674846625,7.975460122699387,80.67484662576688
W00001008,347,46,22,24,301,16,285,13.256484149855908,6.340057636887608,6.9164265129683,86.74351585014409,4.610951008645533,82.13256484149855
W00001009,240,40,10,30,200,22,178,16.666666666666664,4.166666666666666,12.5,83.33333333333334,9.166666666666666,74.16666666666667
W00001010,364,68,15,53,296,28,268,18.681318681318682,4.1208791208791204,14.560439560439562,81.31868131868131,7.6923076923076925,73.62637362637363
W00001011,190,29,14,15,161,10,151,15.263157894736842,7.368421052631578,7.894736842105263,84.73684210526315,5.263157894736842,79.47368421052632
W00001012,392,65,34,31,327,14,313,16.581632653061224,8.673469387755102,7.908163265306123,83.41836734693877,3.571428571428571,79.8469387755102
W00001013,323,65,30,35,258,14,244,20.123839009287924,9.287925696594428,10.8359133126935,79.87616099071208,4.3343653250774,75.54179566563467
W00001014,200,21,7,14,179,8,171,10.5,3.5000000000000004,7.000000000000001,89.5,4,85.5
W00001015,266,33,17,16,233,25,208,12.406015037593985,6.390977443609022,6.015037593984962,87.59398496240601,9.398496240601503,78.19548872180451
W00001016,219,34,18,16,185,19,166,15.52511415525114,8.21917808219178,7.30593607305936,84.47488584474885,8.67579908675799,75.79908675799086
W00010103,328,118,54,64,210,27,183,35.97560975609756,16.463414634146343,19.51219512195122,64.02439024390245,8.231707317073171,55.79268292682927
W00010105,341,62,25,37,279,19,260,18.181818181818183,7.331378299120235,10.850439882697946,81.81818181818183,5.571847507331378,76.24633431085044
W00010106,338,108,60,48,230,26,204,31.952662721893493,17.75147928994083,14.201183431952662,68.04733727810651,7.6923076923076925,60.35502958579882
W00010108,271,65,25,40,206,25,181,23.985239852398525,9.22509225092251,14.760147601476014,76.01476014760148,9.22509225092251,66.78966789667896
W00010453,335,82,35,47,253,19,234,24.47761194029851,10.44776119402985,14.029850746268657,75.5223880597015,5.6716417910447765,69.85074626865672
W00010459,284,136,80,56,148,16,132,47.88732394366197,28.169014084507044,19.718309859154928,52.112676056338024,5.633802816901409,46.478873239436616
W00010461,351,27,5,22,324,23,301,7.6923076923076925,1.4245014245014245,6.267806267806268,92.3076923076923,6.552706552706552,85.75498575498575
W00010481,281,49,23,26,232,23,209,17.437722419928825,8.185053380782918,9.252669039145907,82.56227758007117,8.185053380782918,74.37722419928826
W00010489,591,50,26,24,541,40,501,8.460236886632826,4.39932318104907,4.060913705583756,91.53976311336717,6.768189509306261,84.77157360406092
