OA,ts0590001,ts0590002,ts0590003,ts0590004,ts0590005,ts0590006,ts0590007,ts0590002_PCT,ts0590003_PCT,ts0590004_PCT,ts0590005_PCT,ts0590006_PCT,ts0590007_PCT
E00066779,62,22,10,12,40,34,6,35.483870967741936,16.129032258064516,19.35483870967742,64.51612903225806,54.83870967741935,9.67741935483871
E00066780,117,37,15,22,80,66,14,31.62393162393162,12.82051282051282,18.803418803418804,68.37606837606837,56.41025641025641,11.965811965811966
E00066781,188,45,10,35,143,128,15,23.93617021276596,5.319148936170213,18.617021276595743,76.06382978723404,68.08510638297872,7.9787234042553195
E00066782,137,35,11,24,102,90,12,25.547445255474454,8.02919708029197,17.51824817518248,74.45255474452554,65.69343065693431,8.75912408759124
E00066783,160,53,7,46,107,94,13,33.125,4.375,28.749999999999996,66.875,58.75,8.125
E00066784,142,43,11,32,99,80,19,30.28169014084507,7.746478873239436,22.535211267605636,69.71830985915493,56.33802816901409,13.380281690140844
E00066785,95,33,11,22,62,59,3,34.73684210526316,11.578947368421053,23.157894736842106,65.26315789473685,62.10526315789474,3.1578947368421053
E00066786,144,48,15,33,96,88,8,33.33333333333333,10.416666666666668,22.916666666666664,66.66666666666666,61.111111111111114,5.555555555555555
E00066787,154,56,18,38,98,85,13,36.36363636363637,11.688311688311687,24.675324675324674,63.63636363636363,55.1948051948052,8.441558441558442
E00066788,136,46,18,28,90,77,13,33.82352941176471,13.23529411764706,20.588235294117645,66.17647058823529,56.61764705882353,9.558823529411764
E00066789,107,25,6,19,82,69,13,23.364485981308412,5.607476635514018,17.75700934579439,76.63551401869158,64.48598130841121,12.149532710280374
E00066790,133,43,12,31,90,79,11,32.33082706766917,9.022556390977442,23.308270676691727,67.66917293233082,59.3984962406015,8.270676691729323
E00066792,112,36,16,20,76,67,9,32.142857142857146,14.285714285714285,17.857142857142858,67.85714285714286,59.82142857142857,8.035714285714286
E00066793,140,28,6,22,112,103,9,20,4.285714285714286,15.714285714285714,80,73.57142857142858,6.428571428571428
E00066794,153,48,21,27,105,91,14,31.372549019607842,13.725490196078432,17.647058823529413,68.62745098039215,59.47712418300654,9.15032679738562
E00066795,141,51,15,36,90,80,10,36.17021276595745,10.638297872340425,25.53191489361702,63.829787234042556,56.73758865248227,7.092198581560284
E00066796,101,23,4,19,78,63,15,22.772277227722775,3.9603960396039604,18.81188118811881,77.22772277227723,62.37623762376238,14.85148514851485
E00066797,128,44,11,33,84,78,6,34.375,8.59375,25.78125,65.625,60.9375,4.6875
E00066799,308,80,16,64,228,201,27,25.97402597402597,5.194805194805195,20.77922077922078,74.02597402597402,65.25974025974025,8.766233766233766
E00066800,99,33,8,25,66,55,11,33.33333333333333,8.080808080808081,25.252525252525253,66.66666666666666,55.55555555555556,11.11111111111111
E00066801,110,41,10,31,69,57,12,37.27272727272727,9.090909090909092,28.18181818181818,62.727272727272734,51.81818181818182,10.909090909090908
E00066802,143,44,14,30,99,92,7,30.76923076923077,9.79020979020979,20.97902097902098,69.23076923076923,64.33566433566433,4.895104895104895
E00066803,121,37,18,19,84,77,7,30.57851239669421,14.87603305785124,15.702479338842975,69.42148760330579,63.63636363636363,5.785123966942149
E00066804,98,30,12,18,68,59,9,30.612244897959183,12.244897959183673,18.367346938775512,69.38775510204081,60.204081632653065,9.183673469387756
E00066805,121,34,18,16,87,74,13,28.09917355371901,14.87603305785124,13.223140495867769,71.900826446281,61.15702479338842,10.743801652892563
E00066806,55,18,8,10,37,31,6,32.72727272727273,14.545454545454545,18.181818181818183,67.27272727272727,56.36363636363636,10.909090909090908
E00066807,94,29,11,18,65,55,10,30.851063829787233,11.702127659574469,19.148936170212767,69.14893617021278,58.51063829787234,10.638297872340425
E00066808,142,36,16,20,106,96,10,25.352112676056336,11.267605633802818,14.084507042253522,74.64788732394366,67.6056338028169,7.042253521126761
E00066809,103,25,7,18,78,69,9,24.271844660194176,6.796116504854369,17.475728155339805,75.72815533980582,66.99029126213593,8.737864077669903
E00066810,87,31,10,21,56,49,7,35.63218390804598,11.494252873563218,24.137931034482758,64.36781609195403,56.32183908045977,8.045977011494253
E00066811,160,43,21,22,117,89,28,26.875,13.125,13.750000000000002,73.125,55.625,17.5
E00066812,127,43,18,25,84,64,20,33.85826771653544,14.173228346456693,19.68503937007874,66.14173228346458,50.39370078740157,15.748031496062993
E00066813,174,46,16,30,128,102,26,26.436781609195403,9.195402298850574,17.24137931034483,73.5632183908046,58.620689655172406,14.942528735632186
E00066814,195,50,15,35,145,119,26,25.64102564102564,7.6923076923076925,17.94871794871795,74.35897435897436,61.02564102564103,13.333333333333334
E00066815,181,57,21,36,124,87,37,31.491712707182316,11.602209944751381,19.88950276243094,68.50828729281768,48.06629834254144,20.441988950276244
E00066816,94,35,14,21,59,48,11,37.234042553191486,14.893617021276595,22.340425531914892,62.76595744680851,51.06382978723404,11.702127659574469
E00066817,188,69,24,45,119,90,29,36.702127659574465,12.76595744680851,23.93617021276596,63.297872340425535,47.87234042553192,15.425531914893616
E00066818,73,28,8,20,45,35,10,38.35616438356164,10.95890410958904,27.397260273972602,61.64383561643836,47.94520547945205,13.698630136986301
E00066819,41,13,2,11,28,19,9,31.70731707317073,4.878048780487805,26.82926829268293,68.29268292682927,46.34146341463415,21.951219512195124
E00066820,171,49,16,33,122,102,20,28.654970760233915,9.35672514619883,19.298245614035086,71.34502923976608,59.64912280701754,11.695906432748536
E00066821,122,42,12,30,80,66,14,34.42622950819672,9.836065573770492,24.59016393442623,65.57377049180327,54.09836065573771,11.475409836065573
E00066822,98,35,10,25,63,50,13,35.714285714285715,10.204081632653061,25.510204081632654,64.28571428571429,51.02040816326531,13.26530612244898
E00066823,170,42,21,21,128,100,28,24.705882352941178,12.352941176470589,12.352941176470589,75.29411764705883,58.82352941176471,16.470588235294116
E00066824,296,79,32,47,217,176,41,26.68918918918919,10.81081081081081,15.878378378378377,73.3108108108108,59.45945945945946,13.85135135135135
E00066825,169,48,19,29,121,103,18,28.402366863905325,11.242603550295858,17.159763313609467,71.59763313609467,60.946745562130175,10.650887573964498
E00066826,151,45,15,30,106,90,16,29.80132450331126,9.933774834437086,19.867549668874172,70.19867549668875,59.60264900662252,10.596026490066226
E00066827,159,48,21,27,111,91,20,30.18867924528302,13.20754716981132,16.9811320754717,69.81132075471697,57.23270440251572,12.578616352201259
E00066828,298,78,29,49,220,170,50,26.174496644295303,9.731543624161073,16.44295302013423,73.8255033557047,57.04697986577181,16.778523489932887
E00066829,88,29,10,19,59,49,10,32.95454545454545,11.363636363636363,21.59090909090909,67.04545454545455,55.68181818181818,11.363636363636363
E00066830,72,24,7,17,48,39,9,33.33333333333333,9.722222222222223,23.61111111111111,66.66666666666666,54.166666666666664,12.5
E00066831,148,42,15,27,106,80,26,28.37837837837838,10.135135135135135,18.243243243243242,71.62162162162163,54.054054054054056,17.56756756756757
E00066832,145,51,24,27,94,80,14,35.172413793103445,16.551724137931036,18.620689655172416,64.82758620689654,55.172413793103445,9.655172413793103
E00066833,82,23,10,13,59,49,10,28.04878048780488,12.195121951219512,15.853658536585366,71.95121951219512,59.756097560975604,12.195121951219512
E00066834,113,33,16,17,80,64,16,29.20353982300885,14.15929203539823,15.04424778761062,70.79646017699115,56.63716814159292,14.15929203539823
E00066835,191,49,16,33,142,109,33,25.654450261780106,8.37696335078534,17.277486910994764,74.3455497382199,57.06806282722513,17.277486910994764
E00066836,160,47,17,30,113,85,28,29.375,10.625,18.75,70.625,53.125,17.5
E00066837,164,43,15,28,121,99,22,26.21951219512195,9.146341463414634,17.073170731707318,73.78048780487805,60.36585365853659,13.414634146341465
E00066838,113,27,6,21,86,68,18,23.893805309734514,5.3097345132743365,18.58407079646018,76.10619469026548,60.17699115044248,15.929203539823009
E00066839,148,47,16,31,101,81,20,31.756756756756754,10.81081081081081,20.945945945945947,68.24324324324324,54.729729729729726,13.513513513513514
E00066840,131,39,11,28,92,73,19,29.770992366412212,8.396946564885496,21.374045801526716,70.22900763358778,55.72519083969466,14.50381679389313
E00066841,182,60,24,36,122,100,22,32.967032967032964,13.186813186813188,19.78021978021978,67.03296703296702,54.94505494505495,12.087912087912088
E00066842,173,50,20,30,123,97,26,28.901734104046245,11.560693641618498,17.341040462427745,71.09826589595376,56.06936416184971,15.028901734104046
E00066843,152,41,13,28,111,92,19,26.973684210526315,8.552631578947368,18.421052631578945,73.02631578947368,60.526315789473685,12.5
E00066844,148,42,12,30,106,89,17,28.37837837837838,8.108108108108109,20.27027027027027,71.62162162162163,60.13513513513513,11.486486486486488
E00066845,162,52,21,31,110,81,29,32.098765432098766,12.962962962962962,19.1358024691358,67.90123456790124,50,17.901234567901234
E00066846,219,66,18,48,153,128,25,30.136986301369863,8.21917808219178,21.91780821917808,69.86301369863014,58.44748858447488,11.415525114155251
E00066847,187,45,12,33,142,112,30,24.06417112299465,6.417112299465241,17.647058823529413,75.93582887700535,59.893048128342244,16.042780748663102
E00066848,137,40,16,24,97,82,15,29.1970802919708,11.678832116788321,17.51824817518248,70.8029197080292,59.854014598540154,10.948905109489052
E00066849,203,54,16,38,149,122,27,26.60098522167488,7.8817733990147785,18.7192118226601,73.39901477832512,60.09852216748769,13.30049261083744
E00066850,192,62,21,41,130,101,29,32.29166666666667,10.9375,21.354166666666664,67.70833333333334,52.604166666666664,15.104166666666666
E00066851,94,43,14,29,51,40,11,45.744680851063826,14.893617021276595,30.851063829787233,54.25531914893617,42.5531914893617,11.702127659574469
E00066852,77,30,10,20,47,39,8,38.961038961038966,12.987012987012985,25.97402597402597,61.038961038961034,50.649350649350644,10.38961038961039
E00066853,223,48,13,35,175,144,31,21.524663677130047,5.829596412556054,15.695067264573993,78.47533632286996,64.57399103139014,13.901345291479823
E00066854,123,34,10,24,89,72,17,27.64227642276423,8.130081300813007,19.51219512195122,72.35772357723577,58.536585365853654,13.821138211382115
E00066855,95,29,10,19,66,54,12,30.526315789473685,10.526315789473683,20,69.47368421052632,56.84210526315789,12.631578947368421
E00066856,205,66,28,38,139,108,31,32.19512195121951,13.658536585365855,18.536585365853657,67.8048780487805,52.6829268292683,15.121951219512194
E00066857,190,53,18,35,137,105,32,27.89473684210526,9.473684210526317,18.421052631578945,72.10526315789474,55.26315789473685,16.842105263157894
E00066858,166,44,12,32,122,91,31,26.506024096385545,7.228915662650602,19.27710843373494,73.49397590361446,54.81927710843374,18.67469879518072
E00066859,128,36,10,26,92,69,23,28.125,7.8125,20.3125,71.875,53.90625,17.96875
E00066860,130,33,11,22,97,79,18,25.384615384615383,8.461538461538462,16.923076923076923,74.61538461538461,60.76923076923077,13.846153846153847
E00066861,120,35,12,23,85,73,12,29.166666666666668,10,19.166666666666668,70.83333333333334,60.83333333333333,10
E00066862,136,42,9,33,94,76,18,30.88235294117647,6.61764705882353,24.264705882352942,69.11764705882352,55.88235294117647,13.23529411764706
E00066863,129,46,20,26,83,57,26,35.65891472868217,15.503875968992247,20.155038759689923,64.34108527131784,44.18604651162791,20.155038759689923
E00066864,186,44,17,27,142,109,33,23.655913978494624,9.13978494623656,14.516129032258066,76.34408602150538,58.602150537634415,17.741935483870968
E00066865,152,51,12,39,101,77,24,33.55263157894737,7.894736842105263,25.657894736842106,66.44736842105263,50.6578947368421,15.789473684210526
E00066866,192,54,18,36,138,114,24,28.125,9.375,18.75,71.875,59.375,12.5
E00066867,142,43,20,23,99,74,25,30.28169014084507,14.084507042253522,16.19718309859155,69.71830985915493,52.112676056338024,17.6056338028169
E00066868,183,61,24,37,122,83,39,33.33333333333333,13.114754098360656,20.21857923497268,66.66666666666666,45.3551912568306,21.311475409836063
E00066869,154,37,11,26,117,93,24,24.025974025974026,7.142857142857142,16.883116883116884,75.97402597402598,60.3896103896104,15.584415584415584
E00066870,96,25,11,14,71,59,12,26.041666666666668,11.458333333333332,14.583333333333334,73.95833333333334,61.458333333333336,12.5
E00066871,75,23,8,15,52,40,12,30.666666666666664,10.666666666666668,20,69.33333333333334,53.333333333333336,16
E00066872,96,34,11,23,62,46,16,35.41666666666667,11.458333333333332,23.958333333333336,64.58333333333334,47.91666666666667,16.666666666666664
E00066873,285,84,37,47,201,150,51,29.47368421052631,12.982456140350877,16.49122807017544,70.52631578947368,52.63157894736842,17.894736842105264
E00066874,163,41,12,29,122,93,29,25.153374233128833,7.361963190184049,17.791411042944784,74.84662576687117,57.05521472392638,17.791411042944784
E00066875,94,38,12,26,56,47,9,40.42553191489361,12.76595744680851,27.659574468085108,59.57446808510638,50,9.574468085106384
E00066876,128,35,13,22,93,66,27,27.34375,10.15625,17.1875,72.65625,51.5625,21.09375
E00066877,203,62,22,40,141,115,26,30.541871921182267,10.83743842364532,19.704433497536947,69.45812807881774,56.65024630541872,12.807881773399016
E00066878,224,65,28,37,159,118,41,29.017857142857146,12.5,16.517857142857142,70.98214285714286,52.67857142857143,18.303571428571427
E00066879,170,49,11,38,121,103,18,28.823529411764703,6.470588235294119,22.35294117647059,71.17647058823529,60.588235294117645,10.588235294117647
E00066880,121,36,11,25,85,76,9,29.75206611570248,9.090909090909092,20.66115702479339,70.24793388429752,62.8099173553719,7.43801652892562
E00066881,138,39,12,27,99,83,16,28.26086956521739,8.695652173913043,19.565217391304348,71.73913043478261,60.14492753623188,11.594202898550725
E00066882,163,49,27,22,114,100,14,30.061349693251532,16.56441717791411,13.496932515337424,69.93865030674846,61.34969325153374,8.588957055214724
E00066883,128,31,13,18,97,84,13,24.21875,10.15625,14.0625,75.78125,65.625,10.15625
E00066884,80,20,7,13,60,55,5,25,8.75,16.25,75,68.75,6.25
E00066885,225,68,21,47,157,133,24,30.22222222222222,9.333333333333334,20.88888888888889,69.77777777777779,59.111111111111114,10.666666666666668
E00066887,162,48,24,24,114,99,15,29.629629629629626,14.814814814814813,14.814814814814813,70.37037037037037,61.111111111111114,9.25925925925926
E00066888,103,32,14,18,71,56,15,31.06796116504854,13.592233009708737,17.475728155339805,68.93203883495146,54.36893203883495,14.563106796116504
E00066889,156,44,12,32,112,95,17,28.205128205128204,7.6923076923076925,20.51282051282051,71.7948717948718,60.89743589743589,10.897435897435898
E00066891,168,38,13,25,130,110,20,22.61904761904762,7.738095238095238,14.880952380952381,77.38095238095238,65.47619047619048,11.904761904761903
E00066892,115,36,12,24,79,67,12,31.30434782608696,10.434782608695652,20.869565217391305,68.69565217391305,58.26086956521739,10.434782608695652
E00066893,108,27,4,23,81,68,13,25,3.7037037037037033,21.296296296296298,75,62.96296296296296,12.037037037037036
E00066894,153,38,11,27,115,86,29,24.836601307189543,7.18954248366013,17.647058823529413,75.16339869281046,56.209150326797385,18.954248366013072
E00066895,81,28,8,20,53,43,10,34.5679012345679,9.876543209876543,24.691358024691358,65.4320987654321,53.086419753086425,12.345679012345679
E00066897,136,35,12,23,101,83,18,25.735294117647058,8.823529411764707,16.911764705882355,74.26470588235294,61.029411764705884,13.23529411764706
E00066898,165,56,17,39,109,91,18,33.939393939393945,10.303030303030303,23.636363636363637,66.06060606060606,55.15151515151515,10.909090909090908
E00066899,121,37,12,25,84,65,19,30.57851239669421,9.917355371900827,20.66115702479339,69.42148760330579,53.71900826446281,15.702479338842975
E00066900,119,40,11,29,79,72,7,33.61344537815126,9.243697478991598,24.369747899159663,66.38655462184873,60.50420168067227,5.88235294117647
E00066901,91,33,2,31,58,45,13,36.26373626373626,2.197802197802198,34.065934065934066,63.73626373626373,49.45054945054945,14.285714285714285
E00066902,228,63,16,47,165,135,30,27.631578947368425,7.017543859649122,20.614035087719298,72.36842105263158,59.210526315789465,13.157894736842104
E00066903,303,75,20,55,228,189,39,24.752475247524753,6.6006600660066,18.151815181518153,75.24752475247524,62.37623762376238,12.871287128712872
E00066904,127,38,15,23,89,71,18,29.92125984251969,11.811023622047244,18.11023622047244,70.07874015748031,55.90551181102362,14.173228346456693
E00066905,128,36,12,24,92,80,12,28.125,9.375,18.75,71.875,62.5,9.375
E00066906,276,83,32,51,193,158,35,30.07246376811594,11.594202898550725,18.478260869565215,69.92753623188406,57.2463768115942,12.681159420289855
E00066907,149,46,15,31,103,85,18,30.87248322147651,10.06711409395973,20.80536912751678,69.12751677852349,57.04697986577181,12.080536912751679
E00066908,167,42,8,34,125,103,22,25.149700598802394,4.790419161676647,20.359281437125748,74.8502994011976,61.67664670658682,13.17365269461078
E00066909,288,75,18,57,213,182,31,26.041666666666668,6.25,19.791666666666664,73.95833333333334,63.19444444444444,10.76388888888889
E00066910,50,12,6,6,38,33,5,24,12,12,76,66,10
E00066911,147,42,14,28,105,89,16,28.57142857142857,9.523809523809524,19.047619047619047,71.42857142857143,60.544217687074834,10.884353741496598
E00066912,108,36,13,23,72,56,16,33.33333333333333,12.037037037037036,21.296296296296298,66.66666666666666,51.85185185185185,14.814814814814813
E00066913,134,48,16,32,86,66,20,35.82089552238806,11.940298507462686,23.88059701492537,64.17910447761194,49.25373134328358,14.925373134328357
E00066914,119,34,9,25,85,64,21,28.57142857142857,7.563025210084033,21.008403361344538,71.42857142857143,53.78151260504202,17.647058823529413
E00066915,81,26,4,22,55,49,6,32.098765432098766,4.938271604938271,27.160493827160494,67.90123456790124,60.49382716049383,7.4074074074074066
E00066916,167,39,6,33,128,109,19,23.353293413173652,3.592814371257485,19.760479041916167,76.64670658682635,65.26946107784431,11.377245508982035
E00066917,124,35,12,23,89,76,13,28.225806451612907,9.67741935483871,18.548387096774192,71.7741935483871,61.29032258064516,10.483870967741936
E00066918,111,31,9,22,80,65,15,27.927927927927925,8.108108108108109,19.81981981981982,72.07207207207207,58.55855855855856,13.513513513513514
E00066919,141,36,13,23,105,93,12,25.53191489361702,9.219858156028367,16.312056737588655,74.46808510638297,65.95744680851064,8.51063829787234
E00066920,138,39,12,27,99,86,13,28.26086956521739,8.695652173913043,19.565217391304348,71.73913043478261,62.31884057971014,9.420289855072465
E00066921,115,48,20,28,67,56,11,41.73913043478261,17.391304347826086,24.347826086956523,58.26086956521739,48.69565217391305,9.565217391304348
E00066922,101,35,7,28,66,49,17,34.65346534653465,6.9306930693069315,27.722772277227726,65.34653465346535,48.51485148514851,16.831683168316832
E00066923,99,37,17,20,62,55,7,37.37373737373738,17.17171717171717,20.2020202020202,62.62626262626263,55.55555555555556,7.07070707070707
E00066924,216,55,19,36,161,131,30,25.462962962962965,8.796296296296296,16.666666666666664,74.53703703703704,60.64814814814815,13.88888888888889
E00066925,132,51,19,32,81,72,9,38.63636363636363,14.393939393939394,24.242424242424242,61.36363636363637,54.54545454545454,6.8181818181818175
E00066926,106,25,6,19,81,73,8,23.58490566037736,5.660377358490567,17.92452830188679,76.41509433962264,68.86792452830188,7.547169811320755
E00066927,110,41,15,26,69,59,10,37.27272727272727,13.636363636363635,23.636363636363637,62.727272727272734,53.63636363636364,9.090909090909092
E00066928,133,48,11,37,85,66,19,36.09022556390977,8.270676691729323,27.819548872180448,63.90977443609023,49.62406015037594,14.285714285714285
E00066929,79,26,6,20,53,48,5,32.91139240506329,7.59493670886076,25.31645569620253,67.08860759493672,60.75949367088608,6.329113924050633
E00066930,318,88,23,65,230,194,36,27.67295597484277,7.232704402515723,20.440251572327046,72.32704402515722,61.0062893081761,11.320754716981133
E00066931,91,36,8,28,55,50,5,39.56043956043956,8.791208791208792,30.76923076923077,60.43956043956044,54.94505494505495,5.4945054945054945
E00066932,125,41,15,26,84,68,16,32.800000000000004,12,20.8,67.2,54.400000000000006,12.8
E00066933,94,27,8,19,67,56,11,28.723404255319153,8.51063829787234,20.212765957446805,71.27659574468085,59.57446808510638,11.702127659574469
E00066934,107,31,6,25,76,61,15,28.971962616822427,5.607476635514018,23.364485981308412,71.02803738317756,57.009345794392516,14.018691588785046
E00066935,82,23,8,15,59,45,14,28.04878048780488,9.75609756097561,18.29268292682927,71.95121951219512,54.87804878048781,17.073170731707318
E00066936,134,49,19,30,85,77,8,36.56716417910448,14.17910447761194,22.388059701492537,63.43283582089553,57.46268656716418,5.970149253731343
E00066937,127,41,10,31,86,73,13,32.28346456692913,7.874015748031496,24.409448818897637,67.71653543307087,57.48031496062992,10.236220472440944
E00066938,128,32,9,23,96,77,19,25,7.03125,17.96875,75,60.15625,14.84375
E00066939,77,14,6,8,63,51,12,18.181818181818183,7.792207792207792,10.38961038961039,81.81818181818183,66.23376623376623,15.584415584415584
E00066940,144,43,11,32,101,89,12,29.86111111111111,7.638888888888889,22.22222222222222,70.13888888888889,61.80555555555556,8.333333333333332
E00066941,141,37,5,32,104,93,11,26.24113475177305,3.546099290780142,22.69503546099291,73.75886524822694,65.95744680851064,7.801418439716312
E00066942,67,21,9,12,46,41,5,31.343283582089555,13.432835820895523,17.91044776119403,68.65671641791045,61.19402985074627,7.462686567164178
E00066943,125,43,17,26,82,74,8,34.4,13.600000000000001,20.8,65.60000000000001,59.199999999999996,6.4
E00066944,109,40,10,30,69,58,11,36.69724770642202,9.174311926605505,27.522935779816514,63.30275229357798,53.21100917431193,10.091743119266056
E00066945,109,40,13,27,69,58,11,36.69724770642202,11.926605504587156,24.770642201834864,63.30275229357798,53.21100917431193,10.091743119266056
E00066946,238,66,21,45,172,149,23,27.73109243697479,8.823529411764707,18.907563025210084,72.26890756302521,62.60504201680672,9.663865546218489
E00066947,138,48,14,34,90,75,15,34.78260869565217,10.144927536231885,24.637681159420293,65.21739130434783,54.347826086956516,10.869565217391305
E00066948,139,44,13,31,95,85,10,31.654676258992804,9.352517985611511,22.302158273381295,68.34532374100719,61.15107913669065,7.1942446043165464
E00066949,114,31,10,21,83,69,14,27.192982456140353,8.771929824561402,18.421052631578945,72.80701754385966,60.526315789473685,12.280701754385964
E00066950,158,50,17,33,108,92,16,31.645569620253166,10.759493670886076,20.88607594936709,68.35443037974683,58.22784810126582,10.126582278481013
E00066951,219,57,19,38,162,118,44,26.027397260273972,8.67579908675799,17.35159817351598,73.97260273972603,53.88127853881278,20.091324200913242
E00066952,168,49,17,32,119,87,32,29.166666666666668,10.119047619047619,19.047619047619047,70.83333333333334,51.78571428571429,19.047619047619047
E00066953,130,46,18,28,84,73,11,35.38461538461539,13.846153846153847,21.53846153846154,64.61538461538461,56.15384615384615,8.461538461538462
E00066954,147,43,19,24,104,81,23,29.25170068027211,12.925170068027212,16.3265306122449,70.74829931972789,55.10204081632652,15.646258503401361
E00066955,97,34,13,21,63,41,22,35.051546391752574,13.402061855670103,21.649484536082475,64.94845360824742,42.2680412371134,22.68041237113402
E00066956,131,44,19,25,87,63,24,33.587786259541986,14.50381679389313,19.083969465648856,66.41221374045801,48.091603053435115,18.3206106870229
E00066957,131,31,7,24,100,83,17,23.66412213740458,5.343511450381679,18.3206106870229,76.33587786259542,63.358778625954194,12.977099236641221
E00066959,132,39,10,29,93,81,12,29.545454545454547,7.575757575757576,21.96969696969697,70.45454545454545,61.36363636363637,9.090909090909092
E00066960,106,27,13,14,79,67,12,25.471698113207548,12.264150943396226,13.20754716981132,74.52830188679245,63.20754716981132,11.320754716981133
E00066961,88,32,9,23,56,47,9,36.36363636363637,10.227272727272728,26.136363636363637,63.63636363636363,53.40909090909091,10.227272727272728
E00066962,126,38,12,26,88,76,12,30.158730158730158,9.523809523809524,20.634920634920633,69.84126984126983,60.317460317460316,9.523809523809524
E00066963,102,26,8,18,76,63,13,25.49019607843137,7.8431372549019605,17.647058823529413,74.50980392156863,61.76470588235294,12.745098039215685
E00066964,94,34,12,22,60,53,7,36.17021276595745,12.76595744680851,23.404255319148938,63.829787234042556,56.38297872340425,7.446808510638298
E00066965,101,31,8,23,70,62,8,30.693069306930692,7.920792079207921,22.772277227722775,69.3069306930693,61.386138613861384,7.920792079207921
E00066966,88,27,8,19,61,52,9,30.681818181818183,9.090909090909092,21.59090909090909,69.31818181818183,59.09090909090909,10.227272727272728
E00066967,135,41,12,29,94,82,12,30.37037037037037,8.88888888888889,21.48148148148148,69.62962962962963,60.74074074074074,8.88888888888889
E00066968,147,38,11,27,109,88,21,25.850340136054424,7.482993197278912,18.367346938775512,74.14965986394559,59.863945578231295,14.285714285714285
E00066969,158,46,14,32,112,91,21,29.11392405063291,8.860759493670885,20.253164556962027,70.88607594936708,57.59493670886076,13.291139240506327
E00066970,88,39,10,29,49,40,9,44.31818181818182,11.363636363636363,32.95454545454545,55.68181818181818,45.45454545454545,10.227272727272728
E00066971,119,45,17,28,74,57,17,37.81512605042017,14.285714285714285,23.52941176470588,62.18487394957983,47.89915966386555,14.285714285714285
E00066972,142,44,15,29,98,89,9,30.985915492957744,10.56338028169014,20.422535211267608,69.01408450704226,62.676056338028175,6.338028169014084
E00066973,156,52,21,31,104,87,17,33.33333333333333,13.461538461538462,19.871794871794872,66.66666666666666,55.769230769230774,10.897435897435898
E00066974,146,54,21,33,92,84,8,36.986301369863014,14.383561643835616,22.602739726027394,63.013698630136986,57.534246575342465,5.47945205479452
E00066975,195,62,21,41,133,94,39,31.794871794871792,10.76923076923077,21.025641025641026,68.2051282051282,48.205128205128204,20
E00066976,85,26,8,18,59,46,13,30.58823529411765,9.411764705882353,21.176470588235293,69.41176470588235,54.11764705882353,15.294117647058824
E00066977,197,64,25,39,133,97,36,32.48730964467005,12.690355329949238,19.796954314720814,67.51269035532995,49.23857868020304,18.274111675126903
E00066978,178,52,14,38,126,105,21,29.213483146067414,7.865168539325842,21.34831460674157,70.78651685393258,58.98876404494382,11.797752808988763
E00066979,120,38,15,23,82,66,16,31.666666666666664,12.5,19.166666666666668,68.33333333333333,55.00000000000001,13.333333333333334
E00066980,124,37,15,22,87,75,12,29.838709677419356,12.096774193548388,17.741935483870968,70.16129032258065,60.483870967741936,9.67741935483871
E00066981,105,28,12,16,77,59,18,26.666666666666668,11.428571428571429,15.238095238095239,73.33333333333333,56.19047619047619,17.142857142857142
E00066982,153,53,23,30,100,82,18,34.64052287581699,15.032679738562091,19.607843137254903,65.359477124183,53.59477124183007,11.76470588235294
E00066983,200,63,28,35,137,110,27,31.5,14.000000000000002,17.5,68.5,55.00000000000001,13.5
E00066984,101,44,14,30,57,47,10,43.56435643564357,13.861386138613863,29.7029702970297,56.43564356435643,46.53465346534654,9.900990099009901
E00066985,216,77,27,50,139,104,35,35.648148148148145,12.5,23.14814814814815,64.35185185185185,48.148148148148145,16.203703703703702
E00066986,132,37,11,26,95,67,28,28.030303030303028,8.333333333333332,19.696969696969695,71.96969696969697,50.75757575757576,21.21212121212121
E00066987,137,30,7,23,107,85,22,21.897810218978105,5.109489051094891,16.78832116788321,78.1021897810219,62.04379562043796,16.05839416058394
E00066989,119,38,14,24,81,69,12,31.932773109243694,11.76470588235294,20.168067226890756,68.0672268907563,57.98319327731093,10.084033613445378
E00066990,143,29,8,21,114,97,17,20.27972027972028,5.594405594405594,14.685314685314685,79.72027972027972,67.83216783216784,11.888111888111888
E00066991,147,41,9,32,106,88,18,27.89115646258503,6.122448979591836,21.768707482993197,72.10884353741497,59.863945578231295,12.244897959183673
E00066992,99,30,8,22,69,58,11,30.303030303030305,8.080808080808081,22.22222222222222,69.6969696969697,58.58585858585859,11.11111111111111
E00066993,163,49,19,30,114,105,9,30.061349693251532,11.65644171779141,18.404907975460123,69.93865030674846,64.41717791411043,5.521472392638037
E00066994,114,30,7,23,84,64,20,26.31578947368421,6.140350877192982,20.175438596491226,73.68421052631578,56.14035087719298,17.543859649122805
E00066995,134,46,9,37,88,71,17,34.32835820895522,6.7164179104477615,27.611940298507463,65.67164179104478,52.98507462686567,12.686567164179104
E00066996,140,40,8,32,100,79,21,28.57142857142857,5.714285714285714,22.857142857142858,71.42857142857143,56.42857142857143,15
E00066997,112,40,7,33,72,60,12,35.714285714285715,6.25,29.464285714285715,64.28571428571429,53.57142857142857,10.714285714285714
E00066998,109,33,13,20,76,65,11,30.275229357798167,11.926605504587156,18.34862385321101,69.72477064220183,59.63302752293578,10.091743119266056
E00066999,123,33,13,20,90,79,11,26.82926829268293,10.569105691056912,16.260162601626014,73.17073170731707,64.22764227642277,8.94308943089431
E00067000,121,42,11,31,79,71,8,34.710743801652896,9.090909090909092,25.6198347107438,65.28925619834712,58.67768595041323,6.6115702479338845
E00067001,140,50,15,35,90,76,14,35.714285714285715,10.714285714285714,25,64.28571428571429,54.285714285714285,10
E00067002,164,48,19,29,116,102,14,29.268292682926827,11.585365853658537,17.682926829268293,70.73170731707317,62.19512195121951,8.536585365853659
E00067003,38,8,1,7,30,27,3,21.052631578947366,2.631578947368421,18.421052631578945,78.94736842105263,71.05263157894737,7.894736842105263
E00067004,137,46,17,29,91,77,14,33.57664233576642,12.408759124087592,21.16788321167883,66.42335766423358,56.20437956204379,10.218978102189782
E00067005,175,49,14,35,126,108,18,28.000000000000004,8,20,72,61.71428571428571,10.285714285714285
E00067006,195,48,13,35,147,117,30,24.615384615384617,6.666666666666667,17.94871794871795,75.38461538461539,60,15.384615384615385
E00067007,118,47,12,35,71,63,8,39.83050847457627,10.16949152542373,29.66101694915254,60.16949152542372,53.38983050847458,6.779661016949152
E00067008,112,37,6,31,75,61,14,33.035714285714285,5.357142857142857,27.67857142857143,66.96428571428571,54.46428571428571,12.5
E00067009,161,45,14,31,116,101,15,27.95031055900621,8.695652173913043,19.25465838509317,72.04968944099379,62.732919254658384,9.316770186335404
E00067010,144,46,13,33,98,84,14,31.944444444444443,9.027777777777777,22.916666666666664,68.05555555555556,58.333333333333336,9.722222222222223
E00067011,139,44,8,36,95,77,18,31.654676258992804,5.755395683453238,25.899280575539567,68.34532374100719,55.39568345323741,12.949640287769784
E00067012,89,28,11,17,61,54,7,31.46067415730337,12.359550561797752,19.101123595505616,68.53932584269663,60.67415730337079,7.865168539325842
E00067013,75,23,11,12,52,47,5,30.666666666666664,14.666666666666666,16,69.33333333333334,62.66666666666667,6.666666666666667
E00067014,89,19,6,13,70,58,12,21.34831460674157,6.741573033707865,14.606741573033707,78.65168539325843,65.1685393258427,13.48314606741573
E00067015,78,23,5,18,55,49,6,29.48717948717949,6.41025641025641,23.076923076923077,70.51282051282051,62.82051282051282,7.6923076923076925
E00067016,88,28,8,20,60,54,6,31.818181818181817,9.090909090909092,22.727272727272727,68.18181818181817,61.36363636363637,6.8181818181818175
E00067017,69,23,6,17,46,40,6,33.33333333333333,8.695652173913043,24.637681159420293,66.66666666666666,57.971014492753625,8.695652173913043
E00067018,83,27,8,19,56,47,9,32.53012048192771,9.63855421686747,22.89156626506024,67.46987951807229,56.62650602409639,10.843373493975903
E00067019,109,36,8,28,73,60,13,33.02752293577982,7.339449541284404,25.688073394495415,66.97247706422019,55.04587155963303,11.926605504587156
E00067020,159,40,11,29,119,95,24,25.157232704402517,6.918238993710692,18.238993710691823,74.84276729559748,59.74842767295597,15.09433962264151
E00067021,108,37,11,26,71,61,10,34.25925925925926,10.185185185185185,24.074074074074073,65.74074074074075,56.481481481481474,9.25925925925926
E00067022,127,46,21,25,81,71,10,36.22047244094488,16.535433070866144,19.68503937007874,63.77952755905512,55.90551181102362,7.874015748031496
E00067023,68,20,2,18,48,44,4,29.411764705882355,2.941176470588235,26.47058823529412,70.58823529411765,64.70588235294117,5.88235294117647
E00067024,164,56,16,40,108,97,11,34.146341463414636,9.75609756097561,24.390243902439025,65.85365853658537,59.14634146341463,6.707317073170732
E00067025,127,46,11,35,81,75,6,36.22047244094488,8.661417322834646,27.559055118110237,63.77952755905512,59.055118110236215,4.724409448818897
E00067026,151,46,16,30,105,94,11,30.4635761589404,10.596026490066226,19.867549668874172,69.5364238410596,62.251655629139066,7.28476821192053
E00067027,120,35,11,24,85,78,7,29.166666666666668,9.166666666666666,20,70.83333333333334,65,5.833333333333333
E00067028,121,39,18,21,82,71,11,32.231404958677686,14.87603305785124,17.355371900826448,67.76859504132231,58.67768595041323,9.090909090909092
E00067029,136,41,15,26,95,79,16,30.14705882352941,11.029411764705882,19.11764705882353,69.85294117647058,58.08823529411765,11.76470588235294
E00067030,130,36,9,27,94,79,15,27.692307692307693,6.923076923076923,20.76923076923077,72.3076923076923,60.76923076923077,11.538461538461538
E00067031,134,47,8,39,87,71,16,35.07462686567165,5.970149253731343,29.1044776119403,64.92537313432835,52.98507462686567,11.940298507462686
E00067032,151,44,10,34,107,94,13,29.13907284768212,6.622516556291391,22.516556291390728,70.86092715231787,62.251655629139066,8.609271523178808
E00067033,160,46,17,29,114,98,16,28.749999999999996,10.625,18.125,71.25,61.25000000000001,10
E00067034,143,44,15,29,99,75,24,30.76923076923077,10.48951048951049,20.27972027972028,69.23076923076923,52.44755244755245,16.783216783216783
E00067035,187,40,15,25,147,126,21,21.390374331550802,8.0213903743315509,13.368983957219251,78.6096256684492,67.37967914438502,11.229946524064172
E00067036,85,23,5,18,62,53,9,27.058823529411764,5.88235294117647,21.176470588235293,72.94117647058823,62.35294117647059,10.588235294117647
E00067037,118,41,14,27,77,63,14,34.74576271186441,11.864406779661017,22.88135593220339,65.2542372881356,53.38983050847458,11.864406779661017
E00067038,106,33,10,23,73,62,11,31.132075471698112,9.433962264150944,21.69811320754717,68.86792452830188,58.490566037735846,10.377358490566039
E00067039,136,50,18,32,86,75,11,36.76470588235294,13.23529411764706,23.52941176470588,63.23529411764706,55.14705882352941,8.088235294117647
E00067040,96,28,7,21,68,58,10,29.166666666666668,7.291666666666667,21.875,70.83333333333334,60.416666666666664,10.416666666666668
E00067041,148,51,17,34,97,85,12,34.45945945945946,11.486486486486488,22.972972972972975,65.54054054054053,57.432432432432435,8.108108108108109
E00067042,157,46,12,34,111,91,20,29.29936305732484,7.643312101910828,21.656050955414013,70.70063694267516,57.961783439490446,12.738853503184714
E00067043,127,32,12,20,95,85,10,25.196850393700785,9.448818897637794,15.748031496062993,74.80314960629921,66.92913385826772,7.874015748031496
E00067044,127,39,8,31,88,71,17,30.708661417322837,6.299212598425196,24.409448818897637,69.29133858267717,55.90551181102362,13.385826771653544
E00067045,91,30,9,21,61,50,11,32.967032967032964,9.89010989010989,23.076923076923077,67.03296703296702,54.94505494505495,12.087912087912088
E00067046,134,33,14,19,101,86,15,24.62686567164179,10.44776119402985,14.17910447761194,75.3731343283582,64.17910447761194,11.194029850746269
E00067048,72,25,11,14,47,37,10,34.72222222222222,15.277777777777779,19.444444444444446,65.27777777777779,51.388888888888886,13.88888888888889
E00067049,39,13,4,9,26,18,8,33.33333333333333,10.256410256410255,23.076923076923077,66.66666666666666,46.15384615384615,20.51282051282051
E00067050,119,44,12,32,75,60,15,36.97478991596639,10.084033613445378,26.89075630252101,63.02521008403361,50.42016806722689,12.605042016806722
E00067051,153,37,6,31,116,101,15,24.183006535947712,3.9215686274509802,20.26143790849673,75.81699346405229,66.01307189542483,9.803921568627452
E00067052,111,31,5,26,80,73,7,27.927927927927925,4.504504504504505,23.423423423423422,72.07207207207207,65.76576576576578,6.306306306306306
E00067053,91,26,7,19,65,55,10,28.57142857142857,7.6923076923076925,20.87912087912088,71.42857142857143,60.43956043956044,10.989010989010989
E00067054,108,34,12,22,74,65,9,31.48148148148148,11.11111111111111,20.37037037037037,68.51851851851852,60.18518518518518,8.333333333333332
E00067055,65,19,1,18,46,45,1,29.230769230769234,1.5384615384615385,27.692307692307693,70.76923076923077,69.23076923076923,1.5384615384615385
E00067056,89,31,9,22,58,50,8,34.831460674157306,10.112359550561797,24.719101123595504,65.1685393258427,56.17977528089888,8.98876404494382
E00067057,132,41,8,33,91,81,10,31.060606060606062,6.0606060606060606,25,68.93939393939394,61.36363636363637,7.575757575757576
E00067058,139,48,19,29,91,69,22,34.53237410071942,13.66906474820144,20.863309352517987,65.46762589928058,49.64028776978417,15.827338129496402
E00067059,137,39,12,27,98,76,22,28.467153284671532,8.75912408759124,19.708029197080293,71.53284671532847,55.47445255474452,16.05839416058394
E00067060,77,24,3,21,53,43,10,31.16883116883117,3.896103896103896,27.27272727272727,68.83116883116884,55.84415584415584,12.987012987012985
E00067061,108,35,12,23,73,60,13,32.407407407407405,11.11111111111111,21.296296296296298,67.5925925925926,55.55555555555556,12.037037037037036
E00067062,91,26,5,21,65,58,7,28.57142857142857,5.4945054945054945,23.076923076923077,71.42857142857143,63.73626373626373,7.6923076923076925
E00067063,143,50,20,30,93,73,20,34.96503496503497,13.986013986013987,20.97902097902098,65.03496503496503,51.048951048951054,13.986013986013987
E00067064,145,48,18,30,97,78,19,33.10344827586207,12.413793103448276,20.689655172413794,66.89655172413794,53.79310344827586,13.10344827586207
E00067065,133,48,18,30,85,66,19,36.09022556390977,13.533834586466165,22.55639097744361,63.90977443609023,49.62406015037594,14.285714285714285
E00067066,157,46,14,32,111,91,20,29.29936305732484,8.9171974522293,20.382165605095544,70.70063694267516,57.961783439490446,12.738853503184714
E00067067,119,35,10,25,84,68,16,29.411764705882355,8.403361344537815,21.008403361344538,70.58823529411765,57.14285714285714,13.445378151260504
E00067068,177,44,15,29,133,116,17,24.858757062146893,8.47457627118644,16.38418079096045,75.14124293785311,65.5367231638418,9.6045197740113
E00067069,118,35,8,27,83,71,12,29.66101694915254,6.779661016949152,22.88135593220339,70.33898305084746,60.16949152542372,10.16949152542373
E00067070,267,67,20,47,200,163,37,25.0936329588015,7.490636704119851,17.60299625468165,74.90636704119851,61.04868913857678,13.857677902621724
E00067071,122,40,9,31,82,67,15,32.78688524590164,7.377049180327869,25.40983606557377,67.21311475409836,54.91803278688525,12.295081967213115
E00067072,127,42,9,33,85,75,10,33.07086614173229,7.086614173228346,25.984251968503933,66.92913385826772,59.055118110236215,7.874015748031496
E00067073,153,39,9,30,114,96,18,25.49019607843137,5.88235294117647,19.607843137254903,74.50980392156863,62.745098039215684,11.76470588235294
E00067074,109,41,16,25,68,56,12,37.61467889908257,14.678899082568808,22.93577981651376,62.38532110091744,51.37614678899083,11.009174311926607
E00067075,153,58,18,40,95,75,20,37.908496732026144,11.76470588235294,26.143790849673206,62.091503267973856,49.01960784313725,13.071895424836603
E00067076,91,31,10,21,60,44,16,34.065934065934066,10.989010989010989,23.076923076923077,65.93406593406593,48.35164835164835,17.582417582417584
E00067077,135,41,14,27,94,73,21,30.37037037037037,10.37037037037037,20,69.62962962962963,54.074074074074076,15.555555555555555
E00067078,166,39,14,25,127,107,20,23.49397590361446,8.433734939759036,15.060240963855422,76.50602409638554,64.45783132530121,12.048192771084338
E00067079,150,46,15,31,104,87,17,30.666666666666664,10,20.666666666666668,69.33333333333334,57.99999999999999,11.333333333333332
E00067080,177,46,14,32,131,107,24,25.98870056497175,7.909604519774012,18.07909604519774,74.01129943502825,60.451977401129945,13.559322033898304
E00067081,116,30,9,21,86,69,17,25.862068965517242,7.758620689655173,18.103448275862068,74.13793103448276,59.48275862068966,14.655172413793101
E00067082,131,42,12,30,89,72,17,32.06106870229007,9.16030534351145,22.900763358778626,67.93893129770993,54.961832061068705,12.977099236641221
E00067083,120,36,14,22,84,71,13,30,11.666666666666666,18.333333333333332,70,59.166666666666664,10.833333333333334
E00067084,164,63,26,37,101,81,20,38.41463414634146,15.853658536585366,22.5609756097561,61.58536585365854,49.390243902439025,12.195121951219512
E00067085,85,26,9,17,59,50,9,30.58823529411765,10.588235294117647,20,69.41176470588235,58.82352941176471,10.588235294117647
E00067086,131,41,8,33,90,77,13,31.297709923664126,6.106870229007633,25.190839694656486,68.70229007633588,58.778625954198475,9.923664122137405
E00067087,129,40,13,27,89,77,12,31.007751937984494,10.077519379844961,20.930232558139537,68.9922480620155,59.68992248062015,9.30232558139535
E00067088,108,39,11,28,69,68,1,36.11111111111111,10.185185185185185,25.925925925925924,63.888888888888886,62.96296296296296,0.9259259259259258
E00067089,118,31,10,21,87,73,14,26.27118644067797,8.47457627118644,17.796610169491526,73.72881355932203,61.86440677966102,11.864406779661017
E00067090,82,27,7,20,55,49,6,32.926829268292686,8.536585365853659,24.390243902439025,67.07317073170732,59.756097560975604,7.317073170731707
E00067091,136,41,16,25,95,82,13,30.14705882352941,11.76470588235294,18.38235294117647,69.85294117647058,60.29411764705882,9.558823529411764
E00067092,141,47,15,32,94,82,12,33.33333333333333,10.638297872340425,22.69503546099291,66.66666666666666,58.156028368794324,8.51063829787234
E00067093,121,31,6,25,90,78,12,25.6198347107438,4.958677685950414,20.66115702479339,74.3801652892562,64.46280991735537,9.917355371900827
E00067094,149,36,8,28,113,96,17,24.161073825503358,5.369127516778524,18.79194630872483,75.83892617449665,64.42953020134227,11.409395973154362
E00067095,115,28,7,21,87,75,12,24.347826086956523,6.086956521739131,18.26086956521739,75.65217391304347,65.21739130434783,10.434782608695652
E00067096,151,50,13,37,101,85,16,33.11258278145696,8.609271523178808,24.503311258278146,66.88741721854305,56.29139072847682,10.596026490066226
E00067097,196,30,10,20,166,157,9,15.306122448979592,5.1020408163265305,10.204081632653061,84.6938775510204,80.10204081632652,4.591836734693878
E00067098,127,22,7,15,105,92,13,17.322834645669293,5.511811023622047,11.811023622047244,82.67716535433071,72.44094488188976,10.236220472440944
E00067099,151,42,14,28,109,92,17,27.81456953642384,9.271523178807946,18.543046357615893,72.18543046357617,60.9271523178808,11.258278145695364
E00067100,178,47,15,32,131,119,12,26.40449438202247,8.426966292134832,17.97752808988764,73.59550561797754,66.85393258426966,6.741573033707865
E00067101,122,32,7,25,90,79,11,26.229508196721312,5.737704918032787,20.491803278688526,73.77049180327869,64.75409836065575,9.01639344262295
E00067102,81,29,15,14,52,45,7,35.80246913580247,18.51851851851852,17.28395061728395,64.19753086419753,55.55555555555556,8.641975308641975
E00067103,118,31,10,21,87,87,0,26.27118644067797,8.47457627118644,17.796610169491526,73.72881355932203,73.72881355932203,0
E00067104,158,34,10,24,124,112,12,21.518987341772153,6.329113924050633,15.18987341772152,78.48101265822784,70.88607594936708,7.59493670886076
E00067105,138,37,11,26,101,91,10,26.811594202898554,7.971014492753622,18.84057971014493,73.18840579710145,65.94202898550725,7.246376811594203
E00067106,171,37,8,29,134,124,10,21.637426900584796,4.678362573099415,16.95906432748538,78.3625730994152,72.51461988304094,5.847953216374268
E00067107,215,34,16,18,181,164,17,15.813953488372093,7.441860465116279,8.372093023255815,84.18604651162791,76.27906976744187,7.906976744186046
E00067108,191,65,21,44,126,121,5,34.031413612565444,10.99476439790576,23.036649214659686,65.96858638743456,63.35078534031413,2.6178010471204187
E00067109,144,40,11,29,104,98,6,27.77777777777778,7.638888888888889,20.13888888888889,72.22222222222221,68.05555555555556,4.166666666666666
E00067110,159,48,17,31,111,101,10,30.18867924528302,10.69182389937107,19.49685534591195,69.81132075471697,63.52201257861635,6.289308176100629
E00067112,93,26,5,21,67,60,7,27.956989247311824,5.376344086021505,22.58064516129032,72.04301075268818,64.51612903225806,7.526881720430108
E00067113,132,48,8,40,84,76,8,36.36363636363637,6.0606060606060606,30.303030303030305,63.63636363636363,57.57575757575758,6.0606060606060606
E00067114,177,28,14,14,149,135,14,15.819209039548024,7.909604519774012,7.909604519774012,84.18079096045197,76.27118644067797,7.909604519774012
E00067115,134,42,17,25,92,82,10,31.343283582089555,12.686567164179104,18.65671641791045,68.65671641791045,61.19402985074627,7.462686567164178
E00067116,173,41,10,31,132,126,6,23.699421965317917,5.780346820809249,17.91907514450867,76.30057803468208,72.83236994219652,3.4682080924855487
E00067117,170,50,15,35,120,108,12,29.411764705882355,8.823529411764707,20.588235294117645,70.58823529411765,63.52941176470588,7.0588235294117645
E00067118,155,57,13,44,98,81,17,36.774193548387096,8.38709677419355,28.387096774193548,63.2258064516129,52.25806451612903,10.967741935483872
E00067119,132,44,14,30,88,85,3,33.33333333333333,10.606060606060606,22.727272727272727,66.66666666666666,64.39393939393939,2.272727272727273
E00067120,187,45,12,33,142,126,16,24.06417112299465,6.417112299465241,17.647058823529413,75.93582887700535,67.37967914438502,8.55614973262032
E00067121,153,36,15,21,117,101,16,23.52941176470588,9.803921568627452,13.725490196078432,76.47058823529412,66.01307189542483,10.457516339869281
E00067122,168,50,16,34,118,106,12,29.761904761904763,9.523809523809524,20.238095238095237,70.23809523809523,63.095238095238095,7.142857142857142
E00067123,145,41,11,30,104,91,13,28.27586206896552,7.586206896551724,20.689655172413794,71.72413793103448,62.758620689655174,8.96551724137931
E00067124,182,50,18,32,132,124,8,27.472527472527474,9.89010989010989,17.582417582417584,72.52747252747253,68.13186813186813,4.395604395604396
E00067125,157,53,24,29,104,89,15,33.75796178343949,15.286624203821656,18.471337579617835,66.2420382165605,56.68789808917197,9.554140127388536
E00067126,168,58,19,39,110,102,8,34.523809523809526,11.30952380952381,23.214285714285715,65.47619047619048,60.71428571428571,4.761904761904762
E00067128,165,36,9,27,129,115,14,21.818181818181817,5.454545454545454,16.363636363636363,78.18181818181819,69.6969696969697,8.484848484848486
E00067129,210,54,20,34,156,140,16,25.71428571428571,9.523809523809524,16.19047619047619,74.28571428571429,66.66666666666666,7.6190476190476195
E00067130,153,50,16,34,103,90,13,32.6797385620915,10.457516339869281,22.22222222222222,67.3202614379085,58.82352941176471,8.49673202614379
E00067131,156,42,12,30,114,101,13,26.923076923076923,7.6923076923076925,19.230769230769234,73.07692307692307,64.74358974358975,8.333333333333332
E00067132,51,17,5,12,34,33,1,33.33333333333333,9.803921568627452,23.52941176470588,66.66666666666666,64.70588235294117,1.9607843137254901
E00067133,187,42,16,26,145,130,15,22.459893048128343,8.55614973262032,13.903743315508022,77.54010695187165,69.5187165775401,8.0213903743315509
E00067134,202,53,14,39,149,120,29,26.237623762376238,6.9306930693069315,19.306930693069308,73.76237623762376,59.4059405940594,14.356435643564355
E00067135,96,34,14,20,62,47,15,35.41666666666667,14.583333333333334,20.833333333333336,64.58333333333334,48.95833333333333,15.625
E00067136,133,42,14,28,91,74,17,31.57894736842105,10.526315789473683,21.052631578947366,68.42105263157895,55.639097744360896,12.781954887218044
E00067137,166,52,20,32,114,91,23,31.32530120481928,12.048192771084338,19.27710843373494,68.67469879518072,54.81927710843374,13.855421686746988
E00067138,200,56,15,41,144,117,27,28.000000000000004,7.5,20.5,72,58.5,13.5
E00067139,235,61,14,47,174,142,32,25.957446808510635,5.957446808510639,20,74.04255319148936,60.42553191489362,13.617021276595745
E00067140,93,33,11,22,60,52,8,35.483870967741936,11.827956989247312,23.655913978494624,64.51612903225806,55.91397849462365,8.60215053763441
E00067141,140,38,9,29,102,84,18,27.142857142857142,6.428571428571428,20.714285714285715,72.85714285714285,60,12.857142857142856
E00067142,149,41,13,28,108,92,16,27.516778523489933,8.724832214765101,18.79194630872483,72.48322147651007,61.74496644295302,10.738255033557047
E00067143,161,48,10,38,113,88,25,29.81366459627329,6.211180124223603,23.60248447204969,70.1863354037267,54.6583850931677,15.527950310559005
E00067144,129,29,6,23,100,86,14,22.48062015503876,4.651162790697675,17.829457364341085,77.51937984496125,66.66666666666666,10.852713178294573
E00067145,148,36,17,19,112,74,38,24.324324324324326,11.486486486486488,12.837837837837837,75.67567567567568,50,25.675675675675674
E00067146,180,45,15,30,135,95,40,25,8.333333333333332,16.666666666666664,75,52.77777777777778,22.22222222222222
E00067147,198,56,23,33,142,116,26,28.28282828282828,11.616161616161616,16.666666666666664,71.71717171717171,58.58585858585859,13.131313131313133
E00067148,181,46,11,35,135,97,38,25.41436464088398,6.077348066298343,19.337016574585636,74.58563535911603,53.591160220994475,20.994475138121548
E00067149,177,54,17,37,123,95,28,30.508474576271187,9.6045197740113,20.903954802259886,69.49152542372882,53.672316384180796,15.819209039548024
E00067150,205,60,13,47,145,113,32,29.268292682926827,6.341463414634147,22.926829268292686,70.73170731707317,55.1219512195122,15.609756097560975
E00067151,156,50,17,33,106,87,19,32.05128205128205,10.897435897435898,21.153846153846153,67.94871794871796,55.769230769230774,12.179487179487179
E00067152,172,51,17,34,121,99,22,29.651162790697676,9.883720930232558,19.767441860465116,70.34883720930233,57.55813953488372,12.790697674418606
E00067153,132,31,7,24,101,85,16,23.484848484848484,5.303030303030303,18.181818181818183,76.51515151515152,64.39393939393939,12.121212121212121
E00067154,135,41,13,28,94,77,17,30.37037037037037,9.62962962962963,20.74074074074074,69.62962962962963,57.03703703703704,12.592592592592592
E00067155,138,37,11,26,101,87,14,26.811594202898554,7.971014492753622,18.84057971014493,73.18840579710145,63.04347826086957,10.144927536231885
E00067157,137,45,10,35,92,69,23,32.846715328467155,7.2992700729927,25.547445255474454,67.15328467153284,50.36496350364964,16.78832116788321
E00067159,166,34,10,24,132,95,37,20.481927710843372,6.024096385542169,14.457831325301203,79.51807228915662,57.22891566265061,22.289156626506024
E00067160,137,41,13,28,96,64,32,29.927007299270077,9.48905109489051,20.437956204379564,70.07299270072993,46.715328467153284,23.357664233576642
E00067161,206,54,19,35,152,125,27,26.21359223300971,9.223300970873787,16.990291262135923,73.7864077669903,60.679611650485434,13.106796116504855
E00067162,172,42,13,29,130,103,27,24.418604651162788,7.55813953488372,16.86046511627907,75.5813953488372,59.883720930232556,15.69767441860465
E00067163,146,43,19,24,103,83,20,29.45205479452055,13.013698630136986,16.43835616438356,70.54794520547945,56.849315068493155,13.698630136986301
E00067164,62,21,5,16,41,34,7,33.87096774193548,8.064516129032258,25.806451612903224,66.12903225806451,54.83870967741935,11.29032258064516
E00067165,142,42,17,25,100,80,20,29.577464788732392,11.971830985915492,17.6056338028169,70.4225352112676,56.33802816901409,14.084507042253522
E00067166,65,9,3,6,56,34,22,13.846153846153847,4.615384615384616,9.230769230769232,86.15384615384616,52.307692307692314,33.84615384615385
E00067167,132,42,18,24,90,70,20,31.818181818181817,13.636363636363635,18.181818181818183,68.18181818181817,53.03030303030303,15.151515151515152
E00067168,141,37,17,20,104,81,23,26.24113475177305,12.056737588652481,14.184397163120568,73.75886524822694,57.446808510638306,16.312056737588655
E00067169,149,53,16,37,96,77,19,35.57046979865772,10.738255033557047,24.832214765100673,64.42953020134227,51.67785234899329,12.751677852348994
E00067170,148,51,13,38,97,84,13,34.45945945945946,8.783783783783784,25.675675675675674,65.54054054054053,56.75675675675676,8.783783783783784
E00067171,156,44,12,32,112,91,21,28.205128205128204,7.6923076923076925,20.51282051282051,71.7948717948718,58.333333333333336,13.461538461538462
E00067172,83,19,6,13,64,57,7,22.89156626506024,7.228915662650602,15.66265060240964,77.10843373493977,68.67469879518072,8.433734939759036
E00067173,179,51,17,34,128,116,12,28.49162011173184,9.497206703910614,18.994413407821227,71.50837988826815,64.80446927374301,6.70391061452514
E00067174,160,42,17,25,118,104,14,26.25,10.625,15.625,73.75,65,8.75
E00067175,177,55,13,42,122,104,18,31.07344632768362,7.344632768361582,23.728813559322035,68.92655367231639,58.75706214689266,10.16949152542373
E00067176,181,57,21,36,124,115,9,31.491712707182316,11.602209944751381,19.88950276243094,68.50828729281768,63.53591160220995,4.972375690607735
E00067177,179,52,18,34,127,118,9,29.05027932960894,10.05586592178771,18.994413407821227,70.94972067039106,65.92178770949721,5.027932960893855
E00067178,107,31,10,21,76,67,9,28.971962616822427,9.345794392523365,19.626168224299064,71.02803738317756,62.616822429906534,8.411214953271028
E00067179,146,41,9,32,105,90,15,28.08219178082192,6.164383561643835,21.91780821917808,71.91780821917808,61.64383561643836,10.273972602739725
E00067180,77,18,6,12,59,51,8,23.376623376623375,7.792207792207792,15.584415584415584,76.62337662337663,66.23376623376623,10.38961038961039
E00067181,114,40,18,22,74,64,10,35.08771929824561,15.789473684210526,19.298245614035086,64.91228070175438,56.14035087719298,8.771929824561402
E00067182,171,49,17,32,122,97,25,28.654970760233915,9.941520467836257,18.71345029239766,71.34502923976608,56.72514619883041,14.619883040935672
E00067183,128,48,14,34,80,69,11,37.5,10.9375,26.5625,62.5,53.90625,8.59375
E00067184,114,46,11,35,68,54,14,40.35087719298245,9.649122807017543,30.701754385964914,59.64912280701754,47.368421052631575,12.280701754385964
E00067185,116,28,10,18,88,80,8,24.137931034482758,8.620689655172415,15.517241379310345,75.86206896551724,68.96551724137932,6.896551724137931
E00067186,140,54,15,39,86,72,14,38.57142857142858,10.714285714285714,27.857142857142858,61.42857142857143,51.42857142857142,10
E00067187,69,23,9,14,46,46,0,33.33333333333333,13.043478260869565,20.28985507246377,66.66666666666666,66.66666666666666,0
E00067188,143,38,12,26,105,93,12,26.573426573426573,8.391608391608392,18.181818181818183,73.42657342657343,65.03496503496503,8.391608391608392
E00067189,162,46,17,29,116,103,13,28.39506172839506,10.493827160493826,17.901234567901234,71.60493827160494,63.580246913580254,8.024691358024691
E00067190,91,25,5,20,66,54,12,27.472527472527474,5.4945054945054945,21.978021978021978,72.52747252747253,59.34065934065934,13.186813186813188
E00067191,131,48,14,34,83,77,6,36.6412213740458,10.687022900763358,25.954198473282442,63.358778625954194,58.778625954198475,4.580152671755725
E00067192,101,32,11,21,69,59,10,31.683168316831683,10.891089108910892,20.792079207920793,68.31683168316832,58.415841584158414,9.900990099009901
E00067193,127,48,19,29,79,70,9,37.79527559055118,14.960629921259844,22.83464566929134,62.20472440944882,55.118110236220474,7.086614173228346
E00067194,176,62,24,38,114,97,17,35.22727272727273,13.636363636363635,21.59090909090909,64.77272727272727,55.11363636363637,9.659090909090908
E00067195,173,39,12,27,134,122,12,22.54335260115607,6.9364161849710975,15.606936416184972,77.45664739884393,70.52023121387283,6.9364161849710975
E00067196,153,50,18,32,103,84,19,32.6797385620915,11.76470588235294,20.915032679738562,67.3202614379085,54.90196078431373,12.418300653594772
E00067197,138,45,15,30,93,84,9,32.608695652173914,10.869565217391305,21.73913043478261,67.3913043478261,60.86956521739131,6.521739130434782
E00067198,138,37,9,28,101,92,9,26.811594202898554,6.521739130434782,20.28985507246377,73.18840579710145,66.66666666666666,6.521739130434782
E00067199,171,47,9,38,124,98,26,27.485380116959064,5.263157894736842,22.22222222222222,72.51461988304094,57.30994152046783,15.204678362573098
E00067200,221,64,17,47,157,135,22,28.95927601809955,7.6923076923076925,21.266968325791854,71.04072398190046,61.085972850678736,9.95475113122172
E00067201,121,34,12,22,87,77,10,28.09917355371901,9.917355371900827,18.181818181818183,71.900826446281,63.63636363636363,8.264462809917356
E00067202,154,55,24,31,99,81,18,35.714285714285715,15.584415584415584,20.12987012987013,64.28571428571429,52.5974025974026,11.688311688311687
E00067203,85,26,4,22,59,52,7,30.58823529411765,4.705882352941177,25.882352941176475,69.41176470588235,61.1764705882353,8.235294117647058
E00067204,149,43,20,23,106,92,14,28.859060402684566,13.422818791946309,15.436241610738255,71.14093959731544,61.74496644295302,9.395973154362416
E00067205,76,27,7,20,49,37,12,35.526315789473685,9.210526315789473,26.31578947368421,64.47368421052632,48.68421052631579,15.789473684210526
E00067206,136,40,9,31,96,86,10,29.411764705882355,6.61764705882353,22.794117647058822,70.58823529411765,63.23529411764706,7.352941176470589
E00067207,117,35,8,27,82,69,13,29.914529914529915,6.837606837606838,23.076923076923077,70.08547008547008,58.97435897435898,11.11111111111111
E00067208,152,45,15,30,107,93,14,29.605263157894733,9.868421052631579,19.736842105263158,70.39473684210526,61.18421052631579,9.210526315789473
E00067209,113,42,11,31,71,63,8,37.16814159292036,9.734513274336283,27.43362831858407,62.83185840707964,55.75221238938053,7.079646017699115
E00067210,139,44,15,29,95,82,13,31.654676258992804,10.79136690647482,20.863309352517987,68.34532374100719,58.992805755395686,9.352517985611511
E00067211,65,16,7,9,49,42,7,24.615384615384617,10.76923076923077,13.846153846153847,75.38461538461539,64.61538461538461,10.76923076923077
E00067212,82,31,11,20,51,44,7,37.80487804878049,13.414634146341465,24.390243902439025,62.19512195121951,53.65853658536586,8.536585365853659
E00067213,142,34,14,20,108,93,15,23.943661971830984,9.859154929577464,14.084507042253522,76.05633802816901,65.49295774647888,10.56338028169014
E00067214,144,32,13,19,112,99,13,22.22222222222222,9.027777777777777,13.194444444444445,77.77777777777779,68.75,9.027777777777777
E00067215,152,49,14,35,103,84,19,32.23684210526316,9.210526315789473,23.026315789473685,67.76315789473685,55.26315789473685,12.5
E00067216,133,49,11,38,84,73,11,36.84210526315789,8.270676691729323,28.57142857142857,63.1578947368421,54.88721804511278,8.270676691729323
E00067217,180,56,17,39,124,115,9,31.11111111111111,9.444444444444445,21.666666666666668,68.88888888888889,63.888888888888886,5
E00067218,72,22,7,15,50,47,3,30.555555555555557,9.722222222222223,20.833333333333336,69.44444444444444,65.27777777777779,4.166666666666666
E00067219,54,23,10,13,31,29,2,42.592592592592595,18.51851851851852,24.074074074074073,57.407407407407405,53.70370370370371,3.7037037037037033
E00067221,162,53,20,33,109,90,19,32.71604938271605,12.345679012345679,20.37037037037037,67.28395061728395,55.55555555555556,11.728395061728394
E00067222,144,51,9,42,93,75,18,35.41666666666667,6.25,29.166666666666668,64.58333333333334,52.083333333333336,12.5
E00067223,187,49,12,37,138,116,22,26.203208556149733,6.417112299465241,19.786096256684495,73.79679144385027,62.03208556149733,11.76470588235294
E00067224,130,31,9,22,99,82,17,23.846153846153847,6.923076923076923,16.923076923076923,76.15384615384615,63.07692307692307,13.076923076923078
E00067225,143,37,11,26,106,93,13,25.874125874125873,7.6923076923076925,18.181818181818183,74.12587412587412,65.03496503496503,9.090909090909092
E00067226,146,46,10,36,100,86,14,31.506849315068493,6.8493150684931505,24.65753424657534,68.4931506849315,58.9041095890411,9.58904109589041
E00067227,76,24,10,14,52,35,17,31.57894736842105,13.157894736842104,18.421052631578945,68.42105263157895,46.05263157894737,22.36842105263158
E00067228,128,43,12,31,85,74,11,33.59375,9.375,24.21875,66.40625,57.8125,8.59375
E00067229,160,42,12,30,118,108,10,26.25,7.5,18.75,73.75,67.5,6.25
E00067230,100,25,6,19,75,65,10,25,6,19,75,65,10
E00067231,186,52,26,26,134,90,44,27.956989247311824,13.978494623655912,13.978494623655912,72.04301075268818,48.38709677419355,23.655913978494624
E00067232,54,15,3,12,39,31,8,27.77777777777778,5.555555555555555,22.22222222222222,72.22222222222221,57.407407407407405,14.814814814814813
E00067233,238,62,17,45,176,146,30,26.05042016806723,7.142857142857142,18.907563025210084,73.94957983193278,61.34453781512605,12.605042016806722
E00067234,78,28,12,16,50,40,10,35.8974358974359,15.384615384615385,20.51282051282051,64.1025641025641,51.28205128205128,12.82051282051282
E00067235,79,21,8,13,58,49,9,26.582278481012654,10.126582278481013,16.455696202531644,73.41772151898735,62.0253164556962,11.39240506329114
E00067236,121,34,11,23,87,71,16,28.09917355371901,9.090909090909092,19.00826446280992,71.900826446281,58.67768595041323,13.223140495867769
E00067237,135,36,16,20,99,81,18,26.666666666666668,11.851851851851853,14.814814814814813,73.33333333333333,60,13.333333333333334
E00067238,159,54,18,36,105,81,24,33.9622641509434,11.320754716981133,22.641509433962266,66.0377358490566,50.943396226415096,15.09433962264151
E00067239,137,36,7,29,101,81,20,26.277372262773724,5.109489051094891,21.16788321167883,73.72262773722628,59.12408759124088,14.5985401459854
E00067240,182,49,11,38,133,104,29,26.923076923076923,6.043956043956044,20.87912087912088,73.07692307692307,57.14285714285714,15.934065934065933
E00067241,66,19,9,10,47,34,13,28.78787878787879,13.636363636363635,15.151515151515152,71.21212121212122,51.515151515151516,19.696969696969695
E00067242,125,41,13,28,84,69,15,32.800000000000004,10.4,22.400000000000002,67.2,55.2,12
E00067244,168,57,20,37,111,88,23,33.92857142857143,11.904761904761903,22.023809523809522,66.07142857142857,52.38095238095239,13.690476190476192
E00067245,115,36,14,22,79,65,14,31.30434782608696,12.173913043478262,19.130434782608695,68.69565217391305,56.52173913043478,12.173913043478262
E00067246,145,47,12,35,98,82,16,32.41379310344827,8.275862068965518,24.137931034482758,67.58620689655173,56.55172413793104,11.03448275862069
E00067248,225,64,19,45,161,130,31,28.444444444444443,8.444444444444445,20,71.55555555555554,57.77777777777777,13.777777777777779
E00067249,134,43,15,28,91,73,18,32.08955223880597,11.194029850746269,20.8955223880597,67.91044776119402,54.47761194029851,13.432835820895523
E00067250,74,17,7,10,57,41,16,22.972972972972975,9.45945945945946,13.513513513513514,77.02702702702703,55.4054054054054,21.62162162162162
E00067251,125,43,13,30,82,63,19,34.4,10.4,24,65.60000000000001,50.4,15.2
E00067252,168,48,15,33,120,96,24,28.57142857142857,8.928571428571429,19.642857142857142,71.42857142857143,57.14285714285714,14.285714285714285
E00067253,215,55,19,36,160,145,15,25.581395348837212,8.837209302325581,16.74418604651163,74.4186046511628,67.44186046511628,6.976744186046512
E00067254,116,30,10,20,86,70,16,25.862068965517242,8.620689655172415,17.24137931034483,74.13793103448276,60.3448275862069,13.793103448275861
E00067255,100,27,6,21,73,46,27,27,6,21,73,46,27
E00067256,117,37,12,25,80,65,15,31.62393162393162,10.256410256410255,21.367521367521366,68.37606837606837,55.55555555555556,12.82051282051282
E00067257,92,38,11,27,54,40,14,41.30434782608695,11.956521739130435,29.347826086956523,58.69565217391305,43.47826086956522,15.217391304347828
E00067258,227,79,27,52,148,119,29,34.801762114537446,11.894273127753303,22.90748898678414,65.19823788546255,52.42290748898678,12.77533039647577
E00067259,118,28,4,24,90,81,9,23.728813559322035,3.389830508474576,20.33898305084746,76.27118644067797,68.64406779661016,7.627118644067797
E00067260,116,45,18,27,71,63,8,38.793103448275865,15.517241379310345,23.275862068965516,61.206896551724135,54.310344827586206,6.896551724137931
E00067261,98,22,7,15,76,65,11,22.448979591836736,7.142857142857142,15.306122448979592,77.55102040816327,66.3265306122449,11.224489795918368
E00067262,100,31,9,22,69,61,8,31,9,22,69,61,8
E00067263,179,51,16,35,128,99,29,28.49162011173184,8.938547486033519,19.553072625698324,71.50837988826815,55.3072625698324,16.201117318435752
E00067264,126,41,16,25,85,75,10,32.53968253968254,12.698412698412698,19.841269841269842,67.46031746031747,59.523809523809526,7.936507936507936
E00067265,90,17,5,12,73,59,14,18.88888888888889,5.555555555555555,13.333333333333334,81.11111111111111,65.55555555555556,15.555555555555555
E00067266,66,22,5,17,44,35,9,33.33333333333333,7.575757575757576,25.757575757575758,66.66666666666666,53.03030303030303,13.636363636363635
E00067267,134,45,18,27,89,76,13,33.582089552238806,13.432835820895523,20.149253731343283,66.4179104477612,56.71641791044776,9.701492537313433
E00067268,112,35,16,19,77,59,18,31.25,14.285714285714285,16.964285714285715,68.75,52.67857142857143,16.071428571428573
E00067269,113,37,13,24,76,63,13,32.743362831858406,11.504424778761061,21.238938053097346,67.2566371681416,55.75221238938053,11.504424778761061
E00067270,100,26,10,16,74,66,8,26,10,16,74,66,8
E00067271,77,19,7,12,58,56,2,24.675324675324674,9.090909090909092,15.584415584415584,75.32467532467533,72.72727272727273,2.5974025974025974
E00067272,94,26,8,18,68,50,18,27.659574468085108,8.51063829787234,19.148936170212767,72.3404255319149,53.191489361702125,19.148936170212767
E00067273,87,24,8,16,63,50,13,27.586206896551722,9.195402298850574,18.39080459770115,72.41379310344827,57.47126436781609,14.942528735632186
E00067274,165,60,22,38,105,91,14,36.36363636363637,13.333333333333334,23.03030303030303,63.63636363636363,55.15151515151515,8.484848484848486
E00067275,82,25,4,21,57,52,5,30.48780487804878,4.878048780487805,25.609756097560975,69.51219512195121,63.41463414634146,6.097560975609756
E00067276,77,22,6,16,55,47,8,28.57142857142857,7.792207792207792,20.77922077922078,71.42857142857143,61.038961038961034,10.38961038961039
E00067277,151,53,17,36,98,84,14,35.099337748344375,11.258278145695364,23.841059602649008,64.90066225165563,55.62913907284768,9.271523178807946
E00067279,152,49,19,30,103,93,10,32.23684210526316,12.5,19.736842105263158,67.76315789473685,61.18421052631579,6.578947368421052
E00067280,228,42,12,30,186,171,15,18.421052631578945,5.263157894736842,13.157894736842104,81.57894736842105,75,6.578947368421052
E00067281,163,51,19,32,112,88,24,31.28834355828221,11.65644171779141,19.631901840490798,68.71165644171779,53.987730061349694,14.723926380368098
E00067282,107,34,12,22,73,63,10,31.775700934579437,11.214953271028037,20.5607476635514,68.22429906542055,58.87850467289719,9.345794392523365
E00067283,144,39,10,29,105,100,5,27.083333333333332,6.944444444444445,20.13888888888889,72.91666666666666,69.44444444444444,3.4722222222222223
E00067284,194,52,17,35,142,117,25,26.804123711340207,8.762886597938143,18.04123711340206,73.19587628865979,60.30927835051546,12.886597938144329
E00067285,186,46,12,34,140,122,18,24.731182795698924,6.451612903225806,18.27956989247312,75.26881720430107,65.59139784946237,9.67741935483871
E00067286,179,37,12,25,142,127,15,20.670391061452513,6.70391061452514,13.966480446927374,79.3296089385475,70.94972067039106,8.379888268156424
E00067287,163,51,11,40,112,97,15,31.28834355828221,6.748466257668712,24.539877300613497,68.71165644171779,59.50920245398773,9.202453987730062
E00067288,184,62,23,39,122,106,16,33.69565217391305,12.5,21.195652173913043,66.30434782608695,57.608695652173914,8.695652173913043
E00067289,153,49,15,34,104,89,15,32.02614379084967,9.803921568627452,22.22222222222222,67.97385620915033,58.16993464052288,9.803921568627452
E00067290,155,43,13,30,112,99,13,27.741935483870968,8.38709677419355,19.35483870967742,72.25806451612902,63.87096774193548,8.38709677419355
E00067291,147,33,11,22,114,96,18,22.448979591836736,7.482993197278912,14.965986394557824,77.55102040816327,65.3061224489796,12.244897959183673
E00067292,140,24,4,20,116,106,10,17.142857142857142,2.857142857142857,14.285714285714285,82.85714285714286,75.71428571428571,7.142857142857142
E00067293,171,24,10,14,147,131,16,14.035087719298245,5.847953216374268,8.187134502923977,85.96491228070175,76.60818713450293,9.35672514619883
E00067294,74,19,7,12,55,49,6,25.675675675675674,9.45945945945946,16.216216216216218,74.32432432432432,66.21621621621621,8.108108108108109
E00067295,223,60,16,44,163,153,10,26.905829596412556,7.174887892376682,19.730941704035875,73.09417040358744,68.60986547085201,4.484304932735426
E00067296,164,47,19,28,117,105,12,28.65853658536585,11.585365853658537,17.073170731707318,71.34146341463415,64.02439024390245,7.317073170731707
E00067297,162,42,12,30,120,104,16,25.925925925925924,7.4074074074074066,18.51851851851852,74.07407407407408,64.19753086419753,9.876543209876543
E00067298,176,45,19,26,131,117,14,25.568181818181817,10.795454545454545,14.772727272727273,74.43181818181817,66.47727272727273,7.954545454545454
E00172837,204,65,24,41,139,104,35,31.862745098039213,11.76470588235294,20.098039215686274,68.13725490196079,50.98039215686274,17.15686274509804
E00172839,140,40,10,30,100,84,16,28.57142857142857,7.142857142857142,21.428571428571427,71.42857142857143,60,11.428571428571429
E00172840,188,22,11,11,166,154,12,11.702127659574469,5.851063829787234,5.851063829787234,88.29787234042553,81.91489361702128,6.382978723404255
E00172842,173,27,6,21,146,137,9,15.606936416184972,3.4682080924855487,12.138728323699421,84.39306358381504,79.1907514450867,5.202312138728324
E00172844,207,51,12,39,156,131,25,24.637681159420293,5.797101449275362,18.84057971014493,75.36231884057972,63.28502415458937,12.077294685990339
E00172845,171,49,15,34,122,100,22,28.654970760233915,8.771929824561402,19.883040935672515,71.34502923976608,58.47953216374269,12.865497076023392
E00172847,185,41,16,25,144,126,18,22.162162162162165,8.64864864864865,13.513513513513514,77.83783783783784,68.10810810810811,9.72972972972973
E00172848,116,26,9,17,90,74,16,22.413793103448278,7.758620689655173,14.655172413793101,77.58620689655173,63.793103448275865,13.793103448275861
E00172850,173,47,10,37,126,108,18,27.167630057803464,5.780346820809249,21.38728323699422,72.83236994219652,62.42774566473989,10.404624277456648
E00172851,183,48,12,36,135,113,22,26.229508196721312,6.557377049180328,19.672131147540984,73.77049180327869,61.74863387978142,12.021857923497267
E00172853,196,64,22,42,132,108,24,32.6530612244898,11.224489795918368,21.428571428571427,67.3469387755102,55.10204081632652,12.244897959183673
E00172854,149,43,19,24,106,88,18,28.859060402684566,12.751677852348994,16.10738255033557,71.14093959731544,59.06040268456376,12.080536912751679
E00172856,208,43,11,32,165,130,35,20.673076923076923,5.288461538461538,15.384615384615385,79.32692307692307,62.5,16.826923076923077
E00172858,145,45,13,32,100,78,22,31.03448275862069,8.96551724137931,22.06896551724138,68.96551724137932,53.79310344827586,15.172413793103448
E00172859,120,34,13,21,86,71,15,28.333333333333332,10.833333333333334,17.5,71.66666666666667,59.166666666666664,12.5
E00172861,145,39,11,28,106,83,23,26.89655172413793,7.586206896551724,19.310344827586206,73.10344827586206,57.24137931034483,15.862068965517242
E00172862,119,28,11,17,91,77,14,23.52941176470588,9.243697478991598,14.285714285714285,76.47058823529412,64.70588235294117,11.76470588235294
E00172864,156,57,16,41,99,78,21,36.53846153846153,10.256410256410255,26.282051282051285,63.46153846153846,50,13.461538461538462
E00172865,133,40,11,29,93,76,17,30.075187969924812,8.270676691729323,21.804511278195488,69.92481203007519,57.14285714285714,12.781954887218044
E00172867,121,38,10,28,83,72,11,31.40495867768595,8.264462809917356,23.140495867768596,68.59504132231406,59.50413223140496,9.090909090909092
E00172872,176,47,11,36,129,116,13,26.704545454545453,6.25,20.454545454545457,73.29545454545455,65.9090909090909,7.386363636363637
E00172873,112,33,8,25,79,66,13,29.464285714285715,7.142857142857142,22.321428571428573,70.53571428571429,58.92857142857143,11.607142857142858
E00172875,48,20,6,14,28,27,1,41.66666666666667,12.5,29.166666666666668,58.333333333333336,56.25,2.083333333333333
E00189229,259,66,25,41,193,162,31,25.482625482625483,9.652509652509652,15.83011583011583,74.5173745173745,62.54826254826254,11.96911196911197
E00189232,213,40,9,31,173,143,30,18.779342723004692,4.225352112676056,14.553990610328638,81.2206572769953,67.13615023474179,14.084507042253522
E00189237,117,25,5,20,92,83,9,21.367521367521366,4.273504273504273,17.094017094017094,78.63247863247864,70.94017094017094,7.6923076923076925
E00189240,171,55,14,41,116,96,20,32.16374269005848,8.187134502923977,23.976608187134502,67.83625730994152,56.14035087719298,11.695906432748536
E00189241,128,32,7,25,96,81,15,25,5.46875,19.53125,75,63.28125,11.71875
E00189245,124,33,10,23,91,78,13,26.61290322580645,8.064516129032258,18.548387096774192,73.38709677419355,62.903225806451616,10.483870967741936
E00189251,162,46,17,29,116,100,16,28.39506172839506,10.493827160493826,17.901234567901234,71.60493827160494,61.72839506172839,9.876543209876543
E00189258,191,39,8,31,152,130,22,20.418848167539267,4.18848167539267,16.230366492146597,79.58115183246073,68.06282722513089,11.518324607329843
E00189263,172,37,4,33,135,115,20,21.511627906976745,2.3255813953488373,19.186046511627907,78.48837209302324,66.86046511627907,11.627906976744185
E00189265,88,27,11,16,61,45,16,30.681818181818183,12.5,18.181818181818183,69.31818181818183,51.13636363636363,18.181818181818183
E00189281,230,54,12,42,176,146,30,23.47826086956522,5.217391304347826,18.26086956521739,76.52173913043478,63.47826086956522,13.043478260869565
E00189282,93,16,2,14,77,73,4,17.20430107526882,2.1505376344086025,15.053763440860216,82.79569892473118,78.49462365591397,4.301075268817205
E00189286,13,4,4,0,9,6,3,30.76923076923077,30.76923076923077,0,69.23076923076923,46.15384615384615,23.076923076923077
E00189289,118,23,8,15,95,78,17,19.491525423728813,6.779661016949152,12.711864406779661,80.50847457627118,66.10169491525424,14.40677966101695
E00189291,160,37,13,24,123,102,21,23.125,8.125,15,76.875,63.74999999999999,13.125
E00189296,222,54,13,41,168,144,24,24.324324324324326,5.8558558558558556,18.46846846846847,75.67567567567568,64.86486486486487,10.81081081081081
E00189300,223,51,17,34,172,147,25,22.869955156950674,7.623318385650224,15.246636771300448,77.13004484304933,65.91928251121077,11.210762331838566
E00189303,102,32,10,22,70,59,11,31.372549019607842,9.803921568627452,21.568627450980394,68.62745098039215,57.84313725490197,10.784313725490197
E00189307,152,26,7,19,126,101,25,17.105263157894736,4.605263157894736,12.5,82.89473684210526,66.44736842105263,16.447368421052634
E00189315,151,45,15,30,106,84,22,29.80132450331126,9.933774834437086,19.867549668874172,70.19867549668875,55.62913907284768,14.56953642384106
