OA,ts0380001,ts0380002,ts0380003,ts0380004,ts0380005,ts0380006,ts0380007,ts0380002_PCT,ts0380003_PCT,ts0380004_PCT,ts0380005_PCT,ts0380006_PCT,ts0380007_PCT
E00031488,379,61,29,32,318,29,289,16.094986807387862,7.651715039577836,8.443271767810026,83.90501319261213,7.651715039577836,76.2532981530343
E00031489,249,40,18,22,209,26,183,16.06425702811245,7.228915662650602,8.835341365461847,83.93574297188755,10.441767068273093,73.49397590361446
E00031490,310,71,37,34,239,17,222,22.903225806451612,11.935483870967742,10.967741935483872,77.09677419354838,5.483870967741936,71.61290322580646
E00031491,249,47,23,24,202,22,180,18.87550200803213,9.236947791164658,9.63855421686747,81.12449799196787,8.835341365461847,72.28915662650603
E00031492,277,49,26,23,228,25,203,17.689530685920577,9.386281588447654,8.303249097472925,82.31046931407943,9.025270758122744,73.28519855595668
E00031493,308,58,31,27,250,24,226,18.83116883116883,10.064935064935066,8.766233766233766,81.16883116883116,7.792207792207792,73.37662337662337
E00031494,269,77,45,32,192,15,177,28.624535315985128,16.728624535315987,11.895910780669144,71.37546468401487,5.5762081784386615,65.79925650557621
E00031495,240,33,18,15,207,20,187,13.750000000000002,7.5,6.25,86.25,8.333333333333332,77.91666666666667
E00031496,255,74,35,39,181,18,163,29.01960784313726,13.725490196078432,15.294117647058824,70.98039215686275,7.0588235294117645,63.921568627450974
E00031497,286,77,39,38,209,20,189,26.923076923076923,13.636363636363635,13.286713286713287,73.07692307692307,6.993006993006993,66.08391608391608
E00031498,268,68,30,38,200,22,178,25.37313432835821,11.194029850746269,14.17910447761194,74.6268656716418,8.208955223880597,66.4179104477612
E00031499,377,89,50,39,288,19,269,23.607427055702917,13.262599469496022,10.344827586206897,76.39257294429707,5.039787798408488,71.3527851458886
E00031500,330,63,19,44,267,25,242,19.090909090909093,5.757575757575758,13.333333333333334,80.9090909090909,7.575757575757576,73.33333333333333
E00031501,366,82,33,49,284,18,266,22.404371584699454,9.01639344262295,13.387978142076504,77.59562841530054,4.918032786885246,72.6775956284153
E00031503,208,46,18,28,162,25,137,22.115384615384613,8.653846153846153,13.461538461538462,77.88461538461539,12.01923076923077,65.86538461538461
E00031504,264,39,10,29,225,28,197,14.772727272727273,3.787878787878788,10.984848484848484,85.22727272727273,10.606060606060606,74.62121212121212
E00031505,334,97,46,51,237,23,214,29.041916167664674,13.77245508982036,15.269461077844312,70.95808383233533,6.88622754491018,64.07185628742515
E00031506,365,116,68,48,249,15,234,31.780821917808222,18.63013698630137,13.150684931506849,68.21917808219177,4.10958904109589,64.10958904109589
E00031508,334,65,34,31,269,31,238,19.46107784431138,10.179640718562874,9.281437125748502,80.53892215568862,9.281437125748502,71.25748502994011
E00031509,354,69,40,29,285,24,261,19.491525423728813,11.299435028248588,8.192090395480225,80.50847457627118,6.779661016949152,73.72881355932203
E00031510,302,55,21,34,247,16,231,18.211920529801322,6.95364238410596,11.258278145695364,81.78807947019867,5.298013245033113,76.49006622516556
E00031511,310,74,34,40,236,21,215,23.870967741935484,10.967741935483872,12.903225806451612,76.12903225806451,6.774193548387098,69.35483870967742
E00031512,410,67,26,41,343,30,313,16.34146341463415,6.341463414634147,10,83.65853658536585,7.317073170731707,76.34146341463415
E00031513,297,71,32,39,226,22,204,23.905723905723907,10.774410774410773,13.131313131313133,76.0942760942761,7.4074074074074066,68.68686868686868
E00031514,278,71,34,37,207,13,194,25.539568345323744,12.23021582733813,13.309352517985612,74.46043165467626,4.676258992805756,69.7841726618705
E00031516,308,71,34,37,237,16,221,23.051948051948052,11.03896103896104,12.012987012987013,76.94805194805194,5.194805194805195,71.75324675324676
E00031517,277,57,26,31,220,10,210,20.577617328519857,9.386281588447654,11.191335740072201,79.42238267148014,3.6101083032490973,75.81227436823104
E00031518,262,63,32,31,199,4,195,24.045801526717558,12.213740458015266,11.83206106870229,75.95419847328245,1.5267175572519083,74.42748091603053
E00031519,439,165,102,63,274,22,252,37.58542141230068,23.234624145785876,14.350797266514807,62.414578587699324,5.0113895216400905,57.40318906605923
E00031520,362,96,61,35,266,19,247,26.519337016574585,16.85082872928177,9.668508287292818,73.48066298342542,5.248618784530387,68.23204419889503
E00031521,289,78,40,38,211,19,192,26.989619377162633,13.84083044982699,13.148788927335639,73.01038062283737,6.5743944636678195,66.43598615916954
E00031522,295,60,25,35,235,25,210,20.33898305084746,8.47457627118644,11.864406779661017,79.66101694915254,8.47457627118644,71.1864406779661
E00031523,291,49,17,32,242,14,228,16.83848797250859,5.841924398625429,10.996563573883162,83.16151202749141,4.810996563573884,78.35051546391753
E00031524,241,61,32,29,180,22,158,25.311203319502074,13.278008298755188,12.033195020746888,74.68879668049793,9.12863070539419,65.56016597510373
E00031525,282,53,21,32,229,13,216,18.79432624113475,7.446808510638298,11.347517730496454,81.20567375886525,4.609929078014184,76.59574468085107
E00031526,311,69,30,39,242,18,224,22.186495176848876,9.646302250803858,12.540192926045016,77.81350482315112,5.787781350482315,72.02572347266882
E00031527,336,39,14,25,297,17,280,11.607142857142858,4.166666666666666,7.440476190476191,88.39285714285714,5.059523809523809,83.33333333333334
E00031528,386,40,10,30,346,23,323,10.362694300518134,2.5906735751295336,7.772020725388601,89.63730569948186,5.958549222797927,83.67875647668393
E00031529,302,63,28,35,239,29,210,20.86092715231788,9.271523178807946,11.589403973509933,79.13907284768213,9.602649006622517,69.5364238410596
E00031530,278,47,22,25,231,18,213,16.906474820143885,7.913669064748201,8.992805755395683,83.09352517985612,6.474820143884892,76.61870503597122
E00031531,209,45,23,22,164,20,144,21.5311004784689,11.004784688995215,10.526315789473683,78.4688995215311,9.569377990430622,68.89952153110048
E00031532,396,34,13,21,362,29,333,8.585858585858585,3.2828282828282833,5.303030303030303,91.41414141414141,7.3232323232323235,84.0909090909091
E00031533,501,78,37,41,423,39,384,15.568862275449103,7.385229540918163,8.183632734530939,84.4311377245509,7.784431137724551,76.64670658682635
E00031534,264,38,9,29,226,25,201,14.393939393939394,3.4090909090909087,10.984848484848484,85.60606060606061,9.469696969696969,76.13636363636364
E00031535,377,86,46,40,291,19,272,22.811671087533156,12.20159151193634,10.610079575596817,77.18832891246684,5.039787798408488,72.14854111405835
E00031536,352,60,25,35,292,30,262,17.045454545454543,7.1022727272727275,9.943181818181818,82.95454545454545,8.522727272727272,74.43181818181817
E00031537,300,64,30,34,236,29,207,21.333333333333336,10,11.333333333333332,78.66666666666666,9.666666666666666,69
E00031538,400,73,19,54,327,25,302,18.25,4.75,13.5,81.75,6.25,75.5
E00031539,293,59,24,35,234,15,219,20.13651877133106,8.19112627986348,11.945392491467576,79.86348122866895,5.1194539249146755,74.74402730375427
E00031540,317,73,34,39,244,24,220,23.02839116719243,10.725552050473187,12.302839116719243,76.97160883280758,7.570977917981073,69.4006309148265
E00031541,287,72,39,33,215,20,195,25.087108013937282,13.588850174216027,11.498257839721255,74.91289198606272,6.968641114982578,67.94425087108013
E00031542,256,71,40,31,185,13,172,27.734375,15.625,12.109375,72.265625,5.078125,67.1875
E00031543,315,55,26,29,260,26,234,17.46031746031746,8.253968253968253,9.206349206349207,82.53968253968253,8.253968253968253,74.28571428571429
E00031544,232,63,34,29,169,12,157,27.155172413793103,14.655172413793101,12.5,72.84482758620689,5.172413793103448,67.67241379310344
E00031545,348,92,62,30,256,20,236,26.436781609195403,17.81609195402299,8.620689655172415,73.5632183908046,5.747126436781609,67.81609195402298
E00031546,365,59,23,36,306,22,284,16.164383561643834,6.301369863013699,9.863013698630137,83.83561643835617,6.027397260273973,77.8082191780822
E00031547,279,58,19,39,221,18,203,20.78853046594982,6.810035842293908,13.978494623655912,79.21146953405018,6.451612903225806,72.75985663082437
E00031548,297,59,23,36,238,22,216,19.865319865319865,7.744107744107744,12.121212121212121,80.13468013468014,7.4074074074074066,72.72727272727273
E00031549,336,114,68,46,222,25,197,33.92857142857143,20.238095238095237,13.690476190476192,66.07142857142857,7.440476190476191,58.63095238095239
E00031550,350,49,19,30,301,28,273,14.000000000000002,5.428571428571429,8.571428571428571,86,8,78
E00031551,238,64,29,35,174,23,151,26.89075630252101,12.184873949579831,14.705882352941178,73.10924369747899,9.663865546218489,63.4453781512605
E00031552,335,78,40,38,257,13,244,23.283582089552237,11.940298507462686,11.343283582089553,76.71641791044776,3.880597014925373,72.83582089552239
E00031553,369,42,16,26,327,20,307,11.38211382113821,4.336043360433604,7.046070460704606,88.6178861788618,5.420054200542006,83.19783197831978
E00031554,384,43,19,24,341,34,307,11.197916666666668,4.947916666666666,6.25,88.80208333333334,8.854166666666668,79.94791666666666
E00031555,341,46,18,28,295,20,275,13.48973607038123,5.278592375366569,8.211143695014663,86.51026392961877,5.865102639296188,80.64516129032258
E00031556,283,51,21,30,232,26,206,18.021201413427562,7.420494699646643,10.60070671378092,81.97879858657244,9.187279151943462,72.79151943462897
E00031557,302,63,35,28,239,22,217,20.86092715231788,11.589403973509933,9.271523178807946,79.13907284768213,7.28476821192053,71.8543046357616
E00031558,285,39,17,22,246,21,225,13.684210526315791,5.964912280701754,7.719298245614035,86.31578947368422,7.368421052631578,78.94736842105263
E00031559,418,59,28,31,359,34,325,14.114832535885165,6.698564593301436,7.4162679425837315,85.88516746411483,8.133971291866029,77.75119617224881
E00031560,349,40,12,28,309,25,284,11.461318051575931,3.4383954154727796,8.022922636103152,88.53868194842407,7.163323782234957,81.37535816618912
E00031561,264,45,19,26,219,20,199,17.045454545454543,7.196969696969697,9.848484848484848,82.95454545454545,7.575757575757576,75.37878787878788
E00031562,277,65,27,38,212,24,188,23.465703971119133,9.747292418772563,13.718411552346572,76.53429602888086,8.664259927797833,67.87003610108303
E00031563,286,57,27,30,229,21,208,19.93006993006993,9.44055944055944,10.48951048951049,80.06993006993007,7.3426573426573425,72.72727272727273
E00031564,304,64,26,38,240,28,212,21.052631578947366,8.552631578947368,12.5,78.94736842105263,9.210526315789473,69.73684210526315
E00031565,389,66,27,39,323,22,301,16.966580976863753,6.940874035989718,10.025706940874036,83.03341902313625,5.655526992287918,77.37789203084833
E00031566,389,63,27,36,326,22,304,16.195372750642672,6.940874035989718,9.254498714652955,83.80462724935732,5.655526992287918,78.1491002570694
E00031567,269,94,56,38,175,19,156,34.94423791821561,20.817843866171003,14.12639405204461,65.05576208178438,7.063197026022305,57.99256505576208
E00031568,235,47,23,24,188,13,175,20,9.787234042553191,10.212765957446807,80,5.531914893617021,74.46808510638297
E00031569,295,42,17,25,253,16,237,14.237288135593221,5.762711864406779,8.47457627118644,85.76271186440678,5.423728813559322,80.33898305084746
E00031570,266,43,18,25,223,18,205,16.165413533834585,6.7669172932330826,9.398496240601503,83.83458646616542,6.7669172932330826,77.06766917293233
E00031571,241,61,26,35,180,11,169,25.311203319502074,10.78838174273859,14.522821576763487,74.68879668049793,4.564315352697095,70.12448132780082
E00031572,317,40,16,24,277,26,251,12.618296529968454,5.047318611987381,7.570977917981073,87.38170347003155,8.201892744479496,79.17981072555204
E00031573,283,69,35,34,214,23,191,24.381625441696116,12.36749116607774,12.014134275618375,75.61837455830388,8.12720848056537,67.49116607773851
E00031574,290,49,25,24,241,20,221,16.896551724137932,8.620689655172415,8.275862068965518,83.10344827586206,6.896551724137931,76.20689655172413
E00031575,261,38,15,23,223,20,203,14.559386973180077,5.747126436781609,8.812260536398467,85.44061302681992,7.662835249042145,77.77777777777779
E00031576,346,60,18,42,286,25,261,17.341040462427745,5.202312138728324,12.138728323699421,82.65895953757226,7.225433526011561,75.43352601156069
E00031577,284,51,26,25,233,18,215,17.95774647887324,9.15492957746479,8.80281690140845,82.04225352112677,6.338028169014084,75.70422535211267
E00031578,355,33,10,23,322,20,302,9.295774647887324,2.8169014084507045,6.478873239436619,90.70422535211267,5.633802816901409,85.07042253521126
E00031579,308,25,4,21,283,35,248,8.116883116883116,1.2987012987012987,6.8181818181818175,91.88311688311688,11.363636363636363,80.51948051948052
E00031580,350,56,23,33,294,23,271,16,6.571428571428571,9.428571428571429,84,6.571428571428571,77.42857142857143
E00031581,286,62,33,29,224,24,200,21.678321678321677,11.538461538461538,10.13986013986014,78.32167832167832,8.391608391608392,69.93006993006993
E00031582,239,30,8,22,209,31,178,12.552301255230125,3.3472803347280333,9.205020920502092,87.44769874476988,12.97071129707113,74.47698744769873
E00031583,222,47,24,23,175,20,155,21.17117117117117,10.81081081081081,10.36036036036036,78.82882882882883,9.00900900900901,69.81981981981981
E00031584,339,46,16,30,293,28,265,13.569321533923304,4.71976401179941,8.849557522123893,86.4306784660767,8.259587020648967,78.17109144542773
E00031585,317,46,21,25,271,22,249,14.511041009463725,6.624605678233439,7.886435331230284,85.48895899053628,6.940063091482649,78.54889589905363
E00031586,243,67,34,33,176,15,161,27.572016460905353,13.991769547325102,13.580246913580247,72.42798353909465,6.172839506172839,66.2551440329218
E00031587,344,74,34,40,270,23,247,21.511627906976745,9.883720930232558,11.627906976744185,78.48837209302324,6.686046511627906,71.80232558139535
E00031588,293,98,59,39,195,24,171,33.44709897610921,20.13651877133106,13.310580204778159,66.55290102389078,8.19112627986348,58.36177474402731
E00031589,354,74,34,40,280,26,254,20.903954802259886,9.6045197740113,11.299435028248588,79.09604519774011,7.344632768361582,71.75141242937853
E00031590,309,59,24,35,250,31,219,19.093851132686083,7.766990291262135,11.326860841423949,80.90614886731392,10.032362459546926,70.87378640776699
E00031591,256,79,35,44,177,18,159,30.859375,13.671875,17.1875,69.140625,7.03125,62.109375
E00031592,335,88,48,40,247,15,232,26.268656716417908,14.328358208955224,11.940298507462686,73.73134328358208,4.477611940298507,69.25373134328359
E00031593,275,47,24,23,228,25,203,17.09090909090909,8.727272727272728,8.363636363636363,82.9090909090909,9.090909090909092,73.81818181818181
E00031594,302,52,26,26,250,25,225,17.218543046357617,8.609271523178808,8.609271523178808,82.78145695364239,8.27814569536424,74.50331125827815
E00031595,325,47,19,28,278,30,248,14.461538461538462,5.846153846153846,8.615384615384615,85.53846153846155,9.230769230769232,76.3076923076923
E00031596,290,46,22,24,244,17,227,15.862068965517242,7.586206896551724,8.275862068965518,84.13793103448276,5.862068965517241,78.27586206896552
E00031597,324,53,24,29,271,22,249,16.358024691358025,7.4074074074074066,8.950617283950617,83.64197530864197,6.790123456790123,76.85185185185185
E00031598,261,76,33,43,185,17,168,29.118773946360154,12.643678160919542,16.47509578544061,70.88122605363985,6.513409961685824,64.36781609195403
E00031599,395,53,21,32,342,20,322,13.41772151898734,5.3164556962025316,8.10126582278481,86.58227848101265,5.063291139240507,81.51898734177216
E00031600,242,49,18,31,193,16,177,20.24793388429752,7.43801652892562,12.8099173553719,79.75206611570248,6.6115702479338845,73.14049586776859
E00031602,462,51,26,25,411,33,378,11.03896103896104,5.627705627705628,5.411255411255411,88.96103896103897,7.142857142857142,81.81818181818183
E00031603,360,74,34,40,286,31,255,20.555555555555554,9.444444444444445,11.11111111111111,79.44444444444444,8.61111111111111,70.83333333333334
E00031604,355,40,10,30,315,24,291,11.267605633802818,2.8169014084507045,8.450704225352112,88.73239436619718,6.760563380281689,81.97183098591549
E00031605,266,64,41,23,202,13,189,24.06015037593985,15.413533834586465,8.646616541353383,75.93984962406014,4.887218045112782,71.05263157894737
E00031607,219,64,28,36,155,15,140,29.22374429223744,12.785388127853881,16.43835616438356,70.77625570776256,6.8493150684931505,63.926940639269404
E00031608,253,45,15,30,208,27,181,17.786561264822133,5.928853754940711,11.857707509881422,82.21343873517787,10.67193675889328,71.54150197628458
E00031609,268,70,24,46,198,18,180,26.119402985074625,8.955223880597014,17.16417910447761,73.88059701492537,6.7164179104477615,67.16417910447761
E00031610,283,61,34,27,222,20,202,21.554770318021202,12.014134275618375,9.540636042402827,78.4452296819788,7.06713780918728,71.37809187279152
E00031611,311,45,21,24,266,27,239,14.469453376205788,6.752411575562702,7.717041800643088,85.53054662379421,8.681672025723474,76.84887459807074
E00031612,240,61,37,24,179,10,169,25.416666666666664,15.416666666666668,10,74.58333333333333,4.166666666666666,70.41666666666667
E00031613,209,49,22,27,160,22,138,23.444976076555022,10.526315789473683,12.918660287081341,76.55502392344498,10.526315789473683,66.02870813397129
E00031614,236,47,20,27,189,22,167,19.915254237288135,8.47457627118644,11.440677966101696,80.08474576271186,9.322033898305085,70.76271186440678
E00031615,235,49,21,28,186,17,169,20.851063829787233,8.936170212765958,11.914893617021278,79.14893617021276,7.234042553191489,71.91489361702128
E00031616,313,61,28,33,252,32,220,19.488817891373802,8.945686900958465,10.543130990415335,80.5111821086262,10.223642172523961,70.28753993610223
E00031617,232,51,16,35,181,24,157,21.982758620689655,6.896551724137931,15.086206896551724,78.01724137931035,10.344827586206897,67.67241379310344
E00031618,302,47,19,28,255,15,240,15.562913907284766,6.291390728476822,9.271523178807946,84.43708609271523,4.966887417218543,79.47019867549669
E00031619,247,32,7,25,215,17,198,12.955465587044534,2.834008097165992,10.121457489878543,87.04453441295547,6.882591093117409,80.16194331983806
E00031622,322,93,53,40,229,18,211,28.88198757763975,16.459627329192546,12.422360248447205,71.11801242236024,5.590062111801243,65.527950310559
E00031623,208,83,39,44,125,13,112,39.90384615384615,18.75,21.153846153846153,60.09615384615385,6.25,53.84615384615385
E00031624,345,149,100,49,196,10,186,43.188405797101446,28.985507246376812,14.202898550724639,56.811594202898554,2.898550724637681,53.91304347826087
E00031625,258,59,30,29,199,13,186,22.868217054263564,11.627906976744185,11.24031007751938,77.13178294573643,5.038759689922481,72.09302325581395
E00031627,530,82,34,48,448,35,413,15.471698113207546,6.415094339622642,9.056603773584905,84.52830188679246,6.60377358490566,77.9245283018868
E00031629,295,44,19,25,251,17,234,14.915254237288137,6.440677966101695,8.47457627118644,85.08474576271186,5.762711864406779,79.3220338983051
E00031630,235,41,21,20,194,14,180,17.4468085106383,8.936170212765958,8.51063829787234,82.5531914893617,5.957446808510639,76.59574468085107
E00031631,282,47,18,29,235,27,208,16.666666666666664,6.382978723404255,10.28368794326241,83.33333333333334,9.574468085106384,73.75886524822694
E00031632,252,58,22,36,194,24,170,23.015873015873016,8.73015873015873,14.285714285714285,76.98412698412699,9.523809523809524,67.46031746031747
E00031633,346,94,49,45,252,26,226,27.167630057803464,14.16184971098266,13.005780346820808,72.83236994219652,7.514450867052023,65.3179190751445
E00031634,456,69,32,37,387,35,352,15.131578947368421,7.017543859649122,8.114035087719298,84.86842105263158,7.675438596491229,77.19298245614034
E00031635,276,62,32,30,214,31,183,22.463768115942027,11.594202898550725,10.869565217391305,77.53623188405797,11.231884057971014,66.30434782608695
E00031636,286,40,16,24,246,17,229,13.986013986013987,5.594405594405594,8.391608391608392,86.01398601398601,5.944055944055944,80.06993006993007
E00031637,545,83,34,49,462,34,428,15.229357798165138,6.238532110091743,8.990825688073395,84.77064220183486,6.238532110091743,78.53211009174312
E00031638,390,98,48,50,292,37,255,25.128205128205128,12.307692307692308,12.82051282051282,74.87179487179488,9.487179487179487,65.38461538461539
E00031639,283,71,33,38,212,9,203,25.08833922261484,11.66077738515901,13.427561837455832,74.91166077738515,3.180212014134275,71.73144876325088
E00031640,311,81,44,37,230,14,216,26.04501607717042,14.14790996784566,11.89710610932476,73.95498392282958,4.501607717041801,69.45337620578779
E00031641,337,83,36,47,254,29,225,24.629080118694365,10.682492581602373,13.94658753709199,75.37091988130564,8.605341246290802,66.76557863501483
E00031642,279,70,39,31,209,11,198,25.089605734767023,13.978494623655912,11.11111111111111,74.91039426523297,3.942652329749104,70.96774193548387
E00031643,284,78,39,39,206,13,193,27.464788732394368,13.732394366197184,13.732394366197184,72.53521126760563,4.577464788732395,67.95774647887323
E00031644,305,76,32,44,229,16,213,24.91803278688525,10.491803278688524,14.426229508196723,75.08196721311475,5.245901639344262,69.83606557377048
E00031645,370,81,39,42,289,13,276,21.891891891891895,10.54054054054054,11.351351351351353,78.10810810810811,3.5135135135135136,74.5945945945946
E00031646,539,120,64,56,419,26,393,22.263450834879407,11.873840445269018,10.38961038961039,77.73654916512059,4.823747680890538,72.91280148423006
E00031647,362,91,52,39,271,17,254,25.13812154696133,14.3646408839779,10.773480662983426,74.86187845303867,4.696132596685083,70.1657458563536
E00031648,363,76,35,41,287,12,275,20.9366391184573,9.641873278236915,11.294765840220386,79.06336088154269,3.3057851239669422,75.75757575757575
E00031649,181,86,48,38,95,0,95,47.51381215469613,26.519337016574585,20.994475138121548,52.48618784530387,0,52.48618784530387
E00031650,242,60,39,21,182,9,173,24.793388429752067,16.115702479338843,8.677685950413224,75.20661157024794,3.71900826446281,71.48760330578511
E00031651,243,68,37,31,175,21,154,27.983539094650205,15.22633744855967,12.757201646090536,72.0164609053498,8.641975308641975,63.37448559670782
E00031652,481,55,21,34,426,33,393,11.434511434511435,4.365904365904366,7.0686070686070686,88.56548856548856,6.860706860706861,81.70478170478171
E00031653,287,59,19,40,228,17,211,20.557491289198605,6.620209059233449,13.937282229965156,79.44250871080139,5.923344947735192,73.5191637630662
E00031654,310,51,23,28,259,21,238,16.451612903225808,7.419354838709677,9.032258064516128,83.54838709677419,6.774193548387098,76.77419354838709
E00031655,225,82,44,38,143,15,128,36.44444444444444,19.555555555555557,16.88888888888889,63.55555555555556,6.666666666666667,56.888888888888886
E00031656,273,98,50,48,175,21,154,35.8974358974359,18.315018315018314,17.582417582417584,64.1025641025641,7.6923076923076925,56.41025641025641
E00031657,312,69,30,39,243,31,212,22.115384615384613,9.615384615384617,12.5,77.88461538461539,9.935897435897436,67.94871794871796
E00031658,258,51,17,34,207,20,187,19.767441860465116,6.5891472868217065,13.178294573643413,80.23255813953489,7.751937984496124,72.48062015503875
E00031659,313,65,23,42,248,29,219,20.766773162939298,7.348242811501597,13.418530351437699,79.2332268370607,9.26517571884984,69.96805111821087
E00031660,297,59,25,34,238,25,213,19.865319865319865,8.417508417508419,11.447811447811448,80.13468013468014,8.417508417508419,71.71717171717171
E00031661,315,51,18,33,264,28,236,16.19047619047619,5.714285714285714,10.476190476190476,83.80952380952381,8.88888888888889,74.92063492063492
E00031662,180,66,32,34,114,8,106,36.666666666666664,17.77777777777778,18.88888888888889,63.33333333333333,4.444444444444445,58.88888888888889
E00031663,322,56,22,34,266,27,239,17.391304347826086,6.832298136645963,10.559006211180124,82.6086956521739,8.385093167701864,74.22360248447205
E00031664,535,65,20,45,470,30,440,12.149532710280374,3.7383177570093453,8.411214953271028,87.85046728971963,5.607476635514018,82.2429906542056
E00031665,314,43,18,25,271,28,243,13.694267515923567,5.7324840764331215,7.961783439490445,86.30573248407643,8.9171974522293,77.38853503184714
E00031666,305,46,13,33,259,21,238,15.081967213114755,4.2622950819672125,10.819672131147541,84.91803278688525,6.885245901639345,78.0327868852459
E00031667,290,49,21,28,241,16,225,16.896551724137932,7.241379310344828,9.655172413793103,83.10344827586206,5.517241379310345,77.58620689655173
E00031668,247,44,16,28,203,12,191,17.813765182186234,6.477732793522267,11.336032388663968,82.18623481781377,4.8582995951417,77.32793522267207
E00031669,240,68,37,31,172,11,161,28.333333333333332,15.416666666666668,12.916666666666668,71.66666666666667,4.583333333333333,67.08333333333333
E00031670,307,80,41,39,227,19,208,26.058631921824105,13.355048859934854,12.703583061889251,73.9413680781759,6.188925081433225,67.75244299674267
E00031671,291,79,48,31,212,21,191,27.147766323024054,16.49484536082474,10.652920962199312,72.85223367697594,7.216494845360824,65.63573883161511
E00031672,236,69,40,29,167,13,154,29.23728813559322,16.94915254237288,12.288135593220339,70.76271186440678,5.508474576271186,65.2542372881356
E00031674,377,99,47,52,278,21,257,26.25994694960212,12.46684350132626,13.793103448275861,73.74005305039788,5.570291777188329,68.16976127320955
E00031675,320,85,47,38,235,13,222,26.5625,14.6875,11.875,73.4375,4.0625,69.375
E00031676,288,75,37,38,213,12,201,26.041666666666668,12.847222222222221,13.194444444444445,73.95833333333334,4.166666666666666,69.79166666666666
E00031677,265,36,12,24,229,21,208,13.584905660377359,4.528301886792453,9.056603773584905,86.41509433962264,7.9245283018867925,78.49056603773586
E00031678,272,63,33,30,209,15,194,23.161764705882355,12.132352941176471,11.029411764705882,76.83823529411765,5.514705882352941,71.32352941176471
E00031679,413,61,22,39,352,38,314,14.769975786924938,5.326876513317192,9.443099273607748,85.23002421307507,9.200968523002421,76.02905569007264
E00031681,285,40,16,24,245,23,222,14.035087719298245,5.614035087719298,8.421052631578947,85.96491228070175,8.070175438596491,77.89473684210526
E00031682,297,59,26,33,238,15,223,19.865319865319865,8.754208754208754,11.11111111111111,80.13468013468014,5.05050505050505,75.08417508417509
E00031683,238,44,14,30,194,23,171,18.487394957983195,5.88235294117647,12.605042016806722,81.5126050420168,9.663865546218489,71.84873949579831
E00031684,397,49,17,32,348,32,316,12.34256926952141,4.282115869017632,8.060453400503778,87.6574307304786,8.060453400503778,79.59697732997482
E00031685,332,54,17,37,278,24,254,16.265060240963855,5.120481927710843,11.144578313253012,83.73493975903614,7.228915662650602,76.50602409638554
E00031686,249,47,16,31,202,16,186,18.87550200803213,6.425702811244979,12.449799196787147,81.12449799196787,6.425702811244979,74.69879518072288
E00031687,337,41,11,30,296,27,269,12.166172106824925,3.2640949554896146,8.902077151335313,87.83382789317507,8.011869436201781,79.82195845697329
E00031688,237,41,13,28,196,22,174,17.29957805907173,5.485232067510549,11.814345991561181,82.70042194092827,9.282700421940929,73.41772151898735
E00031689,298,61,25,36,237,20,217,20.469798657718123,8.389261744966444,12.080536912751679,79.53020134228188,6.7114093959731544,72.81879194630872
E00031690,186,56,23,33,130,10,120,30.107526881720432,12.365591397849462,17.741935483870968,69.89247311827957,5.376344086021505,64.51612903225806
E00031691,228,73,36,37,155,16,139,32.01754385964912,15.789473684210526,16.228070175438596,67.98245614035088,7.017543859649122,60.96491228070175
E00031692,292,53,21,32,239,17,222,18.15068493150685,7.191780821917808,10.95890410958904,81.84931506849315,5.821917808219178,76.02739726027397
E00031693,245,58,30,28,187,16,171,23.6734693877551,12.244897959183673,11.428571428571429,76.32653061224491,6.530612244897959,69.79591836734694
E00031694,340,63,23,40,277,17,260,18.529411764705884,6.764705882352941,11.76470588235294,81.47058823529412,5,76.47058823529412
E00031695,336,49,14,35,287,26,261,14.583333333333334,4.166666666666666,10.416666666666668,85.41666666666666,7.738095238095238,77.67857142857143
E00031696,347,88,41,47,259,17,242,25.360230547550433,11.815561959654179,13.544668587896252,74.63976945244957,4.899135446685879,69.7406340057637
E00031697,291,53,21,32,238,25,213,18.213058419243985,7.216494845360824,10.996563573883162,81.78694158075601,8.59106529209622,73.19587628865979
E00031698,367,45,18,27,322,33,289,12.26158038147139,4.904632152588556,7.3569482288828345,87.73841961852861,8.991825613079019,78.7465940054496
E00031699,287,74,34,40,213,12,201,25.78397212543554,11.846689895470384,13.937282229965156,74.21602787456446,4.181184668989547,70.03484320557492
E00031700,342,92,50,42,250,26,224,26.900584795321635,14.619883040935672,12.280701754385964,73.09941520467837,7.602339181286549,65.49707602339181
E00031701,398,90,45,45,308,14,294,22.613065326633166,11.306532663316583,11.306532663316583,77.38693467336684,3.5175879396984926,73.86934673366834
E00031702,294,88,55,33,206,15,191,29.931972789115648,18.70748299319728,11.224489795918368,70.06802721088435,5.1020408163265305,64.96598639455783
E00031703,290,61,29,32,229,20,209,21.03448275862069,10,11.03448275862069,78.96551724137932,6.896551724137931,72.06896551724138
E00031704,272,51,24,27,221,17,204,18.75,8.823529411764707,9.926470588235293,81.25,6.25,75
E00031705,393,78,35,43,315,20,295,19.84732824427481,8.9058524173028,10.941475826972011,80.1526717557252,5.089058524173027,75.06361323155217
E00031706,292,61,25,36,231,13,218,20.89041095890411,8.561643835616438,12.32876712328767,79.1095890410959,4.4520547945205475,74.65753424657534
E00031707,263,65,33,32,198,7,191,24.714828897338403,12.547528517110266,12.167300380228136,75.2851711026616,2.6615969581749046,72.6235741444867
E00031708,320,76,33,43,244,24,220,23.75,10.3125,13.4375,76.25,7.5,68.75
E00031709,273,62,31,31,211,18,193,22.71062271062271,11.355311355311356,11.355311355311356,77.2893772893773,6.593406593406594,70.6959706959707
E00031710,328,70,31,39,258,29,229,21.341463414634145,9.451219512195122,11.890243902439025,78.65853658536585,8.841463414634147,69.8170731707317
E00031711,281,72,37,35,209,19,190,25.622775800711743,13.167259786476867,12.455516014234876,74.37722419928826,6.761565836298933,67.61565836298932
E00031712,268,62,24,38,206,25,181,23.134328358208954,8.955223880597014,14.17910447761194,76.86567164179104,9.328358208955224,67.53731343283582
E00031713,301,54,22,32,247,26,221,17.940199335548172,7.308970099667775,10.631229235880399,82.05980066445183,8.637873754152823,73.421926910299
E00031714,286,67,29,38,219,34,185,23.426573426573427,10.13986013986014,13.286713286713287,76.57342657342657,11.888111888111888,64.6853146853147
E00031715,306,67,38,29,239,19,220,21.895424836601308,12.418300653594772,9.477124183006536,78.10457516339869,6.209150326797386,71.89542483660131
E00031716,299,72,29,43,227,20,207,24.08026755852843,9.698996655518394,14.381270903010032,75.91973244147158,6.688963210702341,69.23076923076923
E00031717,308,56,30,26,252,32,220,18.181818181818183,9.740259740259742,8.441558441558442,81.81818181818183,10.38961038961039,71.42857142857143
E00031718,306,58,29,29,248,15,233,18.954248366013072,9.477124183006536,9.477124183006536,81.04575163398692,4.901960784313726,76.1437908496732
E00031719,422,112,68,44,310,38,272,26.540284360189574,16.113744075829384,10.42654028436019,73.45971563981043,9.004739336492891,64.45497630331754
E00031720,260,46,16,30,214,20,194,17.692307692307693,6.153846153846154,11.538461538461538,82.3076923076923,7.6923076923076925,74.61538461538461
E00031721,356,77,37,40,279,18,261,21.629213483146067,10.393258426966293,11.235955056179774,78.37078651685393,5.056179775280898,73.31460674157303
E00031722,337,53,25,28,284,26,258,15.727002967359049,7.418397626112759,8.30860534124629,84.27299703264094,7.71513353115727,76.55786350148368
E00031723,337,55,22,33,282,28,254,16.320474777448073,6.528189910979229,9.792284866468842,83.67952522255193,8.30860534124629,75.37091988130564
E00031725,324,68,41,27,256,22,234,20.98765432098765,12.654320987654321,8.333333333333332,79.01234567901234,6.790123456790123,72.22222222222221
E00031726,287,54,26,28,233,18,215,18.81533101045296,9.059233449477352,9.75609756097561,81.18466898954703,6.2717770034843205,74.91289198606272
E00031727,333,59,22,37,274,33,241,17.71771771771772,6.606606606606606,11.11111111111111,82.28228228228228,9.90990990990991,72.37237237237237
E00031728,276,62,24,38,214,18,196,22.463768115942027,8.695652173913043,13.768115942028986,77.53623188405797,6.521739130434782,71.01449275362319
E00031729,257,44,19,25,213,12,201,17.120622568093385,7.392996108949417,9.72762645914397,82.87937743190662,4.669260700389105,78.21011673151752
E00031730,297,61,41,20,236,23,213,20.53872053872054,13.804713804713806,6.7340067340067336,79.46127946127946,7.744107744107744,71.71717171717171
E00031731,273,39,10,29,234,33,201,14.285714285714285,3.6630036630036633,10.622710622710622,85.71428571428571,12.087912087912088,73.62637362637363
E00031732,319,71,37,34,248,20,228,22.25705329153605,11.598746081504702,10.658307210031348,77.74294670846395,6.269592476489027,71.47335423197492
E00031733,381,54,24,30,327,34,293,14.173228346456693,6.299212598425196,7.874015748031496,85.8267716535433,8.923884514435695,76.9028871391076
E00031734,344,63,28,35,281,26,255,18.313953488372093,8.13953488372093,10.174418604651162,81.68604651162791,7.55813953488372,74.12790697674419
E00031735,329,55,28,27,274,37,237,16.717325227963524,8.51063829787234,8.206686930091186,83.28267477203647,11.246200607902736,72.03647416413374
E00031736,345,51,23,28,294,26,268,14.782608695652174,6.666666666666667,8.115942028985506,85.21739130434783,7.536231884057972,77.68115942028986
E00031737,330,62,20,42,268,21,247,18.787878787878785,6.0606060606060606,12.727272727272727,81.21212121212122,6.363636363636363,74.84848484848486
E00031738,290,85,36,49,205,14,191,29.310344827586203,12.413793103448276,16.896551724137932,70.6896551724138,4.827586206896552,65.86206896551724
E00031739,301,75,33,42,226,22,204,24.916943521594686,10.96345514950166,13.953488372093023,75.08305647840533,7.308970099667775,67.77408637873754
E00031740,272,26,7,19,246,24,222,9.558823529411764,2.5735294117647056,6.985294117647059,90.44117647058823,8.823529411764707,81.61764705882352
E00031741,188,45,18,27,143,10,133,23.93617021276596,9.574468085106384,14.361702127659576,76.06382978723404,5.319148936170213,70.74468085106383
E00031742,277,58,22,36,219,28,191,20.938628158844764,7.9422382671480145,12.996389891696749,79.06137184115524,10.108303249097473,68.95306859205776
E00031743,267,48,21,27,219,24,195,17.97752808988764,7.865168539325842,10.112359550561797,82.02247191011236,8.98876404494382,73.03370786516854
E00031744,329,52,25,27,277,30,247,15.80547112462006,7.598784194528875,8.206686930091186,84.19452887537993,9.118541033434651,75.07598784194529
E00031745,317,66,41,25,251,20,231,20.82018927444795,12.933753943217665,7.886435331230284,79.17981072555204,6.309148264984227,72.87066246056783
E00031746,349,81,41,40,268,17,251,23.20916905444126,11.74785100286533,11.461318051575931,76.79083094555874,4.871060171919771,71.91977077363897
E00031747,309,65,28,37,244,16,228,21.035598705501616,9.06148867313916,11.974110032362459,78.96440129449837,5.177993527508091,73.7864077669903
E00031748,160,60,35,25,100,6,94,37.5,21.875,15.625,62.5,3.75,58.75
E00031749,338,60,24,36,278,41,237,17.75147928994083,7.100591715976331,10.650887573964498,82.24852071005917,12.1301775147929,70.11834319526628
E00031750,237,71,39,32,166,18,148,29.957805907172997,16.455696202531644,13.502109704641349,70.042194092827,7.59493670886076,62.447257383966246
E00031751,241,76,34,42,165,18,147,31.535269709543567,14.107883817427386,17.42738589211618,68.46473029045643,7.468879668049793,60.99585062240664
E00031752,246,99,50,49,147,18,129,40.243902439024396,20.32520325203252,19.91869918699187,59.756097560975604,7.317073170731707,52.4390243902439
E00031753,309,83,39,44,226,22,204,26.860841423948216,12.62135922330097,14.239482200647249,73.13915857605178,7.119741100323624,66.01941747572816
E00031754,308,47,22,25,261,14,247,15.259740259740258,7.142857142857142,8.116883116883116,84.74025974025975,4.545454545454546,80.1948051948052
E00031755,286,53,22,31,233,18,215,18.53146853146853,7.6923076923076925,10.839160839160838,81.46853146853147,6.293706293706294,75.17482517482517
E00031756,314,136,81,55,178,22,156,43.31210191082803,25.796178343949045,17.51592356687898,56.68789808917197,7.006369426751593,49.681528662420384
E00031757,278,62,32,30,216,17,199,22.302158273381295,11.510791366906476,10.79136690647482,77.6978417266187,6.115107913669065,71.58273381294964
E00031758,323,63,34,29,260,20,240,19.5046439628483,10.526315789473683,8.978328173374612,80.4953560371517,6.191950464396285,74.30340557275542
E00031759,285,55,30,25,230,20,210,19.298245614035086,10.526315789473683,8.771929824561402,80.7017543859649,7.017543859649122,73.68421052631578
E00031760,282,71,36,35,211,23,188,25.177304964539005,12.76595744680851,12.411347517730496,74.822695035461,8.156028368794328,66.66666666666666
E00031761,260,45,24,21,215,16,199,17.307692307692307,9.230769230769232,8.076923076923077,82.6923076923077,6.153846153846154,76.53846153846153
E00031762,274,65,28,37,209,19,190,23.722627737226276,10.218978102189782,13.503649635036496,76.27737226277372,6.934306569343065,69.34306569343066
E00031763,297,55,30,25,242,37,205,18.51851851851852,10.1010101010101,8.417508417508419,81.48148148148148,12.457912457912458,69.02356902356902
E00031764,275,66,27,39,209,16,193,24,9.818181818181818,14.181818181818182,76,5.818181818181818,70.18181818181817
E00031765,262,52,18,34,210,14,196,19.84732824427481,6.870229007633588,12.977099236641221,80.1526717557252,5.343511450381679,74.80916030534351
E00031766,275,52,25,27,223,22,201,18.90909090909091,9.090909090909092,9.818181818181818,81.0909090909091,8,73.0909090909091
E00031767,310,47,28,19,263,21,242,15.161290322580644,9.032258064516128,6.129032258064516,84.83870967741936,6.774193548387098,78.06451612903226
E00031768,310,55,26,29,255,29,226,17.741935483870968,8.38709677419355,9.35483870967742,82.25806451612904,9.35483870967742,72.90322580645162
E00031769,294,45,20,25,249,26,223,15.306122448979592,6.802721088435375,8.503401360544217,84.6938775510204,8.843537414965986,75.85034013605441
E00031770,388,90,39,51,298,22,276,23.195876288659793,10.051546391752577,13.144329896907218,76.80412371134021,5.670103092783505,71.1340206185567
E00031771,257,78,47,31,179,18,161,30.35019455252918,18.28793774319066,12.062256809338521,69.64980544747081,7.003891050583658,62.64591439688716
E00031772,502,79,31,48,423,30,393,15.737051792828685,6.175298804780876,9.56175298804781,84.26294820717132,5.9760956175298805,78.28685258964143
E00031773,301,99,61,38,202,18,184,32.89036544850498,20.26578073089701,12.624584717607974,67.109634551495,5.980066445182724,61.12956810631229
E00031774,303,60,28,32,243,22,221,19.801980198019802,9.24092409240924,10.561056105610561,80.19801980198021,7.2607260726072615,72.93729372937293
E00031776,287,23,10,13,264,31,233,8.013937282229964,3.484320557491289,4.529616724738676,91.98606271777004,10.801393728222997,81.18466898954703
E00031777,355,37,15,22,318,22,296,10.422535211267606,4.225352112676056,6.197183098591549,89.5774647887324,6.197183098591549,83.38028169014085
E00031778,336,54,23,31,282,25,257,16.071428571428573,6.845238095238096,9.226190476190476,83.92857142857143,7.440476190476191,76.48809523809523
E00031779,298,79,41,38,219,14,205,26.51006711409396,13.758389261744966,12.751677852348994,73.48993288590604,4.697986577181208,68.79194630872483
E00031780,369,77,39,38,292,16,276,20.867208672086722,10.569105691056912,10.29810298102981,79.13279132791328,4.336043360433604,74.79674796747967
E00031781,284,88,45,43,196,22,174,30.985915492957744,15.845070422535212,15.140845070422534,69.01408450704226,7.746478873239436,61.267605633802816
E00031782,269,105,65,40,164,13,151,39.03345724907063,24.1635687732342,14.869888475836431,60.966542750929364,4.83271375464684,56.13382899628253
E00031783,257,68,31,37,189,13,176,26.459143968871597,12.062256809338521,14.396887159533073,73.54085603112841,5.058365758754864,68.48249027237354
E00031784,376,118,64,54,258,15,243,31.382978723404253,17.02127659574468,14.361702127659576,68.61702127659575,3.9893617021276597,64.62765957446808
E00031785,361,73,37,36,288,17,271,20.221606648199447,10.249307479224377,9.97229916897507,79.77839335180056,4.7091412742382275,75.06925207756233
E00031786,357,81,39,42,276,29,247,22.689075630252102,10.92436974789916,11.76470588235294,77.31092436974791,8.123249299719888,69.187675070028
E00031787,265,86,45,41,179,18,161,32.45283018867924,16.9811320754717,15.471698113207546,67.54716981132076,6.7924528301886795,60.75471698113207
E00031788,317,109,56,53,208,13,195,34.38485804416404,17.665615141955836,16.7192429022082,65.61514195583597,4.100946372239748,61.51419558359621
E00031789,341,60,29,31,281,35,246,17.595307917888565,8.504398826979472,9.090909090909092,82.40469208211144,10.263929618768328,72.14076246334311
E00031790,300,61,29,32,239,29,210,20.333333333333332,9.666666666666666,10.666666666666668,79.66666666666666,9.666666666666666,70
E00031791,297,97,52,45,200,23,177,32.659932659932664,17.50841750841751,15.151515151515152,67.34006734006735,7.744107744107744,59.59595959595959
E00031792,314,97,50,47,217,21,196,30.89171974522293,15.92356687898089,14.968152866242038,69.10828025477707,6.687898089171974,62.42038216560509
E00031793,333,64,28,36,269,29,240,19.21921921921922,8.408408408408409,10.81081081081081,80.78078078078079,8.708708708708707,72.07207207207207
E00031794,344,95,54,41,249,22,227,27.61627906976744,15.69767441860465,11.918604651162791,72.38372093023256,6.395348837209303,65.98837209302324
E00031795,291,87,49,38,204,23,181,29.896907216494846,16.83848797250859,13.058419243986256,70.10309278350515,7.903780068728522,62.19931271477663
E00031796,259,62,32,30,197,14,183,23.93822393822394,12.355212355212355,11.583011583011583,76.06177606177607,5.405405405405405,70.65637065637065
E00031797,288,40,19,21,248,22,226,13.88888888888889,6.597222222222222,7.291666666666667,86.11111111111111,7.638888888888889,78.47222222222221
E00031798,194,37,16,21,157,11,146,19.072164948453608,8.24742268041237,10.824742268041238,80.9278350515464,5.670103092783505,75.25773195876289
E00031799,321,73,27,46,248,21,227,22.741433021806852,8.411214953271028,14.330218068535824,77.25856697819314,6.5420560747663545,70.7165109034268
E00031800,407,82,45,37,325,33,292,20.14742014742015,11.056511056511056,9.090909090909092,79.85257985257985,8.108108108108109,71.74447174447175
E00031801,412,47,21,26,365,31,334,11.407766990291263,5.097087378640777,6.310679611650485,88.59223300970875,7.524271844660194,81.06796116504854
E00031802,349,78,34,44,271,27,244,22.349570200573066,9.742120343839542,12.607449856733524,77.65042979942693,7.736389684813753,69.91404011461319
E00031803,299,78,41,37,221,24,197,26.08695652173913,13.712374581939798,12.37458193979933,73.91304347826086,8.02675585284281,65.88628762541806
E00031805,364,55,23,32,309,31,278,15.10989010989011,6.318681318681318,8.791208791208792,84.89010989010988,8.516483516483516,76.37362637362637
E00031806,201,85,53,32,116,9,107,42.28855721393035,26.368159203980102,15.92039800995025,57.711442786069654,4.477611940298507,53.233830845771145
E00031807,452,43,13,30,409,25,384,9.513274336283185,2.8761061946902653,6.637168141592921,90.48672566371681,5.530973451327434,84.95575221238938
E00031808,453,58,20,38,395,35,360,12.803532008830022,4.415011037527594,8.388520971302428,87.19646799116998,7.72626931567329,79.47019867549669
E00031809,323,47,23,24,276,27,249,14.551083591331269,7.120743034055728,7.430340557275541,85.44891640866872,8.359133126934983,77.08978328173374
E00031810,450,75,31,44,375,46,329,16.666666666666664,6.888888888888889,9.777777777777779,83.33333333333334,10.222222222222223,73.11111111111111
E00031811,276,42,18,24,234,27,207,15.217391304347828,6.521739130434782,8.695652173913043,84.78260869565217,9.782608695652174,75
E00031812,232,60,33,27,172,19,153,25.862068965517242,14.224137931034484,11.637931034482758,74.13793103448276,8.189655172413794,65.94827586206897
E00031813,299,68,34,34,231,26,205,22.74247491638796,11.37123745819398,11.37123745819398,77.25752508361204,8.695652173913043,68.56187290969899
E00031814,241,60,20,40,181,17,164,24.896265560165975,8.29875518672199,16.59751037344398,75.10373443983403,7.053941908713693,68.04979253112033
E00031815,334,72,30,42,262,28,234,21.55688622754491,8.982035928143713,12.574850299401197,78.44311377245509,8.383233532934131,70.05988023952095
E00031816,287,52,24,28,235,22,213,18.118466898954704,8.362369337979095,9.75609756097561,81.8815331010453,7.665505226480835,74.21602787456446
E00031817,370,103,59,44,267,24,243,27.837837837837835,15.945945945945947,11.891891891891893,72.16216216216216,6.486486486486487,65.67567567567568
E00031818,367,48,15,33,319,32,287,13.079019073569482,4.087193460490464,8.991825613079019,86.92098092643052,8.71934604904632,78.2016348773842
E00031819,289,55,27,28,234,21,213,19.031141868512112,9.342560553633218,9.688581314878892,80.96885813148789,7.26643598615917,73.70242214532871
E00031820,256,73,39,34,183,21,162,28.515625,15.234375,13.28125,71.484375,8.203125,63.28125
E00031821,275,53,25,28,222,19,203,19.272727272727273,9.090909090909092,10.181818181818182,80.72727272727272,6.909090909090909,73.81818181818181
E00031822,281,76,36,40,205,18,187,27.046263345195733,12.811387900355871,14.23487544483986,72.95373665480427,6.405693950177936,66.54804270462633
E00031823,508,89,48,41,419,38,381,17.519685039370078,9.448818897637794,8.070866141732283,82.48031496062993,7.480314960629922,75
E00031824,297,65,28,37,232,16,216,21.885521885521886,9.427609427609427,12.457912457912458,78.11447811447812,5.387205387205387,72.72727272727273
E00031825,280,98,53,45,182,14,168,35,18.928571428571427,16.071428571428573,65,5,60
E00031826,334,74,29,45,260,20,240,22.15568862275449,8.682634730538922,13.47305389221557,77.84431137724552,5.9880239520958085,71.8562874251497
E00031827,298,56,30,26,242,20,222,18.79194630872483,10.06711409395973,8.724832214765101,81.20805369127517,6.7114093959731544,74.49664429530202
E00031828,409,110,59,51,299,23,276,26.894865525672373,14.425427872860636,12.469437652811736,73.10513447432763,5.623471882640587,67.48166259168704
E00031829,433,89,39,50,344,28,316,20.554272517321014,9.006928406466514,11.547344110854503,79.44572748267899,6.466512702078522,72.97921478060047
E00031830,288,88,44,44,200,23,177,30.555555555555557,15.277777777777779,15.277777777777779,69.44444444444444,7.986111111111111,61.458333333333336
E00031831,321,89,46,43,232,18,214,27.725856697819314,14.330218068535824,13.395638629283487,72.27414330218068,5.607476635514018,66.66666666666666
E00031832,289,77,45,32,212,14,198,26.643598615916954,15.570934256055363,11.072664359861593,73.35640138408304,4.844290657439446,68.5121107266436
E00031833,318,97,55,42,221,21,200,30.50314465408805,17.29559748427673,13.20754716981132,69.49685534591194,6.60377358490566,62.893081761006286
E00031834,277,47,17,30,230,17,213,16.967509025270758,6.137184115523466,10.830324909747292,83.03249097472924,6.137184115523466,76.89530685920577
E00031835,302,57,26,31,245,22,223,18.874172185430464,8.609271523178808,10.264900662251655,81.12582781456953,7.28476821192053,73.84105960264901
E00031836,254,57,31,26,197,20,177,22.440944881889763,12.204724409448819,10.236220472440944,77.55905511811024,7.874015748031496,69.68503937007874
E00031837,364,86,40,46,278,11,267,23.626373626373624,10.989010989010989,12.637362637362637,76.37362637362637,3.021978021978022,73.35164835164835
E00031838,374,81,39,42,293,15,278,21.65775401069519,10.427807486631016,11.229946524064172,78.34224598930481,4.0106951871657754,74.33155080213903
E00031839,580,54,17,37,526,44,482,9.310344827586208,2.9310344827586206,6.379310344827586,90.6896551724138,7.586206896551724,83.10344827586206
E00031840,480,92,41,51,388,31,357,19.166666666666668,8.541666666666666,10.625,80.83333333333333,6.458333333333334,74.375
E00031841,283,79,39,40,204,16,188,27.915194346289752,13.780918727915195,14.13427561837456,72.08480565371025,5.6537102473498235,66.43109540636041
E00031842,432,100,41,59,332,29,303,23.14814814814815,9.49074074074074,13.657407407407407,76.85185185185185,6.712962962962964,70.13888888888889
E00031843,301,61,30,31,240,32,208,20.26578073089701,9.966777408637874,10.299003322259136,79.734219269103,10.631229235880399,69.10299003322258
E00031844,272,65,28,37,207,19,188,23.897058823529413,10.294117647058822,13.602941176470587,76.10294117647058,6.985294117647059,69.11764705882352
E00031845,277,93,49,44,184,15,169,33.57400722021661,17.689530685920577,15.884476534296029,66.4259927797834,5.415162454873646,61.01083032490975
E00031846,306,87,46,41,219,21,198,28.431372549019606,15.032679738562091,13.398692810457517,71.56862745098039,6.862745098039216,64.70588235294117
E00031848,273,75,30,45,198,11,187,27.472527472527474,10.989010989010989,16.483516483516482,72.52747252747253,4.029304029304029,68.4981684981685
E00031849,267,98,51,47,169,15,154,36.70411985018727,19.101123595505616,17.60299625468165,63.29588014981273,5.617977528089887,57.67790262172284
E00031850,373,58,21,37,315,37,278,15.549597855227882,5.630026809651475,9.919571045576408,84.45040214477211,9.919571045576408,74.53083109919572
E00031851,262,76,36,40,186,18,168,29.00763358778626,13.740458015267176,15.267175572519085,70.99236641221374,6.870229007633588,64.12213740458014
E00031852,324,75,28,47,249,23,226,23.14814814814815,8.641975308641975,14.506172839506174,76.85185185185185,7.098765432098765,69.75308641975309
E00031853,312,73,37,36,239,25,214,23.397435897435898,11.858974358974358,11.538461538461538,76.6025641025641,8.012820512820513,68.58974358974359
E00031854,324,69,28,41,255,19,236,21.296296296296298,8.641975308641975,12.654320987654321,78.70370370370371,5.864197530864197,72.8395061728395
E00031855,324,64,24,40,260,16,244,19.753086419753085,7.4074074074074066,12.345679012345679,80.24691358024691,4.938271604938271,75.30864197530865
E00031856,445,101,51,50,344,39,305,22.696629213483146,11.46067415730337,11.235955056179774,77.30337078651685,8.764044943820224,68.53932584269663
E00031857,363,71,34,37,292,19,273,19.55922865013774,9.366391184573002,10.192837465564738,80.44077134986226,5.234159779614325,75.20661157024794
E00031858,289,38,15,23,251,19,232,13.148788927335639,5.190311418685121,7.958477508650519,86.85121107266436,6.5743944636678195,80.27681660899654
E00031859,427,64,29,35,363,23,340,14.988290398126464,6.791569086651054,8.19672131147541,85.01170960187353,5.386416861826698,79.62529274004683
E00031860,432,80,24,56,352,31,321,18.51851851851852,5.555555555555555,12.962962962962962,81.48148148148148,7.175925925925926,74.30555555555556
E00031861,327,51,22,29,276,26,250,15.59633027522936,6.727828746177369,8.868501529051988,84.40366972477065,7.951070336391437,76.45259938837921
E00031862,264,88,53,35,176,21,155,33.33333333333333,20.075757575757574,13.257575757575758,66.66666666666666,7.954545454545454,58.71212121212122
E00031863,285,56,18,38,229,25,204,19.649122807017545,6.315789473684211,13.333333333333334,80.35087719298247,8.771929824561402,71.57894736842105
E00031864,336,69,31,38,267,24,243,20.535714285714285,9.226190476190476,11.30952380952381,79.46428571428571,7.142857142857142,72.32142857142857
E00031865,230,67,40,27,163,21,142,29.130434782608695,17.391304347826086,11.73913043478261,70.86956521739131,9.130434782608695,61.73913043478261
E00031866,257,59,34,25,198,13,185,22.957198443579767,13.229571984435799,9.72762645914397,77.04280155642024,5.058365758754864,71.98443579766537
E00031867,328,58,27,31,270,28,242,17.682926829268293,8.231707317073171,9.451219512195122,82.3170731707317,8.536585365853659,73.78048780487805
E00031868,329,59,30,29,270,25,245,17.933130699088146,9.118541033434651,8.814589665653495,82.06686930091185,7.598784194528875,74.46808510638297
E00031869,271,36,16,20,235,29,206,13.284132841328415,5.904059040590406,7.380073800738007,86.71586715867159,10.70110701107011,76.01476014760148
E00031870,273,28,12,16,245,17,228,10.256410256410255,4.395604395604396,5.86080586080586,89.74358974358975,6.227106227106227,83.51648351648352
E00031871,318,68,30,38,250,25,225,21.38364779874214,9.433962264150944,11.949685534591195,78.61635220125787,7.861635220125786,70.75471698113208
E00031872,261,53,24,29,208,21,187,20.306513409961685,9.195402298850574,11.11111111111111,79.6934865900383,8.045977011494253,71.64750957854406
E00031873,231,67,43,24,164,13,151,29.004329004329005,18.614718614718615,10.38961038961039,70.995670995671,5.627705627705628,65.36796536796537
E00031874,255,68,36,32,187,17,170,26.666666666666668,14.117647058823529,12.549019607843137,73.33333333333333,6.666666666666667,66.66666666666666
E00031875,343,78,40,38,265,26,239,22.740524781341108,11.661807580174926,11.078717201166182,77.25947521865889,7.580174927113703,69.67930029154519
E00031876,201,73,48,25,128,10,118,36.318407960199,23.88059701492537,12.437810945273633,63.681592039801,4.975124378109453,58.70646766169154
E00031877,314,34,13,21,280,24,256,10.828025477707007,4.140127388535031,6.687898089171974,89.171974522293,7.643312101910828,81.52866242038218
E00031878,224,55,21,34,169,14,155,24.553571428571427,9.375,15.178571428571427,75.44642857142857,6.25,69.19642857142857
E00031879,249,52,18,34,197,21,176,20.883534136546185,7.228915662650602,13.654618473895583,79.11646586345381,8.433734939759036,70.68273092369478
E00031880,254,55,19,36,199,23,176,21.653543307086615,7.480314960629922,14.173228346456693,78.34645669291339,9.05511811023622,69.29133858267717
E00031881,301,46,17,29,255,30,225,15.282392026578073,5.647840531561462,9.634551495016613,84.71760797342192,9.966777408637874,74.75083056478405
E00031882,347,77,28,49,270,21,249,22.19020172910663,8.069164265129682,14.121037463976945,77.80979827089337,6.051873198847262,71.75792507204612
E00031883,336,58,23,35,278,36,242,17.261904761904763,6.845238095238096,10.416666666666668,82.73809523809523,10.714285714285714,72.02380952380952
E00031884,245,70,35,35,175,8,167,28.57142857142857,14.285714285714285,14.285714285714285,71.42857142857143,3.2653061224489797,68.16326530612244
E00031885,389,73,32,41,316,24,292,18.76606683804627,8.226221079691516,10.539845758354756,81.23393316195373,6.169665809768637,75.06426735218508
E00031886,319,54,31,23,265,28,237,16.927899686520377,9.717868338557993,7.210031347962382,83.07210031347962,8.77742946708464,74.29467084639498
E00031887,331,62,25,37,269,27,242,18.731117824773413,7.552870090634441,11.178247734138973,81.2688821752266,8.157099697885197,73.111782477341393
E00031888,265,78,55,23,187,9,178,29.433962264150942,20.754716981132077,8.679245283018867,70.56603773584905,3.3962264150943398,67.16981132075472
E00031889,261,58,34,24,203,11,192,22.22222222222222,13.026819923371647,9.195402298850574,77.77777777777779,4.21455938697318,73.5632183908046
E00031890,345,87,43,44,258,24,234,25.217391304347824,12.46376811594203,12.753623188405797,74.78260869565217,6.956521739130435,67.82608695652173
E00031891,260,55,24,31,205,24,181,21.153846153846153,9.230769230769232,11.923076923076923,78.84615384615384,9.230769230769232,69.61538461538461
E00031892,335,91,44,47,244,24,220,27.164179104477608,13.134328358208954,14.029850746268657,72.83582089552239,7.164179104477612,65.67164179104478
E00031893,257,60,33,27,197,14,183,23.346303501945524,12.840466926070038,10.505836575875486,76.65369649805449,5.447470817120623,71.20622568093385
E00031894,257,76,42,34,181,20,161,29.571984435797667,16.342412451361866,13.229571984435799,70.42801556420234,7.782101167315175,62.64591439688716
E00031895,250,75,39,36,175,13,162,30,15.6,14.399999999999999,70,5.2,64.8
E00031896,236,72,40,32,164,15,149,30.508474576271187,16.94915254237288,13.559322033898304,69.49152542372882,6.3559322033898304,63.13559322033898
E00031897,237,72,40,32,165,16,149,30.37974683544304,16.877637130801688,13.502109704641349,69.62025316455697,6.751054852320674,62.869198312236286
E00031898,326,79,36,43,247,26,221,24.233128834355828,11.042944785276074,13.190184049079754,75.76687116564416,7.975460122699387,67.79141104294479
E00031899,266,60,24,36,206,26,180,22.55639097744361,9.022556390977442,13.533834586466165,77.44360902255639,9.774436090225564,67.66917293233082
E00031900,323,46,18,28,277,33,244,14.241486068111456,5.572755417956656,8.6687306501548,85.75851393188854,10.21671826625387,75.54179566563467
E00031901,363,51,24,27,312,36,276,14.049586776859504,6.6115702479338845,7.43801652892562,85.9504132231405,9.917355371900827,76.03305785123968
E00031902,378,69,26,43,309,24,285,18.253968253968253,6.878306878306878,11.375661375661375,81.74603174603175,6.349206349206349,75.39682539682539
E00031903,276,33,14,19,243,19,224,11.956521739130435,5.072463768115942,6.884057971014493,88.04347826086956,6.884057971014493,81.15942028985508
E00031904,363,43,15,28,320,41,279,11.84573002754821,4.132231404958678,7.7134986225895315,88.1542699724518,11.294765840220386,76.85950413223141
E00031905,253,65,24,41,188,16,172,25.691699604743086,9.486166007905137,16.205533596837945,74.30830039525692,6.324110671936759,67.98418972332016
E00031906,421,92,50,42,329,31,298,21.852731591448933,11.87648456057007,9.97624703087886,78.14726840855107,7.363420427553444,70.78384798099762
E00031907,266,55,21,34,211,22,189,20.676691729323306,7.894736842105263,12.781954887218044,79.32330827067669,8.270676691729323,71.05263157894737
E00031908,398,83,31,52,315,26,289,20.85427135678392,7.788944723618091,13.06532663316583,79.14572864321609,6.532663316582915,72.61306532663316
E00031909,314,58,21,37,256,26,230,18.471337579617835,6.687898089171974,11.78343949044586,81.52866242038218,8.280254777070063,73.24840764331209
E00031910,260,66,28,38,194,20,174,25.384615384615383,10.76923076923077,14.615384615384617,74.61538461538461,7.6923076923076925,66.92307692307692
E00031911,377,94,39,55,283,20,263,24.93368700265252,10.344827586206897,14.588859416445624,75.06631299734748,5.305039787798409,69.76127320954907
E00031912,280,57,28,29,223,24,199,20.357142857142858,10,10.357142857142858,79.64285714285714,8.571428571428571,71.07142857142857
E00031913,243,55,15,40,188,18,170,22.633744855967077,6.172839506172839,16.46090534979424,77.36625514403292,7.4074074074074066,69.95884773662551
E00031914,340,111,59,52,229,12,217,32.64705882352941,17.352941176470587,15.294117647058824,67.3529411764706,3.5294117647058822,63.8235294117647
E00031915,455,81,35,46,374,30,344,17.802197802197803,7.6923076923076925,10.10989010989011,82.19780219780219,6.593406593406594,75.6043956043956
E00031916,276,60,27,33,216,15,201,21.73913043478261,9.782608695652174,11.956521739130435,78.26086956521739,5.434782608695652,72.82608695652173
E00031917,266,71,32,39,195,19,176,26.691729323308273,12.030075187969924,14.661654135338345,73.30827067669173,7.142857142857142,66.16541353383458
E00031918,276,78,43,35,198,11,187,28.26086956521739,15.579710144927535,12.681159420289855,71.73913043478261,3.985507246376811,67.7536231884058
E00031919,258,85,47,38,173,10,163,32.945736434108525,18.217054263565892,14.728682170542637,67.05426356589147,3.875968992248062,63.17829457364341
E00031920,374,98,44,54,276,22,254,26.203208556149733,11.76470588235294,14.43850267379679,73.79679144385027,5.88235294117647,67.9144385026738
E00031921,296,64,23,41,232,22,210,21.62162162162162,7.77027027027027,13.85135135135135,78.37837837837837,7.4324324324324325,70.94594594594594
E00031922,311,91,48,43,220,19,201,29.260450160771708,15.434083601286176,13.826366559485532,70.7395498392283,6.109324758842444,64.63022508038586
E00031923,322,94,43,51,228,19,209,29.19254658385093,13.354037267080745,15.838509316770185,70.80745341614907,5.900621118012422,64.90683229813664
E00031924,288,55,25,30,233,16,217,19.09722222222222,8.680555555555555,10.416666666666668,80.90277777777779,5.555555555555555,75.34722222222221
E00031925,346,46,24,22,300,21,279,13.294797687861271,6.9364161849710975,6.358381502890173,86.70520231213872,6.069364161849711,80.63583815028902
E00031926,309,103,55,48,206,15,191,33.33333333333333,17.79935275080906,15.53398058252427,66.66666666666666,4.854368932038835,61.81229773462783
E00031927,286,50,23,27,236,20,216,17.482517482517483,8.041958041958042,9.44055944055944,82.51748251748252,6.993006993006993,75.52447552447552
E00031928,261,64,35,29,197,14,183,24.521072796934863,13.409961685823754,11.11111111111111,75.47892720306514,5.363984674329502,70.11494252873564
E00031930,275,45,15,30,230,24,206,16.363636363636363,5.454545454545454,10.909090909090908,83.63636363636363,8.727272727272728,74.90909090909092
E00031931,237,42,16,26,195,11,184,17.72151898734177,6.751054852320674,10.970464135021098,82.27848101265823,4.641350210970464,77.63713080168776
E00031932,332,92,60,32,240,15,225,27.710843373493976,18.072289156626507,9.63855421686747,72.28915662650603,4.518072289156627,67.7710843373494
E00031933,306,42,16,26,264,31,233,13.725490196078432,5.228758169934641,8.49673202614379,86.27450980392157,10.130718954248366,76.1437908496732
E00031934,269,37,14,23,232,29,203,13.754646840148698,5.204460966542751,8.550185873605948,86.2453531598513,10.780669144981413,75.46468401486989
E00031935,292,49,21,28,243,24,219,16.78082191780822,7.191780821917808,9.58904109589041,83.21917808219177,8.21917808219178,75
E00031936,293,42,14,28,251,22,229,14.334470989761092,4.778156996587031,9.556313993174061,85.6655290102389,7.508532423208192,78.15699658703072
E00031937,258,54,23,31,204,28,176,20.930232558139537,8.914728682170542,12.015503875968992,79.06976744186046,10.852713178294573,68.21705426356588
E00031938,262,55,26,29,207,28,179,20.99236641221374,9.923664122137405,11.068702290076336,79.00763358778626,10.687022900763358,68.32061068702289
E00031939,385,62,18,44,323,27,296,16.103896103896105,4.675324675324675,11.428571428571429,83.8961038961039,7.012987012987012,76.88311688311688
E00031940,466,69,31,38,397,52,345,14.806866952789699,6.652360515021459,8.15450643776824,85.1931330472103,11.158798283261802,74.0343347639485
E00031941,342,51,22,29,291,26,265,14.912280701754385,6.432748538011696,8.47953216374269,85.08771929824562,7.602339181286549,77.48538011695906
E00031942,260,49,21,28,211,14,197,18.846153846153847,8.076923076923077,10.76923076923077,81.15384615384616,5.384615384615385,75.76923076923077
E00031943,310,49,25,24,261,21,240,15.806451612903224,8.064516129032258,7.741935483870968,84.19354838709677,6.774193548387098,77.41935483870968
E00031944,320,77,30,47,243,21,222,24.0625,9.375,14.6875,75.9375,6.5625,69.375
E00031945,314,58,23,35,256,20,236,18.471337579617835,7.32484076433121,11.146496815286625,81.52866242038218,6.369426751592357,75.15923566878982
E00031946,210,40,9,31,170,17,153,19.047619047619047,4.285714285714286,14.761904761904763,80.95238095238095,8.095238095238095,72.85714285714285
E00031947,544,86,31,55,458,39,419,15.808823529411764,5.698529411764706,10.11029411764706,84.19117647058823,7.169117647058823,77.02205882352942
E00031948,350,51,26,25,299,26,273,14.571428571428571,7.428571428571429,7.142857142857142,85.42857142857143,7.428571428571429,78
E00031949,540,74,30,44,466,34,432,13.703703703703704,5.555555555555555,8.148148148148149,86.29629629629629,6.296296296296296,80
E00031950,407,41,18,23,366,29,337,10.073710073710075,4.422604422604422,5.651105651105651,89.92628992628993,7.125307125307126,82.80098280098281
E00031951,308,74,43,31,234,24,210,24.025974025974026,13.96103896103896,10.064935064935066,75.97402597402598,7.792207792207792,68.18181818181817
E00031952,299,73,41,32,226,15,211,24.414715719063544,13.712374581939798,10.702341137123746,75.58528428093646,5.016722408026756,70.5685618729097
E00031953,314,53,24,29,261,23,238,16.878980891719745,7.643312101910828,9.235668789808917,83.12101910828027,7.32484076433121,75.79617834394905
E00031954,302,49,22,27,253,22,231,16.225165562913908,7.28476821192053,8.940397350993377,83.77483443708608,7.28476821192053,76.49006622516556
E00031955,298,47,15,32,251,22,229,15.771812080536913,5.033557046979865,10.738255033557047,84.22818791946308,7.38255033557047,76.84563758389261
E00031956,225,83,45,38,142,6,136,36.888888888888886,20,16.88888888888889,63.11111111111111,2.666666666666667,60.44444444444444
E00031957,295,62,34,28,233,20,213,21.01694915254237,11.525423728813559,9.491525423728813,78.98305084745762,6.779661016949152,72.20338983050848
E00031958,297,70,38,32,227,8,219,23.56902356902357,12.794612794612794,10.774410774410773,76.43097643097643,2.6936026936026933,73.73737373737373
E00031959,328,60,32,28,268,17,251,18.29268292682927,9.75609756097561,8.536585365853659,81.70731707317073,5.182926829268292,76.52439024390245
E00031960,272,60,35,25,212,10,202,22.058823529411764,12.867647058823529,9.191176470588236,77.94117647058823,3.6764705882352944,74.26470588235294
E00031961,277,79,47,32,198,12,186,28.51985559566787,16.967509025270758,11.552346570397113,71.48014440433214,4.332129963898916,67.14801444043322
E00031962,300,61,32,29,239,14,225,20.333333333333332,10.666666666666668,9.666666666666666,79.66666666666666,4.666666666666667,75
E00031963,299,61,26,35,238,22,216,20.401337792642142,8.695652173913043,11.705685618729097,79.59866220735786,7.357859531772576,72.24080267558529
E00031964,389,83,48,35,306,18,288,21.336760925449873,12.339331619537274,8.997429305912597,78.66323907455013,4.627249357326478,74.03598971722364
E00031965,373,60,30,30,313,24,289,16.0857908847185,8.04289544235925,8.04289544235925,83.91420911528151,6.434316353887399,77.4798927613941
E00031966,345,71,45,26,274,15,259,20.579710144927535,13.043478260869565,7.536231884057972,79.42028985507247,4.3478260869565215,75.07246376811594
E00031967,258,67,33,34,191,18,173,25.968992248062015,12.790697674418606,13.178294573643413,74.03100775193798,6.976744186046512,67.05426356589147
E00031968,367,96,53,43,271,23,248,26.158038147138964,14.441416893732969,11.716621253405995,73.84196185286103,6.267029972752043,67.57493188010899
E00031969,317,65,33,32,252,19,233,20.50473186119874,10.410094637223976,10.094637223974763,79.49526813880126,5.993690851735016,73.50157728706624
E00031970,297,58,30,28,239,22,217,19.52861952861953,10.1010101010101,9.427609427609427,80.47138047138047,7.4074074074074066,73.06397306397307
E00031971,335,74,33,41,261,17,244,22.08955223880597,9.850746268656717,12.238805970149254,77.91044776119404,5.074626865671641,72.83582089552239
E00031972,233,69,37,32,164,12,152,29.613733905579398,15.879828326180256,13.733905579399142,70.3862660944206,5.150214592274678,65.23605150214593
E00031973,257,56,38,18,201,17,184,21.78988326848249,14.785992217898833,7.003891050583658,78.21011673151752,6.614785992217899,71.59533073929961
E00031974,360,79,40,39,281,20,261,21.944444444444443,11.11111111111111,10.833333333333334,78.05555555555556,5.555555555555555,72.5
E00031975,290,61,26,35,229,33,196,21.03448275862069,8.96551724137931,12.068965517241379,78.96551724137932,11.379310344827587,67.58620689655173
E00031976,343,81,40,41,262,17,245,23.61516034985423,11.661807580174926,11.9533527696793,76.38483965014578,4.956268221574344,71.42857142857143
E00031977,243,99,62,37,144,13,131,40.74074074074074,25.514403292181072,15.22633744855967,59.25925925925925,5.349794238683128,53.90946502057613
E00031978,206,35,13,22,171,23,148,16.990291262135923,6.310679611650485,10.679611650485436,83.00970873786407,11.165048543689322,71.84466019417476
E00031979,479,94,40,54,385,25,360,19.624217118997915,8.350730688935283,11.273486430062631,80.3757828810021,5.219206680584551,75.15657620041753
E00031980,255,53,26,27,202,10,192,20.784313725490197,10.196078431372548,10.588235294117647,79.2156862745098,3.9215686274509802,75.29411764705883
E00031981,330,75,38,37,255,9,246,22.727272727272727,11.515151515151516,11.212121212121213,77.27272727272727,2.727272727272727,74.54545454545455
E00031982,294,55,19,36,239,14,225,18.70748299319728,6.462585034013606,12.244897959183673,81.29251700680273,4.761904761904762,76.53061224489795
E00031983,401,80,35,45,321,17,304,19.950124688279303,8.728179551122196,11.221945137157107,80.0498753117207,4.239401496259352,75.81047381546135
E00031984,139,63,33,30,76,12,64,45.32374100719424,23.741007194244602,21.58273381294964,54.67625899280576,8.633093525179856,46.043165467625904
E00031985,347,97,60,37,250,19,231,27.953890489913547,17.29106628242075,10.662824207492795,72.04610951008645,5.475504322766571,66.57060518731988
E00031986,304,81,38,43,223,15,208,26.644736842105267,12.5,14.144736842105262,73.35526315789474,4.934210526315789,68.42105263157895
E00031987,282,57,28,29,225,13,212,20.212765957446805,9.929078014184398,10.28368794326241,79.7872340425532,4.609929078014184,75.177304964539
E00031988,318,74,32,42,244,12,232,23.270440251572328,10.062893081761008,13.20754716981132,76.72955974842768,3.7735849056603774,72.95597484276729
E00031989,303,76,36,40,227,11,216,25.082508250825082,11.881188118811881,13.2013201320132,74.91749174917491,3.6303630363036308,71.28712871287128
E00031990,296,36,15,21,260,31,229,12.162162162162163,5.0675675675675675,7.094594594594595,87.83783783783784,10.472972972972974,77.36486486486487
E00031991,324,35,10,25,289,22,267,10.802469135802468,3.0864197530864197,7.716049382716049,89.19753086419753,6.790123456790123,82.4074074074074
E00031993,519,70,19,51,449,41,408,13.48747591522158,3.6608863198458574,9.826589595375722,86.51252408477842,7.89980732177264,78.61271676300578
E00031994,296,60,24,36,236,20,216,20.27027027027027,8.108108108108109,12.162162162162163,79.72972972972973,6.756756756756757,72.97297297297297
E00031995,285,47,22,25,238,29,209,16.49122807017544,7.719298245614035,8.771929824561402,83.50877192982456,10.175438596491228,73.33333333333333
E00031996,458,60,27,33,398,33,365,13.100436681222707,5.895196506550218,7.20524017467249,86.8995633187773,7.20524017467249,79.6943231441048
E00031997,410,62,22,40,348,37,311,15.121951219512194,5.365853658536586,9.75609756097561,84.8780487804878,9.024390243902438,75.85365853658537
E00031998,403,55,20,35,348,44,304,13.647642679900745,4.962779156327544,8.6848635235732,86.35235732009926,10.918114143920596,75.43424317617865
E00031999,247,63,28,35,184,22,162,25.506072874493928,11.336032388663968,14.17004048582996,74.49392712550608,8.906882591093117,65.58704453441295
E00032000,309,59,20,39,250,19,231,19.093851132686083,6.472491909385113,12.62135922330097,80.90614886731392,6.148867313915858,74.75728155339806
E00032001,482,48,24,24,434,36,398,9.95850622406639,4.979253112033195,4.979253112033195,90.04149377593362,7.468879668049793,82.57261410788381
E00032002,240,74,38,36,166,20,146,30.833333333333336,15.833333333333332,15,69.16666666666667,8.333333333333332,60.83333333333333
E00032003,322,50,22,28,272,19,253,15.527950310559005,6.832298136645963,8.695652173913043,84.472049689441,5.900621118012422,78.57142857142857
E00032004,447,36,6,30,411,26,385,8.053691275167784,1.342281879194631,6.7114093959731544,91.94630872483222,5.8165548098434,86.12975391498881
E00032005,252,42,13,29,210,23,187,16.666666666666664,5.158730158730158,11.507936507936508,83.33333333333334,9.126984126984127,74.20634920634922
E00032006,481,73,23,50,408,44,364,15.176715176715177,4.781704781704782,10.395010395010395,84.82328482328482,9.147609147609149,75.67567567567568
E00032007,272,57,18,39,215,24,191,20.955882352941178,6.61764705882353,14.338235294117647,79.04411764705883,8.823529411764707,70.22058823529412
E00032008,253,43,25,18,210,24,186,16.99604743083004,9.881422924901186,7.114624505928854,83.00395256916995,9.486166007905137,73.51778656126481
E00032009,258,41,23,18,217,9,208,15.891472868217054,8.914728682170542,6.976744186046512,84.10852713178295,3.488372093023256,80.62015503875969
E00032010,247,46,12,34,201,20,181,18.62348178137652,4.8582995951417,13.765182186234817,81.37651821862349,8.097165991902834,73.27935222672065
E00032011,279,41,18,23,238,20,218,14.695340501792115,6.451612903225806,8.24372759856631,85.30465949820788,7.168458781362006,78.13620071684588
E00032012,291,63,30,33,228,24,204,21.649484536082475,10.309278350515463,11.34020618556701,78.35051546391753,8.24742268041237,70.10309278350515
E00032013,343,53,21,32,290,25,265,15.451895043731778,6.122448979591836,9.329446064139942,84.54810495626822,7.288629737609329,77.25947521865889
E00032014,321,32,8,24,289,29,260,9.968847352024921,2.4922118380062304,7.476635514018691,90.03115264797508,9.034267912772584,80.99688473520249
E00032015,289,42,9,33,247,28,219,14.53287197231834,3.1141868512110724,11.418685121107266,85.46712802768167,9.688581314878892,75.77854671280276
E00032016,270,57,17,40,213,26,187,21.11111111111111,6.296296296296296,14.814814814814813,78.88888888888889,9.62962962962963,69.25925925925925
E00032017,215,43,19,24,172,16,156,20,8.837209302325581,11.162790697674419,80,7.441860465116279,72.55813953488372
E00032018,218,42,20,22,176,12,164,19.26605504587156,9.174311926605505,10.091743119266056,80.73394495412845,5.5045871559633035,75.22935779816514
E00032019,222,50,16,34,172,25,147,22.52252252252252,7.207207207207207,15.315315315315313,77.47747747747748,11.26126126126126,66.21621621621621
E00032020,296,51,19,32,245,23,222,17.22972972972973,6.418918918918918,10.81081081081081,82.77027027027027,7.77027027027027,75
E00032021,285,34,12,22,251,31,220,11.929824561403509,4.2105263157894735,7.719298245614035,88.0701754385965,10.87719298245614,77.19298245614034
E00032022,276,55,20,35,221,19,202,19.92753623188406,7.246376811594203,12.681159420289855,80.07246376811594,6.884057971014493,73.18840579710145
E00032023,232,62,30,32,170,19,151,26.72413793103448,12.931034482758621,13.793103448275861,73.27586206896551,8.189655172413794,65.08620689655173
E00032024,237,66,38,28,171,20,151,27.848101265822784,16.033755274261605,11.814345991561181,72.15189873417721,8.438818565400844,63.71308016877637
E00032025,273,43,20,23,230,22,208,15.75091575091575,7.326007326007327,8.424908424908425,84.24908424908425,8.058608058608058,76.19047619047619
E00032026,222,56,22,34,166,11,155,25.225225225225223,9.90990990990991,15.315315315315313,74.77477477477478,4.954954954954955,69.81981981981981
E00032027,335,85,44,41,250,14,236,25.37313432835821,13.134328358208954,12.238805970149254,74.6268656716418,4.179104477611941,70.44776119402985
E00032029,299,84,43,41,215,16,199,28.093645484949832,14.381270903010032,13.712374581939798,71.90635451505017,5.351170568561873,66.5551839464883
E00032030,179,37,20,17,142,11,131,20.670391061452513,11.1731843575419,9.497206703910614,79.3296089385475,6.145251396648044,73.18435754189943
E00032031,352,52,16,36,300,31,269,14.772727272727273,4.545454545454546,10.227272727272728,85.22727272727273,8.806818181818182,76.42045454545455
E00032032,282,38,13,25,244,21,223,13.47517730496454,4.609929078014184,8.865248226950355,86.52482269503547,7.446808510638298,79.07801418439716
E00032033,216,28,10,18,188,19,169,12.962962962962962,4.62962962962963,8.333333333333332,87.03703703703704,8.796296296296296,78.24074074074075
E00032034,228,70,30,40,158,12,146,30.701754385964914,13.157894736842104,17.543859649122805,69.2982456140351,5.263157894736842,64.03508771929825
E00032035,248,54,22,32,194,21,173,21.774193548387096,8.870967741935484,12.903225806451612,78.2258064516129,8.46774193548387,69.75806451612904
E00032036,247,55,22,33,192,22,170,22.267206477732792,8.906882591093117,13.360323886639677,77.7327935222672,8.906882591093117,68.82591093117408
E00032037,285,53,23,30,232,24,208,18.596491228070175,8.070175438596491,10.526315789473683,81.40350877192982,8.421052631578947,72.98245614035088
E00032038,254,47,17,30,207,20,187,18.503937007874015,6.692913385826772,11.811023622047244,81.49606299212599,7.874015748031496,73.62204724409449
E00032039,243,50,21,29,193,16,177,20.5761316872428,8.641975308641975,11.934156378600823,79.42386831275721,6.584362139917696,72.8395061728395
E00032040,316,63,29,34,253,17,236,19.936708860759495,9.177215189873419,10.759493670886076,80.0632911392405,5.379746835443038,74.68354430379746
E00032042,221,84,46,38,137,16,121,38.009049773755656,20.81447963800905,17.194570135746606,61.990950226244344,7.239819004524888,54.75113122171946
E00032043,265,53,22,31,212,18,194,20,8.30188679245283,11.69811320754717,80,6.7924528301886795,73.20754716981132
E00032044,287,45,18,27,242,16,226,15.6794425087108,6.2717770034843205,9.40766550522648,84.3205574912892,5.574912891986063,78.74564459930313
E00032045,361,81,44,37,280,20,260,22.437673130193904,12.18836565096953,10.249307479224377,77.5623268698061,5.540166204986149,72.02216066481995
E00032046,349,90,50,40,259,11,248,25.787965616045845,14.326647564469914,11.461318051575931,74.21203438395415,3.151862464183381,71.06017191977078
E00032047,263,63,33,30,200,16,184,23.954372623574145,12.547528517110266,11.406844106463879,76.04562737642586,6.083650190114068,69.96197718631178
E00032048,379,62,31,31,317,15,302,16.358839050131927,8.179419525065963,8.179419525065963,83.64116094986808,3.95778364116095,79.68337730870712
E00032049,244,53,24,29,191,15,176,21.721311475409834,9.836065573770492,11.885245901639344,78.27868852459017,6.147540983606557,72.1311475409836
E00032050,288,51,27,24,237,20,217,17.708333333333336,9.375,8.333333333333332,82.29166666666666,6.944444444444445,75.34722222222221
E00032051,291,70,38,32,221,23,198,24.054982817869416,13.058419243986256,10.996563573883162,75.94501718213058,7.903780068728522,68.04123711340206
E00032052,317,67,35,32,250,11,239,21.13564668769716,11.041009463722396,10.094637223974763,78.86435331230284,3.4700315457413247,75.39432176656152
E00032053,339,69,34,35,270,18,252,20.353982300884958,10.029498525073747,10.32448377581121,79.64601769911505,5.3097345132743365,74.33628318584071
E00032054,279,64,29,35,215,29,186,22.939068100358423,10.39426523297491,12.544802867383511,77.06093189964157,10.39426523297491,66.66666666666666
E00032057,319,63,30,33,256,19,237,19.74921630094044,9.404388714733543,10.344827586206897,80.25078369905955,5.956112852664576,74.29467084639498
E00032058,319,70,24,46,249,19,230,21.9435736677116,7.523510971786834,14.420062695924765,78.0564263322884,5.956112852664576,72.10031347962382
E00032059,238,72,42,30,166,8,158,30.252100840336134,17.647058823529413,12.605042016806722,69.74789915966386,3.361344537815126,66.38655462184873
E00032060,243,62,28,34,181,14,167,25.514403292181072,11.522633744855968,13.991769547325102,74.48559670781893,5.761316872427984,68.72427983539094
E00032062,410,99,53,46,311,26,285,24.146341463414632,12.926829268292684,11.219512195121952,75.85365853658537,6.341463414634147,69.51219512195121
E00032063,269,55,19,36,214,17,197,20.44609665427509,7.063197026022305,13.382899628252787,79.5539033457249,6.319702602230483,73.23420074349443
E00032064,354,103,64,39,251,15,236,29.09604519774011,18.07909604519774,11.016949152542372,70.90395480225989,4.23728813559322,66.66666666666666
E00032065,287,65,30,35,222,11,211,22.64808362369338,10.452961672473867,12.195121951219512,77.35191637630662,3.8327526132404177,73.5191637630662
E00032066,284,70,42,28,214,17,197,24.647887323943664,14.788732394366196,9.859154929577464,75.35211267605634,5.985915492957746,69.36619718309859
E00032067,359,71,36,35,288,22,266,19.77715877437326,10.027855153203342,9.749303621169917,80.22284122562674,6.128133704735376,74.09470752089136
E00032068,245,67,34,33,178,17,161,27.346938775510203,13.877551020408163,13.46938775510204,72.6530612244898,6.938775510204081,65.71428571428571
E00032069,320,81,43,38,239,21,218,25.3125,13.4375,11.875,74.6875,6.5625,68.125
E00032070,281,47,19,28,234,14,220,16.72597864768683,6.761565836298933,9.9644128113879,83.27402135231317,4.98220640569395,78.29181494661923
E00032071,287,91,53,38,196,16,180,31.70731707317073,18.466898954703833,13.240418118466899,68.29268292682927,5.574912891986063,62.7177700348432
E00032072,274,66,25,41,208,14,194,24.087591240875913,9.124087591240876,14.963503649635038,75.91240875912408,5.109489051094891,70.8029197080292
E00032073,331,72,38,34,259,20,239,21.75226586102719,11.48036253776435,10.27190332326284,78.24773413897282,6.042296072507553,72.20543806646525
E00032074,259,47,12,35,212,11,201,18.146718146718147,4.633204633204633,13.513513513513514,81.85328185328186,4.247104247104247,77.60617760617761
E00032075,290,62,35,27,228,21,207,21.379310344827587,12.068965517241379,9.310344827586208,78.62068965517241,7.241379310344828,71.37931034482759
E00032076,337,82,30,52,255,23,232,24.33234421364985,8.902077151335313,15.43026706231454,75.66765578635015,6.824925816023739,68.84272997032642
E00032077,267,38,19,19,229,10,219,14.232209737827715,7.116104868913857,7.116104868913857,85.76779026217228,3.7453183520599254,82.02247191011236
E00032078,305,62,28,34,243,17,226,20.327868852459016,9.180327868852459,11.147540983606557,79.67213114754098,5.573770491803279,74.09836065573771
E00032079,265,32,15,17,233,16,217,12.075471698113208,5.660377358490567,6.415094339622642,87.9245283018868,6.037735849056604,81.88679245283019
E00032080,335,25,11,14,310,24,286,7.462686567164178,3.2835820895522385,4.179104477611941,92.53731343283582,7.164179104477612,85.37313432835822
E00032081,393,66,32,34,327,20,307,16.793893129770993,8.142493638676845,8.651399491094146,83.20610687022901,5.089058524173027,78.11704834605598
E00032082,249,53,23,30,196,16,180,21.285140562248998,9.236947791164658,12.048192771084338,78.714859437751,6.425702811244979,72.28915662650603
E00032083,442,77,29,48,365,34,331,17.420814479638008,6.561085972850679,10.85972850678733,82.57918552036199,7.6923076923076925,74.8868778280543
E00032084,393,81,38,43,312,21,291,20.610687022900763,9.669211195928753,10.941475826972011,79.38931297709924,5.343511450381679,74.04580152671755
E00032085,278,39,18,21,239,21,218,14.028776978417264,6.474820143884892,7.553956834532374,85.97122302158273,7.553956834532374,78.41726618705036
E00032086,310,43,19,24,267,20,247,13.870967741935484,6.129032258064516,7.741935483870968,86.12903225806451,6.451612903225806,79.6774193548387
E00032087,329,64,18,46,265,26,239,19.45288753799392,5.47112462006079,13.98176291793313,80.54711246200608,7.90273556231003,72.64437689969606
E00032088,301,62,28,34,239,25,214,20.59800664451827,9.30232558139535,11.295681063122924,79.40199335548172,8.305647840531561,71.09634551495017
E00032089,511,83,35,48,428,36,392,16.2426614481409,6.8493150684931505,9.393346379647749,83.75733855185909,7.045009784735812,76.71232876712328
E00032090,303,66,30,36,237,18,219,21.782178217821784,9.900990099009901,11.881188118811881,78.21782178217822,5.9405940594059405,72.27722772277228
E00032091,334,48,14,34,286,21,265,14.37125748502994,4.191616766467066,10.179640718562874,85.62874251497006,6.287425149700598,79.34131736526946
E00032092,272,51,23,28,221,25,196,18.75,8.455882352941178,10.294117647058822,81.25,9.191176470588236,72.05882352941177
E00032094,434,106,38,68,328,30,298,24.42396313364055,8.755760368663594,15.668202764976957,75.57603686635944,6.912442396313365,68.66359447004609
E00032095,504,165,117,48,339,30,309,32.73809523809524,23.214285714285715,9.523809523809524,67.26190476190477,5.952380952380952,61.30952380952381
E00032096,263,77,41,36,186,19,167,29.277566539923956,15.5893536121673,13.688212927756654,70.72243346007605,7.224334600760455,63.49809885931559
E00032097,243,47,17,30,196,22,174,19.34156378600823,6.995884773662551,12.345679012345679,80.65843621399176,9.053497942386832,71.60493827160494
E00032098,277,58,20,38,219,20,199,20.938628158844764,7.2202166064981945,13.718411552346572,79.06137184115524,7.2202166064981945,71.84115523465704
E00032099,380,116,47,69,264,32,232,30.526315789473685,12.368421052631579,18.157894736842106,69.47368421052632,8.421052631578947,61.05263157894737
E00032100,267,45,16,29,222,26,196,16.853932584269664,5.992509363295881,10.861423220973784,83.14606741573034,9.737827715355806,73.40823970037454
E00032101,249,38,16,22,211,16,195,15.261044176706829,6.425702811244979,8.835341365461847,84.73895582329317,6.425702811244979,78.3132530120482
E00032102,273,70,34,36,203,17,186,25.64102564102564,12.454212454212454,13.186813186813188,74.35897435897436,6.227106227106227,68.13186813186813
E00032103,271,52,25,27,219,16,203,19.18819188191882,9.22509225092251,9.96309963099631,80.81180811808119,5.904059040590406,74.90774907749078
E00032104,341,78,39,39,263,23,240,22.87390029325513,11.436950146627565,11.436950146627565,77.12609970674487,6.744868035190615,70.38123167155426
E00032105,355,110,61,49,245,21,224,30.985915492957744,17.183098591549296,13.802816901408452,69.01408450704226,5.915492957746479,63.098591549295776
E00032106,293,63,31,32,230,15,215,21.501706484641637,10.580204778156997,10.921501706484642,78.49829351535837,5.1194539249146755,73.37883959044369
E00032107,426,140,73,67,286,24,262,32.863849765258216,17.136150234741784,15.727699530516432,67.13615023474179,5.633802816901409,61.502347417840376
E00032108,259,75,44,31,184,11,173,28.957528957528954,16.988416988416986,11.96911196911197,71.04247104247105,4.247104247104247,66.79536679536679
E00032109,379,60,22,38,319,27,292,15.8311345646438,5.804749340369393,10.026385224274406,84.1688654353562,7.12401055408971,77.04485488126649
E00032110,283,62,30,32,221,24,197,21.908127208480565,10.60070671378092,11.307420494699647,78.09187279151944,8.480565371024735,69.6113074204947
E00032111,274,92,43,49,182,15,167,33.57664233576642,15.693430656934307,17.88321167883212,66.42335766423358,5.474452554744526,60.94890510948905
E00032112,472,87,37,50,385,31,354,18.43220338983051,7.838983050847458,10.59322033898305,81.5677966101695,6.567796610169492,75
E00032113,364,52,19,33,312,28,284,14.285714285714285,5.21978021978022,9.065934065934066,85.71428571428571,7.6923076923076925,78.02197802197803
E00032114,312,71,37,34,241,23,218,22.756410256410255,11.858974358974358,10.897435897435898,77.24358974358975,7.371794871794872,69.87179487179486
E00032115,310,61,21,40,249,29,220,19.67741935483871,6.774193548387098,12.903225806451612,80.3225806451613,9.35483870967742,70.96774193548387
E00032116,280,48,26,22,232,20,212,17.142857142857142,9.285714285714286,7.857142857142857,82.85714285714286,7.142857142857142,75.71428571428571
E00032117,262,44,17,27,218,20,198,16.793893129770993,6.488549618320611,10.305343511450381,83.20610687022901,7.633587786259542,75.57251908396947
E00032118,338,67,28,39,271,21,250,19.82248520710059,8.284023668639055,11.538461538461538,80.1775147928994,6.21301775147929,73.96449704142012
E00032119,256,59,25,34,197,18,179,23.046875,9.765625,13.28125,76.953125,7.03125,69.921875
E00032120,253,51,19,32,202,9,193,20.158102766798418,7.5098814229249005,12.648221343873518,79.84189723320159,3.557312252964427,76.28458498023716
E00032121,290,55,20,35,235,18,217,18.96551724137931,6.896551724137931,12.068965517241379,81.03448275862068,6.206896551724138,74.82758620689656
E00032122,228,30,11,19,198,18,180,13.157894736842104,4.824561403508771,8.333333333333332,86.8421052631579,7.894736842105263,78.94736842105263
E00032123,293,47,22,25,246,23,223,16.040955631399317,7.508532423208192,8.532423208191126,83.95904436860067,7.849829351535837,76.10921501706484
E00032124,310,48,11,37,262,26,236,15.483870967741936,3.5483870967741935,11.935483870967742,84.51612903225806,8.38709677419355,76.12903225806451
E00032125,246,64,39,25,182,23,159,26.01626016260163,15.853658536585366,10.16260162601626,73.98373983739837,9.34959349593496,64.63414634146342
E00032126,310,49,20,29,261,23,238,15.806451612903224,6.451612903225806,9.35483870967742,84.19354838709677,7.419354838709677,76.77419354838709
E00032127,261,90,50,40,171,22,149,34.48275862068966,19.157088122605366,15.32567049808429,65.51724137931035,8.42911877394636,57.08812260536399
E00032128,287,52,21,31,235,28,207,18.118466898954704,7.317073170731707,10.801393728222997,81.8815331010453,9.75609756097561,72.12543554006969
E00032129,296,47,16,31,249,25,224,15.878378378378377,5.405405405405405,10.472972972972974,84.12162162162163,8.445945945945946,75.67567567567568
E00032130,350,76,24,52,274,27,247,21.714285714285715,6.857142857142858,14.857142857142858,78.28571428571428,7.7142857142857135,70.57142857142857
E00032131,344,56,13,43,288,28,260,16.27906976744186,3.77906976744186,12.5,83.72093023255815,8.13953488372093,75.5813953488372
E00032132,296,44,13,31,252,23,229,14.864864864864865,4.391891891891892,10.472972972972974,85.13513513513513,7.77027027027027,77.36486486486487
E00032133,399,79,29,50,320,27,293,19.799498746867165,7.268170426065162,12.531328320802004,80.20050125313283,6.7669172932330826,73.43358395989975
E00032134,305,69,37,32,236,12,224,22.62295081967213,12.131147540983607,10.491803278688524,77.37704918032787,3.934426229508197,73.44262295081967
E00032135,425,98,39,59,327,39,288,23.058823529411764,9.176470588235293,13.882352941176471,76.94117647058823,9.176470588235293,67.76470588235294
E00032136,459,95,37,58,364,38,326,20.697167755991288,8.061002178649238,12.636165577342048,79.30283224400871,8.278867102396514,71.0239651416122
E00032137,268,54,25,29,214,21,193,20.149253731343283,9.328358208955224,10.820895522388058,79.8507462686567,7.835820895522389,72.01492537313433
E00032138,293,63,24,39,230,26,204,21.501706484641637,8.19112627986348,13.310580204778159,78.49829351535837,8.873720136518772,69.6245733788396
E00032139,335,76,27,49,259,26,233,22.686567164179106,8.059701492537313,14.626865671641792,77.31343283582089,7.761194029850746,69.55223880597015
E00032141,311,62,17,45,249,24,225,19.935691318327976,5.466237942122187,14.469453376205788,80.06430868167203,7.717041800643088,72.34726688102894
E00032142,347,34,14,20,313,28,285,9.798270893371757,4.034582132564841,5.763688760806916,90.20172910662824,8.069164265129682,82.13256484149855
E00032143,224,62,27,35,162,16,146,27.67857142857143,12.053571428571429,15.625,72.32142857142857,7.142857142857142,65.17857142857143
E00032144,279,62,22,40,217,19,198,22.22222222222222,7.885304659498208,14.336917562724013,77.77777777777779,6.810035842293908,70.96774193548387
E00032145,319,59,29,30,260,15,245,18.495297805642632,9.090909090909092,9.404388714733543,81.50470219435736,4.702194357366771,76.8025078369906
E00032146,270,40,19,21,230,20,210,14.814814814814813,7.037037037037037,7.777777777777778,85.18518518518519,7.4074074074074066,77.77777777777779
E00032148,263,48,21,27,215,10,205,18.250950570342205,7.984790874524715,10.26615969581749,81.74904942965779,3.802281368821293,77.9467680608365
E00032149,256,61,37,24,195,12,183,23.828125,14.453125,9.375,76.171875,4.6875,71.484375
E00032150,236,48,20,28,188,26,162,20.33898305084746,8.47457627118644,11.864406779661017,79.66101694915254,11.016949152542372,68.64406779661016
E00032151,332,107,54,53,225,6,219,32.22891566265061,16.265060240963855,15.963855421686745,67.7710843373494,1.8072289156626504,65.96385542168674
E00032152,236,48,14,34,188,21,167,20.33898305084746,5.932203389830509,14.40677966101695,79.66101694915254,8.898305084745763,70.76271186440678
E00032153,283,51,19,32,232,20,212,18.021201413427562,6.713780918727916,11.307420494699647,81.97879858657244,7.06713780918728,74.91166077738515
E00032154,262,89,42,47,173,16,157,33.969465648854964,16.030534351145036,17.938931297709924,66.03053435114504,6.106870229007633,59.92366412213741
E00032155,287,79,42,37,208,14,194,27.526132404181187,14.634146341463413,12.89198606271777,72.47386759581882,4.878048780487805,67.59581881533101
E00032156,229,58,32,26,171,21,150,25.327510917030565,13.973799126637553,11.353711790393014,74.67248908296943,9.170305676855897,65.50218340611353
E00032157,299,99,42,57,200,15,185,33.11036789297659,14.046822742474916,19.063545150501675,66.88963210702342,5.016722408026756,61.87290969899666
E00032158,285,59,27,32,226,25,201,20.701754385964914,9.473684210526317,11.228070175438596,79.2982456140351,8.771929824561402,70.52631578947368
E00032159,277,68,32,36,209,14,195,24.548736462093864,11.552346570397113,12.996389891696749,75.45126353790613,5.054151624548736,70.3971119133574
E00032160,314,45,21,24,269,17,252,14.331210191082802,6.687898089171974,7.643312101910828,85.6687898089172,5.414012738853503,80.2547770700637
E00032161,309,48,22,26,261,23,238,15.53398058252427,7.119741100323624,8.414239482200648,84.46601941747572,7.443365695792881,77.02265372168284
E00032162,261,37,13,24,224,20,204,14.17624521072797,4.980842911877394,9.195402298850574,85.82375478927203,7.662835249042145,78.16091954022988
E00032163,420,70,24,46,350,27,323,16.666666666666664,5.714285714285714,10.952380952380953,83.33333333333334,6.428571428571428,76.90476190476191
E00032164,255,51,19,32,204,33,171,20,7.450980392156863,12.549019607843137,80,12.941176470588237,67.05882352941175
E00032165,244,69,33,36,175,21,154,28.278688524590162,13.524590163934427,14.754098360655737,71.72131147540983,8.60655737704918,63.114754098360656
E00032166,460,83,49,34,377,37,340,18.043478260869566,10.652173913043478,7.391304347826087,81.95652173913044,8.043478260869565,73.91304347826086
E00032167,472,66,21,45,406,38,368,13.983050847457626,4.4491525423728815,9.533898305084746,86.01694915254238,8.050847457627118,77.96610169491525
E00032168,321,108,64,44,213,10,203,33.64485981308411,19.937694704049843,13.707165109034266,66.35514018691589,3.115264797507788,63.2398753894081
E00032169,468,73,33,40,395,30,365,15.598290598290598,7.051282051282051,8.547008547008547,84.4017094017094,6.41025641025641,77.99145299145299
E00032170,343,33,11,22,310,36,274,9.620991253644315,3.206997084548105,6.41399416909621,90.37900874635568,10.495626822157435,79.88338192419825
E00032171,295,71,32,39,224,18,206,24.06779661016949,10.847457627118644,13.220338983050848,75.9322033898305,6.101694915254238,69.83050847457626
E00032172,404,44,13,31,360,28,332,10.891089108910892,3.217821782178218,7.673267326732673,89.10891089108911,6.9306930693069315,82.17821782178217
E00032173,211,113,62,51,98,11,87,53.55450236966824,29.383886255924168,24.170616113744074,46.44549763033176,5.213270142180095,41.23222748815166
E00032174,307,64,28,36,243,35,208,20.846905537459286,9.120521172638437,11.726384364820847,79.15309446254072,11.400651465798045,67.75244299674267
E00032175,318,42,16,26,276,29,247,13.20754716981132,5.031446540880504,8.176100628930817,86.79245283018868,9.119496855345911,77.67295597484278
E00032176,264,64,38,26,200,10,190,24.242424242424242,14.393939393939394,9.848484848484848,75.75757575757575,3.787878787878788,71.96969696969697
E00032177,177,71,44,27,106,11,95,40.11299435028249,24.858757062146893,15.254237288135593,59.887005649717516,6.214689265536723,53.672316384180796
E00032178,233,64,34,30,169,14,155,27.467811158798284,14.592274678111588,12.875536480686694,72.53218884120172,6.008583690987124,66.52360515021459
E00032179,283,48,21,27,235,21,214,16.96113074204947,7.420494699646643,9.540636042402827,83.03886925795054,7.420494699646643,75.61837455830388
E00032180,440,107,49,58,333,22,311,24.31818181818182,11.136363636363637,13.18181818181818,75.68181818181819,5,70.68181818181817
E00032181,304,79,41,38,225,26,199,25.986842105263158,13.486842105263158,12.5,74.01315789473685,8.552631578947368,65.46052631578947
E00032182,468,58,25,33,410,38,372,12.393162393162394,5.3418803418803416,7.051282051282051,87.6068376068376,8.11965811965812,79.48717948717949
E00032183,313,66,30,36,247,13,234,21.08626198083067,9.584664536741213,11.501597444089457,78.91373801916933,4.15335463258786,74.76038338658148
E00032184,234,52,33,19,182,18,164,22.22222222222222,14.102564102564102,8.11965811965812,77.77777777777779,7.6923076923076925,70.08547008547008
E00032185,278,43,23,20,235,19,216,15.467625899280577,8.273381294964029,7.1942446043165464,84.53237410071942,6.83453237410072,77.6978417266187
E00032186,349,58,30,28,291,23,268,16.6189111747851,8.595988538681947,8.022922636103152,83.3810888252149,6.59025787965616,76.79083094555874
E00032187,391,74,26,48,317,33,284,18.925831202046037,6.649616368286446,12.27621483375959,81.07416879795396,8.439897698209718,72.63427109974424
E00032188,258,49,20,29,209,26,183,18.992248062015506,7.751937984496124,11.24031007751938,81.0077519379845,10.077519379844961,70.93023255813954
E00032189,284,59,30,29,225,23,202,20.774647887323944,10.56338028169014,10.211267605633804,79.22535211267606,8.098591549295776,71.12676056338029
E00032190,281,59,32,27,222,22,200,20.99644128113879,11.387900355871885,9.608540925266903,79.00355871886121,7.829181494661921,71.17437722419929
E00032191,304,47,14,33,257,24,233,15.460526315789474,4.605263157894736,10.855263157894738,84.53947368421053,7.894736842105263,76.64473684210526
E00032192,286,65,34,31,221,18,203,22.727272727272727,11.888111888111888,10.839160839160838,77.27272727272727,6.293706293706294,70.97902097902097
E00032193,241,58,28,30,183,20,163,24.066390041493776,11.618257261410788,12.448132780082988,75.93360995850622,8.29875518672199,67.63485477178423
E00032194,313,58,31,27,255,24,231,18.53035143769968,9.904153354632587,8.626198083067091,81.46964856230032,7.667731629392971,73.80191693290735
E00032195,357,49,16,33,308,28,280,13.725490196078432,4.481792717086835,9.243697478991598,86.27450980392157,7.8431372549019605,78.43137254901961
E00032196,260,49,23,26,211,21,190,18.846153846153847,8.846153846153847,10,81.15384615384616,8.076923076923077,73.07692307692307
E00032197,339,95,53,42,244,20,224,28.023598820058996,15.634218289085547,12.389380530973451,71.976401179941,5.899705014749262,66.07669616519173
E00032198,440,90,46,44,350,26,324,20.454545454545457,10.454545454545453,10,79.54545454545455,5.909090909090909,73.63636363636363
E00032200,364,69,30,39,295,19,276,18.956043956043956,8.241758241758241,10.714285714285714,81.04395604395604,5.21978021978022,75.82417582417582
E00032201,399,119,78,41,280,24,256,29.82456140350877,19.548872180451127,10.275689223057643,70.17543859649122,6.015037593984962,64.16040100250626
E00032202,508,91,47,44,417,46,371,17.913385826771652,9.251968503937007,8.661417322834646,82.08661417322834,9.05511811023622,73.03149606299213
E00032203,317,105,62,43,212,16,196,33.12302839116719,19.558359621451103,13.564668769716087,66.8769716088328,5.047318611987381,61.82965299684543
E00032204,281,84,34,50,197,10,187,29.8932384341637,12.099644128113878,17.793594306049823,70.1067615658363,3.558718861209965,66.54804270462633
E00032205,404,120,56,64,284,12,272,29.7029702970297,13.861386138613863,15.841584158415841,70.29702970297029,2.9702970297029703,67.32673267326733
E00032206,536,127,49,78,409,28,381,23.69402985074627,9.14179104477612,14.55223880597015,76.30597014925374,5.223880597014925,71.0820895522388
E00032207,325,101,56,45,224,13,211,31.076923076923073,17.23076923076923,13.846153846153847,68.92307692307692,4,64.92307692307693
E00032208,371,79,39,40,292,19,273,21.293800539083556,10.512129380053908,10.781671159029651,78.70619946091644,5.121293800539084,73.58490566037736
E00032209,376,83,44,39,293,18,275,22.074468085106382,11.702127659574469,10.372340425531915,77.92553191489363,4.787234042553192,73.13829787234043
E00032210,323,83,43,40,240,17,223,25.696594427244584,13.312693498452013,12.38390092879257,74.30340557275542,5.263157894736842,69.04024767801857
E00032211,336,79,41,38,257,20,237,23.511904761904763,12.202380952380953,11.30952380952381,76.48809523809523,5.952380952380952,70.53571428571429
E00032212,291,84,41,43,207,15,192,28.865979381443296,14.0893470790378,14.776632302405499,71.1340206185567,5.154639175257731,65.97938144329896
E00032213,270,68,35,33,202,13,189,25.185185185185183,12.962962962962962,12.222222222222221,74.81481481481481,4.814814814814815,70
E00032214,302,59,27,32,243,17,226,19.5364238410596,8.940397350993377,10.596026490066226,80.4635761589404,5.629139072847682,74.83443708609272
E00032215,262,57,29,28,205,11,194,21.755725190839694,11.068702290076336,10.687022900763358,78.2442748091603,4.198473282442748,74.04580152671755
E00032216,340,62,32,30,278,25,253,18.235294117647058,9.411764705882353,8.823529411764707,81.76470588235294,7.352941176470589,74.41176470588235
E00032217,247,72,34,38,175,8,167,29.1497975708502,13.765182186234817,15.384615384615385,70.8502024291498,3.2388663967611335,67.61133603238866
E00032218,289,60,22,38,229,15,214,20.761245674740483,7.612456747404845,13.148788927335639,79.23875432525952,5.190311418685121,74.0484429065744
E00032219,414,112,48,64,302,27,275,27.053140096618357,11.594202898550725,15.458937198067632,72.94685990338165,6.521739130434782,66.42512077294685
E00032220,338,65,30,35,273,16,257,19.230769230769234,8.875739644970414,10.355029585798817,80.76923076923077,4.733727810650888,76.03550295857988
E00032221,306,64,27,37,242,30,212,20.915032679738562,8.823529411764707,12.091503267973856,79.08496732026144,9.803921568627452,69.28104575163398
E00032222,299,57,26,31,242,10,232,19.063545150501675,8.695652173913043,10.367892976588628,80.93645484949833,3.3444816053511706,77.59197324414716
E00032223,298,81,37,44,217,25,192,27.181208053691275,12.416107382550337,14.76510067114094,72.81879194630872,8.389261744966444,64.42953020134227
E00032224,216,52,35,17,164,10,154,24.074074074074073,16.203703703703702,7.87037037037037,75.92592592592592,4.62962962962963,71.29629629629629
E00032225,389,87,35,52,302,15,287,22.36503856041131,8.997429305912597,13.367609254498714,77.6349614395887,3.8560411311053984,73.7789203084833
E00032226,158,54,24,30,104,6,98,34.177215189873415,15.18987341772152,18.9873417721519,65.82278481012658,3.79746835443038,62.0253164556962
E00032227,273,102,74,28,171,16,155,37.362637362637365,27.106227106227106,10.256410256410255,62.637362637362635,5.86080586080586,56.776556776556774
E00032228,374,77,36,41,297,19,278,20.588235294117645,9.62566844919786,10.962566844919785,79.41176470588235,5.080213903743315,74.33155080213903
E00032229,352,84,50,34,268,12,256,23.863636363636363,14.204545454545455,9.659090909090908,76.13636363636364,3.4090909090909087,72.72727272727273
E00032230,291,73,40,33,218,10,208,25.085910652920962,13.745704467353953,11.34020618556701,74.91408934707904,3.436426116838488,71.47766323024055
E00032231,280,54,26,28,226,15,211,19.28571428571429,9.285714285714286,10,80.71428571428572,5.357142857142857,75.35714285714286
E00032232,251,71,39,32,180,12,168,28.286852589641438,15.53784860557769,12.749003984063744,71.71314741035857,4.780876494023905,66.93227091633466
E00032233,518,81,31,50,437,34,403,15.637065637065636,5.984555984555985,9.652509652509652,84.36293436293437,6.563706563706563,77.7992277992278
E00032234,257,72,24,48,185,20,165,28.01556420233463,9.33852140077821,18.67704280155642,71.98443579766537,7.782101167315175,64.2023346303502
E00032235,269,57,25,32,212,12,200,21.189591078066915,9.293680297397769,11.895910780669144,78.81040892193309,4.4609665427509295,74.34944237918215
E00032236,377,144,83,61,233,9,224,38.196286472148536,22.015915119363395,16.180371352785148,61.80371352785146,2.3872679045092835,59.41644562334217
E00032237,310,59,31,28,251,20,231,19.032258064516128,10,9.032258064516128,80.96774193548387,6.451612903225806,74.51612903225806
E00032238,293,57,26,31,236,27,209,19.453924914675767,8.873720136518772,10.580204778156997,80.54607508532423,9.215017064846416,71.33105802047781
E00032239,113,29,9,20,84,6,78,25.663716814159294,7.964601769911504,17.699115044247787,74.33628318584071,5.3097345132743365,69.02654867256636
E00032240,246,57,34,23,189,14,175,23.170731707317074,13.821138211382115,9.34959349593496,76.82926829268293,5.691056910569105,71.13821138211382
E00032241,252,62,33,29,190,15,175,24.6031746031746,13.095238095238097,11.507936507936508,75.39682539682539,5.952380952380952,69.44444444444444
E00032242,234,57,22,35,177,15,162,24.358974358974358,9.401709401709402,14.957264957264957,75.64102564102564,6.41025641025641,69.23076923076923
E00032243,314,76,49,27,238,17,221,24.203821656050955,15.605095541401273,8.598726114649681,75.79617834394905,5.414012738853503,70.38216560509554
E00032244,198,54,26,28,144,12,132,27.27272727272727,13.131313131313133,14.14141414141414,72.72727272727273,6.0606060606060606,66.66666666666666
E00032245,279,74,44,30,205,11,194,26.523297491039425,15.770609318996415,10.75268817204301,73.47670250896059,3.942652329749104,69.53405017921148
E00032246,238,73,45,28,165,16,149,30.672268907563026,18.907563025210084,11.76470588235294,69.32773109243698,6.722689075630252,62.60504201680672
E00032247,328,56,23,33,272,39,233,17.073170731707318,7.01219512195122,10.060975609756099,82.92682926829268,11.890243902439025,71.03658536585365
E00032248,234,60,32,28,174,21,153,25.64102564102564,13.675213675213676,11.965811965811966,74.35897435897436,8.974358974358974,65.38461538461539
E00032249,263,44,18,26,219,31,188,16.730038022813687,6.844106463878327,9.885931558935361,83.26996197718631,11.787072243346007,71.48288973384031
E00032250,290,44,20,24,246,24,222,15.172413793103448,6.896551724137931,8.275862068965518,84.82758620689656,8.275862068965518,76.55172413793103
E00032251,257,49,20,29,208,20,188,19.06614785992218,7.782101167315175,11.284046692607005,80.93385214007782,7.782101167315175,73.15175097276264
E00032252,283,43,16,27,240,18,222,15.19434628975265,5.6537102473498235,9.540636042402827,84.80565371024736,6.36042402826855,78.4452296819788
E00032253,299,45,22,23,254,29,225,15.050167224080269,7.357859531772576,7.6923076923076925,84.94983277591973,9.698996655518394,75.25083612040135
E00032254,232,21,4,17,211,19,192,9.051724137931034,1.7241379310344827,7.327586206896551,90.94827586206897,8.189655172413794,82.75862068965517
E00032255,267,53,20,33,214,20,194,19.850187265917604,7.490636704119851,12.359550561797752,80.14981273408239,7.490636704119851,72.65917602996255
E00032256,343,45,18,27,298,31,267,13.119533527696792,5.247813411078718,7.871720116618077,86.88046647230321,9.037900874635568,77.84256559766763
E00032257,246,70,33,37,176,14,162,28.455284552845526,13.414634146341465,15.040650406504067,71.54471544715447,5.691056910569105,65.85365853658537
E00032258,373,77,41,36,296,22,274,20.64343163538874,10.991957104557642,9.651474530831099,79.35656836461126,5.898123324396782,73.45844504021449
E00032259,278,65,26,39,213,18,195,23.381294964028775,9.352517985611511,14.028776978417264,76.61870503597122,6.474820143884892,70.14388489208633
E00032261,191,54,28,26,137,10,127,28.272251308900525,14.659685863874344,13.612565445026178,71.72774869109948,5.2356020942408374,66.49214659685863
E00032262,439,67,23,44,372,27,345,15.261958997722095,5.239179954441914,10.022779043280181,84.73804100227791,6.150341685649203,78.5876993166287
E00032263,313,53,21,32,260,19,241,16.93290734824281,6.7092651757188495,10.223642172523961,83.06709265175719,6.070287539936102,76.99680511182109
E00032264,233,60,32,28,173,26,147,25.75107296137339,13.733905579399142,12.017167381974248,74.2489270386266,11.158798283261802,63.0901287553648
E00032265,315,45,13,32,270,22,248,14.285714285714285,4.1269841269841265,10.158730158730158,85.71428571428571,6.984126984126984,78.73015873015873
E00032266,499,54,20,34,445,41,404,10.821643286573146,4.008016032064128,6.813627254509018,89.17835671342685,8.216432865731463,80.96192384769539
E00032267,224,82,46,36,142,9,133,36.607142857142854,20.535714285714285,16.071428571428573,63.39285714285714,4.017857142857143,59.375
E00032268,306,57,17,40,249,17,232,18.627450980392158,5.555555555555555,13.071895424836603,81.37254901960785,5.555555555555555,75.81699346405229
E00032269,278,51,20,31,227,29,198,18.345323741007196,7.1942446043165464,11.151079136690647,81.65467625899281,10.431654676258994,71.22302158273382
E00032270,275,40,14,26,235,22,213,14.545454545454545,5.090909090909091,9.454545454545455,85.45454545454545,8,77.45454545454545
E00032271,542,64,28,36,478,35,443,11.808118081180812,5.166051660516605,6.642066420664207,88.19188191881919,6.4575645756457565,81.73431734317343
E00032272,289,69,33,36,220,23,197,23.875432525951556,11.418685121107266,12.45674740484429,76.12456747404845,7.958477508650519,68.16608996539793
E00032275,234,54,24,30,180,12,168,23.076923076923077,10.256410256410255,12.82051282051282,76.92307692307693,5.128205128205128,71.7948717948718
E00032276,381,83,32,51,298,25,273,21.784776902887142,8.398950131233596,13.385826771653544,78.21522309711287,6.561679790026247,71.65354330708661
E00032277,297,55,24,31,242,25,217,18.51851851851852,8.080808080808081,10.437710437710438,81.48148148148148,8.417508417508419,73.06397306397307
E00032278,216,51,21,30,165,10,155,23.61111111111111,9.722222222222223,13.88888888888889,76.38888888888889,4.62962962962963,71.75925925925925
E00032279,313,56,18,38,257,23,234,17.89137380191693,5.7507987220447285,12.140575079872203,82.10862619808307,7.348242811501597,74.76038338658148
E00032280,264,50,24,26,214,22,192,18.939393939393938,9.090909090909092,9.848484848484848,81.06060606060606,8.333333333333332,72.72727272727273
E00032281,255,54,30,24,201,27,174,21.176470588235293,11.76470588235294,9.411764705882353,78.82352941176471,10.588235294117647,68.23529411764706
E00032282,248,62,21,41,186,18,168,25,8.46774193548387,16.532258064516128,75,7.258064516129033,67.74193548387096
E00032283,222,52,23,29,170,15,155,23.423423423423422,10.36036036036036,13.063063063063062,76.57657657657657,6.756756756756757,69.81981981981981
E00032284,307,44,12,32,263,29,234,14.332247557003258,3.908794788273615,10.423452768729643,85.66775244299674,9.446254071661238,76.2214983713355
E00032285,167,46,18,28,121,17,104,27.54491017964072,10.778443113772456,16.766467065868262,72.45508982035929,10.179640718562874,62.27544910179641
E00032286,322,44,19,25,278,15,263,13.664596273291925,5.900621118012422,7.763975155279502,86.33540372670807,4.658385093167702,81.67701863354037
E00032287,344,50,22,28,294,24,270,14.534883720930234,6.395348837209303,8.13953488372093,85.46511627906976,6.976744186046512,78.48837209302324
E00032288,311,48,24,24,263,22,241,15.434083601286176,7.717041800643088,7.717041800643088,84.56591639871382,7.07395498392283,77.491961414791
E00032289,277,35,21,14,242,26,216,12.63537906137184,7.581227436823104,5.054151624548736,87.36462093862815,9.386281588447654,77.9783393501805
E00032290,296,38,17,21,258,20,238,12.837837837837837,5.743243243243244,7.094594594594595,87.16216216216216,6.756756756756757,80.4054054054054
E00032291,279,35,15,20,244,15,229,12.544802867383511,5.376344086021505,7.168458781362006,87.45519713261649,5.376344086021505,82.07885304659499
E00032292,318,35,15,20,283,29,254,11.0062893081761,4.716981132075472,6.289308176100629,88.9937106918239,9.119496855345911,79.87421383647799
E00032293,256,58,19,39,198,21,177,22.65625,7.421875,15.234375,77.34375,8.203125,69.140625
E00032294,273,48,23,25,225,23,202,17.582417582417584,8.424908424908425,9.157509157509157,82.41758241758241,8.424908424908425,73.992673992674
E00032295,294,46,15,31,248,28,220,15.646258503401361,5.1020408163265305,10.54421768707483,84.35374149659864,9.523809523809524,74.82993197278913
E00032296,288,50,26,24,238,20,218,17.36111111111111,9.027777777777777,8.333333333333332,82.63888888888889,6.944444444444445,75.69444444444444
E00032297,254,44,16,28,210,24,186,17.322834645669293,6.299212598425196,11.023622047244094,82.67716535433071,9.448818897637794,73.22834645669292
E00032298,303,57,25,32,246,28,218,18.81188118811881,8.25082508250825,10.561056105610561,81.1881188118812,9.24092409240924,71.94719471947195
E00032299,251,48,18,30,203,23,180,19.12350597609562,7.171314741035857,11.952191235059761,80.87649402390437,9.163346613545817,71.71314741035857
E00032300,257,45,23,22,212,20,192,17.509727626459142,8.949416342412452,8.560311284046692,82.49027237354085,7.782101167315175,74.70817120622569
E00032301,254,51,17,34,203,16,187,20.078740157480315,6.692913385826772,13.385826771653544,79.92125984251969,6.299212598425196,73.62204724409449
E00032302,289,32,11,21,257,17,240,11.072664359861593,3.8062283737024223,7.26643598615917,88.92733564013841,5.88235294117647,83.04498269896193
E00032303,303,57,28,29,246,20,226,18.81188118811881,9.24092409240924,9.570957095709572,81.1881188118812,6.6006600660066,74.58745874587459
E00032304,315,46,16,30,269,24,245,14.603174603174605,5.079365079365079,9.523809523809524,85.39682539682539,7.6190476190476195,77.77777777777779
E00032305,416,66,21,45,350,41,309,15.865384615384615,5.048076923076923,10.817307692307693,84.13461538461539,9.85576923076923,74.27884615384616
E00032306,320,59,33,26,261,26,235,18.4375,10.3125,8.125,81.5625,8.125,73.4375
E00032308,307,66,27,39,241,18,223,21.49837133550489,8.794788273615636,12.703583061889251,78.50162866449512,5.863192182410423,72.63843648208469
E00032309,264,53,23,30,211,13,198,20.075757575757574,8.712121212121213,11.363636363636363,79.92424242424242,4.924242424242424,75
E00032310,344,92,34,58,252,23,229,26.744186046511626,9.883720930232558,16.86046511627907,73.25581395348837,6.686046511627906,66.56976744186046
E00032311,312,63,29,34,249,16,233,20.192307692307693,9.294871794871796,10.897435897435898,79.8076923076923,5.128205128205128,74.67948717948718
E00032312,273,45,17,28,228,23,205,16.483516483516482,6.227106227106227,10.256410256410255,83.51648351648352,8.424908424908425,75.0915750915751
E00032313,226,83,47,36,143,13,130,36.72566371681416,20.79646017699115,15.929203539823009,63.27433628318584,5.752212389380531,57.52212389380531
E00032315,467,76,46,30,391,30,361,16.274089935760173,9.850107066381156,6.423982869379015,83.72591006423983,6.423982869379015,77.30192719486081
E00032316,265,31,11,20,234,24,210,11.69811320754717,4.150943396226415,7.547169811320755,88.30188679245283,9.056603773584905,79.24528301886792
E00032317,257,31,10,21,226,14,212,12.062256809338521,3.8910505836575875,8.171206225680933,87.93774319066148,5.447470817120623,82.49027237354085
E00032318,319,38,16,22,281,29,252,11.912225705329153,5.015673981191222,6.896551724137931,88.08777429467085,9.090909090909092,78.99686520376176
E00032319,302,44,17,27,258,22,236,14.56953642384106,5.629139072847682,8.940397350993377,85.43046357615894,7.28476821192053,78.1456953642384
E00032320,335,43,14,29,292,38,254,12.835820895522387,4.179104477611941,8.656716417910449,87.16417910447761,11.343283582089553,75.82089552238806
E00032321,256,46,27,19,210,17,193,17.96875,10.546875,7.421875,82.03125,6.640625,75.390625
E00032322,298,42,14,28,256,28,228,14.093959731543624,4.697986577181208,9.395973154362416,85.90604026845638,9.395973154362416,76.51006711409396
E00032323,249,36,14,22,213,23,190,14.457831325301203,5.622489959839357,8.835341365461847,85.54216867469879,9.236947791164658,76.30522088353415
E00032324,379,56,29,27,323,29,294,14.775725593667547,7.651715039577836,7.12401055408971,85.22427440633246,7.651715039577836,77.57255936675462
E00032325,446,74,30,44,372,25,347,16.591928251121075,6.726457399103139,9.865470852017937,83.40807174887892,5.605381165919283,77.80269058295964
E00032326,259,57,28,29,202,19,183,22.00772200772201,10.81081081081081,11.196911196911197,77.99227799227799,7.335907335907336,70.65637065637065
E00032327,314,36,14,22,278,26,252,11.464968152866243,4.45859872611465,7.006369426751593,88.53503184713377,8.280254777070063,80.2547770700637
E00032328,310,70,27,43,240,30,210,22.58064516129032,8.709677419354838,13.870967741935484,77.41935483870968,9.67741935483871,67.74193548387096
E00032329,586,60,24,36,526,33,493,10.238907849829351,4.09556313993174,6.143344709897611,89.76109215017065,5.631399317406143,84.1296928327645
E00032330,621,64,25,39,557,53,504,10.305958132045088,4.025764895330113,6.280193236714976,89.69404186795491,8.53462157809984,81.15942028985508
E00032331,303,42,17,25,261,26,235,13.861386138613863,5.6105610561056105,8.25082508250825,86.13861386138613,8.58085808580858,77.55775577557755
E00032332,208,36,17,19,172,14,158,17.307692307692307,8.173076923076923,9.134615384615383,82.6923076923077,6.730769230769231,75.96153846153845
E00032333,483,45,12,33,438,43,395,9.316770186335404,2.484472049689441,6.832298136645963,90.6832298136646,8.902691511387163,81.78053830227742
E00032334,237,30,10,20,207,26,181,12.658227848101266,4.219409282700422,8.438818565400844,87.34177215189874,10.970464135021098,76.37130801687763
E00032335,274,29,12,17,245,27,218,10.583941605839415,4.37956204379562,6.204379562043796,89.41605839416059,9.854014598540147,79.56204379562044
E00032336,236,47,15,32,189,18,171,19.915254237288135,6.3559322033898304,13.559322033898304,80.08474576271186,7.627118644067797,72.45762711864407
E00032337,360,43,20,23,317,31,286,11.944444444444445,5.555555555555555,6.388888888888888,88.05555555555556,8.61111111111111,79.44444444444444
E00032338,503,72,23,49,431,46,385,14.314115308151093,4.572564612326044,9.74155069582505,85.6858846918489,9.145129224652088,76.54075546719682
E00032339,620,69,19,50,551,31,520,11.129032258064516,3.064516129032258,8.064516129032258,88.87096774193549,5,83.87096774193549
E00032340,302,64,26,38,238,16,222,21.192052980132452,8.609271523178808,12.582781456953644,78.80794701986756,5.298013245033113,73.50993377483444
E00032341,347,30,10,20,317,27,290,8.645533141210375,2.881844380403458,5.763688760806916,91.35446685878964,7.780979827089338,83.5734870317003
E00032342,285,36,14,22,249,27,222,12.631578947368421,4.912280701754386,7.719298245614035,87.36842105263159,9.473684210526317,77.89473684210526
E00032343,284,26,9,17,258,24,234,9.15492957746479,3.169014084507042,5.985915492957746,90.84507042253522,8.450704225352112,82.3943661971831
E00032344,275,60,34,26,215,15,200,21.818181818181817,12.363636363636363,9.454545454545455,78.18181818181819,5.454545454545454,72.72727272727273
E00032345,160,62,34,28,98,5,93,38.75,21.25,17.5,61.25000000000001,3.125,58.12500000000001
E00032346,284,44,17,27,240,25,215,15.492957746478872,5.985915492957746,9.507042253521126,84.50704225352112,8.80281690140845,75.70422535211267
E00032347,280,58,28,30,222,21,201,20.714285714285715,10,10.714285714285714,79.28571428571428,7.5,71.78571428571429
E00032348,342,90,48,42,252,20,232,26.31578947368421,14.035087719298245,12.280701754385964,73.68421052631578,5.847953216374268,67.83625730994152
E00032349,353,65,20,45,288,23,265,18.413597733711047,5.6657223796034,12.747875354107649,81.58640226628894,6.515580736543909,75.07082152974505
E00032350,263,43,9,34,220,22,198,16.34980988593156,3.4220532319391634,12.927756653992395,83.65019011406845,8.365019011406844,75.2851711026616
E00032351,129,30,14,16,99,16,83,23.25581395348837,10.852713178294573,12.4031007751938,76.74418604651163,12.4031007751938,64.34108527131784
E00032352,283,45,14,31,238,31,207,15.901060070671377,4.946996466431095,10.954063604240282,84.09893992932862,10.954063604240282,73.14487632508833
E00032353,344,41,24,17,303,30,273,11.918604651162791,6.976744186046512,4.941860465116279,88.0813953488372,8.720930232558139,79.36046511627907
E00032354,274,38,18,20,236,18,218,13.86861313868613,6.569343065693431,7.2992700729927,86.13138686131386,6.569343065693431,79.56204379562044
E00032355,327,54,26,28,273,20,253,16.51376146788991,7.951070336391437,8.56269113149847,83.4862385321101,6.116207951070336,77.37003058103976
E00032356,217,60,34,26,157,13,144,27.64976958525346,15.668202764976957,11.981566820276496,72.35023041474655,5.990783410138248,66.3594470046083
E00032357,259,42,23,19,217,15,202,16.216216216216218,8.880308880308881,7.335907335907336,83.78378378378379,5.7915057915057915,77.99227799227799
E00032358,371,77,39,38,294,24,270,20.754716981132077,10.512129380053908,10.242587601078167,79.24528301886792,6.46900269541779,72.77628032345014
E00032359,337,78,37,41,259,32,227,23.14540059347181,10.979228486646884,12.166172106824925,76.8545994065282,9.495548961424333,67.35905044510386
E00032360,230,57,31,26,173,18,155,24.782608695652176,13.478260869565217,11.304347826086957,75.21739130434783,7.82608695652174,67.3913043478261
E00032361,445,63,33,30,382,37,345,14.157303370786517,7.415730337078652,6.741573033707865,85.84269662921349,8.314606741573034,77.52808988764045
E00032362,277,42,21,21,235,33,202,15.162454873646208,7.581227436823104,7.581227436823104,84.83754512635379,11.913357400722022,72.92418772563177
E00032363,215,32,10,22,183,15,168,14.883720930232558,4.651162790697675,10.232558139534884,85.11627906976744,6.976744186046512,78.13953488372093
E00032364,216,38,21,17,178,18,160,17.59259259259259,9.722222222222223,7.87037037037037,82.4074074074074,8.333333333333332,74.07407407407408
E00032365,204,44,26,18,160,21,139,21.568627450980394,12.745098039215685,8.823529411764707,78.43137254901961,10.294117647058822,68.13725490196079
E00032366,234,62,27,35,172,15,157,26.495726495726498,11.538461538461538,14.957264957264957,73.50427350427351,6.41025641025641,67.09401709401709
E00032367,261,71,39,32,190,14,176,27.203065134099617,14.942528735632186,12.260536398467432,72.79693486590038,5.363984674329502,67.43295019157088
E00032368,284,55,18,37,229,19,210,19.366197183098592,6.338028169014084,13.028169014084506,80.63380281690141,6.690140845070422,73.94366197183099
E00032369,277,62,28,34,215,26,189,22.382671480144403,10.108303249097473,12.274368231046932,77.6173285198556,9.386281588447654,68.23104693140795
E00032371,277,61,26,35,216,11,205,22.021660649819495,9.386281588447654,12.63537906137184,77.9783393501805,3.9711191335740073,74.0072202166065
E00032372,280,54,18,36,226,22,204,19.28571428571429,6.428571428571428,12.857142857142856,80.71428571428572,7.857142857142857,72.85714285714285
E00032373,255,31,10,21,224,25,199,12.156862745098039,3.9215686274509802,8.235294117647058,87.84313725490196,9.803921568627452,78.03921568627452
E00032374,315,122,68,54,193,18,175,38.730158730158735,21.58730158730159,17.142857142857142,61.26984126984127,5.714285714285714,55.55555555555556
E00032375,371,78,36,42,293,16,277,21.024258760107816,9.703504043126685,11.320754716981133,78.97574123989219,4.31266846361186,74.66307277628033
E00032376,239,49,26,23,190,16,174,20.502092050209207,10.87866108786611,9.623430962343097,79.49790794979079,6.694560669456067,72.80334728033473
E00032377,400,67,31,36,333,19,314,16.75,7.75,9,83.25,4.75,78.5
E00032378,326,49,26,23,277,20,257,15.030674846625766,7.975460122699387,7.05521472392638,84.96932515337423,6.134969325153374,78.83435582822086
E00032379,309,63,27,36,246,11,235,20.388349514563107,8.737864077669903,11.650485436893204,79.6116504854369,3.559870550161812,76.05177993527508
E00032380,245,55,22,33,190,23,167,22.448979591836736,8.979591836734693,13.46938775510204,77.55102040816327,9.387755102040817,68.16326530612244
E00032381,268,59,22,37,209,12,197,22.01492537313433,8.208955223880597,13.805970149253731,77.98507462686567,4.477611940298507,73.50746268656717
E00032382,268,112,67,45,156,15,141,41.7910447761194,25,16.791044776119403,58.2089552238806,5.597014925373134,52.61194029850746
E00032383,319,81,34,47,238,23,215,25.391849529780565,10.658307210031348,14.733542319749215,74.60815047021944,7.210031347962382,67.39811912225704
E00032384,354,68,29,39,286,27,259,19.2090395480226,8.192090395480225,11.016949152542372,80.7909604519774,7.627118644067797,73.1638418079096
E00032385,269,75,49,26,194,24,170,27.881040892193308,18.21561338289963,9.66542750929368,72.11895910780669,8.921933085501859,63.19702602230484
E00032386,269,37,16,21,232,16,216,13.754646840148698,5.947955390334572,7.806691449814126,86.2453531598513,5.947955390334572,80.29739776951673
E00032387,223,44,16,28,179,10,169,19.730941704035875,7.174887892376682,12.556053811659194,80.26905829596413,4.484304932735426,75.7847533632287
E00032388,299,66,36,30,233,11,222,22.073578595317723,12.040133779264215,10.033444816053512,77.92642140468227,3.678929765886288,74.24749163879598
E00032389,321,38,15,23,283,23,260,11.838006230529595,4.672897196261682,7.165109034267912,88.1619937694704,7.165109034267912,80.99688473520249
E00032390,359,56,22,34,303,17,286,15.598885793871867,6.128133704735376,9.47075208913649,84.40111420612814,4.735376044568245,79.66573816155989
E00032391,238,60,30,30,178,11,167,25.210084033613445,12.605042016806722,12.605042016806722,74.78991596638656,4.621848739495799,70.16806722689076
E00032392,204,50,31,19,154,6,148,24.509803921568626,15.196078431372548,9.313725490196079,75.49019607843137,2.941176470588235,72.54901960784314
E00032393,375,87,52,35,288,22,266,23.200000000000003,13.866666666666665,9.333333333333334,76.8,5.866666666666666,70.93333333333334
E00032394,179,74,53,21,105,6,99,41.340782122905026,29.608938547486037,11.731843575418994,58.659217877094974,3.35195530726257,55.3072625698324
E00032395,282,87,41,46,195,13,182,30.851063829787233,14.539007092198581,16.312056737588655,69.14893617021278,4.609929078014184,64.53900709219859
E00032396,243,111,61,50,132,16,116,45.67901234567901,25.102880658436217,20.5761316872428,54.32098765432099,6.584362139917696,47.73662551440329
E00032397,300,82,42,40,218,17,201,27.333333333333332,14.000000000000002,13.333333333333334,72.66666666666667,5.666666666666666,67
E00032398,388,74,35,39,314,20,294,19.072164948453608,9.02061855670103,10.051546391752577,80.9278350515464,5.154639175257731,75.77319587628865
E00032399,238,50,25,25,188,7,181,21.008403361344538,10.504201680672269,10.504201680672269,78.99159663865547,2.941176470588235,76.05042016806722
E00032400,435,107,65,42,328,23,305,24.597701149425287,14.942528735632186,9.655172413793103,75.40229885057471,5.287356321839081,70.11494252873564
E00032401,456,53,23,30,403,42,361,11.62280701754386,5.0438596491228065,6.578947368421052,88.37719298245614,9.210526315789473,79.16666666666666
E00032402,355,54,27,27,301,19,282,15.211267605633802,7.605633802816901,7.605633802816901,84.78873239436619,5.352112676056338,79.43661971830987
E00032403,220,53,25,28,167,9,158,24.09090909090909,11.363636363636363,12.727272727272727,75.9090909090909,4.090909090909091,71.81818181818181
E00032404,183,81,37,44,102,10,92,44.26229508196721,20.21857923497268,24.043715846994534,55.73770491803278,5.46448087431694,50.27322404371585
E00032405,242,33,12,21,209,26,183,13.636363636363635,4.958677685950414,8.677685950413224,86.36363636363636,10.743801652892563,75.6198347107438
E00032406,298,81,40,41,217,26,191,27.181208053691275,13.422818791946309,13.758389261744966,72.81879194630872,8.724832214765101,64.09395973154362
E00032407,288,65,32,33,223,24,199,22.569444444444446,11.11111111111111,11.458333333333332,77.43055555555556,8.333333333333332,69.09722222222221
E00032408,278,71,32,39,207,23,184,25.539568345323744,11.510791366906476,14.028776978417264,74.46043165467626,8.273381294964029,66.18705035971223
E00032409,313,91,44,47,222,18,204,29.073482428115017,14.057507987220447,15.015974440894569,70.92651757188499,5.7507987220447285,65.17571884984025
E00032410,348,61,26,35,287,33,254,17.52873563218391,7.471264367816093,10.057471264367816,82.47126436781609,9.482758620689655,72.98850574712644
E00032411,297,50,25,25,247,20,227,16.835016835016837,8.417508417508419,8.417508417508419,83.16498316498317,6.7340067340067336,76.43097643097643
E00032412,265,32,14,18,233,17,216,12.075471698113208,5.283018867924529,6.7924528301886795,87.9245283018868,6.415094339622642,81.50943396226415
E00032413,491,61,20,41,430,32,398,12.423625254582484,4.0733197556008145,8.350305498981669,87.57637474541752,6.517311608961303,81.05906313645622
E00032414,264,55,25,30,209,17,192,20.833333333333336,9.469696969696969,11.363636363636363,79.16666666666666,6.4393939393939394,72.72727272727273
E00032415,306,49,17,32,257,34,223,16.013071895424837,5.555555555555555,10.457516339869281,83.98692810457517,11.11111111111111,72.87581699346404
E00032416,266,61,27,34,205,22,183,22.932330827067666,10.150375939849624,12.781954887218044,77.06766917293233,8.270676691729323,68.796992481203
E00032417,273,52,26,26,221,25,196,19.047619047619047,9.523809523809524,9.523809523809524,80.95238095238095,9.157509157509157,71.7948717948718
E00032418,413,63,24,39,350,29,321,15.254237288135593,5.811138014527845,9.443099273607748,84.7457627118644,7.021791767554479,77.72397094430993
E00032419,253,32,15,17,221,17,204,12.648221343873518,5.928853754940711,6.719367588932807,87.35177865612648,6.719367588932807,80.63241106719367
E00032420,238,33,11,22,205,16,189,13.865546218487395,4.621848739495799,9.243697478991598,86.1344537815126,6.722689075630252,79.41176470588235
E00032421,338,52,21,31,286,17,269,15.384615384615385,6.21301775147929,9.171597633136095,84.61538461538461,5.029585798816568,79.58579881656804
E00032422,309,49,20,29,260,30,230,15.857605177993527,6.472491909385113,9.385113268608414,84.14239482200647,9.70873786407767,74.4336569579288
E00032423,281,48,20,28,233,18,215,17.08185053380783,7.11743772241993,9.9644128113879,82.91814946619218,6.405693950177936,76.51245551601423
E00032424,376,47,16,31,329,36,293,12.5,4.25531914893617,8.24468085106383,87.5,9.574468085106384,77.92553191489363
E00032426,342,118,78,40,224,18,206,34.50292397660819,22.807017543859647,11.695906432748536,65.49707602339181,5.263157894736842,60.23391812865497
E00032427,364,65,30,35,299,24,275,17.857142857142858,8.241758241758241,9.615384615384617,82.14285714285714,6.593406593406594,75.54945054945054
E00032428,349,70,42,28,279,30,249,20.057306590257877,12.034383954154727,8.022922636103152,79.94269340974212,8.595988538681947,71.34670487106017
E00032429,423,48,17,31,375,27,348,11.347517730496454,4.0189125295508275,7.328605200945626,88.65248226950354,6.382978723404255,82.26950354609929
E00032430,191,83,58,25,108,10,98,43.455497382198956,30.36649214659686,13.089005235602095,56.54450261780105,5.2356020942408374,51.30890052356021
E00032431,257,44,27,17,213,14,199,17.120622568093385,10.505836575875486,6.614785992217899,82.87937743190662,5.447470817120623,77.431906614786
E00032432,231,43,19,24,188,5,183,18.614718614718615,8.225108225108226,10.38961038961039,81.38528138528139,2.1645021645021645,79.22077922077922
E00032433,192,60,36,24,132,13,119,31.25,18.75,12.5,68.75,6.770833333333333,61.979166666666664
E00032434,255,63,34,29,192,20,172,24.705882352941178,13.333333333333334,11.372549019607844,75.29411764705883,7.8431372549019605,67.45098039215686
E00032435,207,60,27,33,147,14,133,28.985507246376812,13.043478260869565,15.942028985507244,71.01449275362319,6.763285024154589,64.25120772946859
E00032436,304,62,34,28,242,18,224,20.394736842105264,11.18421052631579,9.210526315789473,79.60526315789474,5.921052631578947,73.68421052631578
E00032437,294,56,21,35,238,21,217,19.047619047619047,7.142857142857142,11.904761904761903,80.95238095238095,7.142857142857142,73.80952380952381
E00032438,157,73,42,31,84,10,74,46.496815286624205,26.751592356687897,19.745222929936308,53.503184713375795,6.369426751592357,47.13375796178344
E00032439,343,71,24,47,272,18,254,20.699708454810494,6.997084548104956,13.702623906705538,79.30029154518951,5.247813411078718,74.05247813411079
E00032440,303,71,34,37,232,24,208,23.432343234323433,11.221122112211221,12.211221122112212,76.56765676567657,7.920792079207921,68.64686468646865
E00032441,337,46,16,30,291,25,266,13.649851632047477,4.747774480712167,8.902077151335313,86.35014836795251,7.418397626112759,78.93175074183976
E00032442,357,70,42,28,287,26,261,19.607843137254903,11.76470588235294,7.8431372549019605,80.3921568627451,7.282913165266107,73.10924369747899
E00032443,348,85,40,45,263,28,235,24.42528735632184,11.494252873563218,12.931034482758621,75.57471264367817,8.045977011494253,67.52873563218391
E00032444,306,48,22,26,258,24,234,15.686274509803921,7.18954248366013,8.49673202614379,84.31372549019608,7.8431372549019605,76.47058823529412
E00032446,327,55,18,37,272,22,250,16.819571865443425,5.5045871559633035,11.314984709480122,83.18042813455658,6.727828746177369,76.45259938837921
E00032447,248,59,27,32,189,15,174,23.790322580645164,10.887096774193548,12.903225806451612,76.20967741935483,6.048387096774194,70.16129032258065
E00032448,315,50,27,23,265,22,243,15.873015873015872,8.571428571428571,7.301587301587302,84.12698412698413,6.984126984126984,77.14285714285715
E00032449,310,46,18,28,264,26,238,14.838709677419354,5.806451612903226,9.032258064516128,85.16129032258064,8.38709677419355,76.77419354838709
E00032450,295,34,15,19,261,19,242,11.525423728813559,5.084745762711865,6.440677966101695,88.47457627118645,6.440677966101695,82.03389830508473
E00032451,317,46,17,29,271,22,249,14.511041009463725,5.3627760252365935,9.14826498422713,85.48895899053628,6.940063091482649,78.54889589905363
E00032452,351,65,27,38,286,29,257,18.51851851851852,7.6923076923076925,10.826210826210826,81.48148148148148,8.262108262108262,73.21937321937322
E00032453,288,48,21,27,240,17,223,16.666666666666664,7.291666666666667,9.375,83.33333333333334,5.902777777777778,77.43055555555556
E00032454,274,54,30,24,220,22,198,19.708029197080293,10.948905109489052,8.75912408759124,80.2919708029197,8.02919708029197,72.26277372262774
E00032455,289,49,22,27,240,24,216,16.955017301038062,7.612456747404845,9.342560553633218,83.04498269896193,8.304498269896193,74.74048442906575
E00032456,375,43,17,26,332,22,310,11.466666666666667,4.533333333333333,6.933333333333333,88.53333333333333,5.866666666666666,82.66666666666667
E00032457,330,54,32,22,276,22,254,16.363636363636363,9.696969696969697,6.666666666666667,83.63636363636363,6.666666666666667,76.96969696969697
E00032458,323,67,37,30,256,20,236,20.743034055727556,11.455108359133128,9.287925696594428,79.25696594427245,6.191950464396285,73.06501547987617
E00032459,260,42,25,17,218,24,194,16.153846153846153,9.615384615384617,6.538461538461539,83.84615384615385,9.230769230769232,74.61538461538461
E00032460,358,59,19,40,299,21,278,16.480446927374302,5.307262569832402,11.1731843575419,83.5195530726257,5.865921787709497,77.6536312849162
E00032461,442,91,48,43,351,35,316,20.588235294117645,10.85972850678733,9.728506787330318,79.41176470588235,7.918552036199094,71.49321266968326
E00032462,257,52,31,21,205,16,189,20.233463035019454,12.062256809338521,8.171206225680933,79.76653696498055,6.22568093385214,73.54085603112841
E00032463,269,60,26,34,209,14,195,22.304832713754646,9.66542750929368,12.639405204460965,77.69516728624535,5.204460966542751,72.4907063197026
E00032464,326,82,45,37,244,17,227,25.153374233128833,13.803680981595093,11.349693251533742,74.84662576687117,5.214723926380368,69.6319018404908
E00032465,361,53,21,32,308,30,278,14.681440443213297,5.8171745152354575,8.86426592797784,85.3185595567867,8.310249307479225,77.00831024930747
E00032466,500,66,26,40,434,35,399,13.200000000000001,5.2,8,86.8,7.000000000000001,79.80000000000001
E00032467,313,101,42,59,212,20,192,32.26837060702875,13.418530351437699,18.849840255591054,67.73162939297124,6.3897763578274756,61.34185303514377
E00032468,366,88,38,50,278,20,258,24.043715846994534,10.382513661202186,13.661202185792352,75.95628415300546,5.46448087431694,70.49180327868852
E00032469,283,75,44,31,208,19,189,26.501766784452297,15.547703180212014,10.954063604240282,73.4982332155477,6.713780918727916,66.78445229681978
E00032470,282,67,33,34,215,8,207,23.75886524822695,11.702127659574469,12.056737588652481,76.24113475177306,2.8368794326241136,73.40425531914893
E00032471,280,74,37,37,206,9,197,26.42857142857143,13.214285714285715,13.214285714285715,73.57142857142858,3.214285714285714,70.35714285714286
E00032472,284,56,27,29,228,22,206,19.718309859154928,9.507042253521126,10.211267605633804,80.28169014084507,7.746478873239436,72.53521126760563
E00032473,226,65,37,28,161,13,148,28.761061946902654,16.371681415929203,12.389380530973451,71.23893805309734,5.752212389380531,65.48672566371681
E00032474,367,110,54,56,257,25,232,29.972752043596728,14.713896457765669,15.258855585831062,70.02724795640327,6.811989100817439,63.21525885558583
E00032475,107,54,34,20,53,8,45,50.467289719626166,31.775700934579437,18.69158878504673,49.532710280373834,7.476635514018691,42.05607476635514
E00032476,442,83,37,46,359,24,335,18.778280542986426,8.3710407239819,10.407239819004525,81.22171945701358,5.429864253393665,75.7918552036199
E00032477,127,39,18,21,88,12,76,30.708661417322837,14.173228346456693,16.535433070866144,69.29133858267717,9.448818897637794,59.84251968503938
E00032478,509,107,54,53,402,31,371,21.021611001964637,10.609037328094303,10.412573673870334,78.97838899803537,6.090373280943026,72.88801571709233
E00032479,271,68,32,36,203,17,186,25.092250922509223,11.808118081180812,13.284132841328415,74.90774907749078,6.273062730627306,68.63468634686348
E00032480,282,59,23,36,223,20,203,20.921985815602838,8.156028368794328,12.76595744680851,79.07801418439716,7.092198581560284,71.98581560283688
E00032481,310,84,40,44,226,22,204,27.09677419354839,12.903225806451612,14.193548387096774,72.90322580645162,7.096774193548387,65.80645161290323
E00032482,251,61,27,34,190,27,163,24.302788844621514,10.756972111553784,13.545816733067728,75.69721115537848,10.756972111553784,64.9402390438247
E00032483,345,58,35,23,287,10,277,16.81159420289855,10.144927536231885,6.666666666666667,83.18840579710145,2.898550724637681,80.28985507246377
E00032484,300,61,26,35,239,16,223,20.333333333333332,8.666666666666668,11.666666666666666,79.66666666666666,5.333333333333334,74.33333333333333
E00032485,323,70,40,30,253,13,240,21.671826625387,12.38390092879257,9.287925696594428,78.328173374613,4.024767801857585,74.30340557275542
E00032486,307,57,24,33,250,23,227,18.566775244299674,7.81758957654723,10.749185667752444,81.43322475570032,7.491856677524431,73.9413680781759
E00032487,285,52,29,23,233,24,209,18.24561403508772,10.175438596491228,8.070175438596491,81.75438596491227,8.421052631578947,73.33333333333333
E00032488,236,55,24,31,181,17,164,23.30508474576271,10.16949152542373,13.135593220338984,76.69491525423729,7.203389830508475,69.49152542372882
E00032489,342,45,23,22,297,20,277,13.157894736842104,6.725146198830409,6.432748538011696,86.8421052631579,5.847953216374268,80.99415204678363
E00032490,296,49,26,23,247,18,229,16.554054054054053,8.783783783783784,7.77027027027027,83.44594594594594,6.081081081081082,77.36486486486487
E00032491,271,61,27,34,210,23,187,22.509225092250922,9.96309963099631,12.546125461254611,77.49077490774908,8.487084870848708,69.00369003690037
E00032492,239,71,28,43,168,21,147,29.707112970711297,11.715481171548117,17.99163179916318,70.29288702928869,8.786610878661087,61.50627615062761
E00032493,287,49,18,31,238,26,212,17.073170731707318,6.2717770034843205,10.801393728222997,82.92682926829268,9.059233449477352,73.86759581881533
E00032494,221,38,15,23,183,32,151,17.194570135746606,6.787330316742081,10.407239819004525,82.80542986425338,14.479638009049776,68.32579185520362
E00032495,263,48,23,25,215,7,208,18.250950570342205,8.745247148288973,9.505703422053232,81.74904942965779,2.6615969581749046,79.08745247148289
E00032496,321,65,27,38,256,27,229,20.24922118380062,8.411214953271028,11.838006230529595,79.75077881619937,8.411214953271028,71.33956386292834
E00032497,365,60,27,33,305,22,283,16.43835616438356,7.397260273972603,9.04109589041096,83.56164383561644,6.027397260273973,77.53424657534246
E00032498,225,66,23,43,159,12,147,29.333333333333332,10.222222222222223,19.11111111111111,70.66666666666667,5.333333333333334,65.33333333333333
E00168450,365,61,31,30,304,31,273,16.71232876712329,8.493150684931507,8.21917808219178,83.28767123287672,8.493150684931507,74.79452054794521
E00168451,354,50,23,27,304,23,281,14.124293785310735,6.497175141242938,7.627118644067797,85.87570621468926,6.497175141242938,79.37853107344633
E00168452,381,37,14,23,344,20,324,9.711286089238845,3.674540682414698,6.036745406824147,90.28871391076116,5.2493438320209975,85.03937007874016
E00168453,254,29,9,20,225,19,206,11.41732283464567,3.543307086614173,7.874015748031496,88.58267716535433,7.480314960629922,81.10236220472441
E00168454,380,47,12,35,333,36,297,12.368421052631579,3.1578947368421053,9.210526315789473,87.63157894736841,9.473684210526317,78.15789473684211
E00168455,221,32,8,24,189,18,171,14.479638009049776,3.619909502262444,10.85972850678733,85.52036199095022,8.144796380090497,77.37556561085974
E00168456,181,36,14,22,145,13,132,19.88950276243094,7.734806629834254,12.154696132596685,80.11049723756905,7.18232044198895,72.92817679558011
E00168457,122,25,10,15,97,9,88,20.491803278688526,8.19672131147541,12.295081967213115,79.50819672131148,7.377049180327869,72.1311475409836
E00168458,433,89,35,54,344,30,314,20.554272517321014,8.083140877598153,12.471131639722865,79.44572748267899,6.928406466512701,72.51732101616628
E00168459,159,58,36,22,101,7,94,36.477987421383645,22.641509433962266,13.836477987421384,63.52201257861635,4.40251572327044,59.11949685534591
E00168460,331,25,8,17,306,26,280,7.552870090634441,2.416918429003021,5.13595166163142,92.44712990936556,7.854984894259818,84.59214501510573
E00168461,199,16,3,13,183,11,172,8.040201005025125,1.507537688442211,6.532663316582915,91.95979899497488,5.527638190954774,86.4321608040201
E00168462,291,40,17,23,251,12,239,13.745704467353953,5.841924398625429,7.903780068728522,86.25429553264605,4.123711340206185,82.13058419243985
E00168463,263,43,22,21,220,19,201,16.34980988593156,8.365019011406844,7.984790874524715,83.65019011406845,7.224334600760455,76.42585551330798
E00168464,180,43,22,21,137,15,122,23.88888888888889,12.222222222222221,11.666666666666666,76.11111111111111,8.333333333333332,67.77777777777779
E00168465,290,35,17,18,255,16,239,12.068965517241379,5.862068965517241,6.206896551724138,87.93103448275862,5.517241379310345,82.41379310344827
E00168466,464,77,33,44,387,29,358,16.594827586206897,7.112068965517242,9.482758620689655,83.40517241379311,6.25,77.15517241379311
E00168467,244,32,12,20,212,15,197,13.114754098360656,4.918032786885246,8.19672131147541,86.88524590163934,6.147540983606557,80.73770491803278
E00168468,258,20,3,17,238,12,226,7.751937984496124,1.1627906976744187,6.5891472868217065,92.24806201550388,4.651162790697675,87.59689922480621
E00168469,332,53,21,32,279,17,262,15.963855421686745,6.325301204819277,9.63855421686747,84.03614457831326,5.120481927710843,78.91566265060241
E00168470,282,43,17,26,239,18,221,15.24822695035461,6.028368794326241,9.219858156028367,84.75177304964538,6.382978723404255,78.36879432624113
E00168471,241,39,10,29,202,15,187,16.182572614107883,4.149377593360995,12.033195020746888,83.81742738589212,6.224066390041494,77.59336099585063
E00168472,206,29,6,23,177,18,159,14.077669902912621,2.912621359223301,11.165048543689322,85.92233009708737,8.737864077669903,77.18446601941747
E00168473,232,47,14,33,185,9,176,20.25862068965517,6.0344827586206895,14.224137931034484,79.74137931034483,3.8793103448275863,75.86206896551724
E00168474,289,34,7,27,255,18,237,11.76470588235294,2.422145328719723,9.342560553633218,88.23529411764706,6.228373702422145,82.00692041522491
E00168475,302,22,11,11,280,13,267,7.28476821192053,3.642384105960265,3.642384105960265,92.71523178807946,4.304635761589404,88.41059602649007
E00168476,313,34,14,20,279,15,264,10.86261980830671,4.472843450479233,6.3897763578274756,89.1373801916933,4.792332268370607,84.34504792332268
E00168477,209,30,12,18,179,13,166,14.354066985645932,5.741626794258373,8.61244019138756,85.64593301435407,6.220095693779904,79.42583732057416
E00168478,291,70,50,20,221,23,198,24.054982817869416,17.18213058419244,6.872852233676976,75.94501718213058,7.903780068728522,68.04123711340206
E00168479,177,24,11,13,153,7,146,13.559322033898304,6.214689265536723,7.344632768361582,86.4406779661017,3.954802259887006,82.485875706214685
E00168480,281,46,14,32,235,15,220,16.370106761565836,4.98220640569395,11.387900355871885,83.62989323843416,5.338078291814947,78.29181494661923
E00168481,291,21,3,18,270,24,246,7.216494845360824,1.0309278350515463,6.185567010309279,92.78350515463917,8.24742268041237,84.5360824742268
E00168482,452,55,16,39,397,34,363,12.168141592920353,3.5398230088495577,8.628318584070795,87.83185840707965,7.52212389380531,80.30973451327434
E00168484,494,52,17,35,442,28,414,10.526315789473683,3.4412955465587043,7.08502024291498,89.47368421052632,5.668016194331984,83.80566801619433
E00168485,211,49,28,21,162,15,147,23.22274881516588,13.270142180094787,9.95260663507109,76.77725118483413,7.109004739336493,69.66824644549763
E00168486,296,24,3,21,272,21,251,8.108108108108109,1.0135135135135136,7.094594594594595,91.8918918918919,7.094594594594595,84.7972972972973
E00168488,365,46,20,26,319,22,297,12.602739726027398,5.47945205479452,7.123287671232877,87.3972602739726,6.027397260273973,81.36986301369863
E00168489,347,63,30,33,284,30,254,18.155619596541786,8.645533141210375,9.510086455331413,81.84438040345822,8.645533141210375,73.19884726224784
E00168490,196,17,6,11,179,11,168,8.673469387755102,3.061224489795918,5.612244897959184,91.3265306122449,5.612244897959184,85.71428571428571
E00168491,405,29,11,18,376,33,343,7.160493827160494,2.7160493827160495,4.444444444444445,92.8395061728395,8.148148148148149,84.69135802469135
E00168492,180,37,14,23,143,14,129,20.555555555555554,7.777777777777778,12.777777777777777,79.44444444444444,7.777777777777778,71.66666666666667
E00168493,256,34,10,24,222,19,203,13.28125,3.90625,9.375,86.71875,7.421875,79.296875
E00168494,372,22,2,20,350,21,329,5.913978494623656,0.5376344086021506,5.376344086021505,94.08602150537635,5.64516129032258,88.44086021505376
E00181411,405,28,8,20,377,24,353,6.91358024691358,1.9753086419753085,4.938271604938271,93.08641975308643,5.9259259259259265,87.1604938271605
E00181412,398,48,13,35,350,30,320,12.060301507537687,3.2663316582914574,8.793969849246231,87.93969849246231,7.537688442211055,80.40201005025126
E00181413,583,60,15,45,523,48,475,10.291595197255575,2.5728987993138936,7.718696397941681,89.70840480274443,8.233276157804461,81.47512864493997
E00181414,327,41,15,26,286,19,267,12.538226299694188,4.587155963302752,7.951070336391437,87.46177370030581,5.81039755351682,81.65137614678899
E00181415,190,25,5,20,165,12,153,13.157894736842104,2.631578947368421,10.526315789473683,86.8421052631579,6.315789473684211,80.52631578947368
E00181416,237,38,15,23,199,24,175,16.033755274261605,6.329113924050633,9.70464135021097,83.96624472573839,10.126582278481013,73.83966244725738
E00181418,129,56,32,24,73,7,66,43.41085271317829,24.8062015503876,18.6046511627907,56.58914728682171,5.426356589147287,51.162790697674424
E00181419,364,39,18,21,325,34,291,10.714285714285714,4.945054945054945,5.769230769230769,89.28571428571429,9.340659340659341,79.94505494505495
E00181420,345,15,7,8,330,14,316,4.3478260869565215,2.0289855072463765,2.318840579710145,95.65217391304348,4.057971014492753,91.59420289855072
E00181422,257,9,3,6,248,23,225,3.501945525291829,1.1673151750972763,2.3346303501945527,96.49805447470817,8.949416342412452,87.54863813229572
E00181423,107,12,8,4,95,15,80,11.214953271028037,7.476635514018691,3.7383177570093453,88.78504672897196,14.018691588785046,74.76635514018692
E00181424,430,104,51,53,326,27,299,24.186046511627907,11.86046511627907,12.325581395348838,75.81395348837209,6.279069767441861,69.53488372093022
E00181426,122,23,14,9,99,9,90,18.852459016393443,11.475409836065573,7.377049180327869,81.14754098360656,7.377049180327869,73.77049180327869
E00181431,212,65,27,38,147,14,133,30.660377358490564,12.735849056603774,17.92452830188679,69.33962264150944,6.60377358490566,62.735849056603776
E00181432,198,46,22,24,152,25,127,23.232323232323232,11.11111111111111,12.121212121212121,76.76767676767676,12.626262626262626,64.14141414141415
E00181433,161,33,11,22,128,10,118,20.496894409937887,6.832298136645963,13.664596273291925,79.5031055900621,6.211180124223603,73.29192546583852
E00181434,587,32,12,20,555,32,523,5.45144804088586,2.0442930153321974,3.4071550255536627,94.54855195911414,5.45144804088586,89.09710391822829
E00181436,455,34,7,27,421,33,388,7.472527472527473,1.5384615384615385,5.934065934065933,92.52747252747253,7.252747252747254,85.27472527472527
E00181439,331,31,8,23,300,32,268,9.365558912386707,2.416918429003021,6.948640483383686,90.6344410876133,9.667673716012084,80.96676737160121
E00181440,417,18,4,14,399,25,374,4.316546762589928,0.9592326139088728,3.357314148681055,95.68345323741008,5.995203836930456,89.68824940047962
E00181441,686,228,96,132,458,49,409,33.23615160349854,13.994169096209912,19.24198250728863,66.76384839650146,7.142857142857142,59.62099125364432
E00181443,166,43,21,22,123,14,109,25.903614457831324,12.650602409638553,13.253012048192772,74.09638554216868,8.433734939759036,65.66265060240963
E00181445,494,40,13,27,454,35,419,8.097165991902834,2.631578947368421,5.465587044534413,91.90283400809717,7.08502024291498,84.81781376518218
E00181447,357,26,10,16,331,25,306,7.282913165266107,2.801120448179272,4.481792717086835,92.71708683473389,7.002801120448179,85.71428571428571
E00181449,323,129,81,48,194,18,176,39.93808049535604,25.077399380804955,14.860681114551083,60.06191950464397,5.572755417956656,54.4891640866873
E00181450,155,27,10,17,128,7,121,17.419354838709676,6.451612903225806,10.967741935483872,82.58064516129032,4.516129032258064,78.06451612903226
E00181454,486,35,13,22,451,34,417,7.20164609053498,2.674897119341564,4.526748971193416,92.79835390946502,6.995884773662551,85.80246913580247
E00181455,307,26,7,19,281,21,260,8.469055374592834,2.2801302931596092,6.188925081433225,91.53094462540716,6.840390879478828,84.69055374592834
E00181457,153,43,20,23,110,15,95,28.104575163398692,13.071895424836603,15.032679738562091,71.89542483660131,9.803921568627452,62.091503267973856
E00181458,196,31,15,16,165,18,147,15.816326530612246,7.653061224489796,8.16326530612245,84.18367346938776,9.183673469387756,75
E00181459,211,74,35,39,137,7,130,35.07109004739337,16.587677725118482,18.48341232227488,64.92890995260665,3.3175355450236967,61.61137440758294
E00181461,171,34,14,20,137,11,126,19.883040935672515,8.187134502923977,11.695906432748536,80.11695906432749,6.432748538011696,73.68421052631578
E00181464,475,37,14,23,438,39,399,7.7894736842105265,2.9473684210526314,4.842105263157895,92.21052631578948,8.210526315789474,84
E00181466,200,22,5,17,178,17,161,11,2.5,8.5,89,8.5,80.5
E00181467,230,16,8,8,214,19,195,6.956521739130435,3.4782608695652173,3.4782608695652173,93.04347826086956,8.26086956521739,84.78260869565217
E00181468,368,53,23,30,315,24,291,14.402173913043478,6.25,8.152173913043478,85.59782608695652,6.521739130434782,79.07608695652173
E00181472,263,27,13,14,236,12,224,10.26615969581749,4.942965779467681,5.323193916349809,89.73384030418251,4.562737642585551,85.17110266159695
E00181474,425,59,20,39,366,23,343,13.882352941176471,4.705882352941177,9.176470588235293,86.11764705882354,5.411764705882352,80.70588235294117
E00181477,211,34,12,22,177,22,155,16.113744075829384,5.687203791469194,10.42654028436019,83.88625592417061,10.42654028436019,73.45971563981043
E00181478,295,61,24,37,234,21,213,20.677966101694913,8.135593220338983,12.54237288135593,79.3220338983051,7.118644067796611,72.20338983050848
E00181480,345,66,37,29,279,16,263,19.130434782608695,10.72463768115942,8.405797101449275,80.8695652173913,4.63768115942029,76.23188405797102
E00181482,412,34,11,23,378,22,356,8.25242718446602,2.669902912621359,5.582524271844661,91.74757281553399,5.339805825242718,86.40776699029125
E00181483,400,35,10,25,365,27,338,8.75,2.5,6.25,91.25,6.75,84.5
E00181484,499,90,42,48,409,30,379,18.03607214428858,8.41683366733467,9.619238476953909,81.96392785571143,6.012024048096192,75.95190380761522
E00181485,300,64,19,45,236,19,217,21.333333333333336,6.333333333333334,15,78.66666666666666,6.333333333333334,72.33333333333334
E00181486,101,17,7,10,84,12,72,16.831683168316832,6.9306930693069315,9.900990099009901,83.16831683168317,11.881188118811881,71.28712871287128
E00181487,467,48,19,29,419,29,390,10.278372591006423,4.068522483940043,6.209850107066381,89.72162740899357,6.209850107066381,83.5117773019272
E00181488,620,51,19,32,569,36,533,8.225806451612904,3.064516129032258,5.161290322580645,91.77419354838709,5.806451612903226,85.96774193548387
E00181490,187,18,5,13,169,15,154,9.62566844919786,2.6737967914438503,6.951871657754011,90.37433155080214,8.0213903743315509,82.35294117647058
E00181495,119,9,3,6,110,9,101,7.563025210084033,2.5210084033613445,5.042016806722689,92.43697478991596,7.563025210084033,84.87394957983193
E00181498,114,8,2,6,106,9,97,7.017543859649122,1.7543859649122806,5.263157894736842,92.98245614035088,7.894736842105263,85.08771929824562
E00181503,291,40,10,30,251,29,222,13.745704467353953,3.436426116838488,10.309278350515463,86.25429553264605,9.965635738831615,76.28865979381443
E00181504,130,20,6,14,110,12,98,15.384615384615385,4.615384615384616,10.76923076923077,84.61538461538461,9.230769230769232,75.38461538461539
