OA,ts0380001,ts0380002,ts0380003,ts0380004,ts0380005,ts0380006,ts0380007,ts0380002_PCT,ts0380003_PCT,ts0380004_PCT,ts0380005_PCT,ts0380006_PCT,ts0380007_PCT
E00054810,305,53,22,31,252,31,221,17.37704918032787,7.213114754098362,10.163934426229508,82.62295081967214,10.163934426229508,72.45901639344262
E00054811,231,64,32,32,167,14,153,27.705627705627705,13.852813852813853,13.852813852813853,72.2943722943723,6.0606060606060606,66.23376623376623
E00054812,262,39,15,24,223,22,201,14.885496183206106,5.7251908396946565,9.16030534351145,85.1145038167939,8.396946564885496,76.7175572519084
E00054813,226,39,17,22,187,21,166,17.25663716814159,7.52212389380531,9.734513274336283,82.7433628318584,9.29203539823009,73.45132743362832
E00054814,370,62,26,36,308,26,282,16.756756756756758,7.027027027027027,9.72972972972973,83.24324324324324,7.027027027027027,76.21621621621621
E00054815,313,48,15,33,265,27,238,15.335463258785943,4.792332268370607,10.543130990415335,84.66453674121406,8.626198083067091,76.03833865814697
E00054816,271,36,16,20,235,20,215,13.284132841328415,5.904059040590406,7.380073800738007,86.71586715867159,7.380073800738007,79.33579335793358
E00054817,269,43,23,20,226,26,200,15.985130111524162,8.550185873605948,7.434944237918216,84.01486988847584,9.66542750929368,74.34944237918215
E00054818,341,99,65,34,242,31,211,29.03225806451613,19.06158357771261,9.970674486803519,70.96774193548387,9.090909090909092,61.87683284457478
E00054819,249,46,24,22,203,15,188,18.473895582329316,9.63855421686747,8.835341365461847,81.52610441767068,6.024096385542169,75.50200803212851
E00054820,198,63,19,44,135,16,119,31.818181818181817,9.595959595959595,22.22222222222222,68.18181818181817,8.080808080808081,60.1010101010101
E00054821,256,48,25,23,208,24,184,18.75,9.765625,8.984375,81.25,9.375,71.875
E00054822,237,53,24,29,184,19,165,22.362869198312236,10.126582278481013,12.236286919831224,77.63713080168776,8.016877637130802,69.62025316455697
E00054823,266,43,12,31,223,17,206,16.165413533834585,4.511278195488721,11.654135338345863,83.83458646616542,6.390977443609022,77.44360902255639
E00054824,281,49,18,31,232,24,208,17.437722419928825,6.405693950177936,11.032028469750891,82.56227758007117,8.540925266903916,74.02135231316726
E00054825,322,76,26,50,246,17,229,23.60248447204969,8.074534161490684,15.527950310559005,76.3975155279503,5.279503105590062,71.11801242236024
E00054826,463,67,27,40,396,24,372,14.47084233261339,5.831533477321814,8.639308855291576,85.52915766738661,5.183585313174946,80.34557235421165
E00054827,265,42,15,27,223,30,193,15.849056603773585,5.660377358490567,10.18867924528302,84.15094339622642,11.320754716981133,72.83018867924528
E00054828,290,64,31,33,226,14,212,22.06896551724138,10.689655172413794,11.379310344827587,77.93103448275862,4.827586206896552,73.10344827586206
E00054829,272,46,22,24,226,19,207,16.911764705882355,8.088235294117647,8.823529411764707,83.08823529411765,6.985294117647059,76.10294117647058
E00054830,160,51,25,26,109,7,102,31.874999999999996,15.625,16.25,68.125,4.375,63.74999999999999
E00054831,184,85,56,29,99,8,91,46.19565217391305,30.434782608695656,15.760869565217392,53.80434782608695,4.3478260869565215,49.45652173913043
E00054832,291,29,9,20,262,24,238,9.965635738831615,3.0927835051546393,6.872852233676976,90.03436426116839,8.24742268041237,81.78694158075601
E00054833,282,50,15,35,232,21,211,17.73049645390071,5.319148936170213,12.411347517730496,82.26950354609929,7.446808510638298,74.822695035461
E00054834,310,47,13,34,263,28,235,15.161290322580644,4.193548387096775,10.967741935483872,84.83870967741936,9.032258064516128,75.80645161290323
E00054835,195,68,36,32,127,18,109,34.87179487179487,18.461538461538463,16.41025641025641,65.12820512820512,9.230769230769232,55.8974358974359
E00054836,297,38,10,28,259,30,229,12.794612794612794,3.3670033670033668,9.427609427609427,87.20538720538721,10.1010101010101,77.10437710437711
E00054837,277,53,23,30,224,25,199,19.133574007220215,8.303249097472925,10.830324909747292,80.86642599277978,9.025270758122744,71.84115523465704
E00054838,302,60,21,39,242,24,218,19.867549668874172,6.95364238410596,12.91390728476821,80.13245033112582,7.9470198675496695,72.18543046357617
E00054839,357,45,19,26,312,17,295,12.605042016806722,5.322128851540616,7.282913165266107,87.39495798319328,4.761904761904762,82.6330532212885
E00054840,276,45,16,29,231,23,208,16.304347826086957,5.797101449275362,10.507246376811594,83.69565217391305,8.333333333333332,75.36231884057972
E00054841,231,49,16,33,182,16,166,21.21212121212121,6.926406926406926,14.285714285714285,78.78787878787878,6.926406926406926,71.86147186147186
E00054842,269,50,15,35,219,27,192,18.587360594795538,5.5762081784386615,13.011152416356877,81.41263940520446,10.037174721189592,71.37546468401487
E00054843,204,47,23,24,157,8,149,23.03921568627451,11.27450980392157,11.76470588235294,76.9607843137255,3.9215686274509802,73.0392156862745
E00054844,228,62,21,41,166,19,147,27.192982456140353,9.210526315789473,17.982456140350877,72.80701754385966,8.333333333333332,64.47368421052632
E00054845,316,58,17,41,258,30,228,18.354430379746837,5.379746835443038,12.974683544303797,81.64556962025317,9.49367088607595,72.15189873417721
E00054846,355,46,14,32,309,32,277,12.957746478873238,3.943661971830986,9.014084507042254,87.04225352112675,9.014084507042254,78.0281690140845
E00054847,287,53,25,28,234,24,210,18.466898954703833,8.710801393728223,9.75609756097561,81.53310104529616,8.362369337979095,73.17073170731707
E00054848,175,32,10,22,143,13,130,18.285714285714285,5.714285714285714,12.571428571428573,81.71428571428572,7.428571428571429,74.28571428571429
E00054849,170,52,22,30,118,13,105,30.58823529411765,12.941176470588237,17.647058823529413,69.41176470588235,7.647058823529412,61.76470588235294
E00054850,256,51,19,32,205,28,177,19.921875,7.421875,12.5,80.078125,10.9375,69.140625
E00054851,249,56,19,37,193,23,170,22.48995983935743,7.630522088353414,14.859437751004014,77.51004016064257,9.236947791164658,68.27309236947792
E00054852,202,46,19,27,156,20,136,22.772277227722775,9.405940594059405,13.366336633663368,77.22772277227723,9.900990099009901,67.32673267326733
E00054853,260,55,24,31,205,31,174,21.153846153846153,9.230769230769232,11.923076923076923,78.84615384615384,11.923076923076923,66.92307692307692
E00054854,365,81,35,46,284,34,250,22.19178082191781,9.58904109589041,12.602739726027398,77.8082191780822,9.315068493150685,68.4931506849315
E00054855,276,33,10,23,243,28,215,11.956521739130435,3.6231884057971016,8.333333333333332,88.04347826086956,10.144927536231885,77.89855072463769
E00054856,180,38,20,18,142,12,130,21.11111111111111,11.11111111111111,10,78.88888888888889,6.666666666666667,72.22222222222221
E00054857,225,52,27,25,173,16,157,23.11111111111111,12,11.11111111111111,76.88888888888889,7.111111111111111,69.77777777777779
E00054858,251,67,26,41,184,28,156,26.693227091633464,10.358565737051793,16.334661354581673,73.30677290836654,11.155378486055776,62.15139442231076
E00054859,235,52,21,31,183,21,162,22.127659574468083,8.936170212765958,13.191489361702127,77.87234042553192,8.936170212765958,68.93617021276596
E00054860,259,45,15,30,214,22,192,17.374517374517374,5.7915057915057915,11.583011583011583,82.62548262548263,8.494208494208493,74.13127413127413
E00054861,237,61,28,33,176,20,156,25.738396624472575,11.814345991561181,13.924050632911392,74.26160337552743,8.438818565400844,65.82278481012658
E00054862,365,56,15,41,309,23,286,15.342465753424658,4.10958904109589,11.232876712328768,84.65753424657534,6.301369863013699,78.35616438356165
E00054863,268,47,15,32,221,26,195,17.537313432835823,5.597014925373134,11.940298507462686,82.46268656716418,9.701492537313433,72.76119402985076
E00054864,215,40,16,24,175,24,151,18.6046511627907,7.441860465116279,11.162790697674419,81.3953488372093,11.162790697674419,70.23255813953489
E00054865,268,55,27,28,213,25,188,20.522388059701495,10.074626865671641,10.44776119402985,79.47761194029852,9.328358208955224,70.1492537313433
E00054866,258,36,11,25,222,22,200,13.953488372093023,4.263565891472868,9.689922480620156,86.04651162790698,8.527131782945736,77.51937984496125
E00054867,202,70,41,29,132,19,113,34.65346534653465,20.2970297029703,14.356435643564355,65.34653465346535,9.405940594059405,55.940594059405946
E00054868,371,61,29,32,310,36,274,16.442048517520217,7.816711590296496,8.62533692722372,83.55795148247978,9.703504043126685,73.8544474393531
E00054869,402,65,23,42,337,23,314,16.169154228855724,5.721393034825871,10.44776119402985,83.83084577114428,5.721393034825871,78.1094527363184
E00054870,321,96,30,66,225,25,200,29.906542056074763,9.345794392523365,20.5607476635514,70.09345794392523,7.78816199376947,62.30529595015576
E00054871,304,44,13,31,260,24,236,14.473684210526317,4.276315789473684,10.197368421052632,85.52631578947368,7.894736842105263,77.63157894736842
E00054872,282,49,15,34,233,21,212,17.375886524822697,5.319148936170213,12.056737588652481,82.62411347517731,7.446808510638298,75.177304964539
E00054873,195,61,31,30,134,8,126,31.28205128205128,15.897435897435896,15.384615384615385,68.71794871794872,4.102564102564102,64.61538461538461
E00054874,347,58,25,33,289,37,252,16.714697406340058,7.204610951008646,9.510086455331413,83.28530259365994,10.662824207492795,72.62247838616715
E00054875,258,46,17,29,212,24,188,17.829457364341085,6.5891472868217065,11.24031007751938,82.17054263565892,9.30232558139535,72.86821705426357
E00054876,358,66,26,40,292,31,261,18.435754189944134,7.262569832402235,11.1731843575419,81.56424581005587,8.659217877094973,72.90502793296089
E00054877,417,66,24,42,351,46,305,15.827338129496402,5.755395683453238,10.071942446043165,84.17266187050359,11.031175059952037,73.14148681055156
E00054878,332,80,29,51,252,29,223,24.096385542168676,8.734939759036145,15.36144578313253,75.90361445783132,8.734939759036145,67.16867469879519
E00054879,242,74,40,34,168,20,148,30.57851239669421,16.528925619834713,14.049586776859504,69.42148760330579,8.264462809917356,61.15702479338842
E00054880,419,82,38,44,337,37,300,19.570405727923628,9.069212410501192,10.501193317422434,80.42959427207637,8.83054892601432,71.59904534606206
E00054881,392,51,16,35,341,43,298,13.010204081632654,4.081632653061225,8.928571428571429,86.98979591836735,10.96938775510204,76.0204081632653
E00054882,216,37,7,30,179,23,156,17.12962962962963,3.2407407407407405,13.88888888888889,82.87037037037037,10.648148148148149,72.22222222222221
E00054883,273,52,15,37,221,18,203,19.047619047619047,5.4945054945054945,13.553113553113553,80.95238095238095,6.593406593406594,74.35897435897436
E00054884,343,46,18,28,297,30,267,13.411078717201166,5.247813411078718,8.16326530612245,86.58892128279884,8.746355685131196,77.84256559766763
E00054885,281,58,32,26,223,20,203,20.640569395017792,11.387900355871885,9.252669039145907,79.35943060498221,7.11743772241993,72.24199288256227
E00054886,242,52,24,28,190,20,170,21.487603305785125,9.917355371900827,11.570247933884298,78.51239669421489,8.264462809917356,70.24793388429752
E00054887,260,62,29,33,198,6,192,23.846153846153847,11.153846153846155,12.692307692307692,76.15384615384615,2.307692307692308,73.84615384615385
E00054888,250,79,40,39,171,17,154,31.6,16,15.6,68.4,6.800000000000001,61.6
E00054889,303,34,5,29,269,23,246,11.221122112211221,1.65016501650165,9.570957095709572,88.77887788778878,7.590759075907591,81.1881188118812
E00054890,356,54,20,34,302,30,272,15.168539325842698,5.617977528089887,9.550561797752808,84.8314606741573,8.426966292134832,76.40449438202246
E00054891,471,77,25,52,394,34,360,16.348195329087048,5.3078556263269645,11.040339702760086,83.65180467091295,7.218683651804671,76.43312101910828
E00054892,332,67,36,31,265,26,239,20.180722891566266,10.843373493975903,9.33734939759036,79.81927710843374,7.83132530120482,71.98795180722891
E00054893,359,65,14,51,294,31,263,18.105849582172702,3.8997214484679668,14.206128133704734,81.89415041782729,8.635097493036211,73.25905292479109
E00054894,323,76,32,44,247,26,221,23.52941176470588,9.907120743034056,13.622291021671826,76.47058823529412,8.04953560371517,68.42105263157895
E00054895,469,75,27,48,394,40,354,15.991471215351813,5.756929637526652,10.23454157782516,84.00852878464818,8.528784648187633,75.47974413646055
E00054896,280,55,19,36,225,17,208,19.642857142857142,6.785714285714286,12.857142857142856,80.35714285714286,6.071428571428571,74.28571428571429
E00054897,464,88,42,46,376,30,346,18.96551724137931,9.051724137931034,9.913793103448276,81.03448275862068,6.4655172413793105,74.56896551724138
E00054898,268,50,26,24,218,24,194,18.65671641791045,9.701492537313433,8.955223880597014,81.34328358208955,8.955223880597014,72.38805970149254
E00054899,265,32,12,20,233,28,205,12.075471698113208,4.528301886792453,7.547169811320755,87.9245283018868,10.566037735849058,77.35849056603774
E00054900,275,45,19,26,230,22,208,16.363636363636363,6.909090909090909,9.454545454545455,83.63636363636363,8,75.63636363636364
E00054901,269,46,24,22,223,26,197,17.100371747211895,8.921933085501859,8.178438661710038,82.8996282527881,9.66542750929368,73.23420074349443
E00054902,307,70,22,48,237,26,211,22.80130293159609,7.166123778501629,15.63517915309446,77.19869706840392,8.469055374592834,68.72964169381108
E00054903,310,45,11,34,265,26,239,14.516129032258066,3.5483870967741935,10.967741935483872,85.48387096774194,8.38709677419355,77.09677419354838
E00054904,211,107,40,67,104,11,93,50.71090047393365,18.95734597156398,31.753554502369667,49.28909952606635,5.213270142180095,44.07582938388626
E00054905,265,64,29,35,201,28,173,24.150943396226417,10.943396226415095,13.20754716981132,75.84905660377359,10.566037735849058,65.28301886792453
E00054906,333,99,53,46,234,17,217,29.72972972972973,15.915915915915916,13.813813813813812,70.27027027027027,5.105105105105105,65.16516516516516
E00054907,319,92,32,60,227,13,214,28.84012539184953,10.031347962382444,18.808777429467085,71.15987460815047,4.075235109717868,67.0846394984326
E00054908,294,63,23,40,231,12,219,21.428571428571427,7.8231292517006805,13.60544217687075,78.57142857142857,4.081632653061225,74.48979591836735
E00054909,246,89,45,44,157,12,145,36.17886178861789,18.29268292682927,17.88617886178862,63.82113821138211,4.878048780487805,58.94308943089431
E00054910,332,41,17,24,291,24,267,12.349397590361445,5.120481927710843,7.228915662650602,87.65060240963855,7.228915662650602,80.42168674698796
E00054911,353,64,24,40,289,26,263,18.13031161473088,6.79886685552408,11.3314447592068,81.86968838526913,7.365439093484419,74.5042492917847
E00054912,224,52,26,26,172,14,158,23.214285714285715,11.607142857142858,11.607142857142858,76.78571428571429,6.25,70.53571428571429
E00054914,256,78,42,36,178,19,159,30.46875,16.40625,14.0625,69.53125,7.421875,62.109375
E00054916,308,74,35,39,234,15,219,24.025974025974026,11.363636363636363,12.662337662337661,75.97402597402598,4.870129870129871,71.1038961038961
E00054917,278,62,29,33,216,14,202,22.302158273381295,10.431654676258994,11.870503597122301,77.6978417266187,5.0359712230215825,72.66187050359713
E00054918,217,59,26,33,158,22,136,27.188940092165897,11.981566820276496,15.207373271889402,72.81105990783409,10.138248847926267,62.67281105990783
E00054919,256,74,28,46,182,12,170,28.90625,10.9375,17.96875,71.09375,4.6875,66.40625
E00054920,197,70,38,32,127,14,113,35.53299492385787,19.289340101522843,16.243654822335024,64.46700507614213,7.1065989847715745,57.360406091370564
E00054921,323,64,31,33,259,29,230,19.814241486068113,9.597523219814242,10.21671826625387,80.18575851393189,8.978328173374612,71.20743034055728
E00054922,317,54,19,35,263,27,236,17.034700315457414,5.993690851735016,11.041009463722396,82.96529968454259,8.517350157728707,74.44794952681389
E00054923,317,59,24,35,258,19,239,18.61198738170347,7.570977917981073,11.041009463722396,81.38801261829653,5.993690851735016,75.39432176656152
E00054925,453,55,18,37,398,41,357,12.141280353200882,3.9735099337748347,8.167770419426049,87.85871964679912,9.050772626931568,78.80794701986756
E00054926,409,57,20,37,352,23,329,13.93643031784841,4.88997555012225,9.04645476772616,86.06356968215158,5.623471882640587,80.440097799511
E00054927,223,20,6,14,203,28,175,8.968609865470851,2.690582959641256,6.278026905829597,91.03139013452915,12.556053811659194,78.47533632286996
E00054928,416,61,24,37,355,42,313,14.663461538461538,5.769230769230769,8.89423076923077,85.33653846153845,10.096153846153847,75.24038461538461
E00054929,381,45,13,32,336,20,316,11.811023622047244,3.4120734908136483,8.398950131233596,88.18897637795276,5.2493438320209975,82.93963254593176
E00054930,245,58,19,39,187,17,170,23.6734693877551,7.755102040816326,15.918367346938775,76.32653061224491,6.938775510204081,69.38775510204081
E00054931,329,59,36,23,270,26,244,17.933130699088146,10.94224924012158,6.990881458966565,82.06686930091185,7.90273556231003,74.16413373860182
E00054932,306,45,9,36,261,19,242,14.705882352941178,2.941176470588235,11.76470588235294,85.29411764705883,6.209150326797386,79.08496732026144
E00054933,200,44,22,22,156,23,133,22,11,11,78,11.5,66.5
E00054934,243,74,46,28,169,16,153,30.45267489711934,18.930041152263374,11.522633744855968,69.54732510288066,6.584362139917696,62.96296296296296
E00054935,314,37,16,21,277,24,253,11.78343949044586,5.095541401273886,6.687898089171974,88.21656050955414,7.643312101910828,80.57324840764332
E00054936,406,45,19,26,361,31,330,11.083743842364532,4.679802955665025,6.403940886699508,88.91625615763546,7.635467980295567,81.2807881773399
E00054937,289,30,12,18,259,19,240,10.380622837370241,4.1522491349480966,6.228373702422145,89.61937716262976,6.5743944636678195,83.04498269896193
E00054938,282,27,9,18,255,22,233,9.574468085106384,3.1914893617021276,6.382978723404255,90.42553191489363,7.801418439716312,82.62411347517731
E00054939,268,24,10,14,244,30,214,8.955223880597014,3.731343283582089,5.223880597014925,91.04477611940298,11.194029850746269,79.8507462686567
E00054940,288,55,20,35,233,20,213,19.09722222222222,6.944444444444445,12.152777777777777,80.90277777777779,6.944444444444445,73.95833333333334
E00054941,209,32,15,17,177,17,160,15.311004784688995,7.177033492822966,8.133971291866029,84.688995215311,8.133971291866029,76.55502392344498
E00054942,362,39,12,27,323,34,289,10.773480662983426,3.314917127071823,7.458563535911603,89.22651933701657,9.392265193370166,79.8342541436464
E00054943,273,51,19,32,222,21,201,18.681318681318682,6.95970695970696,11.72161172161172,81.31868131868131,7.6923076923076925,73.62637362637363
E00054944,311,47,16,31,264,22,242,15.112540192926044,5.144694533762058,9.967845659163988,84.88745980707395,7.07395498392283,77.81350482315112
E00054945,253,83,50,33,170,21,149,32.80632411067194,19.76284584980237,13.043478260869565,67.19367588932806,8.300395256916996,58.89328063241107
E00054946,310,56,29,27,254,19,235,18.064516129032256,9.35483870967742,8.709677419354838,81.93548387096774,6.129032258064516,75.80645161290323
E00054947,165,61,31,30,104,8,96,36.96969696969697,18.787878787878785,18.181818181818183,63.030303030303024,4.848484848484849,58.18181818181818
E00054948,320,33,13,20,287,34,253,10.3125,4.0625,6.25,89.6875,10.625,79.0625
E00054949,454,71,37,34,383,30,353,15.638766519823788,8.149779735682818,7.488986784140969,84.36123348017621,6.607929515418502,77.75330396475772
E00054950,383,48,12,36,335,34,301,12.532637075718014,3.1331592689295036,9.39947780678851,87.46736292428199,8.87728459530026,78.59007832898173
E00054951,317,65,31,34,252,28,224,20.50473186119874,9.779179810725552,10.725552050473187,79.49526813880126,8.832807570977918,70.66246056782335
E00054952,275,59,24,35,216,14,202,21.454545454545453,8.727272727272728,12.727272727272727,78.54545454545455,5.090909090909091,73.45454545454545
E00054953,380,55,22,33,325,24,301,14.473684210526317,5.7894736842105265,8.68421052631579,85.52631578947368,6.315789473684211,79.21052631578948
E00054954,525,53,22,31,472,36,436,10.095238095238095,4.190476190476191,5.904761904761905,89.90476190476191,6.857142857142858,83.04761904761905
E00054955,266,39,12,27,227,22,205,14.661654135338345,4.511278195488721,10.150375939849624,85.33834586466166,8.270676691729323,77.06766917293233
E00054956,367,64,23,41,303,29,274,17.43869209809264,6.267029972752043,11.1716621253406,82.56130790190736,7.901907356948229,74.65940054495913
E00054957,249,63,30,33,186,18,168,25.301204819277107,12.048192771084338,13.253012048192772,74.69879518072288,7.228915662650602,67.46987951807229
E00054958,382,43,19,24,339,36,303,11.2565445026178,4.973821989528796,6.282722513089005,88.7434554973822,9.424083769633508,79.31937172774869
E00054959,320,48,7,41,272,25,247,15,2.1875,12.812499999999998,85,7.8125,77.1875
E00054960,260,37,10,27,223,21,202,14.23076923076923,3.8461538461538463,10.384615384615385,85.76923076923076,8.076923076923077,77.6923076923077
E00054961,243,46,15,31,197,13,184,18.930041152263374,6.172839506172839,12.757201646090536,81.06995884773663,5.349794238683128,75.7201646090535
E00054962,388,89,46,43,299,23,276,22.938144329896907,11.855670103092782,11.082474226804123,77.0618556701031,5.927835051546391,71.1340206185567
E00054963,295,53,20,33,242,22,220,17.966101694915253,6.779661016949152,11.186440677966102,82.03389830508473,7.457627118644068,74.57627118644068
E00054964,305,66,17,49,239,31,208,21.639344262295083,5.573770491803279,16.065573770491802,78.36065573770492,10.163934426229508,68.1967213114754
E00054965,339,40,18,22,299,37,262,11.799410029498524,5.3097345132743365,6.489675516224189,88.20058997050147,10.914454277286136,77.28613569321534
E00054966,495,53,20,33,442,42,400,10.707070707070706,4.040404040404041,6.666666666666667,89.29292929292929,8.484848484848486,80.8080808080808
E00054967,317,73,44,29,244,35,209,23.02839116719243,13.880126182965299,9.14826498422713,76.97160883280758,11.041009463722396,65.93059936908517
E00054968,312,50,16,34,262,27,235,16.025641025641026,5.128205128205128,10.897435897435898,83.97435897435898,8.653846153846153,75.32051282051282
E00054969,236,31,12,19,205,19,186,13.135593220338984,5.084745762711865,8.050847457627118,86.86440677966102,8.050847457627118,78.8135593220339
E00054970,350,53,19,34,297,31,266,15.142857142857144,5.428571428571429,9.714285714285714,84.85714285714285,8.857142857142856,76
E00054971,283,23,11,12,260,25,235,8.12720848056537,3.8869257950530036,4.240282685512367,91.87279151943463,8.8339222614841,83.03886925795054
E00054972,266,33,10,23,233,22,211,12.406015037593985,3.7593984962406015,8.646616541353383,87.59398496240601,8.270676691729323,79.32330827067669
E00054973,466,32,13,19,434,34,400,6.866952789699571,2.7896995708154506,4.07725321888412,93.13304721030042,7.296137339055794,85.83690987124464
E00054974,327,31,13,18,296,30,266,9.480122324159021,3.9755351681957185,5.5045871559633035,90.51987767584097,9.174311926605505,81.34556574923548
E00054976,349,42,20,22,307,19,288,12.034383954154727,5.730659025787966,6.303724928366762,87.96561604584528,5.444126074498568,82.52148997134671
E00054977,276,46,14,32,230,21,209,16.666666666666664,5.072463768115942,11.594202898550725,83.33333333333334,7.608695652173914,75.72463768115942
E00054978,276,50,22,28,226,19,207,18.115942028985508,7.971014492753622,10.144927536231885,81.88405797101449,6.884057971014493,75
E00054979,249,27,13,14,222,19,203,10.843373493975903,5.220883534136546,5.622489959839357,89.1566265060241,7.630522088353414,81.52610441767068
E00054980,236,52,18,34,184,21,163,22.033898305084744,7.627118644067797,14.40677966101695,77.96610169491525,8.898305084745763,69.0677966101695
E00054981,319,37,16,21,282,29,253,11.598746081504702,5.015673981191222,6.583072100313479,88.40125391849529,9.090909090909092,79.3103448275862
E00054982,305,43,17,26,262,19,243,14.098360655737704,5.573770491803279,8.524590163934425,85.90163934426229,6.229508196721312,79.67213114754098
E00054983,116,51,26,25,65,15,50,43.96551724137931,22.413793103448278,21.551724137931032,56.03448275862068,12.931034482758621,43.103448275862064
E00054984,243,30,6,24,213,21,192,12.345679012345679,2.4691358024691357,9.876543209876543,87.65432098765432,8.641975308641975,79.01234567901234
E00054985,306,68,31,37,238,30,208,22.22222222222222,10.130718954248366,12.091503267973856,77.77777777777779,9.803921568627452,67.97385620915033
E00054986,257,50,19,31,207,22,185,19.45525291828794,7.392996108949417,12.062256809338521,80.54474708171206,8.560311284046692,71.98443579766537
E00054987,401,44,11,33,357,25,332,10.972568578553615,2.7431421446384037,8.229426433915211,89.02743142144638,6.234413965087282,82.7930174563591
E00054988,255,48,19,29,207,20,187,18.823529411764707,7.450980392156863,11.372549019607844,81.17647058823529,7.8431372549019605,73.33333333333333
E00054989,335,87,31,56,248,24,224,25.970149253731346,9.253731343283581,16.716417910447763,74.02985074626865,7.164179104477612,66.86567164179105
E00054990,227,55,29,26,172,15,157,24.229074889867842,12.77533039647577,11.45374449339207,75.77092511013215,6.607929515418502,69.16299559471366
E00054991,260,52,26,26,208,19,189,20,10,10,80,7.307692307692308,72.6923076923077
E00054992,311,78,44,34,233,21,212,25.080385852090032,14.14790996784566,10.932475884244374,74.91961414790997,6.752411575562702,68.16720257234726
E00054993,127,61,31,30,66,11,55,48.031496062992126,24.409448818897637,23.62204724409449,51.96850393700787,8.661417322834646,43.30708661417323
E00054995,222,49,13,36,173,20,153,22.07207207207207,5.8558558558558556,16.216216216216218,77.92792792792793,9.00900900900901,68.91891891891892
E00054996,284,41,15,26,243,21,222,14.43661971830986,5.28169014084507,9.15492957746479,85.56338028169014,7.394366197183098,78.16901408450704
E00054997,283,39,10,29,244,23,221,13.780918727915195,3.53356890459364,10.247349823321555,86.21908127208481,8.12720848056537,78.09187279151944
E00054998,205,24,6,18,181,14,167,11.707317073170733,2.9268292682926833,8.780487804878048,88.29268292682927,6.829268292682928,81.46341463414633
E00054999,320,58,19,39,262,13,249,18.125,5.9375,12.1875,81.875,4.0625,77.8125
E00055000,292,62,33,29,230,21,209,21.232876712328768,11.301369863013697,9.931506849315069,78.76712328767124,7.191780821917808,71.57534246575342
E00055002,422,52,18,34,370,42,328,12.322274881516588,4.265402843601896,8.056872037914692,87.67772511848341,9.95260663507109,77.72511848341233
E00055003,264,49,30,19,215,16,199,18.560606060606062,11.363636363636363,7.196969696969697,81.43939393939394,6.0606060606060606,75.37878787878788
E00055004,251,44,19,25,207,20,187,17.52988047808765,7.569721115537849,9.9601593625498,82.47011952191235,7.968127490039841,74.5019920318725
E00055005,192,51,26,25,141,11,130,26.5625,13.541666666666666,13.020833333333334,73.4375,5.729166666666666,67.70833333333334
E00055006,237,55,22,33,182,17,165,23.20675105485232,9.282700421940929,13.924050632911392,76.79324894514767,7.172995780590717,69.62025316455697
E00055007,326,82,41,41,244,25,219,25.153374233128833,12.576687116564417,12.576687116564417,74.84662576687117,7.668711656441718,67.17791411042946
E00055008,351,79,42,37,272,16,256,22.507122507122507,11.965811965811966,10.541310541310542,77.49287749287748,4.5584045584045585,72.93447293447294
E00055009,393,91,41,50,302,25,277,23.155216284987276,10.432569974554708,12.72264631043257,76.84478371501272,6.361323155216285,70.48346055979644
E00055010,308,43,13,30,265,23,242,13.96103896103896,4.220779220779221,9.740259740259742,86.03896103896103,7.467532467532467,78.57142857142857
E00055011,334,59,16,43,275,25,250,17.664670658682635,4.790419161676647,12.874251497005988,82.33532934131736,7.48502994011976,74.8502994011976
E00055012,142,26,10,16,116,7,109,18.30985915492958,7.042253521126761,11.267605633802818,81.69014084507043,4.929577464788732,76.76056338028168
E00055013,242,45,25,20,197,22,175,18.59504132231405,10.330578512396695,8.264462809917356,81.40495867768594,9.090909090909092,72.31404958677686
E00055014,311,45,21,24,266,36,230,14.469453376205788,6.752411575562702,7.717041800643088,85.53054662379421,11.57556270096463,73.95498392282958
E00055015,238,31,10,21,207,17,190,13.025210084033615,4.201680672268908,8.823529411764707,86.97478991596638,7.142857142857142,79.83193277310924
E00055016,253,49,25,24,204,23,181,19.367588932806324,9.881422924901186,9.486166007905137,80.63241106719367,9.090909090909092,71.54150197628458
E00055017,259,53,22,31,206,15,191,20.463320463320464,8.494208494208493,11.96911196911197,79.53667953667953,5.7915057915057915,73.74517374517374
E00055018,314,67,27,40,247,21,226,21.337579617834397,8.598726114649681,12.738853503184714,78.6624203821656,6.687898089171974,71.97452229299363
E00055019,485,100,55,45,385,43,342,20.618556701030926,11.34020618556701,9.278350515463918,79.38144329896907,8.8659793814433,70.51546391752578
E00055020,266,88,33,55,178,14,164,33.08270676691729,12.406015037593985,20.676691729323306,66.9172932330827,5.263157894736842,61.65413533834586
E00055021,226,43,11,32,183,13,170,19.02654867256637,4.867256637168142,14.15929203539823,80.97345132743364,5.752212389380531,75.22123893805309
E00055022,148,25,10,15,123,10,113,16.89189189189189,6.756756756756757,10.135135135135135,83.1081081081081,6.756756756756757,76.35135135135135
E00055023,280,62,25,37,218,26,192,22.142857142857142,8.928571428571429,13.214285714285715,77.85714285714286,9.285714285714286,68.57142857142857
E00055024,293,76,38,38,217,22,195,25.938566552901023,12.969283276450511,12.969283276450511,74.06143344709898,7.508532423208192,66.55290102389078
E00055025,177,39,20,19,138,13,125,22.033898305084744,11.299435028248588,10.734463276836157,77.96610169491525,7.344632768361582,70.62146892655367
E00055026,423,92,44,48,331,23,308,21.749408983451538,10.401891252955082,11.347517730496454,78.25059101654847,5.4373522458628845,72.81323877068559
E00055027,324,67,28,39,257,18,239,20.679012345679013,8.641975308641975,12.037037037037036,79.32098765432099,5.555555555555555,73.76543209876543
E00055028,329,95,59,36,234,22,212,28.87537993920973,17.933130699088146,10.94224924012158,71.12462006079028,6.68693009118541,64.43768996960486
E00055029,196,58,24,34,138,15,123,29.591836734693878,12.244897959183673,17.346938775510203,70.40816326530613,7.653061224489796,62.755102040816325
E00055030,345,79,40,39,266,28,238,22.89855072463768,11.594202898550725,11.304347826086957,77.10144927536233,8.115942028985506,68.98550724637681
E00055031,364,63,23,40,301,35,266,17.307692307692307,6.318681318681318,10.989010989010989,82.6923076923077,9.615384615384617,73.07692307692307
E00055032,368,57,32,25,311,28,283,15.489130434782608,8.695652173913043,6.7934782608695645,84.51086956521739,7.608695652173914,76.90217391304348
E00055033,410,49,19,30,361,40,321,11.951219512195122,4.634146341463414,7.317073170731707,88.04878048780488,9.75609756097561,78.29268292682927
E00055034,321,59,21,38,262,34,228,18.38006230529595,6.5420560747663545,11.838006230529595,81.61993769470405,10.59190031152648,71.02803738317756
E00055035,331,40,11,29,291,35,256,12.084592145015106,3.3232628398791544,8.761329305135952,87.91540785498489,10.574018126888216,77.34138972809667
E00055036,328,41,16,25,287,28,259,12.5,4.878048780487805,7.621951219512195,87.5,8.536585365853659,78.96341463414635
E00055037,323,82,47,35,241,17,224,25.386996904024766,14.551083591331269,10.8359133126935,74.61300309597523,5.263157894736842,69.3498452012384
E00055038,460,56,15,41,404,35,369,12.173913043478262,3.260869565217391,8.91304347826087,87.82608695652175,7.608695652173914,80.21739130434783
E00055039,368,61,17,44,307,35,272,16.57608695652174,4.619565217391304,11.956521739130435,83.42391304347827,9.510869565217392,73.91304347826086
E00055040,256,43,14,29,213,18,195,16.796875,5.46875,11.328125,83.203125,7.03125,76.171875
E00055041,361,55,21,34,306,29,277,15.23545706371191,5.8171745152354575,9.418282548476455,84.7645429362881,8.033240997229916,76.73130193905817
E00055042,271,38,10,28,233,28,205,14.022140221402212,3.6900369003690034,10.33210332103321,85.97785977859779,10.33210332103321,75.64575645756457
E00055043,264,36,14,22,228,26,202,13.636363636363635,5.303030303030303,8.333333333333332,86.36363636363636,9.848484848484848,76.51515151515152
E00055044,257,43,17,26,214,18,196,16.731517509727624,6.614785992217899,10.116731517509727,83.26848249027238,7.003891050583658,76.26459143968872
E00055045,348,70,20,50,278,29,249,20.114942528735632,5.747126436781609,14.367816091954023,79.88505747126436,8.333333333333332,71.55172413793103
E00055046,298,72,38,34,226,20,206,24.161073825503358,12.751677852348994,11.409395973154362,75.83892617449665,6.7114093959731544,69.12751677852349
E00055047,258,44,14,30,214,31,183,17.05426356589147,5.426356589147287,11.627906976744185,82.94573643410853,12.015503875968992,70.93023255813954
E00055048,354,49,21,28,305,40,265,13.841807909604519,5.932203389830509,7.909604519774012,86.15819209039547,11.299435028248588,74.85875706214689
E00055049,319,65,32,33,254,25,229,20.37617554858934,10.031347962382444,10.344827586206897,79.62382445141067,7.836990595611286,71.78683385579937
E00055050,294,46,18,28,248,27,221,15.646258503401361,6.122448979591836,9.523809523809524,84.35374149659864,9.183673469387756,75.17006802721087
E00055051,339,55,18,37,284,31,253,16.224188790560472,5.3097345132743365,10.914454277286136,83.77581120943954,9.144542772861357,74.63126843657817
E00055052,266,56,21,35,210,21,189,21.052631578947366,7.894736842105263,13.157894736842104,78.94736842105263,7.894736842105263,71.05263157894737
E00055053,260,48,9,39,212,21,191,18.461538461538463,3.4615384615384617,15,81.53846153846153,8.076923076923077,73.46153846153847
E00055054,433,63,19,44,370,48,322,14.549653579676674,4.387990762124711,10.161662817551962,85.45034642032333,11.085450346420323,74.364896073903
E00055055,282,59,30,29,223,24,199,20.921985815602838,10.638297872340425,10.28368794326241,79.07801418439716,8.51063829787234,70.56737588652481
E00055056,407,90,39,51,317,32,285,22.11302211302211,9.582309582309582,12.530712530712531,77.88697788697789,7.862407862407863,70.02457002457002
E00055057,257,64,30,34,193,19,174,24.90272373540856,11.673151750972762,13.229571984435799,75.09727626459144,7.392996108949417,67.70428015564202
E00055058,275,46,16,30,229,21,208,16.727272727272727,5.818181818181818,10.909090909090908,83.27272727272728,7.636363636363637,75.63636363636364
E00055059,323,70,33,37,253,27,226,21.671826625387,10.21671826625387,11.455108359133128,78.328173374613,8.359133126934983,69.96904024767801
E00055060,141,53,25,28,88,7,81,37.5886524822695,17.73049645390071,19.858156028368796,62.4113475177305,4.964539007092199,57.446808510638306
E00055061,218,59,27,32,159,18,141,27.06422018348624,12.385321100917432,14.678899082568808,72.93577981651376,8.256880733944955,64.6788990825688
E00055062,263,52,17,35,211,23,188,19.771863117870723,6.4638783269961975,13.307984790874524,80.22813688212928,8.745247148288973,71.48288973384031
E00055063,274,59,23,36,215,23,192,21.532846715328464,8.394160583941606,13.138686131386862,78.46715328467153,8.394160583941606,70.07299270072993
E00055064,367,49,12,37,318,46,272,13.35149863760218,3.2697547683923704,10.08174386920981,86.64850136239782,12.534059945504087,74.11444141689373
E00055065,344,36,10,26,308,22,286,10.465116279069768,2.9069767441860463,7.55813953488372,89.53488372093024,6.395348837209303,83.13953488372093
E00055066,245,67,32,35,178,20,158,27.346938775510203,13.061224489795919,14.285714285714285,72.6530612244898,8.16326530612245,64.48979591836735
E00055067,447,64,31,33,383,25,358,14.317673378076062,6.935123042505594,7.38255033557047,85.68232662192393,5.592841163310962,80.08948545861297
E00055068,333,39,20,19,294,14,280,11.711711711711711,6.006006006006006,5.7057057057057055,88.28828828828829,4.2042042042042045,84.08408408408408
E00055069,320,76,33,43,244,12,232,23.75,10.3125,13.4375,76.25,3.75,72.5
E00055070,248,32,14,18,216,21,195,12.903225806451612,5.64516129032258,7.258064516129033,87.09677419354838,8.46774193548387,78.62903225806451
E00055071,326,67,32,35,259,23,236,20.552147239263803,9.815950920245399,10.736196319018406,79.4478527607362,7.05521472392638,72.39263803680981
E00055073,272,66,34,32,206,13,193,24.264705882352942,12.5,11.76470588235294,75.73529411764706,4.779411764705882,70.95588235294117
E00055074,341,80,42,38,261,18,243,23.46041055718475,12.316715542521994,11.143695014662756,76.53958944281524,5.278592375366569,71.26099706744868
E00055079,329,48,16,32,281,25,256,14.58966565349544,4.86322188449848,9.72644376899696,85.41033434650456,7.598784194528875,77.81155015197568
E00055080,254,63,38,25,191,20,171,24.803149606299215,14.960629921259844,9.84251968503937,75.19685039370079,7.874015748031496,67.32283464566929
E00055081,195,52,18,34,143,18,125,26.666666666666668,9.230769230769232,17.435897435897434,73.33333333333333,9.230769230769232,64.1025641025641
E00055082,452,55,13,42,397,45,352,12.168141592920353,2.8761061946902653,9.29203539823009,87.83185840707965,9.955752212389381,77.87610619469027
E00055083,220,51,28,23,169,16,153,23.18181818181818,12.727272727272727,10.454545454545453,76.81818181818181,7.2727272727272725,69.54545454545455
E00055084,390,73,44,29,317,26,291,18.71794871794872,11.282051282051283,7.435897435897436,81.28205128205128,6.666666666666667,74.61538461538461
E00055085,308,89,45,44,219,19,200,28.8961038961039,14.61038961038961,14.285714285714285,71.1038961038961,6.1688311688311686,64.93506493506493
E00055086,230,64,29,35,166,16,150,27.82608695652174,12.608695652173912,15.217391304347828,72.17391304347827,6.956521739130435,65.21739130434783
E00055087,298,58,23,35,240,22,218,19.463087248322147,7.718120805369128,11.74496644295302,80.53691275167785,7.38255033557047,73.15436241610739
E00055088,224,46,25,21,178,22,156,20.535714285714285,11.160714285714286,9.375,79.46428571428571,9.821428571428571,69.64285714285714
E00055089,305,61,24,37,244,16,228,20,7.868852459016394,12.131147540983607,80,5.245901639344262,74.75409836065575
E00055090,291,42,18,24,249,23,226,14.432989690721648,6.185567010309279,8.24742268041237,85.56701030927834,7.903780068728522,77.66323024054984
E00055091,329,62,28,34,267,19,248,18.84498480243161,8.51063829787234,10.33434650455927,81.15501519756839,5.775075987841945,75.37993920972644
E00055092,346,46,19,27,300,25,275,13.294797687861271,5.491329479768786,7.803468208092486,86.70520231213872,7.225433526011561,79.47976878612717
E00055093,224,38,24,14,186,7,179,16.964285714285715,10.714285714285714,6.25,83.03571428571429,3.125,79.91071428571429
E00055094,554,62,36,26,492,15,477,11.191335740072201,6.4981949458483745,4.693140794223827,88.8086642599278,2.707581227436823,86.10108303249098
E00055095,594,81,41,40,513,21,492,13.636363636363635,6.902356902356903,6.7340067340067336,86.36363636363636,3.535353535353535,82.82828282828282
E00055096,171,21,8,13,150,8,142,12.280701754385964,4.678362573099415,7.602339181286549,87.71929824561403,4.678362573099415,83.04093567251462
E00055097,348,59,30,29,289,30,259,16.954022988505745,8.620689655172415,8.333333333333332,83.04597701149426,8.620689655172415,74.42528735632183
E00055098,280,62,30,32,218,22,196,22.142857142857142,10.714285714285714,11.428571428571429,77.85714285714286,7.857142857142857,70
E00055099,271,58,29,29,213,21,192,21.40221402214022,10.70110701107011,10.70110701107011,78.59778597785979,7.7490774907749085,70.84870848708486
E00055100,381,77,34,43,304,18,286,20.209973753280842,8.923884514435695,11.286089238845145,79.79002624671917,4.724409448818897,75.06561679790026
E00055101,242,48,34,14,194,8,186,19.834710743801654,14.049586776859504,5.785123966942149,80.16528925619835,3.3057851239669422,76.85950413223141
E00055102,371,87,42,45,284,21,263,23.450134770889488,11.320754716981133,12.129380053908356,76.54986522911051,5.660377358490567,70.88948787061994
E00055103,286,30,9,21,256,16,240,10.48951048951049,3.146853146853147,7.3426573426573425,89.5104895104895,5.594405594405594,83.91608391608392
E00055105,249,32,9,23,217,30,187,12.851405622489958,3.614457831325301,9.236947791164658,87.14859437751004,12.048192771084338,75.1004016064257
E00055106,369,58,24,34,311,28,283,15.718157181571815,6.504065040650407,9.214092140921409,84.28184281842819,7.588075880758807,76.69376693766937
E00055107,303,49,20,29,254,21,233,16.17161716171617,6.6006600660066,9.570957095709572,83.82838283828383,6.9306930693069315,76.89768976897689
E00055108,377,38,15,23,339,25,314,10.079575596816976,3.978779840848806,6.10079575596817,89.92042440318302,6.631299734748011,83.28912466843501
E00055109,387,54,22,32,333,27,306,13.953488372093023,5.684754521963824,8.2687338501292,86.04651162790698,6.976744186046512,79.06976744186046
E00055110,317,42,16,26,275,26,249,13.249211356466878,5.047318611987381,8.201892744479496,86.75078864353313,8.201892744479496,78.54889589905363
E00055111,302,35,15,20,267,21,246,11.589403973509933,4.966887417218543,6.622516556291391,88.41059602649007,6.95364238410596,81.45695364238411
E00055112,280,50,21,29,230,30,200,17.857142857142858,7.5,10.357142857142858,82.14285714285714,10.714285714285714,71.42857142857143
E00055113,287,41,18,23,246,28,218,14.285714285714285,6.2717770034843205,8.013937282229964,85.71428571428571,9.75609756097561,75.9581881533101
E00055114,261,52,20,32,209,29,180,19.923371647509576,7.662835249042145,12.260536398467432,80.07662835249042,11.11111111111111,68.96551724137932
E00055115,340,44,16,28,296,21,275,12.941176470588237,4.705882352941177,8.235294117647058,87.05882352941177,6.176470588235294,80.88235294117648
E00055116,280,35,12,23,245,24,221,12.5,4.285714285714286,8.214285714285714,87.5,8.571428571428571,78.92857142857143
E00055117,277,42,14,28,235,20,215,15.162454873646208,5.054151624548736,10.108303249097473,84.83754512635379,7.2202166064981945,77.6173285198556
E00055118,266,58,24,34,208,32,176,21.804511278195488,9.022556390977442,12.781954887218044,78.19548872180451,12.030075187969924,66.16541353383458
E00055119,254,43,16,27,211,15,196,16.92913385826772,6.299212598425196,10.62992125984252,83.07086614173228,5.905511811023622,77.16535433070865
E00055120,375,99,52,47,276,21,255,26.400000000000002,13.866666666666665,12.533333333333333,73.6,5.6000000000000005,68
E00055121,327,75,32,43,252,20,232,22.93577981651376,9.785932721712538,13.149847094801222,77.06422018348624,6.116207951070336,70.9480122324159
E00055122,292,45,14,31,247,29,218,15.41095890410959,4.794520547945205,10.616438356164384,84.58904109589042,9.931506849315069,74.65753424657534
E00055123,374,43,12,31,331,21,310,11.497326203208557,3.2085561497326207,8.288770053475936,88.50267379679144,5.614973262032086,82.88770053475936
E00055124,343,65,25,40,278,29,249,18.950437317784257,7.288629737609329,11.661807580174926,81.04956268221575,8.454810495626822,72.59475218658892
E00055125,230,61,29,32,169,13,156,26.521739130434785,12.608695652173912,13.91304347826087,73.47826086956522,5.6521739130434785,67.82608695652173
E00055126,242,52,20,32,190,14,176,21.487603305785125,8.264462809917356,13.223140495867769,78.51239669421489,5.785123966942149,72.72727272727273
E00055127,346,43,17,26,303,33,270,12.427745664739884,4.913294797687861,7.514450867052023,87.57225433526011,9.53757225433526,78.03468208092485
E00055128,253,48,16,32,205,29,176,18.972332015810274,6.324110671936759,12.648221343873518,81.02766798418972,11.462450592885375,69.56521739130434
E00055129,380,64,23,41,316,20,296,16.842105263157894,6.052631578947368,10.789473684210527,83.15789473684211,5.263157894736842,77.89473684210526
E00055130,286,70,40,30,216,25,191,24.475524475524477,13.986013986013987,10.48951048951049,75.52447552447552,8.741258741258742,66.78321678321679
E00055131,240,33,4,29,207,17,190,13.750000000000002,1.6666666666666667,12.083333333333334,86.25,7.083333333333333,79.16666666666666
E00055132,366,30,13,17,336,37,299,8.19672131147541,3.551912568306011,4.644808743169399,91.80327868852459,10.10928961748634,81.69398907103826
E00055133,243,33,11,22,210,18,192,13.580246913580247,4.526748971193416,9.053497942386832,86.41975308641975,7.4074074074074066,79.01234567901234
E00055134,270,39,14,25,231,23,208,14.444444444444443,5.185185185185185,9.25925925925926,85.55555555555556,8.518518518518519,77.03703703703704
E00055135,245,40,14,26,205,20,185,16.3265306122449,5.714285714285714,10.612244897959183,83.6734693877551,8.16326530612245,75.51020408163265
E00055136,296,37,10,27,259,22,237,12.5,3.3783783783783785,9.121621621621621,87.5,7.4324324324324325,80.06756756756756
E00055137,310,31,14,17,279,20,259,10,4.516129032258064,5.483870967741936,90,6.451612903225806,83.54838709677419
E00055138,320,51,15,36,269,33,236,15.937499999999998,4.6875,11.25,84.0625,10.3125,73.75
E00055139,181,53,27,26,128,11,117,29.2817679558011,14.917127071823206,14.3646408839779,70.71823204419888,6.077348066298343,64.64088397790056
E00055140,424,104,49,55,320,23,297,24.528301886792452,11.556603773584905,12.971698113207546,75.47169811320755,5.4245283018867925,70.04716981132076
E00055141,326,67,32,35,259,19,240,20.552147239263803,9.815950920245399,10.736196319018406,79.4478527607362,5.828220858895705,73.61963190184049
E00055142,253,42,18,24,211,27,184,16.600790513833992,7.114624505928854,9.486166007905137,83.399209486166,10.67193675889328,72.72727272727273
E00055143,273,66,32,34,207,20,187,24.175824175824175,11.72161172161172,12.454212454212454,75.82417582417582,7.326007326007327,68.4981684981685
E00055144,379,85,34,51,294,15,279,22.427440633245382,8.970976253298153,13.456464379947231,77.57255936675462,3.95778364116095,73.61477572559367
E00055145,342,59,27,32,283,27,256,17.251461988304094,7.894736842105263,9.35672514619883,82.7485380116959,7.894736842105263,74.85380116959064
E00055146,359,69,31,38,290,29,261,19.220055710306408,8.635097493036211,10.584958217270195,80.77994428969359,8.07799442896936,72.70194986072424
E00055147,269,74,38,36,195,12,183,27.509293680297397,14.12639405204461,13.382899628252787,72.4907063197026,4.4609665427509295,68.02973977695167
E00055148,230,53,29,24,177,9,168,23.043478260869566,12.608695652173912,10.434782608695652,76.95652173913044,3.91304347826087,73.04347826086956
E00055149,371,96,50,46,275,12,263,25.87601078167116,13.477088948787062,12.398921832884097,74.12398921832884,3.234501347708895,70.88948787061994
E00055150,301,77,44,33,224,12,212,25.581395348837212,14.61794019933555,10.96345514950166,74.4186046511628,3.9867109634551494,70.43189368770764
E00055151,356,52,15,37,304,23,281,14.606741573033707,4.213483146067416,10.393258426966293,85.39325842696628,6.460674157303371,78.93258426966293
E00055152,259,64,39,25,195,28,167,24.71042471042471,15.057915057915059,9.652509652509652,75.2895752895753,10.81081081081081,64.47876447876449
E00055153,284,62,25,37,222,14,208,21.830985915492956,8.80281690140845,13.028169014084506,78.16901408450704,4.929577464788732,73.23943661971832
E00055154,220,26,10,16,194,17,177,11.818181818181818,4.545454545454546,7.2727272727272725,88.18181818181819,7.727272727272727,80.45454545454545
E00055155,294,61,23,38,233,17,216,20.74829931972789,7.8231292517006805,12.925170068027212,79.25170068027211,5.782312925170068,73.46938775510205
E00055156,319,81,39,42,238,11,227,25.391849529780565,12.225705329153605,13.166144200626958,74.60815047021944,3.4482758620689653,71.15987460815047
E00055157,303,70,28,42,233,20,213,23.1023102310231,9.24092409240924,13.861386138613863,76.89768976897689,6.6006600660066,70.29702970297029
E00055158,324,85,41,44,239,13,226,26.234567901234566,12.654320987654321,13.580246913580247,73.76543209876543,4.012345679012346,69.75308641975309
E00055159,355,80,41,39,275,18,257,22.535211267605636,11.549295774647888,10.985915492957748,77.46478873239437,5.070422535211268,72.3943661971831
E00055160,203,37,20,17,166,8,158,18.226600985221676,9.852216748768473,8.374384236453201,81.77339901477832,3.9408866995073892,77.83251231527095
E00055161,261,53,21,32,208,9,199,20.306513409961685,8.045977011494253,12.260536398467432,79.6934865900383,3.4482758620689653,76.24521072796935
E00055162,328,59,21,38,269,25,244,17.98780487804878,6.402439024390244,11.585365853658537,82.01219512195121,7.621951219512195,74.39024390243902
E00055163,409,68,22,46,341,36,305,16.625916870415647,5.378973105134474,11.246943765281173,83.37408312958435,8.80195599022005,74.57212713936431
E00055164,301,75,36,39,226,14,212,24.916943521594686,11.960132890365449,12.956810631229235,75.08305647840533,4.651162790697675,70.43189368770764
E00055165,233,53,27,26,180,6,174,22.746781115879827,11.587982832618025,11.158798283261802,77.25321888412017,2.575107296137339,74.67811158798283
E00055166,381,64,23,41,317,26,291,16.79790026246719,6.036745406824147,10.761154855643044,83.2020997375328,6.824146981627297,76.37795275590551
E00055167,313,57,24,33,256,33,223,18.210862619808307,7.667731629392971,10.543130990415335,81.78913738019169,10.543130990415335,71.24600638977637
E00055168,294,71,40,31,223,12,211,24.149659863945576,13.60544217687075,10.54421768707483,75.85034013605441,4.081632653061225,71.7687074829932
E00055169,526,84,37,47,442,37,405,15.96958174904943,7.0342205323193925,8.935361216730039,84.03041825095056,7.0342205323193925,76.99619771863118
E00055170,399,80,30,50,319,37,282,20.050125313283207,7.518796992481203,12.531328320802004,79.9498746867168,9.273182957393484,70.67669172932331
E00055171,248,68,34,34,180,23,157,27.419354838709676,13.709677419354838,13.709677419354838,72.58064516129032,9.274193548387096,63.306451612903224
E00055172,278,77,51,26,201,13,188,27.697841726618705,18.345323741007196,9.352517985611511,72.3021582733813,4.676258992805756,67.62589928057554
E00055173,219,58,29,29,161,20,141,26.48401826484018,13.24200913242009,13.24200913242009,73.51598173515981,9.1324200913242,64.38356164383562
E00055174,310,36,12,24,274,25,249,11.612903225806452,3.870967741935484,7.741935483870968,88.38709677419355,8.064516129032258,80.3225806451613
E00055175,331,47,14,33,284,24,260,14.19939577039275,4.229607250755287,9.969788519637463,85.80060422960725,7.250755287009064,78.54984894259819
E00055176,365,88,43,45,277,42,235,24.10958904109589,11.78082191780822,12.32876712328767,75.89041095890411,11.506849315068493,64.38356164383562
E00055177,259,45,14,31,214,21,193,17.374517374517374,5.405405405405405,11.96911196911197,82.62548262548263,8.108108108108109,74.5173745173745
E00055178,265,63,24,39,202,16,186,23.77358490566038,9.056603773584905,14.716981132075471,76.22641509433963,6.037735849056604,70.18867924528301
E00055179,335,80,38,42,255,22,233,23.88059701492537,11.343283582089553,12.53731343283582,76.11940298507463,6.567164179104477,69.55223880597015
E00055180,297,45,19,26,252,22,230,15.151515151515152,6.397306397306397,8.754208754208754,84.84848484848484,7.4074074074074066,77.44107744107744
E00055181,326,62,21,41,264,18,246,19.018404907975462,6.441717791411043,12.576687116564417,80.98159509202453,5.521472392638037,75.4601226993865
E00055182,297,53,22,31,244,18,226,17.845117845117844,7.4074074074074066,10.437710437710438,82.15488215488216,6.0606060606060606,76.0942760942761
E00055183,252,46,21,25,206,19,187,18.253968253968253,8.333333333333332,9.920634920634921,81.74603174603175,7.5396825396825395,74.20634920634922
E00055184,278,58,18,40,220,21,199,20.863309352517987,6.474820143884892,14.388489208633093,79.13669064748201,7.553956834532374,71.58273381294964
E00055185,297,53,21,32,244,26,218,17.845117845117844,7.07070707070707,10.774410774410773,82.15488215488216,8.754208754208754,73.4006734006734
E00055186,312,50,20,30,262,24,238,16.025641025641026,6.41025641025641,9.615384615384617,83.97435897435898,7.6923076923076925,76.28205128205127
E00055187,347,46,12,34,301,31,270,13.256484149855908,3.45821325648415,9.798270893371757,86.74351585014409,8.93371757925072,77.80979827089337
E00055188,265,94,44,50,171,17,154,35.471698113207545,16.60377358490566,18.867924528301888,64.52830188679245,6.415094339622642,58.11320754716981
E00055189,272,47,23,24,225,20,205,17.27941176470588,8.455882352941178,8.823529411764707,82.72058823529412,7.352941176470589,75.36764705882352
E00055190,367,68,26,42,299,22,277,18.52861035422343,7.084468664850137,11.444141689373296,81.47138964577657,5.994550408719346,75.47683923705722
E00055191,292,41,14,27,251,15,236,14.04109589041096,4.794520547945205,9.246575342465754,85.95890410958904,5.136986301369863,80.82191780821918
E00055192,324,60,24,36,264,29,235,18.51851851851852,7.4074074074074066,11.11111111111111,81.48148148148148,8.950617283950617,72.53086419753086
E00055193,388,46,20,26,342,43,299,11.855670103092782,5.154639175257731,6.701030927835052,88.14432989690721,11.082474226804123,77.0618556701031
E00055194,302,45,12,33,257,21,236,14.90066225165563,3.9735099337748347,10.927152317880795,85.09933774834437,6.95364238410596,78.1456953642384
E00055195,117,48,30,18,69,13,56,41.02564102564102,25.64102564102564,15.384615384615385,58.97435897435898,11.11111111111111,47.863247863247864
E00055196,286,53,23,30,233,28,205,18.53146853146853,8.041958041958042,10.48951048951049,81.46853146853147,9.79020979020979,71.67832167832168
E00055197,332,49,21,28,283,35,248,14.759036144578314,6.325301204819277,8.433734939759036,85.2409638554217,10.542168674698797,74.69879518072288
E00055198,374,48,19,29,326,35,291,12.834224598930483,5.080213903743315,7.754010695187167,87.16577540106952,9.358288770053475,77.80748663101605
E00055199,300,54,32,22,246,21,225,18,10.666666666666668,7.333333333333333,82,7.000000000000001,75
E00055200,300,45,15,30,255,20,235,15,5,10,85,6.666666666666667,78.33333333333333
E00055201,324,53,25,28,271,19,252,16.358024691358025,7.716049382716049,8.641975308641975,83.64197530864197,5.864197530864197,77.77777777777779
E00055202,274,47,21,26,227,27,200,17.153284671532848,7.664233576642336,9.48905109489051,82.84671532846716,9.854014598540147,72.99270072992701
E00055203,377,94,40,54,283,27,256,24.93368700265252,10.610079575596817,14.323607427055704,75.06631299734748,7.161803713527852,67.90450928381962
E00055204,291,59,26,33,232,7,225,20.274914089347078,8.934707903780069,11.34020618556701,79.72508591065292,2.405498281786942,77.31958762886599
E00055205,262,68,36,32,194,21,173,25.954198473282442,13.740458015267176,12.213740458015266,74.04580152671755,8.015267175572518,66.03053435114504
E00055206,276,34,14,20,242,20,222,12.318840579710146,5.072463768115942,7.246376811594203,87.68115942028986,7.246376811594203,80.43478260869566
E00055207,291,63,16,47,228,23,205,21.649484536082475,5.498281786941581,16.151202749140893,78.35051546391753,7.903780068728522,70.44673539518901
E00055208,224,64,32,32,160,9,151,28.57142857142857,14.285714285714285,14.285714285714285,71.42857142857143,4.017857142857143,67.41071428571429
E00055209,318,38,13,25,280,31,249,11.949685534591195,4.088050314465408,7.861635220125786,88.0503144654088,9.748427672955975,78.30188679245283
E00055210,305,44,17,27,261,27,234,14.426229508196723,5.573770491803279,8.852459016393443,85.57377049180329,8.852459016393443,76.72131147540983
E00055211,485,123,69,54,362,30,332,25.36082474226804,14.22680412371134,11.134020618556702,74.63917525773196,6.185567010309279,68.45360824742268
E00055212,287,50,19,31,237,24,213,17.421602787456447,6.620209059233449,10.801393728222997,82.57839721254355,8.362369337979095,74.21602787456446
E00055213,315,50,14,36,265,30,235,15.873015873015872,4.444444444444445,11.428571428571429,84.12698412698413,9.523809523809524,74.60317460317461
E00055214,341,78,40,38,263,22,241,22.87390029325513,11.730205278592376,11.143695014662756,77.12609970674487,6.451612903225806,70.67448680351906
E00055215,420,56,20,36,364,29,335,13.333333333333334,4.761904761904762,8.571428571428571,86.66666666666667,6.904761904761905,79.76190476190477
E00055216,313,52,16,36,261,21,240,16.61341853035144,5.111821086261981,11.501597444089457,83.38658146964856,6.7092651757188495,76.6773162939297
E00055217,233,71,31,40,162,10,152,30.472103004291846,13.304721030042918,17.167381974248926,69.52789699570815,4.291845493562231,65.23605150214593
E00055218,223,58,24,34,165,14,151,26.00896860986547,10.762331838565023,15.246636771300448,73.99103139013454,6.278026905829597,67.71300448430493
E00055219,350,108,50,58,242,13,229,30.857142857142854,14.285714285714285,16.57142857142857,69.14285714285714,3.7142857142857144,65.42857142857143
E00055220,291,62,37,25,229,19,210,21.305841924398624,12.714776632302405,8.59106529209622,78.69415807560138,6.529209621993128,72.16494845360825
E00055221,300,56,24,32,244,29,215,18.666666666666668,8,10.666666666666668,81.33333333333333,9.666666666666666,71.66666666666667
E00055222,229,46,22,24,183,21,162,20.087336244541483,9.606986899563319,10.480349344978166,79.91266375545851,9.170305676855897,70.74235807860262
E00055223,360,58,25,33,302,38,264,16.11111111111111,6.944444444444445,9.166666666666666,83.88888888888889,10.555555555555555,73.33333333333333
E00055224,332,51,19,32,281,30,251,15.36144578313253,5.72289156626506,9.63855421686747,84.63855421686746,9.036144578313253,75.6024096385542
E00055225,275,56,25,31,219,13,206,20.363636363636363,9.090909090909092,11.272727272727273,79.63636363636364,4.7272727272727275,74.90909090909092
E00055226,267,73,30,43,194,16,178,27.340823970037455,11.235955056179774,16.10486891385768,72.65917602996255,5.992509363295881,66.66666666666666
E00055228,390,53,12,41,337,26,311,13.58974358974359,3.076923076923077,10.512820512820513,86.41025641025641,6.666666666666667,79.74358974358975
E00055229,330,41,11,30,289,28,261,12.424242424242424,3.3333333333333335,9.090909090909092,87.57575757575758,8.484848484848486,79.0909090909091
E00055230,271,39,14,25,232,22,210,14.391143911439114,5.166051660516605,9.22509225092251,85.60885608856088,8.118081180811808,77.49077490774908
E00055231,312,46,15,31,266,28,238,14.743589743589745,4.807692307692308,9.935897435897436,85.25641025641025,8.974358974358974,76.28205128205127
E00055232,219,20,6,14,199,22,177,9.1324200913242,2.73972602739726,6.392694063926941,90.8675799086758,10.045662100456621,80.82191780821918
E00055233,546,82,32,50,464,44,420,15.018315018315018,5.86080586080586,9.157509157509157,84.98168498168498,8.058608058608058,76.92307692307693
E00055234,352,39,10,29,313,20,293,11.079545454545455,2.840909090909091,8.238636363636363,88.92045454545455,5.681818181818182,83.23863636363636
E00055236,570,42,14,28,528,56,472,7.368421052631578,2.456140350877193,4.912280701754386,92.63157894736842,9.824561403508772,82.80701754385966
E00055237,295,29,5,24,266,22,244,9.830508474576272,1.694915254237288,8.135593220338983,90.16949152542372,7.457627118644068,82.71186440677965
E00055238,211,25,11,14,186,17,169,11.848341232227488,5.213270142180095,6.6350710900473935,88.15165876777252,8.056872037914692,80.09478672985783
E00055239,221,35,13,22,186,25,161,15.837104072398189,5.88235294117647,9.95475113122172,84.16289592760181,11.312217194570136,72.85067873303167
E00055240,394,44,17,27,350,30,320,11.16751269035533,4.314720812182741,6.852791878172589,88.83248730964468,7.614213197969544,81.21827411167513
E00055241,327,55,24,31,272,33,239,16.819571865443425,7.339449541284404,9.480122324159021,83.18042813455658,10.091743119266056,73.08868501529052
E00055242,235,25,9,16,210,28,182,10.638297872340425,3.829787234042553,6.808510638297872,89.36170212765957,11.914893617021278,77.4468085106383
E00055243,219,23,9,14,196,18,178,10.50228310502283,4.10958904109589,6.392694063926941,89.49771689497716,8.21917808219178,81.27853881278538
E00055244,272,41,20,21,231,32,199,15.073529411764705,7.352941176470589,7.720588235294118,84.92647058823529,11.76470588235294,73.16176470588235
E00055245,350,52,19,33,298,18,280,14.857142857142858,5.428571428571429,9.428571428571429,85.14285714285714,5.142857142857142,80
E00055246,355,42,20,22,313,26,287,11.830985915492958,5.633802816901409,6.197183098591549,88.16901408450704,7.323943661971831,80.84507042253522
E00055247,277,82,35,47,195,22,173,29.602888086642597,12.63537906137184,16.967509025270758,70.3971119133574,7.9422382671480145,62.454873646209386
E00055248,246,37,19,18,209,12,197,15.040650406504067,7.723577235772358,7.317073170731707,84.95934959349594,4.878048780487805,80.08130081300813
E00055249,362,108,48,60,254,19,235,29.83425414364641,13.259668508287293,16.574585635359114,70.1657458563536,5.248618784530387,64.9171270718232
E00055250,355,100,48,52,255,19,236,28.169014084507044,13.521126760563378,14.647887323943662,71.83098591549296,5.352112676056338,66.47887323943662
E00055251,377,87,30,57,290,23,267,23.076923076923077,7.957559681697612,15.119363395225463,76.92307692307693,6.10079575596817,70.82228116710876
E00055252,223,57,27,30,166,11,155,25.56053811659193,12.10762331838565,13.452914798206278,74.43946188340807,4.932735426008969,69.50672645739911
E00055253,276,52,19,33,224,30,194,18.84057971014493,6.884057971014493,11.956521739130435,81.15942028985508,10.869565217391305,70.28985507246377
E00055254,265,55,23,32,210,20,190,20.754716981132077,8.679245283018867,12.075471698113208,79.24528301886792,7.547169811320755,71.69811320754717
E00055255,310,54,23,31,256,17,239,17.419354838709676,7.419354838709677,10,82.58064516129032,5.483870967741936,77.09677419354838
E00055256,275,49,17,32,226,20,206,17.81818181818182,6.181818181818182,11.636363636363637,82.18181818181817,7.2727272727272725,74.90909090909092
E00055257,261,52,18,34,209,15,194,19.923371647509576,6.896551724137931,13.026819923371647,80.07662835249042,5.747126436781609,74.32950191570882
E00055258,271,58,30,28,213,22,191,21.40221402214022,11.07011070110701,10.33210332103321,78.59778597785979,8.118081180811808,70.47970479704797
E00055260,365,66,26,40,299,26,273,18.08219178082192,7.123287671232877,10.95890410958904,81.91780821917808,7.123287671232877,74.79452054794521
E00055261,387,57,32,25,330,11,319,14.728682170542637,8.2687338501292,6.459948320413436,85.27131782945736,2.842377260981912,82.42894056847545
E00055262,305,62,23,39,243,24,219,20.327868852459016,7.540983606557377,12.786885245901638,79.67213114754098,7.868852459016394,71.80327868852459
E00055264,186,78,47,31,108,16,92,41.935483870967744,25.268817204301076,16.666666666666664,58.06451612903226,8.60215053763441,49.46236559139785
E00055266,197,43,19,24,154,7,147,21.82741116751269,9.644670050761421,12.18274111675127,78.1725888324873,3.5532994923857872,74.61928934010153
E00055267,439,78,45,33,361,16,345,17.76765375854214,10.250569476082005,7.517084282460136,82.23234624145786,3.644646924829157,78.5876993166287
E00055268,148,40,23,17,108,5,103,27.027027027027028,15.54054054054054,11.486486486486488,72.97297297297297,3.3783783783783785,69.5945945945946
E00055269,419,55,28,27,364,12,352,13.126491646778044,6.682577565632458,6.443914081145586,86.87350835322196,2.863961813842482,84.00954653937947
E00055270,359,76,38,38,283,16,267,21.16991643454039,10.584958217270195,10.584958217270195,78.8300835654596,4.456824512534819,74.3732590529248
E00055271,175,82,55,27,93,0,93,46.85714285714286,31.428571428571427,15.428571428571427,53.142857142857146,0,53.142857142857146
E00055272,620,96,50,46,524,10,514,15.483870967741936,8.064516129032258,7.419354838709677,84.51612903225806,1.6129032258064515,82.9032258064516
E00055273,372,47,27,20,325,4,321,12.634408602150538,7.258064516129033,5.376344086021505,87.36559139784946,1.0752688172043012,86.29032258064517
E00055274,532,60,43,17,472,9,463,11.278195488721805,8.082706766917292,3.195488721804511,88.7218045112782,1.6917293233082706,87.03007518796993
E00055275,411,77,42,35,334,11,323,18.734793187347933,10.218978102189782,8.51581508515815,81.26520681265207,2.67639902676399,78.58880778588808
E00055276,177,59,28,31,118,6,112,33.33333333333333,15.819209039548024,17.51412429378531,66.66666666666666,3.389830508474576,63.2768361581921
E00055277,402,85,43,42,317,10,307,21.144278606965177,10.696517412935323,10.44776119402985,78.85572139303483,2.4875621890547266,76.3681592039801
E00055278,513,121,74,47,392,12,380,23.586744639376217,14.42495126705653,9.161793372319687,76.41325536062378,2.3391812865497075,74.07407407407408
E00055279,281,69,38,31,212,1,211,24.555160142348754,13.523131672597867,11.032028469750891,75.44483985765125,0.3558718861209964,75.08896797153025
E00055280,429,49,29,20,380,7,373,11.421911421911423,6.75990675990676,4.662004662004662,88.57808857808858,1.6317016317016315,86.94638694638695
E00055281,495,75,32,43,420,12,408,15.151515151515152,6.4646464646464645,8.686868686868687,84.84848484848484,2.4242424242424243,82.42424242424242
E00055282,278,109,58,51,169,21,148,39.20863309352518,20.863309352517987,18.345323741007196,60.79136690647482,7.553956834532374,53.23741007194245
E00055283,517,78,31,47,439,39,400,15.087040618955513,5.996131528046422,9.090909090909092,84.91295938104449,7.543520309477756,77.36943907156673
E00055284,227,39,15,24,188,21,167,17.180616740088105,6.607929515418502,10.572687224669604,82.81938325991189,9.251101321585903,73.568281938326
E00055285,294,65,28,37,229,23,206,22.108843537414966,9.523809523809524,12.585034013605442,77.89115646258503,7.8231292517006805,70.06802721088435
E00055286,315,58,21,37,257,24,233,18.412698412698415,6.666666666666667,11.746031746031745,81.58730158730158,7.6190476190476195,73.96825396825398
E00055287,387,64,25,39,323,26,297,16.5374677002584,6.459948320413436,10.077519379844961,83.4625322997416,6.718346253229974,76.74418604651163
E00055288,304,64,28,36,240,25,215,21.052631578947366,9.210526315789473,11.842105263157894,78.94736842105263,8.223684210526317,70.72368421052632
E00055289,310,51,23,28,259,18,241,16.451612903225808,7.419354838709677,9.032258064516128,83.54838709677419,5.806451612903226,77.74193548387098
E00055290,213,35,12,23,178,23,155,16.431924882629108,5.633802816901409,10.7981220657277,83.56807511737088,10.7981220657277,72.76995305164318
E00055291,474,83,35,48,391,38,353,17.51054852320675,7.383966244725738,10.126582278481013,82.48945147679325,8.016877637130802,74.47257383966245
E00055292,322,60,20,40,262,28,234,18.633540372670808,6.211180124223603,12.422360248447205,81.36645962732919,8.695652173913043,72.67080745341616
E00055294,368,53,23,30,315,35,280,14.402173913043478,6.25,8.152173913043478,85.59782608695652,9.510869565217392,76.08695652173914
E00055295,304,38,18,20,266,24,242,12.5,5.921052631578947,6.578947368421052,87.5,7.894736842105263,79.60526315789474
E00055296,276,68,18,50,208,26,182,24.637681159420293,6.521739130434782,18.115942028985508,75.36231884057972,9.420289855072465,65.94202898550725
E00055297,361,60,21,39,301,26,275,16.62049861495845,5.8171745152354575,10.80332409972299,83.37950138504155,7.202216066481995,76.17728531855957
E00055298,301,38,16,22,263,24,239,12.624584717607974,5.3156146179401995,7.308970099667775,87.37541528239203,7.973421926910299,79.40199335548172
E00055299,325,38,14,24,287,32,255,11.692307692307692,4.3076923076923075,7.384615384615385,88.3076923076923,9.846153846153847,78.46153846153847
E00055300,264,52,15,37,212,19,193,19.696969696969695,5.681818181818182,14.015151515151514,80.3030303030303,7.196969696969697,73.10606060606061
E00055301,333,40,12,28,293,26,267,12.012012012012011,3.6036036036036037,8.408408408408409,87.98798798798799,7.807807807807808,80.18018018018019
E00055302,371,62,20,42,309,47,262,16.711590296495956,5.3908355795148255,11.320754716981133,83.28840970350404,12.668463611859837,70.61994609164421
E00055303,380,58,19,39,322,33,289,15.263157894736842,5,10.263157894736842,84.73684210526315,8.68421052631579,76.05263157894737
E00055304,277,39,10,29,238,18,220,14.079422382671481,3.6101083032490973,10.469314079422382,85.92057761732852,6.4981949458483745,79.42238267148014
E00055305,270,34,10,24,236,20,216,12.592592592592592,3.7037037037037033,8.88888888888889,87.4074074074074,7.4074074074074066,80
E00055306,299,55,19,36,244,25,219,18.394648829431436,6.354515050167224,12.040133779264215,81.60535117056857,8.361204013377927,73.24414715719062
E00055307,120,52,28,24,68,5,63,43.333333333333336,23.333333333333332,20,56.666666666666664,4.166666666666666,52.5
E00055308,343,68,31,37,275,23,252,19.825072886297377,9.037900874635568,10.787172011661808,80.17492711370262,6.705539358600583,73.46938775510205
E00055309,361,44,19,25,317,22,295,12.18836565096953,5.263157894736842,6.9252077562326875,87.81163434903047,6.094182825484765,81.7174515235457
E00055310,404,66,30,36,338,14,324,16.33663366336634,7.425742574257425,8.91089108910891,83.66336633663366,3.4653465346534658,80.19801980198021
E00055311,293,61,26,35,232,25,207,20.819112627986346,8.873720136518772,11.945392491467576,79.18088737201366,8.532423208191126,70.64846416382252
E00055312,197,66,31,35,131,14,117,33.50253807106599,15.736040609137056,17.766497461928935,66.49746192893402,7.1065989847715745,59.390862944162436
E00055313,319,63,26,37,256,12,244,19.74921630094044,8.150470219435736,11.598746081504702,80.25078369905955,3.761755485893417,76.48902821316614
E00055314,278,46,24,22,232,22,210,16.546762589928058,8.633093525179856,7.913669064748201,83.45323741007195,7.913669064748201,75.53956834532374
E00055315,301,50,17,33,251,30,221,16.611295681063122,5.647840531561462,10.96345514950166,83.38870431893687,9.966777408637874,73.421926910299
E00055316,338,53,27,26,285,28,257,15.680473372781064,7.988165680473373,7.6923076923076925,84.31952662721893,8.284023668639055,76.03550295857988
E00055318,350,92,42,50,258,17,241,26.285714285714285,12,14.285714285714285,73.71428571428571,4.857142857142857,68.85714285714286
E00055319,232,39,20,19,193,29,164,16.810344827586206,8.620689655172415,8.189655172413794,83.1896551724138,12.5,70.6896551724138
E00055320,260,42,15,27,218,21,197,16.153846153846153,5.769230769230769,10.384615384615385,83.84615384615385,8.076923076923077,75.76923076923077
E00055321,242,57,27,30,185,16,169,23.553719008264462,11.15702479338843,12.396694214876034,76.44628099173553,6.6115702479338845,69.83471074380165
E00055322,220,45,24,21,175,6,169,20.454545454545457,10.909090909090908,9.545454545454547,79.54545454545455,2.727272727272727,76.81818181818181
E00055323,409,71,29,42,338,30,308,17.359413202933986,7.090464547677261,10.268948655256724,82.64058679706602,7.334963325183375,75.30562347188264
E00055324,366,77,21,56,289,25,264,21.03825136612022,5.737704918032787,15.300546448087433,78.96174863387978,6.830601092896176,72.1311475409836
E00055325,315,80,38,42,235,20,215,25.396825396825395,12.063492063492063,13.333333333333334,74.60317460317461,6.349206349206349,68.25396825396825
E00055326,274,57,28,29,217,18,199,20.802919708029197,10.218978102189782,10.583941605839415,79.1970802919708,6.569343065693431,72.62773722627736
E00055327,303,50,16,34,253,17,236,16.5016501650165,5.2805280528052805,11.221122112211221,83.4983498349835,5.6105610561056105,77.88778877887789
E00055328,237,69,37,32,168,16,152,29.11392405063291,15.611814345991561,13.502109704641349,70.88607594936708,6.751054852320674,64.13502109704642
E00055333,336,46,18,28,290,29,261,13.690476190476192,5.357142857142857,8.333333333333332,86.30952380952381,8.630952380952381,77.67857142857143
E00055334,255,72,36,36,183,27,156,28.235294117647058,14.117647058823529,14.117647058823529,71.76470588235294,10.588235294117647,61.1764705882353
E00055335,298,50,22,28,248,27,221,16.778523489932887,7.38255033557047,9.395973154362416,83.22147651006712,9.060402684563758,74.16107382550335
E00055336,197,53,22,31,144,19,125,26.903553299492383,11.16751269035533,15.736040609137056,73.09644670050761,9.644670050761421,63.45177664974619
E00055337,447,82,19,63,365,35,330,18.344519015659955,4.250559284116331,14.093959731543624,81.65548098434004,7.829977628635347,73.8255033557047
E00055338,260,51,22,29,209,26,183,19.615384615384617,8.461538461538462,11.153846153846155,80.38461538461539,10,70.38461538461539
E00055339,545,68,24,44,477,48,429,12.477064220183486,4.4036697247706424,8.073394495412845,87.5229357798165,8.807339449541285,78.71559633027523
E00055340,204,50,28,22,154,21,133,24.509803921568626,13.725490196078432,10.784313725490197,75.49019607843137,10.294117647058822,65.19607843137256
E00055341,309,36,15,21,273,36,237,11.650485436893204,4.854368932038835,6.796116504854369,88.3495145631068,11.650485436893204,76.69902912621359
E00055342,252,45,20,25,207,25,182,17.857142857142858,7.936507936507936,9.920634920634921,82.14285714285714,9.920634920634921,72.22222222222221
E00055343,299,43,17,26,256,22,234,14.381270903010032,5.68561872909699,8.695652173913043,85.61872909698997,7.357859531772576,78.26086956521739
E00055344,372,67,25,42,305,25,280,18.010752688172044,6.720430107526881,11.29032258064516,81.98924731182797,6.720430107526881,75.26881720430107
E00055345,326,47,21,26,279,19,260,14.417177914110429,6.441717791411043,7.975460122699387,85.58282208588957,5.828220858895705,79.75460122699386
E00055346,335,51,15,36,284,28,256,15.223880597014924,4.477611940298507,10.746268656716417,84.77611940298507,8.358208955223882,76.4179104477612
E00055347,312,35,13,22,277,29,248,11.217948717948719,4.166666666666666,7.051282051282051,88.78205128205127,9.294871794871796,79.48717948717949
E00055348,315,38,9,29,277,31,246,12.063492063492063,2.857142857142857,9.206349206349207,87.93650793650794,9.841269841269842,78.0952380952381
E00055349,236,63,17,46,173,15,158,26.69491525423729,7.203389830508475,19.491525423728813,73.30508474576271,6.3559322033898304,66.94915254237289
E00055350,269,35,10,25,234,23,211,13.011152416356877,3.717472118959108,9.293680297397769,86.98884758364312,8.550185873605948,78.43866171003717
E00055351,377,51,15,36,326,28,298,13.527851458885943,3.978779840848806,9.549071618037134,86.47214854111405,7.427055702917771,79.04509283819628
E00055352,257,43,23,20,214,16,198,16.731517509727624,8.949416342412452,7.782101167315175,83.26848249027238,6.22568093385214,77.04280155642024
E00055353,281,59,17,42,222,29,193,20.99644128113879,6.049822064056939,14.94661921708185,79.00355871886121,10.320284697508896,68.68327402135232
E00055354,297,50,18,32,247,20,227,16.835016835016837,6.0606060606060606,10.774410774410773,83.16498316498317,6.7340067340067336,76.43097643097643
E00055355,301,56,18,38,245,28,217,18.6046511627907,5.980066445182724,12.624584717607974,81.3953488372093,9.30232558139535,72.09302325581395
E00055356,269,35,8,27,234,25,209,13.011152416356877,2.973977695167286,10.037174721189592,86.98884758364312,9.293680297397769,77.69516728624535
E00055357,255,37,17,20,218,20,198,14.50980392156863,6.666666666666667,7.8431372549019605,85.49019607843137,7.8431372549019605,77.64705882352942
E00055358,347,83,45,38,264,33,231,23.919308357348704,12.968299711815561,10.951008645533141,76.0806916426513,9.510086455331413,66.57060518731988
E00055359,221,57,24,33,164,17,147,25.791855203619914,10.85972850678733,14.93212669683258,74.2081447963801,7.6923076923076925,66.51583710407239
E00055360,290,51,25,26,239,29,210,17.586206896551722,8.620689655172415,8.96551724137931,82.41379310344827,10,72.41379310344827
E00055361,309,62,37,25,247,15,232,20.06472491909385,11.974110032362459,8.090614886731391,79.93527508090615,4.854368932038835,75.08090614886731
E00055362,322,52,18,34,270,25,245,16.149068322981368,5.590062111801243,10.559006211180124,83.85093167701864,7.763975155279502,76.08695652173914
E00055363,336,66,37,29,270,25,245,19.642857142857142,11.011904761904761,8.630952380952381,80.35714285714286,7.440476190476191,72.91666666666666
E00055364,352,78,37,41,274,23,251,22.15909090909091,10.511363636363637,11.647727272727272,77.8409090909091,6.534090909090909,71.30681818181817
E00055365,232,51,27,24,181,14,167,21.982758620689655,11.637931034482758,10.344827586206897,78.01724137931035,6.0344827586206895,71.98275862068965
E00055366,255,43,19,24,212,25,187,16.862745098039216,7.450980392156863,9.411764705882353,83.13725490196079,9.803921568627452,73.33333333333333
E00055367,277,46,15,31,231,23,208,16.60649819494585,5.415162454873646,11.191335740072201,83.39350180505414,8.303249097472925,75.09025270758123
E00055368,265,91,48,43,174,8,166,34.33962264150943,18.11320754716981,16.22641509433962,65.66037735849056,3.018867924528302,62.64150943396226
E00055369,293,43,14,29,250,28,222,14.675767918088736,4.778156996587031,9.897610921501707,85.32423208191126,9.556313993174061,75.76791808873719
E00055370,304,41,13,28,263,28,235,13.486842105263158,4.276315789473684,9.210526315789473,86.51315789473685,9.210526315789473,77.30263157894737
E00055371,376,109,66,43,267,30,237,28.98936170212766,17.5531914893617,11.436170212765957,71.01063829787235,7.9787234042553195,63.03191489361703
E00055372,322,66,32,34,256,14,242,20.496894409937887,9.937888198757763,10.559006211180124,79.5031055900621,4.3478260869565215,75.15527950310559
E00055373,324,49,17,32,275,27,248,15.123456790123457,5.246913580246913,9.876543209876543,84.87654320987654,8.333333333333332,76.5432098765432
E00055374,244,57,29,28,187,13,174,23.36065573770492,11.885245901639344,11.475409836065573,76.63934426229508,5.327868852459016,71.31147540983606
E00055375,262,45,18,27,217,27,190,17.17557251908397,6.870229007633588,10.305343511450381,82.82442748091603,10.305343511450381,72.51908396946564
E00055376,341,74,33,41,267,39,228,21.700879765395893,9.67741935483871,12.023460410557185,78.2991202346041,11.436950146627565,66.86217008797654
E00055377,318,55,23,32,263,29,234,17.29559748427673,7.232704402515723,10.062893081761008,82.70440251572327,9.119496855345911,73.58490566037736
E00055378,339,61,25,36,278,23,255,17.99410029498525,7.374631268436578,10.619469026548673,82.00589970501476,6.784660766961652,75.22123893805309
E00055379,447,102,58,44,345,29,316,22.818791946308725,12.97539149888143,9.843400447427292,77.18120805369128,6.487695749440715,70.69351230425056
E00055380,281,54,21,33,227,32,195,19.217081850533805,7.473309608540925,11.743772241992882,80.78291814946618,11.387900355871885,69.3950177935943
E00055381,317,59,23,36,258,41,217,18.61198738170347,7.255520504731862,11.35646687697161,81.38801261829653,12.933753943217665,68.45425867507886
E00055382,255,64,36,28,191,12,179,25.098039215686274,14.117647058823529,10.980392156862745,74.90196078431373,4.705882352941177,70.19607843137254
E00055383,373,97,45,52,276,22,254,26.005361930294907,12.064343163538874,13.941018766756033,73.9946380697051,5.898123324396782,68.09651474530831
E00055384,232,45,16,29,187,17,170,19.396551724137932,6.896551724137931,12.5,80.60344827586206,7.327586206896551,73.27586206896551
E00055386,247,79,35,44,168,20,148,31.983805668016196,14.17004048582996,17.813765182186234,68.0161943319838,8.097165991902834,59.91902834008097
E00055387,291,62,26,36,229,18,211,21.305841924398624,8.934707903780069,12.371134020618557,78.69415807560138,6.185567010309279,72.5085910652921
E00055388,263,53,24,29,210,31,179,20.15209125475285,9.125475285171103,11.02661596958175,79.84790874524715,11.787072243346007,68.06083650190115
E00055389,313,56,33,23,257,15,242,17.89137380191693,10.543130990415335,7.348242811501597,82.10862619808307,4.792332268370607,77.31629392971246
E00055390,346,66,31,35,280,40,240,19.07514450867052,8.959537572254336,10.115606936416185,80.92485549132948,11.560693641618498,69.36416184971098
E00055391,293,60,27,33,233,17,216,20.477815699658702,9.215017064846416,11.262798634812286,79.5221843003413,5.802047781569966,73.72013651877133
E00055392,278,67,25,42,211,18,193,24.100719424460433,8.992805755395683,15.107913669064748,75.89928057553958,6.474820143884892,69.42446043165468
E00055393,279,46,16,30,233,20,213,16.48745519713262,5.734767025089606,10.75268817204301,83.51254480286738,7.168458781362006,76.34408602150538
E00055394,280,58,30,28,222,20,202,20.714285714285715,10.714285714285714,10,79.28571428571428,7.142857142857142,72.14285714285714
E00055395,330,56,24,32,274,24,250,16.969696969696972,7.2727272727272725,9.696969696969697,83.03030303030303,7.2727272727272725,75.75757575757575
E00055396,313,56,19,37,257,26,231,17.89137380191693,6.070287539936102,11.821086261980831,82.10862619808307,8.30670926517572,73.80191693290735
E00055397,565,80,22,58,485,38,447,14.15929203539823,3.893805309734513,10.265486725663717,85.84070796460178,6.725663716814159,79.11504424778761
E00055398,273,51,28,23,222,23,199,18.681318681318682,10.256410256410255,8.424908424908425,81.31868131868131,8.424908424908425,72.89377289377289
E00055399,284,43,19,24,241,24,217,15.140845070422534,6.690140845070422,8.450704225352112,84.85915492957746,8.450704225352112,76.40845070422534
E00055400,460,65,24,41,395,27,368,14.130434782608695,5.217391304347826,8.91304347826087,85.86956521739131,5.869565217391305,80
E00055401,293,51,29,22,242,20,222,17.4061433447099,9.897610921501707,7.508532423208192,82.5938566552901,6.825938566552901,75.76791808873719
E00055402,293,80,36,44,213,28,185,27.303754266211605,12.286689419795222,15.017064846416384,72.6962457337884,9.556313993174061,63.13993174061433
E00055403,304,76,38,38,228,25,203,25,12.5,12.5,75,8.223684210526317,66.77631578947368
E00055404,254,69,37,32,185,10,175,27.165354330708663,14.566929133858267,12.598425196850393,72.83464566929135,3.937007874015748,68.89763779527559
E00055405,369,68,35,33,301,21,280,18.428184281842817,9.48509485094851,8.94308943089431,81.57181571815718,5.691056910569105,75.88075880758808
E00055406,333,59,23,36,274,25,249,17.71771771771772,6.906906906906906,10.81081081081081,82.28228228228228,7.5075075075075075,74.77477477477478
E00055407,308,59,25,34,249,24,225,19.155844155844157,8.116883116883116,11.03896103896104,80.84415584415584,7.792207792207792,73.05194805194806
E00055409,152,83,48,35,69,9,60,54.60526315789473,31.57894736842105,23.026315789473685,45.39473684210527,5.921052631578947,39.473684210526315
E00055410,328,45,13,32,283,29,254,13.719512195121952,3.9634146341463414,9.75609756097561,86.28048780487805,8.841463414634147,77.4390243902439
E00055413,363,59,38,21,304,9,295,16.2534435261708,10.46831955922865,5.785123966942149,83.7465564738292,2.479338842975207,81.26721763085399
E00055414,229,32,18,14,197,10,187,13.973799126637553,7.860262008733625,6.11353711790393,86.02620087336244,4.366812227074235,81.6593886462882
E00055415,414,68,37,31,346,17,329,16.425120772946862,8.937198067632849,7.487922705314009,83.57487922705315,4.1062801932367154,79.46859903381642
E00055416,346,51,29,22,295,5,290,14.739884393063585,8.38150289017341,6.358381502890173,85.26011560693641,1.4450867052023122,83.8150289017341
E00055417,319,45,28,17,274,5,269,14.106583072100312,8.77742946708464,5.329153605015674,85.8934169278997,1.5673981191222568,84.32601880877742
E00055418,384,52,28,24,332,12,320,13.541666666666666,7.291666666666667,6.25,86.45833333333334,3.125,83.33333333333334
E00055419,205,79,44,35,126,18,108,38.53658536585366,21.463414634146343,17.073170731707318,61.46341463414634,8.780487804878048,52.6829268292683
E00055420,358,50,28,22,308,35,273,13.966480446927374,7.82122905027933,6.145251396648044,86.03351955307262,9.776536312849162,76.25698324022346
E00055421,281,43,15,28,238,32,206,15.302491103202847,5.338078291814947,9.9644128113879,84.69750889679716,11.387900355871885,73.30960854092527
E00055422,353,52,31,21,301,19,282,14.730878186968837,8.78186968838527,5.94900849858357,85.26912181303116,5.382436260623229,79.88668555240793
E00055423,446,67,34,33,379,9,370,15.022421524663676,7.623318385650224,7.399103139013453,84.97757847533633,2.0179372197309418,82.95964125560538
E00055424,295,55,21,34,240,22,218,18.64406779661017,7.118644067796611,11.525423728813559,81.35593220338984,7.457627118644068,73.89830508474576
E00055425,437,117,83,34,320,17,303,26.773455377574372,18.993135011441648,7.780320366132723,73.22654462242562,3.8901601830663615,69.33638443935926
E00055426,229,40,15,25,189,26,163,17.46724890829694,6.550218340611353,10.91703056768559,82.53275109170306,11.353711790393014,71.17903930131004
E00055427,403,77,31,46,326,32,294,19.106699751861044,7.6923076923076925,11.41439205955335,80.89330024813896,7.94044665012407,72.95285359801488
E00055428,284,52,13,39,232,15,217,18.30985915492958,4.577464788732395,13.732394366197184,81.69014084507043,5.28169014084507,76.40845070422534
E00055430,579,150,93,57,429,15,414,25.906735751295333,16.06217616580311,9.844559585492227,74.09326424870466,2.5906735751295336,71.50259067357513
E00055431,269,30,14,16,239,12,227,11.152416356877323,5.204460966542751,5.947955390334572,88.84758364312268,4.4609665427509295,84.38661710037175
E00055432,401,59,23,36,342,8,334,14.713216957605985,5.7356608478802995,8.977556109725686,85.286783042394,1.99501246882793,83.29177057356608
E00055433,284,68,35,33,216,13,203,23.943661971830984,12.323943661971832,11.619718309859154,76.05633802816901,4.577464788732395,71.47887323943662
E00055434,343,55,25,30,288,21,267,16.034985422740526,7.288629737609329,8.746355685131196,83.96501457725948,6.122448979591836,77.84256559766763
E00055435,353,42,22,20,311,2,309,11.89801699716714,6.232294617563739,5.6657223796034,88.10198300283287,0.56657223796034,87.53541076487252
E00055436,476,71,28,43,405,9,396,14.915966386554622,5.88235294117647,9.033613445378151,85.08403361344537,1.8907563025210083,83.19327731092437
E00055437,344,46,25,21,298,7,291,13.372093023255813,7.267441860465117,6.104651162790697,86.62790697674419,2.0348837209302326,84.59302325581395
E00055438,288,52,22,30,236,19,217,18.055555555555554,7.638888888888889,10.416666666666668,81.94444444444444,6.597222222222222,75.34722222222221
E00055439,289,44,29,15,245,22,223,15.22491349480969,10.034602076124568,5.190311418685121,84.77508650519032,7.612456747404845,77.16262975778547
E00055440,325,81,38,43,244,10,234,24.923076923076923,11.692307692307692,13.230769230769232,75.07692307692308,3.076923076923077,72
E00055441,284,37,20,17,247,25,222,13.028169014084506,7.042253521126761,5.985915492957746,86.97183098591549,8.80281690140845,78.16901408450704
E00055442,296,56,30,26,240,32,208,18.91891891891892,10.135135135135135,8.783783783783784,81.08108108108108,10.81081081081081,70.27027027027027
E00055443,318,28,14,14,290,21,269,8.80503144654088,4.40251572327044,4.40251572327044,91.19496855345912,6.60377358490566,84.59119496855347
E00055444,286,39,21,18,247,26,221,13.636363636363635,7.3426573426573425,6.293706293706294,86.36363636363636,9.090909090909092,77.27272727272727
E00055445,491,63,29,34,428,6,422,12.830957230142568,5.906313645621181,6.924643584521386,87.16904276985743,1.2219959266802443,85.94704684317719
E00055446,225,31,18,13,194,14,180,13.777777777777779,8,5.777777777777778,86.22222222222223,6.222222222222222,80
E00055447,199,42,8,34,157,19,138,21.105527638190953,4.0201005025125625,17.08542713567839,78.89447236180904,9.547738693467336,69.34673366834171
E00055448,539,56,30,26,483,9,474,10.38961038961039,5.565862708719852,4.823747680890538,89.6103896103896,1.6697588126159555,87.94063079777365
E00055449,347,39,21,18,308,12,296,11.239193083573488,6.051873198847262,5.187319884726225,88.76080691642652,3.45821325648415,85.30259365994236
E00055450,592,90,46,44,502,21,481,15.202702702702704,7.77027027027027,7.4324324324324325,84.7972972972973,3.5472972972972974,81.25
E00055451,331,52,15,37,279,25,254,15.709969788519636,4.531722054380665,11.178247734138973,84.29003021148036,7.552870090634441,76.73716012084593
E00055452,409,70,33,37,339,5,334,17.114914425427873,8.06845965770171,9.04645476772616,82.88508557457213,1.2224938875305624,81.66259168704157
E00055453,369,63,22,41,306,22,284,17.073170731707318,5.9620596205962055,11.11111111111111,82.92682926829268,5.9620596205962055,76.96476964769647
E00055454,391,56,30,26,335,7,328,14.322250639386189,7.672634271099745,6.649616368286446,85.6777493606138,1.7902813299232736,83.88746803069054
E00055455,285,35,14,21,250,22,228,12.280701754385964,4.912280701754386,7.368421052631578,87.71929824561403,7.719298245614035,80
E00055456,359,70,30,40,289,4,285,19.498607242339833,8.356545961002785,11.142061281337048,80.50139275766016,1.1142061281337048,79.38718662952647
E00055457,376,55,24,31,321,13,308,14.627659574468085,6.382978723404255,8.24468085106383,85.37234042553192,3.4574468085106385,81.91489361702128
E00055458,299,45,18,27,254,12,242,15.050167224080269,6.0200668896321075,9.03010033444816,84.94983277591973,4.013377926421405,80.93645484949833
E00055459,349,45,17,28,304,20,284,12.893982808022923,4.871060171919771,8.022922636103152,87.10601719197709,5.730659025787966,81.37535816618912
E00055460,268,62,37,25,206,9,197,23.134328358208954,13.805970149253731,9.328358208955224,76.86567164179104,3.3582089552238807,73.50746268656717
E00055461,236,44,16,28,192,6,186,18.64406779661017,6.779661016949152,11.864406779661017,81.35593220338984,2.5423728813559325,78.8135593220339
E00055462,380,54,27,27,326,21,305,14.210526315789473,7.105263157894736,7.105263157894736,85.78947368421052,5.526315789473684,80.26315789473685
E00168656,328,51,25,26,277,15,262,15.548780487804878,7.621951219512195,7.926829268292683,84.45121951219512,4.573170731707317,79.8780487804878
E00168657,293,25,8,17,268,27,241,8.532423208191126,2.7303754266211606,5.802047781569966,91.46757679180887,9.215017064846416,82.25255972696246
E00168658,357,27,11,16,330,13,317,7.563025210084033,3.081232492997199,4.481792717086835,92.43697478991596,3.6414565826330536,88.79551820728291
E00168659,171,21,7,14,150,11,139,12.280701754385964,4.093567251461988,8.187134502923977,87.71929824561403,6.432748538011696,81.28654970760235
E00168660,383,49,22,27,334,28,306,12.793733681462141,5.7441253263707575,7.049608355091384,87.20626631853786,7.310704960835509,79.89556135770235
E00168661,358,36,10,26,322,25,297,10.05586592178771,2.793296089385475,7.262569832402235,89.94413407821229,6.983240223463687,82.9608938547486
E00168662,280,47,22,25,233,22,211,16.785714285714285,7.857142857142857,8.928571428571429,83.21428571428572,7.857142857142857,75.35714285714286
E00168663,299,51,23,28,248,29,219,17.05685618729097,7.6923076923076925,9.364548494983277,82.94314381270902,9.698996655518394,73.24414715719062
E00168664,279,64,32,32,215,21,194,22.939068100358423,11.469534050179211,11.469534050179211,77.06093189964157,7.526881720430108,69.53405017921148
E00168665,242,49,17,32,193,24,169,20.24793388429752,7.024793388429752,13.223140495867769,79.75206611570248,9.917355371900827,69.83471074380165
E00168666,498,54,12,42,444,30,414,10.843373493975903,2.4096385542168677,8.433734939759036,89.1566265060241,6.024096385542169,83.13253012048193
E00168667,282,55,28,27,227,15,212,19.50354609929078,9.929078014184398,9.574468085106384,80.49645390070921,5.319148936170213,75.177304964539
E00168668,333,32,13,19,301,30,271,9.60960960960961,3.903903903903904,5.7057057057057055,90.39039039039038,9.00900900900901,81.38138138138137
E00168669,177,26,2,24,151,17,134,14.689265536723164,1.1299435028248588,13.559322033898304,85.31073446327684,9.6045197740113,75.70621468926554
E00168670,293,30,12,18,263,18,245,10.238907849829351,4.09556313993174,6.143344709897611,89.76109215017065,6.143344709897611,83.61774744027304
E00168671,219,28,7,21,191,21,170,12.785388127853881,3.1963470319634704,9.58904109589041,87.21461187214612,9.58904109589041,77.6255707762557
E00168672,285,40,11,29,245,25,220,14.035087719298245,3.8596491228070176,10.175438596491228,85.96491228070175,8.771929824561402,77.19298245614034
E00168674,311,50,24,26,261,23,238,16.077170418006432,7.717041800643088,8.360128617363344,83.92282958199357,7.395498392282958,76.52733118971061
E00168675,359,33,15,18,326,39,287,9.192200557103064,4.178272980501393,5.013927576601671,90.80779944289694,10.86350974930362,79.94428969359332
E00168676,306,37,8,29,269,26,243,12.091503267973856,2.6143790849673203,9.477124183006536,87.90849673202614,8.49673202614379,79.41176470588235
E00168677,317,48,12,36,269,25,244,15.141955835962145,3.7854889589905363,11.35646687697161,84.85804416403786,7.886435331230284,76.97160883280758
E00168678,345,44,17,27,301,24,277,12.753623188405797,4.9275362318840585,7.82608695652174,87.2463768115942,6.956521739130435,80.28985507246377
E00168679,132,21,8,13,111,11,100,15.909090909090908,6.0606060606060606,9.848484848484848,84.0909090909091,8.333333333333332,75.75757575757575
E00168680,354,28,6,22,326,23,303,7.909604519774012,1.694915254237288,6.214689265536723,92.09039548022598,6.497175141242938,85.59322033898306
E00168681,262,31,13,18,231,18,213,11.83206106870229,4.961832061068702,6.870229007633588,88.16793893129771,6.870229007633588,81.29770992366412
E00168682,263,35,12,23,228,26,202,13.307984790874524,4.562737642585551,8.745247148288973,86.69201520912547,9.885931558935361,76.80608365019012
E00168683,452,83,44,39,369,40,329,18.36283185840708,9.734513274336283,8.628318584070795,81.63716814159292,8.849557522123893,72.78761061946902
E00168684,178,26,9,17,152,20,132,14.606741573033707,5.056179775280898,9.550561797752808,85.39325842696628,11.235955056179774,74.15730337078652
E00168685,250,30,8,22,220,28,192,12,3.2,8.799999999999999,88,11.200000000000001,76.8
E00168686,235,40,9,31,195,21,174,17.02127659574468,3.829787234042553,13.191489361702127,82.97872340425532,8.936170212765958,74.04255319148936
E00168687,196,54,30,24,142,16,126,27.55102040816326,15.306122448979592,12.244897959183673,72.44897959183673,8.16326530612245,64.28571428571429
E00168688,514,137,84,53,377,25,352,26.653696498054476,16.342412451361866,10.311284046692606,73.34630350194551,4.863813229571985,68.48249027237354
E00178636,285,117,63,54,168,18,150,41.05263157894737,22.105263157894736,18.947368421052634,58.94736842105262,6.315789473684211,52.63157894736842
E00178637,284,110,63,47,174,17,157,38.732394366197184,22.183098591549296,16.549295774647888,61.267605633802816,5.985915492957746,55.28169014084507
E00178654,622,61,20,41,561,47,514,9.807073954983924,3.215434083601286,6.591639871382636,90.19292604501608,7.556270096463022,82.63665594855306
E00178662,322,79,33,46,243,30,213,24.53416149068323,10.248447204968944,14.285714285714285,75.46583850931677,9.316770186335404,66.14906832298136
E00178668,281,56,15,41,225,30,195,19.9288256227758,5.338078291814947,14.590747330960854,80.0711743772242,10.676156583629894,69.3950177935943
E00178678,248,32,10,22,216,23,193,12.903225806451612,4.032258064516129,8.870967741935484,87.09677419354838,9.274193548387096,77.82258064516128
E00178691,254,36,12,24,218,21,197,14.173228346456693,4.724409448818897,9.448818897637794,85.8267716535433,8.267716535433072,77.55905511811024
E00178692,222,72,48,24,150,12,138,32.432432432432435,21.62162162162162,10.81081081081081,67.56756756756756,5.405405405405405,62.16216216216216
E00178693,170,38,13,25,132,9,123,22.35294117647059,7.647058823529412,14.705882352941178,77.64705882352942,5.294117647058823,72.35294117647058
E00178695,112,16,7,9,96,9,87,14.285714285714285,6.25,8.035714285714286,85.71428571428571,8.035714285714286,77.67857142857143
E00178698,412,39,12,27,373,29,344,9.466019417475728,2.912621359223301,6.553398058252427,90.53398058252428,7.038834951456311,83.49514563106796
E00178705,363,72,29,43,291,15,276,19.834710743801654,7.988980716253444,11.84573002754821,80.16528925619835,4.132231404958678,76.03305785123968
E00178707,423,106,61,45,317,29,288,25.059101654846334,14.420803782505912,10.638297872340425,74.94089834515366,6.8557919621749415,68.08510638297872
E00178713,304,52,30,22,252,18,234,17.105263157894736,9.868421052631579,7.236842105263158,82.89473684210526,5.921052631578947,76.97368421052632
E00178714,134,24,7,17,110,9,101,17.91044776119403,5.223880597014925,12.686567164179104,82.08955223880598,6.7164179104477615,75.3731343283582
E00178718,346,73,38,35,273,13,260,21.09826589595376,10.982658959537572,10.115606936416185,78.90173410404624,3.7572254335260116,75.14450867052022
