OA,ts0380001,ts0380002,ts0380003,ts0380004,ts0380005,ts0380006,ts0380007,ts0380002_PCT,ts0380003_PCT,ts0380004_PCT,ts0380005_PCT,ts0380006_PCT,ts0380007_PCT
E00119476,393,29,11,18,364,30,334,7.37913486005089,2.7989821882951653,4.580152671755725,92.6208651399491,7.633587786259542,84.98727735368958
E00119477,306,44,12,32,262,18,244,14.37908496732026,3.9215686274509802,10.457516339869281,85.62091503267973,5.88235294117647,79.73856209150327
E00119478,317,32,12,20,285,21,264,10.094637223974763,3.7854889589905363,6.309148264984227,89.90536277602523,6.624605678233439,83.2807570977918
E00119480,367,41,11,30,326,32,294,11.1716621253406,2.997275204359673,8.174386920980927,88.8283378746594,8.71934604904632,80.10899182561307
E00119481,386,27,10,17,359,31,328,6.994818652849741,2.5906735751295336,4.404145077720207,93.00518134715026,8.031088082901555,84.97409326424871
E00119482,157,29,15,14,128,16,112,18.471337579617835,9.554140127388536,8.9171974522293,81.52866242038218,10.191082802547772,71.3375796178344
E00119483,378,33,7,26,345,28,317,8.73015873015873,1.8518518518518516,6.878306878306878,91.26984126984127,7.4074074074074066,83.86243386243386
E00119485,329,34,10,24,295,17,278,10.33434650455927,3.0395136778115504,7.29483282674772,89.66565349544074,5.167173252279635,84.49848024316108
E00119486,324,49,22,27,275,26,249,15.123456790123457,6.790123456790123,8.333333333333332,84.87654320987654,8.024691358024691,76.85185185185185
E00119487,369,32,10,22,337,10,327,8.672086720867208,2.710027100271003,5.9620596205962055,91.32791327913279,2.710027100271003,88.6178861788618
E00119488,372,34,8,26,338,24,314,9.13978494623656,2.1505376344086025,6.989247311827956,90.86021505376344,6.451612903225806,84.40860215053763
E00119489,324,33,14,19,291,25,266,10.185185185185185,4.320987654320987,5.864197530864197,89.81481481481481,7.716049382716049,82.09876543209876
E00119490,248,28,9,19,220,11,209,11.29032258064516,3.6290322580645165,7.661290322580645,88.70967741935483,4.435483870967742,84.2741935483871
E00119491,300,38,12,26,262,24,238,12.666666666666668,4,8.666666666666668,87.33333333333333,8,79.33333333333333
E00119492,377,59,15,44,318,19,299,15.649867374005305,3.978779840848806,11.671087533156498,84.3501326259947,5.039787798408488,79.3103448275862
E00119493,247,22,8,14,225,16,209,8.906882591093117,3.2388663967611335,5.668016194331984,91.09311740890689,6.477732793522267,84.61538461538461
E00119494,252,40,16,24,212,23,189,15.873015873015872,6.349206349206349,9.523809523809524,84.12698412698413,9.126984126984127,75
E00119496,317,37,9,28,280,15,265,11.67192429022082,2.8391167192429023,8.832807570977918,88.32807570977917,4.73186119873817,83.59621451104101
E00119497,383,30,9,21,353,20,333,7.83289817232376,2.3498694516971277,5.483028720626632,92.16710182767625,5.221932114882506,86.94516971279373
E00119498,371,38,22,16,333,16,317,10.242587601078167,5.929919137466308,4.31266846361186,89.75741239892183,4.31266846361186,85.44474393530997
E00119499,351,32,11,21,319,19,300,9.116809116809117,3.133903133903134,5.982905982905983,90.88319088319088,5.413105413105413,85.47008547008546
E00119500,351,36,12,24,315,21,294,10.256410256410255,3.418803418803419,6.837606837606838,89.74358974358975,5.982905982905983,83.76068376068376
E00119501,338,39,13,26,299,34,265,11.538461538461538,3.8461538461538463,7.6923076923076925,88.46153846153845,10.059171597633137,78.40236686390533
E00119502,331,41,10,31,290,26,264,12.386706948640484,3.0211480362537766,9.365558912386707,87.61329305135952,7.854984894259818,79.7583081570997
E00119503,284,54,19,35,230,17,213,19.014084507042252,6.690140845070422,12.323943661971832,80.98591549295774,5.985915492957746,75
E00119504,233,55,21,34,178,12,166,23.605150214592275,9.012875536480687,14.592274678111588,76.39484978540773,5.150214592274678,71.24463519313305
E00119505,249,41,25,16,208,23,185,16.46586345381526,10.040160642570282,6.425702811244979,83.53413654618474,9.236947791164658,74.29718875502009
E00119506,306,49,19,30,257,12,245,16.013071895424837,6.209150326797386,9.803921568627452,83.98692810457517,3.9215686274509802,80.06535947712419
E00119507,354,24,12,12,330,13,317,6.779661016949152,3.389830508474576,3.389830508474576,93.22033898305084,3.672316384180791,89.54802259887006
E00119508,391,50,15,35,341,31,310,12.787723785166241,3.8363171355498724,8.951406649616368,87.21227621483376,7.928388746803069,79.28388746803068
E00119509,332,44,18,26,288,21,267,13.253012048192772,5.421686746987952,7.83132530120482,86.74698795180723,6.325301204819277,80.42168674698796
E00119510,354,54,25,29,300,14,286,15.254237288135593,7.062146892655368,8.192090395480225,84.7457627118644,3.954802259887006,80.7909604519774
E00119511,304,51,17,34,253,14,239,16.776315789473685,5.592105263157895,11.18421052631579,83.22368421052632,4.605263157894736,78.61842105263158
E00119512,489,50,19,31,439,37,402,10.224948875255624,3.885480572597137,6.339468302658487,89.77505112474438,7.566462167689162,82.20858895705521
E00119513,381,70,36,34,311,22,289,18.37270341207349,9.448818897637794,8.923884514435695,81.62729658792651,5.774278215223097,75.8530183727034
E00119514,354,38,18,20,316,23,293,10.734463276836157,5.084745762711865,5.649717514124294,89.26553672316385,6.497175141242938,82.7683615819209
E00119515,342,65,21,44,277,17,260,19.005847953216374,6.140350877192982,12.865497076023392,80.99415204678363,4.970760233918129,76.0233918128655
E00119516,350,54,22,32,296,18,278,15.428571428571427,6.2857142857142865,9.142857142857142,84.57142857142857,5.142857142857142,79.42857142857143
E00119517,344,60,29,31,284,28,256,17.441860465116278,8.430232558139535,9.011627906976743,82.55813953488372,8.13953488372093,74.4186046511628
E00119518,323,32,13,19,291,18,273,9.907120743034056,4.024767801857585,5.88235294117647,90.09287925696594,5.572755417956656,84.52012383900929
E00119519,356,30,12,18,326,34,292,8.426966292134832,3.3707865168539324,5.056179775280898,91.57303370786516,9.550561797752808,82.02247191011236
E00119520,263,53,22,31,210,7,203,20.15209125475285,8.365019011406844,11.787072243346007,79.84790874524715,2.6615969581749046,77.18631178707224
E00119522,268,64,22,42,204,26,178,23.88059701492537,8.208955223880597,15.671641791044777,76.11940298507463,9.701492537313433,66.4179104477612
E00119523,360,51,24,27,309,13,296,14.166666666666666,6.666666666666667,7.5,85.83333333333333,3.6111111111111107,82.22222222222221
E00119524,324,44,22,22,280,20,260,13.580246913580247,6.790123456790123,6.790123456790123,86.41975308641975,6.172839506172839,80.24691358024691
E00119525,373,63,27,36,310,31,279,16.890080428954423,7.238605898123325,9.651474530831099,83.10991957104558,8.310991957104557,74.79892761394102
E00119526,278,44,13,31,234,20,214,15.827338129496402,4.676258992805756,11.151079136690647,84.17266187050359,7.1942446043165464,76.97841726618705
E00119527,279,31,9,22,248,12,236,11.11111111111111,3.225806451612903,7.885304659498208,88.88888888888889,4.301075268817205,84.58781362007169
E00119528,324,34,15,19,290,17,273,10.493827160493826,4.62962962962963,5.864197530864197,89.50617283950618,5.246913580246913,84.25925925925925
E00119530,341,51,26,25,290,19,271,14.95601173020528,7.624633431085044,7.331378299120235,85.04398826979472,5.571847507331378,79.47214076246334
E00119531,395,57,35,22,338,18,320,14.430379746835442,8.860759493670885,5.5696202531645564,85.56962025316456,4.556962025316456,81.0126582278481
E00119532,208,67,28,39,141,10,131,32.21153846153847,13.461538461538462,18.75,67.78846153846155,4.807692307692308,62.980769230769226
E00119533,303,43,25,18,260,33,227,14.19141914191419,8.25082508250825,5.9405940594059405,85.8085808580858,10.891089108910892,74.91749174917491
E00119534,302,57,30,27,245,17,228,18.874172185430464,9.933774834437086,8.940397350993377,81.12582781456953,5.629139072847682,75.49668874172185
E00119535,377,84,49,35,293,24,269,22.281167108753316,12.9973474801061,9.283819628647215,77.71883289124668,6.36604774535809,71.3527851458886
E00119537,312,33,15,18,279,13,266,10.576923076923077,4.807692307692308,5.769230769230769,89.42307692307693,4.166666666666666,85.25641025641025
E00119538,479,127,58,69,352,21,331,26.513569937369518,12.10855949895616,14.40501043841336,73.48643006263048,4.3841336116910234,69.10229645093946
E00119539,316,40,18,22,276,23,253,12.658227848101266,5.69620253164557,6.962025316455696,87.34177215189874,7.2784810126582276,80.0632911392405
E00119540,441,55,26,29,386,25,361,12.471655328798185,5.895691609977324,6.575963718820861,87.52834467120182,5.6689342403628125,81.85941043083899
E00119541,370,39,19,20,331,22,309,10.54054054054054,5.135135135135135,5.405405405405405,89.45945945945945,5.9459459459459465,83.51351351351352
E00119542,345,48,15,33,297,11,286,13.91304347826087,4.3478260869565215,9.565217391304348,86.08695652173914,3.1884057971014492,82.89855072463767
E00119543,393,47,22,25,346,29,317,11.959287531806616,5.597964376590331,6.361323155216285,88.04071246819338,7.37913486005089,80.6615776081425
E00119544,255,51,21,30,204,14,190,20,8.235294117647058,11.76470588235294,80,5.490196078431373,74.50980392156863
E00119545,307,60,26,34,247,14,233,19.54397394136808,8.469055374592834,11.074918566775244,80.45602605863192,4.5602605863192185,75.8957654723127
E00119546,315,42,16,26,273,18,255,13.333333333333334,5.079365079365079,8.253968253968253,86.66666666666667,5.714285714285714,80.95238095238095
E00119547,376,68,39,29,308,16,292,18.085106382978726,10.372340425531915,7.712765957446808,81.91489361702128,4.25531914893617,77.6595744680851
E00119548,251,79,32,47,172,14,158,31.47410358565737,12.749003984063744,18.725099601593627,68.52589641434263,5.577689243027888,62.94820717131474
E00119549,327,49,23,26,278,17,261,14.984709480122325,7.033639143730887,7.951070336391437,85.01529051987767,5.198776758409786,79.81651376146789
E00119550,250,50,24,26,200,20,180,20,9.6,10.4,80,8,72
E00119551,304,51,28,23,253,13,240,16.776315789473685,9.210526315789473,7.565789473684211,83.22368421052632,4.276315789473684,78.94736842105263
E00119552,301,61,24,37,240,13,227,20.26578073089701,7.973421926910299,12.29235880398671,79.734219269103,4.318936877076411,75.41528239202658
E00119553,299,60,25,35,239,10,229,20.066889632107024,8.361204013377927,11.705685618729097,79.93311036789298,3.3444816053511706,76.58862876254182
E00119554,273,60,32,28,213,11,202,21.978021978021978,11.72161172161172,10.256410256410255,78.02197802197803,4.029304029304029,73.992673992674
E00119555,430,63,26,37,367,18,349,14.651162790697676,6.046511627906977,8.604651162790699,85.34883720930233,4.186046511627907,81.16279069767441
E00119556,572,52,12,40,520,26,494,9.090909090909092,2.097902097902098,6.993006993006993,90.9090909090909,4.545454545454546,86.36363636363636
E00119557,403,70,33,37,333,21,312,17.3697270471464,8.188585607940446,9.181141439205955,82.6302729528536,5.2109181141439205,77.41935483870968
E00119559,334,52,24,28,282,19,263,15.568862275449103,7.18562874251497,8.383233532934131,84.4311377245509,5.688622754491018,78.74251497005989
E00119560,382,52,17,35,330,21,309,13.612565445026178,4.450261780104712,9.162303664921465,86.38743455497382,5.49738219895288,80.89005235602095
E00119561,550,148,89,59,402,34,368,26.90909090909091,16.18181818181818,10.727272727272727,73.0909090909091,6.181818181818182,66.9090909090909
E00119562,328,52,22,30,276,25,251,15.853658536585366,6.707317073170732,9.146341463414634,84.14634146341463,7.621951219512195,76.52439024390245
E00119563,298,28,13,15,270,17,253,9.395973154362416,4.3624161073825505,5.033557046979865,90.60402684563759,5.704697986577181,84.8993288590604
E00119565,372,77,41,36,295,24,271,20.698924731182796,11.021505376344086,9.67741935483871,79.3010752688172,6.451612903225806,72.84946236559139
E00119566,382,33,14,19,349,22,327,8.638743455497382,3.664921465968586,4.973821989528796,91.36125654450262,5.7591623036649215,85.6020942408377
E00119568,409,73,29,44,336,22,314,17.84841075794621,7.090464547677261,10.757946210268948,82.15158924205379,5.378973105134474,76.77261613691931
E00119569,415,65,26,39,350,28,322,15.66265060240964,6.265060240963856,9.397590361445783,84.33734939759037,6.746987951807229,77.59036144578313
E00119570,387,52,25,27,335,22,313,13.436692506459949,6.459948320413436,6.976744186046512,86.56330749354005,5.684754521963824,80.87855297157623
E00119571,353,60,25,35,293,25,268,16.997167138810198,7.0821529745042495,9.91501416430595,83.0028328611898,7.0821529745042495,75.92067988668555
E00119572,366,41,14,27,325,15,310,11.202185792349727,3.825136612021858,7.377049180327869,88.79781420765028,4.098360655737705,84.69945355191257
E00119573,332,48,18,30,284,20,264,14.457831325301203,5.421686746987952,9.036144578313253,85.54216867469879,6.024096385542169,79.51807228915662
E00119574,310,52,25,27,258,13,245,16.7741935483871,8.064516129032258,8.709677419354838,83.22580645161291,4.193548387096775,79.03225806451613
E00119575,420,56,31,25,364,17,347,13.333333333333334,7.380952380952381,5.952380952380952,86.66666666666667,4.0476190476190474,82.61904761904762
E00119576,390,40,15,25,350,30,320,10.256410256410255,3.8461538461538463,6.41025641025641,89.74358974358975,7.6923076923076925,82.05128205128204
E00119577,296,46,23,23,250,14,236,15.54054054054054,7.77027027027027,7.77027027027027,84.45945945945947,4.72972972972973,79.72972972972973
E00119581,269,52,17,35,217,23,194,19.33085501858736,6.319702602230483,13.011152416356877,80.66914498141264,8.550185873605948,72.11895910780669
E00119582,376,66,34,32,310,15,295,17.5531914893617,9.042553191489363,8.51063829787234,82.4468085106383,3.9893617021276597,78.45744680851064
E00119583,293,40,19,21,253,27,226,13.651877133105803,6.484641638225256,7.167235494880546,86.3481228668942,9.215017064846416,77.13310580204778
E00119584,220,22,4,18,198,16,182,10,1.8181818181818181,8.181818181818182,90,7.2727272727272725,82.72727272727273
E00119585,281,28,11,17,253,21,232,9.9644128113879,3.9145907473309607,6.049822064056939,90.0355871886121,7.473309608540925,82.56227758007117
E00119586,264,39,18,21,225,13,212,14.772727272727273,6.8181818181818175,7.954545454545454,85.22727272727273,4.924242424242424,80.3030303030303
E00119587,279,76,47,29,203,17,186,27.24014336917563,16.845878136200717,10.39426523297491,72.75985663082437,6.093189964157706,66.66666666666666
E00119588,216,39,18,21,177,14,163,18.055555555555554,8.333333333333332,9.722222222222223,81.94444444444444,6.481481481481481,75.46296296296296
E00119590,450,49,22,27,401,27,374,10.888888888888888,4.888888888888889,6,89.11111111111111,6,83.11111111111111
E00119591,422,52,25,27,370,25,345,12.322274881516588,5.924170616113744,6.398104265402843,87.67772511848341,5.924170616113744,81.75355450236967
E00119592,493,87,38,49,406,36,370,17.647058823529413,7.707910750507099,9.939148073022313,82.35294117647058,7.302231237322515,75.05070993914808
E00119593,336,57,22,35,279,13,266,16.964285714285715,6.547619047619048,10.416666666666668,83.03571428571429,3.869047619047619,79.16666666666666
E00119594,364,49,21,28,315,15,300,13.461538461538462,5.769230769230769,7.6923076923076925,86.53846153846155,4.1208791208791204,82.41758241758241
E00119595,234,55,29,26,179,14,165,23.504273504273502,12.393162393162394,11.11111111111111,76.49572649572649,5.982905982905983,70.51282051282051
E00119596,429,48,29,19,381,25,356,11.188811188811188,6.75990675990676,4.428904428904429,88.81118881118881,5.827505827505827,82.98368298368298
E00119597,440,68,33,35,372,22,350,15.454545454545453,7.5,7.954545454545454,84.54545454545455,5,79.54545454545455
E00119598,339,54,25,29,285,12,273,15.929203539823009,7.374631268436578,8.55457227138643,84.070796460177,3.5398230088495577,80.53097345132744
E00119599,348,42,16,26,306,11,295,12.068965517241379,4.597701149425287,7.471264367816093,87.93103448275862,3.1609195402298855,84.77011494252874
E00119600,394,54,25,29,340,24,316,13.705583756345177,6.345177664974619,7.3604060913705585,86.29441624365482,6.091370558375635,80.20304568527918
E00119601,348,84,39,45,264,29,235,24.137931034482758,11.206896551724139,12.931034482758621,75.86206896551724,8.333333333333332,67.52873563218391
E00119602,343,50,18,32,293,33,260,14.577259475218659,5.247813411078718,9.329446064139942,85.42274052478133,9.620991253644315,75.80174927113703
E00119603,379,37,9,28,342,27,315,9.762532981530343,2.3746701846965697,7.387862796833773,90.23746701846966,7.12401055408971,83.11345646437994
E00119604,380,54,18,36,326,22,304,14.210526315789473,4.736842105263158,9.473684210526317,85.78947368421052,5.7894736842105265,80
E00119605,396,25,11,14,371,30,341,6.313131313131313,2.7777777777777777,3.535353535353535,93.68686868686868,7.575757575757576,86.11111111111111
E00119606,409,41,8,33,368,27,341,10.024449877750612,1.9559902200488997,8.06845965770171,89.97555012224939,6.601466992665037,83.37408312958435
E00119607,290,52,17,35,238,24,214,17.93103448275862,5.862068965517241,12.068965517241379,82.06896551724138,8.275862068965518,73.79310344827587
E00119608,346,56,18,38,290,25,265,16.184971098265898,5.202312138728324,10.982658959537572,83.8150289017341,7.225433526011561,76.58959537572254
E00119609,277,38,18,20,239,22,217,13.718411552346572,6.4981949458483745,7.2202166064981945,86.28158844765343,7.9422382671480145,78.33935018050542
E00119610,316,35,10,25,281,26,255,11.075949367088606,3.1645569620253164,7.9113924050632916,88.92405063291139,8.227848101265822,80.69620253164557
E00119611,362,48,23,25,314,28,286,13.259668508287293,6.353591160220995,6.906077348066299,86.74033149171271,7.734806629834254,79.00552486187846
E00119612,293,46,16,30,247,13,234,15.699658703071673,5.460750853242321,10.238907849829351,84.30034129692832,4.436860068259386,79.86348122866895
E00119613,409,30,9,21,379,33,346,7.334963325183375,2.2004889975550124,5.134474327628362,92.66503667481662,8.06845965770171,84.59657701711491
E00119614,319,51,20,31,268,18,250,15.987460815047022,6.269592476489027,9.717868338557993,84.01253918495298,5.6426332288401255,78.36990595611285
E00119615,378,82,41,41,296,23,273,21.693121693121693,10.846560846560847,10.846560846560847,78.3068783068783,6.084656084656085,72.22222222222221
E00119616,260,37,9,28,223,20,203,14.23076923076923,3.4615384615384617,10.76923076923077,85.76923076923076,7.6923076923076925,78.07692307692308
E00119617,341,46,19,27,295,32,263,13.48973607038123,5.571847507331378,7.9178885630498534,86.51026392961877,9.3841642228739,77.12609970674487
E00119618,195,36,10,26,159,8,151,18.461538461538463,5.128205128205128,13.333333333333334,81.53846153846153,4.102564102564102,77.435897435897445
E00119619,331,45,22,23,286,19,267,13.595166163141995,6.646525679758309,6.948640483383686,86.404833836858,5.740181268882175,80.66465256797582
E00119620,355,11,3,8,344,24,320,3.0985915492957745,0.8450704225352111,2.2535211267605635,96.90140845070422,6.760563380281689,90.14084507042254
E00119621,300,46,21,25,254,16,238,15.333333333333332,7.000000000000001,8.333333333333332,84.66666666666667,5.333333333333334,79.33333333333333
E00119622,351,35,16,19,316,22,294,9.971509971509972,4.5584045584045585,5.413105413105413,90.02849002849003,6.267806267806268,83.76068376068376
E00119623,391,43,22,21,348,19,329,10.997442455242968,5.626598465473146,5.3708439897698215,89.00255754475704,4.859335038363171,84.14322250639387
E00119624,346,35,7,28,311,20,291,10.115606936416185,2.023121387283237,8.092485549132949,89.88439306358381,5.780346820809249,84.10404624277457
E00119626,369,45,20,25,324,22,302,12.195121951219512,5.420054200542006,6.775067750677506,87.8048780487805,5.9620596205962055,81.84281842818429
E00119628,309,37,13,24,272,19,253,11.974110032362459,4.207119741100324,7.766990291262135,88.02588996763754,6.148867313915858,81.87702265372168
E00119629,431,100,44,56,331,24,307,23.201856148491878,10.208816705336426,12.993039443155451,76.79814385150812,5.56844547563805,71.22969837587007
E00119630,328,62,29,33,266,11,255,18.902439024390244,8.841463414634147,10.060975609756099,81.09756097560977,3.353658536585366,77.7439024390244
E00119631,327,46,17,29,281,18,263,14.067278287461773,5.198776758409786,8.868501529051988,85.93272171253822,5.5045871559633035,80.42813455657493
E00119632,268,40,14,26,228,16,212,14.925373134328357,5.223880597014925,9.701492537313433,85.07462686567165,5.970149253731343,79.1044776119403
E00119633,308,47,21,26,261,17,244,15.259740259740258,6.8181818181818175,8.441558441558442,84.74025974025975,5.51948051948052,79.22077922077922
E00119635,453,52,21,31,401,22,379,11.479028697571744,4.635761589403973,6.843267108167771,88.52097130242825,4.856512141280353,83.6644591611479
E00119636,321,39,18,21,282,16,266,12.149532710280374,5.607476635514018,6.5420560747663545,87.85046728971963,4.984423676012461,82.86604361370716
E00119637,340,43,19,24,297,24,273,12.647058823529411,5.588235294117648,7.0588235294117645,87.3529411764706,7.0588235294117645,80.29411764705883
E00119639,288,26,13,13,262,19,243,9.027777777777777,4.513888888888888,4.513888888888888,90.97222222222221,6.597222222222222,84.375
E00119640,385,57,26,31,328,20,308,14.805194805194805,6.753246753246753,8.051948051948052,85.19480519480518,5.194805194805195,80
E00119641,318,58,17,41,260,25,235,18.238993710691823,5.345911949685535,12.89308176100629,81.76100628930818,7.861635220125786,73.89937106918238
E00119642,285,35,7,28,250,25,225,12.280701754385964,2.456140350877193,9.824561403508772,87.71929824561403,8.771929824561402,78.94736842105263
E00119643,287,42,13,29,245,19,226,14.634146341463413,4.529616724738676,10.104529616724738,85.36585365853658,6.620209059233449,78.74564459930313
E00119644,603,53,19,34,550,38,512,8.7893864013267,3.150912106135987,5.638474295190713,91.21061359867329,6.301824212271974,84.90878938640132
E00119645,256,39,11,28,217,16,201,15.234375,4.296875,10.9375,84.765625,6.25,78.515625
E00119646,327,41,11,30,286,30,256,12.538226299694188,3.3639143730886847,9.174311926605505,87.46177370030581,9.174311926605505,78.2874617737003
E00119647,284,36,17,19,248,25,223,12.676056338028168,5.985915492957746,6.690140845070422,87.32394366197182,8.80281690140845,78.52112676056338
E00119648,204,32,9,23,172,15,157,15.686274509803921,4.411764705882353,11.27450980392157,84.31372549019608,7.352941176470589,76.9607843137255
E00119649,316,33,11,22,283,16,267,10.443037974683545,3.481012658227848,6.962025316455696,89.55696202531645,5.063291139240507,84.49367088607595
E00119650,318,51,18,33,267,16,251,16.037735849056602,5.660377358490567,10.377358490566039,83.9622641509434,5.031446540880504,78.9308176100629
E00119651,272,29,9,20,243,22,221,10.661764705882353,3.308823529411765,7.352941176470589,89.33823529411765,8.088235294117647,81.25
E00119652,445,46,14,32,399,29,370,10.337078651685392,3.146067415730337,7.191011235955057,89.66292134831461,6.51685393258427,83.14606741573034
E00119653,298,25,9,16,273,24,249,8.389261744966444,3.0201342281879198,5.369127516778524,91.61073825503355,8.053691275167784,83.55704697986577
E00119654,277,47,21,26,230,15,215,16.967509025270758,7.581227436823104,9.386281588447654,83.03249097472924,5.415162454873646,77.6173285198556
E00119655,372,41,12,29,331,22,309,11.021505376344086,3.225806451612903,7.795698924731183,88.97849462365592,5.913978494623656,83.06451612903226
E00119656,389,49,11,38,340,18,322,12.596401028277635,2.827763496143959,9.768637532133676,87.40359897172236,4.627249357326478,82.77634961439588
E00119657,284,63,30,33,221,20,201,22.183098591549296,10.56338028169014,11.619718309859154,77.8169014084507,7.042253521126761,70.77464788732394
E00119658,340,29,11,18,311,33,278,8.529411764705882,3.2352941176470593,5.294117647058823,91.47058823529412,9.705882352941178,81.76470588235294
E00119659,344,33,7,26,311,21,290,9.593023255813954,2.0348837209302326,7.55813953488372,90.40697674418605,6.104651162790697,84.30232558139535
E00119660,349,29,8,21,320,30,290,8.30945558739255,2.292263610315186,6.017191977077363,91.69054441260745,8.595988538681947,83.0945558739255
E00119661,459,58,19,39,401,30,371,12.636165577342048,4.139433551198257,8.49673202614379,87.36383442265794,6.535947712418301,80.82788671023965
E00119662,367,47,13,34,320,31,289,12.806539509536785,3.5422343324250685,9.264305177111716,87.19346049046321,8.446866485013624,78.7465940054496
E00119663,415,68,40,28,347,25,322,16.3855421686747,9.63855421686747,6.746987951807229,83.61445783132531,6.024096385542169,77.59036144578313
E00119664,313,33,11,22,280,26,254,10.543130990415335,3.5143769968051117,7.0287539936102235,89.45686900958466,8.30670926517572,81.15015974440894
E00119665,333,78,53,25,255,11,244,23.423423423423422,15.915915915915916,7.5075075075075075,76.57657657657657,3.303303303303303,73.27327327327328
E00119666,336,56,25,31,280,16,264,16.666666666666664,7.440476190476191,9.226190476190476,83.33333333333334,4.761904761904762,78.57142857142857
E00119667,310,61,21,40,249,26,223,19.67741935483871,6.774193548387098,12.903225806451612,80.3225806451613,8.38709677419355,71.93548387096774
E00119668,334,53,18,35,281,17,264,15.868263473053892,5.389221556886228,10.479041916167663,84.13173652694611,5.089820359281437,79.04191616766467
E00119669,416,36,11,25,380,16,364,8.653846153846153,2.644230769230769,6.009615384615385,91.34615384615384,3.8461538461538463,87.5
E00119671,361,47,19,28,314,11,303,13.019390581717452,5.263157894736842,7.756232686980609,86.98060941828255,3.0470914127423825,83.93351800554017
E00119672,301,56,26,30,245,14,231,18.6046511627907,8.637873754152823,9.966777408637874,81.3953488372093,4.651162790697675,76.74418604651163
E00119673,545,114,52,62,431,27,404,20.91743119266055,9.541284403669724,11.376146788990827,79.08256880733944,4.954128440366973,74.12844036697248
E00119674,396,36,12,24,360,25,335,9.090909090909092,3.0303030303030303,6.0606060606060606,90.9090909090909,6.313131313131313,84.59595959595958
E00119675,350,38,19,19,312,24,288,10.857142857142858,5.428571428571429,5.428571428571429,89.14285714285714,6.857142857142858,82.28571428571428
E00119676,349,66,31,35,283,20,263,18.911174785100286,8.882521489971348,10.028653295128938,81.08882521489971,5.730659025787966,75.35816618911176
E00119677,335,47,12,35,288,20,268,14.029850746268657,3.582089552238806,10.44776119402985,85.97014925373134,5.970149253731343,80
E00119678,512,39,15,24,473,42,431,7.6171875,2.9296875,4.6875,92.3828125,8.203125,84.1796875
E00119679,402,55,21,34,347,27,320,13.681592039800993,5.223880597014925,8.45771144278607,86.31840796019901,6.7164179104477615,79.60199004975125
E00119680,455,38,12,26,417,29,388,8.35164835164835,2.6373626373626373,5.714285714285714,91.64835164835165,6.373626373626373,85.27472527472527
E00119681,322,33,16,17,289,33,256,10.248447204968944,4.968944099378882,5.279503105590062,89.75155279503106,10.248447204968944,79.5031055900621
E00119682,422,94,70,24,328,19,309,22.274881516587676,16.587677725118482,5.687203791469194,77.72511848341233,4.502369668246446,73.22274881516587
E00119683,409,28,5,23,381,23,358,6.845965770171149,1.2224938875305624,5.623471882640587,93.15403422982885,5.623471882640587,87.53056234718827
E00119684,339,38,12,26,301,23,278,11.209439528023598,3.5398230088495577,7.669616519174041,88.79056047197639,6.784660766961652,82.00589970501476
E00119685,427,102,67,35,325,15,310,23.88758782201405,15.690866510538642,8.19672131147541,76.11241217798595,3.51288056206089,72.59953161592506
E00119686,281,32,7,25,249,10,239,11.387900355871885,2.491103202846975,8.896797153024911,88.61209964412812,3.558718861209965,85.05338078291815
E00119687,382,54,22,32,328,24,304,14.136125654450263,5.7591623036649215,8.37696335078534,85.86387434554975,6.282722513089005,79.58115183246073
E00119688,260,29,12,17,231,14,217,11.153846153846155,4.615384615384616,6.538461538461539,88.84615384615384,5.384615384615385,83.46153846153847
E00119689,387,64,24,40,323,14,309,16.5374677002584,6.2015503875969,10.335917312661499,83.4625322997416,3.6175710594315245,79.84496124031007
E00119690,264,29,13,16,235,16,219,10.984848484848484,4.924242424242424,6.0606060606060606,89.01515151515152,6.0606060606060606,82.95454545454545
E00119691,428,49,18,31,379,29,350,11.448598130841122,4.205607476635514,7.242990654205607,88.55140186915888,6.775700934579438,81.77570093457945
E00119692,362,33,13,20,329,17,312,9.116022099447514,3.591160220994475,5.524861878453039,90.88397790055248,4.696132596685083,86.1878453038674
E00119693,357,41,17,24,316,27,289,11.484593837535014,4.761904761904762,6.722689075630252,88.51540616246498,7.563025210084033,80.95238095238095
E00119694,341,53,28,25,288,11,277,15.542521994134898,8.211143695014663,7.331378299120235,84.4574780058651,3.225806451612903,81.23167155425219
E00119695,413,64,26,38,349,36,313,15.49636803874092,6.2953995157385,9.200968523002421,84.50363196125909,8.716707021791766,75.78692493946731
E00119696,189,35,16,19,154,13,141,18.51851851851852,8.465608465608465,10.052910052910052,81.48148148148148,6.878306878306878,74.60317460317461
E00119697,291,32,10,22,259,21,238,10.996563573883162,3.436426116838488,7.560137457044673,89.00343642611683,7.216494845360824,81.78694158075601
E00119698,235,38,18,20,197,24,173,16.170212765957448,7.659574468085106,8.51063829787234,83.82978723404256,10.212765957446807,73.61702127659574
E00119699,369,42,11,31,327,18,309,11.38211382113821,2.9810298102981028,8.401084010840108,88.6178861788618,4.878048780487805,83.73983739837398
E00119700,358,35,7,28,323,27,296,9.776536312849162,1.9553072625698324,7.82122905027933,90.22346368715084,7.5418994413407825,82.68156424581005
E00119701,326,46,15,31,280,23,257,14.11042944785276,4.601226993865031,9.509202453987731,85.88957055214725,7.05521472392638,78.83435582822086
E00119702,383,30,7,23,353,25,328,7.83289817232376,1.8276762402088773,6.005221932114883,92.16710182767625,6.527415143603134,85.6396866840731
E00119703,309,26,6,20,283,16,267,8.414239482200648,1.9417475728155338,6.472491909385113,91.58576051779936,5.177993527508091,86.40776699029125
E00119704,373,55,16,39,318,21,297,14.745308310991955,4.289544235924933,10.455764075067025,85.25469168900804,5.630026809651475,79.62466487935657
E00119705,286,46,19,27,240,17,223,16.083916083916083,6.643356643356643,9.44055944055944,83.91608391608392,5.944055944055944,77.97202797202797
E00119706,337,41,14,27,296,27,269,12.166172106824925,4.154302670623145,8.011869436201781,87.83382789317507,8.011869436201781,79.82195845697329
E00119707,311,51,22,29,260,27,233,16.39871382636656,7.07395498392283,9.32475884244373,83.60128617363344,8.681672025723474,74.91961414790997
E00119708,314,44,10,34,270,16,254,14.012738853503185,3.1847133757961785,10.828025477707007,85.98726114649682,5.095541401273886,80.89171974522293
E00119709,341,42,17,25,299,15,284,12.316715542521994,4.9853372434017595,7.331378299120235,87.68328445747801,4.398826979472141,83.28445747800586
E00119710,298,47,23,24,251,27,224,15.771812080536913,7.718120805369128,8.053691275167784,84.22818791946308,9.060402684563758,75.16778523489933
E00119711,404,46,19,27,358,20,338,11.386138613861387,4.702970297029703,6.683168316831684,88.61386138613861,4.9504950495049505,83.66336633663366
E00119712,269,51,24,27,218,8,210,18.95910780669145,8.921933085501859,10.037174721189592,81.04089219330855,2.973977695167286,78.06691449814126
E00119713,324,37,11,26,287,16,271,11.419753086419753,3.3950617283950617,8.024691358024691,88.58024691358025,4.938271604938271,83.64197530864197
E00119714,346,52,20,32,294,17,277,15.028901734104046,5.780346820809249,9.248554913294797,84.97109826589595,4.913294797687861,80.05780346820809
E00119715,324,57,28,29,267,17,250,17.59259259259259,8.641975308641975,8.950617283950617,82.4074074074074,5.246913580246913,77.1604938271605
E00119716,339,59,27,32,280,16,264,17.404129793510325,7.964601769911504,9.43952802359882,82.59587020648968,4.71976401179941,77.87610619469027
E00119717,372,47,12,35,325,23,302,12.634408602150538,3.225806451612903,9.408602150537634,87.36559139784946,6.182795698924731,81.18279569892472
E00119718,334,52,17,35,282,22,260,15.568862275449103,5.089820359281437,10.479041916167663,84.4311377245509,6.58682634730539,77.84431137724552
E00119719,311,66,31,35,245,22,223,21.221864951768488,9.967845659163988,11.254019292604502,78.77813504823152,7.07395498392283,71.70418006430869
E00119720,323,74,35,39,249,25,224,22.910216718266255,10.8359133126935,12.074303405572756,77.08978328173374,7.739938080495357,69.3498452012384
E00119721,350,37,15,22,313,23,290,10.571428571428571,4.285714285714286,6.2857142857142865,89.42857142857143,6.571428571428571,82.85714285714286
E00119722,216,56,23,33,160,15,145,25.925925925925924,10.648148148148149,15.277777777777779,74.07407407407408,6.944444444444445,67.12962962962963
E00119723,337,62,28,34,275,15,260,18.397626112759642,8.30860534124629,10.089020771513352,81.60237388724035,4.451038575667656,77.1513353115727
E00119724,324,49,14,35,275,23,252,15.123456790123457,4.320987654320987,10.802469135802468,84.87654320987654,7.098765432098765,77.77777777777779
E00119725,345,58,19,39,287,32,255,16.81159420289855,5.507246376811594,11.304347826086957,83.18840579710145,9.27536231884058,73.91304347826086
E00119726,258,53,30,23,205,12,193,20.54263565891473,11.627906976744185,8.914728682170542,79.45736434108527,4.651162790697675,74.8062015503876
E00119727,342,90,57,33,252,15,237,26.31578947368421,16.666666666666664,9.649122807017543,73.68421052631578,4.385964912280701,69.2982456140351
E00119728,296,40,10,30,256,19,237,13.513513513513514,3.3783783783783785,10.135135135135135,86.48648648648648,6.418918918918918,80.06756756756756
E00119729,368,42,15,27,326,24,302,11.41304347826087,4.076086956521739,7.336956521739131,88.58695652173914,6.521739130434782,82.06521739130434
E00119730,460,63,32,31,397,21,376,13.695652173913043,6.956521739130435,6.739130434782608,86.30434782608695,4.565217391304348,81.73913043478261
E00119731,324,44,11,33,280,19,261,13.580246913580247,3.3950617283950617,10.185185185185185,86.41975308641975,5.864197530864197,80.55555555555556
E00119732,234,48,25,23,186,18,168,20.51282051282051,10.683760683760683,9.82905982905983,79.48717948717949,7.6923076923076925,71.7948717948718
E00119733,318,46,18,28,272,23,249,14.465408805031446,5.660377358490567,8.80503144654088,85.53459119496856,7.232704402515723,78.30188679245283
E00119734,260,52,17,35,208,17,191,20,6.538461538461539,13.461538461538462,80,6.538461538461539,73.46153846153847
E00119735,376,67,34,33,309,25,284,17.819148936170212,9.042553191489363,8.77659574468085,82.18085106382979,6.648936170212766,75.53191489361703
E00119736,362,65,26,39,297,18,279,17.955801104972377,7.18232044198895,10.773480662983426,82.04419889502762,4.972375690607735,77.07182320441989
E00119737,275,57,29,28,218,12,206,20.727272727272727,10.545454545454545,10.181818181818182,79.27272727272727,4.363636363636364,74.90909090909092
E00119738,304,76,31,45,228,16,212,25,10.197368421052632,14.802631578947366,75,5.263157894736842,69.73684210526315
E00119739,270,22,9,13,248,17,231,8.148148148148149,3.3333333333333335,4.814814814814815,91.85185185185185,6.296296296296296,85.55555555555556
E00119740,354,42,7,35,312,31,281,11.864406779661017,1.977401129943503,9.887005649717514,88.13559322033898,8.757062146892656,79.37853107344633
E00119741,352,34,18,16,318,20,298,9.659090909090908,5.113636363636364,4.545454545454546,90.3409090909091,5.681818181818182,84.6590909090909
E00119742,299,54,27,27,245,17,228,18.06020066889632,9.03010033444816,9.03010033444816,81.93979933110369,5.68561872909699,76.2541806020067
E00119743,351,42,19,23,309,23,286,11.965811965811966,5.413105413105413,6.552706552706552,88.03418803418803,6.552706552706552,81.48148148148148
E00119744,293,44,20,24,249,20,229,15.017064846416384,6.825938566552901,8.19112627986348,84.98293515358361,6.825938566552901,78.15699658703072
E00119745,370,53,20,33,317,31,286,14.324324324324325,5.405405405405405,8.91891891891892,85.67567567567568,8.378378378378379,77.29729729729729
E00119746,324,38,15,23,286,13,273,11.728395061728394,4.62962962962963,7.098765432098765,88.27160493827161,4.012345679012346,84.25925925925925
E00119747,318,60,21,39,258,33,225,18.867924528301888,6.60377358490566,12.264150943396226,81.13207547169812,10.377358490566039,70.75471698113208
E00119749,287,27,8,19,260,26,234,9.40766550522648,2.7874564459930316,6.620209059233449,90.59233449477352,9.059233449477352,81.53310104529616
E00119750,332,52,13,39,280,18,262,15.66265060240964,3.91566265060241,11.74698795180723,84.33734939759037,5.421686746987952,78.91566265060241
E00119751,483,83,29,54,400,28,372,17.184265010351968,6.004140786749482,11.180124223602485,82.81573498964804,5.797101449275362,77.01863354037268
E00119752,370,40,21,19,330,20,310,10.81081081081081,5.675675675675676,5.135135135135135,89.1891891891892,5.405405405405405,83.78378378378379
E00119753,343,57,23,34,286,25,261,16.61807580174927,6.705539358600583,9.912536443148689,83.38192419825073,7.288629737609329,76.0932944606414
E00119754,327,65,26,39,262,18,244,19.877675840978593,7.951070336391437,11.926605504587156,80.1223241590214,5.5045871559633035,74.61773700305811
E00119755,340,39,14,25,301,17,284,11.470588235294118,4.117647058823529,7.352941176470589,88.52941176470588,5,83.52941176470588
E00119756,361,57,22,35,304,29,275,15.789473684210526,6.094182825484765,9.695290858725762,84.21052631578947,8.033240997229916,76.17728531855957
E00119757,286,49,17,32,237,14,223,17.132867132867133,5.944055944055944,11.188811188811188,82.86713286713287,4.895104895104895,77.97202797202797
E00119758,263,36,10,26,227,23,204,13.688212927756654,3.802281368821293,9.885931558935361,86.31178707224335,8.745247148288973,77.56653992395437
E00119759,344,44,17,27,300,17,283,12.790697674418606,4.941860465116279,7.848837209302325,87.20930232558139,4.941860465116279,82.26744186046511
E00119760,202,82,72,10,120,10,110,40.5940594059406,35.64356435643564,4.9504950495049505,59.4059405940594,4.9504950495049505,54.45544554455446
E00119761,350,60,16,44,290,31,259,17.142857142857142,4.571428571428571,12.571428571428573,82.85714285714286,8.857142857142856,74
E00119762,274,32,13,19,242,12,230,11.678832116788321,4.744525547445255,6.934306569343065,88.32116788321169,4.37956204379562,83.94160583941606
E00119763,163,22,9,13,141,7,134,13.496932515337424,5.521472392638037,7.975460122699387,86.50306748466258,4.294478527607362,82.20858895705521
E00119764,219,37,16,21,182,14,168,16.894977168949772,7.30593607305936,9.58904109589041,83.10502283105022,6.392694063926941,76.71232876712328
E00119765,187,51,23,28,136,15,121,27.27272727272727,12.299465240641712,14.973262032085561,72.72727272727273,8.0213903743315509,64.70588235294117
E00119766,304,33,11,22,271,21,250,10.855263157894738,3.618421052631579,7.236842105263158,89.14473684210526,6.907894736842106,82.23684210526315
E00119767,192,22,10,12,170,16,154,11.458333333333332,5.208333333333334,6.25,88.54166666666666,8.333333333333332,80.20833333333334
E00119768,349,50,23,27,299,23,276,14.326647564469914,6.59025787965616,7.736389684813753,85.67335243553008,6.59025787965616,79.08309455587393
E00119769,345,40,8,32,305,16,289,11.594202898550725,2.318840579710145,9.27536231884058,88.40579710144928,4.63768115942029,83.76811594202898
E00119770,110,26,9,17,84,4,80,23.636363636363637,8.181818181818182,15.454545454545453,76.36363636363637,3.6363636363636362,72.72727272727273
E00119771,316,67,45,22,249,23,226,21.202531645569618,14.240506329113925,6.962025316455696,78.79746835443038,7.2784810126582276,71.51898734177216
E00119772,344,71,35,36,273,30,243,20.63953488372093,10.174418604651162,10.465116279069768,79.36046511627907,8.720930232558139,70.63953488372093
E00119773,271,23,6,17,248,23,225,8.487084870848708,2.214022140221402,6.273062730627306,91.5129151291513,8.487084870848708,83.02583025830258
E00119774,359,33,12,21,326,24,302,9.192200557103064,3.3426183844011144,5.8495821727019495,90.80779944289694,6.685236768802229,84.12256267409471
E00119775,266,30,2,28,236,18,218,11.278195488721805,0.7518796992481203,10.526315789473683,88.7218045112782,6.7669172932330826,81.95488721804512
E00119776,318,66,29,37,252,19,233,20.754716981132077,9.119496855345911,11.635220125786164,79.24528301886792,5.9748427672955975,73.27044025157232
E00119777,300,29,9,20,271,20,251,9.666666666666666,3,6.666666666666667,90.33333333333333,6.666666666666667,83.66666666666667
E00119778,383,55,19,36,328,21,307,14.360313315926893,4.960835509138381,9.39947780678851,85.6396866840731,5.483028720626632,80.15665796344648
E00119779,313,54,33,21,259,16,243,17.252396166134183,10.543130990415335,6.7092651757188495,82.74760383386581,5.111821086261981,77.63578274760383
E00119780,299,32,13,19,267,22,245,10.702341137123746,4.3478260869565215,6.354515050167224,89.29765886287625,7.357859531772576,81.93979933110369
E00119781,348,47,18,29,301,24,277,13.505747126436782,5.172413793103448,8.333333333333332,86.49425287356321,6.896551724137931,79.59770114942529
E00169756,322,28,9,19,294,27,267,8.695652173913043,2.7950310559006213,5.900621118012422,91.30434782608695,8.385093167701864,82.91925465838509
E00169757,277,33,10,23,244,25,219,11.913357400722022,3.6101083032490973,8.303249097472925,88.08664259927798,9.025270758122744,79.06137184115524
E00169758,290,24,8,16,266,23,243,8.275862068965518,2.7586206896551726,5.517241379310345,91.72413793103448,7.931034482758621,83.79310344827586
E00169759,237,12,4,8,225,8,217,5.063291139240507,1.6877637130801686,3.375527426160337,94.9367088607595,3.375527426160337,91.56118143459916
E00169760,266,22,10,12,244,12,232,8.270676691729323,3.7593984962406015,4.511278195488721,91.72932330827066,4.511278195488721,87.21804511278195
E00169761,166,15,9,6,151,5,146,9.036144578313253,5.421686746987952,3.614457831325301,90.96385542168674,3.0120481927710845,87.95180722891565
E00169762,608,44,18,26,564,33,531,7.236842105263158,2.9605263157894735,4.276315789473684,92.76315789473685,5.427631578947369,87.33552631578947
E00169763,258,36,14,22,222,14,208,13.953488372093023,5.426356589147287,8.527131782945736,86.04651162790698,5.426356589147287,80.62015503875969
E00169764,404,26,10,16,378,28,350,6.435643564356436,2.4752475247524752,3.9603960396039604,93.56435643564357,6.9306930693069315,86.63366336633663
E00169765,399,45,18,27,354,33,321,11.278195488721805,4.511278195488721,6.7669172932330826,88.7218045112782,8.270676691729323,80.45112781954887
E00169766,379,35,11,24,344,25,319,9.234828496042216,2.9023746701846966,6.33245382585752,90.76517150395779,6.596306068601583,84.1688654353562
E00169767,398,79,37,42,319,26,293,19.849246231155778,9.296482412060302,10.552763819095476,80.15075376884423,6.532663316582915,73.61809045226131
E00169768,559,62,26,36,497,30,467,11.091234347048301,4.651162790697675,6.440071556350627,88.9087656529517,5.366726296958855,83.54203935599284
E00190226,313,15,6,9,298,12,286,4.792332268370607,1.9169329073482428,2.8753993610223643,95.2076677316294,3.8338658146964857,91.3738019169329
E00190234,363,15,4,11,348,23,325,4.132231404958678,1.1019283746556474,3.0303030303030303,95.86776859504133,6.336088154269973,89.53168044077135
E00190245,225,16,5,11,209,8,201,7.111111111111111,2.2222222222222223,4.888888888888889,92.88888888888889,3.5555555555555554,89.33333333333333
E00190249,241,58,28,30,183,11,172,24.066390041493776,11.618257261410788,12.448132780082988,75.93360995850622,4.564315352697095,71.36929460580913
E00190251,238,20,9,11,218,28,190,8.403361344537815,3.7815126050420167,4.621848739495799,91.59663865546219,11.76470588235294,79.83193277310924
E00190255,244,20,6,14,224,9,215,8.19672131147541,2.459016393442623,5.737704918032787,91.80327868852459,3.6885245901639343,88.11475409836066
E00190260,328,36,18,18,292,22,270,10.975609756097562,5.487804878048781,5.487804878048781,89.02439024390245,6.707317073170732,82.3170731707317
E00190263,338,35,13,22,303,23,280,10.355029585798817,3.8461538461538463,6.508875739644971,89.64497041420118,6.8047337278106506,82.84023668639054
E00190267,380,38,18,20,342,24,318,10,4.736842105263158,5.263157894736842,90,6.315789473684211,83.6842105263158
E00190270,426,35,14,21,391,24,367,8.215962441314554,3.286384976525822,4.929577464788732,91.78403755868545,5.633802816901409,86.15023474178403
E00190272,224,23,11,12,201,16,185,10.267857142857142,4.910714285714286,5.357142857142857,89.73214285714286,7.142857142857142,82.58928571428571
E00190273,336,38,18,20,298,15,283,11.30952380952381,5.357142857142857,5.952380952380952,88.69047619047619,4.464285714285714,84.22619047619048
E00190275,230,41,16,25,189,10,179,17.82608695652174,6.956521739130435,10.869565217391305,82.17391304347827,4.3478260869565215,77.82608695652173
E00190277,339,38,16,22,301,30,271,11.209439528023598,4.71976401179941,6.489675516224189,88.79056047197639,8.849557522123893,79.9410029498525
E00190287,306,56,27,29,250,16,234,18.30065359477124,8.823529411764707,9.477124183006536,81.69934640522875,5.228758169934641,76.47058823529412
E00190288,315,47,19,28,268,12,256,14.920634920634921,6.031746031746032,8.88888888888889,85.07936507936508,3.8095238095238098,81.26984126984127
E00190289,170,22,6,16,148,3,145,12.941176470588237,3.5294117647058822,9.411764705882353,87.05882352941177,1.7647058823529411,85.29411764705883
E00190297,259,23,11,12,236,11,225,8.880308880308881,4.247104247104247,4.633204633204633,91.11969111969111,4.247104247104247,86.87258687258688
E00190299,236,19,7,12,217,15,202,8.050847457627118,2.9661016949152543,5.084745762711865,91.94915254237289,6.3559322033898304,85.59322033898306
E00190305,266,19,8,11,247,17,230,7.142857142857142,3.007518796992481,4.135338345864661,92.85714285714286,6.390977443609022,86.46616541353383
E00190306,378,40,14,26,338,19,319,10.582010582010582,3.7037037037037033,6.878306878306878,89.41798941798942,5.026455026455026,84.39153439153439
E00190323,337,55,15,40,282,15,267,16.320474777448073,4.451038575667656,11.869436201780417,83.67952522255193,4.451038575667656,79.22848664688428
E00190324,457,40,13,27,417,29,388,8.752735229759299,2.8446389496717726,5.908096280087528,91.2472647702407,6.3457330415754925,84.9015317286652
