OA,ts0590001,ts0590002,ts0590003,ts0590004,ts0590005,ts0590006,ts0590007,ts0590002_PCT,ts0590003_PCT,ts0590004_PCT,ts0590005_PCT,ts0590006_PCT,ts0590007_PCT
E00107872,158,45,21,24,113,78,35,28.48101265822785,13.291139240506327,15.18987341772152,71.51898734177216,49.36708860759494,22.151898734177212
E00107873,122,35,13,22,87,62,25,28.688524590163933,10.655737704918032,18.0327868852459,71.31147540983606,50.81967213114754,20.491803278688526
E00107874,157,39,12,27,118,93,25,24.840764331210192,7.643312101910828,17.197452229299362,75.15923566878982,59.23566878980891,15.92356687898089
E00107875,149,41,17,24,108,84,24,27.516778523489933,11.409395973154362,16.10738255033557,72.48322147651007,56.375838926174495,16.10738255033557
E00107876,161,44,27,17,117,95,22,27.32919254658385,16.77018633540373,10.559006211180124,72.67080745341616,59.006211180124225,13.664596273291925
E00107877,135,41,22,19,94,64,30,30.37037037037037,16.296296296296298,14.074074074074074,69.62962962962963,47.40740740740741,22.22222222222222
E00107878,152,40,17,23,112,89,23,26.31578947368421,11.18421052631579,15.131578947368421,73.68421052631578,58.55263157894737,15.131578947368421
E00107879,149,48,20,28,101,78,23,32.21476510067114,13.422818791946309,18.79194630872483,67.78523489932886,52.348993288590606,15.436241610738255
E00107880,202,63,29,34,139,112,27,31.18811881188119,14.356435643564355,16.831683168316832,68.8118811881188,55.44554455445545,13.366336633663368
E00107881,83,12,5,7,71,50,21,14.457831325301203,6.024096385542169,8.433734939759036,85.54216867469879,60.24096385542169,25.301204819277107
E00107882,182,44,13,31,138,124,14,24.175824175824175,7.142857142857142,17.032967032967033,75.82417582417582,68.13186813186813,7.6923076923076925
E00107883,182,43,11,32,139,116,23,23.626373626373624,6.043956043956044,17.582417582417584,76.37362637362637,63.73626373626373,12.637362637362637
E00107884,171,48,16,32,123,111,12,28.07017543859649,9.35672514619883,18.71345029239766,71.9298245614035,64.91228070175438,7.017543859649122
E00107885,198,50,17,33,148,116,32,25.252525252525253,8.585858585858585,16.666666666666664,74.74747474747475,58.58585858585859,16.161616161616163
E00107886,138,45,18,27,93,83,10,32.608695652173914,13.043478260869565,19.565217391304348,67.3913043478261,60.14492753623188,7.246376811594203
E00107887,186,68,32,36,118,94,24,36.55913978494624,17.20430107526882,19.35483870967742,63.44086021505376,50.53763440860215,12.903225806451612
E00107888,132,35,17,18,97,85,12,26.515151515151516,12.878787878787879,13.636363636363635,73.48484848484848,64.39393939393939,9.090909090909092
E00107889,148,45,17,28,103,85,18,30.405405405405407,11.486486486486488,18.91891891891892,69.5945945945946,57.432432432432435,12.162162162162163
E00107890,168,51,21,30,117,103,14,30.357142857142854,12.5,17.857142857142858,69.64285714285714,61.30952380952381,8.333333333333332
E00107891,150,41,20,21,109,91,18,27.333333333333332,13.333333333333334,14.000000000000002,72.66666666666667,60.66666666666667,12
E00107892,118,34,15,19,84,68,16,28.8135593220339,12.711864406779661,16.101694915254235,71.1864406779661,57.6271186440678,13.559322033898304
E00107893,150,49,22,27,101,91,10,32.666666666666664,14.666666666666666,18,67.33333333333333,60.66666666666667,6.666666666666667
E00107894,167,42,12,30,125,103,22,25.149700598802394,7.18562874251497,17.964071856287426,74.8502994011976,61.67664670658682,13.17365269461078
E00107895,147,35,18,17,112,95,17,23.809523809523807,12.244897959183673,11.564625850340136,76.19047619047619,64.62585034013605,11.564625850340136
E00107896,148,50,25,25,98,80,18,33.78378378378378,16.89189189189189,16.89189189189189,66.21621621621621,54.054054054054056,12.162162162162163
E00107897,154,33,15,18,121,105,16,21.428571428571427,9.740259740259742,11.688311688311687,78.57142857142857,68.18181818181817,10.38961038961039
E00107898,168,56,16,40,112,93,19,33.33333333333333,9.523809523809524,23.809523809523807,66.66666666666666,55.35714285714286,11.30952380952381
E00107899,144,31,9,22,113,92,21,21.52777777777778,6.25,15.277777777777779,78.47222222222221,63.888888888888886,14.583333333333334
E00107900,187,54,22,32,133,112,21,28.87700534759358,11.76470588235294,17.11229946524064,71.12299465240642,59.893048128342244,11.229946524064172
E00107901,175,49,18,31,126,99,27,28.000000000000004,10.285714285714285,17.71428571428571,72,56.57142857142857,15.428571428571427
E00107902,165,39,17,22,126,106,20,23.636363636363637,10.303030303030303,13.333333333333334,76.36363636363637,64.24242424242425,12.121212121212121
E00107903,155,37,16,21,118,97,21,23.870967741935484,10.32258064516129,13.548387096774196,76.12903225806451,62.58064516129033,13.548387096774196
E00107904,199,57,28,29,142,112,30,28.643216080402013,14.07035175879397,14.572864321608039,71.35678391959799,56.28140703517588,15.07537688442211
E00107905,179,52,18,34,127,107,20,29.05027932960894,10.05586592178771,18.994413407821227,70.94972067039106,59.77653631284916,11.1731843575419
E00107906,159,56,27,29,103,77,26,35.22012578616352,16.9811320754717,18.238993710691823,64.77987421383648,48.42767295597484,16.352201257861633
E00107907,144,58,22,36,86,73,13,40.27777777777778,15.277777777777779,25,59.72222222222222,50.69444444444444,9.027777777777777
E00107908,155,46,23,23,109,77,32,29.677419354838708,14.838709677419354,14.838709677419354,70.3225806451613,49.67741935483871,20.64516129032258
E00107909,156,57,20,37,99,70,29,36.53846153846153,12.82051282051282,23.717948717948715,63.46153846153846,44.871794871794876,18.58974358974359
E00107910,169,47,22,25,122,94,28,27.810650887573964,13.017751479289942,14.792899408284024,72.18934911242604,55.62130177514793,16.56804733727811
E00107911,149,38,16,22,111,94,17,25.503355704697988,10.738255033557047,14.76510067114094,74.49664429530202,63.08724832214765,11.409395973154362
E00107912,176,48,22,26,128,93,35,27.27272727272727,12.5,14.772727272727273,72.72727272727273,52.84090909090909,19.886363636363637
E00107913,125,23,8,15,102,92,10,18.4,6.4,12,81.6,73.6,8
E00107914,55,13,5,8,42,34,8,23.636363636363637,9.090909090909092,14.545454545454545,76.36363636363637,61.81818181818181,14.545454545454545
E00107915,183,47,16,31,136,103,33,25.683060109289617,8.743169398907105,16.939890710382514,74.31693989071039,56.284153005464475,18.0327868852459
E00107916,61,19,6,13,42,33,9,31.147540983606557,9.836065573770492,21.311475409836063,68.85245901639344,54.09836065573771,14.754098360655737
E00107917,143,36,12,24,107,98,9,25.174825174825177,8.391608391608392,16.783216783216783,74.82517482517483,68.53146853146853,6.293706293706294
E00107918,148,47,16,31,101,77,24,31.756756756756754,10.81081081081081,20.945945945945947,68.24324324324324,52.02702702702703,16.216216216216218
E00107919,144,34,11,23,110,82,28,23.61111111111111,7.638888888888889,15.972222222222221,76.38888888888889,56.94444444444444,19.444444444444446
E00107920,121,31,7,24,90,74,16,25.6198347107438,5.785123966942149,19.834710743801654,74.3801652892562,61.15702479338842,13.223140495867769
E00107921,157,42,17,25,115,86,29,26.751592356687897,10.828025477707007,15.92356687898089,73.24840764331209,54.77707006369427,18.471337579617835
E00107922,155,35,18,17,120,92,28,22.58064516129032,11.612903225806452,10.967741935483872,77.41935483870968,59.354838709677416,18.064516129032256
E00107923,160,43,9,34,117,92,25,26.875,5.625,21.25,73.125,57.49999999999999,15.625
E00107924,98,29,13,16,69,59,10,29.591836734693878,13.26530612244898,16.3265306122449,70.40816326530613,60.204081632653065,10.204081632653061
E00107925,148,39,21,18,109,88,21,26.351351351351347,14.18918918918919,12.162162162162163,73.64864864864865,59.45945945945946,14.18918918918919
E00107926,141,43,14,29,98,85,13,30.49645390070922,9.929078014184398,20.56737588652482,69.50354609929079,60.28368794326241,9.219858156028367
E00107927,130,32,8,24,98,77,21,24.615384615384617,6.153846153846154,18.461538461538463,75.38461538461539,59.23076923076923,16.153846153846153
E00107928,178,42,15,27,136,106,30,23.595505617977526,8.426966292134832,15.168539325842698,76.40449438202246,59.55056179775281,16.853932584269664
E00107929,134,34,19,15,100,67,33,25.37313432835821,14.17910447761194,11.194029850746269,74.6268656716418,50,24.62686567164179
E00107930,166,49,22,27,117,91,26,29.518072289156628,13.253012048192772,16.265060240963855,70.48192771084338,54.81927710843374,15.66265060240964
E00107931,178,50,23,27,128,111,17,28.08988764044944,12.921348314606742,15.168539325842698,71.91011235955057,62.35955056179775,9.550561797752808
E00107932,172,32,14,18,140,112,28,18.6046511627907,8.13953488372093,10.465116279069768,81.3953488372093,65.11627906976744,16.27906976744186
E00107933,169,41,13,28,128,106,22,24.2603550295858,7.6923076923076925,16.56804733727811,75.7396449704142,62.721893491124256,13.017751479289942
E00107934,146,43,19,24,103,79,24,29.45205479452055,13.013698630136986,16.43835616438356,70.54794520547945,54.109589041095894,16.43835616438356
E00107935,149,49,21,28,100,78,22,32.88590604026846,14.093959731543624,18.79194630872483,67.11409395973155,52.348993288590606,14.76510067114094
E00107936,167,60,21,39,107,87,20,35.92814371257485,12.574850299401197,23.353293413173652,64.07185628742515,52.09580838323353,11.976047904191617
E00107937,166,51,15,36,115,93,22,30.72289156626506,9.036144578313253,21.686746987951807,69.27710843373494,56.024096385542165,13.253012048192772
E00107938,145,48,16,32,97,68,29,33.10344827586207,11.03448275862069,22.06896551724138,66.89655172413794,46.89655172413793,20
E00107939,142,43,16,27,99,75,24,30.28169014084507,11.267605633802818,19.014084507042252,69.71830985915493,52.816901408450704,16.901408450704224
E00107940,167,35,14,21,132,111,21,20.958083832335326,8.383233532934131,12.574850299401197,79.04191616766467,66.46706586826348,12.574850299401197
E00107941,115,34,10,24,81,62,19,29.565217391304348,8.695652173913043,20.869565217391305,70.43478260869566,53.91304347826087,16.52173913043478
E00107942,152,56,25,31,96,74,22,36.84210526315789,16.447368421052634,20.394736842105264,63.1578947368421,48.68421052631579,14.473684210526317
E00107943,145,36,16,20,109,87,22,24.82758620689655,11.03448275862069,13.793103448275861,75.17241379310344,60,15.172413793103448
E00107944,128,41,14,27,87,75,12,32.03125,10.9375,21.09375,67.96875,58.59375,9.375
E00107945,165,44,16,28,121,106,15,26.666666666666668,9.696969696969697,16.969696969696972,73.33333333333333,64.24242424242425,9.090909090909092
E00107946,162,38,15,23,124,92,32,23.456790123456788,9.25925925925926,14.19753086419753,76.5432098765432,56.79012345679012,19.753086419753085
E00107947,110,43,17,26,67,58,9,39.09090909090909,15.454545454545453,23.636363636363637,60.909090909090914,52.72727272727272,8.181818181818182
E00107948,161,44,15,29,117,93,24,27.32919254658385,9.316770186335404,18.012422360248447,72.67080745341616,57.7639751552795,14.906832298136646
E00107949,130,27,11,16,103,85,18,20.76923076923077,8.461538461538462,12.307692307692308,79.23076923076923,65.38461538461539,13.846153846153847
E00107950,157,51,13,38,106,87,19,32.48407643312102,8.280254777070063,24.203821656050955,67.51592356687898,55.4140127388535,12.101910828025478
E00107951,131,38,9,29,93,75,18,29.00763358778626,6.870229007633588,22.137404580152673,70.99236641221374,57.25190839694656,13.740458015267176
E00107952,117,37,14,23,80,60,20,31.62393162393162,11.965811965811966,19.65811965811966,68.37606837606837,51.28205128205128,17.094017094017094
E00107953,147,47,21,26,100,80,20,31.97278911564626,14.285714285714285,17.687074829931973,68.02721088435374,54.421768707483,13.60544217687075
E00107954,140,47,18,29,93,69,24,33.57142857142857,12.857142857142856,20.714285714285715,66.42857142857143,49.28571428571429,17.142857142857142
E00107955,126,33,13,20,93,73,20,26.190476190476193,10.317460317460316,15.873015873015872,73.80952380952381,57.936507936507944,15.873015873015872
E00107956,167,45,21,24,122,101,21,26.94610778443114,12.574850299401197,14.37125748502994,73.05389221556887,60.47904191616767,12.574850299401197
E00107957,180,47,16,31,133,98,35,26.111111111111114,8.88888888888889,17.22222222222222,73.88888888888889,54.44444444444444,19.444444444444446
E00107958,176,50,21,29,126,92,34,28.40909090909091,11.931818181818182,16.477272727272727,71.5909090909091,52.27272727272727,19.318181818181817
E00107959,151,57,29,28,94,67,27,37.74834437086093,19.205298013245034,18.543046357615893,62.251655629139066,44.370860927152314,17.880794701986755
E00107960,201,64,38,26,137,104,33,31.8407960199005,18.90547263681592,12.935323383084576,68.1592039800995,51.741293532338304,16.417910447761194
E00107961,102,37,17,20,65,50,15,36.27450980392157,16.666666666666664,19.607843137254903,63.725490196078425,49.01960784313725,14.705882352941178
E00107962,107,35,12,23,72,57,15,32.71028037383177,11.214953271028037,21.49532710280374,67.28971962616822,53.271028037383175,14.018691588785046
E00107963,131,28,6,22,103,89,14,21.374045801526716,4.580152671755725,16.793893129770993,78.62595419847328,67.93893129770993,10.687022900763358
E00107964,180,48,16,32,132,111,21,26.666666666666668,8.88888888888889,17.77777777777778,73.33333333333333,61.66666666666667,11.666666666666666
E00107965,153,47,14,33,106,92,14,30.718954248366014,9.15032679738562,21.568627450980394,69.28104575163398,60.130718954248366,9.15032679738562
E00107966,160,47,18,29,113,100,13,29.375,11.25,18.125,70.625,62.5,8.125
E00107967,144,34,15,19,110,91,19,23.61111111111111,10.416666666666668,13.194444444444445,76.38888888888889,63.19444444444444,13.194444444444445
E00107968,139,43,14,29,96,78,18,30.935251798561154,10.071942446043165,20.863309352517987,69.06474820143885,56.11510791366906,12.949640287769784
E00107969,121,32,5,27,89,74,15,26.446280991735538,4.132231404958678,22.31404958677686,73.55371900826447,61.15702479338842,12.396694214876034
E00107970,188,64,24,40,124,106,18,34.04255319148936,12.76595744680851,21.27659574468085,65.95744680851064,56.38297872340425,9.574468085106384
E00107971,170,58,27,31,112,91,21,34.11764705882353,15.88235294117647,18.235294117647058,65.88235294117646,53.529411764705884,12.352941176470589
E00107972,144,43,16,27,101,87,14,29.86111111111111,11.11111111111111,18.75,70.13888888888889,60.416666666666664,9.722222222222223
E00107973,144,45,16,29,99,83,16,31.25,11.11111111111111,20.13888888888889,68.75,57.638888888888886,11.11111111111111
E00107974,186,55,16,39,131,107,24,29.56989247311828,8.60215053763441,20.967741935483872,70.43010752688173,57.52688172043011,12.903225806451612
E00107975,159,47,20,27,112,77,35,29.559748427672954,12.578616352201259,16.9811320754717,70.44025157232704,48.42767295597484,22.0125786163522
E00107976,146,44,23,21,102,81,21,30.136986301369863,15.753424657534246,14.383561643835616,69.86301369863014,55.47945205479452,14.383561643835616
E00107977,149,47,19,28,102,84,18,31.543624161073826,12.751677852348994,18.79194630872483,68.45637583892618,56.375838926174495,12.080536912751679
E00107978,160,58,21,37,102,67,35,36.25,13.125,23.125,63.74999999999999,41.875,21.875
E00107979,97,35,14,21,62,51,11,36.08247422680412,14.432989690721648,21.649484536082475,63.91752577319587,52.57731958762887,11.34020618556701
E00107980,161,62,27,35,99,80,19,38.50931677018634,16.77018633540373,21.73913043478261,61.49068322981367,49.68944099378882,11.801242236024844
E00107981,96,26,7,19,70,61,9,27.083333333333332,7.291666666666667,19.791666666666664,72.91666666666666,63.541666666666664,9.375
E00107982,90,26,11,15,64,50,14,28.888888888888886,12.222222222222221,16.666666666666664,71.11111111111111,55.55555555555556,15.555555555555555
E00107983,102,30,10,20,72,53,19,29.411764705882355,9.803921568627452,19.607843137254903,70.58823529411765,51.9607843137255,18.627450980392158
E00107984,97,37,18,19,60,46,14,38.144329896907216,18.556701030927837,19.587628865979383,61.855670103092784,47.42268041237113,14.432989690721648
E00107985,179,33,9,24,146,127,19,18.435754189944134,5.027932960893855,13.40782122905028,81.56424581005587,70.94972067039106,10.614525139664805
E00107986,252,68,17,51,184,157,27,26.984126984126984,6.746031746031746,20.238095238095237,73.01587301587301,62.301587301587304,10.714285714285714
E00107987,141,52,30,22,89,62,27,36.87943262411347,21.27659574468085,15.602836879432624,63.12056737588653,43.97163120567376,19.148936170212767
E00107988,161,43,16,27,118,94,24,26.70807453416149,9.937888198757763,16.77018633540373,73.29192546583852,58.38509316770186,14.906832298136646
E00107989,216,53,25,28,163,131,32,24.537037037037038,11.574074074074074,12.962962962962962,75.46296296296296,60.64814814814815,14.814814814814813
E00107990,200,49,23,26,151,114,37,24.5,11.5,13,75.5,56.99999999999999,18.5
E00107991,194,59,19,40,135,117,18,30.412371134020617,9.793814432989691,20.618556701030926,69.58762886597938,60.30927835051546,9.278350515463918
E00107992,191,57,15,42,134,104,30,29.84293193717277,7.853403141361256,21.98952879581152,70.15706806282722,54.45026178010471,15.706806282722512
E00107993,197,55,22,33,142,114,28,27.918781725888326,11.16751269035533,16.751269035532996,72.08121827411168,57.868020304568525,14.213197969543149
E00107994,169,33,13,20,136,113,23,19.526627218934912,7.6923076923076925,11.834319526627219,80.4733727810651,66.86390532544378,13.609467455621301
E00107995,211,55,27,28,156,98,58,26.066350710900476,12.796208530805686,13.270142180094787,73.93364928909952,46.44549763033176,27.488151658767773
E00107996,182,66,33,33,116,71,45,36.26373626373626,18.13186813186813,18.13186813186813,63.73626373626373,39.010989010989015,24.725274725274726
E00107997,166,52,31,21,114,94,20,31.32530120481928,18.67469879518072,12.650602409638553,68.67469879518072,56.62650602409639,12.048192771084338
E00107998,139,47,15,32,92,74,18,33.81294964028777,10.79136690647482,23.021582733812952,66.18705035971223,53.23741007194245,12.949640287769784
E00107999,141,46,33,13,95,77,18,32.62411347517731,23.404255319148938,9.219858156028367,67.37588652482269,54.60992907801418,12.76595744680851
E00108000,153,59,30,29,94,65,29,38.56209150326798,19.607843137254903,18.954248366013072,61.43790849673203,42.48366013071895,18.954248366013072
E00108001,147,35,9,26,112,92,20,23.809523809523807,6.122448979591836,17.687074829931973,76.19047619047619,62.585034013605444,13.60544217687075
E00108002,170,45,12,33,125,104,21,26.47058823529412,7.0588235294117645,19.411764705882355,73.52941176470588,61.1764705882353,12.352941176470589
E00108003,180,56,16,40,124,104,20,31.11111111111111,8.88888888888889,22.22222222222222,68.88888888888889,57.77777777777777,11.11111111111111
E00108004,156,42,19,23,114,103,11,26.923076923076923,12.179487179487179,14.743589743589745,73.07692307692307,66.02564102564102,7.051282051282051
E00108005,82,26,7,19,56,42,14,31.70731707317073,8.536585365853659,23.170731707317074,68.29268292682927,51.21951219512195,17.073170731707318
E00108006,166,50,19,31,116,89,27,30.120481927710845,11.44578313253012,18.67469879518072,69.87951807228916,53.6144578313253,16.265060240963855
E00108007,142,35,12,23,107,91,16,24.647887323943664,8.450704225352112,16.19718309859155,75.35211267605634,64.08450704225352,11.267605633802818
E00108008,104,31,11,20,73,64,9,29.807692307692307,10.576923076923077,19.230769230769234,70.1923076923077,61.53846153846154,8.653846153846153
E00108009,135,47,22,25,88,76,12,34.81481481481482,16.296296296296298,18.51851851851852,65.18518518518519,56.2962962962963,8.88888888888889
E00108010,144,40,12,28,104,85,19,27.77777777777778,8.333333333333332,19.444444444444446,72.22222222222221,59.02777777777778,13.194444444444445
E00108011,165,36,9,27,129,114,15,21.818181818181817,5.454545454545454,16.363636363636363,78.18181818181819,69.0909090909091,9.090909090909092
E00108012,132,39,14,25,93,76,17,29.545454545454547,10.606060606060606,18.939393939393938,70.45454545454545,57.57575757575758,12.878787878787879
E00108013,113,28,9,19,85,72,13,24.778761061946902,7.964601769911504,16.8141592920354,75.22123893805309,63.716814159292035,11.504424778761061
E00108014,133,46,12,34,87,77,10,34.58646616541353,9.022556390977442,25.563909774436087,65.41353383458647,57.89473684210527,7.518796992481203
E00108015,106,31,8,23,75,61,14,29.245283018867923,7.547169811320755,21.69811320754717,70.75471698113208,57.54716981132076,13.20754716981132
E00108016,174,45,14,31,129,116,13,25.862068965517242,8.045977011494253,17.81609195402299,74.13793103448276,66.66666666666666,7.471264367816093
E00108017,208,65,22,43,143,118,25,31.25,10.576923076923077,20.673076923076923,68.75,56.730769230769226,12.01923076923077
E00108018,74,28,8,20,46,37,9,37.83783783783784,10.81081081081081,27.027027027027028,62.16216216216216,50,12.162162162162163
E00108019,216,41,15,26,175,153,22,18.98148148148148,6.944444444444445,12.037037037037036,81.01851851851852,70.83333333333334,10.185185185185185
E00108020,180,54,21,33,126,103,23,30,11.666666666666666,18.333333333333332,70,57.22222222222222,12.777777777777777
E00108021,84,23,10,13,61,53,8,27.380952380952383,11.904761904761903,15.476190476190476,72.61904761904762,63.095238095238095,9.523809523809524
E00108022,180,44,16,28,136,121,15,24.444444444444443,8.88888888888889,15.555555555555555,75.55555555555556,67.22222222222223,8.333333333333332
E00108023,159,50,24,26,109,94,15,31.446540880503143,15.09433962264151,16.352201257861633,68.55345911949685,59.11949685534591,9.433962264150944
E00108024,162,52,10,42,110,90,20,32.098765432098766,6.172839506172839,25.925925925925924,67.90123456790124,55.55555555555556,12.345679012345679
E00108025,148,41,13,28,107,88,19,27.7027027027027,8.783783783783784,18.91891891891892,72.2972972972973,59.45945945945946,12.837837837837837
E00108026,141,50,19,31,91,72,19,35.46099290780142,13.47517730496454,21.98581560283688,64.53900709219859,51.06382978723404,13.47517730496454
E00108027,170,62,17,45,108,94,14,36.470588235294116,10,26.47058823529412,63.52941176470588,55.294117647058826,8.235294117647058
E00108028,154,45,13,32,109,92,17,29.22077922077922,8.441558441558442,20.77922077922078,70.77922077922078,59.74025974025974,11.03896103896104
E00108029,147,44,21,23,103,87,16,29.931972789115648,14.285714285714285,15.646258503401361,70.06802721088435,59.183673469387756,10.884353741496598
E00108030,192,66,22,44,126,106,20,34.375,11.458333333333332,22.916666666666664,65.625,55.208333333333336,10.416666666666668
E00108032,134,33,16,17,101,88,13,24.62686567164179,11.940298507462686,12.686567164179104,75.3731343283582,65.67164179104478,9.701492537313433
E00108033,162,50,17,33,112,95,17,30.864197530864196,10.493827160493826,20.37037037037037,69.1358024691358,58.64197530864198,10.493827160493826
E00108034,127,37,17,20,90,76,14,29.133858267716533,13.385826771653544,15.748031496062993,70.86614173228347,59.84251968503938,11.023622047244094
E00108035,189,60,25,35,129,111,18,31.746031746031743,13.227513227513226,18.51851851851852,68.25396825396825,58.730158730158735,9.523809523809524
E00108036,177,55,17,38,122,102,20,31.07344632768362,9.6045197740113,21.468926553672315,68.92655367231639,57.6271186440678,11.299435028248588
E00108037,189,66,22,44,123,109,14,34.92063492063492,11.64021164021164,23.28042328042328,65.07936507936508,57.67195767195767,7.4074074074074066
E00108038,146,48,16,32,98,87,11,32.87671232876712,10.95890410958904,21.91780821917808,67.12328767123287,59.589041095890416,7.534246575342466
E00108039,134,48,17,31,86,73,13,35.82089552238806,12.686567164179104,23.134328358208954,64.17910447761194,54.47761194029851,9.701492537313433
E00108040,160,39,8,31,121,101,20,24.375,5,19.375,75.625,63.125,12.5
E00108041,143,58,18,40,85,71,14,40.55944055944056,12.587412587412588,27.972027972027973,59.44055944055944,49.65034965034965,9.79020979020979
E00108042,167,57,21,36,110,91,19,34.13173652694611,12.574850299401197,21.55688622754491,65.86826347305389,54.49101796407185,11.377245508982035
E00108043,146,40,13,27,106,88,18,27.397260273972602,8.904109589041095,18.493150684931507,72.6027397260274,60.273972602739725,12.32876712328767
E00108044,198,49,17,32,149,133,16,24.747474747474747,8.585858585858585,16.161616161616163,75.25252525252525,67.17171717171718,8.080808080808081
E00108045,134,42,10,32,92,77,15,31.343283582089555,7.462686567164178,23.88059701492537,68.65671641791045,57.46268656716418,11.194029850746269
E00108046,148,33,8,25,115,96,19,22.2972972972973,5.405405405405405,16.89189189189189,77.7027027027027,64.86486486486487,12.837837837837837
E00108047,145,43,20,23,102,89,13,29.655172413793103,13.793103448275861,15.862068965517242,70.34482758620689,61.37931034482759,8.96551724137931
E00108048,171,52,16,36,119,108,11,30.409356725146196,9.35672514619883,21.052631578947366,69.5906432748538,63.1578947368421,6.432748538011696
E00108049,211,58,20,38,153,133,20,27.488151658767773,9.47867298578199,18.009478672985782,72.51184834123224,63.03317535545023,9.47867298578199
E00108050,183,46,10,36,137,123,14,25.136612021857925,5.46448087431694,19.672131147540984,74.86338797814209,67.21311475409836,7.650273224043716
E00108051,143,56,15,41,87,72,15,39.16083916083916,10.48951048951049,28.671328671328673,60.83916083916085,50.349650349650354,10.48951048951049
E00108053,153,32,13,19,121,108,13,20.915032679738562,8.49673202614379,12.418300653594772,79.08496732026144,70.58823529411765,8.49673202614379
E00108054,128,29,9,20,99,81,18,22.65625,7.03125,15.625,77.34375,63.28125,14.0625
E00108055,152,42,13,29,110,88,22,27.631578947368425,8.552631578947368,19.078947368421055,72.36842105263158,57.89473684210527,14.473684210526317
E00108056,235,65,26,39,170,151,19,27.659574468085108,11.063829787234042,16.595744680851062,72.3404255319149,64.25531914893618,8.085106382978724
E00108057,247,69,28,41,178,158,20,27.93522267206478,11.336032388663968,16.599190283400812,72.06477732793523,63.96761133603239,8.097165991902834
E00108058,141,45,19,26,96,85,11,31.914893617021278,13.47517730496454,18.439716312056735,68.08510638297872,60.28368794326241,7.801418439716312
E00108059,125,37,15,22,88,73,15,29.599999999999998,12,17.599999999999998,70.39999999999999,58.4,12
E00108060,144,40,14,26,104,91,13,27.77777777777778,9.722222222222223,18.055555555555554,72.22222222222221,63.19444444444444,9.027777777777777
E00108062,201,57,19,38,144,130,14,28.35820895522388,9.45273631840796,18.90547263681592,71.64179104477611,64.6766169154229,6.965174129353234
E00108063,169,55,17,38,114,101,13,32.544378698224854,10.059171597633137,22.485207100591715,67.45562130177515,59.76331360946746,7.6923076923076925
E00108064,138,35,17,18,103,86,17,25.36231884057971,12.318840579710146,13.043478260869565,74.63768115942028,62.31884057971014,12.318840579710146
E00108066,157,43,15,28,114,93,21,27.388535031847134,9.554140127388536,17.8343949044586,72.61146496815286,59.23566878980891,13.375796178343949
E00108067,87,30,11,19,57,45,12,34.48275862068966,12.643678160919542,21.839080459770116,65.51724137931035,51.724137931034484,13.793103448275861
E00108069,120,23,10,13,97,84,13,19.166666666666668,8.333333333333332,10.833333333333334,80.83333333333333,70,10.833333333333334
E00108070,122,38,12,26,84,72,12,31.147540983606557,9.836065573770492,21.311475409836063,68.85245901639344,59.01639344262295,9.836065573770492
E00108071,124,29,10,19,95,80,15,23.387096774193548,8.064516129032258,15.32258064516129,76.61290322580645,64.51612903225806,12.096774193548388
E00108072,115,38,9,29,77,67,10,33.04347826086956,7.82608695652174,25.217391304347824,66.95652173913044,58.26086956521739,8.695652173913043
E00108073,188,52,17,35,136,117,19,27.659574468085108,9.042553191489363,18.617021276595743,72.3404255319149,62.23404255319149,10.106382978723403
E00108074,146,54,21,33,92,77,15,36.986301369863014,14.383561643835616,22.602739726027394,63.013698630136986,52.73972602739726,10.273972602739725
E00108075,116,28,11,17,88,74,14,24.137931034482758,9.482758620689655,14.655172413793101,75.86206896551724,63.793103448275865,12.068965517241379
E00108076,129,40,20,20,89,75,14,31.007751937984494,15.503875968992247,15.503875968992247,68.9922480620155,58.139534883720934,10.852713178294573
E00108077,158,43,8,35,115,97,18,27.21518987341772,5.063291139240507,22.151898734177212,72.78481012658227,61.39240506329114,11.39240506329114
E00108078,169,55,20,35,114,96,18,32.544378698224854,11.834319526627219,20.710059171597635,67.45562130177515,56.80473372781065,10.650887573964498
E00108079,148,27,8,19,121,104,17,18.243243243243242,5.405405405405405,12.837837837837837,81.75675675675676,70.27027027027027,11.486486486486488
E00108080,95,40,20,20,55,47,8,42.10526315789473,21.052631578947366,21.052631578947366,57.89473684210527,49.473684210526315,8.421052631578947
E00108081,162,43,15,28,119,104,15,26.543209876543212,9.25925925925926,17.28395061728395,73.4567901234568,64.19753086419753,9.25925925925926
E00108082,160,45,12,33,115,94,21,28.125,7.5,20.625,71.875,58.75,13.125
E00108083,145,43,20,23,102,91,11,29.655172413793103,13.793103448275861,15.862068965517242,70.34482758620689,62.758620689655174,7.586206896551724
E00108084,145,38,14,24,107,90,17,26.20689655172414,9.655172413793103,16.551724137931036,73.79310344827587,62.06896551724138,11.724137931034482
E00108085,124,33,16,17,91,76,15,26.61290322580645,12.903225806451612,13.709677419354838,73.38709677419355,61.29032258064516,12.096774193548388
E00108086,122,44,15,29,78,69,9,36.0655737704918,12.295081967213115,23.770491803278688,63.934426229508205,56.557377049180324,7.377049180327869
E00108087,127,37,10,27,90,76,14,29.133858267716533,7.874015748031496,21.25984251968504,70.86614173228347,59.84251968503938,11.023622047244094
E00108088,143,34,18,16,109,86,23,23.776223776223777,12.587412587412588,11.188811188811188,76.22377622377621,60.13986013986013,16.083916083916083
E00108089,127,36,14,22,91,82,9,28.346456692913385,11.023622047244094,17.322834645669293,71.65354330708661,64.56692913385827,7.086614173228346
E00108090,108,30,8,22,78,75,3,27.77777777777778,7.4074074074074066,20.37037037037037,72.22222222222221,69.44444444444444,2.7777777777777777
E00108091,211,46,16,30,165,133,32,21.80094786729858,7.5829383886255926,14.218009478672986,78.19905213270142,63.03317535545023,15.165876777251185
E00108092,153,34,16,18,119,95,24,22.22222222222222,10.457516339869281,11.76470588235294,77.77777777777779,62.091503267973856,15.686274509803921
E00108094,156,40,19,21,116,91,25,25.64102564102564,12.179487179487179,13.461538461538462,74.35897435897436,58.333333333333336,16.025641025641026
E00108095,123,26,9,17,97,79,18,21.138211382113823,7.317073170731707,13.821138211382115,78.86178861788618,64.22764227642277,14.634146341463413
E00108096,162,48,19,29,114,96,18,29.629629629629626,11.728395061728394,17.901234567901234,70.37037037037037,59.25925925925925,11.11111111111111
E00108097,162,43,16,27,119,101,18,26.543209876543212,9.876543209876543,16.666666666666664,73.4567901234568,62.34567901234568,11.11111111111111
E00108098,154,41,16,25,113,100,13,26.623376623376622,10.38961038961039,16.233766233766232,73.37662337662337,64.93506493506493,8.441558441558442
E00108099,217,63,21,42,154,126,28,29.03225806451613,9.67741935483871,19.35483870967742,70.96774193548387,58.06451612903226,12.903225806451612
E00108100,163,40,11,29,123,103,20,24.539877300613497,6.748466257668712,17.791411042944784,75.4601226993865,63.190184049079754,12.269938650306749
E00108101,143,41,14,27,102,91,11,28.671328671328673,9.79020979020979,18.88111888111888,71.32867132867133,63.63636363636363,7.6923076923076925
E00108102,177,60,17,43,117,107,10,33.89830508474576,9.6045197740113,24.293785310734464,66.10169491525424,60.451977401129945,5.649717514124294
E00108103,141,42,14,28,99,81,18,29.78723404255319,9.929078014184398,19.858156028368796,70.2127659574468,57.446808510638306,12.76595744680851
E00108104,150,46,21,25,104,84,20,30.666666666666664,14.000000000000002,16.666666666666664,69.33333333333334,56.00000000000001,13.333333333333334
E00108105,102,31,12,19,71,57,14,30.392156862745097,11.76470588235294,18.627450980392158,69.6078431372549,55.88235294117647,13.725490196078432
E00108106,145,40,19,21,105,92,13,27.586206896551722,13.10344827586207,14.482758620689657,72.41379310344827,63.44827586206897,8.96551724137931
E00108107,111,37,9,28,74,66,8,33.33333333333333,8.108108108108109,25.225225225225223,66.66666666666666,59.45945945945946,7.207207207207207
E00108108,142,33,14,19,109,86,23,23.239436619718308,9.859154929577464,13.380281690140844,76.76056338028168,60.56338028169014,16.19718309859155
E00108109,90,37,22,15,53,38,15,41.11111111111111,24.444444444444443,16.666666666666664,58.88888888888889,42.22222222222222,16.666666666666664
E00108110,205,61,30,31,144,113,31,29.756097560975608,14.634146341463413,15.121951219512194,70.24390243902438,55.1219512195122,15.121951219512194
E00108111,145,35,11,24,110,91,19,24.137931034482758,7.586206896551724,16.551724137931036,75.86206896551724,62.758620689655174,13.10344827586207
E00108112,153,29,13,16,124,95,29,18.954248366013072,8.49673202614379,10.457516339869281,81.04575163398692,62.091503267973856,18.954248366013072
E00108113,170,37,13,24,133,113,20,21.764705882352942,7.647058823529412,14.117647058823529,78.23529411764706,66.47058823529412,11.76470588235294
E00108114,165,49,19,30,116,99,17,29.6969696969697,11.515151515151516,18.181818181818183,70.3030303030303,60,10.303030303030303
E00108115,160,39,8,31,121,108,13,24.375,5,19.375,75.625,67.5,8.125
E00108116,155,32,12,20,123,106,17,20.64516129032258,7.741935483870968,12.903225806451612,79.35483870967742,68.38709677419355,10.967741935483872
E00108117,156,49,22,27,107,91,16,31.41025641025641,14.102564102564102,17.307692307692307,68.58974358974359,58.333333333333336,10.256410256410255
E00108118,159,41,17,24,118,96,22,25.78616352201258,10.69182389937107,15.09433962264151,74.21383647798741,60.37735849056604,13.836477987421384
E00108119,90,21,10,11,69,56,13,23.333333333333332,11.11111111111111,12.222222222222221,76.66666666666667,62.22222222222222,14.444444444444443
E00108120,144,43,16,27,101,89,12,29.86111111111111,11.11111111111111,18.75,70.13888888888889,61.80555555555556,8.333333333333332
E00108121,134,38,15,23,96,88,8,28.35820895522388,11.194029850746269,17.16417910447761,71.64179104477611,65.67164179104478,5.970149253731343
E00108122,158,40,12,28,118,104,14,25.31645569620253,7.59493670886076,17.72151898734177,74.68354430379746,65.82278481012658,8.860759493670885
E00108123,209,57,20,37,152,131,21,27.27272727272727,9.569377990430622,17.703349282296653,72.72727272727273,62.67942583732058,10.047846889952153
E00108124,157,48,14,34,109,100,9,30.573248407643312,8.9171974522293,21.656050955414013,69.42675159235668,63.69426751592356,5.7324840764331215
E00108125,144,48,22,26,96,90,6,33.33333333333333,15.277777777777779,18.055555555555554,66.66666666666666,62.5,4.166666666666666
E00108126,149,51,15,36,98,82,16,34.22818791946309,10.06711409395973,24.161073825503358,65.77181208053692,55.033557046979865,10.738255033557047
E00108127,205,69,20,49,136,114,22,33.65853658536586,9.75609756097561,23.902439024390244,66.34146341463415,55.60975609756098,10.731707317073171
E00108128,122,45,16,29,77,57,20,36.885245901639344,13.114754098360656,23.770491803278688,63.114754098360656,46.72131147540984,16.39344262295082
E00108129,128,33,10,23,95,80,15,25.78125,7.8125,17.96875,74.21875,62.5,11.71875
E00108130,144,45,18,27,99,90,9,31.25,12.5,18.75,68.75,62.5,6.25
E00108132,146,48,15,33,98,87,11,32.87671232876712,10.273972602739725,22.602739726027394,67.12328767123287,59.589041095890416,7.534246575342466
E00108133,115,37,11,26,78,67,11,32.17391304347826,9.565217391304348,22.608695652173914,67.82608695652173,58.26086956521739,9.565217391304348
E00108134,142,32,9,23,110,97,13,22.535211267605636,6.338028169014084,16.19718309859155,77.46478873239437,68.30985915492957,9.15492957746479
E00108135,62,8,3,5,54,46,8,12.903225806451612,4.838709677419355,8.064516129032258,87.09677419354838,74.19354838709677,12.903225806451612
E00108136,168,58,22,36,110,94,16,34.523809523809526,13.095238095238097,21.428571428571427,65.47619047619048,55.952380952380956,9.523809523809524
E00108137,141,44,16,28,97,83,14,31.20567375886525,11.347517730496454,19.858156028368796,68.79432624113475,58.86524822695035,9.929078014184398
E00108138,128,41,12,29,87,72,15,32.03125,9.375,22.65625,67.96875,56.25,11.71875
E00108139,157,46,18,28,111,94,17,29.29936305732484,11.464968152866243,17.8343949044586,70.70063694267516,59.87261146496815,10.828025477707007
E00108140,172,53,19,34,119,106,13,30.813953488372093,11.046511627906977,19.767441860465116,69.18604651162791,61.627906976744185,7.55813953488372
E00108141,162,33,18,15,129,110,19,20.37037037037037,11.11111111111111,9.25925925925926,79.62962962962963,67.90123456790124,11.728395061728394
E00108142,146,41,14,27,105,88,17,28.08219178082192,9.58904109589041,18.493150684931507,71.91780821917808,60.273972602739725,11.643835616438356
E00108143,177,45,16,29,132,118,14,25.423728813559322,9.03954802259887,16.38418079096045,74.57627118644068,66.66666666666666,7.909604519774012
E00108144,184,42,14,28,142,121,21,22.82608695652174,7.608695652173914,15.217391304347828,77.17391304347827,65.76086956521739,11.41304347826087
E00108145,181,51,18,33,130,117,13,28.176795580110497,9.94475138121547,18.23204419889503,71.8232044198895,64.64088397790056,7.18232044198895
E00108146,160,39,10,29,121,102,19,24.375,6.25,18.125,75.625,63.74999999999999,11.875
E00108147,189,52,14,38,137,125,12,27.513227513227513,7.4074074074074066,20.105820105820104,72.4867724867725,66.13756613756614,6.349206349206349
E00108148,123,46,15,31,77,72,5,37.39837398373984,12.195121951219512,25.203252032520325,62.601626016260155,58.536585365853654,4.0650406504065035
E00108149,170,49,17,32,121,113,8,28.823529411764703,10,18.823529411764707,71.17647058823529,66.47058823529412,4.705882352941177
E00108150,196,52,25,27,144,133,11,26.53061224489796,12.755102040816327,13.77551020408163,73.46938775510205,67.85714285714286,5.612244897959184
E00108151,164,51,21,30,113,95,18,31.097560975609756,12.804878048780488,18.29268292682927,68.90243902439023,57.92682926829268,10.975609756097562
E00108152,153,50,19,31,103,94,9,32.6797385620915,12.418300653594772,20.26143790849673,67.3202614379085,61.43790849673203,5.88235294117647
E00108153,141,37,6,31,104,91,13,26.24113475177305,4.25531914893617,21.98581560283688,73.75886524822694,64.53900709219859,9.219858156028367
E00108154,178,66,22,44,112,100,12,37.07865168539326,12.359550561797752,24.719101123595504,62.92134831460674,56.17977528089888,6.741573033707865
E00108156,204,77,30,47,127,111,16,37.745098039215684,14.705882352941178,23.03921568627451,62.254901960784316,54.41176470588235,7.8431372549019605
E00108157,238,56,21,35,182,152,30,23.52941176470588,8.823529411764707,14.705882352941178,76.47058823529412,63.86554621848739,12.605042016806722
E00108158,133,52,18,34,81,66,15,39.097744360902254,13.533834586466165,25.563909774436087,60.902255639097746,49.62406015037594,11.278195488721805
E00108159,135,37,13,24,98,81,17,27.40740740740741,9.62962962962963,17.77777777777778,72.5925925925926,60,12.592592592592592
E00108160,278,66,23,43,212,188,24,23.741007194244602,8.273381294964029,15.467625899280577,76.2589928057554,67.62589928057554,8.633093525179856
E00108161,147,35,14,21,112,101,11,23.809523809523807,9.523809523809524,14.285714285714285,76.19047619047619,68.70748299319727,7.482993197278912
E00108162,131,43,18,25,88,73,15,32.82442748091603,13.740458015267176,19.083969465648856,67.17557251908397,55.72519083969466,11.450381679389313
E00108163,154,32,11,21,122,103,19,20.77922077922078,7.142857142857142,13.636363636363635,79.22077922077922,66.88311688311688,12.337662337662337
E00108164,100,26,11,15,74,68,6,26,11,15,74,68,6
E00108166,120,36,9,27,84,61,23,30,7.5,22.5,70,50.83333333333333,19.166666666666668
E00108167,150,51,17,34,99,82,17,34,11.333333333333332,22.666666666666664,66,54.666666666666664,11.333333333333332
E00108168,118,32,7,25,86,74,12,27.11864406779661,5.932203389830509,21.1864406779661,72.88135593220339,62.71186440677966,10.16949152542373
E00108169,153,50,21,29,103,86,17,32.6797385620915,13.725490196078432,18.954248366013072,67.3202614379085,56.209150326797385,11.11111111111111
E00108170,128,40,19,21,88,79,9,31.25,14.84375,16.40625,68.75,61.71875,7.03125
E00108171,141,38,11,27,103,88,15,26.95035460992908,7.801418439716312,19.148936170212767,73.04964539007092,62.4113475177305,10.638297872340425
E00108173,196,40,14,26,156,132,24,20.408163265306122,7.142857142857142,13.26530612244898,79.59183673469387,67.3469387755102,12.244897959183673
E00108174,155,40,16,24,115,101,14,25.806451612903224,10.32258064516129,15.483870967741936,74.19354838709677,65.16129032258064,9.032258064516128
E00108175,137,39,17,22,98,87,11,28.467153284671532,12.408759124087592,16.05839416058394,71.53284671532847,63.503649635036496,8.02919708029197
E00108176,132,49,22,27,83,72,11,37.121212121212125,16.666666666666664,20.454545454545457,62.878787878787875,54.54545454545454,8.333333333333332
E00108177,136,42,14,28,94,77,17,30.88235294117647,10.294117647058822,20.588235294117645,69.11764705882352,56.61764705882353,12.5
E00108178,134,35,11,24,99,93,6,26.119402985074625,8.208955223880597,17.91044776119403,73.88059701492537,69.40298507462687,4.477611940298507
E00108179,134,34,10,24,100,86,14,25.37313432835821,7.462686567164178,17.91044776119403,74.6268656716418,64.17910447761194,10.44776119402985
E00108180,143,25,11,14,118,97,21,17.482517482517483,7.6923076923076925,9.79020979020979,82.51748251748252,67.83216783216784,14.685314685314685
E00108181,190,50,15,35,140,118,22,26.31578947368421,7.894736842105263,18.421052631578945,73.68421052631578,62.10526315789474,11.578947368421053
E00108182,239,54,13,41,185,158,27,22.594142259414227,5.439330543933055,17.154811715481173,77.40585774058577,66.10878661087865,11.297071129707113
E00108183,148,36,14,22,112,101,11,24.324324324324326,9.45945945945946,14.864864864864865,75.67567567567568,68.24324324324324,7.4324324324324325
E00108184,205,47,14,33,158,140,18,22.926829268292686,6.829268292682928,16.097560975609756,77.07317073170732,68.29268292682927,8.780487804878048
E00108185,156,44,17,27,112,96,16,28.205128205128204,10.897435897435898,17.307692307692307,71.7948717948718,61.53846153846154,10.256410256410255
E00108186,145,44,8,36,101,86,15,30.344827586206897,5.517241379310345,24.82758620689655,69.6551724137931,59.310344827586206,10.344827586206897
E00108187,156,40,13,27,116,93,23,25.64102564102564,8.333333333333332,17.307692307692307,74.35897435897436,59.61538461538461,14.743589743589745
E00108188,117,28,10,18,89,79,10,23.931623931623932,8.547008547008547,15.384615384615385,76.06837606837607,67.52136752136752,8.547008547008547
E00108189,125,38,12,26,87,77,10,30.4,9.6,20.8,69.6,61.6,8
E00108190,139,34,15,19,105,84,21,24.46043165467626,10.79136690647482,13.66906474820144,75.53956834532374,60.431654676258994,15.107913669064748
E00108191,121,44,19,25,77,67,10,36.36363636363637,15.702479338842975,20.66115702479339,63.63636363636363,55.371900826446286,8.264462809917356
E00108192,176,49,15,34,127,113,14,27.84090909090909,8.522727272727272,19.318181818181817,72.1590909090909,64.20454545454545,7.954545454545454
E00108193,168,39,13,26,129,115,14,23.214285714285715,7.738095238095238,15.476190476190476,76.78571428571429,68.45238095238095,8.333333333333332
E00108194,315,74,24,50,241,203,38,23.49206349206349,7.6190476190476195,15.873015873015872,76.5079365079365,64.44444444444444,12.063492063492063
E00108195,165,47,12,35,118,95,23,28.484848484848484,7.2727272727272725,21.21212121212121,71.51515151515152,57.57575757575758,13.939393939393941
E00108196,141,32,10,22,109,96,13,22.69503546099291,7.092198581560284,15.602836879432624,77.30496453900709,68.08510638297872,9.219858156028367
E00108197,155,38,14,24,117,97,20,24.516129032258064,9.032258064516128,15.483870967741936,75.48387096774194,62.58064516129033,12.903225806451612
E00108198,162,57,18,39,105,95,10,35.18518518518518,11.11111111111111,24.074074074074073,64.81481481481481,58.64197530864198,6.172839506172839
E00108199,166,42,16,26,124,99,25,25.301204819277107,9.63855421686747,15.66265060240964,74.69879518072288,59.63855421686747,15.060240963855422
E00108200,141,41,15,26,100,83,17,29.078014184397162,10.638297872340425,18.439716312056735,70.92198581560284,58.86524822695035,12.056737588652481
E00108201,180,42,11,31,138,120,18,23.333333333333332,6.111111111111111,17.22222222222222,76.66666666666667,66.66666666666666,10
E00108202,142,42,16,26,100,85,15,29.577464788732392,11.267605633802818,18.30985915492958,70.4225352112676,59.859154929577464,10.56338028169014
E00108203,163,44,13,31,119,105,14,26.993865030674847,7.975460122699387,19.018404907975462,73.00613496932516,64.41717791411043,8.588957055214724
E00108204,159,39,17,22,120,104,16,24.528301886792452,10.69182389937107,13.836477987421384,75.47169811320755,65.40880503144653,10.062893081761008
E00108205,185,65,30,35,120,102,18,35.13513513513514,16.216216216216218,18.91891891891892,64.86486486486487,55.13513513513514,9.72972972972973
E00108206,76,22,9,13,54,52,2,28.947368421052634,11.842105263157894,17.105263157894736,71.05263157894737,68.42105263157895,2.631578947368421
E00108207,130,36,14,22,94,81,13,27.692307692307693,10.76923076923077,16.923076923076923,72.3076923076923,62.30769230769231,10
E00108208,107,24,11,13,83,67,16,22.429906542056074,10.2803738317757,12.149532710280374,77.57009345794393,62.616822429906534,14.953271028037381
E00108209,98,30,10,20,68,58,10,30.612244897959183,10.204081632653061,20.408163265306122,69.38775510204081,59.183673469387756,10.204081632653061
E00108210,143,46,17,29,97,86,11,32.16783216783217,11.888111888111888,20.27972027972028,67.83216783216784,60.13986013986013,7.6923076923076925
E00108211,137,30,11,19,107,92,15,21.897810218978105,8.02919708029197,13.86861313868613,78.1021897810219,67.15328467153284,10.948905109489052
E00108212,149,60,15,45,89,73,16,40.26845637583892,10.06711409395973,30.201342281879196,59.73154362416108,48.99328859060403,10.738255033557047
E00108213,117,34,8,26,83,73,10,29.059829059829063,6.837606837606838,22.22222222222222,70.94017094017094,62.39316239316239,8.547008547008547
E00108214,147,47,21,26,100,92,8,31.97278911564626,14.285714285714285,17.687074829931973,68.02721088435374,62.585034013605444,5.442176870748299
E00108215,158,54,16,38,104,80,24,34.177215189873415,10.126582278481013,24.050632911392405,65.82278481012658,50.63291139240506,15.18987341772152
E00108216,152,59,17,42,93,79,14,38.81578947368421,11.18421052631579,27.631578947368425,61.18421052631579,51.973684210526315,9.210526315789473
E00108217,88,29,10,19,59,49,10,32.95454545454545,11.363636363636363,21.59090909090909,67.04545454545455,55.68181818181818,11.363636363636363
E00108218,70,27,10,17,43,33,10,38.57142857142858,14.285714285714285,24.285714285714285,61.42857142857143,47.14285714285714,14.285714285714285
E00108219,153,44,12,32,109,94,15,28.75816993464052,7.8431372549019605,20.915032679738562,71.24183006535948,61.43790849673203,9.803921568627452
E00108220,127,36,10,26,91,76,15,28.346456692913385,7.874015748031496,20.47244094488189,71.65354330708661,59.84251968503938,11.811023622047244
E00108221,114,42,16,26,72,60,12,36.84210526315789,14.035087719298245,22.807017543859647,63.1578947368421,52.63157894736842,10.526315789473683
E00108222,102,35,10,25,67,59,8,34.31372549019608,9.803921568627452,24.509803921568626,65.68627450980392,57.84313725490197,7.8431372549019605
E00108223,118,37,6,31,81,69,12,31.35593220338983,5.084745762711865,26.27118644067797,68.64406779661016,58.47457627118644,10.16949152542373
E00108224,104,33,10,23,71,63,8,31.73076923076923,9.615384615384617,22.115384615384613,68.26923076923077,60.57692307692307,7.6923076923076925
E00108225,116,38,11,27,78,67,11,32.758620689655174,9.482758620689655,23.275862068965516,67.24137931034483,57.758620689655174,9.482758620689655
E00108226,126,36,14,22,90,78,12,28.57142857142857,11.11111111111111,17.46031746031746,71.42857142857143,61.904761904761905,9.523809523809524
E00108227,116,30,9,21,86,80,6,25.862068965517242,7.758620689655173,18.103448275862068,74.13793103448276,68.96551724137932,5.172413793103448
E00108228,101,34,7,27,67,55,12,33.663366336633665,6.9306930693069315,26.732673267326735,66.33663366336634,54.45544554455446,11.881188118811881
E00108229,107,40,11,29,67,58,9,37.38317757009346,10.2803738317757,27.102803738317753,62.616822429906534,54.20560747663551,8.411214953271028
E00108230,142,54,11,43,88,70,18,38.028169014084504,7.746478873239436,30.28169014084507,61.97183098591549,49.29577464788733,12.676056338028168
E00108231,123,45,20,25,78,67,11,36.58536585365854,16.260162601626014,20.32520325203252,63.41463414634146,54.47154471544715,8.94308943089431
E00108232,102,27,11,16,75,63,12,26.47058823529412,10.784313725490197,15.686274509803921,73.52941176470588,61.76470588235294,11.76470588235294
E00108233,117,29,9,20,88,77,11,24.786324786324787,7.6923076923076925,17.094017094017094,75.21367521367522,65.8119658119658,9.401709401709402
E00108234,221,62,25,37,159,147,12,28.054298642533936,11.312217194570136,16.7420814479638,71.94570135746606,66.51583710407239,5.429864253393665
E00108235,189,53,20,33,136,116,20,28.04232804232804,10.582010582010582,17.46031746031746,71.95767195767195,61.37566137566137,10.582010582010582
E00108236,111,25,8,17,86,73,13,22.52252252252252,7.207207207207207,15.315315315315313,77.47747747747748,65.76576576576578,11.711711711711711
E00108237,151,40,15,25,111,92,19,26.490066225165563,9.933774834437086,16.55629139072848,73.50993377483444,60.9271523178808,12.582781456953644
E00108238,204,56,19,37,148,128,20,27.450980392156865,9.313725490196079,18.137254901960784,72.54901960784314,62.745098039215684,9.803921568627452
E00108239,190,44,11,33,146,124,22,23.157894736842106,5.7894736842105265,17.36842105263158,76.84210526315789,65.26315789473685,11.578947368421053
E00108240,108,34,12,22,74,67,7,31.48148148148148,11.11111111111111,20.37037037037037,68.51851851851852,62.03703703703704,6.481481481481481
E00108241,173,48,16,32,125,106,19,27.74566473988439,9.248554913294797,18.497109826589593,72.25433526011561,61.27167630057804,10.982658959537572
E00108242,209,27,6,21,182,159,23,12.918660287081341,2.8708133971291865,10.047846889952153,87.08133971291866,76.07655502392345,11.004784688995215
E00108243,131,25,9,16,106,89,17,19.083969465648856,6.870229007633588,12.213740458015266,80.91603053435115,67.93893129770993,12.977099236641221
E00108244,116,32,13,19,84,63,21,27.586206896551722,11.206896551724139,16.379310344827587,72.41379310344827,54.310344827586206,18.103448275862068
E00108245,146,45,16,29,101,90,11,30.82191780821918,10.95890410958904,19.863013698630137,69.17808219178082,61.64383561643836,7.534246575342466
E00108246,163,64,24,40,99,82,17,39.263803680981596,14.723926380368098,24.539877300613497,60.73619631901841,50.306748466257666,10.429447852760736
E00108247,160,51,23,28,109,90,19,31.874999999999996,14.374999999999998,17.5,68.125,56.25,11.875
E00108248,146,48,15,33,98,77,21,32.87671232876712,10.273972602739725,22.602739726027394,67.12328767123287,52.73972602739726,14.383561643835616
E00108249,109,31,12,19,78,70,8,28.440366972477065,11.009174311926607,17.431192660550458,71.55963302752293,64.22018348623854,7.339449541284404
E00108250,112,48,15,33,64,56,8,42.857142857142854,13.392857142857142,29.464285714285715,57.14285714285714,50,7.142857142857142
E00108251,173,53,14,39,120,98,22,30.63583815028902,8.092485549132949,22.54335260115607,69.36416184971098,56.64739884393064,12.716763005780345
E00108252,156,43,15,28,113,97,16,27.564102564102566,9.615384615384617,17.94871794871795,72.43589743589743,62.17948717948718,10.256410256410255
E00108253,134,42,17,25,92,82,10,31.343283582089555,12.686567164179104,18.65671641791045,68.65671641791045,61.19402985074627,7.462686567164178
E00108254,140,41,14,27,99,84,15,29.28571428571429,10,19.28571428571429,70.71428571428572,60,10.714285714285714
E00108255,174,55,21,34,119,101,18,31.60919540229885,12.068965517241379,19.54022988505747,68.39080459770115,58.04597701149425,10.344827586206897
E00108256,109,32,16,16,77,66,11,29.357798165137616,14.678899082568808,14.678899082568808,70.64220183486239,60.550458715596335,10.091743119266056
E00108257,116,39,19,20,77,69,8,33.62068965517241,16.379310344827587,17.24137931034483,66.37931034482759,59.48275862068966,6.896551724137931
E00108258,145,43,9,34,102,84,18,29.655172413793103,6.206896551724138,23.448275862068964,70.34482758620689,57.931034482758626,12.413793103448276
E00108259,96,26,10,16,70,58,12,27.083333333333332,10.416666666666668,16.666666666666664,72.91666666666666,60.416666666666664,12.5
E00108260,162,35,13,22,127,108,19,21.604938271604937,8.024691358024691,13.580246913580247,78.39506172839506,66.66666666666666,11.728395061728394
E00108261,136,40,14,26,96,87,9,29.411764705882355,10.294117647058822,19.11764705882353,70.58823529411765,63.970588235294116,6.61764705882353
E00108262,93,29,5,24,64,53,11,31.182795698924732,5.376344086021505,25.806451612903224,68.81720430107528,56.98924731182796,11.827956989247312
E00108263,163,42,13,29,121,100,21,25.766871165644172,7.975460122699387,17.791411042944784,74.23312883435584,61.34969325153374,12.883435582822086
E00108264,93,33,14,19,60,44,16,35.483870967741936,15.053763440860216,20.43010752688172,64.51612903225806,47.31182795698925,17.20430107526882
E00108265,140,34,14,20,106,92,14,24.285714285714285,10,14.285714285714285,75.71428571428571,65.71428571428571,10
E00108266,150,49,12,37,101,85,16,32.666666666666664,8,24.666666666666668,67.33333333333333,56.666666666666664,10.666666666666668
E00108267,127,37,14,23,90,80,10,29.133858267716533,11.023622047244094,18.11023622047244,70.86614173228347,62.99212598425197,7.874015748031496
E00108268,114,36,10,26,78,60,18,31.57894736842105,8.771929824561402,22.807017543859647,68.42105263157895,52.63157894736842,15.789473684210526
E00108269,139,46,15,31,93,81,12,33.093525179856115,10.79136690647482,22.302158273381295,66.90647482014388,58.27338129496403,8.633093525179856
E00108270,105,28,10,18,77,69,8,26.666666666666668,9.523809523809524,17.142857142857142,73.33333333333333,65.71428571428571,7.6190476190476195
E00108271,93,24,9,15,69,56,13,25.806451612903224,9.67741935483871,16.129032258064516,74.19354838709677,60.215053763440864,13.978494623655912
E00108272,85,25,15,10,60,38,22,29.411764705882355,17.647058823529413,11.76470588235294,70.58823529411765,44.70588235294118,25.882352941176475
E00108273,214,83,34,49,131,102,29,38.78504672897196,15.887850467289718,22.897196261682243,61.21495327102804,47.66355140186916,13.551401869158877
E00108274,159,55,25,30,104,88,16,34.59119496855346,15.723270440251572,18.867924528301888,65.40880503144653,55.34591194968554,10.062893081761008
E00108275,165,39,7,32,126,105,21,23.636363636363637,4.242424242424243,19.393939393939394,76.36363636363637,63.63636363636363,12.727272727272727
E00108276,135,40,12,28,95,75,20,29.629629629629626,8.88888888888889,20.74074074074074,70.37037037037037,55.55555555555556,14.814814814814813
E00108277,130,38,17,21,92,73,19,29.230769230769234,13.076923076923078,16.153846153846153,70.76923076923077,56.15384615384615,14.615384615384617
E00108278,90,22,6,16,68,59,9,24.444444444444443,6.666666666666667,17.77777777777778,75.55555555555556,65.55555555555556,10
E00108279,141,49,18,31,92,77,15,34.751773049645394,12.76595744680851,21.98581560283688,65.24822695035462,54.60992907801418,10.638297872340425
E00108280,42,15,8,7,27,25,2,35.714285714285715,19.047619047619047,16.666666666666664,64.28571428571429,59.523809523809526,4.761904761904762
E00108281,143,42,13,29,101,77,24,29.37062937062937,9.090909090909092,20.27972027972028,70.62937062937063,53.84615384615385,16.783216783216783
E00108282,111,38,10,28,73,63,10,34.234234234234236,9.00900900900901,25.225225225225223,65.76576576576578,56.75675675675676,9.00900900900901
E00108283,146,35,10,25,111,95,16,23.972602739726025,6.8493150684931505,17.123287671232877,76.02739726027397,65.06849315068493,10.95890410958904
E00108284,176,66,18,48,110,95,15,37.5,10.227272727272728,27.27272727272727,62.5,53.97727272727273,8.522727272727272
E00108285,119,24,6,18,95,86,9,20.168067226890756,5.042016806722689,15.126050420168067,79.83193277310924,72.26890756302521,7.563025210084033
E00108286,133,43,16,27,90,77,13,32.33082706766917,12.030075187969924,20.30075187969925,67.66917293233082,57.89473684210527,9.774436090225564
E00108287,156,44,17,27,112,102,10,28.205128205128204,10.897435897435898,17.307692307692307,71.7948717948718,65.38461538461539,6.41025641025641
E00108288,171,55,15,40,116,99,17,32.16374269005848,8.771929824561402,23.391812865497073,67.83625730994152,57.89473684210527,9.941520467836257
E00108289,154,49,16,33,105,93,12,31.818181818181817,10.38961038961039,21.428571428571427,68.18181818181817,60.3896103896104,7.792207792207792
E00108290,226,51,19,32,175,157,18,22.566371681415927,8.4070796460177,14.15929203539823,77.43362831858407,69.46902654867256,7.964601769911504
E00108291,134,37,13,24,97,80,17,27.611940298507463,9.701492537313433,17.91044776119403,72.38805970149254,59.70149253731343,12.686567164179104
E00108292,167,45,15,30,122,101,21,26.94610778443114,8.982035928143713,17.964071856287426,73.05389221556887,60.47904191616767,12.574850299401197
E00108293,140,48,23,25,92,79,13,34.285714285714285,16.428571428571427,17.857142857142858,65.71428571428571,56.42857142857143,9.285714285714286
E00108294,150,39,15,24,111,94,17,26,10,16,74,62.66666666666667,11.333333333333332
E00108296,164,52,15,37,112,93,19,31.70731707317073,9.146341463414634,22.5609756097561,68.29268292682927,56.70731707317073,11.585365853658537
E00108297,152,46,16,30,106,92,14,30.263157894736842,10.526315789473683,19.736842105263158,69.73684210526315,60.526315789473685,9.210526315789473
E00108298,122,34,13,21,88,71,17,27.86885245901639,10.655737704918032,17.21311475409836,72.1311475409836,58.19672131147541,13.934426229508196
E00108299,160,53,22,31,107,93,14,33.125,13.750000000000002,19.375,66.875,58.12500000000001,8.75
E00108300,186,54,18,36,132,115,17,29.03225806451613,9.67741935483871,19.35483870967742,70.96774193548387,61.82795698924731,9.13978494623656
E00108301,215,59,18,41,156,127,29,27.44186046511628,8.372093023255815,19.069767441860467,72.55813953488372,59.06976744186046,13.488372093023257
E00108302,124,39,21,18,85,72,13,31.451612903225808,16.93548387096774,14.516129032258066,68.54838709677419,58.06451612903226,10.483870967741936
E00108304,118,25,8,17,93,78,15,21.1864406779661,6.779661016949152,14.40677966101695,78.8135593220339,66.10169491525424,12.711864406779661
E00108305,108,22,11,11,86,70,16,20.37037037037037,10.185185185185185,10.185185185185185,79.62962962962963,64.81481481481481,14.814814814814813
E00108306,132,24,8,16,108,96,12,18.181818181818183,6.0606060606060606,12.121212121212121,81.81818181818183,72.72727272727273,9.090909090909092
E00108307,153,41,15,26,112,100,12,26.797385620915033,9.803921568627452,16.99346405228758,73.20261437908496,65.359477124183,7.8431372549019605
E00108308,130,27,7,20,103,96,7,20.76923076923077,5.384615384615385,15.384615384615385,79.23076923076923,73.84615384615385,5.384615384615385
E00108309,194,59,19,40,135,121,14,30.412371134020617,9.793814432989691,20.618556701030926,69.58762886597938,62.371134020618555,7.216494845360824
E00108310,180,55,15,40,125,114,11,30.555555555555557,8.333333333333332,22.22222222222222,69.44444444444444,63.33333333333333,6.111111111111111
E00108311,155,45,12,33,110,90,20,29.03225806451613,7.741935483870968,21.29032258064516,70.96774193548387,58.06451612903226,12.903225806451612
E00108312,152,54,22,32,98,83,15,35.526315789473685,14.473684210526317,21.052631578947366,64.47368421052632,54.60526315789473,9.868421052631579
E00108313,147,37,12,25,110,101,9,25.170068027210885,8.16326530612245,17.006802721088434,74.82993197278913,68.70748299319727,6.122448979591836
E00108314,117,32,10,22,85,70,15,27.350427350427353,8.547008547008547,18.803418803418804,72.64957264957265,59.82905982905983,12.82051282051282
E00108315,127,30,10,20,97,80,17,23.62204724409449,7.874015748031496,15.748031496062993,76.37795275590551,62.99212598425197,13.385826771653544
E00108316,228,62,19,43,166,135,31,27.192982456140353,8.333333333333332,18.859649122807017,72.80701754385966,59.210526315789465,13.596491228070176
E00108317,183,46,21,25,137,117,20,25.136612021857925,11.475409836065573,13.661202185792352,74.86338797814209,63.934426229508205,10.92896174863388
E00108318,158,46,14,32,112,86,26,29.11392405063291,8.860759493670885,20.253164556962027,70.88607594936708,54.43037974683544,16.455696202531644
E00108319,107,36,15,21,71,62,9,33.64485981308411,14.018691588785046,19.626168224299064,66.35514018691589,57.943925233644855,8.411214953271028
E00108320,101,27,10,17,74,62,12,26.732673267326735,9.900990099009901,16.831683168316832,73.26732673267327,61.386138613861384,11.881188118811881
E00108321,169,47,20,27,122,96,26,27.810650887573964,11.834319526627219,15.976331360946746,72.18934911242604,56.80473372781065,15.384615384615385
E00108322,159,40,12,28,119,110,9,25.157232704402517,7.547169811320755,17.61006289308176,74.84276729559748,69.18238993710692,5.660377358490567
E00108323,144,47,21,26,97,78,19,32.63888888888889,14.583333333333334,18.055555555555554,67.36111111111111,54.166666666666664,13.194444444444445
E00108324,149,53,30,23,96,85,11,35.57046979865772,20.13422818791946,15.436241610738255,64.42953020134227,57.04697986577181,7.38255033557047
E00108325,168,54,14,40,114,97,17,32.142857142857146,8.333333333333332,23.809523809523807,67.85714285714286,57.738095238095234,10.119047619047619
E00108326,150,53,25,28,97,81,16,35.333333333333336,16.666666666666664,18.666666666666668,64.66666666666666,54,10.666666666666668
E00108327,161,58,15,43,103,88,15,36.024844720496894,9.316770186335404,26.70807453416149,63.975155279503106,54.6583850931677,9.316770186335404
E00108328,126,40,10,30,86,74,12,31.746031746031743,7.936507936507936,23.809523809523807,68.25396825396825,58.730158730158735,9.523809523809524
E00108329,136,38,15,23,98,82,16,27.941176470588236,11.029411764705882,16.911764705882355,72.05882352941177,60.29411764705882,11.76470588235294
E00108330,127,31,13,18,96,86,10,24.409448818897637,10.236220472440944,14.173228346456693,75.59055118110236,67.71653543307087,7.874015748031496
E00108331,170,52,13,39,118,97,21,30.58823529411765,7.647058823529412,22.941176470588236,69.41176470588235,57.05882352941176,12.352941176470589
E00108332,170,56,25,31,114,99,15,32.94117647058823,14.705882352941178,18.235294117647058,67.05882352941175,58.235294117647065,8.823529411764707
E00108333,141,43,13,30,98,91,7,30.49645390070922,9.219858156028367,21.27659574468085,69.50354609929079,64.53900709219859,4.964539007092199
E00108334,158,44,11,33,114,98,16,27.848101265822784,6.962025316455696,20.88607594936709,72.15189873417721,62.0253164556962,10.126582278481013
E00108335,144,54,21,33,90,76,14,37.5,14.583333333333334,22.916666666666664,62.5,52.77777777777778,9.722222222222223
E00108336,149,34,10,24,115,96,19,22.818791946308725,6.7114093959731544,16.10738255033557,77.18120805369128,64.42953020134227,12.751677852348994
E00108337,109,30,14,16,79,60,19,27.522935779816514,12.844036697247708,14.678899082568808,72.47706422018348,55.04587155963303,17.431192660550458
E00108338,127,34,6,28,93,77,16,26.77165354330709,4.724409448818897,22.04724409448819,73.22834645669292,60.629921259842526,12.598425196850393
E00108339,144,42,10,32,102,95,7,29.166666666666668,6.944444444444445,22.22222222222222,70.83333333333334,65.97222222222221,4.861111111111112
E00108340,126,36,18,18,90,79,11,28.57142857142857,14.285714285714285,14.285714285714285,71.42857142857143,62.698412698412696,8.73015873015873
E00108341,148,47,17,30,101,83,18,31.756756756756754,11.486486486486488,20.27027027027027,68.24324324324324,56.08108108108109,12.162162162162163
E00108342,210,62,25,37,148,115,33,29.523809523809526,11.904761904761903,17.61904761904762,70.47619047619048,54.761904761904766,15.714285714285714
E00108343,183,54,16,38,129,111,18,29.508196721311474,8.743169398907105,20.76502732240437,70.49180327868852,60.65573770491803,9.836065573770492
E00108344,113,31,12,19,82,70,12,27.43362831858407,10.619469026548673,16.8141592920354,72.56637168141593,61.94690265486725,10.619469026548673
E00108345,162,56,24,32,106,85,21,34.5679012345679,14.814814814814813,19.753086419753085,65.4320987654321,52.46913580246913,12.962962962962962
E00108346,134,31,18,13,103,79,24,23.134328358208954,13.432835820895523,9.701492537313433,76.86567164179104,58.95522388059702,17.91044776119403
E00108347,118,34,9,25,84,74,10,28.8135593220339,7.627118644067797,21.1864406779661,71.1864406779661,62.71186440677966,8.47457627118644
E00108348,135,54,16,38,81,72,9,40,11.851851851851853,28.14814814814815,60,53.333333333333336,6.666666666666667
E00108349,178,44,16,28,134,102,32,24.719101123595504,8.98876404494382,15.730337078651685,75.28089887640449,57.30337078651685,17.97752808988764
E00108350,139,37,12,25,102,84,18,26.618705035971225,8.633093525179856,17.985611510791365,73.38129496402878,60.431654676258994,12.949640287769784
E00108351,64,27,6,21,37,27,10,42.1875,9.375,32.8125,57.8125,42.1875,15.625
E00108353,142,42,16,26,100,84,16,29.577464788732392,11.267605633802818,18.30985915492958,70.4225352112676,59.154929577464785,11.267605633802818
E00108354,136,48,15,33,88,72,16,35.294117647058826,11.029411764705882,24.264705882352942,64.70588235294117,52.94117647058824,11.76470588235294
E00108355,125,42,21,21,83,71,12,33.6,16.8,16.8,66.4,56.8,9.6
E00108356,169,46,15,31,123,102,21,27.218934911242602,8.875739644970414,18.34319526627219,72.7810650887574,60.35502958579882,12.42603550295858
E00108357,111,25,4,21,86,74,12,22.52252252252252,3.6036036036036037,18.91891891891892,77.47747747747748,66.66666666666666,10.81081081081081
E00108358,135,45,23,22,90,74,16,33.33333333333333,17.037037037037038,16.296296296296298,66.66666666666666,54.81481481481482,11.851851851851853
E00108359,79,27,12,15,52,43,9,34.177215189873415,15.18987341772152,18.9873417721519,65.82278481012658,54.43037974683544,11.39240506329114
E00108360,170,36,14,22,134,115,19,21.176470588235293,8.235294117647058,12.941176470588237,78.82352941176471,67.64705882352942,11.176470588235295
E00108361,157,42,16,26,115,97,18,26.751592356687897,10.191082802547772,16.560509554140125,73.24840764331209,61.78343949044586,11.464968152866243
E00108362,146,45,18,27,101,87,14,30.82191780821918,12.32876712328767,18.493150684931507,69.17808219178082,59.589041095890416,9.58904109589041
E00108363,148,42,15,27,106,90,16,28.37837837837838,10.135135135135135,18.243243243243242,71.62162162162163,60.810810810810814,10.81081081081081
E00108364,125,50,20,30,75,56,19,40,16,24,60,44.800000000000004,15.2
E00108365,163,41,14,27,122,103,19,25.153374233128833,8.588957055214724,16.56441717791411,74.84662576687117,63.190184049079754,11.65644171779141
E00108366,122,40,26,14,82,68,14,32.78688524590164,21.311475409836063,11.475409836065573,67.21311475409836,55.73770491803278,11.475409836065573
E00108367,191,58,29,29,133,113,20,30.36649214659686,15.18324607329843,15.18324607329843,69.63350785340315,59.16230366492147,10.471204188481675
E00108368,218,62,24,38,156,135,21,28.440366972477065,11.009174311926607,17.431192660550458,71.55963302752293,61.92660550458715,9.63302752293578
E00108369,271,83,27,56,188,159,29,30.627306273062732,9.96309963099631,20.66420664206642,69.37269372693727,58.671586715867164,10.70110701107011
E00108370,140,38,14,24,102,81,21,27.142857142857142,10,17.142857142857142,72.85714285714285,57.85714285714286,15
E00108371,215,66,20,46,149,116,33,30.697674418604652,9.30232558139535,21.3953488372093,69.30232558139535,53.95348837209303,15.348837209302326
E00108372,137,41,16,25,96,86,10,29.927007299270077,11.678832116788321,18.248175182481752,70.07299270072993,62.77372262773723,7.2992700729927
E00108373,130,33,7,26,97,81,16,25.384615384615383,5.384615384615385,20,74.61538461538461,62.30769230769231,12.307692307692308
E00108374,114,22,11,11,92,80,12,19.298245614035086,9.649122807017543,9.649122807017543,80.7017543859649,70.17543859649122,10.526315789473683
E00108375,163,41,10,31,122,101,21,25.153374233128833,6.134969325153374,19.018404907975462,74.84662576687117,61.963190184049076,12.883435582822086
E00108376,169,57,13,44,112,94,18,33.72781065088758,7.6923076923076925,26.035502958579883,66.27218934911244,55.62130177514793,10.650887573964498
E00108377,153,46,23,23,107,95,12,30.065359477124183,15.032679738562091,15.032679738562091,69.93464052287581,62.091503267973856,7.8431372549019605
E00108378,181,42,10,32,139,113,26,23.204419889502763,5.524861878453039,17.67955801104972,76.79558011049724,62.430939226519335,14.3646408839779
E00108379,135,43,9,34,92,68,24,31.851851851851855,6.666666666666667,25.185185185185183,68.14814814814815,50.37037037037037,17.77777777777778
E00108380,193,48,17,31,145,128,17,24.870466321243523,8.808290155440414,16.06217616580311,75.12953367875647,66.32124352331607,8.808290155440414
E00108381,106,30,8,22,76,62,14,28.30188679245283,7.547169811320755,20.754716981132077,71.69811320754717,58.490566037735846,13.20754716981132
E00108382,137,43,16,27,94,82,12,31.386861313868614,11.678832116788321,19.708029197080293,68.61313868613139,59.854014598540154,8.75912408759124
E00108383,147,58,16,42,89,76,13,39.455782312925166,10.884353741496598,28.57142857142857,60.544217687074834,51.70068027210885,8.843537414965986
E00108384,198,56,20,36,142,119,23,28.28282828282828,10.1010101010101,18.181818181818183,71.71717171717171,60.1010101010101,11.616161616161616
E00108385,227,61,20,41,166,141,25,26.87224669603524,8.81057268722467,18.06167400881057,73.12775330396477,62.11453744493392,11.013215859030836
E00108386,227,62,20,42,165,138,27,27.312775330396477,8.81057268722467,18.502202643171806,72.68722466960352,60.792951541850215,11.894273127753303
E00108387,211,50,19,31,161,133,28,23.696682464454977,9.004739336492891,14.691943127962084,76.30331753554502,63.03317535545023,13.270142180094787
E00108388,162,52,19,33,110,92,18,32.098765432098766,11.728395061728394,20.37037037037037,67.90123456790124,56.79012345679012,11.11111111111111
E00108389,158,55,17,38,103,82,21,34.810126582278485,10.759493670886076,24.050632911392405,65.18987341772153,51.89873417721519,13.291139240506327
E00108390,172,42,13,29,130,111,19,24.418604651162788,7.55813953488372,16.86046511627907,75.5813953488372,64.53488372093024,11.046511627906977
E00108391,112,36,12,24,76,65,11,32.142857142857146,10.714285714285714,21.428571428571427,67.85714285714286,58.03571428571429,9.821428571428571
E00108392,134,43,17,26,91,79,12,32.08955223880597,12.686567164179104,19.402985074626866,67.91044776119402,58.95522388059702,8.955223880597014
E00108393,176,42,11,31,134,115,19,23.863636363636363,6.25,17.613636363636363,76.13636363636364,65.3409090909091,10.795454545454545
E00108394,157,50,28,22,107,84,23,31.84713375796178,17.8343949044586,14.012738853503185,68.15286624203821,53.503184713375795,14.64968152866242
E00108396,137,46,16,30,91,84,7,33.57664233576642,11.678832116788321,21.897810218978105,66.42335766423358,61.31386861313869,5.109489051094891
E00108397,170,45,19,26,125,107,18,26.47058823529412,11.176470588235295,15.294117647058824,73.52941176470588,62.94117647058823,10.588235294117647
E00108398,158,54,22,32,104,76,28,34.177215189873415,13.924050632911392,20.253164556962027,65.82278481012658,48.10126582278481,17.72151898734177
E00108399,210,51,20,31,159,139,20,24.285714285714285,9.523809523809524,14.761904761904763,75.71428571428571,66.19047619047619,9.523809523809524
E00108400,104,29,8,21,75,70,5,27.884615384615387,7.6923076923076925,20.192307692307693,72.11538461538461,67.3076923076923,4.807692307692308
E00108401,121,36,9,27,85,77,8,29.75206611570248,7.43801652892562,22.31404958677686,70.24793388429752,63.63636363636363,6.6115702479338845
E00108402,118,20,4,16,98,81,17,16.94915254237288,3.389830508474576,13.559322033898304,83.05084745762711,68.64406779661016,14.40677966101695
E00108403,133,37,16,21,96,80,16,27.819548872180448,12.030075187969924,15.789473684210526,72.18045112781954,60.150375939849624,12.030075187969924
E00108404,158,57,18,39,101,87,14,36.075949367088604,11.39240506329114,24.68354430379747,63.92405063291139,55.06329113924051,8.860759493670885
E00108405,254,58,24,34,196,171,25,22.83464566929134,9.448818897637794,13.385826771653544,77.16535433070865,67.32283464566929,9.84251968503937
E00108406,184,50,19,31,134,111,23,27.173913043478258,10.326086956521738,16.847826086956523,72.82608695652173,60.32608695652174,12.5
E00108407,166,47,15,32,119,102,17,28.313253012048197,9.036144578313253,19.27710843373494,71.6867469879518,61.44578313253012,10.240963855421686
E00108408,221,56,22,34,165,140,25,25.339366515837103,9.95475113122172,15.384615384615385,74.6606334841629,63.348416289592755,11.312217194570136
E00108409,130,27,11,16,103,90,13,20.76923076923077,8.461538461538462,12.307692307692308,79.23076923076923,69.23076923076923,10
E00108410,179,48,13,35,131,114,17,26.81564245810056,7.262569832402235,19.553072625698324,73.18435754189943,63.687150837988824,9.497206703910614
E00108412,215,78,33,45,137,98,39,36.27906976744186,15.348837209302326,20.930232558139537,63.72093023255814,45.58139534883721,18.13953488372093
E00108413,184,53,13,40,131,119,12,28.804347826086957,7.065217391304348,21.73913043478261,71.19565217391305,64.67391304347827,6.521739130434782
E00108414,178,41,21,20,137,118,19,23.03370786516854,11.797752808988763,11.235955056179774,76.96629213483146,66.29213483146067,10.674157303370785
E00108415,187,52,17,35,135,120,15,27.807486631016044,9.090909090909092,18.71657754010695,72.19251336898395,64.171122994652407,8.0213903743315509
E00108416,178,39,11,28,139,122,17,21.910112359550563,6.179775280898876,15.730337078651685,78.08988764044943,68.53932584269663,9.550561797752808
E00108417,203,60,20,40,143,127,16,29.55665024630542,9.852216748768473,19.704433497536947,70.44334975369459,62.5615763546798,7.8817733990147785
E00108418,274,58,23,35,216,177,39,21.16788321167883,8.394160583941606,12.773722627737227,78.83211678832117,64.59854014598541,14.233576642335766
E00108419,230,58,23,35,172,138,34,25.217391304347824,10,15.217391304347828,74.78260869565217,60,14.782608695652174
E00108420,138,37,9,28,101,86,15,26.811594202898554,6.521739130434782,20.28985507246377,73.18840579710145,62.31884057971014,10.869565217391305
E00108421,183,56,23,33,127,110,17,30.601092896174865,12.568306010928962,18.0327868852459,69.39890710382514,60.10928961748634,9.289617486338798
E00108422,281,75,21,54,206,170,36,26.690391459074732,7.473309608540925,19.217081850533805,73.30960854092527,60.4982206405694,12.811387900355871
E00108423,157,34,9,25,123,104,19,21.656050955414013,5.7324840764331215,15.92356687898089,78.343949044586,66.2420382165605,12.101910828025478
E00108424,244,46,14,32,198,164,34,18.852459016393443,5.737704918032787,13.114754098360656,81.14754098360656,67.21311475409836,13.934426229508196
E00108425,146,41,13,28,105,92,13,28.08219178082192,8.904109589041095,19.17808219178082,71.91780821917808,63.013698630136986,8.904109589041095
E00108426,337,84,30,54,253,211,42,24.92581602373887,8.902077151335313,16.023738872403563,75.07418397626114,62.61127596439169,12.462908011869436
E00108427,119,45,17,28,74,65,9,37.81512605042017,14.285714285714285,23.52941176470588,62.18487394957983,54.621848739495796,7.563025210084033
E00108428,145,36,12,24,109,88,21,24.82758620689655,8.275862068965518,16.551724137931036,75.17241379310344,60.689655172413794,14.482758620689657
E00108429,153,46,17,29,107,92,15,30.065359477124183,11.11111111111111,18.954248366013072,69.93464052287581,60.130718954248366,9.803921568627452
E00108430,55,14,5,9,41,34,7,25.454545454545453,9.090909090909092,16.363636363636363,74.54545454545455,61.81818181818181,12.727272727272727
E00171449,138,35,8,27,103,87,16,25.36231884057971,5.797101449275362,19.565217391304348,74.63768115942028,63.04347826086957,11.594202898550725
E00171450,119,25,10,15,94,84,10,21.008403361344538,8.403361344537815,12.605042016806722,78.99159663865547,70.58823529411765,8.403361344537815
E00171451,232,60,22,38,172,149,23,25.862068965517242,9.482758620689655,16.379310344827587,74.13793103448276,64.22413793103449,9.913793103448276
E00171452,114,22,10,12,92,78,14,19.298245614035086,8.771929824561402,10.526315789473683,80.7017543859649,68.42105263157895,12.280701754385964
E00171453,162,32,9,23,130,111,19,19.753086419753085,5.555555555555555,14.19753086419753,80.24691358024691,68.51851851851852,11.728395061728394
E00182405,169,45,12,33,124,109,15,26.627218934911244,7.100591715976331,19.526627218934912,73.37278106508876,64.49704142011834,8.875739644970414
E00182406,84,29,13,16,55,47,8,34.523809523809526,15.476190476190476,19.047619047619047,65.47619047619048,55.952380952380956,9.523809523809524
E00182407,176,59,24,35,117,101,16,33.52272727272727,13.636363636363635,19.886363636363637,66.47727272727273,57.38636363636363,9.090909090909092
E00182414,220,39,12,27,181,165,16,17.727272727272727,5.454545454545454,12.272727272727273,82.27272727272728,75,7.2727272727272725
E00182415,163,40,9,31,123,111,12,24.539877300613497,5.521472392638037,19.018404907975462,75.4601226993865,68.09815950920245,7.361963190184049
E00182416,448,85,42,43,363,292,71,18.973214285714285,9.375,9.598214285714286,81.02678571428571,65.17857142857143,15.848214285714285
E00182418,47,14,6,8,33,26,7,29.78723404255319,12.76595744680851,17.02127659574468,70.2127659574468,55.319148936170215,14.893617021276595
E00182419,117,18,9,9,99,90,9,15.384615384615385,7.6923076923076925,7.6923076923076925,84.61538461538461,76.92307692307693,7.6923076923076925
E00182424,68,15,3,12,53,50,3,22.058823529411764,4.411764705882353,17.647058823529413,77.94117647058823,73.52941176470588,4.411764705882353
E00182428,96,35,17,18,61,54,7,36.45833333333333,17.708333333333336,18.75,63.541666666666664,56.25,7.291666666666667
E00182429,223,52,17,35,171,144,27,23.318385650224215,7.623318385650224,15.695067264573993,76.68161434977578,64.57399103139014,12.10762331838565
E00182436,265,63,27,36,202,176,26,23.77358490566038,10.18867924528302,13.584905660377359,76.22641509433963,66.41509433962264,9.811320754716983
E00182439,73,6,2,4,67,67,0,8.21917808219178,2.73972602739726,5.47945205479452,91.78082191780823,91.78082191780823,0
E00182446,75,24,9,15,51,42,9,32,12,20,68,56.00000000000001,12
E00182447,116,26,6,20,90,79,11,22.413793103448278,5.172413793103448,17.24137931034483,77.58620689655173,68.10344827586206,9.482758620689655
E00182448,112,26,6,20,86,73,13,23.214285714285715,5.357142857142857,17.857142857142858,76.78571428571429,65.17857142857143,11.607142857142858
E00182451,69,17,5,12,52,42,10,24.637681159420293,7.246376811594203,17.391304347826086,75.36231884057972,60.86956521739131,14.492753623188406
E00182456,164,20,5,15,144,126,18,12.195121951219512,3.048780487804878,9.146341463414634,87.8048780487805,76.82926829268293,10.975609756097562
E00182461,152,21,7,14,131,120,11,13.815789473684212,4.605263157894736,9.210526315789473,86.18421052631578,78.94736842105263,7.236842105263158
E00182462,181,49,11,38,132,112,20,27.071823204419886,6.077348066298343,20.994475138121548,72.92817679558011,61.87845303867403,11.049723756906078
E00182464,343,69,23,46,274,222,52,20.11661807580175,6.705539358600583,13.411078717201166,79.88338192419825,64.72303206997084,15.160349854227405
E00182470,207,40,19,21,167,137,30,19.32367149758454,9.178743961352657,10.144927536231885,80.67632850241546,66.18357487922705,14.492753623188406
E00182471,375,55,19,36,320,259,61,14.666666666666666,5.066666666666666,9.6,85.33333333333334,69.06666666666666,16.266666666666666
E00182478,144,34,11,23,110,90,20,23.61111111111111,7.638888888888889,15.972222222222221,76.38888888888889,62.5,13.88888888888889
E00182479,104,23,8,15,81,63,18,22.115384615384613,7.6923076923076925,14.423076923076922,77.88461538461539,60.57692307692307,17.307692307692307
E00182487,88,31,10,21,57,49,8,35.22727272727273,11.363636363636363,23.863636363636363,64.77272727272727,55.68181818181818,9.090909090909092
E00182488,78,21,5,16,57,56,1,26.923076923076923,6.41025641025641,20.51282051282051,73.07692307692307,71.7948717948718,1.282051282051282
E00182491,59,17,7,10,42,36,6,28.8135593220339,11.864406779661017,16.94915254237288,71.1864406779661,61.016949152542374,10.16949152542373
E00182494,338,44,12,32,294,255,39,13.017751479289942,3.5502958579881656,9.467455621301776,86.98224852071006,75.44378698224851,11.538461538461538
E00182501,336,43,15,28,293,262,31,12.797619047619047,4.464285714285714,8.333333333333332,87.20238095238095,77.97619047619048,9.226190476190476
E00182503,144,24,8,16,120,101,19,16.666666666666664,5.555555555555555,11.11111111111111,83.33333333333334,70.13888888888889,13.194444444444445
E00182504,56,21,11,10,35,33,2,37.5,19.642857142857142,17.857142857142858,62.5,58.92857142857143,3.571428571428571
E00182506,257,83,33,50,174,146,28,32.295719844357976,12.840466926070038,19.45525291828794,67.70428015564202,56.809338521400775,10.894941634241246
E00182516,123,27,5,22,96,83,13,21.951219512195124,4.0650406504065035,17.88617886178862,78.04878048780488,67.47967479674797,10.569105691056912
E00182518,118,20,7,13,98,85,13,16.94915254237288,5.932203389830509,11.016949152542372,83.05084745762711,72.03389830508475,11.016949152542372
