OA,ts0590001,ts0590002,ts0590003,ts0590004,ts0590005,ts0590006,ts0590007,ts0590002_PCT,ts0590003_PCT,ts0590004_PCT,ts0590005_PCT,ts0590006_PCT,ts0590007_PCT
E00164632,186,68,20,48,118,102,16,36.55913978494624,10.75268817204301,25.806451612903224,63.44086021505376,54.83870967741935,8.60215053763441
E00164633,173,43,11,32,130,111,19,24.85549132947977,6.358381502890173,18.497109826589593,75.14450867052022,64.16184971098265,10.982658959537572
E00164634,161,52,13,39,109,93,16,32.298136645962735,8.074534161490684,24.22360248447205,67.70186335403726,57.7639751552795,9.937888198757763
E00164635,161,56,16,40,105,88,17,34.78260869565217,9.937888198757763,24.84472049689441,65.21739130434783,54.6583850931677,10.559006211180124
E00164636,127,35,16,19,92,72,20,27.559055118110237,12.598425196850393,14.960629921259844,72.44094488188976,56.69291338582677,15.748031496062993
E00164637,142,29,13,16,113,100,13,20.422535211267608,9.15492957746479,11.267605633802818,79.5774647887324,70.4225352112676,9.15492957746479
E00164638,183,44,10,34,139,116,23,24.043715846994534,5.46448087431694,18.579234972677597,75.95628415300546,63.387978142076506,12.568306010928962
E00164639,109,33,8,25,76,64,12,30.275229357798167,7.339449541284404,22.93577981651376,69.72477064220183,58.71559633027523,11.009174311926607
E00164640,131,38,8,30,93,84,9,29.00763358778626,6.106870229007633,22.900763358778626,70.99236641221374,64.12213740458014,6.870229007633588
E00164641,148,39,19,20,109,91,18,26.351351351351347,12.837837837837837,13.513513513513514,73.64864864864865,61.48648648648649,12.162162162162163
E00164642,136,34,15,19,102,83,19,25,11.029411764705882,13.970588235294118,75,61.029411764705884,13.970588235294118
E00164643,158,41,10,31,117,90,27,25.949367088607595,6.329113924050633,19.62025316455696,74.0506329113924,56.9620253164557,17.088607594936708
E00164644,173,43,13,30,130,115,15,24.85549132947977,7.514450867052023,17.341040462427745,75.14450867052022,66.47398843930635,8.670520231213873
E00164645,171,52,25,27,119,103,16,30.409356725146196,14.619883040935672,15.789473684210526,69.5906432748538,60.23391812865497,9.35672514619883
E00164646,151,31,14,17,120,109,11,20.52980132450331,9.271523178807946,11.258278145695364,79.47019867549669,72.18543046357617,7.28476821192053
E00164647,165,42,13,29,123,108,15,25.454545454545453,7.878787878787878,17.575757575757574,74.54545454545455,65.45454545454545,9.090909090909092
E00164649,202,60,17,43,142,120,22,29.7029702970297,8.415841584158416,21.287128712871286,70.29702970297029,59.4059405940594,10.891089108910892
E00164650,186,49,18,31,137,112,25,26.344086021505376,9.67741935483871,16.666666666666664,73.65591397849462,60.215053763440864,13.440860215053762
E00164651,131,41,17,24,90,78,12,31.297709923664126,12.977099236641221,18.3206106870229,68.70229007633588,59.541984732824424,9.16030534351145
E00164652,73,25,8,17,48,34,14,34.24657534246575,10.95890410958904,23.28767123287671,65.75342465753424,46.57534246575342,19.17808219178082
E00164653,158,39,12,27,119,103,16,24.68354430379747,7.59493670886076,17.088607594936708,75.31645569620254,65.18987341772153,10.126582278481013
E00164654,132,34,10,24,98,76,22,25.757575757575758,7.575757575757576,18.181818181818183,74.24242424242425,57.57575757575758,16.666666666666664
E00164655,157,43,7,36,114,100,14,27.388535031847134,4.45859872611465,22.929936305732486,72.61146496815286,63.69426751592356,8.9171974522293
E00164656,199,61,22,39,138,111,27,30.65326633165829,11.055276381909549,19.597989949748744,69.34673366834171,55.778894472361806,13.5678391959799
E00164657,142,45,16,29,97,79,18,31.690140845070424,11.267605633802818,20.422535211267608,68.30985915492957,55.633802816901415,12.676056338028168
E00164658,199,61,19,42,138,118,20,30.65326633165829,9.547738693467336,21.105527638190953,69.34673366834171,59.2964824120603,10.050251256281408
E00164659,122,40,18,22,82,72,10,32.78688524590164,14.754098360655737,18.0327868852459,67.21311475409836,59.01639344262295,8.19672131147541
E00164660,181,70,25,45,111,96,15,38.67403314917127,13.812154696132598,24.861878453038674,61.32596685082873,53.03867403314917,8.287292817679557
E00164661,166,67,24,43,99,83,16,40.36144578313253,14.457831325301203,25.903614457831324,59.63855421686747,50,9.63855421686747
E00164662,153,47,10,37,106,90,16,30.718954248366014,6.535947712418301,24.183006535947712,69.28104575163398,58.82352941176471,10.457516339869281
E00164663,144,47,14,33,97,85,12,32.63888888888889,9.722222222222223,22.916666666666664,67.36111111111111,59.02777777777778,8.333333333333332
E00164664,208,64,20,44,144,127,17,30.76923076923077,9.615384615384617,21.153846153846153,69.23076923076923,61.057692307692314,8.173076923076923
E00164665,159,58,20,38,101,87,14,36.477987421383645,12.578616352201259,23.89937106918239,63.52201257861635,54.71698113207547,8.80503144654088
E00164666,151,42,14,28,109,90,19,27.81456953642384,9.271523178807946,18.543046357615893,72.18543046357617,59.60264900662252,12.582781456953644
E00164667,111,26,7,19,85,80,5,23.423423423423422,6.306306306306306,17.117117117117118,76.57657657657657,72.07207207207207,4.504504504504505
E00164668,130,38,14,24,92,79,13,29.230769230769234,10.76923076923077,18.461538461538463,70.76923076923077,60.76923076923077,10
E00164669,129,45,16,29,84,69,15,34.883720930232556,12.4031007751938,22.48062015503876,65.11627906976744,53.48837209302325,11.627906976744185
E00164671,176,45,18,27,131,121,10,25.568181818181817,10.227272727272728,15.340909090909092,74.43181818181817,68.75,5.681818181818182
E00164672,99,31,14,17,68,55,13,31.313131313131315,14.14141414141414,17.17171717171717,68.68686868686868,55.55555555555556,13.131313131313133
E00164673,137,49,17,32,88,75,13,35.76642335766424,12.408759124087592,23.357664233576642,64.23357664233576,54.74452554744526,9.48905109489051
E00164674,117,35,7,28,82,69,13,29.914529914529915,5.982905982905983,23.931623931623932,70.08547008547008,58.97435897435898,11.11111111111111
E00164675,141,34,9,25,107,87,20,24.113475177304963,6.382978723404255,17.73049645390071,75.88652482269504,61.702127659574465,14.184397163120568
E00164676,149,41,14,27,108,93,15,27.516778523489933,9.395973154362416,18.120805369127517,72.48322147651007,62.41610738255034,10.06711409395973
E00164677,146,51,14,37,95,83,12,34.93150684931507,9.58904109589041,25.34246575342466,65.06849315068493,56.849315068493155,8.21917808219178
E00164678,96,39,14,25,57,47,10,40.625,14.583333333333334,26.041666666666668,59.375,48.95833333333333,10.416666666666668
E00164679,124,49,16,33,75,72,3,39.516129032258064,12.903225806451612,26.61290322580645,60.483870967741936,58.06451612903226,2.4193548387096775
E00164680,173,47,13,34,126,109,17,27.167630057803464,7.514450867052023,19.653179190751445,72.83236994219652,63.005780346820806,9.826589595375722
E00164681,155,47,12,35,108,93,15,30.32258064516129,7.741935483870968,22.58064516129032,69.6774193548387,60,9.67741935483871
E00164682,304,83,27,56,221,193,28,27.302631578947366,8.881578947368421,18.421052631578945,72.69736842105263,63.48684210526315,9.210526315789473
E00164683,205,63,20,43,142,122,20,30.73170731707317,9.75609756097561,20.975609756097562,69.26829268292683,59.512195121951216,9.75609756097561
E00164685,175,63,18,45,112,101,11,36,10.285714285714285,25.71428571428571,64,57.714285714285715,6.2857142857142865
E00164686,146,39,11,28,107,96,11,26.71232876712329,7.534246575342466,19.17808219178082,73.28767123287672,65.75342465753424,7.534246575342466
E00164687,137,38,15,23,99,81,18,27.73722627737226,10.948905109489052,16.78832116788321,72.26277372262774,59.12408759124088,13.138686131386862
E00164688,136,52,12,40,84,73,11,38.23529411764706,8.823529411764707,29.411764705882355,61.76470588235294,53.67647058823529,8.088235294117647
E00164689,156,48,14,34,108,100,8,30.76923076923077,8.974358974358974,21.794871794871796,69.23076923076923,64.1025641025641,5.128205128205128
E00164690,88,35,12,23,53,44,9,39.77272727272727,13.636363636363635,26.136363636363637,60.22727272727273,50,10.227272727272728
E00164691,163,43,16,27,120,104,16,26.380368098159508,9.815950920245399,16.56441717791411,73.61963190184049,63.80368098159509,9.815950920245399
E00164692,173,53,17,36,120,105,15,30.63583815028902,9.826589595375722,20.809248554913296,69.36416184971098,60.69364161849711,8.670520231213873
E00164693,159,50,19,31,109,86,23,31.446540880503143,11.949685534591195,19.49685534591195,68.55345911949685,54.088050314465406,14.465408805031446
E00164694,139,49,13,36,90,65,25,35.25179856115108,9.352517985611511,25.899280575539567,64.74820143884892,46.76258992805755,17.985611510791365
E00164695,154,53,19,34,101,85,16,34.41558441558442,12.337662337662337,22.07792207792208,65.5844155844156,55.1948051948052,10.38961038961039
E00164697,210,76,24,52,134,107,27,36.19047619047619,11.428571428571429,24.761904761904763,63.8095238095238,50.95238095238095,12.857142857142856
E00164698,146,64,25,39,82,62,20,43.83561643835616,17.123287671232877,26.71232876712329,56.16438356164384,42.465753424657535,13.698630136986301
E00164700,148,47,14,33,101,83,18,31.756756756756754,9.45945945945946,22.2972972972973,68.24324324324324,56.08108108108109,12.162162162162163
E00164701,138,32,11,21,106,95,11,23.18840579710145,7.971014492753622,15.217391304347828,76.81159420289855,68.84057971014492,7.971014492753622
E00164702,121,26,13,13,95,88,7,21.487603305785125,10.743801652892563,10.743801652892563,78.51239669421489,72.72727272727273,5.785123966942149
E00164704,153,29,6,23,124,89,35,18.954248366013072,3.9215686274509802,15.032679738562091,81.04575163398692,58.16993464052288,22.875816993464053
E00164705,114,37,10,27,77,67,10,32.45614035087719,8.771929824561402,23.684210526315788,67.54385964912281,58.77192982456141,8.771929824561402
E00164706,136,50,20,30,86,80,6,36.76470588235294,14.705882352941178,22.058823529411764,63.23529411764706,58.82352941176471,4.411764705882353
E00164709,152,31,10,21,121,114,7,20.394736842105264,6.578947368421052,13.815789473684212,79.60526315789474,75,4.605263157894736
E00164710,200,75,17,58,125,119,6,37.5,8.5,28.999999999999996,62.5,59.5,3
E00164711,99,31,7,24,68,60,8,31.313131313131315,7.07070707070707,24.242424242424242,68.68686868686868,60.60606060606061,8.080808080808081
E00164712,135,42,15,27,93,81,12,31.11111111111111,11.11111111111111,20,68.88888888888889,60,8.88888888888889
E00164714,160,60,21,39,100,86,14,37.5,13.125,24.375,62.5,53.75,8.75
E00164715,183,68,16,52,115,99,16,37.15846994535519,8.743169398907105,28.415300546448087,62.841530054644814,54.09836065573771,8.743169398907105
E00164716,145,54,25,29,91,75,16,37.24137931034483,17.24137931034483,20,62.758620689655174,51.724137931034484,11.03448275862069
E00164717,147,53,17,36,94,85,9,36.054421768707485,11.564625850340136,24.489795918367346,63.94557823129252,57.82312925170068,6.122448979591836
E00164719,163,54,18,36,109,90,19,33.12883435582822,11.042944785276074,22.085889570552148,66.87116564417178,55.21472392638037,11.65644171779141
E00164721,110,30,11,19,80,73,7,27.27272727272727,10,17.272727272727273,72.72727272727273,66.36363636363637,6.363636363636363
E00164722,282,101,47,54,181,156,25,35.815602836879435,16.666666666666664,19.148936170212767,64.18439716312056,55.319148936170215,8.865248226950355
E00164723,128,40,12,28,88,78,10,31.25,9.375,21.875,68.75,60.9375,7.8125
E00164724,189,55,18,37,134,110,24,29.100529100529098,9.523809523809524,19.576719576719576,70.8994708994709,58.201058201058196,12.698412698412698
E00164725,160,37,8,29,123,111,12,23.125,5,18.125,76.875,69.375,7.5
E00164726,152,46,9,37,106,89,17,30.263157894736842,5.921052631578947,24.342105263157894,69.73684210526315,58.55263157894737,11.18421052631579
E00164727,151,52,19,33,99,81,18,34.437086092715234,12.582781456953644,21.85430463576159,65.56291390728477,53.64238410596026,11.920529801324504
E00164728,162,38,9,29,124,108,16,23.456790123456788,5.555555555555555,17.901234567901234,76.5432098765432,66.66666666666666,9.876543209876543
E00164729,115,37,14,23,78,63,15,32.17391304347826,12.173913043478262,20,67.82608695652173,54.78260869565217,13.043478260869565
E00164730,138,31,11,20,107,94,13,22.463768115942027,7.971014492753622,14.492753623188406,77.53623188405797,68.11594202898551,9.420289855072465
E00164731,129,43,16,27,86,68,18,33.33333333333333,12.4031007751938,20.930232558139537,66.66666666666666,52.71317829457365,13.953488372093023
E00164732,144,42,12,30,102,84,18,29.166666666666668,8.333333333333332,20.833333333333336,70.83333333333334,58.333333333333336,12.5
E00164733,158,32,6,26,126,101,25,20.253164556962027,3.79746835443038,16.455696202531644,79.74683544303798,63.92405063291139,15.822784810126583
E00164734,173,48,16,32,125,103,22,27.74566473988439,9.248554913294797,18.497109826589593,72.25433526011561,59.53757225433526,12.716763005780345
E00164735,159,37,16,21,122,97,25,23.270440251572328,10.062893081761008,13.20754716981132,76.72955974842768,61.0062893081761,15.723270440251572
E00164736,185,57,19,38,128,109,19,30.810810810810814,10.27027027027027,20.54054054054054,69.1891891891892,58.91891891891892,10.27027027027027
E00164737,176,53,22,31,123,100,23,30.113636363636363,12.5,17.613636363636363,69.88636363636364,56.81818181818182,13.068181818181818
E00164738,128,43,14,29,85,67,18,33.59375,10.9375,22.65625,66.40625,52.34375,14.0625
E00164739,173,53,17,36,120,105,15,30.63583815028902,9.826589595375722,20.809248554913296,69.36416184971098,60.69364161849711,8.670520231213873
E00164740,227,66,31,35,161,142,19,29.074889867841406,13.656387665198238,15.418502202643172,70.92511013215858,62.55506607929515,8.370044052863436
E00164741,133,39,12,27,94,81,13,29.32330827067669,9.022556390977442,20.30075187969925,70.67669172932331,60.902255639097746,9.774436090225564
E00164742,111,33,11,22,78,67,11,29.72972972972973,9.90990990990991,19.81981981981982,70.27027027027027,60.36036036036037,9.90990990990991
E00164743,138,46,17,29,92,78,14,33.33333333333333,12.318840579710146,21.014492753623188,66.66666666666666,56.52173913043478,10.144927536231885
E00164744,143,47,16,31,96,80,16,32.86713286713287,11.188811188811188,21.678321678321677,67.13286713286713,55.94405594405595,11.188811188811188
E00164745,157,38,9,29,119,109,10,24.203821656050955,5.7324840764331215,18.471337579617835,75.79617834394905,69.42675159235668,6.369426751592357
E00164746,59,23,9,14,36,27,9,38.983050847457626,15.254237288135593,23.728813559322035,61.016949152542374,45.76271186440678,15.254237288135593
E00164747,147,44,14,30,103,86,17,29.931972789115648,9.523809523809524,20.408163265306122,70.06802721088435,58.50340136054422,11.564625850340136
E00164748,128,41,15,26,87,73,14,32.03125,11.71875,20.3125,67.96875,57.03125,10.9375
E00164749,115,40,16,24,75,62,13,34.78260869565217,13.91304347826087,20.869565217391305,65.21739130434783,53.91304347826087,11.304347826086957
E00164750,143,53,17,36,90,77,13,37.06293706293706,11.888111888111888,25.174825174825177,62.93706293706294,53.84615384615385,9.090909090909092
E00164751,169,43,15,28,126,114,12,25.443786982248522,8.875739644970414,16.56804733727811,74.55621301775149,67.45562130177515,7.100591715976331
E00164752,104,25,5,20,79,72,7,24.03846153846154,4.807692307692308,19.230769230769234,75.96153846153845,69.23076923076923,6.730769230769231
E00164753,128,33,9,24,95,86,9,25.78125,7.03125,18.75,74.21875,67.1875,7.03125
E00164754,163,38,12,26,125,112,13,23.31288343558282,7.361963190184049,15.950920245398773,76.68711656441718,68.71165644171779,7.975460122699387
E00164755,143,41,11,30,102,93,9,28.671328671328673,7.6923076923076925,20.97902097902098,71.32867132867133,65.03496503496503,6.293706293706294
E00164756,134,44,7,37,90,83,7,32.83582089552239,5.223880597014925,27.611940298507463,67.16417910447761,61.940298507462686,5.223880597014925
E00164757,79,23,5,18,56,50,6,29.11392405063291,6.329113924050633,22.78481012658228,70.88607594936708,63.29113924050633,7.59493670886076
E00164758,126,25,8,17,101,87,14,19.841269841269842,6.349206349206349,13.492063492063492,80.15873015873017,69.04761904761905,11.11111111111111
E00164759,222,63,23,40,159,139,20,28.37837837837838,10.36036036036036,18.01801801801802,71.62162162162163,62.612612612612615,9.00900900900901
E00164760,137,54,18,36,83,79,4,39.416058394160586,13.138686131386862,26.277372262773724,60.58394160583942,57.66423357664233,2.9197080291970803
E00164761,124,35,7,28,89,82,7,28.225806451612907,5.64516129032258,22.58064516129032,71.7741935483871,66.12903225806451,5.64516129032258
E00164762,127,31,6,25,96,81,15,24.409448818897637,4.724409448818897,19.68503937007874,75.59055118110236,63.77952755905512,11.811023622047244
E00164763,139,34,10,24,105,94,11,24.46043165467626,7.1942446043165464,17.26618705035971,75.53956834532374,67.62589928057554,7.913669064748201
E00164764,129,30,12,18,99,85,14,23.25581395348837,9.30232558139535,13.953488372093023,76.74418604651163,65.89147286821705,10.852713178294573
E00164765,162,58,20,38,104,91,13,35.80246913580247,12.345679012345679,23.456790123456788,64.19753086419753,56.17283950617284,8.024691358024691
E00164766,140,51,8,43,89,80,9,36.42857142857142,5.714285714285714,30.714285714285715,63.57142857142857,57.14285714285714,6.428571428571428
E00164767,115,50,12,38,65,62,3,43.47826086956522,10.434782608695652,33.04347826086956,56.52173913043478,53.91304347826087,2.608695652173913
E00164768,118,43,7,36,75,71,4,36.440677966101696,5.932203389830509,30.508474576271187,63.559322033898304,60.16949152542372,3.389830508474576
E00164769,191,44,14,30,147,132,15,23.036649214659686,7.329842931937172,15.706806282722512,76.96335078534031,69.10994764397905,7.853403141361256
E00164770,185,66,15,51,119,106,13,35.67567567567568,8.108108108108109,27.56756756756757,64.32432432432432,57.2972972972973,7.027027027027027
E00164771,176,60,18,42,116,106,10,34.090909090909086,10.227272727272728,23.863636363636363,65.9090909090909,60.22727272727273,5.681818181818182
E00164772,168,57,10,47,111,101,10,33.92857142857143,5.952380952380952,27.976190476190478,66.07142857142857,60.11904761904761,5.952380952380952
E00164773,128,30,9,21,98,87,11,23.4375,7.03125,16.40625,76.5625,67.96875,8.59375
E00164774,165,47,18,29,118,108,10,28.484848484848484,10.909090909090908,17.575757575757574,71.51515151515152,65.45454545454545,6.0606060606060606
E00164775,175,39,8,31,136,111,25,22.285714285714285,4.571428571428571,17.71428571428571,77.71428571428571,63.42857142857142,14.285714285714285
E00164776,151,62,18,44,89,79,10,41.05960264900662,11.920529801324504,29.13907284768212,58.94039735099338,52.317880794701985,6.622516556291391
E00164777,191,46,12,34,145,125,20,24.083769633507853,6.282722513089005,17.801047120418847,75.91623036649214,65.44502617801047,10.471204188481675
E00164778,261,67,23,44,194,174,20,25.67049808429119,8.812260536398467,16.85823754789272,74.32950191570882,66.66666666666666,7.662835249042145
E00164779,162,42,15,27,120,111,9,25.925925925925924,9.25925925925926,16.666666666666664,74.07407407407408,68.51851851851852,5.555555555555555
E00164780,39,19,6,13,20,15,5,48.717948717948715,15.384615384615385,33.33333333333333,51.28205128205128,38.46153846153847,12.82051282051282
E00164781,251,65,23,42,186,162,24,25.89641434262948,9.163346613545817,16.733067729083665,74.10358565737052,64.5418326693227,9.56175298804781
E00164782,171,56,24,32,115,97,18,32.748538011695906,14.035087719298245,18.71345029239766,67.2514619883041,56.72514619883041,10.526315789473683
E00164783,149,46,17,29,103,86,17,30.87248322147651,11.409395973154362,19.463087248322147,69.12751677852349,57.71812080536913,11.409395973154362
E00164784,186,60,19,41,126,106,20,32.25806451612903,10.21505376344086,22.043010752688172,67.74193548387096,56.98924731182796,10.75268817204301
E00164785,203,64,21,43,139,116,23,31.527093596059114,10.344827586206897,21.182266009852217,68.4729064039409,57.14285714285714,11.330049261083744
E00164786,188,52,17,35,136,116,20,27.659574468085108,9.042553191489363,18.617021276595743,72.3404255319149,61.702127659574465,10.638297872340425
E00164787,136,38,6,32,98,88,10,27.941176470588236,4.411764705882353,23.52941176470588,72.05882352941177,64.70588235294117,7.352941176470589
E00164788,201,51,10,41,150,136,14,25.37313432835821,4.975124378109453,20.398009950248756,74.6268656716418,67.66169154228857,6.965174129353234
E00164789,185,45,10,35,140,122,18,24.324324324324326,5.405405405405405,18.91891891891892,75.67567567567568,65.94594594594595,9.72972972972973
E00164790,170,47,9,38,123,112,11,27.647058823529413,5.294117647058823,22.35294117647059,72.35294117647058,65.88235294117646,6.470588235294119
E00164791,157,35,9,26,122,106,16,22.29299363057325,5.7324840764331215,16.560509554140125,77.70700636942675,67.51592356687898,10.191082802547772
E00164792,125,35,6,29,90,74,16,28.000000000000004,4.8,23.200000000000003,72,59.199999999999996,12.8
E00164793,187,71,21,50,116,97,19,37.967914438502675,11.229946524064172,26.737967914438503,62.03208556149733,51.87165775401069,10.16042780748663
E00164794,153,32,12,20,121,109,12,20.915032679738562,7.8431372549019605,13.071895424836603,79.08496732026144,71.24183006535948,7.8431372549019605
E00164795,131,46,20,26,85,78,7,35.11450381679389,15.267175572519085,19.84732824427481,64.8854961832061,59.541984732824424,5.343511450381679
E00164796,159,36,11,25,123,105,18,22.641509433962266,6.918238993710692,15.723270440251572,77.35849056603774,66.0377358490566,11.320754716981133
E00164797,117,37,9,28,80,73,7,31.62393162393162,7.6923076923076925,23.931623931623932,68.37606837606837,62.39316239316239,5.982905982905983
E00164798,114,47,12,35,67,63,4,41.228070175438596,10.526315789473683,30.701754385964914,58.77192982456141,55.26315789473685,3.508771929824561
E00164799,162,54,15,39,108,98,10,33.33333333333333,9.25925925925926,24.074074074074073,66.66666666666666,60.49382716049383,6.172839506172839
E00164800,177,46,15,31,131,117,14,25.98870056497175,8.47457627118644,17.51412429378531,74.01129943502825,66.10169491525424,7.909604519774012
E00164801,197,59,14,45,138,124,14,29.949238578680205,7.1065989847715745,22.84263959390863,70.05076142131979,62.944162436548226,7.1065989847715745
E00164802,127,52,14,38,75,70,5,40.94488188976378,11.023622047244094,29.92125984251969,59.055118110236215,55.118110236220474,3.937007874015748
E00164803,159,54,9,45,105,94,11,33.9622641509434,5.660377358490567,28.30188679245283,66.0377358490566,59.11949685534591,6.918238993710692
E00164804,174,50,13,37,124,114,10,28.735632183908045,7.471264367816093,21.26436781609195,71.26436781609196,65.51724137931035,5.747126436781609
E00164805,141,28,14,14,113,97,16,19.858156028368796,9.929078014184398,9.929078014184398,80.1418439716312,68.79432624113475,11.347517730496454
E00164806,133,42,14,28,91,77,14,31.57894736842105,10.526315789473683,21.052631578947366,68.42105263157895,57.89473684210527,10.526315789473683
E00164807,151,42,9,33,109,98,11,27.81456953642384,5.960264900662252,21.85430463576159,72.18543046357617,64.90066225165563,7.28476821192053
E00164808,157,62,16,46,95,77,18,39.490445859872615,10.191082802547772,29.29936305732484,60.509554140127385,49.044585987261144,11.464968152866243
E00164809,116,46,12,34,70,62,8,39.6551724137931,10.344827586206897,29.310344827586203,60.3448275862069,53.44827586206896,6.896551724137931
E00164810,154,45,16,29,109,96,13,29.22077922077922,10.38961038961039,18.83116883116883,70.77922077922078,62.33766233766234,8.441558441558442
E00164811,171,48,17,31,123,115,8,28.07017543859649,9.941520467836257,18.128654970760234,71.9298245614035,67.2514619883041,4.678362573099415
E00164812,214,61,26,35,153,135,18,28.504672897196258,12.149532710280374,16.355140186915886,71.49532710280374,63.084112149532714,8.411214953271028
E00164813,130,55,25,30,75,65,10,42.30769230769231,19.230769230769234,23.076923076923077,57.692307692307686,50,7.6923076923076925
E00164814,119,33,16,17,86,74,12,27.73109243697479,13.445378151260504,14.285714285714285,72.26890756302521,62.18487394957983,10.084033613445378
E00164815,181,61,22,39,120,102,18,33.70165745856354,12.154696132596685,21.54696132596685,66.29834254143645,56.353591160220994,9.94475138121547
E00164816,175,90,50,40,85,70,15,51.42857142857142,28.57142857142857,22.857142857142858,48.57142857142857,40,8.571428571428571
E00164818,113,29,11,18,84,78,6,25.663716814159294,9.734513274336283,15.929203539823009,74.33628318584071,69.02654867256636,5.3097345132743365
E00164819,159,59,29,30,100,95,5,37.10691823899371,18.238993710691823,18.867924528301888,62.893081761006286,59.74842767295597,3.1446540880503147
E00164820,133,47,18,29,86,73,13,35.338345864661655,13.533834586466165,21.804511278195488,64.66165413533834,54.88721804511278,9.774436090225564
E00164821,115,57,16,41,58,53,5,49.56521739130435,13.91304347826087,35.65217391304348,50.43478260869565,46.08695652173913,4.3478260869565215
E00164822,150,60,22,38,90,82,8,40,14.666666666666666,25.333333333333336,60,54.666666666666664,5.333333333333334
E00164823,101,32,15,17,69,64,5,31.683168316831683,14.85148514851485,16.831683168316832,68.31683168316832,63.366336633663366,4.9504950495049505
E00164824,157,52,20,32,105,91,14,33.12101910828025,12.738853503184714,20.382165605095544,66.87898089171973,57.961783439490446,8.9171974522293
E00164825,130,48,15,33,82,66,16,36.92307692307693,11.538461538461538,25.384615384615383,63.07692307692307,50.76923076923077,12.307692307692308
E00164826,147,48,19,29,99,77,22,32.6530612244898,12.925170068027212,19.727891156462583,67.3469387755102,52.38095238095239,14.965986394557824
E00164827,185,60,25,35,125,107,18,32.432432432432435,13.513513513513514,18.91891891891892,67.56756756756756,57.83783783783784,9.72972972972973
E00164828,106,38,15,23,68,61,7,35.84905660377358,14.150943396226415,21.69811320754717,64.15094339622641,57.54716981132076,6.60377358490566
E00164829,104,41,20,21,63,56,7,39.42307692307692,19.230769230769234,20.192307692307693,60.57692307692307,53.84615384615385,6.730769230769231
E00164830,112,57,20,37,55,46,9,50.89285714285714,17.857142857142858,33.035714285714285,49.107142857142854,41.07142857142857,8.035714285714286
E00164831,173,55,19,36,118,98,20,31.79190751445087,10.982658959537572,20.809248554913296,68.20809248554913,56.64739884393064,11.560693641618498
E00164832,146,51,16,35,95,81,14,34.93150684931507,10.95890410958904,23.972602739726025,65.06849315068493,55.47945205479452,9.58904109589041
E00164833,91,35,17,18,56,43,13,38.46153846153847,18.681318681318682,19.78021978021978,61.53846153846154,47.25274725274725,14.285714285714285
E00164834,225,73,26,47,152,140,12,32.44444444444444,11.555555555555555,20.88888888888889,67.55555555555556,62.22222222222222,5.333333333333334
E00164835,121,50,12,38,71,56,15,41.32231404958678,9.917355371900827,31.40495867768595,58.67768595041323,46.28099173553719,12.396694214876034
E00164837,116,51,26,25,65,49,16,43.96551724137931,22.413793103448278,21.551724137931032,56.03448275862068,42.241379310344826,13.793103448275861
E00164838,176,52,19,33,124,109,15,29.545454545454547,10.795454545454545,18.75,70.45454545454545,61.93181818181818,8.522727272727272
E00164839,122,44,17,27,78,67,11,36.0655737704918,13.934426229508196,22.131147540983605,63.934426229508205,54.91803278688525,9.01639344262295
E00164840,146,52,19,33,94,81,13,35.61643835616438,13.013698630136986,22.602739726027394,64.38356164383562,55.47945205479452,8.904109589041095
E00164841,172,65,30,35,107,86,21,37.7906976744186,17.441860465116278,20.348837209302324,62.2093023255814,50,12.209302325581394
E00164842,177,64,28,36,113,95,18,36.15819209039548,15.819209039548024,20.33898305084746,63.84180790960452,53.672316384180796,10.16949152542373
E00164843,176,46,13,33,130,122,8,26.136363636363637,7.386363636363637,18.75,73.86363636363636,69.31818181818183,4.545454545454546
E00164844,184,62,20,42,122,107,15,33.69565217391305,10.869565217391305,22.82608695652174,66.30434782608695,58.152173913043484,8.152173913043478
E00164845,75,22,8,14,53,50,3,29.333333333333332,10.666666666666668,18.666666666666668,70.66666666666667,66.66666666666666,4
E00164846,123,37,12,25,86,76,10,30.081300813008134,9.75609756097561,20.32520325203252,69.91869918699187,61.78861788617886,8.130081300813007
E00164847,30,9,5,4,21,19,2,30,16.666666666666664,13.333333333333334,70,63.33333333333333,6.666666666666667
E00164848,149,54,18,36,95,85,10,36.241610738255034,12.080536912751679,24.161073825503358,63.758389261744966,57.04697986577181,6.7114093959731544
E00164849,156,58,26,32,98,86,12,37.17948717948718,16.666666666666664,20.51282051282051,62.82051282051282,55.12820512820513,7.6923076923076925
E00164850,189,56,24,32,133,119,14,29.629629629629626,12.698412698412698,16.93121693121693,70.37037037037037,62.96296296296296,7.4074074074074066
E00164851,159,48,20,28,111,91,20,30.18867924528302,12.578616352201259,17.61006289308176,69.81132075471697,57.23270440251572,12.578616352201259
E00164852,158,40,17,23,118,105,13,25.31645569620253,10.759493670886076,14.556962025316455,74.68354430379746,66.45569620253164,8.227848101265822
E00164853,219,92,22,70,127,108,19,42.00913242009132,10.045662100456621,31.963470319634702,57.99086757990868,49.31506849315068,8.67579908675799
E00164854,120,41,11,30,79,72,7,34.166666666666664,9.166666666666666,25,65.83333333333333,60,5.833333333333333
E00164855,119,49,17,32,70,60,10,41.17647058823529,14.285714285714285,26.89075630252101,58.82352941176471,50.42016806722689,8.403361344537815
E00164856,144,61,24,37,83,72,11,42.36111111111111,16.666666666666664,25.694444444444443,57.638888888888886,50,7.638888888888889
E00164857,168,52,20,32,116,107,9,30.952380952380953,11.904761904761903,19.047619047619047,69.04761904761905,63.69047619047619,5.357142857142857
E00164858,171,40,10,30,131,110,21,23.391812865497073,5.847953216374268,17.543859649122805,76.60818713450293,64.32748538011695,12.280701754385964
E00164859,204,58,23,35,146,130,16,28.431372549019606,11.27450980392157,17.15686274509804,71.56862745098039,63.725490196078425,7.8431372549019605
E00164860,217,64,19,45,153,139,14,29.493087557603687,8.755760368663594,20.737327188940093,70.50691244239631,64.0552995391705,6.451612903225806
E00164861,183,49,11,38,134,108,26,26.775956284153008,6.0109289617486334,20.76502732240437,73.224043715847,59.01639344262295,14.207650273224044
E00164862,179,49,13,36,130,117,13,27.37430167597765,7.262569832402235,20.11173184357542,72.62569832402235,65.36312849162012,7.262569832402235
E00164863,134,32,10,22,102,90,12,23.88059701492537,7.462686567164178,16.417910447761194,76.11940298507463,67.16417910447761,8.955223880597014
E00164864,117,31,9,22,86,72,14,26.495726495726498,7.6923076923076925,18.803418803418804,73.50427350427351,61.53846153846154,11.965811965811966
E00164865,167,55,14,41,112,98,14,32.93413173652694,8.383233532934131,24.550898203592812,67.06586826347305,58.68263473053892,8.383233532934131
E00164866,138,40,9,31,98,79,19,28.985507246376812,6.521739130434782,22.463768115942027,71.01449275362319,57.2463768115942,13.768115942028986
E00164867,166,53,18,35,113,98,15,31.92771084337349,10.843373493975903,21.084337349397593,68.07228915662651,59.036144578313255,9.036144578313253
E00164868,104,27,13,14,77,67,10,25.961538461538463,12.5,13.461538461538462,74.03846153846155,64.42307692307693,9.615384615384617
E00164869,160,44,15,29,116,103,13,27.500000000000004,9.375,18.125,72.5,64.375,8.125
E00164870,105,44,23,21,61,53,8,41.904761904761905,21.904761904761905,20,58.0952380952381,50.476190476190474,7.6190476190476195
E00164871,180,45,18,27,135,117,18,25,10,15,75,65,10
E00164872,113,37,8,29,76,67,9,32.743362831858406,7.079646017699115,25.663716814159294,67.2566371681416,59.29203539823009,7.964601769911504
E00164873,283,80,25,55,203,176,27,28.26855123674912,8.8339222614841,19.434628975265017,71.73144876325088,62.19081272084806,9.540636042402827
E00164874,196,55,14,41,141,113,28,28.061224489795915,7.142857142857142,20.918367346938776,71.93877551020408,57.6530612244898,14.285714285714285
E00164875,128,44,12,32,84,73,11,34.375,9.375,25,65.625,57.03125,8.59375
E00164876,130,37,14,23,93,87,6,28.46153846153846,10.76923076923077,17.692307692307693,71.53846153846153,66.92307692307692,4.615384615384616
E00164877,152,33,10,23,119,107,12,21.710526315789476,6.578947368421052,15.131578947368421,78.28947368421053,70.39473684210526,7.894736842105263
E00164878,173,58,14,44,115,108,7,33.52601156069364,8.092485549132949,25.43352601156069,66.47398843930635,62.42774566473989,4.046242774566474
E00164879,154,41,17,24,113,90,23,26.623376623376622,11.03896103896104,15.584415584415584,73.37662337662337,58.44155844155844,14.935064935064934
E00164880,95,23,5,18,72,57,15,24.210526315789473,5.263157894736842,18.947368421052634,75.78947368421053,60,15.789473684210526
E00164881,177,54,13,41,123,103,20,30.508474576271187,7.344632768361582,23.163841807909606,69.49152542372882,58.19209039548022,11.299435028248588
E00164882,85,24,8,16,61,52,9,28.235294117647058,9.411764705882353,18.823529411764707,71.76470588235294,61.1764705882353,10.588235294117647
E00164883,100,26,8,18,74,58,16,26,8,18,74,57.99999999999999,16
E00164884,175,49,15,34,126,113,13,28.000000000000004,8.571428571428571,19.428571428571427,72,64.57142857142857,7.428571428571429
E00164885,159,57,19,38,102,87,15,35.84905660377358,11.949685534591195,23.89937106918239,64.15094339622641,54.71698113207547,9.433962264150944
E00164886,161,40,12,28,121,106,15,24.84472049689441,7.453416149068323,17.391304347826086,75.15527950310559,65.83850931677019,9.316770186335404
E00164887,106,37,15,22,69,60,9,34.90566037735849,14.150943396226415,20.754716981132077,65.09433962264151,56.60377358490566,8.49056603773585
E00164888,140,43,13,30,97,84,13,30.714285714285715,9.285714285714286,21.428571428571427,69.28571428571428,60,9.285714285714286
E00164889,127,37,15,22,90,75,15,29.133858267716533,11.811023622047244,17.322834645669293,70.86614173228347,59.055118110236215,11.811023622047244
E00164890,163,42,13,29,121,106,15,25.766871165644172,7.975460122699387,17.791411042944784,74.23312883435584,65.03067484662577,9.202453987730062
E00164891,164,51,17,34,113,97,16,31.097560975609756,10.365853658536585,20.73170731707317,68.90243902439023,59.14634146341463,9.75609756097561
E00164893,117,36,7,29,81,73,8,30.76923076923077,5.982905982905983,24.786324786324787,69.23076923076923,62.39316239316239,6.837606837606838
E00164895,86,25,8,17,61,52,9,29.069767441860467,9.30232558139535,19.767441860465116,70.93023255813954,60.46511627906976,10.465116279069768
E00164896,87,28,11,17,59,51,8,32.18390804597701,12.643678160919542,19.54022988505747,67.81609195402298,58.620689655172406,9.195402298850574
E00164897,87,35,14,21,52,46,6,40.229885057471265,16.091954022988507,24.137931034482758,59.77011494252874,52.87356321839081,6.896551724137931
E00164898,109,42,11,31,67,57,10,38.53211009174312,10.091743119266056,28.440366972477065,61.46788990825688,52.293577981651374,9.174311926605505
E00164899,131,39,13,26,92,79,13,29.770992366412212,9.923664122137405,19.84732824427481,70.22900763358778,60.30534351145038,9.923664122137405
E00164900,156,36,6,30,120,106,14,23.076923076923077,3.8461538461538463,19.230769230769234,76.92307692307693,67.94871794871796,8.974358974358974
E00164901,145,32,4,28,113,100,13,22.06896551724138,2.7586206896551726,19.310344827586206,77.93103448275862,68.96551724137932,8.96551724137931
E00164902,96,37,6,31,59,50,9,38.54166666666667,6.25,32.29166666666667,61.458333333333336,52.083333333333336,9.375
E00164903,110,31,11,20,79,70,9,28.18181818181818,10,18.181818181818183,71.81818181818181,63.63636363636363,8.181818181818182
E00164904,92,31,8,23,61,57,4,33.69565217391305,8.695652173913043,25,66.30434782608695,61.95652173913043,4.3478260869565215
E00164905,141,48,9,39,93,87,6,34.04255319148936,6.382978723404255,27.659574468085108,65.95744680851064,61.702127659574465,4.25531914893617
E00164906,99,34,8,26,65,54,11,34.34343434343434,8.080808080808081,26.262626262626267,65.65656565656566,54.54545454545454,11.11111111111111
E00164907,106,43,8,35,63,55,8,40.56603773584906,7.547169811320755,33.0188679245283,59.43396226415094,51.886792452830186,7.547169811320755
E00164908,247,64,20,44,183,154,29,25.910931174089068,8.097165991902834,17.813765182186234,74.08906882591093,62.34817813765182,11.740890688259109
E00164909,235,79,23,56,156,143,13,33.61702127659574,9.787234042553191,23.829787234042556,66.38297872340425,60.851063829787236,5.531914893617021
E00164910,119,30,10,20,89,82,7,25.210084033613445,8.403361344537815,16.80672268907563,74.78991596638656,68.90756302521008,5.88235294117647
E00164911,120,31,10,21,89,81,8,25.833333333333336,8.333333333333332,17.5,74.16666666666667,67.5,6.666666666666667
E00164912,116,39,10,29,77,68,9,33.62068965517241,8.620689655172415,25,66.37931034482759,58.620689655172406,7.758620689655173
E00164913,200,35,7,28,165,134,31,17.5,3.5000000000000004,14.000000000000002,82.5,67,15.5
E00164914,187,54,17,37,133,110,23,28.87700534759358,9.090909090909092,19.786096256684495,71.12299465240642,58.82352941176471,12.299465240641712
E00164915,168,22,7,15,146,130,16,13.095238095238097,4.166666666666666,8.928571428571429,86.90476190476191,77.38095238095238,9.523809523809524
E00164916,173,36,13,23,137,117,20,20.809248554913296,7.514450867052023,13.294797687861271,79.1907514450867,67.63005780346822,11.560693641618498
E00164917,167,40,16,24,127,114,13,23.952095808383234,9.580838323353294,14.37125748502994,76.04790419161677,68.26347305389223,7.784431137724551
E00164918,158,43,15,28,115,97,18,27.21518987341772,9.49367088607595,17.72151898734177,72.78481012658227,61.39240506329114,11.39240506329114
E00164919,195,49,14,35,146,129,17,25.128205128205128,7.179487179487179,17.94871794871795,74.87179487179488,66.15384615384615,8.717948717948717
E00164920,187,49,14,35,138,116,22,26.203208556149733,7.4866310160427805,18.71657754010695,73.79679144385027,62.03208556149733,11.76470588235294
E00164921,151,35,10,25,116,103,13,23.178807947019866,6.622516556291391,16.55629139072848,76.82119205298014,68.21192052980133,8.609271523178808
E00164922,170,32,8,24,138,114,24,18.823529411764707,4.705882352941177,14.117647058823529,81.17647058823529,67.05882352941175,14.117647058823529
E00164923,207,53,14,39,154,146,8,25.60386473429952,6.763285024154589,18.84057971014493,74.39613526570048,70.53140096618358,3.864734299516908
E00164924,143,43,10,33,100,81,19,30.069930069930066,6.993006993006993,23.076923076923077,69.93006993006993,56.64335664335665,13.286713286713287
E00164925,160,31,13,18,129,119,10,19.375,8.125,11.25,80.625,74.375,6.25
E00164926,258,53,14,39,205,176,29,20.54263565891473,5.426356589147287,15.11627906976744,79.45736434108527,68.21705426356588,11.24031007751938
E00164927,198,40,17,23,158,146,12,20.2020202020202,8.585858585858585,11.616161616161616,79.7979797979798,73.73737373737373,6.0606060606060606
E00164928,197,57,10,47,140,117,23,28.934010152284262,5.0761421319796955,23.85786802030457,71.06598984771574,59.390862944162436,11.6751269035533
E00164929,191,58,15,43,133,105,28,30.36649214659686,7.853403141361256,22.5130890052356,69.63350785340315,54.973821989528794,14.659685863874344
E00164931,176,43,15,28,133,114,19,24.431818181818183,8.522727272727272,15.909090909090908,75.56818181818183,64.77272727272727,10.795454545454545
E00164932,166,51,16,35,115,98,17,30.72289156626506,9.63855421686747,21.084337349397593,69.27710843373494,59.036144578313255,10.240963855421686
E00164933,163,44,10,34,119,110,9,26.993865030674847,6.134969325153374,20.858895705521473,73.00613496932516,67.48466257668711,5.521472392638037
E00164934,172,37,15,22,135,116,19,21.511627906976745,8.720930232558139,12.790697674418606,78.48837209302324,67.44186046511628,11.046511627906977
E00164935,177,53,20,33,124,99,25,29.943502824858758,11.299435028248588,18.64406779661017,70.05649717514125,55.932203389830505,14.124293785310735
E00164936,194,54,20,34,140,126,14,27.835051546391753,10.309278350515463,17.525773195876287,72.16494845360825,64.94845360824742,7.216494845360824
E00164937,177,56,23,33,121,112,9,31.63841807909605,12.994350282485875,18.64406779661017,68.36158192090396,63.2768361581921,5.084745762711865
E00164938,177,28,7,21,149,137,12,15.819209039548024,3.954802259887006,11.864406779661017,84.18079096045197,77.40112994350282,6.779661016949152
E00164939,273,75,23,52,198,173,25,27.472527472527474,8.424908424908425,19.047619047619047,72.52747252747253,63.369963369963365,9.157509157509157
E00164940,176,52,17,35,124,107,17,29.545454545454547,9.659090909090908,19.886363636363637,70.45454545454545,60.79545454545454,9.659090909090908
E00164941,255,73,26,47,182,162,20,28.627450980392155,10.196078431372548,18.43137254901961,71.37254901960785,63.52941176470588,7.8431372549019605
E00164942,167,44,15,29,123,108,15,26.34730538922156,8.982035928143713,17.365269461077844,73.65269461077844,64.67065868263472,8.982035928143713
E00164943,219,64,24,40,155,123,32,29.22374429223744,10.95890410958904,18.2648401826484,70.77625570776256,56.16438356164384,14.61187214611872
E00164944,188,44,11,33,144,126,18,23.404255319148938,5.851063829787234,17.5531914893617,76.59574468085107,67.02127659574468,9.574468085106384
E00164945,154,43,13,30,111,97,14,27.92207792207792,8.441558441558442,19.480519480519483,72.07792207792207,62.98701298701299,9.090909090909092
E00164946,169,43,15,28,126,109,17,25.443786982248522,8.875739644970414,16.56804733727811,74.55621301775149,64.49704142011834,10.059171597633137
E00172257,222,180,129,51,42,32,10,81.08108108108108,58.108108108108105,22.972972972972975,18.91891891891892,14.414414414414415,4.504504504504505
E00172258,72,22,9,13,50,49,1,30.555555555555557,12.5,18.055555555555554,69.44444444444444,68.05555555555556,1.3888888888888888
E00172259,141,31,12,19,110,97,13,21.98581560283688,8.51063829787234,13.47517730496454,78.01418439716312,68.79432624113475,9.219858156028367
E00172261,203,63,37,26,140,129,11,31.03448275862069,18.226600985221676,12.807881773399016,68.96551724137932,63.54679802955665,5.41871921182266
E00172263,158,55,28,27,103,91,12,34.810126582278485,17.72151898734177,17.088607594936708,65.18987341772153,57.59493670886076,7.59493670886076
E00172264,95,33,8,25,62,59,3,34.73684210526316,8.421052631578947,26.31578947368421,65.26315789473685,62.10526315789474,3.1578947368421053
E00172265,109,48,17,31,61,54,7,44.03669724770643,15.59633027522936,28.440366972477065,55.96330275229357,49.54128440366973,6.422018348623854
E00172266,95,31,7,24,64,56,8,32.631578947368425,7.368421052631578,25.263157894736842,67.36842105263158,58.94736842105262,8.421052631578947
E00172267,88,21,6,15,67,55,12,23.863636363636363,6.8181818181818175,17.045454545454543,76.13636363636364,62.5,13.636363636363635
E00172268,122,37,8,29,85,72,13,30.327868852459016,6.557377049180328,23.770491803278688,69.67213114754098,59.01639344262295,10.655737704918032
E00172269,166,50,16,34,116,98,18,30.120481927710845,9.63855421686747,20.481927710843372,69.87951807228916,59.036144578313255,10.843373493975903
E00172270,132,34,11,23,98,82,16,25.757575757575758,8.333333333333332,17.424242424242426,74.24242424242425,62.121212121212125,12.121212121212121
E00172271,115,22,8,14,93,80,13,19.130434782608695,6.956521739130435,12.173913043478262,80.8695652173913,69.56521739130434,11.304347826086957
E00172272,102,34,10,24,68,63,5,33.33333333333333,9.803921568627452,23.52941176470588,66.66666666666666,61.76470588235294,4.901960784313726
E00172274,170,27,9,18,143,124,19,15.88235294117647,5.294117647058823,10.588235294117647,84.11764705882354,72.94117647058823,11.176470588235295
E00181271,162,53,20,33,109,100,9,32.71604938271605,12.345679012345679,20.37037037037037,67.28395061728395,61.72839506172839,5.555555555555555
E00181276,241,68,17,51,173,154,19,28.21576763485477,7.053941908713693,21.16182572614108,71.78423236514523,63.90041493775933,7.883817427385892
E00181285,96,27,12,15,69,55,14,28.125,12.5,15.625,71.875,57.291666666666664,14.583333333333334
E00181288,102,32,12,20,70,56,14,31.372549019607842,11.76470588235294,19.607843137254903,68.62745098039215,54.90196078431373,13.725490196078432
E00181296,229,60,24,36,169,149,20,26.200873362445414,10.480349344978166,15.72052401746725,73.7991266375546,65.06550218340611,8.73362445414847
E00181310,169,31,10,21,138,121,17,18.34319526627219,5.9171597633136095,12.42603550295858,81.65680473372781,71.59763313609467,10.059171597633137
E00181315,130,44,16,28,86,78,8,33.84615384615385,12.307692307692308,21.53846153846154,66.15384615384615,60,6.153846153846154
E00181316,104,11,5,6,93,76,17,10.576923076923077,4.807692307692308,5.769230769230769,89.42307692307693,73.07692307692307,16.346153846153847
E00181323,73,18,6,12,55,43,12,24.65753424657534,8.21917808219178,16.43835616438356,75.34246575342466,58.9041095890411,16.43835616438356
E00181336,54,17,5,12,37,31,6,31.48148148148148,9.25925925925926,22.22222222222222,68.51851851851852,57.407407407407405,11.11111111111111
E00181339,121,29,10,19,92,83,9,23.96694214876033,8.264462809917356,15.702479338842975,76.03305785123968,68.59504132231406,7.43801652892562
E00181344,151,34,9,25,117,103,14,22.516556291390728,5.960264900662252,16.55629139072848,77.48344370860927,68.21192052980133,9.271523178807946
E00181347,73,20,7,13,53,46,7,27.397260273972602,9.58904109589041,17.80821917808219,72.6027397260274,63.013698630136986,9.58904109589041
E00181359,122,29,5,24,93,83,10,23.770491803278688,4.098360655737705,19.672131147540984,76.22950819672131,68.0327868852459,8.19672131147541
E00181369,85,26,9,17,59,50,9,30.58823529411765,10.588235294117647,20,69.41176470588235,58.82352941176471,10.588235294117647
E00181375,37,14,4,10,23,18,5,37.83783783783784,10.81081081081081,27.027027027027028,62.16216216216216,48.64864864864865,13.513513513513514
E00181376,148,32,14,18,116,87,29,21.62162162162162,9.45945945945946,12.162162162162163,78.37837837837837,58.78378378378378,19.594594594594593
E00181379,121,46,22,24,75,59,16,38.01652892561984,18.181818181818183,19.834710743801654,61.98347107438017,48.760330578512395,13.223140495867769
E00181385,130,39,19,20,91,73,18,30,14.615384615384617,15.384615384615385,70,56.15384615384615,13.846153846153847
E00181387,163,36,13,23,127,112,15,22.085889570552148,7.975460122699387,14.11042944785276,77.91411042944786,68.71165644171779,9.202453987730062
E00181390,73,16,4,12,57,53,4,21.91780821917808,5.47945205479452,16.43835616438356,78.08219178082192,72.6027397260274,5.47945205479452
E00181395,154,22,6,16,132,103,29,14.285714285714285,3.896103896103896,10.38961038961039,85.71428571428571,66.88311688311688,18.83116883116883
E00181398,269,80,29,51,189,172,17,29.739776951672862,10.780669144981413,18.95910780669145,70.26022304832715,63.94052044609665,6.319702602230483
E00181405,255,63,15,48,192,157,35,24.705882352941178,5.88235294117647,18.823529411764707,75.29411764705883,61.568627450980394,13.725490196078432
E00181406,200,70,12,58,130,105,25,35,6,28.999999999999996,65,52.5,12.5
E00181407,215,49,21,28,166,147,19,22.790697674418606,9.767441860465116,13.023255813953488,77.20930232558139,68.37209302325581,8.837209302325581
