OA,ts0380001,ts0380002,ts0380003,ts0380004,ts0380005,ts0380006,ts0380007,ts0380002_PCT,ts0380003_PCT,ts0380004_PCT,ts0380005_PCT,ts0380006_PCT,ts0380007_PCT
E00094642,297,62,26,36,235,23,212,20.875420875420875,8.754208754208754,12.121212121212121,79.12457912457911,7.744107744107744,71.38047138047138
E00094643,262,46,15,31,216,18,198,17.557251908396946,5.7251908396946565,11.83206106870229,82.44274809160305,6.870229007633588,75.57251908396947
E00094644,234,86,53,33,148,17,131,36.75213675213676,22.64957264957265,14.102564102564102,63.24786324786324,7.264957264957266,55.98290598290598
E00094645,280,83,39,44,197,22,175,29.642857142857142,13.928571428571429,15.714285714285714,70.35714285714286,7.857142857142857,62.5
E00094646,324,60,22,38,264,25,239,18.51851851851852,6.790123456790123,11.728395061728394,81.48148148148148,7.716049382716049,73.76543209876543
E00094647,280,78,38,40,202,18,184,27.857142857142858,13.571428571428571,14.285714285714285,72.14285714285714,6.428571428571428,65.71428571428571
E00094648,246,48,16,32,198,19,179,19.51219512195122,6.504065040650407,13.008130081300814,80.48780487804879,7.723577235772358,72.76422764227642
E00094650,300,123,50,73,177,18,159,41,16.666666666666664,24.333333333333336,59,6,53
E00094651,346,81,33,48,265,34,231,23.410404624277454,9.53757225433526,13.872832369942195,76.58959537572254,9.826589595375722,66.76300578034682
E00094652,182,35,12,23,147,15,132,19.230769230769234,6.593406593406594,12.637362637362637,80.76923076923077,8.241758241758241,72.52747252747253
E00094653,297,77,39,38,220,17,203,25.925925925925924,13.131313131313133,12.794612794612794,74.07407407407408,5.723905723905724,68.35016835016835
E00094655,495,91,28,63,404,27,377,18.383838383838384,5.656565656565657,12.727272727272727,81.61616161616162,5.454545454545454,76.16161616161617
E00094656,458,90,35,55,368,27,341,19.65065502183406,7.641921397379912,12.008733624454148,80.34934497816593,5.895196506550218,74.45414847161572
E00094657,304,80,33,47,224,25,199,26.31578947368421,10.855263157894738,15.460526315789474,73.68421052631578,8.223684210526317,65.46052631578947
E00094658,293,63,26,37,230,20,210,21.501706484641637,8.873720136518772,12.627986348122866,78.49829351535837,6.825938566552901,71.67235494880546
E00094659,262,52,25,27,210,33,177,19.84732824427481,9.541984732824428,10.305343511450381,80.1526717557252,12.595419847328243,67.55725190839695
E00094660,323,74,23,51,249,26,223,22.910216718266255,7.120743034055728,15.789473684210526,77.08978328173374,8.04953560371517,69.04024767801857
E00094661,361,83,27,56,278,27,251,22.99168975069252,7.479224376731302,15.512465373961218,77.00831024930747,7.479224376731302,69.52908587257618
E00094662,343,72,26,46,271,25,246,20.99125364431487,7.580174927113703,13.411078717201166,79.00874635568513,7.288629737609329,71.7201166180758
E00094663,333,66,25,41,267,28,239,19.81981981981982,7.5075075075075075,12.312312312312311,80.18018018018019,8.408408408408409,71.77177177177178
E00094664,265,59,30,29,206,32,174,22.264150943396228,11.320754716981133,10.943396226415095,77.73584905660378,12.075471698113208,65.66037735849056
E00094665,158,45,15,30,113,11,102,28.48101265822785,9.49367088607595,18.9873417721519,71.51898734177216,6.962025316455696,64.55696202531645
E00094666,323,82,36,46,241,32,209,25.386996904024766,11.145510835913312,14.241486068111456,74.61300309597523,9.907120743034056,64.70588235294117
E00094667,336,83,27,56,253,34,219,24.702380952380953,8.035714285714286,16.666666666666664,75.29761904761905,10.119047619047619,65.17857142857143
E00094668,229,51,25,26,178,27,151,22.270742358078603,10.91703056768559,11.353711790393014,77.72925764192141,11.790393013100436,65.93886462882097
E00094669,250,51,21,30,199,21,178,20.4,8.4,12,79.60000000000001,8.4,71.2
E00094670,305,51,13,38,254,35,219,16.721311475409838,4.2622950819672125,12.459016393442624,83.27868852459017,11.475409836065573,71.80327868852459
E00094671,260,102,57,45,158,5,153,39.23076923076923,21.923076923076923,17.307692307692307,60.76923076923077,1.9230769230769231,58.84615384615385
E00094672,246,62,31,31,184,17,167,25.203252032520325,12.601626016260163,12.601626016260163,74.79674796747967,6.910569105691057,67.88617886178862
E00094673,271,66,23,43,205,17,188,24.354243542435423,8.487084870848708,15.867158671586715,75.64575645756457,6.273062730627306,69.37269372693727
E00094674,273,69,28,41,204,17,187,25.274725274725274,10.256410256410255,15.018315018315018,74.72527472527473,6.227106227106227,68.4981684981685
E00094675,210,42,12,30,168,13,155,20,5.714285714285714,14.285714285714285,80,6.190476190476191,73.80952380952381
E00094676,515,88,30,58,427,41,386,17.0873786407767,5.825242718446602,11.262135922330096,82.91262135922331,7.961165048543689,74.9514563106796
E00094677,414,92,43,49,322,37,285,22.22222222222222,10.38647342995169,11.83574879227053,77.77777777777779,8.937198067632849,68.84057971014492
E00094679,325,75,31,44,250,36,214,23.076923076923077,9.538461538461538,13.538461538461538,76.92307692307693,11.076923076923077,65.84615384615384
E00094680,325,47,16,31,278,30,248,14.461538461538462,4.923076923076923,9.538461538461538,85.53846153846155,9.230769230769232,76.3076923076923
E00094681,324,58,27,31,266,20,246,17.901234567901234,8.333333333333332,9.5679012345679,82.09876543209876,6.172839506172839,75.92592592592592
E00094682,464,88,42,46,376,46,330,18.96551724137931,9.051724137931034,9.913793103448276,81.03448275862068,9.913793103448276,71.12068965517241
E00094683,361,60,18,42,301,41,260,16.62049861495845,4.986149584487535,11.634349030470915,83.37950138504155,11.357340720221606,72.02216066481995
E00094684,400,89,42,47,311,28,283,22.25,10.5,11.75,77.75,7.000000000000001,70.75
E00094685,301,59,18,41,242,28,214,19.601328903654487,5.980066445182724,13.621262458471762,80.39867109634552,9.30232558139535,71.09634551495017
E00094686,356,71,17,54,285,25,260,19.9438202247191,4.775280898876404,15.168539325842698,80.0561797752809,7.02247191011236,73.03370786516854
E00094687,536,155,72,83,381,40,341,28.91791044776119,13.432835820895523,15.485074626865671,71.0820895522388,7.462686567164178,63.61940298507462
E00094688,319,56,27,29,263,35,228,17.55485893416928,8.463949843260188,9.090909090909092,82.44514106583071,10.9717868338558,71.47335423197492
E00094689,372,97,42,55,275,22,253,26.0752688172043,11.29032258064516,14.78494623655914,73.9247311827957,5.913978494623656,68.01075268817203
E00094690,313,66,29,37,247,27,220,21.08626198083067,9.26517571884984,11.821086261980831,78.91373801916933,8.626198083067091,70.28753993610223
E00094691,474,87,34,53,387,40,347,18.354430379746837,7.172995780590717,11.181434599156118,81.64556962025317,8.438818565400844,73.20675105485233
E00094692,300,84,29,55,216,20,196,28.000000000000004,9.666666666666666,18.333333333333332,72,6.666666666666667,65.33333333333333
E00094693,474,102,44,58,372,30,342,21.518987341772153,9.282700421940929,12.236286919831224,78.48101265822784,6.329113924050633,72.15189873417721
E00094694,227,51,18,33,176,15,161,22.46696035242291,7.929515418502203,14.537444933920703,77.5330396475771,6.607929515418502,70.92511013215858
E00094695,232,56,32,24,176,27,149,24.137931034482758,13.793103448275861,10.344827586206897,75.86206896551724,11.637931034482758,64.22413793103449
E00094696,406,68,27,41,338,32,306,16.748768472906402,6.65024630541872,10.098522167487685,83.2512315270936,7.8817733990147785,75.36945812807882
E00094697,332,84,36,48,248,21,227,25.301204819277107,10.843373493975903,14.457831325301203,74.69879518072288,6.325301204819277,68.37349397590361
E00094698,374,68,28,40,306,35,271,18.181818181818183,7.4866310160427805,10.695187165775401,81.81818181818183,9.358288770053475,72.45989304812835
E00094699,354,59,19,40,295,23,272,16.666666666666664,5.367231638418079,11.299435028248588,83.33333333333334,6.497175141242938,76.8361581920904
E00094700,326,53,21,32,273,25,248,16.257668711656443,6.441717791411043,9.815950920245399,83.74233128834356,7.668711656441718,76.07361963190185
E00094701,284,51,23,28,233,27,206,17.95774647887324,8.098591549295776,9.859154929577464,82.04225352112677,9.507042253521126,72.53521126760563
E00094702,172,41,19,22,131,17,114,23.837209302325583,11.046511627906977,12.790697674418606,76.16279069767442,9.883720930232558,66.27906976744185
E00094703,238,99,66,33,139,8,131,41.596638655462186,27.73109243697479,13.865546218487395,58.40336134453782,3.361344537815126,55.04201680672269
E00094704,169,30,16,14,139,15,124,17.75147928994083,9.467455621301776,8.284023668639055,82.24852071005917,8.875739644970414,73.37278106508876
E00094705,176,27,11,16,149,11,138,15.340909090909092,6.25,9.090909090909092,84.6590909090909,6.25,78.4090909090909
E00094706,314,58,23,35,256,31,225,18.471337579617835,7.32484076433121,11.146496815286625,81.52866242038218,9.872611464968154,71.656050955414
E00094707,385,87,39,48,298,34,264,22.597402597402596,10.129870129870131,12.467532467532468,77.40259740259741,8.831168831168831,68.57142857142857
E00094708,163,31,6,25,132,14,118,19.018404907975462,3.6809815950920246,15.337423312883436,80.98159509202453,8.588957055214724,72.39263803680981
E00094709,384,91,41,50,293,19,274,23.697916666666664,10.677083333333332,13.020833333333334,76.30208333333334,4.947916666666666,71.35416666666666
E00094711,303,76,32,44,227,17,210,25.082508250825082,10.561056105610561,14.521452145214523,74.91749174917491,5.6105610561056105,69.3069306930693
E00094712,220,49,23,26,171,14,157,22.272727272727273,10.454545454545453,11.818181818181818,77.72727272727272,6.363636363636363,71.36363636363636
E00094713,246,46,22,24,200,20,180,18.69918699186992,8.94308943089431,9.75609756097561,81.30081300813008,8.130081300813007,73.17073170731707
E00094714,520,98,44,54,422,47,375,18.846153846153847,8.461538461538462,10.384615384615385,81.15384615384616,9.038461538461538,72.11538461538461
E00094715,393,61,22,39,332,36,296,15.521628498727736,5.597964376590331,9.923664122137405,84.47837150127226,9.16030534351145,75.31806615776081
E00094716,360,100,47,53,260,23,237,27.77777777777778,13.055555555555557,14.722222222222223,72.22222222222221,6.388888888888888,65.83333333333333
E00094717,349,44,12,32,305,27,278,12.607449856733524,3.4383954154727796,9.169054441260744,87.39255014326648,7.736389684813753,79.65616045845272
E00094718,229,40,16,24,189,17,172,17.46724890829694,6.986899563318777,10.480349344978166,82.53275109170306,7.423580786026202,75.10917030567686
E00094719,305,50,16,34,255,23,232,16.39344262295082,5.245901639344262,11.147540983606557,83.60655737704919,7.540983606557377,76.0655737704918
E00094720,210,38,13,25,172,15,157,18.095238095238095,6.190476190476191,11.904761904761903,81.9047619047619,7.142857142857142,74.76190476190476
E00094721,177,28,12,16,149,12,137,15.819209039548024,6.779661016949152,9.03954802259887,84.18079096045197,6.779661016949152,77.40112994350282
E00094722,115,13,3,10,102,8,94,11.304347826086957,2.608695652173913,8.695652173913043,88.69565217391305,6.956521739130435,81.73913043478261
E00094723,282,57,25,32,225,14,211,20.212765957446805,8.865248226950355,11.347517730496454,79.7872340425532,4.964539007092199,74.822695035461
E00094724,264,48,17,31,216,26,190,18.181818181818183,6.4393939393939394,11.742424242424242,81.81818181818183,9.848484848484848,71.96969696969697
E00094725,250,74,31,43,176,11,165,29.599999999999998,12.4,17.2,70.39999999999999,4.3999999999999995,66
E00094726,389,65,27,38,324,34,290,16.709511568123396,6.940874035989718,9.768637532133676,83.29048843187661,8.740359897172237,74.55012853470437
E00094727,102,22,8,14,80,13,67,21.568627450980394,7.8431372549019605,13.725490196078432,78.43137254901961,12.745098039215685,65.68627450980392
E00094728,134,17,9,8,117,8,109,12.686567164179104,6.7164179104477615,5.970149253731343,87.31343283582089,5.970149253731343,81.34328358208955
E00094729,186,43,16,27,143,18,125,23.118279569892472,8.60215053763441,14.516129032258066,76.88172043010752,9.67741935483871,67.20430107526882
E00094730,150,34,14,20,116,10,106,22.666666666666664,9.333333333333334,13.333333333333334,77.33333333333333,6.666666666666667,70.66666666666667
E00094731,199,50,25,25,149,10,139,25.125628140703515,12.562814070351758,12.562814070351758,74.87437185929649,5.025125628140704,69.84924623115577
E00094732,291,52,25,27,239,29,210,17.869415807560138,8.59106529209622,9.278350515463918,82.13058419243985,9.965635738831615,72.16494845360825
E00094733,319,70,26,44,249,26,223,21.9435736677116,8.150470219435736,13.793103448275861,78.0564263322884,8.150470219435736,69.90595611285266
E00094734,298,58,21,37,240,20,220,19.463087248322147,7.046979865771812,12.416107382550337,80.53691275167785,6.7114093959731544,73.8255033557047
E00094735,368,81,28,53,287,22,265,22.01086956521739,7.608695652173914,14.402173913043478,77.98913043478261,5.978260869565218,72.01086956521739
E00094736,345,58,17,41,287,12,275,16.81159420289855,4.9275362318840585,11.884057971014492,83.18840579710145,3.4782608695652173,79.71014492753623
E00094737,540,125,55,70,415,35,380,23.14814814814815,10.185185185185185,12.962962962962962,76.85185185185185,6.481481481481481,70.37037037037037
E00094738,390,121,55,66,269,33,236,31.025641025641026,14.102564102564102,16.923076923076923,68.97435897435898,8.461538461538462,60.51282051282051
E00094739,308,95,49,46,213,19,194,30.844155844155846,15.909090909090908,14.935064935064934,69.15584415584416,6.1688311688311686,62.98701298701299
E00094740,530,95,39,56,435,34,401,17.92452830188679,7.3584905660377355,10.566037735849058,82.0754716981132,6.415094339622642,75.66037735849058
E00094741,330,104,65,39,226,16,210,31.515151515151512,19.696969696969695,11.818181818181818,68.48484848484848,4.848484848484849,63.63636363636363
E00094742,334,59,21,38,275,23,252,17.664670658682635,6.287425149700598,11.377245508982035,82.33532934131736,6.88622754491018,75.44910179640718
E00094743,356,115,63,52,241,26,215,32.30337078651686,17.696629213483146,14.606741573033707,67.69662921348315,7.303370786516854,60.39325842696629
E00094744,270,91,47,44,179,14,165,33.7037037037037,17.40740740740741,16.296296296296298,66.2962962962963,5.185185185185185,61.111111111111114
E00094745,225,96,53,43,129,11,118,42.66666666666667,23.555555555555554,19.11111111111111,57.333333333333336,4.888888888888889,52.44444444444445
E00094746,607,104,43,61,503,48,455,17.1334431630972,7.0840197693574956,10.049423393739703,82.8665568369028,7.907742998352553,74.95881383855024
E00094748,278,38,15,23,240,19,221,13.66906474820144,5.39568345323741,8.273381294964029,86.33093525179856,6.83453237410072,79.49640287769785
E00094749,255,71,35,36,184,24,160,27.84313725490196,13.725490196078432,14.117647058823529,72.15686274509804,9.411764705882353,62.745098039215684
E00094750,268,55,24,31,213,23,190,20.522388059701495,8.955223880597014,11.567164179104477,79.47761194029852,8.582089552238806,70.8955223880597
E00094751,400,80,25,55,320,39,281,20,6.25,13.750000000000002,80,9.75,70.25
E00094752,222,44,22,22,178,16,162,19.81981981981982,9.90990990990991,9.90990990990991,80.18018018018019,7.207207207207207,72.97297297297297
E00094753,260,77,29,48,183,18,165,29.615384615384617,11.153846153846155,18.461538461538463,70.38461538461539,6.923076923076923,63.46153846153846
E00094754,338,64,22,42,274,28,246,18.93491124260355,6.508875739644971,12.42603550295858,81.06508875739645,8.284023668639055,72.7810650887574
E00094755,348,82,32,50,266,31,235,23.563218390804597,9.195402298850574,14.367816091954023,76.4367816091954,8.908045977011495,67.52873563218391
E00094756,290,93,39,54,197,19,178,32.068965517241374,13.448275862068964,18.620689655172416,67.93103448275862,6.551724137931035,61.37931034482759
E00094757,270,88,51,37,182,15,167,32.592592592592595,18.88888888888889,13.703703703703704,67.4074074074074,5.555555555555555,61.85185185185185
E00094758,320,94,35,59,226,27,199,29.375,10.9375,18.4375,70.625,8.4375,62.18749999999999
E00094759,416,89,28,61,327,35,292,21.394230769230766,6.730769230769231,14.663461538461538,78.60576923076923,8.413461538461538,70.1923076923077
E00094760,409,114,65,49,295,24,271,27.87286063569682,15.892420537897312,11.98044009779951,72.12713936430319,5.8679706601467,66.25916870415648
E00094761,356,94,35,59,262,27,235,26.40449438202247,9.831460674157304,16.573033707865168,73.59550561797754,7.584269662921349,66.01123595505618
E00094762,226,76,40,36,150,22,128,33.6283185840708,17.699115044247787,15.929203539823009,66.3716814159292,9.734513274336283,56.63716814159292
E00094763,281,93,38,55,188,19,169,33.096085409252666,13.523131672597867,19.572953736654807,66.90391459074732,6.761565836298933,60.14234875444839
E00094764,327,69,23,46,258,23,235,21.100917431192663,7.033639143730887,14.067278287461773,78.89908256880734,7.033639143730887,71.86544342507645
E00094765,183,52,18,34,131,13,118,28.415300546448087,9.836065573770492,18.579234972677597,71.58469945355192,7.103825136612022,64.48087431693989
E00094766,268,48,13,35,220,26,194,17.91044776119403,4.850746268656716,13.059701492537313,82.08955223880598,9.701492537313433,72.38805970149254
E00094767,339,126,80,46,213,15,198,37.16814159292036,23.59882005899705,13.569321533923304,62.83185840707964,4.424778761061947,58.4070796460177
E00094768,268,69,35,34,199,18,181,25.74626865671642,13.059701492537313,12.686567164179104,74.25373134328358,6.7164179104477615,67.53731343283582
E00094769,246,48,18,30,198,31,167,19.51219512195122,7.317073170731707,12.195121951219512,80.48780487804879,12.601626016260163,67.88617886178862
E00094770,205,41,13,28,164,22,142,20,6.341463414634147,13.658536585365855,80,10.731707317073171,69.26829268292683
E00094771,237,58,23,35,179,14,165,24.47257383966245,9.70464135021097,14.767932489451477,75.52742616033755,5.9071729957805905,69.62025316455697
E00094772,177,53,22,31,124,13,111,29.943502824858758,12.429378531073446,17.51412429378531,70.05649717514125,7.344632768361582,62.71186440677966
E00094773,208,43,19,24,165,25,140,20.673076923076923,9.134615384615383,11.538461538461538,79.32692307692307,12.01923076923077,67.3076923076923
E00094774,231,51,15,36,180,21,159,22.07792207792208,6.493506493506493,15.584415584415584,77.92207792207793,9.090909090909092,68.83116883116884
E00094775,346,69,33,36,277,14,263,19.942196531791907,9.53757225433526,10.404624277456648,80.05780346820809,4.046242774566474,76.01156069364163
E00094777,225,44,18,26,181,13,168,19.555555555555557,8,11.555555555555555,80.44444444444444,5.777777777777778,74.66666666666667
E00094778,296,42,16,26,254,15,239,14.18918918918919,5.405405405405405,8.783783783783784,85.8108108108108,5.0675675675675675,80.74324324324324
E00094779,253,64,26,38,189,19,170,25.296442687747035,10.276679841897234,15.019762845849801,74.70355731225297,7.5098814229249005,67.19367588932806
E00094780,242,58,20,38,184,24,160,23.96694214876033,8.264462809917356,15.702479338842975,76.03305785123968,9.917355371900827,66.11570247933885
E00094781,218,30,7,23,188,13,175,13.761467889908257,3.211009174311927,10.550458715596331,86.23853211009175,5.963302752293578,80.27522935779817
E00094782,294,67,46,21,227,25,202,22.789115646258505,15.646258503401361,7.142857142857142,77.21088435374149,8.503401360544217,68.70748299319727
E00094783,182,60,30,30,122,14,108,32.967032967032964,16.483516483516482,16.483516483516482,67.03296703296702,7.6923076923076925,59.34065934065934
E00094784,294,53,21,32,241,23,218,18.027210884353742,7.142857142857142,10.884353741496598,81.97278911564626,7.8231292517006805,74.14965986394559
E00094785,376,73,31,42,303,22,281,19.414893617021274,8.24468085106383,11.170212765957446,80.58510638297872,5.851063829787234,74.7340425531915
E00094786,347,75,29,46,272,23,249,21.613832853025936,8.357348703170029,13.256484149855908,78.38616714697406,6.628242074927954,71.75792507204612
E00094787,281,51,22,29,230,24,206,18.14946619217082,7.829181494661921,10.320284697508896,81.85053380782918,8.540925266903916,73.30960854092527
E00094788,346,82,38,44,264,28,236,23.699421965317917,10.982658959537572,12.716763005780345,76.30057803468208,8.092485549132949,68.20809248554913
E00094789,317,57,21,36,260,26,234,17.981072555205046,6.624605678233439,11.35646687697161,82.01892744479495,8.201892744479496,73.81703470031546
E00094790,274,58,21,37,216,19,197,21.16788321167883,7.664233576642336,13.503649635036496,78.83211678832117,6.934306569343065,71.8978102189781
E00094791,535,97,40,57,438,48,390,18.13084112149533,7.476635514018691,10.654205607476635,81.86915887850468,8.97196261682243,72.89719626168224
E00094792,267,52,11,41,215,17,198,19.475655430711612,4.119850187265917,15.355805243445692,80.52434456928839,6.367041198501873,74.15730337078652
E00094793,425,74,31,43,351,46,305,17.41176470588235,7.294117647058823,10.117647058823529,82.58823529411765,10.823529411764705,71.76470588235294
E00094794,250,53,18,35,197,26,171,21.2,7.199999999999999,14.000000000000002,78.8,10.4,68.4
E00094795,262,78,35,43,184,13,171,29.770992366412212,13.358778625954198,16.412213740458014,70.22900763358778,4.961832061068702,65.2671755725191
E00094796,560,107,32,75,453,50,403,19.107142857142854,5.714285714285714,13.392857142857142,80.89285714285714,8.928571428571429,71.96428571428571
E00094797,328,75,35,40,253,22,231,22.865853658536587,10.670731707317072,12.195121951219512,77.13414634146342,6.707317073170732,70.42682926829268
E00094798,312,77,27,50,235,13,222,24.679487179487182,8.653846153846153,16.025641025641026,75.32051282051282,4.166666666666666,71.15384615384616
E00094799,359,79,28,51,280,42,238,22.00557103064067,7.7994428969359335,14.206128133704734,77.99442896935933,11.699164345403899,66.29526462395543
E00094800,286,82,33,49,204,20,184,28.671328671328673,11.538461538461538,17.132867132867133,71.32867132867133,6.993006993006993,64.33566433566433
E00094801,374,57,19,38,317,29,288,15.240641711229946,5.080213903743315,10.16042780748663,84.75935828877004,7.754010695187167,77.00534759358288
E00094802,329,74,25,49,255,18,237,22.492401215805472,7.598784194528875,14.893617021276595,77.50759878419453,5.47112462006079,72.03647416413374
E00094803,299,59,29,30,240,24,216,19.732441471571907,9.698996655518394,10.033444816053512,80.2675585284281,8.02675585284281,72.24080267558529
E00094804,324,50,18,32,274,41,233,15.432098765432098,5.555555555555555,9.876543209876543,84.5679012345679,12.654320987654321,71.91358024691358
E00094805,362,68,33,35,294,25,269,18.784530386740332,9.116022099447514,9.668508287292818,81.21546961325967,6.906077348066299,74.30939226519338
E00094806,258,55,23,32,203,15,188,21.31782945736434,8.914728682170542,12.4031007751938,78.68217054263566,5.813953488372093,72.86821705426357
E00094807,504,94,37,57,410,43,367,18.650793650793652,7.341269841269842,11.30952380952381,81.34920634920636,8.531746031746032,72.81746031746032
E00094808,323,95,39,56,228,20,208,29.411764705882355,12.074303405572756,17.3374613003096,70.58823529411765,6.191950464396285,64.39628482972137
E00094809,294,64,25,39,230,25,205,21.768707482993197,8.503401360544217,13.26530612244898,78.2312925170068,8.503401360544217,69.72789115646259
E00094810,234,66,34,32,168,12,156,28.205128205128204,14.529914529914532,13.675213675213676,71.7948717948718,5.128205128205128,66.66666666666666
E00094811,271,58,30,28,213,31,182,21.40221402214022,11.07011070110701,10.33210332103321,78.59778597785979,11.439114391143912,67.15867158671587
E00094812,167,34,13,21,133,8,125,20.359281437125748,7.784431137724551,12.574850299401197,79.64071856287424,4.790419161676647,74.8502994011976
E00094813,202,51,18,33,151,19,132,25.247524752475247,8.91089108910891,16.33663366336634,74.75247524752476,9.405940594059405,65.34653465346535
E00094814,345,61,23,38,284,23,261,17.681159420289855,6.666666666666667,11.014492753623188,82.31884057971014,6.666666666666667,75.65217391304347
E00094815,196,54,28,26,142,13,129,27.55102040816326,14.285714285714285,13.26530612244898,72.44897959183673,6.63265306122449,65.81632653061224
E00094816,175,32,10,22,143,15,128,18.285714285714285,5.714285714285714,12.571428571428573,81.71428571428572,8.571428571428571,73.14285714285714
E00094817,380,68,25,43,312,33,279,17.894736842105264,6.578947368421052,11.31578947368421,82.10526315789474,8.68421052631579,73.42105263157895
E00094818,329,61,16,45,268,32,236,18.541033434650455,4.86322188449848,13.677811550151976,81.45896656534954,9.72644376899696,71.73252279635258
E00094819,279,62,24,38,217,12,205,22.22222222222222,8.60215053763441,13.620071684587815,77.77777777777779,4.301075268817205,73.47670250896059
E00094820,292,65,22,43,227,24,203,22.26027397260274,7.534246575342466,14.726027397260275,77.73972602739725,8.21917808219178,69.52054794520548
E00094821,256,50,17,33,206,27,179,19.53125,6.640625,12.890625,80.46875,10.546875,69.921875
E00094822,336,65,27,38,271,28,243,19.345238095238095,8.035714285714286,11.30952380952381,80.65476190476191,8.333333333333332,72.32142857142857
E00094823,291,68,31,37,223,27,196,23.367697594501717,10.652920962199312,12.714776632302405,76.6323024054983,9.278350515463918,67.35395189003437
E00094824,313,85,44,41,228,26,202,27.15654952076677,14.057507987220447,13.099041533546327,72.84345047923323,8.30670926517572,64.5367412140575
E00094825,304,58,23,35,246,23,223,19.078947368421055,7.565789473684211,11.513157894736842,80.92105263157895,7.565789473684211,73.35526315789474
E00094826,334,70,31,39,264,23,241,20.958083832335326,9.281437125748502,11.676646706586826,79.04191616766467,6.88622754491018,72.15568862275448
E00094827,250,72,42,30,178,21,157,28.799999999999997,16.8,12,71.2,8.4,62.8
E00094828,279,58,29,29,221,22,199,20.78853046594982,10.39426523297491,10.39426523297491,79.21146953405018,7.885304659498208,71.32616487455196
E00094829,309,60,24,36,249,26,223,19.41747572815534,7.766990291262135,11.650485436893204,80.58252427184466,8.414239482200648,72.168284789644
E00094830,327,59,24,35,268,27,241,18.04281345565749,7.339449541284404,10.703363914373089,81.9571865443425,8.256880733944955,73.70030581039755
E00094831,347,66,23,43,281,34,247,19.020172910662826,6.628242074927954,12.39193083573487,80.97982708933718,9.798270893371757,71.18155619596543
E00094832,259,41,12,29,218,29,189,15.83011583011583,4.633204633204633,11.196911196911197,84.16988416988417,11.196911196911197,72.97297297297297
E00094833,479,81,37,44,398,26,372,16.910229645093946,7.724425887265135,9.18580375782881,83.08977035490605,5.427974947807933,77.66179540709813
E00094834,331,73,25,48,258,29,229,22.054380664652566,7.552870090634441,14.501510574018129,77.94561933534743,8.761329305135952,69.18429003021149
E00094835,125,25,10,15,100,8,92,20,8,12,80,6.4,73.6
E00094836,299,50,18,32,249,17,232,16.722408026755854,6.0200668896321075,10.702341137123746,83.27759197324414,5.68561872909699,77.59197324414716
E00094837,267,56,25,31,211,17,194,20.973782771535582,9.363295880149813,11.610486891385769,79.02621722846442,6.367041198501873,72.65917602996255
E00094838,232,52,19,33,180,19,161,22.413793103448278,8.189655172413794,14.224137931034484,77.58620689655173,8.189655172413794,69.39655172413794
E00094839,196,54,24,30,142,13,129,27.55102040816326,12.244897959183673,15.306122448979592,72.44897959183673,6.63265306122449,65.81632653061224
E00094840,302,50,28,22,252,24,228,16.55629139072848,9.271523178807946,7.28476821192053,83.44370860927152,7.9470198675496695,75.49668874172185
E00094841,324,70,30,40,254,25,229,21.604938271604937,9.25925925925926,12.345679012345679,78.39506172839506,7.716049382716049,70.67901234567901
E00094843,342,37,14,23,305,22,283,10.818713450292398,4.093567251461988,6.725146198830409,89.18128654970761,6.432748538011696,82.7485380116959
E00094844,409,86,38,48,323,28,295,21.026894865525673,9.290953545232274,11.7359413202934,78.97310513447434,6.845965770171149,72.12713936430319
E00094845,246,62,25,37,184,17,167,25.203252032520325,10.16260162601626,15.040650406504067,74.79674796747967,6.910569105691057,67.88617886178862
E00094846,220,73,35,38,147,18,129,33.18181818181819,15.909090909090908,17.272727272727273,66.81818181818183,8.181818181818182,58.63636363636363
E00094847,304,104,56,48,200,20,180,34.21052631578947,18.421052631578945,15.789473684210526,65.78947368421053,6.578947368421052,59.210526315789465
E00094848,297,58,28,30,239,24,215,19.52861952861953,9.427609427609427,10.1010101010101,80.47138047138047,8.080808080808081,72.39057239057239
E00094849,238,88,44,44,150,11,139,36.97478991596639,18.487394957983195,18.487394957983195,63.02521008403361,4.621848739495799,58.40336134453782
E00094850,289,57,21,36,232,20,212,19.72318339100346,7.26643598615917,12.45674740484429,80.27681660899654,6.920415224913495,73.35640138408304
E00094851,242,41,20,21,201,16,185,16.94214876033058,8.264462809917356,8.677685950413224,83.05785123966942,6.6115702479338845,76.44628099173553
E00094852,358,99,55,44,259,22,237,27.6536312849162,15.363128491620111,12.290502793296088,72.3463687150838,6.145251396648044,66.20111731843575
E00094853,258,46,24,22,212,26,186,17.829457364341085,9.30232558139535,8.527131782945736,82.17054263565892,10.077519379844961,72.09302325581395
E00094854,266,41,12,29,225,28,197,15.413533834586465,4.511278195488721,10.902255639097744,84.58646616541353,10.526315789473683,74.06015037593986
E00094855,266,59,19,40,207,18,189,22.18045112781955,7.142857142857142,15.037593984962406,77.81954887218046,6.7669172932330826,71.05263157894737
E00094856,262,64,29,35,198,21,177,24.427480916030532,11.068702290076336,13.358778625954198,75.57251908396947,8.015267175572518,67.55725190839695
E00094857,289,99,58,41,190,16,174,34.2560553633218,20.069204152249135,14.186851211072666,65.7439446366782,5.536332179930796,60.207612456747405
E00094858,261,74,26,48,187,19,168,28.35249042145594,9.961685823754788,18.39080459770115,71.64750957854406,7.2796934865900385,64.36781609195403
E00094859,358,62,21,41,296,26,270,17.318435754189945,5.865921787709497,11.452513966480447,82.68156424581005,7.262569832402235,75.41899441340783
E00094860,404,92,53,39,312,39,273,22.772277227722775,13.118811881188119,9.653465346534654,77.22772277227723,9.653465346534654,67.57425742574257
E00094861,295,66,28,38,229,19,210,22.372881355932204,9.491525423728813,12.88135593220339,77.62711864406779,6.440677966101695,71.1864406779661
E00094862,299,70,25,45,229,30,199,23.411371237458194,8.361204013377927,15.050167224080269,76.58862876254182,10.033444816053512,66.5551839464883
E00094863,301,39,16,23,262,30,232,12.956810631229235,5.3156146179401995,7.641196013289036,87.04318936877077,9.966777408637874,77.0764119601329
E00094864,311,82,37,45,229,25,204,26.366559485530544,11.89710610932476,14.469453376205788,73.63344051446946,8.038585209003216,65.59485530546624
E00094865,311,55,26,29,256,23,233,17.684887459807076,8.360128617363344,9.32475884244373,82.31511254019293,7.395498392282958,74.91961414790997
E00094867,287,65,25,40,222,31,191,22.64808362369338,8.710801393728223,13.937282229965156,77.35191637630662,10.801393728222997,66.55052264808361
E00094868,363,80,46,34,283,27,256,22.03856749311295,12.672176308539946,9.366391184573002,77.96143250688705,7.43801652892562,70.52341597796143
E00094869,275,72,31,41,203,20,183,26.181818181818183,11.272727272727273,14.909090909090908,73.81818181818181,7.2727272727272725,66.54545454545455
E00094870,349,97,49,48,252,23,229,27.793696275071632,14.040114613180515,13.753581661891118,72.20630372492836,6.59025787965616,65.61604584527221
E00094871,314,68,26,42,246,24,222,21.656050955414013,8.280254777070063,13.375796178343949,78.343949044586,7.643312101910828,70.70063694267516
E00094872,268,42,7,35,226,18,208,15.671641791044777,2.6119402985074625,13.059701492537313,84.32835820895522,6.7164179104477615,77.61194029850746
E00094873,188,52,25,27,136,20,116,27.659574468085108,13.297872340425531,14.361702127659576,72.3404255319149,10.638297872340425,61.702127659574465
E00094874,311,60,22,38,251,30,221,19.292604501607716,7.07395498392283,12.218649517684888,80.70739549839229,9.646302250803858,71.06109324758843
E00094875,227,58,24,34,169,23,146,25.55066079295154,10.572687224669604,14.977973568281937,74.44933920704845,10.13215859030837,64.31718061674009
E00094876,294,61,28,33,233,24,209,20.74829931972789,9.523809523809524,11.224489795918368,79.25170068027211,8.16326530612245,71.08843537414967
E00094877,319,74,33,41,245,20,225,23.197492163009404,10.344827586206897,12.852664576802509,76.8025078369906,6.269592476489027,70.53291536050156
E00094878,321,87,48,39,234,30,204,27.102803738317753,14.953271028037381,12.149532710280374,72.89719626168224,9.345794392523365,63.55140186915887
E00094879,306,74,32,42,232,18,214,24.183006535947712,10.457516339869281,13.725490196078432,75.81699346405229,5.88235294117647,69.93464052287581
E00094880,323,51,13,38,272,31,241,15.789473684210526,4.024767801857585,11.76470588235294,84.21052631578947,9.597523219814242,74.61300309597523
E00094881,266,50,19,31,216,29,187,18.796992481203006,7.142857142857142,11.654135338345863,81.203007518797,10.902255639097744,70.30075187969925
E00094882,300,56,22,34,244,24,220,18.666666666666668,7.333333333333333,11.333333333333332,81.33333333333333,8,73.33333333333333
E00094883,305,54,14,40,251,25,226,17.704918032786885,4.590163934426229,13.114754098360656,82.29508196721311,8.19672131147541,74.09836065573771
E00094884,278,40,14,26,238,31,207,14.388489208633093,5.0359712230215825,9.352517985611511,85.61151079136691,11.151079136690647,74.46043165467626
E00094885,231,50,19,31,181,16,165,21.645021645021643,8.225108225108226,13.41991341991342,78.35497835497836,6.926406926406926,71.42857142857143
E00094886,288,40,12,28,248,19,229,13.88888888888889,4.166666666666666,9.722222222222223,86.11111111111111,6.597222222222222,79.51388888888889
E00094887,309,39,11,28,270,23,247,12.62135922330097,3.559870550161812,9.06148867313916,87.37864077669903,7.443365695792881,79.93527508090615
E00094888,310,76,27,49,234,29,205,24.516129032258064,8.709677419354838,15.806451612903224,75.48387096774194,9.35483870967742,66.12903225806451
E00094889,253,62,27,35,191,21,170,24.50592885375494,10.67193675889328,13.83399209486166,75.49407114624506,8.300395256916996,67.19367588932806
E00094890,369,74,29,45,295,34,261,20.05420054200542,7.8590785907859075,12.195121951219512,79.94579945799458,9.214092140921409,70.73170731707317
E00094891,325,79,32,47,246,18,228,24.307692307692307,9.846153846153847,14.461538461538462,75.6923076923077,5.538461538461538,70.15384615384616
E00094892,302,117,63,54,185,17,168,38.741721854304636,20.86092715231788,17.880794701986755,61.258278145695364,5.629139072847682,55.62913907284768
E00094893,248,60,22,38,188,23,165,24.193548387096776,8.870967741935484,15.32258064516129,75.80645161290323,9.274193548387096,66.53225806451613
E00094894,243,74,35,39,169,21,148,30.45267489711934,14.40329218106996,16.049382716049383,69.54732510288066,8.641975308641975,60.90534979423868
E00094895,297,55,28,27,242,20,222,18.51851851851852,9.427609427609427,9.090909090909092,81.48148148148148,6.7340067340067336,74.74747474747475
E00094896,294,63,29,34,231,30,201,21.428571428571427,9.863945578231291,11.564625850340136,78.57142857142857,10.204081632653061,68.36734693877551
E00094897,250,61,25,36,189,17,172,24.4,10,14.399999999999999,75.6,6.800000000000001,68.8
E00094898,293,75,35,40,218,22,196,25.597269624573375,11.945392491467576,13.651877133105803,74.40273037542661,7.508532423208192,66.89419795221842
E00094899,306,65,35,30,241,18,223,21.241830065359476,11.437908496732026,9.803921568627452,78.75816993464052,5.88235294117647,72.87581699346404
E00094900,303,92,42,50,211,18,193,30.363036303630363,13.861386138613863,16.5016501650165,69.63696369636963,5.9405940594059405,63.6963696369637
E00094901,294,95,59,36,199,17,182,32.31292517006803,20.068027210884352,12.244897959183673,67.68707482993197,5.782312925170068,61.904761904761905
E00094902,282,72,26,46,210,19,191,25.53191489361702,9.219858156028367,16.312056737588655,74.46808510638297,6.73758865248227,67.73049645390071
E00094903,287,57,18,39,230,20,210,19.860627177700348,6.2717770034843205,13.588850174216027,80.13937282229965,6.968641114982578,73.17073170731707
E00094904,301,47,13,34,254,20,234,15.614617940199334,4.318936877076411,11.295681063122924,84.38538205980066,6.64451827242525,77.74086378737542
E00094905,279,53,18,35,226,27,199,18.996415770609318,6.451612903225806,12.544802867383511,81.00358422939068,9.67741935483871,71.32616487455196
E00094906,238,47,21,26,191,18,173,19.747899159663866,8.823529411764707,10.92436974789916,80.25210084033614,7.563025210084033,72.68907563025209
E00094907,370,63,27,36,307,28,279,17.027027027027028,7.297297297297297,9.72972972972973,82.97297297297297,7.567567567567568,75.4054054054054
E00094908,312,55,20,35,257,21,236,17.628205128205128,6.41025641025641,11.217948717948719,82.37179487179486,6.730769230769231,75.64102564102564
E00094909,282,62,25,37,220,19,201,21.98581560283688,8.865248226950355,13.120567375886525,78.01418439716312,6.73758865248227,71.27659574468085
E00094910,293,46,12,34,247,21,226,15.699658703071673,4.09556313993174,11.604095563139932,84.30034129692832,7.167235494880546,77.13310580204778
E00094911,250,51,22,29,199,19,180,20.4,8.799999999999999,11.600000000000001,79.60000000000001,7.6,72
E00094912,252,51,23,28,201,29,172,20.238095238095237,9.126984126984127,11.11111111111111,79.76190476190477,11.507936507936508,68.25396825396825
E00094913,217,45,20,25,172,18,154,20.737327188940093,9.216589861751153,11.52073732718894,79.26267281105991,8.294930875576037,70.96774193548387
E00094914,301,63,23,40,238,23,215,20.930232558139537,7.641196013289036,13.2890365448505,79.06976744186046,7.641196013289036,71.42857142857143
E00094915,260,34,11,23,226,23,203,13.076923076923078,4.230769230769231,8.846153846153847,86.92307692307692,8.846153846153847,78.07692307692308
E00094916,243,76,31,45,167,25,142,31.275720164609055,12.757201646090536,18.51851851851852,68.72427983539094,10.2880658436214,58.43621399176955
E00094917,308,44,15,29,264,30,234,14.285714285714285,4.870129870129871,9.415584415584416,85.71428571428571,9.740259740259742,75.97402597402598
E00094918,362,102,50,52,260,34,226,28.176795580110497,13.812154696132598,14.3646408839779,71.8232044198895,9.392265193370166,62.430939226519335
E00094919,175,56,21,35,119,19,100,32,12,20,68,10.857142857142858,57.14285714285714
E00094920,311,87,41,46,224,25,199,27.974276527331188,13.183279742765272,14.790996784565916,72.02572347266882,8.038585209003216,63.9871382636656
E00094921,213,35,11,24,178,24,154,16.431924882629108,5.164319248826291,11.267605633802818,83.56807511737088,11.267605633802818,72.30046948356808
E00094922,385,47,16,31,338,25,313,12.207792207792208,4.1558441558441555,8.051948051948052,87.79220779220779,6.493506493506493,81.2987012987013
E00094923,334,63,17,46,271,28,243,18.862275449101794,5.089820359281437,13.77245508982036,81.1377245508982,8.383233532934131,72.75449101796407
E00094924,291,52,18,34,239,20,219,17.869415807560138,6.185567010309279,11.683848797250858,82.13058419243985,6.872852233676976,75.25773195876289
E00094925,382,64,16,48,318,30,288,16.75392670157068,4.18848167539267,12.56544502617801,83.24607329842932,7.853403141361256,75.39267015706807
E00094926,292,71,38,33,221,27,194,24.315068493150687,13.013698630136986,11.301369863013697,75.68493150684932,9.246575342465754,66.43835616438356
E00094927,272,57,18,39,215,21,194,20.955882352941178,6.61764705882353,14.338235294117647,79.04411764705883,7.720588235294118,71.32352941176471
E00094928,263,57,23,34,206,20,186,21.673003802281368,8.745247148288973,12.927756653992395,78.32699619771863,7.604562737642586,70.72243346007605
E00094929,380,61,13,48,319,30,289,16.05263157894737,3.421052631578948,12.631578947368421,83.94736842105263,7.894736842105263,76.05263157894737
E00094930,337,63,19,44,274,25,249,18.694362017804153,5.637982195845697,13.056379821958458,81.30563798219585,7.418397626112759,73.88724035608308
E00094932,324,58,15,43,266,42,224,17.901234567901234,4.62962962962963,13.271604938271606,82.09876543209876,12.962962962962962,69.1358024691358
E00094933,281,62,26,36,219,28,191,22.064056939501782,9.252669039145907,12.811387900355871,77.93594306049823,9.9644128113879,67.97153024911033
E00094934,295,55,12,43,240,31,209,18.64406779661017,4.067796610169491,14.576271186440678,81.35593220338984,10.508474576271185,70.84745762711864
E00094935,390,38,11,27,352,30,322,9.7435897435897445,2.8205128205128207,6.923076923076923,90.25641025641026,7.6923076923076925,82.564102564102555
E00094936,261,46,12,34,215,22,193,17.624521072796934,4.597701149425287,13.026819923371647,82.37547892720306,8.42911877394636,73.9463601532567
E00094937,288,66,37,29,222,28,194,22.916666666666664,12.847222222222221,10.069444444444445,77.08333333333334,9.722222222222223,67.36111111111111
E00094938,322,64,26,38,258,19,239,19.875776397515526,8.074534161490684,11.801242236024844,80.12422360248446,5.900621118012422,74.22360248447205
E00094939,268,43,16,27,225,32,193,16.044776119402986,5.970149253731343,10.074626865671641,83.95522388059702,11.940298507462686,72.01492537313433
E00094940,406,104,62,42,302,25,277,25.615763546798032,15.270935960591133,10.344827586206897,74.38423645320196,6.157635467980295,68.22660098522168
E00094941,267,34,12,22,233,29,204,12.734082397003746,4.49438202247191,8.239700374531834,87.26591760299625,10.861423220973784,76.40449438202246
E00094942,268,69,29,40,199,22,177,25.74626865671642,10.820895522388058,14.925373134328357,74.25373134328358,8.208955223880597,66.04477611940298
E00094943,269,24,10,14,245,20,225,8.921933085501859,3.717472118959108,5.204460966542751,91.07806691449815,7.434944237918216,83.64312267657994
E00094944,312,44,22,22,268,32,236,14.102564102564102,7.051282051282051,7.051282051282051,85.8974358974359,10.256410256410255,75.64102564102564
E00094945,247,57,17,40,190,16,174,23.076923076923077,6.882591093117409,16.194331983805668,76.92307692307693,6.477732793522267,70.44534412955466
E00094946,245,56,17,39,189,18,171,22.857142857142858,6.938775510204081,15.918367346938775,77.14285714285715,7.346938775510205,69.79591836734694
E00094947,292,35,6,29,257,19,238,11.986301369863012,2.054794520547945,9.931506849315069,88.01369863013699,6.506849315068493,81.5068493150685
E00094948,228,45,13,32,183,20,163,19.736842105263158,5.701754385964912,14.035087719298245,80.26315789473685,8.771929824561402,71.49122807017544
E00094950,275,47,16,31,228,22,206,17.09090909090909,5.818181818181818,11.272727272727273,82.9090909090909,8,74.90909090909092
E00094951,318,51,17,34,267,30,237,16.037735849056602,5.345911949685535,10.69182389937107,83.9622641509434,9.433962264150944,74.52830188679245
E00094952,382,119,62,57,263,21,242,31.151832460732987,16.230366492146597,14.921465968586386,68.84816753926701,5.49738219895288,63.35078534031413
E00094953,195,61,26,35,134,10,124,31.28205128205128,13.333333333333334,17.94871794871795,68.71794871794872,5.128205128205128,63.589743589743584
E00094954,172,74,34,40,98,17,81,43.02325581395349,19.767441860465116,23.25581395348837,56.97674418604651,9.883720930232558,47.093023255813954
E00094955,253,58,19,39,195,23,172,22.92490118577075,7.5098814229249005,15.41501976284585,77.07509881422925,9.090909090909092,67.98418972332016
E00094956,298,70,40,30,228,29,199,23.48993288590604,13.422818791946309,10.06711409395973,76.51006711409396,9.731543624161073,66.77852348993288
E00094958,334,97,43,54,237,26,211,29.041916167664674,12.874251497005988,16.16766467065868,70.95808383233533,7.784431137724551,63.17365269461078
E00094959,215,38,17,21,177,26,151,17.674418604651162,7.906976744186046,9.767441860465116,82.32558139534883,12.093023255813954,70.23255813953489
E00094960,541,66,20,46,475,42,433,12.199630314232902,3.6968576709796674,8.502772643253234,87.8003696857671,7.763401109057301,80.0369685767098
E00094961,326,28,9,19,298,21,277,8.588957055214724,2.7607361963190185,5.828220858895705,91.41104294478528,6.441717791411043,84.96932515337423
E00094962,305,58,27,31,247,20,227,19.01639344262295,8.852459016393443,10.163934426229508,80.98360655737706,6.557377049180328,74.42622950819671
E00094963,327,46,11,35,281,27,254,14.067278287461773,3.3639143730886847,10.703363914373089,85.93272171253822,8.256880733944955,77.67584097859327
E00094964,249,38,11,27,211,12,199,15.261044176706829,4.417670682730924,10.843373493975903,84.73895582329317,4.819277108433735,79.91967871485943
E00094966,358,58,28,30,300,29,271,16.201117318435752,7.82122905027933,8.379888268156424,83.79888268156425,8.100558659217876,75.69832402234637
E00094967,288,57,20,37,231,17,214,19.791666666666664,6.944444444444445,12.847222222222221,80.20833333333334,5.902777777777778,74.30555555555556
E00094968,326,43,21,22,283,33,250,13.190184049079754,6.441717791411043,6.748466257668712,86.80981595092024,10.122699386503067,76.68711656441718
E00094969,249,40,15,25,209,16,193,16.06425702811245,6.024096385542169,10.040160642570282,83.93574297188755,6.425702811244979,77.51004016064257
E00094970,291,59,19,40,232,22,210,20.274914089347078,6.529209621993128,13.745704467353953,79.72508591065292,7.560137457044673,72.16494845360825
E00094971,257,44,17,27,213,22,191,17.120622568093385,6.614785992217899,10.505836575875486,82.87937743190662,8.560311284046692,74.31906614785993
E00094972,330,60,21,39,270,18,252,18.181818181818183,6.363636363636363,11.818181818181818,81.81818181818183,5.454545454545454,76.36363636363637
E00094973,261,48,14,34,213,19,194,18.39080459770115,5.363984674329502,13.026819923371647,81.60919540229885,7.2796934865900385,74.32950191570882
E00094974,307,54,19,35,253,33,220,17.58957654723127,6.188925081433225,11.400651465798045,82.41042345276874,10.749185667752444,71.66123778501628
E00094975,271,47,15,32,224,23,201,17.343173431734318,5.535055350553505,11.808118081180812,82.65682656826569,8.487084870848708,74.16974169741697
E00094977,265,63,22,41,202,13,189,23.77358490566038,8.30188679245283,15.471698113207546,76.22641509433963,4.905660377358491,71.32075471698113
E00094978,462,95,37,58,367,29,338,20.562770562770563,8.008658008658008,12.554112554112553,79.43722943722943,6.2770562770562766,73.16017316017316
E00094979,315,65,35,30,250,28,222,20.634920634920633,11.11111111111111,9.523809523809524,79.36507936507937,8.88888888888889,70.47619047619048
E00094980,500,61,19,42,439,29,410,12.2,3.8,8.4,87.8,5.800000000000001,82
E00094981,515,83,25,58,432,43,389,16.116504854368934,4.854368932038835,11.262135922330096,83.88349514563107,8.349514563106796,75.53398058252428
E00094982,273,66,20,46,207,15,192,24.175824175824175,7.326007326007327,16.84981684981685,75.82417582417582,5.4945054945054945,70.32967032967034
E00094983,403,69,21,48,334,20,314,17.121588089330025,5.2109181141439205,11.910669975186105,82.87841191066998,4.962779156327544,77.91563275434244
E00094984,149,25,10,15,124,14,110,16.778523489932887,6.7114093959731544,10.06711409395973,83.22147651006712,9.395973154362416,73.8255033557047
E00094985,245,43,13,30,202,23,179,17.551020408163264,5.3061224489795915,12.244897959183673,82.44897959183673,9.387755102040817,73.06122448979592
E00094986,275,76,36,40,199,12,187,27.636363636363637,13.090909090909092,14.545454545454545,72.36363636363636,4.363636363636364,68
E00094987,294,76,36,40,218,30,188,25.850340136054424,12.244897959183673,13.60544217687075,74.14965986394559,10.204081632653061,63.94557823129252
E00094988,248,51,20,31,197,30,167,20.56451612903226,8.064516129032258,12.5,79.43548387096774,12.096774193548388,67.33870967741935
E00094989,384,71,29,42,313,33,280,18.489583333333336,7.552083333333333,10.9375,81.51041666666666,8.59375,72.91666666666666
E00094990,283,63,26,37,220,22,198,22.261484098939928,9.187279151943462,13.074204946996467,77.73851590106007,7.773851590106007,69.96466431095406
E00094991,267,43,19,24,224,27,197,16.10486891385768,7.116104868913857,8.98876404494382,83.89513108614233,10.112359550561797,73.78277153558052
E00094992,254,58,26,32,196,33,163,22.83464566929134,10.236220472440944,12.598425196850393,77.16535433070865,12.992125984251967,64.1732283464567
E00094993,317,46,21,25,271,30,241,14.511041009463725,6.624605678233439,7.886435331230284,85.48895899053628,9.46372239747634,76.02523659305994
E00094994,242,42,15,27,200,32,168,17.355371900826448,6.198347107438017,11.15702479338843,82.64462809917356,13.223140495867769,69.42148760330579
E00094995,354,61,20,41,293,22,271,17.231638418079097,5.649717514124294,11.581920903954803,82.7683615819209,6.214689265536723,76.55367231638418
E00094996,287,40,14,26,247,29,218,13.937282229965156,4.878048780487805,9.059233449477352,86.06271777003485,10.104529616724738,75.9581881533101
E00094997,271,42,16,26,229,20,209,15.498154981549817,5.904059040590406,9.59409594095941,84.50184501845018,7.380073800738007,77.12177121771218
E00094998,373,65,26,39,308,31,277,17.426273458445042,6.970509383378016,10.455764075067025,82.57372654155496,8.310991957104557,74.26273458445041
E00094999,377,53,19,34,324,33,291,14.058355437665782,5.039787798408488,9.018567639257293,85.94164456233422,8.753315649867375,77.18832891246684
E00095000,296,64,19,45,232,27,205,21.62162162162162,6.418918918918918,15.202702702702704,78.37837837837837,9.121621621621621,69.25675675675676
E00095001,237,53,21,32,184,22,162,22.362869198312236,8.860759493670885,13.502109704641349,77.63713080168776,9.282700421940929,68.35443037974683
E00095002,321,77,37,40,244,21,223,23.98753894080997,11.526479750778815,12.461059190031152,76.01246105919003,6.5420560747663545,69.47040498442367
E00095003,302,68,27,41,234,22,212,22.516556291390728,8.940397350993377,13.57615894039735,77.48344370860927,7.28476821192053,70.19867549668875
E00095004,317,73,32,41,244,16,228,23.02839116719243,10.094637223974763,12.933753943217665,76.97160883280758,5.047318611987381,71.92429022082018
E00095005,288,69,25,44,219,25,194,23.958333333333336,8.680555555555555,15.277777777777779,76.04166666666666,8.680555555555555,67.36111111111111
E00095006,295,57,19,38,238,20,218,19.322033898305087,6.440677966101695,12.88135593220339,80.67796610169492,6.779661016949152,73.89830508474576
E00095007,348,61,22,39,287,24,263,17.52873563218391,6.321839080459771,11.206896551724139,82.47126436781609,6.896551724137931,75.57471264367817
E00095008,217,42,18,24,175,26,149,19.35483870967742,8.294930875576037,11.059907834101383,80.64516129032258,11.981566820276496,68.66359447004609
E00095009,409,75,31,44,334,36,298,18.337408312958438,7.579462102689487,10.757946210268948,81.66259168704157,8.80195599022005,72.86063569682152
E00095010,359,44,12,32,315,26,289,12.256267409470752,3.3426183844011144,8.913649025069638,87.74373259052925,7.242339832869081,80.50139275766016
E00095011,357,50,11,39,307,21,286,14.005602240896359,3.081232492997199,10.92436974789916,85.99439775910365,5.88235294117647,80.11204481792717
E00095013,283,42,18,24,241,17,224,14.840989399293287,6.36042402826855,8.480565371024735,85.15901060070671,6.007067137809187,79.15194346289752
E00095014,314,54,23,31,260,26,234,17.197452229299362,7.32484076433121,9.872611464968154,82.80254777070064,8.280254777070063,74.52229299363057
E00095015,272,45,19,26,227,27,200,16.544117647058822,6.985294117647059,9.558823529411764,83.45588235294117,9.926470588235293,73.52941176470588
E00095016,375,80,32,48,295,32,263,21.333333333333336,8.533333333333333,12.8,78.66666666666666,8.533333333333333,70.13333333333334
E00095017,312,73,28,45,239,28,211,23.397435897435898,8.974358974358974,14.423076923076922,76.6025641025641,8.974358974358974,67.62820512820514
E00095018,383,70,23,47,313,31,282,18.27676240208877,6.005221932114883,12.27154046997389,81.72323759791122,8.093994778067886,73.62924281984334
E00095019,287,71,32,39,216,29,187,24.738675958188153,11.149825783972126,13.588850174216027,75.26132404181185,10.104529616724738,65.1567944250871
E00095020,360,66,22,44,294,26,268,18.333333333333332,6.111111111111111,12.222222222222221,81.66666666666667,7.222222222222221,74.44444444444444
E00095021,245,55,22,33,190,14,176,22.448979591836736,8.979591836734693,13.46938775510204,77.55102040816327,5.714285714285714,71.83673469387755
E00095022,300,62,33,29,238,13,225,20.666666666666668,11,9.666666666666666,79.33333333333333,4.333333333333334,75
E00095024,502,85,32,53,417,35,382,16.93227091633466,6.374501992031872,10.557768924302788,83.06772908366534,6.97211155378486,76.09561752988047
E00095025,315,37,13,24,278,20,258,11.746031746031745,4.1269841269841265,7.6190476190476195,88.25396825396825,6.349206349206349,81.9047619047619
E00095026,270,44,16,28,226,29,197,16.296296296296298,5.9259259259259265,10.37037037037037,83.7037037037037,10.74074074074074,72.96296296296296
E00095027,301,46,18,28,255,26,229,15.282392026578073,5.980066445182724,9.30232558139535,84.71760797342192,8.637873754152823,76.0797342192691
E00095028,256,49,16,33,207,23,184,19.140625,6.25,12.890625,80.859375,8.984375,71.875
E00095029,332,50,17,33,282,33,249,15.060240963855422,5.120481927710843,9.939759036144578,84.93975903614458,9.939759036144578,75
E00095030,187,54,21,33,133,11,122,28.87700534759358,11.229946524064172,17.647058823529413,71.12299465240642,5.88235294117647,65.24064171122996
E00095031,299,73,38,35,226,20,206,24.414715719063544,12.709030100334449,11.705685618729097,75.58528428093646,6.688963210702341,68.89632107023411
E00095032,176,34,12,22,142,15,127,19.318181818181817,6.8181818181818175,12.5,80.68181818181817,8.522727272727272,72.1590909090909
E00095033,219,68,33,35,151,8,143,31.05022831050228,15.068493150684931,15.981735159817351,68.94977168949772,3.65296803652968,65.29680365296804
E00095034,436,75,33,42,361,18,343,17.201834862385322,7.568807339449542,9.63302752293578,82.79816513761467,4.128440366972478,78.6697247706422
E00095035,447,84,37,47,363,42,321,18.79194630872483,8.277404921700224,10.51454138702461,81.20805369127517,9.395973154362416,71.81208053691275
E00095036,420,87,32,55,333,12,321,20.714285714285715,7.6190476190476195,13.095238095238097,79.28571428571428,2.857142857142857,76.42857142857142
E00095037,394,77,29,48,317,19,298,19.543147208121827,7.3604060913705585,12.18274111675127,80.45685279187818,4.822335025380711,75.63451776649747
E00095038,401,90,40,50,311,24,287,22.443890274314214,9.975062344139651,12.468827930174564,77.55610972568579,5.985037406483791,71.571072319202
E00095039,127,25,8,17,102,11,91,19.68503937007874,6.299212598425196,13.385826771653544,80.31496062992126,8.661417322834646,71.65354330708661
E00095040,136,26,12,14,110,21,89,19.11764705882353,8.823529411764707,10.294117647058822,80.88235294117648,15.441176470588236,65.44117647058823
E00095041,333,54,22,32,279,21,258,16.216216216216218,6.606606606606606,9.60960960960961,83.78378378378379,6.306306306306306,77.47747747747748
E00095042,241,44,19,25,197,17,180,18.25726141078838,7.883817427385892,10.37344398340249,81.74273858921161,7.053941908713693,74.68879668049793
E00095043,324,66,27,39,258,16,242,20.37037037037037,8.333333333333332,12.037037037037036,79.62962962962963,4.938271604938271,74.69135802469135
E00095044,322,80,23,57,242,13,229,24.84472049689441,7.142857142857142,17.70186335403727,75.15527950310559,4.037267080745342,71.11801242236024
E00095045,272,57,23,34,215,26,189,20.955882352941178,8.455882352941178,12.5,79.04411764705883,9.558823529411764,69.48529411764706
E00095046,237,68,29,39,169,14,155,28.691983122362867,12.236286919831224,16.455696202531644,71.30801687763713,5.9071729957805905,65.40084388185655
E00095047,268,65,19,46,203,21,182,24.253731343283583,7.08955223880597,17.16417910447761,75.74626865671642,7.835820895522389,67.91044776119402
E00095048,269,49,21,28,220,23,197,18.21561338289963,7.806691449814126,10.408921933085502,81.78438661710037,8.550185873605948,73.23420074349443
E00095049,328,45,21,24,283,22,261,13.719512195121952,6.402439024390244,7.317073170731707,86.28048780487805,6.707317073170732,79.57317073170732
E00095050,334,44,11,33,290,35,255,13.17365269461078,3.293413173652695,9.880239520958083,86.82634730538922,10.479041916167663,76.34730538922156
E00095051,264,80,48,32,184,27,157,30.303030303030305,18.181818181818183,12.121212121212121,69.6969696969697,10.227272727272728,59.46969696969697
E00095052,141,25,8,17,116,9,107,17.73049645390071,5.673758865248227,12.056737588652481,82.26950354609929,6.382978723404255,75.88652482269504
E00095053,231,42,16,26,189,23,166,18.181818181818183,6.926406926406926,11.255411255411255,81.81818181818183,9.956709956709958,71.86147186147186
E00095054,279,59,23,36,220,14,206,21.14695340501792,8.24372759856631,12.903225806451612,78.85304659498208,5.017921146953405,73.83512544802868
E00095055,251,55,14,41,196,28,168,21.91235059760956,5.577689243027888,16.334661354581673,78.08764940239044,11.155378486055776,66.93227091633466
E00095056,400,56,15,41,344,32,312,14.000000000000002,3.75,10.25,86,8,78
E00095057,324,75,27,48,249,27,222,23.14814814814815,8.333333333333332,14.814814814814813,76.85185185185185,8.333333333333332,68.51851851851852
E00095058,221,51,8,43,170,25,145,23.076923076923077,3.619909502262444,19.457013574660635,76.92307692307693,11.312217194570136,65.61085972850678
E00095059,231,50,20,30,181,27,154,21.645021645021643,8.658008658008658,12.987012987012985,78.35497835497836,11.688311688311687,66.66666666666666
E00095060,247,47,18,29,200,31,169,19.02834008097166,7.28744939271255,11.740890688259109,80.97165991902834,12.550607287449392,68.42105263157895
E00095061,260,56,21,35,204,21,183,21.53846153846154,8.076923076923077,13.461538461538462,78.46153846153847,8.076923076923077,70.38461538461539
E00095062,239,45,19,26,194,19,175,18.828451882845187,7.949790794979079,10.87866108786611,81.17154811715481,7.949790794979079,73.22175732217573
E00095063,315,77,47,30,238,29,209,24.444444444444443,14.920634920634921,9.523809523809524,75.55555555555556,9.206349206349207,66.34920634920634
E00095064,319,80,28,52,239,19,220,25.07836990595611,8.77742946708464,16.30094043887147,74.92163009404389,5.956112852664576,68.96551724137932
E00095065,354,52,18,34,302,44,258,14.689265536723164,5.084745762711865,9.6045197740113,85.31073446327684,12.429378531073446,72.88135593220339
E00095066,355,58,17,41,297,39,258,16.338028169014084,4.788732394366197,11.549295774647888,83.66197183098592,10.985915492957748,72.67605633802818
E00095067,320,52,19,33,268,27,241,16.25,5.9375,10.3125,83.75,8.4375,75.3125
E00095068,342,64,24,40,278,32,246,18.71345029239766,7.017543859649122,11.695906432748536,81.28654970760235,9.35672514619883,71.9298245614035
E00095069,272,50,17,33,222,25,197,18.38235294117647,6.25,12.132352941176471,81.61764705882352,9.191176470588236,72.42647058823529
E00095070,226,41,8,33,185,17,168,18.141592920353983,3.5398230088495577,14.601769911504425,81.85840707964603,7.52212389380531,74.33628318584071
E00095071,492,95,36,59,397,58,339,19.308943089430894,7.317073170731707,11.991869918699187,80.6910569105691,11.788617886178862,68.90243902439023
E00095072,556,107,38,69,449,45,404,19.244604316546763,6.83453237410072,12.410071942446043,80.75539568345323,8.093525179856115,72.66187050359713
E00095073,573,102,39,63,471,47,424,17.801047120418847,6.806282722513089,10.99476439790576,82.19895287958116,8.202443280977311,73.99650959860384
E00095074,384,68,30,38,316,21,295,17.708333333333336,7.8125,9.895833333333332,82.29166666666666,5.46875,76.82291666666666
E00095075,442,93,55,38,349,29,320,21.040723981900452,12.44343891402715,8.597285067873303,78.95927601809954,6.561085972850679,72.39819004524887
E00095076,308,57,31,26,251,26,225,18.506493506493506,10.064935064935066,8.441558441558442,81.4935064935065,8.441558441558442,73.05194805194806
E00095077,283,79,34,45,204,13,191,27.915194346289752,12.014134275618375,15.901060070671377,72.08480565371025,4.593639575971731,67.49116607773851
E00095078,498,73,31,42,425,23,402,14.65863453815261,6.2248995983935735,8.433734939759036,85.34136546184739,4.618473895582329,80.72289156626506
E00095079,450,89,33,56,361,33,328,19.77777777777778,7.333333333333333,12.444444444444445,80.22222222222221,7.333333333333333,72.88888888888889
E00095080,363,106,54,52,257,23,234,29.201101928374655,14.87603305785124,14.325068870523417,70.79889807162535,6.336088154269973,64.46280991735537
E00095081,340,78,26,52,262,27,235,22.941176470588236,7.647058823529412,15.294117647058824,77.05882352941177,7.941176470588235,69.11764705882352
E00095082,408,92,37,55,316,28,288,22.54901960784314,9.068627450980392,13.480392156862745,77.45098039215686,6.862745098039216,70.58823529411765
E00095084,437,94,29,65,343,26,317,21.51029748283753,6.636155606407322,14.874141876430205,78.48970251716247,5.949656750572083,72.5400457665904
E00095085,298,47,18,29,251,20,231,15.771812080536913,6.0402684563758395,9.731543624161073,84.22818791946308,6.7114093959731544,77.51677852348993
E00095086,341,91,38,53,250,17,233,26.68621700879765,11.143695014662756,15.542521994134898,73.31378299120234,4.9853372434017595,68.32844574780059
E00095087,394,95,40,55,299,29,270,24.111675126903553,10.152284263959391,13.959390862944163,75.88832487309645,7.3604060913705585,68.52791878172589
E00095088,421,81,29,52,340,37,303,19.239904988123516,6.88836104513064,12.351543942992874,80.76009501187649,8.788598574821853,71.97149643705463
E00095089,291,44,16,28,247,14,233,15.120274914089347,5.498281786941581,9.621993127147768,84.87972508591065,4.810996563573884,80.06872852233677
E00095090,285,52,16,36,233,20,213,18.24561403508772,5.614035087719298,12.631578947368421,81.75438596491227,7.017543859649122,74.73684210526315
E00095091,333,84,26,58,249,24,225,25.225225225225223,7.807807807807808,17.417417417417415,74.77477477477478,7.207207207207207,67.56756756756756
E00095092,312,67,26,41,245,32,213,21.474358974358974,8.333333333333332,13.141025641025642,78.52564102564102,10.256410256410255,68.26923076923077
E00095093,608,118,24,94,490,56,434,19.407894736842106,3.9473684210526314,15.460526315789474,80.5921052631579,9.210526315789473,71.38157894736842
E00095094,209,43,14,29,166,12,154,20.574162679425836,6.698564593301436,13.875598086124402,79.42583732057416,5.741626794258373,73.68421052631578
E00095095,246,56,21,35,190,21,169,22.76422764227642,8.536585365853659,14.227642276422763,77.23577235772358,8.536585365853659,68.69918699186992
E00095096,309,81,30,51,228,36,192,26.21359223300971,9.70873786407767,16.50485436893204,73.7864077669903,11.650485436893204,62.13592233009708
E00095097,556,100,42,58,456,41,415,17.985611510791365,7.553956834532374,10.431654676258994,82.01438848920863,7.374100719424461,74.64028776978418
E00095098,351,78,26,52,273,33,240,22.22222222222222,7.4074074074074066,14.814814814814813,77.77777777777779,9.401709401709402,68.37606837606837
E00095099,301,68,31,37,233,29,204,22.591362126245848,10.299003322259136,12.29235880398671,77.40863787375415,9.634551495016613,67.77408637873754
E00095100,369,65,18,47,304,30,274,17.615176151761517,4.878048780487805,12.737127371273713,82.38482384823848,8.130081300813007,74.25474254742548
E00095101,434,64,23,41,370,36,334,14.746543778801843,5.299539170506913,9.44700460829493,85.25345622119815,8.294930875576037,76.95852534562212
E00095102,261,38,11,27,223,26,197,14.559386973180077,4.21455938697318,10.344827586206897,85.44061302681992,9.961685823754788,75.47892720306514
E00095103,276,67,34,33,209,16,193,24.27536231884058,12.318840579710146,11.956521739130435,75.72463768115942,5.797101449275362,69.92753623188406
E00095104,373,71,36,35,302,25,277,19.034852546916888,9.651474530831099,9.383378016085791,80.9651474530831,6.702412868632708,74.26273458445041
E00095105,153,34,15,19,119,11,108,22.22222222222222,9.803921568627452,12.418300653594772,77.77777777777779,7.18954248366013,70.58823529411765
E00095106,345,114,39,75,231,22,209,33.04347826086956,11.304347826086957,21.73913043478261,66.95652173913044,6.3768115942028984,60.57971014492753
E00095107,315,85,41,44,230,22,208,26.984126984126984,13.015873015873018,13.968253968253968,73.01587301587301,6.984126984126984,66.03174603174602
E00095108,201,40,17,23,161,18,143,19.900497512437813,8.45771144278607,11.442786069651742,80.09950248756219,8.955223880597014,71.14427860696517
E00095109,296,67,22,45,229,34,195,22.635135135135133,7.4324324324324325,15.202702702702704,77.36486486486487,11.486486486486488,65.87837837837837
E00095110,342,67,20,47,275,28,247,19.5906432748538,5.847953216374268,13.742690058479532,80.4093567251462,8.187134502923977,72.22222222222221
E00095111,556,121,33,88,435,54,381,21.762589928057555,5.935251798561151,15.827338129496402,78.23741007194245,9.712230215827338,68.5251798561151
E00095112,423,76,18,58,347,26,321,17.96690307328605,4.25531914893617,13.711583924349883,82.03309692671394,6.1465721040189125,75.88652482269504
E00095113,294,67,19,48,227,23,204,22.789115646258505,6.462585034013606,16.3265306122449,77.21088435374149,7.8231292517006805,69.38775510204081
E00095114,329,85,19,66,244,18,226,25.835866261398177,5.775075987841945,20.060790273556233,74.16413373860182,5.47112462006079,68.69300911854104
E00095115,316,77,41,36,239,10,229,24.367088607594937,12.974683544303797,11.39240506329114,75.63291139240506,3.1645569620253164,72.46835443037975
E00095116,287,60,23,37,227,21,206,20.905923344947734,8.013937282229964,12.89198606271777,79.09407665505228,7.317073170731707,71.77700348432056
E00095117,331,77,39,38,254,28,226,23.26283987915408,11.782477341389729,11.48036253776435,76.73716012084593,8.459214501510575,68.27794561933534
E00095118,422,126,50,76,296,42,254,29.85781990521327,11.848341232227488,18.009478672985782,70.14218009478674,9.95260663507109,60.18957345971564
E00095119,353,81,36,45,272,27,245,22.946175637393768,10.198300283286118,12.747875354107649,77.05382436260622,7.64872521246459,69.40509915014165
E00095120,216,34,5,29,182,26,156,15.74074074074074,2.314814814814815,13.425925925925927,84.25925925925925,12.037037037037036,72.22222222222221
E00095121,306,75,43,32,231,18,213,24.509803921568626,14.052287581699346,10.457516339869281,75.49019607843137,5.88235294117647,69.6078431372549
E00095122,321,58,25,33,263,21,242,18.06853582554517,7.78816199376947,10.2803738317757,81.93146417445483,6.5420560747663545,75.38940809968847
E00095123,189,73,36,37,116,9,107,38.62433862433862,19.047619047619047,19.576719576719576,61.37566137566137,4.761904761904762,56.613756613756614
E00095124,204,62,25,37,142,23,119,30.392156862745097,12.254901960784313,18.137254901960784,69.6078431372549,11.27450980392157,58.333333333333336
E00095125,266,49,26,23,217,24,193,18.421052631578945,9.774436090225564,8.646616541353383,81.57894736842105,9.022556390977442,72.55639097744361
E00095126,511,92,45,47,419,45,374,18.003913894324853,8.806262230919765,9.197651663405088,81.99608610567515,8.806262230919765,73.18982387475538
E00095127,352,59,23,36,293,31,262,16.761363636363637,6.534090909090909,10.227272727272728,83.23863636363636,8.806818181818182,74.43181818181817
E00095128,300,60,24,36,240,25,215,20,8,12,80,8.333333333333332,71.66666666666667
E00095129,402,58,24,34,344,29,315,14.427860696517413,5.970149253731343,8.45771144278607,85.57213930348259,7.213930348258707,78.35820895522389
E00095130,320,41,16,25,279,30,249,12.812499999999998,5,7.8125,87.1875,9.375,77.8125
E00095131,409,65,27,38,344,29,315,15.892420537897312,6.601466992665037,9.290953545232274,84.10757946210269,7.090464547677261,77.01711491442543
E00095132,280,43,12,31,237,22,215,15.357142857142858,4.285714285714286,11.071428571428571,84.64285714285714,7.857142857142857,76.78571428571429
E00095133,230,51,19,32,179,19,160,22.17391304347826,8.26086956521739,13.91304347826087,77.82608695652173,8.26086956521739,69.56521739130434
E00095134,234,60,22,38,174,18,156,25.64102564102564,9.401709401709402,16.23931623931624,74.35897435897436,7.6923076923076925,66.66666666666666
E00095135,435,97,47,50,338,21,317,22.298850574712645,10.804597701149426,11.494252873563218,77.70114942528735,4.827586206896552,72.8735632183908
E00095136,250,38,16,22,212,22,190,15.2,6.4,8.799999999999999,84.8,8.799999999999999,76
E00095137,311,74,25,49,237,22,215,23.79421221864952,8.038585209003216,15.755627009646304,76.20578778135048,7.07395498392283,69.13183279742765
E00095138,353,57,17,40,296,26,270,16.147308781869686,4.815864022662889,11.3314447592068,83.85269121813032,7.365439093484419,76.48725212464589
E00095139,440,79,35,44,361,31,330,17.954545454545453,7.954545454545454,10,82.04545454545455,7.045454545454545,75
E00095140,344,61,19,42,283,31,252,17.732558139534884,5.523255813953488,12.209302325581394,82.26744186046511,9.011627906976743,73.25581395348837
E00095141,376,59,25,34,317,23,294,15.691489361702127,6.648936170212766,9.042553191489363,84.30851063829788,6.117021276595745,78.19148936170212
E00095142,411,61,21,40,350,35,315,14.841849148418493,5.109489051094891,9.732360097323602,85.15815085158151,8.51581508515815,76.64233576642336
E00095143,296,50,13,37,246,27,219,16.89189189189189,4.391891891891892,12.5,83.1081081081081,9.121621621621621,73.98648648648648
E00095144,308,49,25,24,259,31,228,15.909090909090908,8.116883116883116,7.792207792207792,84.0909090909091,10.064935064935066,74.02597402597402
E00095145,538,77,25,52,461,40,421,14.312267657992564,4.646840148698884,9.66542750929368,85.68773234200744,7.434944237918216,78.25278810408922
E00095146,320,67,21,46,253,19,234,20.9375,6.5625,14.374999999999998,79.0625,5.9375,73.125
E00095147,378,69,33,36,309,31,278,18.253968253968253,8.73015873015873,9.523809523809524,81.74603174603175,8.201058201058201,73.54497354497354
E00095148,313,42,14,28,271,28,243,13.418530351437699,4.472843450479233,8.945686900958465,86.5814696485623,8.945686900958465,77.63578274760383
E00095149,218,34,13,21,184,24,160,15.59633027522936,5.963302752293578,9.63302752293578,84.40366972477065,11.009174311926607,73.39449541284404
E00095150,360,64,26,38,296,22,274,17.77777777777778,7.222222222222221,10.555555555555555,82.22222222222221,6.111111111111111,76.11111111111111
E00095151,352,103,45,58,249,16,233,29.261363636363637,12.784090909090908,16.477272727272727,70.73863636363636,4.545454545454546,66.19318181818183
E00095152,246,49,17,32,197,26,171,19.91869918699187,6.910569105691057,13.008130081300814,80.08130081300813,10.569105691056912,69.51219512195121
E00095154,348,100,53,47,248,31,217,28.735632183908045,15.229885057471265,13.505747126436782,71.26436781609196,8.908045977011495,62.356321839080465
E00095155,201,53,22,31,148,12,136,26.368159203980102,10.945273631840797,15.422885572139302,73.6318407960199,5.970149253731343,67.66169154228857
E00095157,208,38,11,27,170,21,149,18.269230769230766,5.288461538461538,12.980769230769232,81.73076923076923,10.096153846153847,71.63461538461539
E00095158,149,33,14,19,116,7,109,22.14765100671141,9.395973154362416,12.751677852348994,77.85234899328859,4.697986577181208,73.15436241610739
E00095159,159,53,41,12,106,11,95,33.33333333333333,25.78616352201258,7.547169811320755,66.66666666666666,6.918238993710692,59.74842767295597
E00095160,279,57,17,40,222,16,206,20.43010752688172,6.093189964157706,14.336917562724013,79.56989247311827,5.734767025089606,73.83512544802868
E00095161,246,32,10,22,214,14,200,13.008130081300814,4.0650406504065035,8.94308943089431,86.99186991869918,5.691056910569105,81.30081300813008
E00095162,153,26,12,14,127,11,116,16.99346405228758,7.8431372549019605,9.15032679738562,83.00653594771242,7.18954248366013,75.81699346405229
E00095163,251,37,13,24,214,22,192,14.741035856573706,5.179282868525896,9.56175298804781,85.2589641434263,8.764940239043826,76.49402390438247
E00095164,352,60,18,42,292,29,263,17.045454545454543,5.113636363636364,11.931818181818182,82.95454545454545,8.238636363636363,74.7159090909091
E00095165,277,55,18,37,222,16,206,19.855595667870034,6.4981949458483745,13.357400722021662,80.14440433212997,5.776173285198556,74.36823104693141
E00095166,128,22,6,16,106,9,97,17.1875,4.6875,12.5,82.8125,7.03125,75.78125
E00095167,114,19,10,9,95,10,85,16.666666666666664,8.771929824561402,7.894736842105263,83.33333333333334,8.771929824561402,74.56140350877193
E00095168,121,24,8,16,97,9,88,19.834710743801654,6.6115702479338845,13.223140495867769,80.16528925619835,7.43801652892562,72.72727272727273
E00095169,278,36,10,26,242,21,221,12.949640287769784,3.5971223021582732,9.352517985611511,87.05035971223022,7.553956834532374,79.49640287769785
E00095170,300,71,27,44,229,9,220,23.666666666666668,9,14.666666666666666,76.33333333333333,3,73.33333333333333
E00095171,329,67,25,42,262,28,234,20.364741641337385,7.598784194528875,12.76595744680851,79.63525835866263,8.51063829787234,71.12462006079028
E00095172,201,48,22,26,153,17,136,23.88059701492537,10.945273631840797,12.935323383084576,76.11940298507463,8.45771144278607,67.66169154228857
E00095173,361,38,16,22,323,31,292,10.526315789473683,4.43213296398892,6.094182825484765,89.47368421052632,8.587257617728532,80.88642659279779
E00095174,338,52,20,32,286,31,255,15.384615384615385,5.9171597633136095,9.467455621301776,84.61538461538461,9.171597633136095,75.44378698224851
E00095175,270,41,17,24,229,30,199,15.185185185185185,6.296296296296296,8.88888888888889,84.81481481481481,11.11111111111111,73.70370370370371
E00095176,344,57,21,36,287,35,252,16.569767441860463,6.104651162790697,10.465116279069768,83.43023255813954,10.174418604651162,73.25581395348837
E00095177,323,42,12,30,281,18,263,13.003095975232199,3.7151702786377707,9.287925696594428,86.9969040247678,5.572755417956656,81.42414860681114
E00095178,344,42,17,25,302,25,277,12.209302325581394,4.941860465116279,7.267441860465117,87.79069767441861,7.267441860465117,80.52325581395348
E00095179,303,44,17,27,259,31,228,14.521452145214523,5.6105610561056105,8.91089108910891,85.47854785478548,10.231023102310232,75.24752475247524
E00095180,282,47,20,27,235,24,211,16.666666666666664,7.092198581560284,9.574468085106384,83.33333333333334,8.51063829787234,74.822695035461
E00095181,166,32,12,20,134,18,116,19.27710843373494,7.228915662650602,12.048192771084338,80.72289156626506,10.843373493975903,69.87951807228916
E00095182,257,89,44,45,168,17,151,34.63035019455253,17.120622568093385,17.509727626459142,65.36964980544747,6.614785992217899,58.754863813229576
E00095183,270,45,11,34,225,15,210,16.666666666666664,4.074074074074074,12.592592592592592,83.33333333333334,5.555555555555555,77.77777777777779
E00095185,161,20,6,14,141,7,134,12.422360248447205,3.7267080745341614,8.695652173913043,87.5776397515528,4.3478260869565215,83.22981366459628
E00095186,240,53,27,26,187,25,162,22.083333333333332,11.25,10.833333333333334,77.91666666666667,10.416666666666668,67.5
E00095187,288,62,32,30,226,25,201,21.52777777777778,11.11111111111111,10.416666666666668,78.47222222222221,8.680555555555555,69.79166666666666
E00095188,309,75,30,45,234,18,216,24.271844660194176,9.70873786407767,14.563106796116504,75.72815533980582,5.825242718446602,69.90291262135922
E00095189,328,59,23,36,269,31,238,17.98780487804878,7.01219512195122,10.975609756097562,82.01219512195121,9.451219512195122,72.5609756097561
E00095190,359,77,34,43,282,30,252,21.448467966573816,9.47075208913649,11.977715877437326,78.55153203342618,8.356545961002785,70.19498607242339
E00095192,294,55,20,35,239,27,212,18.70748299319728,6.802721088435375,11.904761904761903,81.29251700680273,9.183673469387756,72.10884353741497
E00095193,240,55,17,38,185,19,166,22.916666666666664,7.083333333333333,15.833333333333332,77.08333333333334,7.916666666666666,69.16666666666667
E00095194,254,52,18,34,202,25,177,20.47244094488189,7.086614173228346,13.385826771653544,79.52755905511812,9.84251968503937,69.68503937007874
E00095195,312,87,37,50,225,21,204,27.884615384615387,11.858974358974358,16.025641025641026,72.11538461538461,6.730769230769231,65.38461538461539
E00095196,286,77,34,43,209,8,201,26.923076923076923,11.888111888111888,15.034965034965033,73.07692307692307,2.797202797202797,70.27972027972028
E00095197,369,84,33,51,285,25,260,22.76422764227642,8.94308943089431,13.821138211382115,77.23577235772358,6.775067750677506,70.46070460704607
E00095198,577,105,40,65,472,47,425,18.19757365684575,6.932409012131716,11.265164644714037,81.80242634315424,8.145580589254767,73.65684575389947
E00095200,275,52,18,34,223,25,198,18.90909090909091,6.545454545454546,12.363636363636363,81.0909090909091,9.090909090909092,72
E00095201,258,50,23,27,208,23,185,19.379844961240313,8.914728682170542,10.465116279069768,80.62015503875969,8.914728682170542,71.70542635658916
E00095202,259,58,24,34,201,24,177,22.393822393822393,9.266409266409266,13.127413127413126,77.60617760617761,9.266409266409266,68.33976833976834
E00095203,312,138,110,28,174,28,146,44.230769230769226,35.256410256410255,8.974358974358974,55.769230769230774,8.974358974358974,46.794871794871796
E00095204,377,88,42,46,289,25,264,23.342175066312997,11.140583554376658,12.20159151193634,76.657824933687,6.631299734748011,70.026525198939
E00095205,252,68,32,36,184,16,168,26.984126984126984,12.698412698412698,14.285714285714285,73.01587301587301,6.349206349206349,66.66666666666666
E00095206,256,67,29,38,189,14,175,26.171875,11.328125,14.84375,73.828125,5.46875,68.359375
E00095207,277,69,35,34,208,32,176,24.90974729241877,12.63537906137184,12.274368231046932,75.09025270758123,11.552346570397113,63.537906137184116
E00095208,260,78,28,50,182,12,170,30,10.76923076923077,19.230769230769234,70,4.615384615384616,65.38461538461539
E00095209,281,49,18,31,232,20,212,17.437722419928825,6.405693950177936,11.032028469750891,82.56227758007117,7.11743772241993,75.44483985765125
E00095210,288,61,25,36,227,19,208,21.180555555555554,8.680555555555555,12.5,78.81944444444444,6.597222222222222,72.22222222222221
E00095211,256,74,35,39,182,15,167,28.90625,13.671875,15.234375,71.09375,5.859375,65.234375
E00095212,322,49,21,28,273,19,254,15.217391304347828,6.521739130434782,8.695652173913043,84.78260869565217,5.900621118012422,78.88198757763976
E00095213,238,61,32,29,177,20,157,25.630252100840334,13.445378151260504,12.184873949579831,74.36974789915966,8.403361344537815,65.96638655462185
E00095214,273,71,30,41,202,22,180,26.00732600732601,10.989010989010989,15.018315018315018,73.992673992674,8.058608058608058,65.93406593406593
E00095215,308,67,29,38,241,33,208,21.753246753246753,9.415584415584416,12.337662337662337,78.24675324675324,10.714285714285714,67.53246753246754
E00095216,238,70,37,33,168,17,151,29.411764705882355,15.546218487394958,13.865546218487395,70.58823529411765,7.142857142857142,63.4453781512605
E00095218,299,59,24,35,240,29,211,19.732441471571907,8.02675585284281,11.705685618729097,80.2675585284281,9.698996655518394,70.5685618729097
E00095219,232,61,24,37,171,22,149,26.29310344827586,10.344827586206897,15.948275862068966,73.70689655172413,9.482758620689655,64.22413793103449
E00095220,272,63,28,35,209,25,184,23.161764705882355,10.294117647058822,12.867647058823529,76.83823529411765,9.191176470588236,67.64705882352942
E00095221,330,67,22,45,263,25,238,20.303030303030305,6.666666666666667,13.636363636363635,79.6969696969697,7.575757575757576,72.12121212121212
E00095222,372,52,15,37,320,31,289,13.978494623655912,4.032258064516129,9.946236559139784,86.02150537634408,8.333333333333332,77.68817204301075
E00095223,254,58,23,35,196,26,170,22.83464566929134,9.05511811023622,13.779527559055119,77.16535433070865,10.236220472440944,66.92913385826772
E00095224,348,104,55,49,244,25,219,29.88505747126437,15.804597701149426,14.080459770114942,70.11494252873564,7.183908045977011,62.93103448275862
E00095225,282,63,27,36,219,19,200,22.340425531914892,9.574468085106384,12.76595744680851,77.6595744680851,6.73758865248227,70.92198581560284
E00095226,202,80,43,37,122,5,117,39.603960396039604,21.287128712871286,18.316831683168317,60.396039603960396,2.4752475247524752,57.920792079207914
E00095227,288,80,34,46,208,21,187,27.77777777777778,11.805555555555555,15.972222222222221,72.22222222222221,7.291666666666667,64.93055555555556
E00095228,237,56,22,34,181,9,172,23.628691983122362,9.282700421940929,14.345991561181433,76.37130801687763,3.79746835443038,72.57383966244726
E00095229,257,74,39,35,183,13,170,28.793774319066145,15.17509727626459,13.618677042801556,71.20622568093385,5.058365758754864,66.14785992217898
E00095230,286,60,29,31,226,21,205,20.97902097902098,10.13986013986014,10.839160839160838,79.02097902097903,7.3426573426573425,71.67832167832168
E00095232,335,57,21,36,278,26,252,17.01492537313433,6.26865671641791,10.746268656716417,82.98507462686567,7.761194029850746,75.22388059701493
E00095234,307,60,25,35,247,27,220,19.54397394136808,8.143322475570033,11.400651465798045,80.45602605863192,8.794788273615636,71.66123778501628
E00095235,282,46,20,26,236,29,207,16.312056737588655,7.092198581560284,9.219858156028367,83.68794326241135,10.28368794326241,73.40425531914893
E00095236,179,44,27,17,135,18,117,24.581005586592177,15.083798882681565,9.497206703910614,75.41899441340783,10.05586592178771,65.36312849162012
E00095237,419,89,51,38,330,39,291,21.241050119331742,12.17183770883055,9.069212410501192,78.75894988066825,9.307875894988067,69.4510739856802
E00095238,201,31,9,22,170,16,154,15.422885572139302,4.477611940298507,10.945273631840797,84.5771144278607,7.960199004975125,76.61691542288557
E00095239,256,37,14,23,219,17,202,14.453125,5.46875,8.984375,85.546875,6.640625,78.90625
E00095240,213,53,20,33,160,20,140,24.88262910798122,9.389671361502346,15.492957746478872,75.11737089201877,9.389671361502346,65.72769953051643
E00095241,235,47,11,36,188,16,172,20,4.680851063829787,15.319148936170212,80,6.808510638297872,73.19148936170212
E00095242,367,68,33,35,299,32,267,18.52861035422343,8.991825613079019,9.536784741144414,81.47138964577657,8.71934604904632,72.75204359673025
E00095243,381,67,25,42,314,24,290,17.585301837270343,6.561679790026247,11.023622047244094,82.41469816272966,6.299212598425196,76.11548556430446
E00095244,420,92,38,54,328,26,302,21.904761904761905,9.047619047619047,12.857142857142856,78.0952380952381,6.190476190476191,71.9047619047619
E00095245,286,55,20,35,231,23,208,19.230769230769234,6.993006993006993,12.237762237762238,80.76923076923077,8.041958041958042,72.72727272727273
E00095246,355,73,30,43,282,34,248,20.56338028169014,8.450704225352112,12.112676056338028,79.43661971830987,9.577464788732394,69.85915492957746
E00095247,404,76,33,43,328,26,302,18.81188118811881,8.16831683168317,10.643564356435643,81.1881188118812,6.435643564356436,74.75247524752476
E00095248,301,77,30,47,224,19,205,25.581395348837212,9.966777408637874,15.614617940199334,74.4186046511628,6.312292358803987,68.10631229235881
E00095249,335,66,30,36,269,29,240,19.701492537313435,8.955223880597014,10.746268656716417,80.29850746268656,8.656716417910449,71.64179104477611
E00095250,318,67,23,44,251,24,227,21.069182389937108,7.232704402515723,13.836477987421384,78.9308176100629,7.547169811320755,71.38364779874213
E00095251,284,56,18,38,228,21,207,19.718309859154928,6.338028169014084,13.380281690140844,80.28169014084507,7.394366197183098,72.88732394366197
E00095252,259,52,22,30,207,21,186,20.077220077220076,8.494208494208493,11.583011583011583,79.92277992277992,8.108108108108109,71.81467181467181
E00095253,385,98,44,54,287,20,267,25.454545454545453,11.428571428571429,14.025974025974024,74.54545454545455,5.194805194805195,69.35064935064935
E00095254,204,48,26,22,156,12,144,23.52941176470588,12.745098039215685,10.784313725490197,76.47058823529412,5.88235294117647,70.58823529411765
E00095255,282,61,25,36,221,24,197,21.631205673758867,8.865248226950355,12.76595744680851,78.36879432624113,8.51063829787234,69.8581560283688
E00095256,566,104,51,53,462,43,419,18.374558303886925,9.010600706713781,9.363957597173144,81.62544169611307,7.597173144876325,74.02826855123675
E00095257,368,79,30,49,289,24,265,21.467391304347828,8.152173913043478,13.31521739130435,78.53260869565217,6.521739130434782,72.01086956521739
E00095259,333,90,45,45,243,34,209,27.027027027027028,13.513513513513514,13.513513513513514,72.97297297297297,10.21021021021021,62.76276276276276
E00095260,444,190,57,133,254,36,218,42.792792792792795,12.837837837837837,29.954954954954953,57.20720720720721,8.108108108108109,49.0990990990991
E00095261,274,62,29,33,212,21,191,22.62773722627737,10.583941605839415,12.043795620437956,77.37226277372264,7.664233576642336,69.7080291970803
E00095262,375,80,39,41,295,26,269,21.333333333333336,10.4,10.933333333333334,78.66666666666666,6.933333333333333,71.73333333333333
E00095263,137,39,15,24,98,8,90,28.467153284671532,10.948905109489052,17.51824817518248,71.53284671532847,5.839416058394161,65.69343065693431
E00095264,302,55,30,25,247,20,227,18.211920529801322,9.933774834437086,8.27814569536424,81.78807947019867,6.622516556291391,75.16556291390728
E00095265,389,98,45,53,291,26,265,25.19280205655527,11.568123393316196,13.624678663239074,74.80719794344472,6.683804627249357,68.12339331619538
E00095266,346,81,49,32,265,16,249,23.410404624277454,14.16184971098266,9.248554913294797,76.58959537572254,4.624277456647398,71.96531791907515
E00095267,445,147,61,86,298,29,269,33.03370786516854,13.707865168539326,19.325842696629213,66.96629213483146,6.51685393258427,60.449438202247194
E00095269,217,40,16,24,177,16,161,18.433179723502306,7.373271889400922,11.059907834101383,81.5668202764977,7.373271889400922,74.19354838709677
E00095270,230,78,41,37,152,10,142,33.91304347826087,17.82608695652174,16.08695652173913,66.08695652173913,4.3478260869565215,61.73913043478261
E00095271,283,56,18,38,227,18,209,19.78798586572438,6.36042402826855,13.427561837455832,80.21201413427562,6.36042402826855,73.85159010600707
E00095272,291,82,37,45,209,14,195,28.1786941580756,12.714776632302405,15.463917525773196,71.8213058419244,4.810996563573884,67.0103092783505
E00095273,293,57,18,39,236,23,213,19.453924914675767,6.143344709897611,13.310580204778159,80.54607508532423,7.849829351535837,72.6962457337884
E00095274,309,74,37,37,235,22,213,23.948220064724918,11.974110032362459,11.974110032362459,76.05177993527508,7.119741100323624,68.93203883495146
E00095275,317,62,27,35,255,15,240,19.558359621451103,8.517350157728707,11.041009463722396,80.4416403785489,4.73186119873817,75.70977917981072
E00095276,231,48,23,25,183,18,165,20.77922077922078,9.956709956709958,10.822510822510822,79.22077922077922,7.792207792207792,71.42857142857143
E00095277,333,55,24,31,278,17,261,16.516516516516518,7.207207207207207,9.30930930930931,83.48348348348348,5.105105105105105,78.37837837837837
E00095278,535,118,58,60,417,44,373,22.05607476635514,10.841121495327103,11.214953271028037,77.94392523364486,8.224299065420562,69.71962616822431
E00095279,398,105,44,61,293,21,272,26.38190954773869,11.055276381909549,15.326633165829145,73.61809045226131,5.276381909547738,68.34170854271356
E00095280,326,81,35,46,245,20,225,24.846625766871167,10.736196319018406,14.11042944785276,75.15337423312883,6.134969325153374,69.01840490797547
E00095281,337,69,20,49,268,27,241,20.474777448071215,5.934718100890208,14.540059347181009,79.52522255192879,8.011869436201781,71.51335311572701
E00095282,265,57,23,34,208,15,193,21.50943396226415,8.679245283018867,12.830188679245284,78.49056603773586,5.660377358490567,72.83018867924528
E00095283,272,87,46,41,185,16,169,31.985294117647058,16.911764705882355,15.073529411764705,68.01470588235294,5.88235294117647,62.13235294117647
E00095284,330,54,16,38,276,19,257,16.363636363636363,4.848484848484849,11.515151515151516,83.63636363636363,5.757575757575758,77.87878787878788
E00095285,324,66,27,39,258,20,238,20.37037037037037,8.333333333333332,12.037037037037036,79.62962962962963,6.172839506172839,73.4567901234568
E00095286,291,71,34,37,220,15,205,24.398625429553263,11.683848797250858,12.714776632302405,75.60137457044674,5.154639175257731,70.44673539518901
E00095287,360,109,56,53,251,19,232,30.277777777777775,15.555555555555555,14.722222222222223,69.72222222222221,5.277777777777778,64.44444444444444
E00095288,352,84,38,46,268,26,242,23.863636363636363,10.795454545454545,13.068181818181818,76.13636363636364,7.386363636363637,68.75
E00095289,348,72,32,40,276,31,245,20.689655172413794,9.195402298850574,11.494252873563218,79.3103448275862,8.908045977011495,70.40229885057471
E00095290,275,80,38,42,195,16,179,29.09090909090909,13.818181818181818,15.272727272727273,70.9090909090909,5.818181818181818,65.0909090909091
E00095291,295,65,29,36,230,18,212,22.033898305084744,9.830508474576272,12.203389830508476,77.96610169491525,6.101694915254238,71.86440677966101
E00095292,414,95,49,46,319,28,291,22.946859903381643,11.83574879227053,11.11111111111111,77.05314009661835,6.763285024154589,70.28985507246377
E00095293,324,61,25,36,263,33,230,18.82716049382716,7.716049382716049,11.11111111111111,81.17283950617285,10.185185185185185,70.98765432098766
E00095294,259,66,32,34,193,25,168,25.482625482625483,12.355212355212355,13.127413127413126,74.5173745173745,9.652509652509652,64.86486486486487
E00095295,426,94,39,55,332,29,303,22.065727699530516,9.15492957746479,12.910798122065728,77.93427230046949,6.807511737089202,71.12676056338029
E00095296,313,88,26,62,225,21,204,28.115015974440894,8.30670926517572,19.808306709265175,71.8849840255591,6.7092651757188495,65.17571884984025
E00095297,246,74,40,34,172,16,156,30.081300813008134,16.260162601626014,13.821138211382115,69.91869918699187,6.504065040650407,63.41463414634146
E00095298,285,75,34,41,210,21,189,26.31578947368421,11.929824561403509,14.385964912280702,73.68421052631578,7.368421052631578,66.3157894736842
E00095299,299,62,22,40,237,21,216,20.735785953177256,7.357859531772576,13.377926421404682,79.26421404682274,7.023411371237458,72.24080267558529
E00095300,318,52,21,31,266,22,244,16.352201257861633,6.60377358490566,9.748427672955975,83.64779874213836,6.918238993710692,76.72955974842768
E00095301,340,90,40,50,250,16,234,26.47058823529412,11.76470588235294,14.705882352941178,73.52941176470588,4.705882352941177,68.82352941176471
E00095302,309,110,71,39,199,20,179,35.59870550161812,22.97734627831715,12.62135922330097,64.40129449838187,6.472491909385113,57.92880258899677
E00095303,311,67,36,31,244,20,224,21.54340836012862,11.57556270096463,9.967845659163988,78.45659163987139,6.430868167202572,72.02572347266882
E00095304,323,48,14,34,275,29,246,14.860681114551083,4.3343653250774,10.526315789473683,85.13931888544892,8.978328173374612,76.16099071207431
E00095305,360,86,43,43,274,28,246,23.88888888888889,11.944444444444445,11.944444444444445,76.11111111111111,7.777777777777778,68.33333333333333
E00095306,195,59,19,40,136,17,119,30.256410256410255,9.7435897435897445,20.51282051282051,69.74358974358974,8.717948717948717,61.02564102564103
E00095307,229,61,29,32,168,20,148,26.637554585152838,12.663755458515283,13.973799126637553,73.36244541484717,8.73362445414847,64.62882096069869
E00095308,289,57,25,32,232,12,220,19.72318339100346,8.650519031141869,11.072664359861593,80.27681660899654,4.1522491349480966,76.12456747404845
E00095309,294,58,18,40,236,24,212,19.727891156462583,6.122448979591836,13.60544217687075,80.27210884353741,8.16326530612245,72.10884353741497
E00095310,354,67,29,38,287,24,263,18.926553672316384,8.192090395480225,10.734463276836157,81.07344632768361,6.779661016949152,74.29378531073446
E00095311,270,105,66,39,165,13,152,38.88888888888889,24.444444444444443,14.444444444444443,61.111111111111114,4.814814814814815,56.2962962962963
E00095312,216,68,30,38,148,12,136,31.48148148148148,13.88888888888889,17.59259259259259,68.51851851851852,5.555555555555555,62.96296296296296
E00095313,254,91,54,37,163,16,147,35.826771653543304,21.25984251968504,14.566929133858267,64.1732283464567,6.299212598425196,57.874015748031496
E00095314,347,82,48,34,265,17,248,23.631123919308358,13.8328530259366,9.798270893371757,76.36887608069163,4.899135446685879,71.46974063400576
E00095315,301,81,40,41,220,22,198,26.910299003322258,13.2890365448505,13.621262458471762,73.08970099667775,7.308970099667775,65.78073089700996
E00095316,214,100,60,40,114,16,98,46.728971962616825,28.037383177570092,18.69158878504673,53.271028037383175,7.476635514018691,45.794392523364486
E00095317,244,62,27,35,182,23,159,25.40983606557377,11.065573770491802,14.344262295081966,74.59016393442623,9.426229508196721,65.1639344262295
E00095318,282,75,33,42,207,17,190,26.595744680851062,11.702127659574469,14.893617021276595,73.40425531914893,6.028368794326241,67.37588652482269
E00095319,334,123,42,81,211,21,190,36.82634730538922,12.574850299401197,24.251497005988025,63.17365269461078,6.287425149700598,56.886227544910184
E00095320,330,90,46,44,240,30,210,27.27272727272727,13.939393939393941,13.333333333333334,72.72727272727273,9.090909090909092,63.63636363636363
E00095321,513,147,74,73,366,35,331,28.654970760233915,14.42495126705653,14.230019493177387,71.34502923976608,6.82261208576998,64.5224171539961
E00095322,429,67,32,35,362,48,314,15.61771561771562,7.459207459207459,8.158508158508159,84.38228438228438,11.188811188811188,73.1934731934732
E00095323,304,53,20,33,251,32,219,17.434210526315788,6.578947368421052,10.855263157894738,82.56578947368422,10.526315789473683,72.03947368421053
E00095324,319,64,27,37,255,33,222,20.06269592476489,8.463949843260188,11.598746081504702,79.9373040752351,10.344827586206897,69.59247648902821
E00095325,284,49,24,25,235,13,222,17.253521126760564,8.450704225352112,8.80281690140845,82.74647887323944,4.577464788732395,78.16901408450704
E00095326,442,72,22,50,370,27,343,16.289592760180994,4.97737556561086,11.312217194570136,83.710407239819,6.108597285067873,77.60180995475113
E00095327,372,74,28,46,298,31,267,19.892473118279568,7.526881720430108,12.365591397849462,80.10752688172043,8.333333333333332,71.7741935483871
E00095328,279,67,26,41,212,24,188,24.014336917562723,9.31899641577061,14.695340501792115,75.98566308243727,8.60215053763441,67.38351254480287
E00095329,267,42,10,32,225,31,194,15.730337078651685,3.7453183520599254,11.985018726591761,84.26966292134831,11.610486891385769,72.65917602996255
E00095330,296,77,29,48,219,27,192,26.013513513513516,9.797297297297296,16.216216216216218,73.98648648648648,9.121621621621621,64.86486486486487
E00095331,319,70,27,43,249,25,224,21.9435736677116,8.463949843260188,13.479623824451412,78.0564263322884,7.836990595611286,70.21943573667711
E00095332,423,77,32,45,346,31,315,18.203309692671397,7.5650118203309695,10.638297872340425,81.7966903073286,7.328605200945626,74.46808510638297
E00095333,279,56,23,33,223,26,197,20.07168458781362,8.24372759856631,11.827956989247312,79.92831541218638,9.31899641577061,70.60931899641577
E00095334,455,71,17,54,384,41,343,15.604395604395604,3.7362637362637363,11.868131868131867,84.3956043956044,9.010989010989011,75.38461538461539
E00095335,196,40,12,28,156,21,135,20.408163265306122,6.122448979591836,14.285714285714285,79.59183673469387,10.714285714285714,68.87755102040816
E00095336,301,69,24,45,232,27,205,22.92358803986711,7.973421926910299,14.950166112956811,77.0764119601329,8.970099667774086,68.10631229235881
E00095337,351,81,39,42,270,20,250,23.076923076923077,11.11111111111111,11.965811965811966,76.92307692307693,5.698005698005698,71.22507122507122
E00095338,196,45,22,23,151,21,130,22.95918367346939,11.224489795918368,11.73469387755102,77.04081632653062,10.714285714285714,66.3265306122449
E00095339,204,52,21,31,152,9,143,25.49019607843137,10.294117647058822,15.196078431372548,74.50980392156863,4.411764705882353,70.09803921568627
E00095340,336,67,33,34,269,29,240,19.940476190476193,9.821428571428571,10.119047619047619,80.05952380952381,8.630952380952381,71.42857142857143
E00095341,338,85,34,51,253,24,229,25.14792899408284,10.059171597633137,15.088757396449704,74.85207100591717,7.100591715976331,67.75147928994083
E00095342,253,67,27,40,186,22,164,26.48221343873518,10.67193675889328,15.810276679841898,73.51778656126481,8.695652173913043,64.82213438735178
E00095343,455,101,37,64,354,37,317,22.197802197802197,8.131868131868131,14.065934065934066,77.80219780219781,8.131868131868131,69.67032967032966
E00095344,301,50,22,28,251,27,224,16.611295681063122,7.308970099667775,9.30232558139535,83.38870431893687,8.970099667774086,74.4186046511628
E00095345,276,44,22,22,232,29,203,15.942028985507244,7.971014492753622,7.971014492753622,84.05797101449275,10.507246376811594,73.55072463768117
E00095346,295,91,45,46,204,15,189,30.847457627118647,15.254237288135593,15.593220338983052,69.15254237288136,5.084745762711865,64.0677966101695
E00095347,262,56,23,33,206,10,196,21.374045801526716,8.778625954198473,12.595419847328243,78.62595419847328,3.816793893129771,74.80916030534351
E00095348,301,60,33,27,241,19,222,19.93355481727575,10.96345514950166,8.970099667774086,80.06644518272425,6.312292358803987,73.75415282392026
E00095349,369,61,27,34,308,19,289,16.53116531165312,7.317073170731707,9.214092140921409,83.46883468834689,5.149051490514905,78.31978319783198
E00095350,255,44,22,22,211,26,185,17.254901960784313,8.627450980392156,8.627450980392156,82.74509803921568,10.196078431372548,72.54901960784314
E00095351,317,51,16,35,266,23,243,16.08832807570978,5.047318611987381,11.041009463722396,83.91167192429022,7.255520504731862,76.65615141955836
E00095352,376,45,15,30,331,26,305,11.96808510638298,3.9893617021276597,7.9787234042553195,88.03191489361703,6.914893617021277,81.11702127659575
E00095353,330,42,11,31,288,25,263,12.727272727272727,3.3333333333333335,9.393939393939393,87.27272727272727,7.575757575757576,79.6969696969697
E00095354,267,44,14,30,223,16,207,16.479400749063668,5.2434456928838955,11.235955056179774,83.52059925093633,5.992509363295881,77.52808988764045
E00095355,386,45,11,34,341,33,308,11.658031088082902,2.849740932642487,8.808290155440414,88.3419689119171,8.549222797927461,79.79274611398964
E00095356,277,57,24,33,220,22,198,20.577617328519857,8.664259927797833,11.913357400722022,79.42238267148014,7.9422382671480145,71.48014440433214
E00095357,323,56,12,44,267,35,232,17.3374613003096,3.7151702786377707,13.622291021671826,82.6625386996904,10.8359133126935,71.8266253869969
E00095358,321,64,28,36,257,32,225,19.937694704049843,8.722741433021806,11.214953271028037,80.06230529595015,9.968847352024921,70.09345794392523
E00095359,281,52,21,31,229,34,195,18.505338078291814,7.473309608540925,11.032028469750891,81.49466192170819,12.099644128113878,69.3950177935943
E00095360,321,57,20,37,264,25,239,17.75700934579439,6.230529595015576,11.526479750778815,82.2429906542056,7.78816199376947,74.45482866043614
E00095361,323,81,37,44,242,30,212,25.077399380804955,11.455108359133128,13.622291021671826,74.92260061919505,9.287925696594428,65.63467492260062
E00095362,119,23,7,16,96,6,90,19.327731092436977,5.88235294117647,13.445378151260504,80.67226890756302,5.042016806722689,75.63025210084034
E00095363,511,85,34,51,426,36,390,16.634050880626223,6.653620352250488,9.980430528375733,83.36594911937377,7.045009784735812,76.32093933463796
E00095364,336,21,3,18,315,26,289,6.25,0.8928571428571428,5.357142857142857,93.75,7.738095238095238,86.01190476190477
E00095365,285,85,54,31,200,11,189,29.82456140350877,18.947368421052634,10.87719298245614,70.17543859649122,3.8596491228070176,66.3157894736842
E00095366,298,63,34,29,235,25,210,21.140939597315437,11.409395973154362,9.731543624161073,78.85906040268456,8.389261744966444,70.46979865771812
E00095368,475,75,25,50,400,35,365,15.789473684210526,5.263157894736842,10.526315789473683,84.21052631578947,7.368421052631578,76.84210526315789
E00095370,186,70,41,29,116,13,103,37.634408602150536,22.043010752688172,15.591397849462366,62.365591397849464,6.989247311827956,55.376344086021504
E00095371,292,61,23,38,231,15,216,20.89041095890411,7.876712328767123,13.013698630136986,79.1095890410959,5.136986301369863,73.97260273972603
E00095372,299,53,20,33,246,21,225,17.725752508361204,6.688963210702341,11.036789297658862,82.2742474916388,7.023411371237458,75.25083612040135
E00095373,260,50,19,31,210,25,185,19.230769230769234,7.307692307692308,11.923076923076923,80.76923076923077,9.615384615384617,71.15384615384616
E00095374,316,60,21,39,256,24,232,18.9873417721519,6.6455696202531636,12.341772151898734,81.0126582278481,7.59493670886076,73.41772151898735
E00095375,562,125,49,76,437,41,396,22.24199288256228,8.718861209964412,13.523131672597867,77.75800711743773,7.295373665480427,70.46263345195729
E00095378,323,71,31,40,252,24,228,21.981424148606813,9.597523219814242,12.38390092879257,78.0185758513932,7.430340557275541,70.58823529411765
E00095379,236,57,29,28,179,17,162,24.152542372881356,12.288135593220339,11.864406779661017,75.84745762711864,7.203389830508475,68.64406779661016
E00095380,356,50,19,31,306,28,278,14.04494382022472,5.337078651685393,8.707865168539326,85.95505617977528,7.865168539325842,78.08988764044943
E00095381,299,66,35,31,233,23,210,22.073578595317723,11.705685618729097,10.367892976588628,77.92642140468227,7.6923076923076925,70.23411371237458
E00095382,310,75,33,42,235,27,208,24.193548387096776,10.64516129032258,13.548387096774196,75.80645161290323,8.709677419354838,67.0967741935484
E00095383,264,59,17,42,205,25,180,22.348484848484848,6.4393939393939394,15.909090909090908,77.65151515151516,9.469696969696969,68.18181818181817
E00095384,265,101,58,43,164,17,147,38.113207547169814,21.88679245283019,16.22641509433962,61.886792452830186,6.415094339622642,55.471698113207545
E00095385,291,58,17,41,233,24,209,19.93127147766323,5.841924398625429,14.0893470790378,80.06872852233677,8.24742268041237,71.8213058419244
E00095386,295,81,47,34,214,10,204,27.45762711864407,15.932203389830507,11.525423728813559,72.54237288135593,3.389830508474576,69.15254237288136
E00095387,188,39,18,21,149,19,130,20.74468085106383,9.574468085106384,11.170212765957446,79.25531914893617,10.106382978723403,69.14893617021278
E00095388,259,62,27,35,197,22,175,23.93822393822394,10.424710424710424,13.513513513513514,76.06177606177607,8.494208494208493,67.56756756756756
E00095389,333,52,21,31,281,29,252,15.615615615615615,6.306306306306306,9.30930930930931,84.38438438438438,8.708708708708707,75.67567567567568
E00095390,255,64,25,39,191,21,170,25.098039215686274,9.803921568627452,15.294117647058824,74.90196078431373,8.235294117647058,66.66666666666666
E00095391,284,52,29,23,232,17,215,18.30985915492958,10.211267605633804,8.098591549295776,81.69014084507043,5.985915492957746,75.70422535211267
E00095392,272,64,26,38,208,18,190,23.52941176470588,9.558823529411764,13.970588235294118,76.47058823529412,6.61764705882353,69.85294117647058
E00095393,343,67,32,35,276,20,256,19.533527696793,9.329446064139942,10.204081632653061,80.466472303207,5.830903790087463,74.63556851311954
E00095394,276,57,24,33,219,15,204,20.652173913043477,8.695652173913043,11.956521739130435,79.34782608695652,5.434782608695652,73.91304347826086
E00095395,260,62,29,33,198,20,178,23.846153846153847,11.153846153846155,12.692307692307692,76.15384615384615,7.6923076923076925,68.46153846153847
E00095396,271,59,33,26,212,14,198,21.771217712177123,12.177121771217712,9.59409594095941,78.22878228782287,5.166051660516605,73.06273062730627
E00095397,479,100,47,53,379,32,347,20.876826722338205,9.812108559498958,11.064718162839249,79.12317327766179,6.6805845511482245,72.44258872651356
E00095398,264,34,13,21,230,25,205,12.878787878787879,4.924242424242424,7.954545454545454,87.12121212121212,9.469696969696969,77.65151515151516
E00095399,324,57,20,37,267,29,238,17.59259259259259,6.172839506172839,11.419753086419753,82.4074074074074,8.950617283950617,73.4567901234568
E00095400,455,85,38,47,370,40,330,18.681318681318682,8.35164835164835,10.329670329670328,81.31868131868131,8.791208791208792,72.52747252747253
E00095401,233,52,13,39,181,14,167,22.317596566523605,5.579399141630901,16.738197424892704,77.6824034334764,6.008583690987124,71.67381974248927
E00095402,394,84,34,50,310,36,274,21.31979695431472,8.629441624365482,12.690355329949238,78.68020304568529,9.137055837563452,69.54314720812182
E00095403,221,55,22,33,166,15,151,24.8868778280543,9.95475113122172,14.93212669683258,75.1131221719457,6.787330316742081,68.32579185520362
E00095404,537,105,33,72,432,44,388,19.553072625698324,6.145251396648044,13.40782122905028,80.44692737430168,8.193668528864059,72.25325884543761
E00095405,343,56,24,32,287,33,254,16.3265306122449,6.997084548104956,9.329446064139942,83.6734693877551,9.620991253644315,74.05247813411079
E00095406,352,91,41,50,261,20,241,25.85227272727273,11.647727272727272,14.204545454545455,74.14772727272727,5.681818181818182,68.4659090909091
E00095407,285,85,38,47,200,24,176,29.82456140350877,13.333333333333334,16.49122807017544,70.17543859649122,8.421052631578947,61.75438596491228
E00095408,318,76,34,42,242,37,205,23.89937106918239,10.69182389937107,13.20754716981132,76.10062893081762,11.635220125786164,64.46540880503144
E00095409,405,70,33,37,335,40,295,17.28395061728395,8.148148148148149,9.135802469135802,82.71604938271605,9.876543209876543,72.8395061728395
E00095410,415,86,39,47,329,21,308,20.722891566265062,9.397590361445783,11.325301204819278,79.27710843373494,5.0602409638554215,74.21686746987952
E00095411,287,82,35,47,205,24,181,28.57142857142857,12.195121951219512,16.376306620209057,71.42857142857143,8.362369337979095,63.06620209059234
E00095412,261,71,32,39,190,22,168,27.203065134099617,12.260536398467432,14.942528735632186,72.79693486590038,8.42911877394636,64.36781609195403
E00095413,203,43,17,26,160,17,143,21.182266009852217,8.374384236453201,12.807881773399016,78.81773399014779,8.374384236453201,70.44334975369459
E00095414,220,82,47,35,138,10,128,37.27272727272727,21.363636363636363,15.909090909090908,62.727272727272734,4.545454545454546,58.18181818181818
E00095415,332,72,30,42,260,25,235,21.686746987951807,9.036144578313253,12.650602409638553,78.3132530120482,7.530120481927711,70.78313253012048
E00095416,379,127,68,59,252,16,236,33.50923482849604,17.941952506596305,15.567282321899736,66.49076517150397,4.221635883905013,62.26912928759894
E00095417,411,68,29,39,343,32,311,16.54501216545012,7.0559610705596105,9.48905109489051,83.45498783454988,7.785888077858881,75.669099756691
E00095418,584,108,51,57,476,42,434,18.493150684931507,8.732876712328768,9.76027397260274,81.5068493150685,7.191780821917808,74.31506849315068
E00095419,328,69,29,40,259,16,243,21.036585365853657,8.841463414634147,12.195121951219512,78.96341463414635,4.878048780487805,74.08536585365853
E00095420,286,62,31,31,224,22,202,21.678321678321677,10.839160839160838,10.839160839160838,78.32167832167832,7.6923076923076925,70.62937062937063
E00095421,354,89,41,48,265,24,241,25.141242937853107,11.581920903954803,13.559322033898304,74.85875706214689,6.779661016949152,68.07909604519774
E00095422,438,87,24,63,351,23,328,19.863013698630137,5.47945205479452,14.383561643835616,80.13698630136986,5.251141552511415,74.88584474885845
E00095423,356,66,21,45,290,35,255,18.53932584269663,5.8988764044943816,12.640449438202248,81.46067415730337,9.831460674157304,71.62921348314607
E00095425,371,91,45,46,280,20,260,24.528301886792452,12.129380053908356,12.398921832884097,75.47169811320755,5.3908355795148255,70.08086253369272
E00095426,273,45,18,27,228,20,208,16.483516483516482,6.593406593406594,9.89010989010989,83.51648351648352,7.326007326007327,76.19047619047619
E00095427,512,77,26,51,435,34,401,15.0390625,5.078125,9.9609375,84.9609375,6.640625,78.3203125
E00095428,246,40,15,25,206,24,182,16.260162601626014,6.097560975609756,10.16260162601626,83.73983739837398,9.75609756097561,73.98373983739837
E00095430,249,59,31,28,190,23,167,23.694779116465863,12.449799196787147,11.244979919678714,76.30522088353415,9.236947791164658,67.06827309236948
E00095431,324,61,18,43,263,34,229,18.82716049382716,5.555555555555555,13.271604938271606,81.17283950617285,10.493827160493826,70.67901234567901
E00095436,216,50,19,31,166,12,154,23.14814814814815,8.796296296296296,14.351851851851851,76.85185185185185,5.555555555555555,71.29629629629629
E00095437,298,56,21,35,242,22,220,18.79194630872483,7.046979865771812,11.74496644295302,81.20805369127517,7.38255033557047,73.8255033557047
E00095438,227,70,27,43,157,12,145,30.837004405286343,11.894273127753303,18.94273127753304,69.16299559471366,5.286343612334802,63.87665198237885
E00095439,350,64,20,44,286,30,256,18.285714285714285,5.714285714285714,12.571428571428573,81.71428571428572,8.571428571428571,73.14285714285714
E00095440,338,73,19,54,265,30,235,21.597633136094675,5.621301775147929,15.976331360946746,78.40236686390533,8.875739644970414,69.5266272189349
E00095441,328,64,29,35,264,25,239,19.51219512195122,8.841463414634147,10.670731707317072,80.48780487804879,7.621951219512195,72.86585365853658
E00095442,459,109,48,61,350,38,312,23.74727668845316,10.457516339869281,13.28976034858388,76.25272331154684,8.278867102396514,67.97385620915033
E00095443,221,36,17,19,185,23,162,16.289592760180994,7.6923076923076925,8.597285067873303,83.710407239819,10.407239819004525,73.303167420814475
E00095444,360,55,16,39,305,30,275,15.277777777777779,4.444444444444445,10.833333333333334,84.72222222222221,8.333333333333332,76.38888888888889
E00095445,327,63,29,34,264,30,234,19.26605504587156,8.868501529051988,10.397553516819572,80.73394495412845,9.174311926605505,71.55963302752293
E00095447,173,35,16,19,138,8,130,20.23121387283237,9.248554913294797,10.982658959537572,79.76878612716763,4.624277456647398,75.14450867052022
E00095448,346,51,14,37,295,30,265,14.739884393063585,4.046242774566474,10.69364161849711,85.26011560693641,8.670520231213873,76.58959537572254
E00095449,363,90,37,53,273,25,248,24.793388429752067,10.192837465564738,14.600550964187327,75.20661157024794,6.887052341597796,68.31955922865014
E00095450,199,40,11,29,159,16,143,20.100502512562816,5.527638190954774,14.572864321608039,79.89949748743719,8.040201005025125,71.85929648241206
E00095451,295,70,33,37,225,28,197,23.728813559322035,11.186440677966102,12.54237288135593,76.27118644067797,9.491525423728813,66.77966101694915
E00095452,153,27,9,18,126,6,120,17.647058823529413,5.88235294117647,11.76470588235294,82.35294117647058,3.9215686274509802,78.43137254901961
E00095453,344,71,28,43,273,26,247,20.63953488372093,8.13953488372093,12.5,79.36046511627907,7.55813953488372,71.80232558139535
E00095454,265,96,54,42,169,35,134,36.22641509433962,20.37735849056604,15.849056603773585,63.77358490566037,13.20754716981132,50.56603773584906
E00095455,263,42,12,30,221,27,194,15.96958174904943,4.562737642585551,11.406844106463879,84.03041825095056,10.26615969581749,73.76425855513308
E00095456,422,102,41,61,320,23,297,24.170616113744074,9.715639810426541,14.454976303317535,75.82938388625593,5.450236966824645,70.37914691943128
E00095457,179,42,16,26,137,16,121,23.463687150837988,8.938547486033519,14.52513966480447,76.53631284916202,8.938547486033519,67.59776536312849
E00095458,151,30,14,16,121,14,107,19.867549668874172,9.271523178807946,10.596026490066226,80.13245033112582,9.271523178807946,70.86092715231787
E00095459,407,69,32,37,338,37,301,16.953316953316953,7.862407862407863,9.090909090909092,83.04668304668304,9.090909090909092,73.95577395577395
E00095460,267,56,17,39,211,22,189,20.973782771535582,6.367041198501873,14.606741573033707,79.02621722846442,8.239700374531834,70.78651685393258
E00095461,193,46,17,29,147,15,132,23.83419689119171,8.808290155440414,15.025906735751295,76.16580310880829,7.772020725388601,68.39378238341969
E00095462,288,37,9,28,251,29,222,12.847222222222221,3.125,9.722222222222223,87.15277777777779,10.069444444444445,77.08333333333334
E00095463,279,57,20,37,222,24,198,20.43010752688172,7.168458781362006,13.261648745519713,79.56989247311827,8.60215053763441,70.96774193548387
E00095464,457,100,40,60,357,47,310,21.88183807439825,8.752735229759299,13.129102844638949,78.11816192560175,10.284463894967178,67.83369803063457
E00095465,220,52,19,33,168,21,147,23.636363636363637,8.636363636363637,15,76.36363636363637,9.545454545454547,66.81818181818183
E00095466,203,46,15,31,157,12,145,22.660098522167488,7.389162561576355,15.270935960591133,77.33990147783251,5.911330049261084,71.42857142857143
E00095467,249,54,25,29,195,22,173,21.686746987951807,10.040160642570282,11.646586345381527,78.3132530120482,8.835341365461847,69.47791164658635
E00095468,228,55,25,30,173,19,154,24.12280701754386,10.964912280701753,13.157894736842104,75.87719298245614,8.333333333333332,67.54385964912281
E00095469,366,58,26,32,308,36,272,15.846994535519126,7.103825136612022,8.743169398907105,84.15300546448088,9.836065573770492,74.31693989071039
E00095470,422,71,23,48,351,25,326,16.824644549763033,5.450236966824645,11.374407582938389,83.17535545023696,5.924170616113744,77.25118483412322
E00095471,439,91,39,52,348,32,316,20.72892938496583,8.88382687927107,11.845102505694761,79.27107061503416,7.289293849658314,71.98177676537586
E00095472,385,92,43,49,293,22,271,23.896103896103895,11.168831168831169,12.727272727272727,76.1038961038961,5.714285714285714,70.3896103896104
E00095473,294,61,20,41,233,23,210,20.74829931972789,6.802721088435375,13.945578231292515,79.25170068027211,7.8231292517006805,71.42857142857143
E00095474,218,48,24,24,170,23,147,22.018348623853214,11.009174311926607,11.009174311926607,77.98165137614679,10.550458715596331,67.43119266055045
E00095475,377,127,68,59,250,26,224,33.687002652519894,18.037135278514587,15.649867374005305,66.3129973474801,6.896551724137931,59.41644562334217
E00095476,288,48,19,29,240,17,223,16.666666666666664,6.597222222222222,10.069444444444445,83.33333333333334,5.902777777777778,77.43055555555556
E00095477,261,56,31,25,205,10,195,21.455938697318008,11.877394636015326,9.578544061302683,78.544061302682,3.8314176245210727,74.71264367816092
E00095478,288,61,23,38,227,23,204,21.180555555555554,7.986111111111111,13.194444444444445,78.81944444444444,7.986111111111111,70.83333333333334
E00095479,244,91,55,36,153,16,137,37.295081967213115,22.540983606557376,14.754098360655737,62.704918032786885,6.557377049180328,56.14754098360656
E00095480,304,67,27,40,237,32,205,22.039473684210524,8.881578947368421,13.157894736842104,77.96052631578947,10.526315789473683,67.43421052631578
E00095481,217,49,21,28,168,24,144,22.58064516129032,9.67741935483871,12.903225806451612,77.41935483870968,11.059907834101383,66.3594470046083
E00095482,364,105,44,61,259,21,238,28.846153846153843,12.087912087912088,16.758241758241756,71.15384615384616,5.769230769230769,65.38461538461539
E00095483,501,107,38,69,394,34,360,21.35728542914172,7.584830339321358,13.77245508982036,78.64271457085829,6.786427145708583,71.8562874251497
E00095484,249,58,25,33,191,15,176,23.293172690763054,10.040160642570282,13.253012048192772,76.70682730923694,6.024096385542169,70.68273092369478
E00095485,274,56,26,30,218,13,205,20.437956204379564,9.48905109489051,10.948905109489052,79.56204379562044,4.744525547445255,74.81751824817519
E00095486,396,94,41,53,302,28,274,23.737373737373737,10.353535353535353,13.383838383838384,76.26262626262627,7.07070707070707,69.1919191919192
E00095487,460,116,43,73,344,22,322,25.217391304347824,9.347826086956522,15.869565217391305,74.78260869565217,4.782608695652174,70
E00095488,256,48,17,31,208,17,191,18.75,6.640625,12.109375,81.25,6.640625,74.609375
E00095489,312,82,52,30,230,17,213,26.282051282051285,16.666666666666664,9.615384615384617,73.71794871794873,5.448717948717949,68.26923076923077
E00095490,261,84,47,37,177,8,169,32.18390804597701,18.007662835249043,14.17624521072797,67.81609195402298,3.065134099616858,64.75095785440614
E00095491,290,84,44,40,206,14,192,28.965517241379313,15.172413793103448,13.793103448275861,71.03448275862068,4.827586206896552,66.20689655172414
E00095492,333,61,16,45,272,26,246,18.31831831831832,4.804804804804805,13.513513513513514,81.68168168168168,7.807807807807808,73.87387387387388
E00095493,359,97,50,47,262,24,238,27.019498607242337,13.92757660167131,13.09192200557103,72.98050139275766,6.685236768802229,66.29526462395543
E00095494,311,96,45,51,215,19,196,30.86816720257235,14.469453376205788,16.39871382636656,69.13183279742765,6.109324758842444,63.022508038585215
E00095495,443,71,33,38,372,30,342,16.02708803611738,7.44920993227991,8.577878103837472,83.97291196388262,6.772009029345373,77.20090293453724
E00095496,392,59,22,37,333,28,305,15.051020408163266,5.612244897959184,9.438775510204081,84.94897959183673,7.142857142857142,77.8061224489796
E00095497,387,77,34,43,310,33,277,19.896640826873384,8.785529715762273,11.11111111111111,80.10335917312662,8.527131782945736,71.57622739018088
E00095498,551,95,33,62,456,44,412,17.24137931034483,5.9891107078039925,11.252268602540836,82.75862068965517,7.985480943738657,74.77313974591652
E00095499,314,82,40,42,232,21,211,26.11464968152866,12.738853503184714,13.375796178343949,73.88535031847134,6.687898089171974,67.19745222929936
E00095500,521,95,42,53,426,39,387,18.234165067178505,8.061420345489443,10.17274472168906,81.7658349328215,7.485604606525912,74.28023032629558
E00095501,428,73,31,42,355,30,325,17.056074766355138,7.242990654205607,9.813084112149532,82.94392523364486,7.009345794392523,75.93457943925233
E00095502,362,74,33,41,288,30,258,20.441988950276244,9.116022099447514,11.32596685082873,79.55801104972376,8.287292817679557,71.27071823204419
E00095503,363,111,52,59,252,20,232,30.57851239669421,14.325068870523417,16.2534435261708,69.42148760330579,5.5096418732782375,63.91184573002755
E00095504,350,82,31,51,268,22,246,23.42857142857143,8.857142857142856,14.571428571428571,76.57142857142857,6.2857142857142865,70.28571428571428
E00095506,308,54,23,31,254,18,236,17.532467532467532,7.467532467532467,10.064935064935066,82.46753246753246,5.844155844155844,76.62337662337663
E00095507,333,83,32,51,250,21,229,24.924924924924923,9.60960960960961,15.315315315315313,75.07507507507508,6.306306306306306,68.76876876876878
E00095508,405,79,37,42,326,26,300,19.50617283950617,9.135802469135802,10.37037037037037,80.49382716049382,6.419753086419753,74.07407407407408
E00095510,441,82,31,51,359,37,322,18.594104308390023,7.029478458049887,11.564625850340136,81.40589569160997,8.390022675736962,73.01587301587301
E00095511,521,93,42,51,428,32,396,17.85028790786948,8.061420345489443,9.788867562380037,82.14971209213053,6.142034548944338,76.00767754318618
E00095512,361,64,19,45,297,25,272,17.72853185595568,5.263157894736842,12.465373961218837,82.27146814404432,6.9252077562326875,75.34626038781164
E00095513,304,57,30,27,247,23,224,18.75,9.868421052631579,8.881578947368421,81.25,7.565789473684211,73.68421052631578
E00095514,380,89,35,54,291,21,270,23.42105263157895,9.210526315789473,14.210526315789473,76.57894736842105,5.526315789473684,71.05263157894737
E00095515,310,56,20,36,254,30,224,18.064516129032256,6.451612903225806,11.612903225806452,81.93548387096774,9.67741935483871,72.25806451612902
E00095516,336,44,16,28,292,22,270,13.095238095238097,4.761904761904762,8.333333333333332,86.90476190476191,6.547619047619048,80.35714285714286
E00095517,270,69,27,42,201,21,180,25.555555555555554,10,15.555555555555555,74.44444444444444,7.777777777777778,66.66666666666666
E00095518,231,57,21,36,174,17,157,24.675324675324674,9.090909090909092,15.584415584415584,75.32467532467533,7.35930735930736,67.96536796536796
E00095519,302,50,23,27,252,28,224,16.55629139072848,7.6158940397351,8.940397350993377,83.44370860927152,9.271523178807946,74.17218543046357
E00095520,438,87,35,52,351,39,312,19.863013698630137,7.9908675799086755,11.87214611872146,80.13698630136986,8.904109589041095,71.23287671232876
E00095521,372,93,38,55,279,28,251,25,10.21505376344086,14.78494623655914,75,7.526881720430108,67.47311827956989
E00095522,410,62,25,37,348,36,312,15.121951219512194,6.097560975609756,9.024390243902438,84.8780487804878,8.780487804878048,76.09756097560975
E00095523,330,68,26,42,262,22,240,20.606060606060606,7.878787878787878,12.727272727272727,79.39393939393939,6.666666666666667,72.72727272727273
E00095524,324,51,15,36,273,31,242,15.74074074074074,4.62962962962963,11.11111111111111,84.25925925925925,9.5679012345679,74.69135802469135
E00095525,315,63,23,40,252,24,228,20,7.301587301587302,12.698412698412698,80,7.6190476190476195,72.38095238095238
E00095526,358,82,38,44,276,24,252,22.905027932960895,10.614525139664805,12.290502793296088,77.09497206703911,6.70391061452514,70.39106145251397
E00095527,316,66,27,39,250,22,228,20.88607594936709,8.544303797468354,12.341772151898734,79.11392405063292,6.962025316455696,72.15189873417721
E00095528,288,52,16,36,236,26,210,18.055555555555554,5.555555555555555,12.5,81.94444444444444,9.027777777777777,72.91666666666666
E00095529,210,60,30,30,150,10,140,28.57142857142857,14.285714285714285,14.285714285714285,71.42857142857143,4.761904761904762,66.66666666666666
E00095530,235,68,32,36,167,22,145,28.936170212765955,13.617021276595745,15.319148936170212,71.06382978723404,9.361702127659575,61.702127659574465
E00095533,378,87,37,50,291,24,267,23.015873015873016,9.788359788359788,13.227513227513226,76.98412698412699,6.349206349206349,70.63492063492063
E00095534,312,107,36,71,205,21,184,34.294871794871796,11.538461538461538,22.756410256410255,65.7051282051282,6.730769230769231,58.97435897435898
E00095535,384,102,56,46,282,24,258,26.5625,14.583333333333334,11.979166666666668,73.4375,6.25,67.1875
E00095536,301,62,31,31,239,26,213,20.59800664451827,10.299003322259136,10.299003322259136,79.40199335548172,8.637873754152823,70.7641196013289
E00095537,360,66,26,40,294,24,270,18.333333333333332,7.222222222222221,11.11111111111111,81.66666666666667,6.666666666666667,75
E00095538,172,39,13,26,133,18,115,22.674418604651162,7.55813953488372,15.11627906976744,77.32558139534885,10.465116279069768,66.86046511627907
E00095539,251,55,13,42,196,19,177,21.91235059760956,5.179282868525896,16.733067729083665,78.08764940239044,7.569721115537849,70.5179282868526
E00095540,297,59,16,43,238,28,210,19.865319865319865,5.387205387205387,14.47811447811448,80.13468013468014,9.427609427609427,70.70707070707071
E00095541,356,64,22,42,292,36,256,17.97752808988764,6.179775280898876,11.797752808988763,82.02247191011236,10.112359550561797,71.91011235955057
E00095542,331,49,19,30,282,26,256,14.803625377643503,5.740181268882175,9.06344410876133,85.1963746223565,7.854984894259818,77.34138972809667
E00095543,304,54,18,36,250,18,232,17.763157894736842,5.921052631578947,11.842105263157894,82.23684210526315,5.921052631578947,76.31578947368422
E00095544,388,59,19,40,329,25,304,15.206185567010309,4.896907216494846,10.309278350515463,84.79381443298969,6.443298969072164,78.35051546391753
E00095545,340,67,26,41,273,26,247,19.705882352941178,7.647058823529412,12.058823529411764,80.29411764705883,7.647058823529412,72.6470588235294
E00095546,318,60,12,48,258,25,233,18.867924528301888,3.7735849056603774,15.09433962264151,81.13207547169812,7.861635220125786,73.27044025157232
E00095547,211,47,29,18,164,15,149,22.274881516587676,13.744075829383887,8.530805687203792,77.72511848341233,7.109004739336493,70.61611374407583
E00095548,447,76,28,48,371,39,332,17.002237136465325,6.263982102908278,10.738255033557047,82.99776286353467,8.724832214765101,74.27293064876957
E00095549,379,58,21,37,321,35,286,15.303430079155673,5.540897097625329,9.762532981530343,84.69656992084433,9.234828496042216,75.46174142480211
E00095550,359,59,16,43,300,19,281,16.434540389972145,4.456824512534819,11.977715877437326,83.56545961002786,5.2924791086350975,78.27298050139275
E00095551,344,66,31,35,278,26,252,19.186046511627907,9.011627906976743,10.174418604651162,80.81395348837209,7.55813953488372,73.25581395348837
E00095552,330,74,23,51,256,28,228,22.424242424242426,6.969696969696971,15.454545454545453,77.57575757575758,8.484848484848486,69.0909090909091
E00095553,359,56,19,37,303,35,268,15.598885793871867,5.2924791086350975,10.30640668523677,84.40111420612814,9.749303621169917,74.65181058495823
E00095554,363,69,31,38,294,24,270,19.00826446280992,8.539944903581267,10.46831955922865,80.99173553719008,6.6115702479338845,74.3801652892562
E00095555,417,72,27,45,345,37,308,17.26618705035971,6.474820143884892,10.79136690647482,82.73381294964028,8.872901678657074,73.86091127098321
E00095556,487,88,26,62,399,41,358,18.069815195071868,5.338809034907597,12.73100616016427,81.93018480492813,8.41889117043121,73.51129363449692
E00095557,391,64,17,47,327,25,302,16.36828644501279,4.3478260869565215,12.020460358056265,83.63171355498721,6.3938618925831205,77.23785166240408
E00095558,286,36,16,20,250,18,232,12.587412587412588,5.594405594405594,6.993006993006993,87.41258741258741,6.293706293706294,81.11888111888112
E00095559,437,70,30,40,367,41,326,16.018306636155607,6.864988558352403,9.153318077803203,83.98169336384439,9.382151029748284,74.59954233409611
E00095560,273,56,18,38,217,20,197,20.51282051282051,6.593406593406594,13.91941391941392,79.48717948717949,7.326007326007327,72.16117216117216
E00095561,406,79,37,42,327,39,288,19.458128078817737,9.113300492610838,10.344827586206897,80.54187192118226,9.60591133004926,70.93596059113301
E00095562,282,77,44,33,205,20,185,27.30496453900709,15.602836879432624,11.702127659574469,72.69503546099291,7.092198581560284,65.60283687943263
E00095563,337,52,24,28,285,31,254,15.43026706231454,7.121661721068249,8.30860534124629,84.56973293768546,9.198813056379821,75.37091988130564
E00095564,462,89,34,55,373,35,338,19.264069264069263,7.35930735930736,11.904761904761903,80.73593073593074,7.575757575757576,73.16017316017316
E00095565,328,67,28,39,261,30,231,20.426829268292682,8.536585365853659,11.890243902439025,79.57317073170732,9.146341463414634,70.42682926829268
E00095566,366,91,38,53,275,31,244,24.863387978142075,10.382513661202186,14.48087431693989,75.13661202185791,8.469945355191257,66.66666666666666
E00095567,292,56,23,33,236,18,218,19.17808219178082,7.876712328767123,11.301369863013697,80.82191780821918,6.164383561643835,74.65753424657534
E00095568,163,30,6,24,133,11,122,18.404907975460123,3.6809815950920246,14.723926380368098,81.59509202453987,6.748466257668712,74.84662576687117
E00095569,320,63,25,38,257,29,228,19.6875,7.8125,11.875,80.3125,9.0625,71.25
E00095570,336,77,27,50,259,31,228,22.916666666666664,8.035714285714286,14.880952380952381,77.08333333333334,9.226190476190476,67.85714285714286
E00095571,301,48,17,31,253,22,231,15.946843853820598,5.647840531561462,10.299003322259136,84.0531561461794,7.308970099667775,76.74418604651163
E00095572,290,58,24,34,232,18,214,20,8.275862068965518,11.724137931034482,80,6.206896551724138,73.79310344827587
E00095573,232,51,20,31,181,16,165,21.982758620689655,8.620689655172415,13.36206896551724,78.01724137931035,6.896551724137931,71.12068965517241
E00095574,341,87,30,57,254,25,229,25.513196480938415,8.797653958944283,16.715542521994134,74.48680351906158,7.331378299120235,67.15542521994135
E00095575,361,76,26,50,285,26,259,21.052631578947366,7.202216066481995,13.850415512465375,78.94736842105263,7.202216066481995,71.74515235457064
E00095576,313,55,24,31,258,22,236,17.57188498402556,7.667731629392971,9.904153354632587,82.42811501597444,7.0287539936102235,75.39936102236422
E00095577,295,50,16,34,245,20,225,16.94915254237288,5.423728813559322,11.525423728813559,83.05084745762711,6.779661016949152,76.27118644067797
E00095578,287,48,22,26,239,21,218,16.72473867595819,7.665505226480835,9.059233449477352,83.27526132404182,7.317073170731707,75.9581881533101
E00095579,416,87,36,51,329,27,302,20.91346153846154,8.653846153846153,12.259615384615383,79.08653846153845,6.490384615384616,72.59615384615384
E00095580,292,96,51,45,196,21,175,32.87671232876712,17.465753424657535,15.41095890410959,67.12328767123287,7.191780821917808,59.93150684931506
E00095581,295,65,33,32,230,25,205,22.033898305084744,11.186440677966102,10.847457627118644,77.96610169491525,8.47457627118644,69.49152542372882
E00095582,413,97,44,53,316,35,281,23.486682808716708,10.653753026634384,12.832929782082324,76.51331719128329,8.47457627118644,68.03874092009686
E00095583,250,54,22,32,196,11,185,21.6,8.799999999999999,12.8,78.4,4.3999999999999995,74
E00095584,285,36,16,20,249,21,228,12.631578947368421,5.614035087719298,7.017543859649122,87.36842105263159,7.368421052631578,80
E00095585,265,67,28,39,198,23,175,25.28301886792453,10.566037735849058,14.716981132075471,74.71698113207546,8.679245283018867,66.0377358490566
E00095586,304,63,25,38,241,18,223,20.723684210526315,8.223684210526317,12.5,79.27631578947368,5.921052631578947,73.35526315789474
E00095588,558,124,53,71,434,41,393,22.22222222222222,9.498207885304659,12.724014336917563,77.77777777777779,7.347670250896058,70.43010752688173
E00095589,283,83,45,38,200,14,186,29.328621908127207,15.901060070671377,13.427561837455832,70.6713780918728,4.946996466431095,65.7243816254417
E00095590,283,69,33,36,214,21,193,24.381625441696116,11.66077738515901,12.7208480565371,75.61837455830388,7.420494699646643,68.19787985865725
E00095591,281,72,37,35,209,18,191,25.622775800711743,13.167259786476867,12.455516014234876,74.37722419928826,6.405693950177936,67.97153024911033
E00095592,269,73,44,29,196,13,183,27.137546468401485,16.356877323420075,10.780669144981413,72.86245353159852,4.83271375464684,68.02973977695167
E00095593,350,66,25,41,284,28,256,18.857142857142858,7.142857142857142,11.714285714285715,81.14285714285714,8,73.14285714285714
E00095594,273,62,28,34,211,18,193,22.71062271062271,10.256410256410255,12.454212454212454,77.2893772893773,6.593406593406594,70.6959706959707
E00095595,217,65,38,27,152,12,140,29.953917050691242,17.51152073732719,12.442396313364055,70.04608294930875,5.529953917050691,64.51612903225806
E00095596,365,102,49,53,263,31,232,27.945205479452056,13.424657534246576,14.520547945205479,72.05479452054794,8.493150684931507,63.561643835616444
E00095597,313,76,32,44,237,17,220,24.281150159744406,10.223642172523961,14.057507987220447,75.71884984025559,5.431309904153355,70.28753993610223
E00095598,361,97,47,50,264,17,247,26.869806094182824,13.019390581717452,13.850415512465375,73.13019390581718,4.7091412742382275,68.42105263157895
E00095599,268,82,40,42,186,11,175,30.597014925373134,14.925373134328357,15.671641791044777,69.40298507462687,4.104477611940299,65.29850746268657
E00095600,231,66,38,28,165,11,154,28.57142857142857,16.450216450216452,12.121212121212121,71.42857142857143,4.761904761904762,66.66666666666666
E00095601,459,118,49,69,341,26,315,25.70806100217865,10.675381263616558,15.032679738562091,74.29193899782135,5.664488017429194,68.62745098039215
E00095602,383,116,53,63,267,28,239,30.287206266318538,13.838120104438643,16.449086161879894,69.71279373368147,7.310704960835509,62.40208877284596
E00095604,553,124,56,68,429,20,409,22.423146473779383,10.126582278481013,12.296564195298371,77.57685352622062,3.616636528028933,73.96021699819168
E00095605,359,93,44,49,266,23,243,25.90529247910863,12.256267409470752,13.649025069637883,74.09470752089136,6.406685236768802,67.68802228412257
E00095606,301,101,55,46,200,26,174,33.5548172757475,18.272425249169437,15.282392026578073,66.44518272425249,8.637873754152823,57.80730897009967
E00095607,340,78,34,44,262,21,241,22.941176470588236,10,12.941176470588237,77.05882352941177,6.176470588235294,70.88235294117648
E00095608,313,66,32,34,247,24,223,21.08626198083067,10.223642172523961,10.86261980830671,78.91373801916933,7.667731629392971,71.24600638977637
E00095609,289,71,29,42,218,25,193,24.567474048442904,10.034602076124568,14.53287197231834,75.4325259515571,8.650519031141869,66.78200692041523
E00095611,277,58,22,36,219,16,203,20.938628158844764,7.9422382671480145,12.996389891696749,79.06137184115524,5.776173285198556,73.28519855595668
E00095612,302,92,47,45,210,23,187,30.4635761589404,15.562913907284766,14.90066225165563,69.5364238410596,7.6158940397351,61.920529801324506
E00095613,429,86,43,43,343,29,314,20.04662004662005,10.023310023310025,10.023310023310025,79.95337995337995,6.75990675990676,73.1934731934732
E00095614,300,64,29,35,236,18,218,21.333333333333336,9.666666666666666,11.666666666666666,78.66666666666666,6,72.66666666666667
E00095615,326,71,22,49,255,27,228,21.779141104294478,6.748466257668712,15.030674846625766,78.22085889570552,8.282208588957054,69.93865030674846
E00095616,458,94,39,55,364,28,336,20.52401746724891,8.51528384279476,12.008733624454148,79.47598253275109,6.11353711790393,73.36244541484717
E00095617,579,76,25,51,503,42,461,13.126079447322972,4.317789291882556,8.808290155440414,86.87392055267703,7.253886010362693,79.62003454231433
E00095618,414,76,31,45,338,25,313,18.357487922705314,7.487922705314009,10.869565217391305,81.64251207729468,6.038647342995169,75.60386473429952
E00095619,289,73,31,42,216,21,195,25.259515570934255,10.726643598615917,14.53287197231834,74.74048442906575,7.26643598615917,67.47404844290658
E00095620,454,108,46,62,346,20,326,23.788546255506606,10.13215859030837,13.656387665198238,76.2114537444934,4.405286343612335,71.80616740088107
E00095622,317,76,35,41,241,23,218,23.974763406940063,11.041009463722396,12.933753943217665,76.02523659305994,7.255520504731862,68.76971608832808
E00095623,248,74,21,53,174,16,158,29.838709677419356,8.46774193548387,21.370967741935484,70.16129032258065,6.451612903225806,63.70967741935484
E00095624,209,62,33,29,147,17,130,29.665071770334926,15.789473684210526,13.875598086124402,70.33492822966507,8.133971291866029,62.20095693779905
E00095625,350,66,21,45,284,32,252,18.857142857142858,6,12.857142857142856,81.14285714285714,9.142857142857142,72
E00095626,428,80,41,39,348,31,317,18.69158878504673,9.579439252336448,9.11214953271028,81.30841121495327,7.242990654205607,74.06542056074767
E00095627,254,98,48,50,156,12,144,38.582677165354326,18.89763779527559,19.68503937007874,61.417322834645674,4.724409448818897,56.69291338582677
E00095628,289,66,31,35,223,20,203,22.837370242214533,10.726643598615917,12.110726643598616,77.16262975778547,6.920415224913495,70.24221453287197
E00095629,305,75,33,42,230,16,214,24.59016393442623,10.819672131147541,13.77049180327869,75.40983606557377,5.245901639344262,70.16393442622952
E00095630,267,54,20,34,213,22,191,20.224719101123593,7.490636704119851,12.734082397003746,79.7752808988764,8.239700374531834,71.53558052434457
E00095631,232,50,25,25,182,22,160,21.551724137931032,10.775862068965516,10.775862068965516,78.44827586206897,9.482758620689655,68.96551724137932
E00095632,213,42,19,23,171,15,156,19.718309859154928,8.92018779342723,10.7981220657277,80.28169014084507,7.042253521126761,73.23943661971832
E00095633,209,54,27,27,155,17,138,25.837320574162682,12.918660287081341,12.918660287081341,74.16267942583733,8.133971291866029,66.02870813397129
E00095634,407,89,52,37,318,29,289,21.867321867321866,12.776412776412776,9.090909090909092,78.13267813267814,7.125307125307126,71.007371007371
E00095635,359,79,31,48,280,29,251,22.00557103064067,8.635097493036211,13.370473537604457,77.99442896935933,8.07799442896936,69.91643454038997
E00095636,286,65,28,37,221,22,199,22.727272727272727,9.79020979020979,12.937062937062937,77.27272727272727,7.6923076923076925,69.58041958041959
E00095637,235,56,21,35,179,9,170,23.829787234042556,8.936170212765958,14.893617021276595,76.17021276595744,3.829787234042553,72.3404255319149
E00095638,395,86,33,53,309,22,287,21.772151898734176,8.354430379746836,13.41772151898734,78.22784810126582,5.5696202531645564,72.65822784810126
E00095640,343,86,32,54,257,26,231,25.072886297376094,9.329446064139942,15.743440233236154,74.9271137026239,7.580174927113703,67.3469387755102
E00095641,315,81,39,42,234,28,206,25.71428571428571,12.380952380952381,13.333333333333334,74.28571428571429,8.88888888888889,65.39682539682539
E00095643,279,94,44,50,185,25,160,33.691756272401435,15.770609318996415,17.921146953405017,66.30824372759857,8.960573476702509,57.34767025089605
E00095644,398,61,32,29,337,35,302,15.326633165829145,8.040201005025125,7.2864321608040195,84.67336683417085,8.793969849246231,75.87939698492463
E00095645,233,32,6,26,201,16,185,13.733905579399142,2.575107296137339,11.158798283261802,86.26609442060087,6.866952789699571,79.39914163090128
E00095646,234,53,28,25,181,25,156,22.64957264957265,11.965811965811966,10.683760683760683,77.35042735042735,10.683760683760683,66.66666666666666
E00095647,418,90,42,48,328,30,298,21.5311004784689,10.047846889952153,11.483253588516746,78.4688995215311,7.177033492822966,71.29186602870813
E00095648,427,65,23,42,362,25,337,15.22248243559719,5.386416861826698,9.836065573770492,84.77751756440281,5.85480093676815,78.92271662763466
E00095649,457,88,44,44,369,37,332,19.25601750547046,9.62800875273523,9.62800875273523,80.74398249452955,8.096280087527353,72.64770240700219
E00095650,300,67,28,39,233,25,208,22.333333333333332,9.333333333333334,13,77.66666666666666,8.333333333333332,69.33333333333334
E00095651,372,97,43,54,275,29,246,26.0752688172043,11.559139784946236,14.516129032258066,73.9247311827957,7.795698924731183,66.12903225806451
E00095652,323,65,23,42,258,23,235,20.123839009287924,7.120743034055728,13.003095975232199,79.87616099071208,7.120743034055728,72.75541795665634
E00095653,271,69,30,39,202,25,177,25.461254612546124,11.07011070110701,14.391143911439114,74.53874538745387,9.22509225092251,65.31365313653137
E00095654,220,46,16,30,174,9,165,20.909090909090907,7.2727272727272725,13.636363636363635,79.0909090909091,4.090909090909091,75
E00095655,296,82,42,40,214,26,188,27.7027027027027,14.18918918918919,13.513513513513514,72.2972972972973,8.783783783783784,63.51351351351351
E00095656,261,69,19,50,192,14,178,26.436781609195403,7.2796934865900385,19.157088122605366,73.5632183908046,5.363984674329502,68.19923371647509
E00095657,239,37,17,20,202,21,181,15.481171548117153,7.112970711297072,8.368200836820083,84.51882845188284,8.786610878661087,75.73221757322176
E00095658,246,42,24,18,204,24,180,17.073170731707318,9.75609756097561,7.317073170731707,82.92682926829268,9.75609756097561,73.17073170731707
E00095659,262,71,26,45,191,25,166,27.099236641221374,9.923664122137405,17.17557251908397,72.90076335877863,9.541984732824428,63.358778625954194
E00095660,201,47,17,30,154,16,138,23.383084577114428,8.45771144278607,14.925373134328357,76.61691542288557,7.960199004975125,68.65671641791045
E00095661,507,95,31,64,412,39,373,18.73767258382643,6.11439842209073,12.6232741617357,81.26232741617358,7.6923076923076925,73.57001972386587
E00095662,282,54,23,31,228,24,204,19.148936170212767,8.156028368794328,10.99290780141844,80.85106382978722,8.51063829787234,72.3404255319149
E00095663,396,58,27,31,338,32,306,14.646464646464647,6.8181818181818175,7.828282828282829,85.35353535353535,8.080808080808081,77.27272727272727
E00095664,298,66,21,45,232,28,204,22.14765100671141,7.046979865771812,15.100671140939598,77.85234899328859,9.395973154362416,68.45637583892618
E00095665,335,61,24,37,274,27,247,18.208955223880597,7.164179104477612,11.044776119402986,81.7910447761194,8.059701492537313,73.73134328358208
E00095666,288,49,19,30,239,26,213,17.01388888888889,6.597222222222222,10.416666666666668,82.98611111111111,9.027777777777777,73.95833333333334
E00095667,268,43,9,34,225,24,201,16.044776119402986,3.3582089552238807,12.686567164179104,83.95522388059702,8.955223880597014,75
E00095668,183,33,15,18,150,24,126,18.0327868852459,8.19672131147541,9.836065573770492,81.9672131147541,13.114754098360656,68.85245901639344
E00095669,354,92,47,45,262,25,237,25.98870056497175,13.27683615819209,12.711864406779661,74.01129943502825,7.062146892655368,66.94915254237289
E00095670,356,71,28,43,285,32,253,19.9438202247191,7.865168539325842,12.07865168539326,80.0561797752809,8.98876404494382,71.06741573033707
E00095671,279,54,23,31,225,33,192,19.35483870967742,8.24372759856631,11.11111111111111,80.64516129032258,11.827956989247312,68.81720430107528
E00095672,357,86,48,38,271,30,241,24.089635854341736,13.445378151260504,10.644257703081232,75.91036414565826,8.403361344537815,67.50700280112045
E00095673,292,62,31,31,230,24,206,21.232876712328768,10.616438356164384,10.616438356164384,78.76712328767124,8.21917808219178,70.54794520547945
E00095674,290,82,41,41,208,30,178,28.27586206896552,14.13793103448276,14.13793103448276,71.72413793103448,10.344827586206897,61.37931034482759
E00095675,370,58,20,38,312,27,285,15.675675675675677,5.405405405405405,10.27027027027027,84.32432432432432,7.297297297297297,77.02702702702703
E00095676,298,62,32,30,236,22,214,20.80536912751678,10.738255033557047,10.06711409395973,79.19463087248322,7.38255033557047,71.81208053691275
E00095678,323,80,18,62,243,35,208,24.76780185758514,5.572755417956656,19.195046439628484,75.23219814241486,10.8359133126935,64.39628482972137
E00095679,309,72,30,42,237,21,216,23.300970873786408,9.70873786407767,13.592233009708737,76.69902912621359,6.796116504854369,69.90291262135922
E00095680,371,90,38,52,281,17,264,24.258760107816713,10.242587601078167,14.016172506738545,75.74123989218329,4.5822102425876015,71.15902964959568
E00095681,401,87,35,52,314,21,293,21.695760598503743,8.728179551122196,12.967581047381547,78.30423940149626,5.236907730673317,73.06733167082294
E00095682,323,75,25,50,248,20,228,23.219814241486066,7.739938080495357,15.479876160990713,76.78018575851394,6.191950464396285,70.58823529411765
E00095683,372,50,24,26,322,25,297,13.440860215053762,6.451612903225806,6.989247311827956,86.55913978494624,6.720430107526881,79.83870967741935
E00095684,319,56,21,35,263,26,237,17.55485893416928,6.583072100313479,10.9717868338558,82.44514106583071,8.150470219435736,74.29467084639498
E00095685,221,67,28,39,154,16,138,30.316742081447963,12.669683257918551,17.647058823529413,69.68325791855203,7.239819004524888,62.44343891402715
E00095686,178,53,21,32,125,12,113,29.775280898876407,11.797752808988763,17.97752808988764,70.2247191011236,6.741573033707865,63.48314606741573
E00095687,182,43,15,28,139,10,129,23.626373626373624,8.241758241758241,15.384615384615385,76.37362637362637,5.4945054945054945,70.87912087912088
E00095688,281,61,22,39,220,23,197,21.70818505338078,7.829181494661921,13.87900355871886,78.29181494661923,8.185053380782918,70.1067615658363
E00095689,262,40,14,26,222,12,210,15.267175572519085,5.343511450381679,9.923664122137405,84.7328244274809,4.580152671755725,80.1526717557252
E00095690,510,108,38,70,402,28,374,21.176470588235293,7.450980392156863,13.725490196078432,78.82352941176471,5.490196078431373,73.33333333333333
E00095692,338,70,31,39,268,22,246,20.710059171597635,9.171597633136095,11.538461538461538,79.28994082840237,6.508875739644971,72.7810650887574
E00095693,342,154,114,40,188,18,170,45.02923976608187,33.33333333333333,11.695906432748536,54.97076023391813,5.263157894736842,49.707602339181285
E00095694,326,61,24,37,265,19,246,18.711656441717793,7.361963190184049,11.349693251533742,81.28834355828221,5.828220858895705,75.4601226993865
E00095695,275,53,20,33,222,19,203,19.272727272727273,7.2727272727272725,12,80.72727272727272,6.909090909090909,73.81818181818181
E00095696,316,63,34,29,253,25,228,19.936708860759495,10.759493670886076,9.177215189873419,80.0632911392405,7.9113924050632916,72.15189873417721
E00095697,387,114,80,34,273,22,251,29.457364341085274,20.671834625322997,8.785529715762273,70.54263565891473,5.684754521963824,64.85788113695091
E00095698,323,84,34,50,239,23,216,26.006191950464398,10.526315789473683,15.479876160990713,73.9938080495356,7.120743034055728,66.87306501547987
E00095699,371,116,41,75,255,23,232,31.266846361185983,11.05121293800539,20.21563342318059,68.73315363881402,6.199460916442049,62.53369272237197
E00095700,323,70,35,35,253,22,231,21.671826625387,10.8359133126935,10.8359133126935,78.328173374613,6.811145510835913,71.51702786377709
E00095701,279,48,31,17,231,18,213,17.20430107526882,11.11111111111111,6.093189964157706,82.79569892473118,6.451612903225806,76.34408602150538
E00095702,326,48,17,31,278,34,244,14.723926380368098,5.214723926380368,9.509202453987731,85.2760736196319,10.429447852760736,74.84662576687117
E00095703,337,59,18,41,278,28,250,17.50741839762611,5.341246290801187,12.166172106824925,82.49258160237389,8.30860534124629,74.1839762611276
E00095704,157,31,11,20,126,3,123,19.745222929936308,7.006369426751593,12.738853503184714,80.2547770700637,1.910828025477707,78.343949044586
E00095705,398,105,38,67,293,29,264,26.38190954773869,9.547738693467336,16.834170854271356,73.61809045226131,7.2864321608040195,66.33165829145729
E00095706,279,42,18,24,237,19,218,15.053763440860216,6.451612903225806,8.60215053763441,84.94623655913979,6.810035842293908,78.13620071684588
E00095707,330,71,33,38,259,26,233,21.515151515151516,10,11.515151515151516,78.48484848484848,7.878787878787878,70.60606060606061
E00095708,421,64,26,38,357,33,324,15.201900237529692,6.175771971496437,9.026128266033254,84.798099762470315,7.8384798099762465,76.95961995249407
E00095709,422,112,47,65,310,22,288,26.540284360189574,11.137440758293838,15.402843601895736,73.45971563981043,5.213270142180095,68.24644549763033
E00095710,352,75,31,44,277,33,244,21.306818181818183,8.806818181818182,12.5,78.69318181818183,9.375,69.31818181818183
E00095711,290,63,26,37,227,20,207,21.72413793103448,8.96551724137931,12.758620689655173,78.27586206896552,6.896551724137931,71.37931034482759
E00095712,363,58,18,40,305,19,286,15.977961432506888,4.958677685950414,11.019283746556475,84.02203856749311,5.234159779614325,78.78787878787878
E00095713,233,58,24,34,175,20,155,24.892703862660944,10.300429184549357,14.592274678111588,75.10729613733905,8.583690987124463,66.52360515021459
E00095714,254,44,15,29,210,19,191,17.322834645669293,5.905511811023622,11.41732283464567,82.67716535433071,7.480314960629922,75.19685039370079
E00095715,191,47,22,25,144,12,132,24.60732984293194,11.518324607329843,13.089005235602095,75.39267015706807,6.282722513089005,69.10994764397905
E00095716,115,28,7,21,87,17,70,24.347826086956523,6.086956521739131,18.26086956521739,75.65217391304347,14.782608695652174,60.86956521739131
E00095717,209,46,16,30,163,10,153,22.00956937799043,7.655502392344498,14.354066985645932,77.99043062200957,4.784688995215311,73.20574162679426
E00095718,187,24,8,16,163,17,146,12.834224598930483,4.27807486631016,8.55614973262032,87.16577540106952,9.090909090909092,78.07486631016043
E00095721,175,65,33,32,110,14,96,37.142857142857146,18.857142857142858,18.285714285714285,62.857142857142854,8,54.85714285714286
E00095722,413,94,39,55,319,31,288,22.760290556900724,9.443099273607748,13.317191283292978,77.23970944309927,7.506053268765134,69.73365617433413
E00095723,149,41,21,20,108,22,86,27.516778523489933,14.093959731543624,13.422818791946309,72.48322147651007,14.76510067114094,57.71812080536913
E00095724,593,78,27,51,515,39,476,13.15345699831366,4.5531197301854975,8.600337268128163,86.84654300168634,6.57672849915683,80.26981450252951
E00095725,152,40,12,28,112,11,101,26.31578947368421,7.894736842105263,18.421052631578945,73.68421052631578,7.236842105263158,66.44736842105263
E00095726,276,58,31,27,218,17,201,21.014492753623188,11.231884057971014,9.782608695652174,78.98550724637681,6.159420289855073,72.82608695652173
E00095727,187,52,26,26,135,19,116,27.807486631016044,13.903743315508022,13.903743315508022,72.19251336898395,10.16042780748663,62.03208556149733
E00095728,462,77,42,35,385,32,353,16.666666666666664,9.090909090909092,7.575757575757576,83.33333333333334,6.926406926406926,76.40692640692642
E00095729,246,29,12,17,217,11,206,11.788617886178862,4.878048780487805,6.910569105691057,88.21138211382113,4.471544715447155,83.73983739837398
E00095730,448,80,24,56,368,25,343,17.857142857142858,5.357142857142857,12.5,82.14285714285714,5.580357142857143,76.5625
E00095731,448,67,23,44,381,21,360,14.955357142857142,5.133928571428571,9.821428571428571,85.04464285714286,4.6875,80.35714285714286
E00095732,267,57,36,21,210,22,188,21.34831460674157,13.48314606741573,7.865168539325842,78.65168539325843,8.239700374531834,70.4119850187266
E00095733,329,59,20,39,270,27,243,17.933130699088146,6.079027355623101,11.854103343465045,82.06686930091185,8.206686930091186,73.86018237082067
E00095734,320,54,21,33,266,24,242,16.875,6.5625,10.3125,83.125,7.5,75.625
E00095735,319,56,18,38,263,30,233,17.55485893416928,5.6426332288401255,11.912225705329153,82.44514106583071,9.404388714733543,73.04075235109718
E00095736,355,37,13,24,318,17,301,10.422535211267606,3.6619718309859155,6.760563380281689,89.5774647887324,4.788732394366197,84.78873239436619
E00095737,107,20,3,17,87,10,77,18.69158878504673,2.803738317757009,15.887850467289718,81.30841121495327,9.345794392523365,71.96261682242991
E00095738,138,23,4,19,115,16,99,16.666666666666664,2.898550724637681,13.768115942028986,83.33333333333334,11.594202898550725,71.73913043478261
E00095739,306,73,29,44,233,17,216,23.856209150326798,9.477124183006536,14.37908496732026,76.1437908496732,5.555555555555555,70.58823529411765
E00095740,364,91,46,45,273,25,248,25,12.637362637362637,12.362637362637363,75,6.868131868131869,68.13186813186813
E00095741,232,63,20,43,169,14,155,27.155172413793103,8.620689655172415,18.53448275862069,72.84482758620689,6.0344827586206895,66.8103448275862
E00095742,226,47,19,28,179,14,165,20.79646017699115,8.4070796460177,12.389380530973451,79.20353982300885,6.1946902654867255,73.00884955752213
E00095743,382,56,16,40,326,24,302,14.659685863874344,4.18848167539267,10.471204188481675,85.34031413612566,6.282722513089005,79.05759162303664
E00095745,310,69,25,44,241,21,220,22.258064516129032,8.064516129032258,14.193548387096774,77.74193548387098,6.774193548387098,70.96774193548387
E00095746,362,68,39,29,294,26,268,18.784530386740332,10.773480662983426,8.011049723756907,81.21546961325967,7.18232044198895,74.03314917127072
E00095747,370,107,57,50,263,20,243,28.91891891891892,15.405405405405407,13.513513513513514,71.08108108108108,5.405405405405405,65.67567567567568
E00095748,335,57,18,39,278,34,244,17.01492537313433,5.3731343283582085,11.641791044776118,82.98507462686567,10.149253731343283,72.83582089552239
E00095749,250,52,12,40,198,19,179,20.8,4.8,16,79.2,7.6,71.6
E00095750,210,47,23,24,163,15,148,22.380952380952383,10.952380952380953,11.428571428571429,77.61904761904762,7.142857142857142,70.47619047619048
E00095751,219,55,16,39,164,26,138,25.11415525114155,7.30593607305936,17.80821917808219,74.88584474885845,11.87214611872146,63.013698630136986
E00095752,237,62,19,43,175,25,150,26.160337552742618,8.016877637130802,18.143459915611814,73.83966244725738,10.548523206751055,63.29113924050633
E00095753,259,44,17,27,215,23,192,16.988416988416986,6.563706563706563,10.424710424710424,83.01158301158301,8.880308880308881,74.13127413127413
E00095754,207,46,24,22,161,22,139,22.22222222222222,11.594202898550725,10.628019323671497,77.77777777777779,10.628019323671497,67.14975845410628
E00095755,278,61,19,42,217,21,196,21.942446043165468,6.83453237410072,15.107913669064748,78.05755395683454,7.553956834532374,70.50359712230215
E00095756,212,56,16,40,156,22,134,26.41509433962264,7.547169811320755,18.867924528301888,73.58490566037736,10.377358490566039,63.20754716981132
E00095757,275,46,18,28,229,30,199,16.727272727272727,6.545454545454546,10.181818181818182,83.27272727272728,10.909090909090908,72.36363636363636
E00095760,265,57,20,37,208,14,194,21.50943396226415,7.547169811320755,13.962264150943396,78.49056603773586,5.283018867924529,73.20754716981132
E00095761,385,47,12,35,338,23,315,12.207792207792208,3.116883116883117,9.090909090909092,87.79220779220779,5.974025974025974,81.81818181818183
E00095762,318,68,22,46,250,26,224,21.38364779874214,6.918238993710692,14.465408805031446,78.61635220125787,8.176100628930817,70.44025157232704
E00095763,344,68,23,45,276,26,250,19.767441860465116,6.686046511627906,13.08139534883721,80.23255813953489,7.55813953488372,72.67441860465115
E00095764,384,73,22,51,311,26,285,19.010416666666664,5.729166666666666,13.28125,80.98958333333334,6.770833333333333,74.21875
E00095767,255,50,30,20,205,18,187,19.607843137254903,11.76470588235294,7.8431372549019605,80.3921568627451,7.0588235294117645,73.33333333333333
E00095768,192,40,21,19,152,14,138,20.833333333333336,10.9375,9.895833333333332,79.16666666666666,7.291666666666667,71.875
E00095769,226,41,15,26,185,15,170,18.141592920353983,6.637168141592921,11.504424778761061,81.85840707964603,6.637168141592921,75.22123893805309
E00095770,127,35,14,21,92,9,83,27.559055118110237,11.023622047244094,16.535433070866144,72.44094488188976,7.086614173228346,65.35433070866141
E00095773,382,66,23,43,316,24,292,17.277486910994764,6.020942408376963,11.2565445026178,82.72251308900523,6.282722513089005,76.43979057591623
E00095774,256,45,17,28,211,19,192,17.578125,6.640625,10.9375,82.421875,7.421875,75
E00095775,199,81,45,36,118,9,109,40.7035175879397,22.613065326633166,18.090452261306535,59.2964824120603,4.522613065326634,54.773869346733676
E00095776,301,50,22,28,251,23,228,16.611295681063122,7.308970099667775,9.30232558139535,83.38870431893687,7.641196013289036,75.74750830564784
E00095777,434,95,43,52,339,25,314,21.889400921658986,9.90783410138249,11.981566820276496,78.11059907834101,5.76036866359447,72.35023041474655
E00095778,247,62,30,32,185,13,172,25.101214574898783,12.145748987854251,12.955465587044534,74.89878542510121,5.263157894736842,69.63562753036437
E00095779,335,128,84,44,207,16,191,38.2089552238806,25.07462686567164,13.134328358208954,61.791044776119406,4.776119402985075,57.01492537313433
E00095780,305,56,23,33,249,35,214,18.360655737704917,7.540983606557377,10.819672131147541,81.63934426229508,11.475409836065573,70.16393442622952
E00095781,272,55,22,33,217,23,194,20.22058823529412,8.088235294117647,12.132352941176471,79.77941176470588,8.455882352941178,71.32352941176471
E00095782,413,94,58,36,319,21,298,22.760290556900724,14.043583535108958,8.716707021791766,77.23970944309927,5.084745762711865,72.15496368038741
E00095783,144,32,8,24,112,15,97,22.22222222222222,5.555555555555555,16.666666666666664,77.77777777777779,10.416666666666668,67.36111111111111
E00095784,272,45,23,22,227,16,211,16.544117647058822,8.455882352941178,8.088235294117647,83.45588235294117,5.88235294117647,77.57352941176471
E00095785,235,42,19,23,193,30,163,17.872340425531917,8.085106382978724,9.787234042553191,82.12765957446808,12.76595744680851,69.36170212765957
E00095786,249,51,13,38,198,21,177,20.481927710843372,5.220883534136546,15.261044176706829,79.51807228915662,8.433734939759036,71.08433734939759
E00095787,309,57,29,28,252,27,225,18.446601941747574,9.385113268608414,9.06148867313916,81.55339805825243,8.737864077669903,72.81553398058253
E00095788,334,60,18,42,274,17,257,17.964071856287426,5.389221556886228,12.574850299401197,82.03592814371258,5.089820359281437,76.94610778443113
E00095789,335,71,22,49,264,24,240,21.19402985074627,6.567164179104477,14.626865671641792,78.80597014925374,7.164179104477612,71.64179104477611
E00095790,312,65,33,32,247,31,216,20.833333333333336,10.576923076923077,10.256410256410255,79.16666666666666,9.935897435897436,69.23076923076923
E00095791,370,59,25,34,311,39,272,15.945945945945947,6.756756756756757,9.18918918918919,84.05405405405405,10.54054054054054,73.51351351351352
E00095792,194,33,11,22,161,13,148,17.010309278350515,5.670103092783505,11.34020618556701,82.9896907216495,6.701030927835052,76.28865979381443
E00095793,203,46,23,23,157,16,141,22.660098522167488,11.330049261083744,11.330049261083744,77.33990147783251,7.8817733990147785,69.45812807881774
E00095794,242,44,19,25,198,26,172,18.181818181818183,7.851239669421488,10.330578512396695,81.81818181818183,10.743801652892563,71.07438016528926
E00095795,414,83,38,45,331,30,301,20.048309178743963,9.178743961352657,10.869565217391305,79.95169082125604,7.246376811594203,72.70531400966183
E00095796,236,36,12,24,200,11,189,15.254237288135593,5.084745762711865,10.16949152542373,84.7457627118644,4.661016949152542,80.08474576271186
E00095797,275,58,16,42,217,15,202,21.09090909090909,5.818181818181818,15.272727272727273,78.9090909090909,5.454545454545454,73.45454545454545
E00095798,222,37,15,22,185,12,173,16.666666666666664,6.756756756756757,9.90990990990991,83.33333333333334,5.405405405405405,77.92792792792793
E00095799,220,48,23,25,172,19,153,21.818181818181817,10.454545454545453,11.363636363636363,78.18181818181819,8.636363636363637,69.54545454545455
E00095800,526,101,50,51,425,33,392,19.20152091254753,9.505703422053232,9.695817490494296,80.79847908745246,6.273764258555133,74.52471482889734
E00095801,239,57,28,29,182,22,160,23.84937238493724,11.715481171548117,12.133891213389122,76.15062761506276,9.205020920502092,66.94560669456067
E00095802,266,49,23,26,217,15,202,18.421052631578945,8.646616541353383,9.774436090225564,81.57894736842105,5.639097744360902,75.93984962406014
E00095803,292,53,15,38,239,25,214,18.15068493150685,5.136986301369863,13.013698630136986,81.84931506849315,8.561643835616438,73.28767123287672
E00095804,204,25,9,16,179,13,166,12.254901960784313,4.411764705882353,7.8431372549019605,87.74509803921569,6.372549019607843,81.37254901960785
E00095805,304,60,28,32,244,21,223,19.736842105263158,9.210526315789473,10.526315789473683,80.26315789473685,6.907894736842106,73.35526315789474
E00095806,315,51,11,40,264,25,239,16.19047619047619,3.492063492063492,12.698412698412698,83.80952380952381,7.936507936507936,75.87301587301587
E00095807,198,44,21,23,154,8,146,22.22222222222222,10.606060606060606,11.616161616161616,77.77777777777779,4.040404040404041,73.73737373737373
E00095808,432,78,39,39,354,23,331,18.055555555555554,9.027777777777777,9.027777777777777,81.94444444444444,5.324074074074074,76.62037037037037
E00095809,344,49,16,33,295,17,278,14.244186046511627,4.651162790697675,9.593023255813954,85.75581395348837,4.941860465116279,80.81395348837209
E00095810,483,84,26,58,399,36,363,17.391304347826086,5.383022774327122,12.008281573498964,82.6086956521739,7.453416149068323,75.15527950310559
E00095811,353,66,15,51,287,26,261,18.69688385269122,4.2492917847025495,14.44759206798867,81.30311614730878,7.365439093484419,73.93767705382436
E00095812,323,61,15,46,262,26,236,18.885448916408667,4.643962848297214,14.241486068111456,81.11455108359134,8.04953560371517,73.06501547987617
E00095813,190,54,22,32,136,17,119,28.421052631578945,11.578947368421053,16.842105263157894,71.57894736842105,8.947368421052632,62.63157894736842
E00095814,245,46,19,27,199,11,188,18.775510204081634,7.755102040816326,11.020408163265307,81.22448979591836,4.489795918367347,76.73469387755102
E00095815,115,31,17,14,84,5,79,26.956521739130434,14.782608695652174,12.173913043478262,73.04347826086956,4.3478260869565215,68.69565217391305
E00095816,337,69,23,46,268,22,246,20.474777448071215,6.824925816023739,13.649851632047477,79.52522255192879,6.528189910979229,72.99703264094956
E00095817,250,52,15,37,198,18,180,20.8,6,14.799999999999999,79.2,7.199999999999999,72
E00095818,322,62,21,41,260,22,238,19.25465838509317,6.521739130434782,12.732919254658384,80.74534161490683,6.832298136645963,73.91304347826086
E00095819,250,37,7,30,213,25,188,14.799999999999999,2.8000000000000003,12,85.2,10,75.2
E00095820,360,51,19,32,309,24,285,14.166666666666666,5.277777777777778,8.88888888888889,85.83333333333333,6.666666666666667,79.16666666666666
E00095821,426,77,34,43,349,23,326,18.07511737089202,7.981220657276995,10.093896713615024,81.92488262910797,5.39906103286385,76.52582159624414
E00095822,125,53,27,26,72,6,66,42.4,21.6,20.8,57.599999999999994,4.8,52.800000000000004
E00095823,331,77,32,45,254,23,231,23.26283987915408,9.667673716012084,13.595166163141995,76.73716012084593,6.948640483383686,69.78851963746223
E00095824,233,65,29,36,168,17,151,27.896995708154503,12.446351931330472,15.450643776824036,72.1030042918455,7.296137339055794,64.8068669527897
E00095825,156,60,25,35,96,5,91,38.46153846153847,16.025641025641026,22.435897435897438,61.53846153846154,3.205128205128205,58.333333333333336
E00095826,321,106,60,46,215,20,195,33.021806853582554,18.69158878504673,14.330218068535824,66.97819314641744,6.230529595015576,60.747663551401864
E00095827,258,50,24,26,208,21,187,19.379844961240313,9.30232558139535,10.077519379844961,80.62015503875969,8.13953488372093,72.48062015503875
E00095828,248,42,17,25,206,31,175,16.93548387096774,6.854838709677419,10.080645161290322,83.06451612903226,12.5,70.56451612903226
E00095829,270,72,26,46,198,14,184,26.666666666666668,9.62962962962963,17.037037037037038,73.33333333333333,5.185185185185185,68.14814814814815
E00095830,297,61,24,37,236,23,213,20.53872053872054,8.080808080808081,12.457912457912458,79.46127946127946,7.744107744107744,71.71717171717171
E00095831,326,61,29,32,265,28,237,18.711656441717793,8.895705521472392,9.815950920245399,81.28834355828221,8.588957055214724,72.69938650306749
E00095832,244,54,17,37,190,27,163,22.131147540983605,6.967213114754098,15.163934426229508,77.8688524590164,11.065573770491802,66.80327868852459
E00095833,522,88,32,56,434,46,388,16.85823754789272,6.130268199233716,10.727969348659004,83.14176245210729,8.812260536398467,74.32950191570882
E00095834,345,55,21,34,290,25,265,15.942028985507244,6.086956521739131,9.855072463768117,84.05797101449275,7.246376811594203,76.81159420289855
E00095835,167,28,15,13,139,8,131,16.766467065868262,8.982035928143713,7.784431137724551,83.23353293413174,4.790419161676647,78.44311377245509
E00095836,304,50,23,27,254,25,229,16.447368421052634,7.565789473684211,8.881578947368421,83.55263157894737,8.223684210526317,75.32894736842105
E00095837,415,76,28,48,339,22,317,18.313253012048193,6.746987951807229,11.566265060240964,81.6867469879518,5.301204819277109,76.3855421686747
E00095838,306,49,14,35,257,31,226,16.013071895424837,4.57516339869281,11.437908496732026,83.98692810457517,10.130718954248366,73.8562091503268
E00095839,261,41,15,26,220,18,202,15.708812260536398,5.747126436781609,9.961685823754788,84.2911877394636,6.896551724137931,77.39463601532567
E00095840,381,118,67,51,263,16,247,30.971128608923888,17.585301837270343,13.385826771653544,69.02887139107612,4.199475065616798,64.82939632545933
E00095841,272,71,28,43,201,26,175,26.10294117647059,10.294117647058822,15.808823529411764,73.89705882352942,9.558823529411764,64.33823529411765
E00095842,216,60,32,28,156,13,143,27.77777777777778,14.814814814814813,12.962962962962962,72.22222222222221,6.018518518518518,66.20370370370371
E00095843,263,55,14,41,208,16,192,20.912547528517113,5.323193916349809,15.5893536121673,79.08745247148289,6.083650190114068,73.00380228136882
E00095844,321,71,24,47,250,20,230,22.118380062305295,7.476635514018691,14.641744548286603,77.88161993769471,6.230529595015576,71.65109034267913
E00095845,183,47,22,25,136,11,125,25.683060109289617,12.021857923497267,13.661202185792352,74.31693989071039,6.0109289617486334,68.30601092896174
E00095846,289,52,19,33,237,26,211,17.99307958477509,6.5743944636678195,11.418685121107266,82.00692041522491,8.996539792387544,73.01038062283737
E00095847,296,60,21,39,236,23,213,20.27027027027027,7.094594594594595,13.175675675675674,79.72972972972973,7.77027027027027,71.95945945945947
E00095848,284,47,23,24,237,20,217,16.549295774647888,8.098591549295776,8.450704225352112,83.45070422535211,7.042253521126761,76.40845070422534
E00095849,265,69,27,42,196,15,181,26.037735849056602,10.18867924528302,15.849056603773585,73.9622641509434,5.660377358490567,68.30188679245282
E00095850,225,72,36,36,153,10,143,32,16,16,68,4.444444444444445,63.55555555555556
E00095851,295,98,51,47,197,17,180,33.220338983050844,17.28813559322034,15.932203389830507,66.77966101694915,5.762711864406779,61.016949152542374
E00095852,231,55,25,30,176,14,162,23.809523809523807,10.822510822510822,12.987012987012985,76.19047619047619,6.0606060606060606,70.12987012987013
E00095853,248,65,26,39,183,19,164,26.209677419354836,10.483870967741936,15.725806451612904,73.79032258064517,7.661290322580645,66.12903225806451
E00095854,233,64,34,30,169,16,153,27.467811158798284,14.592274678111588,12.875536480686694,72.53218884120172,6.866952789699571,65.66523605150213
E00095855,249,56,27,29,193,15,178,22.48995983935743,10.843373493975903,11.646586345381527,77.51004016064257,6.024096385542169,71.4859437751004
E00095856,270,48,14,34,222,10,212,17.77777777777778,5.185185185185185,12.592592592592592,82.22222222222221,3.7037037037037033,78.51851851851852
E00095857,279,41,14,27,238,25,213,14.695340501792115,5.017921146953405,9.67741935483871,85.30465949820788,8.960573476702509,76.34408602150538
E00095858,333,56,18,38,277,37,240,16.816816816816818,5.405405405405405,11.411411411411411,83.18318318318319,11.11111111111111,72.07207207207207
E00095859,217,50,19,31,167,25,142,23.04147465437788,8.755760368663594,14.285714285714285,76.95852534562212,11.52073732718894,65.43778801843318
E00095860,269,63,39,24,206,18,188,23.42007434944238,14.49814126394052,8.921933085501859,76.57992565055763,6.691449814126393,69.88847583643123
E00095861,302,49,27,22,253,23,230,16.225165562913908,8.940397350993377,7.28476821192053,83.77483443708608,7.6158940397351,76.15894039735099
E00095862,200,49,28,21,151,8,143,24.5,14.000000000000002,10.5,75.5,4,71.5
E00095863,310,60,21,39,250,24,226,19.35483870967742,6.774193548387098,12.580645161290322,80.64516129032258,7.741935483870968,72.90322580645162
E00095864,493,84,35,49,409,38,371,17.038539553752535,7.099391480730223,9.939148073022313,82.96146044624746,7.707910750507099,75.25354969574036
E00095865,320,73,24,49,247,25,222,22.8125,7.5,15.312500000000002,77.1875,7.8125,69.375
E00095866,209,48,23,25,161,9,152,22.966507177033492,11.004784688995215,11.961722488038278,77.03349282296651,4.30622009569378,72.72727272727273
E00095867,473,132,73,59,341,38,303,27.906976744186046,15.433403805496829,12.473572938689218,72.09302325581395,8.0338266384778,64.05919661733616
E00095868,252,38,14,24,214,15,199,15.079365079365079,5.555555555555555,9.523809523809524,84.92063492063492,5.952380952380952,78.96825396825396
E00095869,474,88,42,46,386,34,352,18.565400843881857,8.860759493670885,9.70464135021097,81.43459915611815,7.172995780590717,74.26160337552743
E00095870,322,68,25,43,254,34,220,21.11801242236025,7.763975155279502,13.354037267080745,78.88198757763976,10.559006211180124,68.32298136645963
E00095871,393,61,26,35,332,32,300,15.521628498727736,6.615776081424936,8.9058524173028,84.47837150127226,8.142493638676845,76.33587786259542
E00095872,214,56,36,20,158,23,135,26.168224299065418,16.822429906542055,9.345794392523365,73.83177570093457,10.74766355140187,63.084112149532714
E00095873,235,42,16,26,193,20,173,17.872340425531917,6.808510638297872,11.063829787234042,82.12765957446808,8.51063829787234,73.61702127659574
E00095874,247,43,8,35,204,22,182,17.408906882591094,3.2388663967611335,14.17004048582996,82.5910931174089,8.906882591093117,73.68421052631578
E00095875,536,134,61,73,402,20,382,25,11.380597014925373,13.619402985074627,75,3.731343283582089,71.26865671641791
E00095876,308,59,24,35,249,22,227,19.155844155844157,7.792207792207792,11.363636363636363,80.84415584415584,7.142857142857142,73.7012987012987
E00095877,297,68,29,39,229,18,211,22.895622895622896,9.764309764309765,13.131313131313133,77.10437710437711,6.0606060606060606,71.04377104377105
E00095878,259,42,16,26,217,18,199,16.216216216216218,6.177606177606178,10.038610038610038,83.78378378378379,6.94980694980695,76.83397683397683
E00095879,304,69,20,49,235,19,216,22.697368421052634,6.578947368421052,16.11842105263158,77.30263157894737,6.25,71.05263157894737
E00095880,321,63,26,37,258,24,234,19.626168224299064,8.09968847352025,11.526479750778815,80.37383177570094,7.476635514018691,72.89719626168224
E00095881,428,89,37,52,339,26,313,20.794392523364486,8.644859813084112,12.149532710280374,79.2056074766355,6.074766355140187,73.13084112149532
E00095882,391,75,23,52,316,31,285,19.18158567774936,5.88235294117647,13.299232736572892,80.81841432225065,7.928388746803069,72.89002557544757
E00095883,266,42,16,26,224,21,203,15.789473684210526,6.015037593984962,9.774436090225564,84.21052631578947,7.894736842105263,76.31578947368422
E00095884,317,60,33,27,257,23,234,18.92744479495268,10.410094637223976,8.517350157728707,81.07255520504731,7.255520504731862,73.81703470031546
E00095885,313,65,29,36,248,16,232,20.766773162939298,9.26517571884984,11.501597444089457,79.2332268370607,5.111821086261981,74.12140575079871
E00095886,322,72,29,43,250,13,237,22.36024844720497,9.006211180124224,13.354037267080745,77.63975155279503,4.037267080745342,73.6024844720497
E00095887,279,67,30,37,212,16,196,24.014336917562723,10.75268817204301,13.261648745519713,75.98566308243727,5.734767025089606,70.25089605734766
E00095888,302,58,23,35,244,22,222,19.205298013245034,7.6158940397351,11.589403973509933,80.79470198675497,7.28476821192053,73.50993377483444
E00095889,252,63,29,34,189,17,172,25,11.507936507936508,13.492063492063492,75,6.746031746031746,68.25396825396825
E00095890,364,64,25,39,300,19,281,17.582417582417584,6.868131868131869,10.714285714285714,82.41758241758241,5.21978021978022,77.1978021978022
E00095891,325,62,23,39,263,26,237,19.076923076923077,7.076923076923077,12,80.92307692307692,8,72.92307692307692
E00095893,376,119,74,45,257,25,232,31.648936170212767,19.680851063829788,11.96808510638298,68.35106382978722,6.648936170212766,61.702127659574465
E00095894,387,100,52,48,287,28,259,25.839793281653744,13.436692506459949,12.4031007751938,74.16020671834626,7.235142118863049,66.9250645994832
E00095895,355,80,41,39,275,19,256,22.535211267605636,11.549295774647888,10.985915492957748,77.46478873239437,5.352112676056338,72.11267605633803
E00095896,332,88,48,40,244,21,223,26.506024096385545,14.457831325301203,12.048192771084338,73.49397590361446,6.325301204819277,67.16867469879519
E00095897,399,105,59,46,294,27,267,26.31578947368421,14.786967418546364,11.528822055137844,73.68421052631578,6.7669172932330826,66.9172932330827
E00095898,267,63,22,41,204,11,193,23.595505617977526,8.239700374531834,15.355805243445692,76.40449438202246,4.119850187265917,72.28464419475655
E00095899,186,45,24,21,141,9,132,24.193548387096776,12.903225806451612,11.29032258064516,75.80645161290323,4.838709677419355,70.96774193548387
E00095900,218,55,23,32,163,14,149,25.229357798165136,10.550458715596331,14.678899082568808,74.77064220183486,6.422018348623854,68.34862385321101
E00095901,290,53,17,36,237,22,215,18.275862068965516,5.862068965517241,12.413793103448276,81.72413793103448,7.586206896551724,74.13793103448276
E00095902,251,51,22,29,200,26,174,20.318725099601593,8.764940239043826,11.553784860557768,79.6812749003984,10.358565737051793,69.32270916334662
E00095903,220,41,19,22,179,13,166,18.636363636363637,8.636363636363637,10,81.36363636363636,5.909090909090909,75.45454545454545
E00095904,255,46,21,25,209,16,193,18.03921568627451,8.235294117647058,9.803921568627452,81.96078431372548,6.2745098039215685,75.68627450980392
E00095905,179,66,42,24,113,6,107,36.87150837988827,23.463687150837988,13.40782122905028,63.128491620111724,3.35195530726257,59.77653631284916
E00095907,355,52,21,31,303,36,267,14.647887323943662,5.915492957746479,8.732394366197182,85.35211267605634,10.140845070422536,75.21126760563381
E00095908,165,19,6,13,146,18,128,11.515151515151516,3.6363636363636362,7.878787878787878,88.48484848484848,10.909090909090908,77.57575757575758
E00095909,305,68,23,45,237,35,202,22.295081967213115,7.540983606557377,14.754098360655737,77.70491803278688,11.475409836065573,66.22950819672131
E00095910,212,59,36,23,153,13,140,27.830188679245282,16.9811320754717,10.849056603773585,72.16981132075472,6.132075471698113,66.0377358490566
E00095911,275,62,22,40,213,27,186,22.545454545454547,8,14.545454545454545,77.45454545454545,9.818181818181818,67.63636363636364
E00095912,367,77,24,53,290,25,265,20.98092643051771,6.539509536784741,14.441416893732969,79.01907356948229,6.811989100817439,72.20708446866485
E00095913,301,58,28,30,243,28,215,19.269102990033225,9.30232558139535,9.966777408637874,80.73089700996677,9.30232558139535,71.42857142857143
E00095914,307,70,30,40,237,27,210,22.80130293159609,9.77198697068404,13.029315960912053,77.19869706840392,8.794788273615636,68.40390879478826
E00095915,275,59,25,34,216,22,194,21.454545454545453,9.090909090909092,12.363636363636363,78.54545454545455,8,70.54545454545455
E00095916,289,63,25,38,226,22,204,21.79930795847751,8.650519031141869,13.148788927335639,78.20069204152249,7.612456747404845,70.58823529411765
E00095917,366,76,45,31,290,24,266,20.76502732240437,12.295081967213115,8.469945355191257,79.23497267759562,6.557377049180328,72.6775956284153
E00095918,397,65,26,39,332,37,295,16.3727959697733,6.54911838790932,9.82367758186398,83.6272040302267,9.319899244332493,74.3073047858942
E00095919,303,61,27,34,242,34,208,20.13201320132013,8.91089108910891,11.221122112211221,79.86798679867987,11.221122112211221,68.64686468646865
E00095920,293,64,33,31,229,30,199,21.843003412969285,11.262798634812286,10.580204778156997,78.15699658703072,10.238907849829351,67.91808873720136
E00095921,272,48,20,28,224,14,210,17.647058823529413,7.352941176470589,10.294117647058822,82.35294117647058,5.147058823529411,77.20588235294117
E00095922,345,61,24,37,284,27,257,17.681159420289855,6.956521739130435,10.72463768115942,82.31884057971014,7.82608695652174,74.4927536231884
E00095923,274,44,19,25,230,22,208,16.05839416058394,6.934306569343065,9.124087591240876,83.94160583941606,8.02919708029197,75.91240875912408
E00095924,219,57,29,28,162,9,153,26.027397260273972,13.24200913242009,12.785388127853881,73.97260273972603,4.10958904109589,69.86301369863014
E00095925,334,73,37,36,261,23,238,21.856287425149702,11.077844311377245,10.778443113772456,78.1437125748503,6.88622754491018,71.25748502994011
E00095926,291,56,24,32,235,26,209,19.243986254295535,8.24742268041237,10.996563573883162,80.75601374570446,8.934707903780069,71.8213058419244
E00095927,433,123,93,30,310,23,287,28.406466512702078,21.478060046189377,6.928406466512701,71.59353348729792,5.311778290993072,66.28175519630484
E00095928,244,50,18,32,194,25,169,20.491803278688526,7.377049180327869,13.114754098360656,79.50819672131148,10.245901639344263,69.26229508196722
E00095929,295,88,46,42,207,14,193,29.830508474576273,15.593220338983052,14.237288135593221,70.16949152542374,4.745762711864407,65.42372881355932
E00095930,371,79,41,38,292,27,265,21.293800539083556,11.05121293800539,10.242587601078167,78.70619946091644,7.277628032345014,71.42857142857143
E00095931,204,37,16,21,167,21,146,18.137254901960784,7.8431372549019605,10.294117647058822,81.86274509803921,10.294117647058822,71.56862745098039
E00095932,457,119,62,57,338,21,317,26.039387308533918,13.566739606126916,12.472647702407002,73.96061269146608,4.595185995623632,69.36542669584244
E00095933,169,33,14,19,136,16,120,19.526627218934912,8.284023668639055,11.242603550295858,80.4733727810651,9.467455621301776,71.00591715976331
E00095934,179,41,16,25,138,14,124,22.905027932960895,8.938547486033519,13.966480446927374,77.09497206703911,7.82122905027933,69.27374301675978
E00095935,272,45,20,25,227,39,188,16.544117647058822,7.352941176470589,9.191176470588236,83.45588235294117,14.338235294117647,69.11764705882352
E00095936,274,99,50,49,175,27,148,36.13138686131387,18.248175182481752,17.88321167883212,63.868613138686136,9.854014598540147,54.01459854014598
E00095937,172,39,17,22,133,16,117,22.674418604651162,9.883720930232558,12.790697674418606,77.32558139534885,9.30232558139535,68.02325581395348
E00095938,327,61,20,41,266,40,226,18.654434250764528,6.116207951070336,12.538226299694188,81.34556574923548,12.232415902140673,69.1131498470948
E00095939,274,55,14,41,219,33,186,20.072992700729927,5.109489051094891,14.963503649635038,79.92700729927007,12.043795620437956,67.88321167883211
E00095940,329,79,36,43,250,26,224,24.012158054711247,10.94224924012158,13.069908814589665,75.98784194528876,7.90273556231003,68.08510638297872
E00095941,238,65,22,43,173,9,164,27.310924369747898,9.243697478991598,18.067226890756302,72.68907563025209,3.7815126050420167,68.90756302521008
E00095942,215,54,18,36,161,17,144,25.116279069767444,8.372093023255815,16.74418604651163,74.88372093023256,7.906976744186046,66.97674418604652
E00095943,280,48,20,28,232,34,198,17.142857142857142,7.142857142857142,10,82.85714285714286,12.142857142857142,70.71428571428572
E00095944,238,50,19,31,188,20,168,21.008403361344538,7.9831932773109235,13.025210084033615,78.99159663865547,8.403361344537815,70.58823529411765
E00095945,240,55,24,31,185,13,172,22.916666666666664,10,12.916666666666668,77.08333333333334,5.416666666666667,71.66666666666667
E00095946,342,81,33,48,261,21,240,23.684210526315788,9.649122807017543,14.035087719298245,76.31578947368422,6.140350877192982,70.17543859649122
E00095947,249,90,51,39,159,15,144,36.144578313253014,20.481927710843372,15.66265060240964,63.85542168674698,6.024096385542169,57.831325301204814
E00095948,300,77,39,38,223,28,195,25.666666666666664,13,12.666666666666668,74.33333333333333,9.333333333333334,65
E00095949,281,47,18,29,234,16,218,16.72597864768683,6.405693950177936,10.320284697508896,83.27402135231317,5.6939501779359425,77.58007117437722
E00095950,252,48,16,32,204,16,188,19.047619047619047,6.349206349206349,12.698412698412698,80.95238095238095,6.349206349206349,74.60317460317461
E00095951,315,60,28,32,255,43,212,19.047619047619047,8.88888888888889,10.158730158730158,80.95238095238095,13.65079365079365,67.3015873015873
E00095952,398,104,39,65,294,26,268,26.13065326633166,9.798994974874372,16.331658291457288,73.86934673366834,6.532663316582915,67.33668341708542
E00095953,295,94,44,50,201,15,186,31.864406779661014,14.915254237288137,16.94915254237288,68.13559322033899,5.084745762711865,63.05084745762712
E00095954,243,75,32,43,168,15,153,30.864197530864196,13.168724279835391,17.695473251028808,69.1358024691358,6.172839506172839,62.96296296296296
E00095955,274,56,25,31,218,31,187,20.437956204379564,9.124087591240876,11.313868613138686,79.56204379562044,11.313868613138686,68.24817518248175
E00095956,216,71,36,35,145,18,127,32.870370370370374,16.666666666666664,16.203703703703702,67.12962962962963,8.333333333333332,58.79629629629629
E00095957,274,89,52,37,185,20,165,32.481751824817515,18.97810218978102,13.503649635036496,67.51824817518248,7.2992700729927,60.21897810218978
E00095958,259,78,35,43,181,15,166,30.115830115830118,13.513513513513514,16.602316602316602,69.88416988416989,5.7915057915057915,64.0926640926641
E00095959,299,74,28,46,225,23,202,24.74916387959866,9.364548494983277,15.384615384615385,75.25083612040135,7.6923076923076925,67.55852842809364
E00095960,380,164,104,60,216,8,208,43.15789473684211,27.368421052631582,15.789473684210526,56.84210526315789,2.1052631578947367,54.736842105263165
E00095961,254,53,31,22,201,19,182,20.866141732283463,12.204724409448819,8.661417322834646,79.13385826771653,7.480314960629922,71.65354330708661
E00095962,243,54,24,30,189,22,167,22.22222222222222,9.876543209876543,12.345679012345679,77.77777777777779,9.053497942386832,68.72427983539094
E00095963,261,97,53,44,164,16,148,37.16475095785441,20.306513409961685,16.85823754789272,62.83524904214559,6.130268199233716,56.70498084291188
E00095964,219,72,29,43,147,15,132,32.87671232876712,13.24200913242009,19.63470319634703,67.12328767123287,6.8493150684931505,60.273972602739725
E00095965,209,76,38,38,133,11,122,36.36363636363637,18.181818181818183,18.181818181818183,63.63636363636363,5.263157894736842,58.3732057416268
E00095966,344,100,56,44,244,13,231,29.069767441860467,16.27906976744186,12.790697674418606,70.93023255813954,3.77906976744186,67.15116279069767
E00095967,297,87,43,44,210,24,186,29.292929292929294,14.47811447811448,14.814814814814813,70.70707070707071,8.080808080808081,62.62626262626263
E00095968,294,94,45,49,200,20,180,31.97278911564626,15.306122448979592,16.666666666666664,68.02721088435374,6.802721088435375,61.224489795918366
E00095969,482,106,39,67,376,44,332,21.991701244813278,8.091286307053942,13.900414937759336,78.00829875518673,9.12863070539419,68.87966804979253
E00095970,237,60,20,40,177,20,157,25.31645569620253,8.438818565400844,16.877637130801688,74.68354430379746,8.438818565400844,66.24472573839662
E00095971,351,96,47,49,255,20,235,27.350427350427353,13.390313390313391,13.96011396011396,72.64957264957265,5.698005698005698,66.95156695156696
E00095972,326,88,43,45,238,13,225,26.993865030674847,13.190184049079754,13.803680981595093,73.00613496932516,3.9877300613496933,69.01840490797547
E00095973,311,54,25,29,257,15,242,17.363344051446948,8.038585209003216,9.32475884244373,82.63665594855306,4.823151125401929,77.81350482315112
E00095974,185,44,17,27,141,10,131,23.783783783783786,9.18918918918919,14.594594594594595,76.21621621621621,5.405405405405405,70.8108108108108
E00095975,304,45,15,30,259,23,236,14.802631578947366,4.934210526315789,9.868421052631579,85.19736842105263,7.565789473684211,77.63157894736842
E00095976,193,60,15,45,133,17,116,31.088082901554404,7.772020725388601,23.316062176165804,68.9119170984456,8.808290155440414,60.10362694300518
E00095977,306,80,46,34,226,28,198,26.143790849673206,15.032679738562091,11.11111111111111,73.8562091503268,9.15032679738562,64.70588235294117
E00095978,241,49,17,32,192,18,174,20.33195020746888,7.053941908713693,13.278008298755188,79.66804979253112,7.468879668049793,72.19917012448133
E00095979,294,78,34,44,216,21,195,26.53061224489796,11.564625850340136,14.965986394557824,73.46938775510205,7.142857142857142,66.3265306122449
E00095980,269,120,69,51,149,19,130,44.60966542750929,25.650557620817843,18.95910780669145,55.39033457249071,7.063197026022305,48.3271375464684
E00095981,232,50,16,34,182,17,165,21.551724137931032,6.896551724137931,14.655172413793101,78.44827586206897,7.327586206896551,71.12068965517241
E00095982,305,112,47,65,193,16,177,36.721311475409834,15.40983606557377,21.311475409836063,63.278688524590166,5.245901639344262,58.032786885245905
E00095983,217,72,34,38,145,13,132,33.17972350230415,15.668202764976957,17.51152073732719,66.82027649769586,5.990783410138248,60.82949308755761
E00095984,268,55,17,38,213,25,188,20.522388059701495,6.343283582089552,14.17910447761194,79.47761194029852,9.328358208955224,70.1492537313433
E00095985,231,54,17,37,177,22,155,23.376623376623375,7.35930735930736,16.017316017316016,76.62337662337663,9.523809523809524,67.09956709956711
E00095986,331,113,48,65,218,19,199,34.13897280966767,14.501510574018129,19.637462235649547,65.86102719033232,5.740181268882175,60.12084592145015
E00095987,224,39,21,18,185,10,175,17.410714285714285,9.375,8.035714285714286,82.58928571428571,4.464285714285714,78.125
E00095988,322,106,59,47,216,10,206,32.91925465838509,18.32298136645963,14.596273291925465,67.08074534161491,3.1055900621118013,63.975155279503106
E00095989,316,105,58,47,211,15,196,33.22784810126582,18.354430379746837,14.873417721518987,66.77215189873418,4.746835443037975,62.0253164556962
E00095990,315,89,50,39,226,18,208,28.253968253968253,15.873015873015872,12.380952380952381,71.74603174603175,5.714285714285714,66.03174603174602
E00095991,194,46,19,27,148,17,131,23.711340206185564,9.793814432989691,13.917525773195877,76.28865979381443,8.762886597938143,67.5257731958763
E00095992,209,43,11,32,166,20,146,20.574162679425836,5.263157894736842,15.311004784688995,79.42583732057416,9.569377990430622,69.85645933014354
E00095993,202,52,17,35,150,22,128,25.742574257425744,8.415841584158416,17.326732673267326,74.25742574257426,10.891089108910892,63.366336633663366
E00095994,182,31,16,15,151,18,133,17.032967032967033,8.791208791208792,8.241758241758241,82.96703296703298,9.89010989010989,73.07692307692307
E00095995,250,54,26,28,196,13,183,21.6,10.4,11.200000000000001,78.4,5.2,73.2
E00095996,242,67,30,37,175,23,152,27.685950413223143,12.396694214876034,15.289256198347106,72.31404958677686,9.50413223140496,62.8099173553719
E00095997,271,68,35,33,203,21,182,25.092250922509223,12.915129151291513,12.177121771217712,74.90774907749078,7.7490774907749085,67.15867158671587
E00095998,263,55,26,29,208,18,190,20.912547528517113,9.885931558935361,11.02661596958175,79.08745247148289,6.844106463878327,72.24334600760456
E00095999,255,69,25,44,186,18,168,27.058823529411764,9.803921568627452,17.254901960784313,72.94117647058823,7.0588235294117645,65.88235294117646
E00096000,203,53,20,33,150,15,135,26.108374384236456,9.852216748768473,16.25615763546798,73.89162561576354,7.389162561576355,66.50246305418719
E00096001,245,58,16,42,187,22,165,23.6734693877551,6.530612244897959,17.142857142857142,76.32653061224491,8.979591836734693,67.3469387755102
E00096002,168,59,36,23,109,15,94,35.11904761904761,21.428571428571427,13.690476190476192,64.88095238095238,8.928571428571429,55.952380952380956
E00096003,213,71,37,34,142,10,132,33.33333333333333,17.370892018779344,15.96244131455399,66.66666666666666,4.694835680751173,61.97183098591549
E00096004,242,57,21,36,185,24,161,23.553719008264462,8.677685950413224,14.87603305785124,76.44628099173553,9.917355371900827,66.52892561983471
E00096005,209,36,19,17,173,11,162,17.22488038277512,9.090909090909092,8.133971291866029,82.77511961722487,5.263157894736842,77.51196172248804
E00096006,272,49,22,27,223,29,194,18.014705882352942,8.088235294117647,9.926470588235293,81.98529411764706,10.661764705882353,71.32352941176471
E00096007,275,54,18,36,221,22,199,19.636363636363637,6.545454545454546,13.090909090909092,80.36363636363636,8,72.36363636363636
E00096008,267,35,15,20,232,18,214,13.108614232209737,5.617977528089887,7.490636704119851,86.89138576779027,6.741573033707865,80.14981273408239
E00096009,194,42,16,26,152,24,128,21.649484536082475,8.24742268041237,13.402061855670103,78.35051546391753,12.371134020618557,65.97938144329896
E00096010,176,50,19,31,126,21,105,28.40909090909091,10.795454545454545,17.613636363636363,71.5909090909091,11.931818181818182,59.65909090909091
E00096011,183,35,12,23,148,21,127,19.12568306010929,6.557377049180328,12.568306010928962,80.87431693989072,11.475409836065573,69.39890710382514
E00096012,184,45,21,24,139,11,128,24.456521739130434,11.41304347826087,13.043478260869565,75.54347826086956,5.978260869565218,69.56521739130434
E00096013,281,64,20,44,217,29,188,22.77580071174377,7.11743772241993,15.658362989323843,77.22419928825623,10.320284697508896,66.90391459074732
E00096014,243,61,24,37,182,15,167,25.102880658436217,9.876543209876543,15.22633744855967,74.8971193415638,6.172839506172839,68.72427983539094
E00096015,329,81,41,40,248,18,230,24.620060790273556,12.462006079027356,12.158054711246201,75.37993920972644,5.47112462006079,69.90881458966565
E00096016,206,43,18,25,163,18,145,20.87378640776699,8.737864077669903,12.135922330097088,79.12621359223301,8.737864077669903,70.3883495145631
E00096017,243,53,20,33,190,23,167,21.810699588477366,8.23045267489712,13.580246913580247,78.18930041152264,9.465020576131687,68.72427983539094
E00096018,208,51,17,34,157,15,142,24.519230769230766,8.173076923076923,16.346153846153847,75.48076923076923,7.211538461538461,68.26923076923077
E00096019,313,111,56,55,202,15,187,35.46325878594249,17.89137380191693,17.57188498402556,64.5367412140575,4.792332268370607,59.7444089456869
E00096020,308,48,9,39,260,18,242,15.584415584415584,2.922077922077922,12.662337662337661,84.4155844155844,5.844155844155844,78.57142857142857
E00096021,189,54,19,35,135,16,119,28.57142857142857,10.052910052910052,18.51851851851852,71.42857142857143,8.465608465608465,62.96296296296296
E00096022,290,99,52,47,191,15,176,34.13793103448276,17.93103448275862,16.206896551724135,65.86206896551724,5.172413793103448,60.689655172413794
E00096023,233,45,16,29,188,19,169,19.313304721030043,6.866952789699571,12.446351931330472,80.68669527896995,8.15450643776824,72.53218884120172
E00096024,303,92,58,34,211,28,183,30.363036303630363,19.141914191419144,11.221122112211221,69.63696369636963,9.24092409240924,60.396039603960396
E00096025,298,67,31,36,231,20,211,22.483221476510067,10.40268456375839,12.080536912751679,77.51677852348993,6.7114093959731544,70.80536912751678
E00096026,448,80,32,48,368,29,339,17.857142857142858,7.142857142857142,10.714285714285714,82.14285714285714,6.4732142857142865,75.66964285714286
E00096027,355,63,21,42,292,29,263,17.74647887323944,5.915492957746479,11.830985915492958,82.25352112676056,8.169014084507042,74.08450704225352
E00096028,245,57,24,33,188,16,172,23.26530612244898,9.795918367346939,13.46938775510204,76.73469387755102,6.530612244897959,70.20408163265306
E00096029,279,52,14,38,227,28,199,18.63799283154122,5.017921146953405,13.620071684587815,81.36200716845879,10.03584229390681,71.32616487455196
E00096030,304,68,18,50,236,28,208,22.36842105263158,5.921052631578947,16.447368421052634,77.63157894736842,9.210526315789473,68.42105263157895
E00096031,328,72,25,47,256,26,230,21.951219512195124,7.621951219512195,14.329268292682926,78.04878048780488,7.926829268292683,70.1219512195122
E00096032,218,43,12,31,175,9,166,19.724770642201836,5.5045871559633035,14.220183486238533,80.27522935779817,4.128440366972478,76.14678899082568
E00096033,463,87,48,39,376,24,352,18.790496760259177,10.367170626349893,8.423326133909287,81.20950323974083,5.183585313174946,76.02591792656588
E00096034,209,52,25,27,157,19,138,24.880382775119617,11.961722488038278,12.918660287081341,75.11961722488039,9.090909090909092,66.02870813397129
E00096035,340,59,26,33,281,23,258,17.352941176470587,7.647058823529412,9.705882352941178,82.6470588235294,6.764705882352941,75.88235294117646
E00096036,255,63,30,33,192,11,181,24.705882352941178,11.76470588235294,12.941176470588237,75.29411764705883,4.313725490196078,70.98039215686275
E00096037,399,72,35,37,327,34,293,18.045112781954884,8.771929824561402,9.273182957393484,81.95488721804512,8.521303258145362,73.43358395989975
E00096038,258,37,13,24,221,20,201,14.34108527131783,5.038759689922481,9.30232558139535,85.65891472868216,7.751937984496124,77.90697674418605
E00096039,274,48,21,27,226,16,210,17.51824817518248,7.664233576642336,9.854014598540147,82.48175182481752,5.839416058394161,76.64233576642336
E00096040,309,72,32,40,237,23,214,23.300970873786408,10.355987055016183,12.944983818770226,76.69902912621359,7.443365695792881,69.25566343042071
E00096041,295,62,27,35,233,27,206,21.01694915254237,9.152542372881356,11.864406779661017,78.98305084745762,9.152542372881356,69.83050847457626
E00096042,231,37,12,25,194,19,175,16.017316017316016,5.194805194805195,10.822510822510822,83.98268398268398,8.225108225108226,75.75757575757575
E00096043,305,46,19,27,259,22,237,15.081967213114755,6.229508196721312,8.852459016393443,84.91803278688525,7.213114754098362,77.70491803278688
E00096044,504,138,82,56,366,20,346,27.380952380952383,16.26984126984127,11.11111111111111,72.61904761904762,3.968253968253968,68.65079365079364
E00096045,308,45,15,30,263,24,239,14.61038961038961,4.870129870129871,9.740259740259742,85.3896103896104,7.792207792207792,77.59740259740259
E00096046,216,57,18,39,159,18,141,26.38888888888889,8.333333333333332,18.055555555555554,73.61111111111111,8.333333333333332,65.27777777777779
E00096047,297,56,19,37,241,24,217,18.855218855218855,6.397306397306397,12.457912457912458,81.14478114478115,8.080808080808081,73.06397306397307
E00096048,233,60,25,35,173,14,159,25.75107296137339,10.72961373390558,15.021459227467812,74.2489270386266,6.008583690987124,68.24034334763948
E00096049,282,70,29,41,212,21,191,24.822695035460992,10.28368794326241,14.539007092198581,75.177304964539,7.446808510638298,67.73049645390071
E00096050,226,37,14,23,189,22,167,16.371681415929203,6.1946902654867255,10.176991150442479,83.6283185840708,9.734513274336283,73.89380530973452
E00096051,365,76,27,49,289,19,270,20.82191780821918,7.397260273972603,13.424657534246576,79.17808219178082,5.205479452054795,73.97260273972603
E00096052,281,78,44,34,203,16,187,27.75800711743772,15.658362989323843,12.099644128113878,72.24199288256227,5.6939501779359425,66.54804270462633
E00096053,468,98,44,54,370,30,340,20.94017094017094,9.401709401709402,11.538461538461538,79.05982905982906,6.41025641025641,72.64957264957265
E00096054,328,87,43,44,241,16,225,26.52439024390244,13.109756097560975,13.414634146341465,73.47560975609755,4.878048780487805,68.59756097560977
E00096055,254,42,14,28,212,19,193,16.535433070866144,5.511811023622047,11.023622047244094,83.46456692913385,7.480314960629922,75.98425196850394
E00096056,191,31,12,19,160,12,148,16.230366492146597,6.282722513089005,9.947643979057592,83.7696335078534,6.282722513089005,77.4869109947644
E00096057,163,31,9,22,132,8,124,19.018404907975462,5.521472392638037,13.496932515337424,80.98159509202453,4.9079754601226995,76.07361963190185
E00096058,153,27,9,18,126,16,110,17.647058823529413,5.88235294117647,11.76470588235294,82.35294117647058,10.457516339869281,71.89542483660131
E00096059,131,34,16,18,97,9,88,25.954198473282442,12.213740458015266,13.740458015267176,74.04580152671755,6.870229007633588,67.17557251908397
E00096060,140,28,10,18,112,6,106,20,7.142857142857142,12.857142857142856,80,4.285714285714286,75.71428571428571
E00096061,369,92,47,45,277,28,249,24.932249322493224,12.737127371273713,12.195121951219512,75.06775067750678,7.588075880758807,67.47967479674797
E00096062,267,52,19,33,215,25,190,19.475655430711612,7.116104868913857,12.359550561797752,80.52434456928839,9.363295880149813,71.16104868913857
E00096063,514,94,37,57,420,28,392,18.28793774319066,7.198443579766536,11.089494163424124,81.71206225680933,5.447470817120623,76.26459143968872
E00096064,190,39,20,19,151,6,145,20.526315789473685,10.526315789473683,10,79.47368421052632,3.1578947368421053,76.31578947368422
E00096065,243,40,16,24,203,12,191,16.46090534979424,6.584362139917696,9.876543209876543,83.53909465020575,4.938271604938271,78.60082304526749
E00096068,143,27,7,20,116,12,104,18.88111888111888,4.895104895104895,13.986013986013987,81.11888111888112,8.391608391608392,72.72727272727273
E00096071,306,93,44,49,213,18,195,30.392156862745097,14.37908496732026,16.013071895424837,69.6078431372549,5.88235294117647,63.725490196078425
E00096072,328,46,15,31,282,35,247,14.02439024390244,4.573170731707317,9.451219512195122,85.97560975609755,10.670731707317072,75.3048780487805
E00096073,248,61,21,40,187,24,163,24.596774193548388,8.46774193548387,16.129032258064516,75.40322580645162,9.67741935483871,65.7258064516129
E00096075,341,60,24,36,281,31,250,17.595307917888565,7.038123167155426,10.557184750733137,82.40469208211144,9.090909090909092,73.31378299120234
E00096076,216,69,37,32,147,12,135,31.944444444444443,17.12962962962963,14.814814814814813,68.05555555555556,5.555555555555555,62.5
E00096077,294,54,19,35,240,26,214,18.367346938775512,6.462585034013606,11.904761904761903,81.63265306122449,8.843537414965986,72.78911564625851
E00096078,126,45,17,28,81,5,76,35.714285714285715,13.492063492063492,22.22222222222222,64.28571428571429,3.968253968253968,60.317460317460316
E00096079,265,41,14,27,224,17,207,15.471698113207546,5.283018867924529,10.18867924528302,84.52830188679246,6.415094339622642,78.11320754716982
E00096080,243,49,15,34,194,22,172,20.16460905349794,6.172839506172839,13.991769547325102,79.83539094650206,9.053497942386832,70.78189300411523
E00096081,472,146,76,70,326,36,290,30.93220338983051,16.101694915254235,14.83050847457627,69.0677966101695,7.627118644067797,61.440677966101696
E00096082,422,97,42,55,325,25,300,22.985781990521325,9.95260663507109,13.033175355450238,77.01421800947867,5.924170616113744,71.09004739336493
E00096083,380,79,38,41,301,31,270,20.789473684210527,10,10.789473684210527,79.21052631578948,8.157894736842106,71.05263157894737
E00096084,291,49,18,31,242,25,217,16.83848797250859,6.185567010309279,10.652920962199312,83.16151202749141,8.59106529209622,74.5704467353952
E00096085,338,48,21,27,290,30,260,14.201183431952662,6.21301775147929,7.988165680473373,85.79881656804734,8.875739644970414,76.92307692307693
E00096087,345,51,16,35,294,36,258,14.782608695652174,4.63768115942029,10.144927536231885,85.21739130434783,10.434782608695652,74.78260869565217
E00096089,404,66,20,46,338,33,305,16.33663366336634,4.9504950495049505,11.386138613861387,83.66336633663366,8.16831683168317,75.4950495049505
E00096090,351,61,24,37,290,34,256,17.37891737891738,6.837606837606838,10.541310541310542,82.62108262108262,9.686609686609685,72.93447293447294
E00096091,267,47,21,26,220,17,203,17.60299625468165,7.865168539325842,9.737827715355806,82.39700374531836,6.367041198501873,76.02996254681648
E00096092,316,71,19,52,245,25,220,22.468354430379748,6.012658227848101,16.455696202531644,77.53164556962025,7.9113924050632916,69.62025316455697
E00096093,241,46,17,29,195,28,167,19.08713692946058,7.053941908713693,12.033195020746888,80.91286307053942,11.618257261410788,69.29460580912863
E00096095,251,47,14,33,204,28,176,18.725099601593627,5.577689243027888,13.147410358565736,81.27490039840637,11.155378486055776,70.1195219123506
E00096096,258,56,26,30,202,16,186,21.705426356589147,10.077519379844961,11.627906976744185,78.29457364341084,6.2015503875969,72.09302325581395
E00096098,410,72,28,44,338,24,314,17.560975609756095,6.829268292682928,10.731707317073171,82.4390243902439,5.853658536585367,76.58536585365854
E00096099,413,87,33,54,326,24,302,21.06537530266344,7.990314769975787,13.075060532687651,78.93462469733656,5.811138014527845,73.12348668280872
E00096100,242,44,21,23,198,17,181,18.181818181818183,8.677685950413224,9.50413223140496,81.81818181818183,7.024793388429752,74.79338842975206
E00096101,264,66,37,29,198,15,183,25,14.015151515151514,10.984848484848484,75,5.681818181818182,69.31818181818183
E00096102,363,69,22,47,294,24,270,19.00826446280992,6.0606060606060606,12.947658402203857,80.99173553719008,6.6115702479338845,74.3801652892562
E00096103,253,72,27,45,181,11,170,28.458498023715418,10.67193675889328,17.786561264822133,71.54150197628458,4.3478260869565215,67.19367588932806
E00096104,214,60,30,30,154,22,132,28.037383177570092,14.018691588785046,14.018691588785046,71.96261682242991,10.2803738317757,61.6822429906542
E00096105,279,64,25,39,215,17,198,22.939068100358423,8.960573476702509,13.978494623655912,77.06093189964157,6.093189964157706,70.96774193548387
E00096106,300,66,29,37,234,22,212,22,9.666666666666666,12.333333333333334,78,7.333333333333333,70.66666666666667
E00096107,277,47,24,23,230,29,201,16.967509025270758,8.664259927797833,8.303249097472925,83.03249097472924,10.469314079422382,72.56317689530685
E00096108,379,60,20,40,319,26,293,15.8311345646438,5.277044854881266,10.554089709762533,84.1688654353562,6.860158311345646,77.30870712401055
E00096109,450,60,23,37,390,27,363,13.333333333333334,5.111111111111112,8.222222222222223,86.66666666666667,6,80.66666666666666
E00096110,390,57,23,34,333,41,292,14.615384615384617,5.897435897435897,8.717948717948717,85.38461538461539,10.512820512820513,74.87179487179488
E00096111,290,44,16,28,246,21,225,15.172413793103448,5.517241379310345,9.655172413793103,84.82758620689656,7.241379310344828,77.58620689655173
E00096112,330,58,26,32,272,24,248,17.575757575757574,7.878787878787878,9.696969696969697,82.42424242424242,7.2727272727272725,75.15151515151514
E00096113,306,39,17,22,267,17,250,12.745098039215685,5.555555555555555,7.18954248366013,87.25490196078431,5.555555555555555,81.69934640522875
E00096114,389,75,35,40,314,25,289,19.28020565552699,8.997429305912597,10.282776349614396,80.719794344473,6.426735218508997,74.293059125964
E00096115,344,58,21,37,286,14,272,16.86046511627907,6.104651162790697,10.755813953488373,83.13953488372093,4.069767441860465,79.06976744186046
E00096116,295,36,11,25,259,21,238,12.203389830508476,3.728813559322034,8.47457627118644,87.79661016949153,7.118644067796611,80.67796610169492
E00096117,441,99,41,58,342,36,306,22.448979591836736,9.297052154195011,13.151927437641723,77.55102040816327,8.16326530612245,69.38775510204081
E00096118,332,54,23,31,278,20,258,16.265060240963855,6.927710843373494,9.33734939759036,83.73493975903614,6.024096385542169,77.71084337349397
E00096119,244,46,21,25,198,17,181,18.852459016393443,8.60655737704918,10.245901639344263,81.14754098360656,6.967213114754098,74.18032786885246
E00096120,357,52,25,27,305,19,286,14.565826330532214,7.002801120448179,7.563025210084033,85.43417366946778,5.322128851540616,80.11204481792717
E00096121,263,69,27,42,194,12,182,26.23574144486692,10.26615969581749,15.96958174904943,73.76425855513308,4.562737642585551,69.20152091254754
E00096122,229,73,39,34,156,17,139,31.877729257641924,17.03056768558952,14.847161572052403,68.12227074235808,7.423580786026202,60.698689956331876
E00096123,284,60,28,32,224,20,204,21.12676056338028,9.859154929577464,11.267605633802818,78.87323943661971,7.042253521126761,71.83098591549296
E00096124,272,56,26,30,216,22,194,20.588235294117645,9.558823529411764,11.029411764705882,79.41176470588235,8.088235294117647,71.32352941176471
E00096125,318,51,21,30,267,23,244,16.037735849056602,6.60377358490566,9.433962264150944,83.9622641509434,7.232704402515723,76.72955974842768
E00096129,186,27,11,16,159,27,132,14.516129032258066,5.913978494623656,8.60215053763441,85.48387096774194,14.516129032258066,70.96774193548387
E00096130,213,39,9,30,174,17,157,18.30985915492958,4.225352112676056,14.084507042253522,81.69014084507043,7.981220657276995,73.70892018779342
E00096131,389,78,33,45,311,24,287,20.051413881748072,8.483290488431876,11.568123393316196,79.94858611825192,6.169665809768637,73.7789203084833
E00096132,215,51,25,26,164,18,146,23.72093023255814,11.627906976744185,12.093023255813954,76.27906976744187,8.372093023255815,67.90697674418604
E00096133,233,66,33,33,167,15,152,28.32618025751073,14.163090128755366,14.163090128755366,71.67381974248927,6.437768240343347,65.23605150214593
E00096134,172,25,12,13,147,17,130,14.534883720930234,6.976744186046512,7.55813953488372,85.46511627906976,9.883720930232558,75.5813953488372
E00096135,195,26,8,18,169,19,150,13.333333333333334,4.102564102564102,9.230769230769232,86.66666666666667,9.7435897435897445,76.92307692307693
E00096136,290,72,32,40,218,16,202,24.82758620689655,11.03448275862069,13.793103448275861,75.17241379310344,5.517241379310345,69.6551724137931
E00096137,279,52,13,39,227,25,202,18.63799283154122,4.659498207885305,13.978494623655912,81.36200716845879,8.960573476702509,72.40143369175627
E00096138,285,56,22,34,229,12,217,19.649122807017545,7.719298245614035,11.929824561403509,80.35087719298247,4.2105263157894735,76.14035087719299
E00096139,320,108,39,69,212,26,186,33.75,12.1875,21.5625,66.25,8.125,58.12500000000001
E00096140,310,52,20,32,258,29,229,16.7741935483871,6.451612903225806,10.32258064516129,83.22580645161291,9.35483870967742,73.87096774193549
E00096141,202,32,13,19,170,13,157,15.841584158415841,6.435643564356436,9.405940594059405,84.15841584158416,6.435643564356436,77.72277227722772
E00096142,294,81,33,48,213,22,191,27.55102040816326,11.224489795918368,16.3265306122449,72.44897959183673,7.482993197278912,64.96598639455783
E00096143,290,54,22,32,236,29,207,18.620689655172416,7.586206896551724,11.03448275862069,81.37931034482759,10,71.37931034482759
E00096144,251,56,27,29,195,26,169,22.31075697211155,10.756972111553784,11.553784860557768,77.68924302788844,10.358565737051793,67.33067729083665
E00096145,268,82,29,53,186,18,168,30.597014925373134,10.820895522388058,19.776119402985074,69.40298507462687,6.7164179104477615,62.68656716417911
E00096146,458,138,78,60,320,30,290,30.131004366812224,17.03056768558952,13.100436681222707,69.86899563318777,6.550218340611353,63.31877729257642
E00096147,241,48,16,32,193,19,174,19.91701244813278,6.639004149377594,13.278008298755188,80.08298755186722,7.883817427385892,72.19917012448133
E00096148,239,49,21,28,190,21,169,20.502092050209207,8.786610878661087,11.715481171548117,79.49790794979079,8.786610878661087,70.7112970711297
E00096149,444,82,25,57,362,27,335,18.46846846846847,5.63063063063063,12.837837837837837,81.53153153153153,6.081081081081082,75.45045045045045
E00096150,358,75,30,45,283,28,255,20.949720670391063,8.379888268156424,12.569832402234638,79.05027932960894,7.82122905027933,71.22905027932961
E00096151,410,114,46,68,296,24,272,27.80487804878049,11.219512195121952,16.585365853658537,72.1951219512195,5.853658536585367,66.34146341463415
E00096152,436,57,12,45,379,25,354,13.073394495412844,2.7522935779816518,10.321100917431194,86.92660550458714,5.73394495412844,81.19266055045871
E00096153,248,59,36,23,189,20,169,23.790322580645164,14.516129032258066,9.274193548387096,76.20967741935483,8.064516129032258,68.14516129032258
E00096154,398,98,48,50,300,30,270,24.623115577889447,12.060301507537687,12.562814070351758,75.37688442211056,7.537688442211055,67.8391959798995
E00096155,334,53,28,25,281,24,257,15.868263473053892,8.383233532934131,7.48502994011976,84.13173652694611,7.18562874251497,76.94610778443113
E00096156,210,64,32,32,146,16,130,30.476190476190478,15.238095238095239,15.238095238095239,69.52380952380952,7.6190476190476195,61.904761904761905
E00096157,434,48,15,33,386,25,361,11.059907834101383,3.4562211981566824,7.603686635944701,88.94009216589862,5.76036866359447,83.17972350230414
E00096158,417,86,38,48,331,22,309,20.623501199040767,9.112709832134293,11.510791366906476,79.37649880095923,5.275779376498801,74.10071942446042
E00096159,342,72,37,35,270,24,246,21.052631578947366,10.818713450292398,10.23391812865497,78.94736842105263,7.017543859649122,71.9298245614035
E00096161,358,94,40,54,264,19,245,26.256983240223462,11.1731843575419,15.083798882681565,73.74301675977654,5.307262569832402,68.43575418994413
E00096162,392,55,18,37,337,39,298,14.030612244897958,4.591836734693878,9.438775510204081,85.96938775510205,9.948979591836734,76.0204081632653
E00096163,498,84,26,58,414,22,392,16.867469879518072,5.220883534136546,11.646586345381527,83.13253012048193,4.417670682730924,78.714859437751
E00096164,186,72,38,34,114,12,102,38.70967741935484,20.43010752688172,18.27956989247312,61.29032258064516,6.451612903225806,54.83870967741935
E00096165,468,147,70,77,321,26,295,31.41025641025641,14.957264957264957,16.45299145299145,68.58974358974359,5.555555555555555,63.034188034188034
E00096166,383,95,47,48,288,24,264,24.804177545691903,12.27154046997389,12.532637075718014,75.19582245430809,6.266318537859007,68.9295039164491
E00096167,174,35,15,20,139,13,126,20.114942528735632,8.620689655172415,11.494252873563218,79.88505747126436,7.471264367816093,72.41379310344827
E00096168,242,43,15,28,199,20,179,17.768595041322314,6.198347107438017,11.570247933884298,82.23140495867769,8.264462809917356,73.96694214876032
E00096169,300,100,41,59,200,26,174,33.33333333333333,13.666666666666666,19.666666666666664,66.66666666666666,8.666666666666668,57.99999999999999
E00096170,297,60,25,35,237,30,207,20.2020202020202,8.417508417508419,11.784511784511785,79.7979797979798,10.1010101010101,69.6969696969697
E00096171,324,66,34,32,258,28,230,20.37037037037037,10.493827160493826,9.876543209876543,79.62962962962963,8.641975308641975,70.98765432098766
E00096172,376,75,24,51,301,21,280,19.9468085106383,6.382978723404255,13.563829787234042,80.0531914893617,5.585106382978723,74.46808510638297
E00096173,297,62,23,39,235,28,207,20.875420875420875,7.744107744107744,13.131313131313133,79.12457912457911,9.427609427609427,69.6969696969697
E00096174,298,88,50,38,210,23,187,29.53020134228188,16.778523489932887,12.751677852348994,70.46979865771812,7.718120805369128,62.751677852349
E00096175,295,48,20,28,247,21,226,16.271186440677965,6.779661016949152,9.491525423728813,83.72881355932203,7.118644067796611,76.61016949152543
E00096176,362,91,41,50,271,38,233,25.13812154696133,11.32596685082873,13.812154696132598,74.86187845303867,10.497237569060774,64.3646408839779
E00096178,213,88,45,43,125,12,113,41.31455399061033,21.12676056338028,20.187793427230048,58.68544600938967,5.633802816901409,53.051643192488264
E00096179,311,124,70,54,187,18,169,39.87138263665595,22.508038585209004,17.363344051446948,60.12861736334405,5.787781350482315,54.340836012861736
E00096180,299,64,15,49,235,28,207,21.40468227424749,5.016722408026756,16.387959866220736,78.59531772575251,9.364548494983277,69.23076923076923
E00096181,238,80,36,44,158,24,134,33.61344537815126,15.126050420168067,18.487394957983195,66.38655462184873,10.084033613445378,56.30252100840336
E00096182,291,68,38,30,223,13,210,23.367697594501717,13.058419243986256,10.309278350515463,76.6323024054983,4.4673539518900345,72.16494845360825
E00096183,235,47,17,30,188,18,170,20,7.234042553191489,12.76595744680851,80,7.659574468085106,72.3404255319149
E00096184,336,67,25,42,269,24,245,19.940476190476193,7.440476190476191,12.5,80.05952380952381,7.142857142857142,72.91666666666666
E00096185,248,48,17,31,200,22,178,19.35483870967742,6.854838709677419,12.5,80.64516129032258,8.870967741935484,71.7741935483871
E00096186,195,39,11,28,156,26,130,20,5.641025641025641,14.358974358974358,80,13.333333333333334,66.66666666666666
E00096187,316,96,63,33,220,17,203,30.37974683544304,19.936708860759495,10.443037974683545,69.62025316455697,5.379746835443038,64.24050632911393
E00096188,286,41,15,26,245,29,216,14.335664335664337,5.244755244755245,9.090909090909092,85.66433566433567,10.13986013986014,75.52447552447552
E00096189,478,104,51,53,374,40,334,21.75732217573222,10.669456066945607,11.08786610878661,78.24267782426779,8.368200836820083,69.8744769874477
E00096190,181,31,8,23,150,11,139,17.12707182320442,4.41988950276243,12.70718232044199,82.87292817679558,6.077348066298343,76.79558011049724
E00096191,355,64,26,38,291,19,272,18.028169014084508,7.323943661971831,10.704225352112676,81.97183098591549,5.352112676056338,76.61971830985915
E00096192,271,53,25,28,218,19,199,19.557195571955717,9.22509225092251,10.33210332103321,80.44280442804428,7.011070110701106,73.43173431734317
E00096193,195,35,20,15,160,19,141,17.94871794871795,10.256410256410255,7.6923076923076925,82.05128205128204,9.7435897435897445,72.3076923076923
E00096194,295,54,20,34,241,26,215,18.305084745762713,6.779661016949152,11.525423728813559,81.69491525423729,8.813559322033898,72.88135593220339
E00096195,252,55,23,32,197,22,175,21.825396825396826,9.126984126984127,12.698412698412698,78.17460317460318,8.73015873015873,69.44444444444444
E00096196,349,80,31,49,269,33,236,22.922636103151863,8.882521489971348,14.040114613180515,77.07736389684814,9.455587392550143,67.621776504298
E00096197,403,98,62,36,305,23,282,24.317617866004962,15.384615384615385,8.933002481389577,75.68238213399503,5.707196029776675,69.97518610421837
E00096198,371,60,18,42,311,26,285,16.172506738544474,4.8517520215633425,11.320754716981133,83.82749326145552,7.008086253369273,76.81940700808624
E00096199,363,86,42,44,277,24,253,23.69146005509642,11.570247933884298,12.121212121212121,76.30853994490359,6.6115702479338845,69.6969696969697
E00096200,202,49,21,28,153,22,131,24.257425742574256,10.396039603960396,13.861386138613863,75.74257425742574,10.891089108910892,64.85148514851485
E00096201,310,64,28,36,246,33,213,20.64516129032258,9.032258064516128,11.612903225806452,79.35483870967742,10.64516129032258,68.70967741935485
E00096202,374,70,24,46,304,27,277,18.71657754010695,6.417112299465241,12.299465240641712,81.28342245989305,7.219251336898395,74.06417112299465
E00096203,182,56,31,25,126,13,113,30.76923076923077,17.032967032967033,13.736263736263737,69.23076923076923,7.142857142857142,62.08791208791209
E00096204,287,72,22,50,215,27,188,25.087108013937282,7.665505226480835,17.421602787456447,74.91289198606272,9.40766550522648,65.50522648083623
E00096205,250,45,18,27,205,31,174,18,7.199999999999999,10.8,82,12.4,69.6
E00096206,433,86,25,61,347,37,310,19.861431870669747,5.773672055427252,14.087759815242496,80.13856812933025,8.545034642032332,71.59353348729792
E00096207,184,42,18,24,142,15,127,22.82608695652174,9.782608695652174,13.043478260869565,77.17391304347827,8.152173913043478,69.02173913043478
E00096208,143,28,7,21,115,11,104,19.58041958041958,4.895104895104895,14.685314685314685,80.41958041958041,7.6923076923076925,72.72727272727273
E00096209,255,49,13,36,206,22,184,19.215686274509807,5.098039215686274,14.117647058823529,80.7843137254902,8.627450980392156,72.15686274509804
E00096210,276,53,21,32,223,16,207,19.202898550724637,7.608695652173914,11.594202898550725,80.79710144927536,5.797101449275362,75
E00096211,210,58,23,35,152,14,138,27.61904761904762,10.952380952380953,16.666666666666664,72.38095238095238,6.666666666666667,65.71428571428571
E00096212,249,29,8,21,220,15,205,11.646586345381527,3.2128514056224895,8.433734939759036,88.35341365461848,6.024096385542169,82.32931726907631
E00096213,327,72,30,42,255,22,233,22.018348623853214,9.174311926605505,12.844036697247708,77.98165137614679,6.727828746177369,71.25382262996942
E00096214,343,84,25,59,259,29,230,24.489795918367346,7.288629737609329,17.20116618075802,75.51020408163265,8.454810495626822,67.05539358600583
E00096215,429,133,61,72,296,20,276,31.002331002331,14.219114219114218,16.783216783216783,68.997668997669,4.662004662004662,64.33566433566433
E00096216,280,70,34,36,210,22,188,25,12.142857142857142,12.857142857142856,75,7.857142857142857,67.14285714285714
E00096217,290,63,19,44,227,20,207,21.72413793103448,6.551724137931035,15.172413793103448,78.27586206896552,6.896551724137931,71.37931034482759
E00096218,273,63,34,29,210,18,192,23.076923076923077,12.454212454212454,10.622710622710622,76.92307692307693,6.593406593406594,70.32967032967034
E00096219,206,50,27,23,156,8,148,24.271844660194176,13.106796116504855,11.165048543689322,75.72815533980582,3.8834951456310676,71.84466019417476
E00096220,258,71,38,33,187,31,156,27.51937984496124,14.728682170542637,12.790697674418606,72.48062015503875,12.015503875968992,60.46511627906976
E00096221,234,53,20,33,181,26,155,22.64957264957265,8.547008547008547,14.102564102564102,77.35042735042735,11.11111111111111,66.23931623931624
E00096222,231,49,11,38,182,18,164,21.21212121212121,4.761904761904762,16.450216450216452,78.78787878787878,7.792207792207792,70.995670995671
E00096224,272,76,31,45,196,22,174,27.941176470588236,11.397058823529411,16.544117647058822,72.05882352941177,8.088235294117647,63.970588235294116
E00096225,221,44,22,22,177,18,159,19.90950226244344,9.95475113122172,9.95475113122172,80.09049773755656,8.144796380090497,71.94570135746606
E00096226,553,131,48,83,422,50,372,23.688969258589513,8.679927667269439,15.009041591320072,76.31103074141049,9.041591320072333,67.26943942133815
E00096227,267,71,31,40,196,20,176,26.591760299625467,11.610486891385769,14.981273408239701,73.40823970037454,7.490636704119851,65.91760299625467
E00096228,431,114,46,68,317,39,278,26.450116009280745,10.672853828306264,15.777262180974477,73.54988399071925,9.048723897911833,64.50116009280742
E00096230,323,71,27,44,252,23,229,21.981424148606813,8.359133126934983,13.622291021671826,78.0185758513932,7.120743034055728,70.89783281733746
E00096231,314,82,43,39,232,26,206,26.11464968152866,13.694267515923567,12.420382165605096,73.88535031847134,8.280254777070063,65.60509554140127
E00096232,287,83,44,39,204,16,188,28.9198606271777,15.33101045296167,13.588850174216027,71.0801393728223,5.574912891986063,65.50522648083623
E00096233,175,66,32,34,109,10,99,37.714285714285715,18.285714285714285,19.428571428571427,62.28571428571429,5.714285714285714,56.57142857142857
E00096234,304,94,48,46,210,15,195,30.92105263157895,15.789473684210526,15.131578947368421,69.07894736842105,4.934210526315789,64.14473684210526
E00096235,290,62,33,29,228,25,203,21.379310344827587,11.379310344827587,10,78.62068965517241,8.620689655172415,70
E00096236,338,51,24,27,287,26,261,15.088757396449704,7.100591715976331,7.988165680473373,84.91124260355029,7.6923076923076925,77.2189349112426
E00096237,292,69,29,40,223,24,199,23.63013698630137,9.931506849315069,13.698630136986301,76.36986301369863,8.21917808219178,68.15068493150685
E00096238,304,70,37,33,234,22,212,23.026315789473685,12.171052631578947,10.855263157894738,76.97368421052632,7.236842105263158,69.73684210526315
E00096239,259,96,49,47,163,18,145,37.06563706563706,18.91891891891892,18.146718146718147,62.93436293436293,6.94980694980695,55.98455598455598
E00096240,284,67,27,40,217,18,199,23.591549295774648,9.507042253521126,14.084507042253522,76.40845070422534,6.338028169014084,70.07042253521126
E00096241,234,86,52,34,148,6,142,36.75213675213676,22.22222222222222,14.529914529914532,63.24786324786324,2.564102564102564,60.68376068376068
E00096242,570,141,69,72,429,42,387,24.736842105263158,12.105263157894736,12.631578947368421,75.26315789473685,7.368421052631578,67.89473684210526
E00096243,193,46,22,24,147,19,128,23.83419689119171,11.398963730569948,12.435233160621761,76.16580310880829,9.844559585492227,66.32124352331607
E00096244,324,70,28,42,254,22,232,21.604938271604937,8.641975308641975,12.962962962962962,78.39506172839506,6.790123456790123,71.60493827160494
E00096245,229,60,33,27,169,12,157,26.200873362445414,14.41048034934498,11.790393013100436,73.7991266375546,5.240174672489083,68.5589519650655
E00096246,207,69,32,37,138,9,129,33.33333333333333,15.458937198067632,17.874396135265698,66.66666666666666,4.3478260869565215,62.31884057971014
E00096247,322,68,36,32,254,36,218,21.11801242236025,11.180124223602485,9.937888198757763,78.88198757763976,11.180124223602485,67.70186335403726
E00096248,260,97,37,60,163,26,137,37.30769230769231,14.23076923076923,23.076923076923077,62.69230769230769,10,52.69230769230769
E00096250,382,73,25,48,309,33,276,19.10994764397906,6.544502617801047,12.56544502617801,80.89005235602095,8.638743455497382,72.25130890052355
E00096252,261,57,26,31,204,15,189,21.839080459770116,9.961685823754788,11.877394636015326,78.16091954022988,5.747126436781609,72.41379310344827
E00096254,476,75,25,50,401,34,367,15.756302521008402,5.2521008403361344,10.504201680672269,84.24369747899159,7.142857142857142,77.10084033613445
E00096255,243,60,24,36,183,13,170,24.691358024691358,9.876543209876543,14.814814814814813,75.30864197530865,5.349794238683128,69.95884773662551
E00096256,345,75,42,33,270,20,250,21.73913043478261,12.173913043478262,9.565217391304348,78.26086956521739,5.797101449275362,72.46376811594203
E00096257,139,27,13,14,112,5,107,19.424460431654676,9.352517985611511,10.071942446043165,80.57553956834532,3.5971223021582732,76.97841726618705
E00096258,250,41,13,28,209,12,197,16.400000000000002,5.2,11.200000000000001,83.6,4.8,78.8
E00096259,278,60,23,37,218,22,196,21.58273381294964,8.273381294964029,13.309352517985612,78.41726618705036,7.913669064748201,70.50359712230215
E00096260,309,68,26,42,241,24,217,22.006472491909385,8.414239482200648,13.592233009708737,77.99352750809061,7.766990291262135,70.22653721682848
E00096261,281,49,16,33,232,23,209,17.437722419928825,5.6939501779359425,11.743772241992882,82.56227758007117,8.185053380782918,74.37722419928826
E00096262,233,37,13,24,196,15,181,15.879828326180256,5.579399141630901,10.300429184549357,84.12017167381974,6.437768240343347,77.6824034334764
E00096263,352,78,30,48,274,22,252,22.15909090909091,8.522727272727272,13.636363636363635,77.8409090909091,6.25,71.5909090909091
E00096265,322,73,29,44,249,22,227,22.67080745341615,9.006211180124224,13.664596273291925,77.32919254658384,6.832298136645963,70.4968944099379
E00096266,355,27,4,23,328,24,304,7.605633802816901,1.1267605633802817,6.478873239436619,92.3943661971831,6.760563380281689,85.63380281690141
E00096267,264,64,33,31,200,13,187,24.242424242424242,12.5,11.742424242424242,75.75757575757575,4.924242424242424,70.83333333333334
E00096268,294,53,19,34,241,11,230,18.027210884353742,6.462585034013606,11.564625850340136,81.97278911564626,3.741496598639456,78.2312925170068
E00096269,227,69,37,32,158,12,146,30.396475770925107,16.299559471365637,14.096916299559473,69.60352422907489,5.286343612334802,64.31718061674009
E00096270,313,58,24,34,255,18,237,18.53035143769968,7.667731629392971,10.86261980830671,81.46964856230032,5.7507987220447285,75.71884984025559
E00096271,265,59,31,28,206,13,193,22.264150943396228,11.69811320754717,10.566037735849058,77.73584905660378,4.905660377358491,72.83018867924528
E00096273,396,102,51,51,294,13,281,25.757575757575758,12.878787878787879,12.878787878787879,74.24242424242425,3.2828282828282833,70.95959595959596
E00096274,306,75,24,51,231,13,218,24.509803921568626,7.8431372549019605,16.666666666666664,75.49019607843137,4.248366013071895,71.24183006535948
E00096275,274,54,24,30,220,19,201,19.708029197080293,8.75912408759124,10.948905109489052,80.2919708029197,6.934306569343065,73.35766423357664
E00096276,234,56,28,28,178,8,170,23.931623931623932,11.965811965811966,11.965811965811966,76.06837606837607,3.418803418803419,72.64957264957265
E00096278,268,73,40,33,195,14,181,27.238805970149254,14.925373134328357,12.313432835820896,72.76119402985076,5.223880597014925,67.53731343283582
E00096279,414,81,27,54,333,38,295,19.565217391304348,6.521739130434782,13.043478260869565,80.43478260869566,9.178743961352657,71.25603864734299
E00096280,195,32,16,16,163,9,154,16.41025641025641,8.205128205128204,8.205128205128204,83.58974358974359,4.615384615384616,78.97435897435898
E00096281,445,125,56,69,320,30,290,28.08988764044944,12.584269662921349,15.505617977528091,71.91011235955057,6.741573033707865,65.1685393258427
E00096282,304,77,39,38,227,20,207,25.32894736842105,12.828947368421053,12.5,74.67105263157895,6.578947368421052,68.0921052631579
E00096283,221,40,16,24,181,9,172,18.099547511312217,7.239819004524888,10.85972850678733,81.90045248868778,4.072398190045249,77.82805429864254
E00096284,203,45,25,20,158,6,152,22.167487684729064,12.31527093596059,9.852216748768473,77.83251231527095,2.955665024630542,74.8768472906404
E00096285,351,102,49,53,249,23,226,29.059829059829063,13.96011396011396,15.0997150997151,70.94017094017094,6.552706552706552,64.38746438746439
E00096286,380,69,34,35,311,32,279,18.157894736842106,8.947368421052632,9.210526315789473,81.84210526315789,8.421052631578947,73.42105263157895
E00096287,461,102,41,61,359,35,324,22.125813449023862,8.893709327548807,13.232104121475055,77.87418655097615,7.592190889370933,70.28199566160521
E00096288,377,102,39,63,275,31,244,27.055702917771885,10.344827586206897,16.710875331564985,72.94429708222812,8.222811671087534,64.72148541114059
E00096289,242,45,20,25,197,7,190,18.59504132231405,8.264462809917356,10.330578512396695,81.40495867768594,2.8925619834710745,78.51239669421489
E00096290,396,82,39,43,314,27,287,20.707070707070706,9.848484848484848,10.85858585858586,79.29292929292929,6.8181818181818175,72.47474747474747
E00096291,397,74,25,49,323,13,310,18.639798488664987,6.297229219143577,12.34256926952141,81.36020151133502,3.27455919395466,78.08564231738035
E00096292,274,55,25,30,219,34,185,20.072992700729927,9.124087591240876,10.948905109489052,79.92700729927007,12.408759124087592,67.51824817518248
E00096293,595,109,46,63,486,45,441,18.319327731092436,7.73109243697479,10.588235294117647,81.68067226890756,7.563025210084033,74.11764705882354
E00096294,387,53,18,35,334,26,308,13.695090439276486,4.651162790697675,9.043927648578812,86.30490956072352,6.718346253229974,79.58656330749353
E00096296,416,77,30,47,339,33,306,18.509615384615387,7.211538461538461,11.298076923076923,81.49038461538461,7.9326923076923075,73.5576923076923
E00096297,176,53,27,26,123,9,114,30.113636363636363,15.340909090909092,14.772727272727273,69.88636363636364,5.113636363636364,64.77272727272727
E00096300,211,72,38,34,139,13,126,34.12322274881517,18.009478672985782,16.113744075829384,65.87677725118483,6.161137440758294,59.71563981042654
E00096301,249,79,39,40,170,16,154,31.72690763052209,15.66265060240964,16.06425702811245,68.27309236947792,6.425702811244979,61.84738955823293
E00096303,179,35,9,26,144,16,128,19.553072625698324,5.027932960893855,14.52513966480447,80.44692737430168,8.938547486033519,71.50837988826815
E00096304,260,55,21,34,205,24,181,21.153846153846153,8.076923076923077,13.076923076923078,78.84615384615384,9.230769230769232,69.61538461538461
E00096305,328,59,23,36,269,23,246,17.98780487804878,7.01219512195122,10.975609756097562,82.01219512195121,7.01219512195122,75
E00096306,335,69,26,43,266,30,236,20.597014925373134,7.761194029850746,12.835820895522387,79.40298507462687,8.955223880597014,70.44776119402985
E00096307,307,60,27,33,247,27,220,19.54397394136808,8.794788273615636,10.749185667752444,80.45602605863192,8.794788273615636,71.66123778501628
E00096308,253,72,27,45,181,17,164,28.458498023715418,10.67193675889328,17.786561264822133,71.54150197628458,6.719367588932807,64.82213438735178
E00096309,267,50,20,30,217,26,191,18.726591760299627,7.490636704119851,11.235955056179774,81.27340823970037,9.737827715355806,71.53558052434457
E00096310,259,67,36,31,192,12,180,25.868725868725868,13.8996138996139,11.96911196911197,74.13127413127413,4.633204633204633,69.4980694980695
E00096311,413,78,25,53,335,18,317,18.886198547215496,6.053268765133172,12.832929782082324,81.1138014527845,4.358353510895883,76.75544794188862
E00096312,347,122,72,50,225,20,205,35.158501440922194,20.7492795389049,14.409221902017292,64.84149855907782,5.763688760806916,59.0778097982709
E00096313,333,54,18,36,279,20,259,16.216216216216218,5.405405405405405,10.81081081081081,83.78378378378379,6.006006006006006,77.77777777777779
E00096314,261,76,30,46,185,18,167,29.118773946360154,11.494252873563218,17.624521072796934,70.88122605363985,6.896551724137931,63.984674329501914
E00096315,274,39,17,22,235,26,209,14.233576642335766,6.204379562043796,8.02919708029197,85.76642335766424,9.48905109489051,76.27737226277372
E00096316,227,62,30,32,165,9,156,27.312775330396477,13.215859030837004,14.096916299559473,72.68722466960352,3.9647577092511015,68.72246696035242
E00096317,177,37,13,24,140,9,131,20.903954802259886,7.344632768361582,13.559322033898304,79.09604519774011,5.084745762711865,74.01129943502825
E00096318,204,35,13,22,169,19,150,17.15686274509804,6.372549019607843,10.784313725490197,82.84313725490196,9.313725490196079,73.52941176470588
E00096319,283,46,25,21,237,21,216,16.25441696113074,8.8339222614841,7.420494699646643,83.74558303886926,7.420494699646643,76.32508833922262
E00096320,243,45,18,27,198,24,174,18.51851851851852,7.4074074074074066,11.11111111111111,81.48148148148148,9.876543209876543,71.60493827160494
E00096321,330,40,20,20,290,30,260,12.121212121212121,6.0606060606060606,6.0606060606060606,87.87878787878788,9.090909090909092,78.78787878787878
E00096322,401,100,51,49,301,24,277,24.93765586034913,12.718204488778055,12.219451371571072,75.06234413965088,5.985037406483791,69.07730673316709
E00096323,428,79,28,51,349,39,310,18.457943925233643,6.5420560747663545,11.91588785046729,81.54205607476635,9.11214953271028,72.42990654205607
E00096324,306,80,24,56,226,16,210,26.143790849673206,7.8431372549019605,18.30065359477124,73.8562091503268,5.228758169934641,68.62745098039215
E00096325,302,49,22,27,253,36,217,16.225165562913908,7.28476821192053,8.940397350993377,83.77483443708608,11.920529801324504,71.8543046357616
E00096326,276,65,36,29,211,11,200,23.55072463768116,13.043478260869565,10.507246376811594,76.44927536231883,3.985507246376811,72.46376811594203
E00096327,299,76,31,45,223,12,211,25.418060200668897,10.367892976588628,15.050167224080269,74.5819397993311,4.013377926421405,70.5685618729097
E00096328,374,110,60,50,264,15,249,29.411764705882355,16.042780748663102,13.368983957219251,70.58823529411765,4.0106951871657754,66.57754010695187
E00096329,401,69,18,51,332,24,308,17.206982543640898,4.488778054862843,12.718204488778055,82.7930174563591,5.985037406483791,76.80798004987531
E00096330,535,118,52,66,417,37,380,22.05607476635514,9.719626168224298,12.33644859813084,77.94392523364486,6.915887850467289,71.02803738317756
E00096331,344,84,44,40,260,10,250,24.418604651162788,12.790697674418606,11.627906976744185,75.5813953488372,2.9069767441860463,72.67441860465115
E00096332,310,72,37,35,238,20,218,23.225806451612904,11.935483870967742,11.29032258064516,76.77419354838709,6.451612903225806,70.3225806451613
E00096333,297,68,23,45,229,18,211,22.895622895622896,7.744107744107744,15.151515151515152,77.10437710437711,6.0606060606060606,71.04377104377105
E00096334,420,59,25,34,361,26,335,14.047619047619047,5.952380952380952,8.095238095238095,85.95238095238096,6.190476190476191,79.76190476190477
E00096335,549,105,45,60,444,45,399,19.12568306010929,8.19672131147541,10.92896174863388,80.87431693989072,8.19672131147541,72.6775956284153
E00096336,406,55,24,31,351,27,324,13.546798029556651,5.911330049261084,7.635467980295567,86.45320197044335,6.65024630541872,79.80295566502463
E00096337,502,103,47,56,399,31,368,20.51792828685259,9.362549800796813,11.155378486055776,79.4820717131474,6.175298804780876,73.30677290836654
E00096338,449,117,49,68,332,29,303,26.057906458797326,10.913140311804009,15.14476614699332,73.94209354120267,6.45879732739421,67.48329621380846
E00096339,354,73,26,47,281,18,263,20.62146892655367,7.344632768361582,13.27683615819209,79.37853107344633,5.084745762711865,74.29378531073446
E00096340,341,69,25,44,272,25,247,20.234604105571847,7.331378299120235,12.903225806451612,79.76539589442815,7.331378299120235,72.43401759530792
E00096341,359,59,20,39,300,28,272,16.434540389972145,5.571030640668524,10.86350974930362,83.56545961002786,7.7994428969359335,75.76601671309191
E00096342,301,60,35,25,241,24,217,19.93355481727575,11.627906976744185,8.305647840531561,80.06644518272425,7.973421926910299,72.09302325581395
E00096344,368,72,35,37,296,21,275,19.565217391304348,9.510869565217392,10.054347826086957,80.43478260869566,5.706521739130435,74.72826086956522
E00096345,313,60,27,33,253,17,236,19.169329073482427,8.626198083067091,10.543130990415335,80.83067092651757,5.431309904153355,75.39936102236422
E00096346,378,60,26,34,318,31,287,15.873015873015872,6.878306878306878,8.994708994708994,84.12698412698413,8.201058201058201,75.92592592592592
E00096347,561,102,39,63,459,56,403,18.181818181818183,6.951871657754011,11.229946524064172,81.81818181818183,9.982174688057041,71.83600713012478
E00096348,307,78,26,52,229,27,202,25.407166123778502,8.469055374592834,16.938110749185668,74.5928338762215,8.794788273615636,65.79804560260585
E00096349,156,30,9,21,126,16,110,19.230769230769234,5.769230769230769,13.461538461538462,80.76923076923077,10.256410256410255,70.51282051282051
E00096350,311,65,22,43,246,35,211,20.90032154340836,7.07395498392283,13.826366559485532,79.09967845659163,11.254019292604502,67.84565916398714
E00096351,376,81,24,57,295,28,267,21.54255319148936,6.382978723404255,15.159574468085108,78.45744680851064,7.446808510638298,71.01063829787235
E00096352,289,31,7,24,258,25,233,10.726643598615917,2.422145328719723,8.304498269896193,89.27335640138409,8.650519031141869,80.62283737024222
E00096353,266,54,24,30,212,20,192,20.30075187969925,9.022556390977442,11.278195488721805,79.69924812030075,7.518796992481203,72.18045112781954
E00096354,235,49,19,30,186,24,162,20.851063829787233,8.085106382978724,12.76595744680851,79.14893617021276,10.212765957446807,68.93617021276596
E00096355,297,51,12,39,246,23,223,17.17171717171717,4.040404040404041,13.131313131313133,82.82828282828282,7.744107744107744,75.08417508417509
E00096356,359,63,27,36,296,30,266,17.548746518105848,7.520891364902507,10.027855153203342,82.45125348189416,8.356545961002785,74.09470752089136
E00096357,190,47,22,25,143,13,130,24.736842105263158,11.578947368421053,13.157894736842104,75.26315789473685,6.842105263157896,68.42105263157895
E00096358,156,26,8,18,130,9,121,16.666666666666664,5.128205128205128,11.538461538461538,83.33333333333334,5.769230769230769,77.56410256410257
E00096359,273,58,24,34,215,24,191,21.245421245421245,8.791208791208792,12.454212454212454,78.75457875457876,8.791208791208792,69.96336996336996
E00096360,312,71,30,41,241,29,212,22.756410256410255,9.615384615384617,13.141025641025642,77.24358974358975,9.294871794871796,67.94871794871796
E00096361,246,66,34,32,180,14,166,26.82926829268293,13.821138211382115,13.008130081300814,73.17073170731707,5.691056910569105,67.47967479674797
E00096362,358,67,30,37,291,39,252,18.71508379888268,8.379888268156424,10.335195530726256,81.28491620111731,10.893854748603351,70.39106145251397
E00096363,321,70,26,44,251,15,236,21.806853582554517,8.09968847352025,13.707165109034266,78.19314641744548,4.672897196261682,73.5202492211838
E00096364,565,107,49,58,458,33,425,18.938053097345133,8.672566371681416,10.265486725663717,81.06194690265487,5.84070796460177,75.22123893805309
E00096365,336,81,44,37,255,17,238,24.107142857142858,13.095238095238097,11.011904761904761,75.89285714285714,5.059523809523809,70.83333333333334
E00096366,271,47,21,26,224,14,210,17.343173431734318,7.7490774907749085,9.59409594095941,82.65682656826569,5.166051660516605,77.49077490774908
E00096367,595,151,63,88,444,32,412,25.3781512605042,10.588235294117647,14.789915966386555,74.6218487394958,5.378151260504202,69.24369747899159
E00096368,541,84,36,48,457,32,425,15.526802218114602,6.654343807763401,8.872458410351202,84.4731977818854,5.914972273567468,78.55822550831792
E00096370,283,50,29,21,233,17,216,17.6678445229682,10.247349823321555,7.420494699646643,82.3321554770318,6.007067137809187,76.32508833922262
E00096371,344,64,27,37,280,29,251,18.6046511627907,7.848837209302325,10.755813953488373,81.3953488372093,8.430232558139535,72.96511627906976
E00096372,323,58,23,35,265,22,243,17.956656346749224,7.120743034055728,10.8359133126935,82.04334365325077,6.811145510835913,75.23219814241486
E00096373,283,56,18,38,227,27,200,19.78798586572438,6.36042402826855,13.427561837455832,80.21201413427562,9.540636042402827,70.6713780918728
E00096374,253,81,36,45,172,17,155,32.015810276679844,14.229249011857709,17.786561264822133,67.98418972332016,6.719367588932807,61.26482213438735
E00096375,272,75,41,34,197,13,184,27.573529411764707,15.073529411764705,12.5,72.42647058823529,4.779411764705882,67.64705882352942
E00096376,295,53,19,34,242,19,223,17.966101694915253,6.440677966101695,11.525423728813559,82.03389830508473,6.440677966101695,75.59322033898304
E00096377,371,71,30,41,300,27,273,19.137466307277627,8.086253369272237,11.05121293800539,80.86253369272237,7.277628032345014,73.58490566037736
E00096378,319,66,28,38,253,31,222,20.689655172413794,8.77742946708464,11.912225705329153,79.3103448275862,9.717868338557993,69.59247648902821
E00096379,285,44,17,27,241,28,213,15.43859649122807,5.964912280701754,9.473684210526317,84.56140350877193,9.824561403508772,74.73684210526315
E00096380,375,58,24,34,317,34,283,15.466666666666667,6.4,9.066666666666666,84.53333333333333,9.066666666666666,75.46666666666667
E00096381,316,65,25,40,251,18,233,20.569620253164558,7.9113924050632916,12.658227848101266,79.43037974683544,5.69620253164557,73.73417721518987
E00096382,426,98,40,58,328,39,289,23.004694835680752,9.389671361502346,13.615023474178404,76.99530516431925,9.15492957746479,67.84037558685446
E00096383,233,87,37,50,146,13,133,37.33905579399141,15.879828326180256,21.45922746781116,62.66094420600859,5.579399141630901,57.08154506437768
E00096384,135,55,21,34,80,9,71,40.74074074074074,15.555555555555555,25.185185185185183,59.25925925925925,6.666666666666667,52.59259259259259
E00096385,247,46,21,25,201,24,177,18.62348178137652,8.502024291497975,10.121457489878543,81.37651821862349,9.7165991902834,71.65991902834008
E00096386,260,61,28,33,199,15,184,23.46153846153846,10.76923076923077,12.692307692307692,76.53846153846153,5.769230769230769,70.76923076923077
E00096387,403,86,31,55,317,42,275,21.339950372208435,7.6923076923076925,13.647642679900745,78.66004962779157,10.421836228287841,68.23821339950372
E00096388,359,86,35,51,273,16,257,23.955431754874652,9.749303621169917,14.206128133704734,76.04456824512535,4.456824512534819,71.58774373259052
E00096390,428,110,55,55,318,22,296,25.70093457943925,12.850467289719624,12.850467289719624,74.29906542056075,5.14018691588785,69.1588785046729
E00096391,271,55,18,37,216,24,192,20.29520295202952,6.642066420664207,13.653136531365314,79.70479704797047,8.856088560885608,70.84870848708486
E00096392,504,125,55,70,379,24,355,24.801587301587304,10.912698412698413,13.88888888888889,75.1984126984127,4.761904761904762,70.43650793650794
E00096393,366,90,24,66,276,25,251,24.59016393442623,6.557377049180328,18.0327868852459,75.40983606557377,6.830601092896176,68.5792349726776
E00096394,371,94,41,53,277,23,254,25.336927223719673,11.05121293800539,14.285714285714285,74.66307277628033,6.199460916442049,68.46361185983828
E00096395,431,98,44,54,333,26,307,22.73781902552204,10.208816705336426,12.529002320185615,77.26218097447796,6.0324825986078885,71.22969837587007
E00096396,453,93,32,61,360,28,332,20.52980132450331,7.06401766004415,13.46578366445916,79.47019867549669,6.181015452538632,73.28918322295806
E00096397,395,83,38,45,312,19,293,21.012658227848103,9.620253164556962,11.39240506329114,78.9873417721519,4.810126582278481,74.17721518987341
E00096398,453,105,55,50,348,28,320,23.178807947019866,12.141280353200882,11.037527593818984,76.82119205298014,6.181015452538632,70.6401766004415
E00096399,353,74,27,47,279,23,256,20.96317280453258,7.64872521246459,13.314447592067987,79.03682719546742,6.515580736543909,72.52124645892351
E00172765,480,125,59,66,355,29,326,26.041666666666668,12.291666666666666,13.750000000000002,73.95833333333334,6.041666666666667,67.91666666666667
E00172766,330,66,27,39,264,14,250,20,8.181818181818182,11.818181818181818,80,4.242424242424243,75.75757575757575
E00172767,202,62,35,27,140,12,128,30.693069306930692,17.326732673267326,13.366336633663368,69.3069306930693,5.9405940594059405,63.366336633663366
E00172768,176,42,17,25,134,15,119,23.863636363636363,9.659090909090908,14.204545454545455,76.13636363636364,8.522727272727272,67.61363636363636
E00172769,361,79,28,51,282,24,258,21.88365650969529,7.756232686980609,14.127423822714682,78.1163434903047,6.64819944598338,71.46814404432132
E00172770,291,39,11,28,252,25,227,13.402061855670103,3.7800687285223367,9.621993127147768,86.5979381443299,8.59106529209622,78.00687285223368
E00172772,251,36,10,26,215,32,183,14.342629482071715,3.9840637450199203,10.358565737051793,85.65737051792829,12.749003984063744,72.90836653386454
E00172773,291,61,29,32,230,19,211,20.962199312714777,9.965635738831615,10.996563573883162,79.03780068728523,6.529209621993128,72.5085910652921
E00172774,259,65,32,33,194,14,180,25.096525096525095,12.355212355212355,12.741312741312742,74.9034749034749,5.405405405405405,69.4980694980695
E00172775,148,23,8,15,125,14,111,15.54054054054054,5.405405405405405,10.135135135135135,84.45945945945947,9.45945945945946,75
E00172776,280,43,16,27,237,20,217,15.357142857142858,5.714285714285714,9.642857142857144,84.64285714285714,7.142857142857142,77.5
E00172777,289,58,20,38,231,24,207,20.069204152249135,6.920415224913495,13.148788927335639,79.93079584775087,8.304498269896193,71.62629757785467
E00172778,298,106,53,53,192,18,174,35.57046979865772,17.78523489932886,17.78523489932886,64.42953020134227,6.0402684563758395,58.38926174496645
E00172779,449,90,38,52,359,37,322,20.044543429844097,8.463251670378618,11.58129175946548,79.9554565701559,8.240534521158128,71.71492204899778
E00172780,321,57,21,36,264,27,237,17.75700934579439,6.5420560747663545,11.214953271028037,82.2429906542056,8.411214953271028,73.83177570093457
E00172781,378,76,35,41,302,30,272,20.105820105820104,9.25925925925926,10.846560846560847,79.8941798941799,7.936507936507936,71.95767195767195
E00172782,346,32,15,17,314,23,291,9.248554913294797,4.335260115606936,4.913294797687861,90.7514450867052,6.6473988439306355,84.10404624277457
E00172783,279,42,13,29,237,23,214,15.053763440860216,4.659498207885305,10.39426523297491,84.94623655913979,8.24372759856631,76.70250896057348
E00172785,249,37,16,21,212,24,188,14.859437751004014,6.425702811244979,8.433734939759036,85.14056224899599,9.63855421686747,75.50200803212851
E00172786,586,87,32,55,499,34,465,14.846416382252558,5.460750853242321,9.385665529010238,85.15358361774744,5.802047781569966,79.35153583617748
E00172787,168,49,16,33,119,7,112,29.166666666666668,9.523809523809524,19.642857142857142,70.83333333333334,4.166666666666666,66.66666666666666
E00172788,333,61,26,35,272,21,251,18.31831831831832,7.807807807807808,10.51051051051051,81.68168168168168,6.306306306306306,75.37537537537537
E00172789,306,34,10,24,272,24,248,11.11111111111111,3.2679738562091507,7.8431372549019605,88.88888888888889,7.8431372549019605,81.04575163398692
E00172790,498,62,29,33,436,36,400,12.449799196787147,5.8232931726907635,6.626506024096386,87.55020080321285,7.228915662650602,80.32128514056225
E00172791,287,51,17,34,236,15,221,17.770034843205575,5.923344947735192,11.846689895470384,82.22996515679442,5.2264808362369335,77.00348432055749
E00172792,299,26,9,17,273,34,239,8.695652173913043,3.0100334448160537,5.68561872909699,91.30434782608695,11.37123745819398,79.93311036789298
E00172793,353,58,28,30,295,24,271,16.43059490084986,7.932011331444759,8.498583569405099,83.56940509915015,6.79886685552408,76.77053824362606
E00172794,296,60,23,37,236,16,220,20.27027027027027,7.77027027027027,12.5,79.72972972972973,5.405405405405405,74.32432432432432
E00172795,421,70,23,47,351,30,321,16.6270783847981,5.463182897862233,11.163895486935866,83.3729216152019,7.1258907363420425,76.24703087885986
E00172796,273,71,39,32,202,17,185,26.00732600732601,14.285714285714285,11.72161172161172,73.992673992674,6.227106227106227,67.76556776556777
E00172797,409,75,18,57,334,32,302,18.337408312958438,4.400977995110025,13.93643031784841,81.66259168704157,7.823960880195599,73.83863080684596
E00172799,390,54,20,34,336,29,307,13.846153846153847,5.128205128205128,8.717948717948717,86.15384615384616,7.435897435897436,78.71794871794872
E00172800,223,55,21,34,168,8,160,24.663677130044842,9.417040358744394,15.246636771300448,75.33632286995515,3.587443946188341,71.74887892376681
E00172801,242,40,23,17,202,11,191,16.528925619834713,9.50413223140496,7.024793388429752,83.47107438016529,4.545454545454546,78.92561983471074
E00172802,227,58,21,37,169,19,150,25.55066079295154,9.251101321585903,16.299559471365637,74.44933920704845,8.370044052863436,66.07929515418502
E00172803,276,42,11,31,234,19,215,15.217391304347828,3.985507246376811,11.231884057971014,84.78260869565217,6.884057971014493,77.89855072463769
E00172804,488,103,42,61,385,33,352,21.10655737704918,8.60655737704918,12.5,78.89344262295081,6.762295081967213,72.1311475409836
E00172805,260,60,33,27,200,23,177,23.076923076923077,12.692307692307692,10.384615384615385,76.92307692307693,8.846153846153847,68.07692307692308
E00172806,381,43,17,26,338,33,305,11.286089238845145,4.4619422572178475,6.824146981627297,88.71391076115486,8.661417322834646,80.0524934383202
E00172807,414,55,21,34,359,26,333,13.285024154589372,5.072463768115942,8.212560386473431,86.71497584541062,6.280193236714976,80.43478260869566
E00172808,296,88,44,44,208,15,193,29.72972972972973,14.864864864864865,14.864864864864865,70.27027027027027,5.0675675675675675,65.2027027027027
E00172809,192,50,20,30,142,23,119,26.041666666666668,10.416666666666668,15.625,73.95833333333334,11.979166666666668,61.979166666666664
E00172810,286,61,33,28,225,9,216,21.328671328671327,11.538461538461538,9.79020979020979,78.67132867132867,3.146853146853147,75.52447552447552
E00172811,228,39,16,23,189,15,174,17.105263157894736,7.017543859649122,10.087719298245613,82.89473684210526,6.578947368421052,76.31578947368422
E00172812,275,55,26,29,220,22,198,20,9.454545454545455,10.545454545454545,80,8,72
E00172813,312,40,12,28,272,24,248,12.82051282051282,3.8461538461538463,8.974358974358974,87.17948717948718,7.6923076923076925,79.48717948717949
E00172814,336,33,8,25,303,20,283,9.821428571428571,2.380952380952381,7.440476190476191,90.17857142857143,5.952380952380952,84.22619047619048
E00172817,325,34,19,15,291,28,263,10.461538461538462,5.846153846153846,4.615384615384616,89.53846153846153,8.615384615384615,80.92307692307692
E00172818,313,53,14,39,260,19,241,16.93290734824281,4.472843450479233,12.460063897763577,83.06709265175719,6.070287539936102,76.99680511182109
E00172819,318,54,18,36,264,21,243,16.9811320754717,5.660377358490567,11.320754716981133,83.01886792452831,6.60377358490566,76.41509433962264
E00172820,269,37,17,20,232,14,218,13.754646840148698,6.319702602230483,7.434944237918216,86.2453531598513,5.204460966542751,81.04089219330855
E00172821,303,37,10,27,266,29,237,12.211221122112212,3.3003300330033,8.91089108910891,87.78877887788778,9.570957095709572,78.21782178217822
E00172822,290,73,32,41,217,22,195,25.17241379310345,11.03448275862069,14.13793103448276,74.82758620689656,7.586206896551724,67.24137931034483
E00172823,331,67,24,43,264,29,235,20.241691842900302,7.250755287009064,12.990936555891238,79.7583081570997,8.761329305135952,70.99697885196375
E00172824,288,47,13,34,241,19,222,16.319444444444446,4.513888888888888,11.805555555555555,83.68055555555556,6.597222222222222,77.08333333333334
E00172825,278,48,15,33,230,17,213,17.26618705035971,5.39568345323741,11.870503597122301,82.73381294964028,6.115107913669065,76.61870503597122
E00172826,274,63,28,35,211,10,201,22.99270072992701,10.218978102189782,12.773722627737227,77.00729927007299,3.64963503649635,73.35766423357664
E00172828,357,43,13,30,314,25,289,12.044817927170868,3.6414565826330536,8.403361344537815,87.95518207282913,7.002801120448179,80.95238095238095
E00172830,249,57,26,31,192,21,171,22.89156626506024,10.441767068273093,12.449799196787147,77.10843373493977,8.433734939759036,68.67469879518072
E00172831,299,46,16,30,253,19,234,15.384615384615385,5.351170568561873,10.033444816053512,84.61538461538461,6.354515050167224,78.26086956521739
E00172833,364,52,19,33,312,28,284,14.285714285714285,5.21978021978022,9.065934065934066,85.71428571428571,7.6923076923076925,78.02197802197803
E00172834,402,72,19,53,330,21,309,17.91044776119403,4.72636815920398,13.184079601990051,82.08955223880598,5.223880597014925,76.86567164179104
E00182746,667,141,39,102,526,54,472,21.13943028485757,5.847076461769116,15.292353823088456,78.86056971514243,8.095952023988005,70.76461769115441
E00182747,363,70,28,42,293,22,271,19.28374655647383,7.7134986225895315,11.570247933884298,80.71625344352617,6.0606060606060606,74.65564738292011
E00182748,2718,525,146,379,2193,210,1983,19.315673289183223,5.371596762325239,13.944076526857984,80.68432671081678,7.72626931567329,72.95805739514348
E00182749,217,43,16,27,174,20,154,19.81566820276498,7.373271889400922,12.442396313364055,80.18433179723502,9.216589861751153,70.96774193548387
E00182750,237,49,17,32,188,15,173,20.675105485232066,7.172995780590717,13.502109704641349,79.32489451476793,6.329113924050633,72.9957805907173
E00182751,300,110,58,52,190,25,165,36.666666666666664,19.333333333333332,17.333333333333336,63.33333333333333,8.333333333333332,55.00000000000001
E00182752,233,54,21,33,179,25,154,23.17596566523605,9.012875536480687,14.163090128755366,76.82403433476395,10.72961373390558,66.09442060085837
E00182753,103,19,5,14,84,5,79,18.446601941747574,4.854368932038835,13.592233009708737,81.55339805825243,4.854368932038835,76.69902912621359
E00182754,593,65,19,46,528,38,490,10.961214165261383,3.204047217537943,7.75716694772344,89.03878583473862,6.408094435075886,82.63069139966274
E00182755,467,91,30,61,376,38,338,19.48608137044968,6.423982869379015,13.062098501070663,80.51391862955032,8.137044967880087,72.37687366167023
E00182756,353,59,27,32,294,27,267,16.71388101983003,7.64872521246459,9.06515580736544,83.28611898016997,7.64872521246459,75.63739376770539
E00182757,415,70,31,39,345,33,312,16.867469879518072,7.46987951807229,9.397590361445783,83.13253012048193,7.951807228915662,75.18072289156626
E00182758,339,42,10,32,297,30,267,12.389380530973451,2.949852507374631,9.43952802359882,87.61061946902655,8.849557522123893,78.76106194690266
E00182759,460,58,15,43,402,29,373,12.608695652173912,3.260869565217391,9.347826086956522,87.39130434782608,6.304347826086956,81.08695652173913
E00182760,106,18,8,10,88,9,79,16.9811320754717,7.547169811320755,9.433962264150944,83.01886792452831,8.49056603773585,74.52830188679245
E00182761,273,42,14,28,231,22,209,15.384615384615385,5.128205128205128,10.256410256410255,84.61538461538461,8.058608058608058,76.55677655677655
E00182762,116,16,6,10,100,8,92,13.793103448275861,5.172413793103448,8.620689655172415,86.20689655172413,6.896551724137931,79.3103448275862
E00182763,348,69,28,41,279,27,252,19.82758620689655,8.045977011494253,11.781609195402298,80.17241379310344,7.758620689655173,72.41379310344827
E00182764,138,31,16,15,107,10,97,22.463768115942027,11.594202898550725,10.869565217391305,77.53623188405797,7.246376811594203,70.28985507246377
E00182765,437,68,22,46,369,43,326,15.560640732265446,5.034324942791762,10.526315789473683,84.43935926773455,9.839816933638444,74.59954233409611
E00182766,345,56,16,40,289,26,263,16.231884057971012,4.63768115942029,11.594202898550725,83.76811594202898,7.536231884057972,76.23188405797102
E00182767,317,39,14,25,278,14,264,12.302839116719243,4.416403785488959,7.886435331230284,87.69716088328076,4.416403785488959,83.2807570977918
E00182768,581,91,41,50,490,28,462,15.66265060240964,7.056798623063683,8.605851979345955,84.33734939759037,4.819277108433735,79.51807228915662
E00182769,401,80,32,48,321,30,291,19.950124688279303,7.98004987531172,11.970074812967582,80.0498753117207,7.4812967581047385,72.56857855361596
E00182770,537,116,37,79,421,37,384,21.601489757914337,6.890130353817504,14.711359404096836,78.39851024208566,6.890130353817504,71.50837988826815
E00182771,294,40,9,31,254,19,235,13.60544217687075,3.061224489795918,10.54421768707483,86.39455782312925,6.462585034013606,79.93197278911565
E00182772,122,15,8,7,107,9,98,12.295081967213115,6.557377049180328,5.737704918032787,87.70491803278688,7.377049180327869,80.32786885245902
E00182773,262,60,16,44,202,18,184,22.900763358778626,6.106870229007633,16.793893129770993,77.09923664122137,6.870229007633588,70.22900763358778
E00182774,106,21,12,9,85,9,76,19.81132075471698,11.320754716981133,8.49056603773585,80.18867924528303,8.49056603773585,71.69811320754717
E00182775,231,41,26,15,190,16,174,17.74891774891775,11.255411255411255,6.493506493506493,82.25108225108225,6.926406926406926,75.32467532467533
E00182776,429,82,38,44,347,28,319,19.114219114219114,8.857808857808857,10.256410256410255,80.88578088578089,6.526806526806526,74.35897435897436
E00182777,489,57,22,35,432,32,400,11.65644171779141,4.4989775051124745,7.157464212678937,88.34355828220859,6.5439672801636,81.79959100204499
E00182778,178,32,12,20,146,16,130,17.97752808988764,6.741573033707865,11.235955056179774,82.02247191011236,8.98876404494382,73.03370786516854
E00182779,433,99,43,56,334,31,303,22.863741339491916,9.930715935334874,12.933025404157044,77.13625866050808,7.159353348729793,69.9769053117783
E00182780,367,51,17,34,316,21,295,13.896457765667575,4.632152588555858,9.264305177111716,86.10354223433242,5.722070844686648,80.38147138964578
E00182781,298,37,9,28,261,33,228,12.416107382550337,3.0201342281879198,9.395973154362416,87.58389261744966,11.073825503355705,76.51006711409396
E00182782,565,71,19,52,494,32,462,12.56637168141593,3.3628318584070795,9.20353982300885,87.43362831858407,5.663716814159292,81.76991150442477
E00182783,156,35,12,23,121,18,103,22.435897435897438,7.6923076923076925,14.743589743589745,77.56410256410257,11.538461538461538,66.02564102564102
E00182784,553,90,38,52,463,41,422,16.2748643761302,6.871609403254973,9.403254972875226,83.7251356238698,7.414104882459313,76.31103074141049
E00182785,402,52,20,32,350,29,321,12.935323383084576,4.975124378109453,7.960199004975125,87.06467661691542,7.213930348258707,79.8507462686567
E00182786,170,30,14,16,140,17,123,17.647058823529413,8.235294117647058,9.411764705882353,82.35294117647058,10,72.35294117647058
E00182787,228,43,17,26,185,16,169,18.859649122807017,7.456140350877193,11.403508771929824,81.14035087719299,7.017543859649122,74.12280701754386
E00182788,578,91,28,63,487,47,440,15.7439446366782,4.844290657439446,10.899653979238755,84.2560553633218,8.131487889273355,76.12456747404845
E00182789,238,36,12,24,202,12,190,15.126050420168067,5.042016806722689,10.084033613445378,84.87394957983193,5.042016806722689,79.83193277310924
E00182790,555,91,31,60,464,49,415,16.396396396396394,5.585585585585585,10.81081081081081,83.6036036036036,8.82882882882883,74.77477477477478
E00182791,413,133,83,50,280,16,264,32.20338983050847,20.09685230024213,12.106537530266344,67.79661016949152,3.87409200968523,63.922518159806295
E00182792,191,22,9,13,169,7,162,11.518324607329843,4.712041884816754,6.806282722513089,88.48167539267016,3.664921465968586,84.81675392670157
E00182793,475,71,19,52,404,37,367,14.947368421052632,4,10.947368421052632,85.05263157894737,7.7894736842105265,77.26315789473685
E00182794,286,57,26,31,229,13,216,19.93006993006993,9.090909090909092,10.839160839160838,80.06993006993007,4.545454545454546,75.52447552447552
E00182795,125,15,6,9,110,13,97,12,4.8,7.199999999999999,88,10.4,77.60000000000001
E00182796,200,45,17,28,155,10,145,22.5,8.5,14.000000000000002,77.5,5,72.5
E00182797,330,52,18,34,278,21,257,15.757575757575756,5.454545454545454,10.303030303030303,84.24242424242424,6.363636363636363,77.87878787878788
E00182798,604,65,17,48,539,36,503,10.76158940397351,2.814569536423841,7.9470198675496695,89.23841059602648,5.960264900662252,83.27814569536423
E00182799,181,34,11,23,147,21,126,18.784530386740332,6.077348066298343,12.70718232044199,81.21546961325967,11.602209944751381,69.61325966850829
E00182800,137,25,7,18,112,18,94,18.248175182481752,5.109489051094891,13.138686131386862,81.75182481751825,13.138686131386862,68.61313868613139
E00182801,178,21,4,17,157,13,144,11.797752808988763,2.247191011235955,9.550561797752808,88.20224719101124,7.303370786516854,80.89887640449437
E00182802,287,42,16,26,245,15,230,14.634146341463413,5.574912891986063,9.059233449477352,85.36585365853658,5.2264808362369335,80.13937282229965
E00182803,356,100,37,63,256,39,217,28.08988764044944,10.393258426966293,17.696629213483146,71.91011235955057,10.955056179775282,60.95505617977528
E00182804,377,72,27,45,305,26,279,19.098143236074268,7.161803713527852,11.936339522546419,80.90185676392572,6.896551724137931,74.0053050397878
E00182805,476,85,41,44,391,27,364,17.857142857142858,8.61344537815126,9.243697478991598,82.14285714285714,5.6722689075630255,76.47058823529412
E00182806,318,47,19,28,271,34,237,14.779874213836477,5.9748427672955975,8.80503144654088,85.22012578616352,10.69182389937107,74.52830188679245
E00182807,105,15,7,8,90,8,82,14.285714285714285,6.666666666666667,7.6190476190476195,85.71428571428571,7.6190476190476195,78.0952380952381
E00182808,284,87,43,44,197,17,180,30.633802816901408,15.140845070422534,15.492957746478872,69.36619718309859,5.985915492957746,63.38028169014085
E00182809,204,35,12,23,169,14,155,17.15686274509804,5.88235294117647,11.27450980392157,82.84313725490196,6.862745098039216,75.98039215686273
E00182810,306,52,19,33,254,19,235,16.99346405228758,6.209150326797386,10.784313725490197,83.00653594771242,6.209150326797386,76.79738562091504
E00182811,184,57,26,31,127,7,120,30.978260869565215,14.130434782608695,16.847826086956523,69.02173913043478,3.804347826086957,65.21739130434783
E00182812,143,28,11,17,115,13,102,19.58041958041958,7.6923076923076925,11.888111888111888,80.41958041958041,9.090909090909092,71.32867132867133
E00182813,408,49,12,37,359,26,333,12.009803921568627,2.941176470588235,9.068627450980392,87.99019607843137,6.372549019607843,81.61764705882352
E00182814,290,52,24,28,238,16,222,17.93103448275862,8.275862068965518,9.655172413793103,82.06896551724138,5.517241379310345,76.55172413793103
E00182815,145,36,12,24,109,9,100,24.82758620689655,8.275862068965518,16.551724137931036,75.17241379310344,6.206896551724138,68.96551724137932
E00182816,446,67,30,37,379,33,346,15.022421524663676,6.726457399103139,8.295964125560538,84.97757847533633,7.399103139013453,77.57847533632287
E00182817,619,100,32,68,519,44,475,16.15508885298869,5.169628432956381,10.98546042003231,83.84491114701132,7.1082390953150245,76.73667205169629
E00182818,249,58,23,35,191,9,182,23.293172690763054,9.236947791164658,14.056224899598394,76.70682730923694,3.614457831325301,73.09236947791165
E00182819,231,53,19,34,178,27,151,22.943722943722943,8.225108225108226,14.71861471861472,77.05627705627705,11.688311688311687,65.36796536796537
E00182820,148,28,8,20,120,14,106,18.91891891891892,5.405405405405405,13.513513513513514,81.08108108108108,9.45945945945946,71.62162162162163
E00182821,463,119,62,57,344,34,310,25.70194384449244,13.390928725701945,12.311015118790497,74.29805615550757,7.343412526997841,66.95464362850973
E00182822,110,30,11,19,80,5,75,27.27272727272727,10,17.272727272727273,72.72727272727273,4.545454545454546,68.18181818181817
E00182823,496,82,30,52,414,29,385,16.532258064516128,6.048387096774194,10.483870967741936,83.46774193548387,5.846774193548387,77.62096774193549
E00182824,145,20,11,9,125,15,110,13.793103448275861,7.586206896551724,6.206896551724138,86.20689655172413,10.344827586206897,75.86206896551724
E00182825,223,41,20,21,182,17,165,18.385650224215247,8.968609865470851,9.417040358744394,81.61434977578476,7.623318385650224,73.99103139013454
E00182826,470,97,37,60,373,15,358,20.638297872340424,7.872340425531915,12.76595744680851,79.36170212765957,3.1914893617021276,76.17021276595744
E00182827,469,62,19,43,407,31,376,13.219616204690832,4.051172707889126,9.168443496801707,86.78038379530916,6.609808102345416,80.17057569296375
E00182828,216,48,15,33,168,16,152,22.22222222222222,6.944444444444445,15.277777777777779,77.77777777777779,7.4074074074074066,70.37037037037037
E00182829,418,76,40,36,342,30,312,18.181818181818183,9.569377990430622,8.61244019138756,81.81818181818183,7.177033492822966,74.64114832535886
E00182830,585,92,44,48,493,29,464,15.726495726495726,7.521367521367521,8.205128205128204,84.27350427350427,4.957264957264957,79.31623931623932
E00182831,128,28,11,17,100,6,94,21.875,8.59375,13.28125,78.125,4.6875,73.4375
E00182832,198,49,16,33,149,13,136,24.747474747474747,8.080808080808081,16.666666666666664,75.25252525252525,6.565656565656567,68.68686868686868
E00182833,327,85,43,42,242,24,218,25.993883792048926,13.149847094801222,12.844036697247708,74.00611620795107,7.339449541284404,66.66666666666666
E00182834,126,27,10,17,99,14,85,21.428571428571427,7.936507936507936,13.492063492063492,78.57142857142857,11.11111111111111,67.46031746031747
E00182835,157,25,9,16,132,12,120,15.92356687898089,5.7324840764331215,10.191082802547772,84.07643312101911,7.643312101910828,76.43312101910828
E00182836,119,13,4,9,106,9,97,10.92436974789916,3.361344537815126,7.563025210084033,89.07563025210085,7.563025210084033,81.5126050420168
E00182837,624,78,25,53,546,52,494,12.5,4.006410256410256,8.4935897435897445,87.5,8.333333333333332,79.16666666666666
E00182838,223,42,21,21,181,13,168,18.83408071748879,9.417040358744394,9.417040358744394,81.16591928251121,5.829596412556054,75.33632286995515
E00182839,614,107,45,62,507,34,473,17.42671009771987,7.32899022801303,10.097719869706841,82.57328990228014,5.537459283387622,77.0358306188925
E00182840,234,53,17,36,181,23,158,22.64957264957265,7.264957264957266,15.384615384615385,77.35042735042735,9.82905982905983,67.52136752136752
E00182841,141,23,14,9,118,6,112,16.312056737588655,9.929078014184398,6.382978723404255,83.68794326241135,4.25531914893617,79.43262411347519
E00182842,457,88,38,50,369,27,342,19.25601750547046,8.315098468271334,10.940919037199125,80.74398249452955,5.908096280087528,74.83588621444201
E00182843,266,20,3,17,246,18,228,7.518796992481203,1.1278195488721803,6.390977443609022,92.4812030075188,6.7669172932330826,85.71428571428571
E00182844,530,93,35,58,437,25,412,17.547169811320753,6.60377358490566,10.943396226415095,82.45283018867924,4.716981132075472,77.73584905660378
E00182845,304,52,22,30,252,22,230,17.105263157894736,7.236842105263158,9.868421052631579,82.89473684210526,7.236842105263158,75.6578947368421
E00182846,271,21,7,14,250,20,230,7.7490774907749085,2.5830258302583027,5.166051660516605,92.25092250922509,7.380073800738007,84.87084870848709
E00182847,284,84,32,52,200,31,169,29.577464788732392,11.267605633802818,18.30985915492958,70.4225352112676,10.915492957746478,59.50704225352113
E00182848,125,21,8,13,104,4,100,16.8,6.4,10.4,83.2,3.2,80
E00182849,622,72,30,42,550,33,517,11.57556270096463,4.823151125401929,6.752411575562702,88.42443729903538,5.305466237942122,83.11897106109325
E00182850,529,118,44,74,411,34,377,22.306238185255197,8.31758034026465,13.988657844990549,77.6937618147448,6.427221172022684,71.26654064272212
E00182851,425,80,28,52,345,35,310,18.823529411764707,6.588235294117648,12.23529411764706,81.17647058823529,8.235294117647058,72.94117647058823
E00182852,342,50,19,31,292,19,273,14.619883040935672,5.555555555555555,9.064327485380117,85.38011695906432,5.555555555555555,79.82456140350878
E00182853,448,96,45,51,352,33,319,21.428571428571427,10.044642857142858,11.383928571428571,78.57142857142857,7.366071428571429,71.20535714285714
E00182854,132,17,4,13,115,15,100,12.878787878787879,3.0303030303030303,9.848484848484848,87.12121212121212,11.363636363636363,75.75757575757575
E00182855,114,33,14,19,81,6,75,28.947368421052634,12.280701754385964,16.666666666666664,71.05263157894737,5.263157894736842,65.78947368421053
E00182856,204,48,28,20,156,9,147,23.52941176470588,13.725490196078432,9.803921568627452,76.47058823529412,4.411764705882353,72.05882352941177
E00182857,135,32,11,21,103,7,96,23.703703703703706,8.148148148148149,15.555555555555555,76.29629629629629,5.185185185185185,71.11111111111111
E00182858,564,60,17,43,504,49,455,10.638297872340425,3.0141843971631204,7.624113475177305,89.36170212765957,8.687943262411348,80.67375886524822
E00182859,100,11,4,7,89,9,80,11,4,7.000000000000001,89,9,80
E00182860,278,56,20,36,222,11,211,20.14388489208633,7.1942446043165464,12.949640287769784,79.85611510791367,3.9568345323741005,75.89928057553958
E00182861,355,52,14,38,303,23,280,14.647887323943662,3.943661971830986,10.704225352112676,85.35211267605634,6.478873239436619,78.87323943661971
