OA,ts0380001,ts0380002,ts0380003,ts0380004,ts0380005,ts0380006,ts0380007,ts0380002_PCT,ts0380003_PCT,ts0380004_PCT,ts0380005_PCT,ts0380006_PCT,ts0380007_PCT
E00073143,359,44,10,34,315,25,290,12.256267409470752,2.785515320334262,9.47075208913649,87.74373259052925,6.963788300835655,80.77994428969359
E00073145,417,58,22,36,359,23,336,13.908872901678656,5.275779376498801,8.633093525179856,86.09112709832134,5.515587529976019,80.57553956834532
E00073147,538,81,38,43,457,36,421,15.055762081784389,7.063197026022305,7.992565055762081,84.94423791821562,6.691449814126393,78.25278810408922
E00073148,294,63,21,42,231,22,209,21.428571428571427,7.142857142857142,14.285714285714285,78.57142857142857,7.482993197278912,71.08843537414967
E00073150,461,89,35,54,372,34,338,19.305856832971802,7.592190889370933,11.713665943600867,80.6941431670282,7.37527114967462,73.31887201735357
E00073152,407,67,22,45,340,31,309,16.461916461916463,5.405405405405405,11.056511056511056,83.53808353808354,7.616707616707617,75.92137592137593
E00073153,511,82,26,56,429,37,392,16.046966731898237,5.088062622309197,10.95890410958904,83.95303326810176,7.240704500978473,76.71232876712328
E00073154,379,47,12,35,332,34,298,12.401055408970976,3.16622691292876,9.234828496042216,87.59894459102902,8.970976253298153,78.62796833773086
E00073155,363,44,8,36,319,34,285,12.121212121212121,2.203856749311295,9.917355371900827,87.87878787878788,9.366391184573002,78.51239669421489
E00073156,288,50,23,27,238,14,224,17.36111111111111,7.986111111111111,9.375,82.63888888888889,4.861111111111112,77.77777777777779
E00073157,409,58,12,46,351,31,320,14.180929095354522,2.93398533007335,11.246943765281173,85.81907090464547,7.579462102689487,78.239608801956
E00073158,343,64,15,49,279,27,252,18.658892128279884,4.373177842565598,14.285714285714285,81.34110787172013,7.871720116618077,73.46938775510205
E00073159,336,38,12,26,298,34,264,11.30952380952381,3.571428571428571,7.738095238095238,88.69047619047619,10.119047619047619,78.57142857142857
E00073160,404,64,16,48,340,29,311,15.841584158415841,3.9603960396039604,11.881188118811881,84.15841584158416,7.1782178217821775,76.98019801980197
E00073161,392,69,29,40,323,28,295,17.602040816326532,7.3979591836734695,10.204081632653061,82.39795918367348,7.142857142857142,75.25510204081633
E00073162,393,56,13,43,337,33,304,14.249363867684478,3.307888040712468,10.941475826972011,85.75063613231552,8.396946564885496,77.35368956743002
E00073163,341,38,6,32,303,28,275,11.143695014662756,1.7595307917888565,9.3841642228739,88.85630498533725,8.211143695014663,80.64516129032258
E00073164,297,42,20,22,255,22,233,14.14141414141414,6.7340067340067336,7.4074074074074066,85.85858585858585,7.4074074074074066,78.45117845117845
E00073165,341,48,10,38,293,33,260,14.076246334310852,2.932551319648094,11.143695014662756,85.92375366568915,9.67741935483871,76.24633431085044
E00073166,290,41,13,28,249,23,226,14.13793103448276,4.482758620689655,9.655172413793103,85.86206896551725,7.931034482758621,77.93103448275862
E00073167,429,63,17,46,366,31,335,14.685314685314685,3.9627039627039626,10.722610722610723,85.3146853146853,7.226107226107226,78.08857808857809
E00073168,377,74,41,33,303,25,278,19.628647214854112,10.875331564986737,8.753315649867375,80.37135278514589,6.631299734748011,73.74005305039788
E00073169,475,73,20,53,402,41,361,15.368421052631579,4.2105263157894735,11.157894736842106,84.63157894736842,8.631578947368421,76
E00073170,576,96,19,77,480,47,433,16.666666666666664,3.298611111111111,13.368055555555555,83.33333333333334,8.159722222222223,75.17361111111111
E00073171,520,84,36,48,436,33,403,16.153846153846153,6.923076923076923,9.230769230769232,83.84615384615385,6.346153846153846,77.5
E00073172,317,62,25,37,255,15,240,19.558359621451103,7.886435331230284,11.67192429022082,80.4416403785489,4.73186119873817,75.70977917981072
E00073173,323,61,16,45,262,26,236,18.885448916408667,4.953560371517028,13.93188854489164,81.11455108359134,8.04953560371517,73.06501547987617
E00073174,312,50,17,33,262,21,241,16.025641025641026,5.448717948717949,10.576923076923077,83.97435897435898,6.730769230769231,77.24358974358975
E00073176,344,59,25,34,285,29,256,17.151162790697676,7.267441860465117,9.883720930232558,82.84883720930233,8.430232558139535,74.4186046511628
E00073177,342,53,20,33,289,37,252,15.497076023391813,5.847953216374268,9.649122807017543,84.50292397660819,10.818713450292398,73.68421052631578
E00073178,354,54,22,32,300,29,271,15.254237288135593,6.214689265536723,9.03954802259887,84.7457627118644,8.192090395480225,76.55367231638418
E00073179,338,63,26,37,275,28,247,18.639053254437872,7.6923076923076925,10.946745562130179,81.36094674556213,8.284023668639055,73.07692307692307
E00073181,490,88,41,47,402,30,372,17.959183673469386,8.36734693877551,9.591836734693878,82.0408163265306,6.122448979591836,75.91836734693878
E00073182,449,89,25,64,360,23,337,19.821826280623608,5.56792873051225,14.253897550111358,80.17817371937639,5.122494432071269,75.05567928730513
E00073183,320,69,37,32,251,27,224,21.5625,11.5625,10,78.4375,8.4375,70
E00073184,337,75,34,41,262,15,247,22.255192878338278,10.089020771513352,12.166172106824925,77.74480712166172,4.451038575667656,73.29376854599407
E00073185,356,78,39,39,278,24,254,21.910112359550563,10.955056179775282,10.955056179775282,78.08988764044943,6.741573033707865,71.34831460674157
E00073186,290,59,31,28,231,17,214,20.344827586206897,10.689655172413794,9.655172413793103,79.65517241379311,5.862068965517241,73.79310344827587
E00073187,370,70,39,31,300,26,274,18.91891891891892,10.54054054054054,8.378378378378379,81.08108108108108,7.027027027027027,74.05405405405405
E00073188,279,72,37,35,207,22,185,25.806451612903224,13.261648745519713,12.544802867383511,74.19354838709677,7.885304659498208,66.30824372759857
E00073189,305,59,24,35,246,23,223,19.34426229508197,7.868852459016394,11.475409836065573,80.65573770491802,7.540983606557377,73.11475409836066
E00073190,416,148,91,57,268,21,247,35.57692307692308,21.875,13.701923076923078,64.42307692307693,5.048076923076923,59.375
E00073191,285,68,39,29,217,26,191,23.859649122807017,13.684210526315791,10.175438596491228,76.14035087719299,9.12280701754386,67.01754385964912
E00073192,278,38,8,30,240,12,228,13.66906474820144,2.877697841726619,10.79136690647482,86.33093525179856,4.316546762589928,82.01438848920863
E00073193,347,51,18,33,296,32,264,14.697406340057636,5.187319884726225,9.510086455331413,85.30259365994236,9.221902017291066,76.0806916426513
E00073194,322,84,34,50,238,22,216,26.08695652173913,10.559006211180124,15.527950310559005,73.91304347826086,6.832298136645963,67.08074534161491
E00073195,343,52,27,25,291,33,258,15.160349854227405,7.871720116618077,7.288629737609329,84.8396501457726,9.620991253644315,75.21865889212827
E00073196,232,50,24,26,182,13,169,21.551724137931032,10.344827586206897,11.206896551724139,78.44827586206897,5.603448275862069,72.84482758620689
E00073197,375,66,16,50,309,27,282,17.599999999999998,4.266666666666667,13.333333333333334,82.39999999999999,7.199999999999999,75.2
E00073198,207,74,33,41,133,9,124,35.748792270531396,15.942028985507244,19.806763285024154,64.25120772946859,4.3478260869565215,59.90338164251207
E00073199,294,43,22,21,251,16,235,14.625850340136054,7.482993197278912,7.142857142857142,85.37414965986395,5.442176870748299,79.93197278911565
E00073200,290,88,46,42,202,16,186,30.344827586206897,15.862068965517242,14.482758620689657,69.6551724137931,5.517241379310345,64.13793103448275
E00073201,261,37,12,25,224,24,200,14.17624521072797,4.597701149425287,9.578544061302683,85.82375478927203,9.195402298850574,76.62835249042146
E00073202,334,51,23,28,283,27,256,15.269461077844312,6.88622754491018,8.383233532934131,84.73053892215569,8.08383233532934,76.64670658682635
E00073203,295,44,15,29,251,30,221,14.915254237288137,5.084745762711865,9.830508474576272,85.08474576271186,10.16949152542373,74.91525423728814
E00073204,294,53,24,29,241,20,221,18.027210884353742,8.16326530612245,9.863945578231291,81.97278911564626,6.802721088435375,75.17006802721087
E00073205,396,67,24,43,329,21,308,16.91919191919192,6.0606060606060606,10.85858585858586,83.08080808080808,5.303030303030303,77.77777777777779
E00073206,454,78,28,50,376,19,357,17.180616740088105,6.167400881057269,11.013215859030836,82.81938325991189,4.185022026431718,78.63436123348018
E00073207,299,58,26,32,241,26,215,19.39799331103679,8.695652173913043,10.702341137123746,80.60200668896321,8.695652173913043,71.90635451505017
E00073208,249,63,25,38,186,19,167,25.301204819277107,10.040160642570282,15.261044176706829,74.69879518072288,7.630522088353414,67.06827309236948
E00073209,293,84,43,41,209,12,197,28.668941979522184,14.675767918088736,13.993174061433447,71.33105802047781,4.09556313993174,67.23549488054607
E00073210,374,55,20,35,319,33,286,14.705882352941178,5.347593582887701,9.358288770053475,85.29411764705883,8.823529411764707,76.47058823529412
E00073211,500,93,37,56,407,32,375,18.6,7.3999999999999995,11.200000000000001,81.39999999999999,6.4,75
E00073212,394,62,22,40,332,25,307,15.736040609137056,5.583756345177665,10.152284263959391,84.26395939086294,6.345177664974619,77.91878172588832
E00073213,347,50,23,27,297,15,282,14.409221902017292,6.628242074927954,7.780979827089338,85.5907780979827,4.322766570605188,81.26801152737752
E00073214,405,65,34,31,340,26,314,16.049382716049383,8.395061728395062,7.654320987654321,83.9506172839506,6.419753086419753,77.53086419753087
E00073215,320,59,20,39,261,16,245,18.4375,6.25,12.1875,81.5625,5,76.5625
E00073216,367,83,32,51,284,12,272,22.615803814713896,8.71934604904632,13.896457765667575,77.3841961852861,3.2697547683923704,74.11444141689373
E00073217,321,46,11,35,275,16,259,14.330218068535824,3.4267912772585665,10.903426791277258,85.66978193146417,4.984423676012461,80.68535825545172
E00073218,385,48,24,24,337,23,314,12.467532467532468,6.233766233766234,6.233766233766234,87.53246753246754,5.974025974025974,81.55844155844156
E00073219,356,68,22,46,288,23,265,19.101123595505616,6.179775280898876,12.921348314606742,80.89887640449437,6.460674157303371,74.43820224719101
E00073220,367,67,26,41,300,18,282,18.256130790190735,7.084468664850137,11.1716621253406,81.74386920980926,4.904632152588556,76.83923705722071
E00073221,295,52,23,29,243,33,210,17.627118644067796,7.796610169491526,9.830508474576272,82.37288135593221,11.186440677966102,71.1864406779661
E00073222,403,92,44,48,311,27,284,22.8287841191067,10.918114143920596,11.910669975186105,77.1712158808933,6.699751861042183,70.47146401985111
E00073223,327,48,17,31,279,14,265,14.678899082568808,5.198776758409786,9.480122324159021,85.3211009174312,4.281345565749235,81.03975535168195
E00073224,306,52,13,39,254,28,226,16.99346405228758,4.248366013071895,12.745098039215685,83.00653594771242,9.15032679738562,73.8562091503268
E00073225,408,54,14,40,354,32,322,13.23529411764706,3.431372549019608,9.803921568627452,86.76470588235294,7.8431372549019605,78.92156862745098
E00073226,244,80,39,41,164,14,150,32.78688524590164,15.983606557377051,16.80327868852459,67.21311475409836,5.737704918032787,61.47540983606557
E00073227,259,45,23,22,214,28,186,17.374517374517374,8.880308880308881,8.494208494208493,82.62548262548263,10.81081081081081,71.81467181467181
E00073228,351,54,15,39,297,29,268,15.384615384615385,4.273504273504273,11.11111111111111,84.61538461538461,8.262108262108262,76.35327635327636
E00073229,313,57,28,29,256,24,232,18.210862619808307,8.945686900958465,9.26517571884984,81.78913738019169,7.667731629392971,74.12140575079871
E00073230,349,41,14,27,308,22,286,11.74785100286533,4.011461318051576,7.736389684813753,88.25214899713467,6.303724928366762,81.9484240687679
E00073231,440,58,17,41,382,34,348,13.18181818181818,3.8636363636363633,9.318181818181818,86.81818181818181,7.727272727272727,79.0909090909091
E00073232,310,40,11,29,270,34,236,12.903225806451612,3.5483870967741935,9.35483870967742,87.09677419354838,10.967741935483872,76.12903225806451
E00073233,312,23,4,19,289,18,271,7.371794871794872,1.282051282051282,6.089743589743589,92.62820512820514,5.769230769230769,86.85897435897436
E00073234,299,35,9,26,264,24,240,11.705685618729097,3.0100334448160537,8.695652173913043,88.2943143812709,8.02675585284281,80.2675585284281
E00073236,285,36,15,21,249,21,228,12.631578947368421,5.263157894736842,7.368421052631578,87.36842105263159,7.368421052631578,80
E00073237,320,36,8,28,284,22,262,11.25,2.5,8.75,88.75,6.875000000000001,81.875
E00073238,295,30,12,18,265,24,241,10.16949152542373,4.067796610169491,6.101694915254238,89.83050847457628,8.135593220338983,81.69491525423729
E00073239,471,59,15,44,412,40,372,12.526539278131635,3.1847133757961785,9.341825902335456,87.47346072186836,8.492569002123142,78.98089171974523
E00073240,402,55,26,29,347,35,312,13.681592039800993,6.467661691542288,7.213930348258707,86.31840796019901,8.706467661691542,77.61194029850746
E00073241,276,42,13,29,234,22,212,15.217391304347828,4.710144927536232,10.507246376811594,84.78260869565217,7.971014492753622,76.81159420289855
E00073242,259,49,15,34,210,15,195,18.91891891891892,5.7915057915057915,13.127413127413126,81.08108108108108,5.7915057915057915,75.2895752895753
E00073243,359,47,11,36,312,22,290,13.09192200557103,3.064066852367688,10.027855153203342,86.90807799442896,6.128133704735376,80.77994428969359
E00073245,365,64,19,45,301,20,281,17.534246575342465,5.205479452054795,12.32876712328767,82.46575342465754,5.47945205479452,76.98630136986301
E00073246,331,48,16,32,283,27,256,14.501510574018129,4.833836858006042,9.667673716012084,85.49848942598187,8.157099697885197,77.34138972809667
E00073247,329,41,10,31,288,17,271,12.462006079027356,3.0395136778115504,9.422492401215806,87.53799392097264,5.167173252279635,82.37082066869301
E00073248,308,49,13,36,259,31,228,15.909090909090908,4.220779220779221,11.688311688311687,84.0909090909091,10.064935064935066,74.02597402597402
E00073249,250,111,72,39,139,14,125,44.4,28.799999999999997,15.6,55.60000000000001,5.6000000000000005,50
E00073250,494,64,24,40,430,44,386,12.955465587044534,4.8582995951417,8.097165991902834,87.04453441295547,8.906882591093117,78.13765182186235
E00073251,370,86,54,32,284,25,259,23.243243243243246,14.594594594594595,8.64864864864865,76.75675675675676,6.756756756756757,70
E00073252,330,56,22,34,274,23,251,16.969696969696972,6.666666666666667,10.303030303030303,83.03030303030303,6.969696969696971,76.06060606060606
E00073253,522,86,43,43,436,47,389,16.47509578544061,8.237547892720306,8.237547892720306,83.5249042145594,9.003831417624522,74.52107279693486
E00073254,328,51,17,34,277,28,249,15.548780487804878,5.182926829268292,10.365853658536585,84.45121951219512,8.536585365853659,75.91463414634147
E00073255,429,76,33,43,353,28,325,17.715617715617714,7.6923076923076925,10.023310023310025,82.28438228438229,6.526806526806526,75.75757575757575
E00073256,367,71,21,50,296,21,275,19.346049046321525,5.722070844686648,13.623978201634879,80.65395095367847,5.722070844686648,74.93188010899182
E00073257,390,52,15,37,338,25,313,13.333333333333334,3.8461538461538463,9.487179487179487,86.66666666666667,6.41025641025641,80.25641025641026
E00073258,403,55,26,29,348,26,322,13.647642679900745,6.451612903225806,7.196029776674938,86.35235732009926,6.451612903225806,79.90074441687345
E00073259,260,48,30,18,212,16,196,18.461538461538463,11.538461538461538,6.923076923076923,81.53846153846153,6.153846153846154,75.38461538461539
E00073260,308,51,25,26,257,24,233,16.558441558441558,8.116883116883116,8.441558441558442,83.44155844155844,7.792207792207792,75.64935064935064
E00073261,344,92,43,49,252,36,216,26.744186046511626,12.5,14.244186046511627,73.25581395348837,10.465116279069768,62.7906976744186
E00073262,239,89,46,43,150,13,137,37.238493723849366,19.246861924686193,17.99163179916318,62.76150627615063,5.439330543933055,57.32217573221757
E00073263,403,43,12,31,360,33,327,10.669975186104217,2.977667493796526,7.6923076923076925,89.33002481389578,8.188585607940446,81.14143920595534
E00073264,361,49,18,31,312,47,265,13.573407202216067,4.986149584487535,8.587257617728532,86.42659279778393,13.019390581717452,73.40720221606648
E00073266,329,33,7,26,296,29,267,10.030395136778116,2.127659574468085,7.90273556231003,89.96960486322189,8.814589665653495,81.15501519756839
E00073267,279,42,10,32,237,23,214,15.053763440860216,3.584229390681003,11.469534050179211,84.94623655913979,8.24372759856631,76.70250896057348
E00073268,424,44,12,32,380,48,332,10.377358490566039,2.8301886792452833,7.547169811320755,89.62264150943396,11.320754716981133,78.30188679245283
E00073269,400,52,4,48,348,32,316,13,1,12,87,8,79
E00073270,395,45,11,34,350,38,312,11.39240506329114,2.7848101265822782,8.60759493670886,88.60759493670885,9.620253164556962,78.9873417721519
E00073271,479,69,18,51,410,30,380,14.40501043841336,3.7578288100208765,10.647181628392484,85.59498956158664,6.263048016701461,79.33194154488518
E00073272,358,46,14,32,312,32,280,12.849162011173185,3.910614525139665,8.938547486033519,87.15083798882681,8.938547486033519,78.2122905027933
E00073273,282,31,7,24,251,36,215,10.99290780141844,2.4822695035460995,8.51063829787234,89.00709219858156,12.76595744680851,76.24113475177306
E00073274,598,183,63,120,415,50,365,30.60200668896321,10.535117056856187,20.066889632107024,69.39799331103679,8.361204013377927,61.03678929765886
E00073276,324,57,12,45,267,30,237,17.59259259259259,3.7037037037037033,13.88888888888889,82.4074074074074,9.25925925925926,73.14814814814815
E00073277,333,32,5,27,301,39,262,9.60960960960961,1.5015015015015014,8.108108108108109,90.39039039039038,11.711711711711711,78.67867867867868
E00073278,393,43,12,31,350,47,303,10.941475826972011,3.0534351145038165,7.888040712468193,89.05852417302799,11.959287531806616,77.09923664122137
E00073280,360,22,6,16,338,36,302,6.111111111111111,1.6666666666666667,4.444444444444445,93.88888888888889,10,83.88888888888889
E00073281,427,48,13,35,379,21,358,11.241217798594848,3.0444964871194378,8.19672131147541,88.75878220140515,4.918032786885246,83.8407494145199
E00073282,423,37,9,28,386,33,353,8.747044917257684,2.127659574468085,6.619385342789598,91.25295508274232,7.801418439716312,83.451536643026
E00073283,342,27,5,22,315,23,292,7.894736842105263,1.461988304093567,6.432748538011696,92.10526315789474,6.725146198830409,85.38011695906432
E00073284,204,66,31,35,138,8,130,32.35294117647059,15.196078431372548,17.15686274509804,67.64705882352942,3.9215686274509802,63.725490196078425
E00073285,375,56,12,44,319,38,281,14.933333333333335,3.2,11.733333333333333,85.06666666666666,10.133333333333333,74.93333333333332
E00073286,340,37,13,24,303,35,268,10.882352941176471,3.823529411764706,7.0588235294117645,89.11764705882354,10.294117647058822,78.82352941176471
E00073287,297,43,11,32,254,28,226,14.47811447811448,3.7037037037037033,10.774410774410773,85.52188552188552,9.427609427609427,76.0942760942761
E00073288,318,35,11,24,283,31,252,11.0062893081761,3.459119496855346,7.547169811320755,88.9937106918239,9.748427672955975,79.24528301886792
E00073289,364,32,4,28,332,39,293,8.791208791208792,1.098901098901099,7.6923076923076925,91.20879120879121,10.714285714285714,80.4945054945055
E00073290,318,22,1,21,296,22,274,6.918238993710692,0.3144654088050315,6.60377358490566,93.08176100628931,6.918238993710692,86.16352201257862
E00073291,337,43,11,32,294,22,272,12.759643916913946,3.2640949554896146,9.495548961424333,87.24035608308606,6.528189910979229,80.71216617210682
E00073292,549,65,21,44,484,45,439,11.839708561020036,3.825136612021858,8.014571948998178,88.16029143897997,8.19672131147541,79.96357012750455
E00073293,402,50,10,40,352,36,316,12.437810945273633,2.4875621890547266,9.950248756218906,87.56218905472637,8.955223880597014,78.60696517412936
E00073294,442,64,17,47,378,32,346,14.479638009049776,3.8461538461538463,10.633484162895927,85.52036199095022,7.239819004524888,78.28054298642535
E00073295,340,38,8,30,302,30,272,11.176470588235295,2.3529411764705883,8.823529411764707,88.8235294117647,8.823529411764707,80
E00073296,314,43,10,33,271,24,247,13.694267515923567,3.1847133757961785,10.509554140127388,86.30573248407643,7.643312101910828,78.6624203821656
E00073297,364,45,14,31,319,37,282,12.362637362637363,3.8461538461538463,8.516483516483516,87.63736263736264,10.164835164835164,77.47252747252747
E00073298,413,56,15,41,357,38,319,13.559322033898304,3.631961259079903,9.927360774818402,86.4406779661017,9.200968523002421,77.23970944309927
E00073299,379,61,16,45,318,28,290,16.094986807387862,4.221635883905013,11.87335092348285,83.90501319261213,7.387862796833773,76.51715039577837
E00073300,271,27,7,20,244,23,221,9.96309963099631,2.5830258302583027,7.380073800738007,90.03690036900369,8.487084870848708,81.54981549815497
E00073301,374,85,44,41,289,21,268,22.727272727272727,11.76470588235294,10.962566844919785,77.27272727272727,5.614973262032086,71.65775401069519
E00073302,368,77,33,44,291,20,271,20.92391304347826,8.967391304347826,11.956521739130435,79.07608695652173,5.434782608695652,73.6413043478261
E00073303,426,75,34,41,351,29,322,17.6056338028169,7.981220657276995,9.624413145539906,82.3943661971831,6.807511737089202,75.5868544600939
E00073304,315,75,32,43,240,17,223,23.809523809523807,10.158730158730158,13.65079365079365,76.19047619047619,5.396825396825397,70.7936507936508
E00073305,304,67,29,38,237,20,217,22.039473684210524,9.539473684210527,12.5,77.96052631578947,6.578947368421052,71.38157894736842
E00073306,267,57,26,31,210,14,196,21.34831460674157,9.737827715355806,11.610486891385769,78.65168539325843,5.2434456928838955,73.40823970037454
E00073307,286,63,25,38,223,26,197,22.02797202797203,8.741258741258742,13.286713286713287,77.97202797202797,9.090909090909092,68.88111888111888
E00073308,333,73,34,39,260,21,239,21.92192192192192,10.21021021021021,11.711711711711711,78.07807807807808,6.306306306306306,71.77177177177178
E00073309,291,59,39,20,232,16,216,20.274914089347078,13.402061855670103,6.872852233676976,79.72508591065292,5.498281786941581,74.22680412371135
E00073310,369,88,45,43,281,21,260,23.848238482384822,12.195121951219512,11.653116531165312,76.15176151761518,5.691056910569105,70.46070460704607
E00073311,311,83,44,39,228,13,215,26.688102893890676,14.14790996784566,12.540192926045016,73.31189710610933,4.180064308681672,69.13183279742765
E00073312,367,90,48,42,277,15,262,24.52316076294278,13.079019073569482,11.444141689373296,75.47683923705722,4.087193460490464,71.38964577656675
E00073313,383,66,26,40,317,24,293,17.232375979112273,6.7885117493472595,10.443864229765012,82.76762402088774,6.266318537859007,76.50130548302873
E00073314,286,56,30,26,230,10,220,19.58041958041958,10.48951048951049,9.090909090909092,80.41958041958041,3.4965034965034967,76.92307692307693
E00073315,200,44,22,22,156,11,145,22,11,11,78,5.5,72.5
E00073316,324,77,35,42,247,20,227,23.765432098765434,10.802469135802468,12.962962962962962,76.23456790123457,6.172839506172839,70.06172839506173
E00073317,289,61,26,35,228,22,206,21.10726643598616,8.996539792387544,12.110726643598616,78.89273356401384,7.612456747404845,71.280276816609
E00073318,377,92,36,56,285,13,272,24.40318302387268,9.549071618037134,14.854111405835543,75.59681697612733,3.4482758620689653,72.14854111405835
E00073319,456,73,20,53,383,36,347,16.00877192982456,4.385964912280701,11.62280701754386,83.99122807017544,7.894736842105263,76.09649122807018
E00073320,366,50,18,32,316,32,284,13.661202185792352,4.918032786885246,8.743169398907105,86.33879781420765,8.743169398907105,77.59562841530054
E00073321,307,61,21,40,246,29,217,19.86970684039088,6.840390879478828,13.029315960912053,80.13029315960912,9.446254071661238,70.68403908794788
E00073322,322,48,20,28,274,17,257,14.906832298136646,6.211180124223603,8.695652173913043,85.09316770186336,5.279503105590062,79.8136645962733
E00073323,274,42,13,29,232,25,207,15.328467153284672,4.744525547445255,10.583941605839415,84.67153284671532,9.124087591240876,75.54744525547446
E00073324,375,49,13,36,326,18,308,13.066666666666665,3.4666666666666663,9.6,86.93333333333332,4.8,82.13333333333334
E00073325,376,69,29,40,307,30,277,18.351063829787233,7.712765957446808,10.638297872340425,81.64893617021278,7.9787234042553195,73.67021276595744
E00073326,300,96,51,45,204,19,185,32,17,15,68,6.333333333333334,61.66666666666667
E00073327,356,67,31,36,289,16,273,18.820224719101123,8.707865168539326,10.112359550561797,81.17977528089888,4.49438202247191,76.68539325842697
E00073328,360,67,33,34,293,24,269,18.61111111111111,9.166666666666666,9.444444444444445,81.38888888888889,6.666666666666667,74.72222222222223
E00073329,298,64,24,40,234,17,217,21.476510067114095,8.053691275167784,13.422818791946309,78.52348993288591,5.704697986577181,72.81879194630872
E00073330,389,71,36,35,318,21,297,18.251928020565554,9.254498714652955,8.997429305912597,81.74807197943444,5.3984575835475574,76.34961439588689
E00073331,440,76,29,47,364,27,337,17.272727272727273,6.59090909090909,10.681818181818182,82.72727272727273,6.136363636363637,76.5909090909091
E00073332,299,43,16,27,256,9,247,14.381270903010032,5.351170568561873,9.03010033444816,85.61872909698997,3.0100334448160537,82.6086956521739
E00073333,289,52,19,33,237,17,220,17.99307958477509,6.5743944636678195,11.418685121107266,82.00692041522491,5.88235294117647,76.12456747404845
E00073334,322,54,22,32,268,17,251,16.77018633540373,6.832298136645963,9.937888198757763,83.22981366459628,5.279503105590062,77.95031055900621
E00073335,436,105,57,48,331,25,306,24.08256880733945,13.073394495412844,11.009174311926607,75.91743119266054,5.73394495412844,70.18348623853211
E00073336,309,49,17,32,260,12,248,15.857605177993527,5.501618122977346,10.355987055016183,84.14239482200647,3.8834951456310676,80.2588996763754
E00073337,335,58,25,33,277,20,257,17.313432835820898,7.462686567164178,9.850746268656717,82.68656716417911,5.970149253731343,76.71641791044776
E00073338,270,49,19,30,221,23,198,18.14814814814815,7.037037037037037,11.11111111111111,81.85185185185185,8.518518518518519,73.33333333333333
E00073339,294,44,11,33,250,19,231,14.965986394557824,3.741496598639456,11.224489795918368,85.03401360544217,6.462585034013606,78.57142857142857
E00073340,251,40,18,22,211,26,185,15.936254980079681,7.171314741035857,8.764940239043826,84.06374501992032,10.358565737051793,73.70517928286853
E00073341,290,34,11,23,256,22,234,11.724137931034482,3.793103448275862,7.931034482758621,88.27586206896552,7.586206896551724,80.6896551724138
E00073342,415,69,27,42,346,33,313,16.626506024096386,6.506024096385541,10.120481927710843,83.37349397590361,7.951807228915662,75.42168674698794
E00073343,380,56,17,39,324,36,288,14.736842105263156,4.473684210526316,10.263157894736842,85.26315789473684,9.473684210526317,75.78947368421053
E00073344,248,38,13,25,210,17,193,15.32258064516129,5.241935483870968,10.080645161290322,84.67741935483872,6.854838709677419,77.82258064516128
E00073345,174,30,9,21,144,14,130,17.24137931034483,5.172413793103448,12.068965517241379,82.75862068965517,8.045977011494253,74.71264367816092
E00073346,351,47,17,30,304,17,287,13.390313390313391,4.843304843304843,8.547008547008547,86.6096866096866,4.843304843304843,81.76638176638177
E00073347,187,27,13,14,160,11,149,14.43850267379679,6.951871657754011,7.4866310160427805,85.56149732620321,5.88235294117647,79.67914438502673
E00073348,273,34,7,27,239,28,211,12.454212454212454,2.564102564102564,9.89010989010989,87.54578754578755,10.256410256410255,77.2893772893773
E00073349,333,67,25,42,266,19,247,20.12012012012012,7.5075075075075075,12.612612612612612,79.87987987987988,5.7057057057057055,74.17417417417418
E00073350,361,74,35,39,287,32,255,20.498614958448755,9.695290858725762,10.80332409972299,79.50138504155125,8.86426592797784,70.6371191135734
E00073351,366,77,39,38,289,21,268,21.03825136612022,10.655737704918032,10.382513661202186,78.96174863387978,5.737704918032787,73.224043715847
E00073352,276,71,35,36,205,21,184,25.724637681159418,12.681159420289855,13.043478260869565,74.27536231884058,7.608695652173914,66.66666666666666
E00073353,358,30,11,19,328,37,291,8.379888268156424,3.072625698324022,5.307262569832402,91.62011173184358,10.335195530726256,81.28491620111731
E00073354,339,79,44,35,260,16,244,23.303834808259587,12.979351032448378,10.32448377581121,76.69616519174042,4.71976401179941,71.976401179941
E00073355,362,69,31,38,293,27,266,19.060773480662984,8.56353591160221,10.497237569060774,80.93922651933701,7.458563535911603,73.48066298342542
E00073356,389,72,31,41,317,30,287,18.50899742930591,7.969151670951156,10.539845758354756,81.49100257069408,7.712082262210797,73.7789203084833
E00073357,334,56,16,40,278,22,256,16.766467065868262,4.790419161676647,11.976047904191617,83.23353293413174,6.58682634730539,76.64670658682635
E00073358,344,51,20,31,293,13,280,14.825581395348838,5.813953488372093,9.011627906976743,85.17441860465115,3.77906976744186,81.3953488372093
E00073359,337,64,16,48,273,17,256,18.991097922848667,4.747774480712167,14.243323442136498,81.00890207715133,5.044510385756676,75.96439169139467
E00073360,276,47,22,25,229,22,207,17.02898550724638,7.971014492753622,9.057971014492754,82.97101449275362,7.971014492753622,75
E00073361,335,109,79,30,226,15,211,32.537313432835816,23.582089552238806,8.955223880597014,67.46268656716417,4.477611940298507,62.98507462686567
E00073362,425,72,27,45,353,41,312,16.941176470588236,6.352941176470588,10.588235294117647,83.05882352941177,9.647058823529411,73.41176470588235
E00073363,340,61,33,28,279,14,265,17.941176470588236,9.705882352941178,8.235294117647058,82.05882352941177,4.117647058823529,77.94117647058823
E00073364,312,64,33,31,248,20,228,20.51282051282051,10.576923076923077,9.935897435897436,79.48717948717949,6.41025641025641,73.07692307692307
E00073365,323,40,17,23,283,28,255,12.38390092879257,5.263157894736842,7.120743034055728,87.61609907120743,8.6687306501548,78.94736842105263
E00073366,396,74,25,49,322,26,296,18.68686868686869,6.313131313131313,12.373737373737374,81.31313131313132,6.565656565656567,74.74747474747475
E00073367,304,52,19,33,252,15,237,17.105263157894736,6.25,10.855263157894738,82.89473684210526,4.934210526315789,77.96052631578947
E00073368,302,53,16,37,249,22,227,17.549668874172188,5.298013245033113,12.251655629139073,82.45033112582782,7.28476821192053,75.16556291390728
E00073369,327,57,22,35,270,18,252,17.431192660550458,6.727828746177369,10.703363914373089,82.56880733944955,5.5045871559633035,77.06422018348624
E00073370,223,65,35,30,158,9,149,29.14798206278027,15.695067264573993,13.452914798206278,70.85201793721974,4.0358744394618835,66.81614349775785
E00073371,191,54,26,28,137,11,126,28.272251308900525,13.612565445026178,14.659685863874344,71.72774869109948,5.7591623036649215,65.96858638743456
E00073372,283,70,37,33,213,16,197,24.73498233215548,13.074204946996467,11.66077738515901,75.26501766784452,5.6537102473498235,69.6113074204947
E00073373,283,40,14,26,243,22,221,14.13427561837456,4.946996466431095,9.187279151943462,85.86572438162544,7.773851590106007,78.09187279151944
E00073374,343,35,7,28,308,38,270,10.204081632653061,2.0408163265306123,8.16326530612245,89.79591836734694,11.078717201166182,78.71720116618076
E00073375,330,39,9,30,291,31,260,11.818181818181818,2.727272727272727,9.090909090909092,88.18181818181819,9.393939393939393,78.78787878787878
E00073376,269,44,20,24,225,17,208,16.356877323420075,7.434944237918216,8.921933085501859,83.64312267657994,6.319702602230483,77.32342007434944
E00073377,288,44,14,30,244,26,218,15.277777777777779,4.861111111111112,10.416666666666668,84.72222222222221,9.027777777777777,75.69444444444444
E00073378,277,30,5,25,247,26,221,10.830324909747292,1.8050541516245486,9.025270758122744,89.16967509025271,9.386281588447654,79.78339350180505
E00073379,364,57,33,24,307,18,289,15.659340659340659,9.065934065934066,6.593406593406594,84.34065934065934,4.945054945054945,79.3956043956044
E00073380,388,69,28,41,319,26,293,17.783505154639176,7.216494845360824,10.56701030927835,82.21649484536083,6.701030927835052,75.51546391752578
E00073381,430,59,18,41,371,27,344,13.72093023255814,4.186046511627907,9.534883720930234,86.27906976744187,6.279069767441861,80
E00073382,392,56,18,38,336,28,308,14.285714285714285,4.591836734693878,9.693877551020408,85.71428571428571,7.142857142857142,78.57142857142857
E00073383,268,102,52,50,166,19,147,38.059701492537314,19.402985074626866,18.65671641791045,61.940298507462686,7.08955223880597,54.850746268656714
E00073384,478,57,25,32,421,35,386,11.92468619246862,5.230125523012552,6.694560669456067,88.07531380753139,7.322175732217573,80.75313807531381
E00073385,360,116,80,36,244,21,223,32.22222222222222,22.22222222222222,10,67.77777777777779,5.833333333333333,61.94444444444444
E00073386,380,76,37,39,304,22,282,20,9.736842105263158,10.263157894736842,80,5.7894736842105265,74.21052631578947
E00073387,236,60,26,34,176,21,155,25.423728813559322,11.016949152542372,14.40677966101695,74.57627118644068,8.898305084745763,65.67796610169492
E00073388,316,29,7,22,287,23,264,9.177215189873419,2.2151898734177213,6.962025316455696,90.82278481012658,7.2784810126582276,83.54430379746836
E00073389,330,50,18,32,280,29,251,15.151515151515152,5.454545454545454,9.696969696969697,84.84848484848484,8.787878787878787,76.06060606060606
E00073390,342,48,20,28,294,26,268,14.035087719298245,5.847953216374268,8.187134502923977,85.96491228070175,7.602339181286549,78.3625730994152
E00073391,324,50,24,26,274,29,245,15.432098765432098,7.4074074074074066,8.024691358024691,84.5679012345679,8.950617283950617,75.61728395061729
E00073392,386,87,33,54,299,27,272,22.53886010362694,8.549222797927461,13.989637305699482,77.46113989637306,6.994818652849741,70.46632124352331
E00073393,295,54,22,32,241,25,216,18.305084745762713,7.457627118644068,10.847457627118644,81.69491525423729,8.47457627118644,73.22033898305085
E00073394,445,90,38,52,355,40,315,20.224719101123593,8.539325842696629,11.685393258426966,79.7752808988764,8.98876404494382,70.78651685393258
E00073395,328,79,42,37,249,11,238,24.085365853658537,12.804878048780488,11.28048780487805,75.91463414634147,3.353658536585366,72.5609756097561
E00073397,275,36,9,27,239,28,211,13.090909090909092,3.272727272727273,9.818181818181818,86.9090909090909,10.181818181818182,76.72727272727272
E00073398,283,32,16,16,251,23,228,11.307420494699647,5.6537102473498235,5.6537102473498235,88.69257950530034,8.12720848056537,80.56537102473497
E00073399,317,50,26,24,267,22,245,15.772870662460567,8.201892744479496,7.570977917981073,84.22712933753942,6.940063091482649,77.28706624605678
E00073400,319,45,9,36,274,21,253,14.106583072100312,2.8213166144200628,11.285266457680251,85.8934169278997,6.583072100313479,79.3103448275862
E00073401,296,42,14,28,254,25,229,14.18918918918919,4.72972972972973,9.45945945945946,85.8108108108108,8.445945945945946,77.36486486486487
E00073402,271,41,16,25,230,11,219,15.129151291512915,5.904059040590406,9.22509225092251,84.87084870848709,4.059040590405904,80.81180811808119
E00073403,306,41,10,31,265,31,234,13.398692810457517,3.2679738562091507,10.130718954248366,86.60130718954248,10.130718954248366,76.47058823529412
E00073404,289,52,24,28,237,27,210,17.99307958477509,8.304498269896193,9.688581314878892,82.00692041522491,9.342560553633218,72.66435986159169
E00073405,356,48,14,34,308,28,280,13.48314606741573,3.932584269662921,9.550561797752808,86.51685393258427,7.865168539325842,78.65168539325843
E00073406,294,42,10,32,252,23,229,14.285714285714285,3.4013605442176873,10.884353741496598,85.71428571428571,7.8231292517006805,77.89115646258503
E00073407,343,42,12,30,301,32,269,12.244897959183673,3.498542274052478,8.746355685131196,87.75510204081633,9.329446064139942,78.4256559766764
E00073408,362,60,23,37,302,30,272,16.574585635359114,6.353591160220995,10.220994475138122,83.42541436464089,8.287292817679557,75.13812154696133
E00073409,290,60,28,32,230,19,211,20.689655172413794,9.655172413793103,11.03448275862069,79.3103448275862,6.551724137931035,72.75862068965517
E00073410,296,36,13,23,260,30,230,12.162162162162163,4.391891891891892,7.77027027027027,87.83783783783784,10.135135135135135,77.7027027027027
E00073411,335,55,22,33,280,19,261,16.417910447761194,6.567164179104477,9.850746268656717,83.5820895522388,5.6716417910447765,77.91044776119404
E00073412,391,42,16,26,349,18,331,10.741687979539643,4.092071611253197,6.649616368286446,89.25831202046037,4.603580562659847,84.65473145780051
E00073413,299,47,22,25,252,22,230,15.719063545150503,7.357859531772576,8.361204013377927,84.2809364548495,7.357859531772576,76.92307692307693
E00073414,323,62,25,37,261,22,239,19.195046439628484,7.739938080495357,11.455108359133128,80.80495356037152,6.811145510835913,73.9938080495356
E00073415,311,31,7,24,280,18,262,9.967845659163988,2.2508038585209005,7.717041800643088,90.03215434083602,5.787781350482315,84.2443729903537
E00073416,301,30,10,20,271,20,251,9.966777408637874,3.322259136212625,6.64451827242525,90.03322259136213,6.64451827242525,83.38870431893687
E00073419,303,46,14,32,257,26,231,15.181518151815181,4.62046204620462,10.561056105610561,84.81848184818482,8.58085808580858,76.23762376237624
E00073420,218,33,3,30,185,20,165,15.137614678899084,1.3761467889908259,13.761467889908257,84.86238532110092,9.174311926605505,75.68807339449542
E00073421,409,69,12,57,340,34,306,16.87041564792176,2.93398533007335,13.93643031784841,83.12958435207824,8.312958435207824,74.81662591687042
E00073422,238,51,27,24,187,11,176,21.428571428571427,11.344537815126051,10.084033613445378,78.57142857142857,4.621848739495799,73.94957983193278
E00073423,267,60,17,43,207,30,177,22.47191011235955,6.367041198501873,16.10486891385768,77.52808988764045,11.235955056179774,66.29213483146067
E00073424,280,57,27,30,223,17,206,20.357142857142858,9.642857142857144,10.714285714285714,79.64285714285714,6.071428571428571,73.57142857142858
E00073425,391,34,7,27,357,33,324,8.695652173913043,1.7902813299232736,6.905370843989769,91.30434782608695,8.439897698209718,82.86445012787725
E00073426,369,54,7,47,315,22,293,14.634146341463413,1.8970189701897018,12.737127371273713,85.36585365853658,5.9620596205962055,79.40379403794037
E00073431,505,84,17,67,421,39,382,16.633663366336634,3.3663366336633667,13.267326732673268,83.36633663366337,7.7227722772277225,75.64356435643565
E00073432,165,44,20,24,121,10,111,26.666666666666668,12.121212121212121,14.545454545454545,73.33333333333333,6.0606060606060606,67.27272727272727
E00073433,537,87,16,71,450,35,415,16.201117318435752,2.97951582867784,13.221601489757914,83.79888268156425,6.517690875232775,77.28119180633148
E00073437,211,27,12,15,184,18,166,12.796208530805686,5.687203791469194,7.109004739336493,87.20379146919431,8.530805687203792,78.67298578199052
E00073439,261,36,3,33,225,28,197,13.793103448275861,1.1494252873563218,12.643678160919542,86.20689655172413,10.727969348659004,75.47892720306514
E00073440,273,50,16,34,223,20,203,18.315018315018314,5.86080586080586,12.454212454212454,81.68498168498168,7.326007326007327,74.35897435897436
E00073441,254,53,25,28,201,11,190,20.866141732283463,9.84251968503937,11.023622047244094,79.13385826771653,4.330708661417323,74.80314960629921
E00073442,411,60,18,42,351,42,309,14.5985401459854,4.37956204379562,10.218978102189782,85.40145985401459,10.218978102189782,75.18248175182481
E00073443,275,32,12,20,243,30,213,11.636363636363637,4.363636363636364,7.2727272727272725,88.36363636363636,10.909090909090908,77.45454545454545
E00073444,239,42,16,26,197,14,183,17.573221757322173,6.694560669456067,10.87866108786611,82.42677824267783,5.857740585774058,76.56903765690377
E00073445,265,32,7,25,233,17,216,12.075471698113208,2.6415094339622645,9.433962264150944,87.9245283018868,6.415094339622642,81.50943396226415
E00073446,431,60,11,49,371,37,334,13.921113689095128,2.5522041763341066,11.36890951276102,86.07888631090486,8.584686774941995,77.49419953596288
E00073447,260,52,20,32,208,22,186,20,7.6923076923076925,12.307692307692308,80,8.461538461538462,71.53846153846153
E00073448,296,45,12,33,251,22,229,15.202702702702704,4.054054054054054,11.14864864864865,84.7972972972973,7.4324324324324325,77.36486486486487
E00073449,207,24,3,21,183,19,164,11.594202898550725,1.4492753623188406,10.144927536231885,88.40579710144928,9.178743961352657,79.22705314009661
E00073450,272,30,8,22,242,28,214,11.029411764705882,2.941176470588235,8.088235294117647,88.97058823529412,10.294117647058822,78.67647058823529
E00073451,278,30,9,21,248,26,222,10.79136690647482,3.237410071942446,7.553956834532374,89.20863309352518,9.352517985611511,79.85611510791367
E00073452,278,33,6,27,245,26,219,11.870503597122301,2.158273381294964,9.712230215827338,88.12949640287769,9.352517985611511,78.77697841726618
E00073453,315,48,10,38,267,21,246,15.238095238095239,3.1746031746031744,12.063492063492063,84.76190476190476,6.666666666666667,78.0952380952381
E00073454,331,39,8,31,292,22,270,11.782477341389729,2.416918429003021,9.365558912386707,88.21752265861026,6.646525679758309,81.57099697885197
E00073455,322,41,12,29,281,25,256,12.732919254658384,3.7267080745341614,9.006211180124224,87.26708074534162,7.763975155279502,79.5031055900621
E00073456,272,40,9,31,232,23,209,14.705882352941178,3.308823529411765,11.397058823529411,85.29411764705883,8.455882352941178,76.83823529411765
E00073457,220,37,9,28,183,20,163,16.818181818181817,4.090909090909091,12.727272727272727,83.18181818181817,9.090909090909092,74.0909090909091
E00073458,284,38,11,27,246,18,228,13.380281690140844,3.873239436619718,9.507042253521126,86.61971830985915,6.338028169014084,80.28169014084507
E00073461,212,31,6,25,181,26,155,14.622641509433961,2.8301886792452833,11.79245283018868,85.37735849056604,12.264150943396226,73.11320754716981
E00073462,393,53,13,40,340,31,309,13.486005089058525,3.307888040712468,10.178117048346055,86.51399491094148,7.888040712468193,78.62595419847328
E00073463,206,39,7,32,167,17,150,18.932038834951456,3.3980582524271843,15.53398058252427,81.06796116504854,8.25242718446602,72.81553398058253
E00073464,556,79,15,64,477,50,427,14.20863309352518,2.697841726618705,11.510791366906476,85.79136690647482,8.992805755395683,76.79856115107914
E00073465,351,39,5,34,312,28,284,11.11111111111111,1.4245014245014245,9.686609686609685,88.88888888888889,7.977207977207977,80.91168091168092
E00073466,425,70,18,52,355,40,315,16.470588235294116,4.235294117647059,12.23529411764706,83.52941176470588,9.411764705882353,74.11764705882354
E00073467,278,41,7,34,237,24,213,14.748201438848922,2.5179856115107913,12.23021582733813,85.25179856115108,8.633093525179856,76.61870503597122
E00073468,342,39,7,32,303,38,265,11.403508771929824,2.046783625730994,9.35672514619883,88.59649122807018,11.11111111111111,77.48538011695906
E00073469,234,23,2,21,211,18,193,9.82905982905983,0.8547008547008548,8.974358974358974,90.17094017094017,7.6923076923076925,82.47863247863248
E00073470,363,35,7,28,328,32,296,9.641873278236915,1.9283746556473829,7.7134986225895315,90.35812672176309,8.81542699724518,81.5426997245179
E00073471,198,37,12,25,161,22,139,18.68686868686869,6.0606060606060606,12.626262626262626,81.31313131313132,11.11111111111111,70.2020202020202
E00073472,268,32,10,22,236,21,215,11.940298507462686,3.731343283582089,8.208955223880597,88.05970149253731,7.835820895522389,80.22388059701493
E00073473,450,65,26,39,385,28,357,14.444444444444443,5.777777777777778,8.666666666666668,85.55555555555556,6.222222222222222,79.33333333333333
E00073474,177,10,3,7,167,11,156,5.649717514124294,1.694915254237288,3.954802259887006,94.35028248587571,6.214689265536723,88.13559322033898
E00073476,275,40,11,29,235,14,221,14.545454545454545,4,10.545454545454545,85.45454545454545,5.090909090909091,80.36363636363636
E00073477,268,40,7,33,228,18,210,14.925373134328357,2.6119402985074625,12.313432835820896,85.07462686567165,6.7164179104477615,78.35820895522389
E00073478,238,26,6,20,212,21,191,10.92436974789916,2.5210084033613445,8.403361344537815,89.07563025210085,8.823529411764707,80.25210084033614
E00073479,254,36,9,27,218,20,198,14.173228346456693,3.543307086614173,10.62992125984252,85.8267716535433,7.874015748031496,77.95275590551181
E00073480,283,50,12,38,233,26,207,17.6678445229682,4.240282685512367,13.427561837455832,82.3321554770318,9.187279151943462,73.14487632508833
E00073481,480,49,8,41,431,41,390,10.208333333333334,1.6666666666666667,8.541666666666666,89.79166666666667,8.541666666666666,81.25
E00073482,395,59,14,45,336,27,309,14.936708860759493,3.5443037974683547,11.39240506329114,85.0632911392405,6.8354430379746836,78.22784810126582
E00073483,348,44,8,36,304,22,282,12.643678160919542,2.2988505747126435,10.344827586206897,87.356321839080465,6.321839080459771,81.03448275862068
E00073484,266,32,13,19,234,25,209,12.030075187969924,4.887218045112782,7.142857142857142,87.96992481203007,9.398496240601503,78.57142857142857
E00073485,232,52,19,33,180,20,160,22.413793103448278,8.189655172413794,14.224137931034484,77.58620689655173,8.620689655172415,68.96551724137932
E00073486,382,48,6,42,334,21,313,12.56544502617801,1.5706806282722512,10.99476439790576,87.43455497382199,5.49738219895288,81.93717277486911
E00073487,287,35,8,27,252,26,226,12.195121951219512,2.7874564459930316,9.40766550522648,87.8048780487805,9.059233449477352,78.74564459930313
E00073488,279,30,3,27,249,19,230,10.75268817204301,1.0752688172043012,9.67741935483871,89.24731182795699,6.810035842293908,82.43727598566308
E00073489,228,26,7,19,202,18,184,11.403508771929824,3.070175438596491,8.333333333333332,88.59649122807018,7.894736842105263,80.7017543859649
E00073490,276,37,5,32,239,16,223,13.405797101449277,1.8115942028985508,11.594202898550725,86.59420289855072,5.797101449275362,80.79710144927536
E00073491,330,35,10,25,295,32,263,10.606060606060606,3.0303030303030303,7.575757575757576,89.39393939393939,9.696969696969697,79.6969696969697
E00073492,295,38,6,32,257,29,228,12.88135593220339,2.0338983050847457,10.847457627118644,87.11864406779661,9.830508474576272,77.28813559322035
E00073493,340,35,6,29,305,33,272,10.294117647058822,1.7647058823529411,8.529411764705882,89.70588235294117,9.705882352941178,80
E00073494,358,53,10,43,305,21,284,14.804469273743019,2.793296089385475,12.011173184357542,85.19553072625699,5.865921787709497,79.3296089385475
E00073495,433,69,13,56,364,35,329,15.935334872979215,3.0023094688221708,12.933025404157044,84.06466512702079,8.083140877598153,75.98152424942263
E00073496,522,72,21,51,450,47,403,13.793103448275861,4.022988505747127,9.770114942528735,86.20689655172413,9.003831417624522,77.20306513409962
E00073497,273,38,5,33,235,25,210,13.91941391941392,1.8315018315018317,12.087912087912088,86.08058608058609,9.157509157509157,76.92307692307693
E00073498,246,40,8,32,206,22,184,16.260162601626014,3.2520325203252036,13.008130081300814,83.73983739837398,8.94308943089431,74.79674796747967
E00073499,238,37,9,28,201,21,180,15.546218487394958,3.7815126050420167,11.76470588235294,84.45378151260505,8.823529411764707,75.63025210084034
E00073500,428,49,11,38,379,39,340,11.448598130841122,2.570093457943925,8.878504672897195,88.55140186915888,9.11214953271028,79.43925233644859
E00073501,348,52,14,38,296,29,267,14.942528735632186,4.022988505747127,10.919540229885058,85.0574712643678,8.333333333333332,76.72413793103449
E00073502,380,39,9,30,341,38,303,10.263157894736842,2.368421052631579,7.894736842105263,89.73684210526316,10,79.73684210526316
E00073503,253,26,6,20,227,21,206,10.276679841897234,2.371541501976284,7.905138339920949,89.72332015810277,8.300395256916996,81.42292490118577
E00073504,346,45,6,39,301,26,275,13.005780346820808,1.7341040462427744,11.271676300578035,86.9942196531792,7.514450867052023,79.47976878612717
E00073505,216,33,7,26,183,23,160,15.277777777777779,3.2407407407407405,12.037037037037036,84.72222222222221,10.648148148148149,74.07407407407408
E00073506,291,36,3,33,255,15,240,12.371134020618557,1.0309278350515463,11.34020618556701,87.62886597938144,5.154639175257731,82.4742268041237
E00073507,166,34,14,20,132,19,113,20.481927710843372,8.433734939759036,12.048192771084338,79.51807228915662,11.44578313253012,68.07228915662651
E00073508,255,34,8,26,221,23,198,13.333333333333334,3.1372549019607843,10.196078431372548,86.66666666666667,9.019607843137255,77.64705882352942
E00073509,307,31,5,26,276,28,248,10.097719869706841,1.6286644951140066,8.469055374592834,89.90228013029315,9.120521172638437,80.78175895765473
E00073510,296,34,10,24,262,30,232,11.486486486486488,3.3783783783783785,8.108108108108109,88.51351351351352,10.135135135135135,78.37837837837837
E00073511,262,40,14,26,222,28,194,15.267175572519085,5.343511450381679,9.923664122137405,84.7328244274809,10.687022900763358,74.04580152671755
E00073512,332,30,5,25,302,24,278,9.036144578313253,1.5060240963855422,7.530120481927711,90.96385542168674,7.228915662650602,83.73493975903614
E00073513,296,23,3,20,273,28,245,7.77027027027027,1.0135135135135136,6.756756756756757,92.22972972972973,9.45945945945946,82.77027027027027
E00073514,359,50,11,39,309,38,271,13.92757660167131,3.064066852367688,10.86350974930362,86.0724233983287,10.584958217270195,75.4874651810585
E00073515,298,35,5,30,263,21,242,11.74496644295302,1.6778523489932886,10.06711409395973,88.25503355704699,7.046979865771812,81.20805369127517
E00073516,359,36,6,30,323,28,295,10.027855153203342,1.6713091922005572,8.356545961002785,89.97214484679665,7.7994428969359335,82.17270194986072
E00073517,273,41,10,31,232,27,205,15.018315018315018,3.6630036630036633,11.355311355311356,84.98168498168498,9.89010989010989,75.0915750915751
E00073518,242,18,6,12,224,22,202,7.43801652892562,2.479338842975207,4.958677685950414,92.56198347107438,9.090909090909092,83.47107438016529
E00073519,346,45,9,36,301,28,273,13.005780346820808,2.601156069364162,10.404624277456648,86.9942196531792,8.092485549132949,78.90173410404624
E00073520,323,45,11,34,278,27,251,13.93188854489164,3.4055727554179565,10.526315789473683,86.06811145510835,8.359133126934983,77.70897832817337
E00073521,344,46,6,40,298,28,270,13.372093023255813,1.744186046511628,11.627906976744185,86.62790697674419,8.13953488372093,78.48837209302324
E00073522,320,37,3,34,283,28,255,11.5625,0.9375,10.625,88.4375,8.75,79.6875
E00073523,251,41,12,29,210,33,177,16.334661354581673,4.780876494023905,11.553784860557768,83.66533864541833,13.147410358565736,70.5179282868526
E00073524,297,36,5,31,261,29,232,12.121212121212121,1.6835016835016834,10.437710437710438,87.87878787878788,9.764309764309765,78.11447811447812
E00073525,328,30,5,25,298,36,262,9.146341463414634,1.524390243902439,7.621951219512195,90.85365853658537,10.975609756097562,79.8780487804878
E00073526,320,48,10,38,272,23,249,15,3.125,11.875,85,7.187499999999999,77.8125
E00073527,328,60,13,47,268,29,239,18.29268292682927,3.9634146341463414,14.329268292682926,81.70731707317073,8.841463414634147,72.86585365853658
E00073528,329,73,34,39,256,31,225,22.188449848024316,10.33434650455927,11.854103343465045,77.81155015197568,9.422492401215806,68.38905775075987
E00073529,315,62,9,53,253,36,217,19.682539682539684,2.857142857142857,16.825396825396826,80.31746031746032,11.428571428571429,68.88888888888889
E00073530,353,51,10,41,302,41,261,14.44759206798867,2.8328611898017,11.614730878186968,85.55240793201133,11.614730878186968,73.93767705382436
E00073531,342,31,4,27,311,42,269,9.064327485380117,1.1695906432748537,7.894736842105263,90.93567251461988,12.280701754385964,78.65497076023392
E00073532,539,67,17,50,472,55,417,12.430426716141001,3.153988868274583,9.276437847866418,87.569573283859,10.204081632653061,77.36549165120594
E00073533,304,34,8,26,270,22,248,11.18421052631579,2.631578947368421,8.552631578947368,88.81578947368422,7.236842105263158,81.57894736842105
E00073534,284,35,6,29,249,26,223,12.323943661971832,2.112676056338028,10.211267605633804,87.67605633802818,9.15492957746479,78.52112676056338
E00073535,217,29,7,22,188,14,174,13.36405529953917,3.225806451612903,10.138248847926267,86.63594470046083,6.451612903225806,80.18433179723502
E00073536,217,34,9,25,183,23,160,15.668202764976957,4.147465437788019,11.52073732718894,84.33179723502305,10.599078341013826,73.73271889400922
E00073537,353,40,8,32,313,29,284,11.3314447592068,2.26628895184136,9.06515580736544,88.6685552407932,8.21529745042493,80.45325779036827
E00073538,267,35,9,26,232,29,203,13.108614232209737,3.3707865168539324,9.737827715355806,86.89138576779027,10.861423220973784,76.02996254681648
E00073539,208,35,7,28,173,16,157,16.826923076923077,3.3653846153846154,13.461538461538462,83.17307692307693,7.6923076923076925,75.48076923076923
E00073540,212,25,6,19,187,20,167,11.79245283018868,2.8301886792452833,8.962264150943396,88.20754716981132,9.433962264150944,78.77358490566037
E00073541,328,45,12,33,283,31,252,13.719512195121952,3.6585365853658534,10.060975609756099,86.28048780487805,9.451219512195122,76.82926829268293
E00073542,294,36,11,25,258,24,234,12.244897959183673,3.741496598639456,8.503401360544217,87.75510204081633,8.16326530612245,79.59183673469387
E00073543,324,43,14,29,281,27,254,13.271604938271606,4.320987654320987,8.950617283950617,86.72839506172839,8.333333333333332,78.39506172839506
E00073544,282,39,12,27,243,22,221,13.829787234042554,4.25531914893617,9.574468085106384,86.17021276595744,7.801418439716312,78.36879432624113
E00073545,404,61,17,44,343,35,308,15.099009900990099,4.207920792079208,10.891089108910892,84.9009900990099,8.663366336633663,76.23762376237624
E00073546,413,65,13,52,348,41,307,15.738498789346247,3.14769975786925,12.590799031477,84.26150121065376,9.927360774818402,74.33414043583535
E00073547,263,53,13,40,210,27,183,20.15209125475285,4.942965779467681,15.209125475285171,79.84790874524715,10.26615969581749,69.58174904942965
E00073548,438,59,9,50,379,46,333,13.470319634703195,2.054794520547945,11.415525114155251,86.5296803652968,10.50228310502283,76.02739726027397
E00073549,296,41,13,28,255,25,230,13.85135135135135,4.391891891891892,9.45945945945946,86.14864864864865,8.445945945945946,77.7027027027027
E00073550,335,35,8,27,300,27,273,10.44776119402985,2.3880597014925375,8.059701492537313,89.55223880597015,8.059701492537313,81.49253731343283
E00073551,335,34,11,23,301,27,274,10.149253731343283,3.2835820895522385,6.865671641791045,89.8507462686567,8.059701492537313,81.7910447761194
E00073552,294,46,24,22,248,23,225,15.646258503401361,8.16326530612245,7.482993197278912,84.35374149659864,7.8231292517006805,76.53061224489795
E00073553,274,42,4,38,232,19,213,15.328467153284672,1.4598540145985401,13.86861313868613,84.67153284671532,6.934306569343065,77.73722627737226
E00073554,288,24,4,20,264,23,241,8.333333333333332,1.3888888888888888,6.944444444444445,91.66666666666666,7.986111111111111,83.68055555555556
E00073555,265,32,6,26,233,23,210,12.075471698113208,2.2641509433962264,9.811320754716983,87.9245283018868,8.679245283018867,79.24528301886792
E00073556,257,37,9,28,220,23,197,14.396887159533073,3.501945525291829,10.894941634241246,85.60311284046692,8.949416342412452,76.65369649805449
E00073557,368,37,5,32,331,38,293,10.054347826086957,1.358695652173913,8.695652173913043,89.94565217391305,10.326086956521738,79.61956521739131
E00073558,330,40,9,31,290,33,257,12.121212121212121,2.727272727272727,9.393939393939393,87.87878787878788,10,77.87878787878788
E00073559,359,58,18,40,301,27,274,16.15598885793872,5.013927576601671,11.142061281337048,83.84401114206128,7.520891364902507,76.32311977715878
E00073560,319,62,28,34,257,36,221,19.435736677115987,8.77742946708464,10.658307210031348,80.56426332288402,11.285266457680251,69.27899686520375
E00073561,482,77,36,41,405,32,373,15.975103734439832,7.468879668049793,8.506224066390041,84.02489626556017,6.639004149377594,77.38589211618257
E00073562,442,62,26,36,380,28,352,14.027149321266968,5.88235294117647,8.144796380090497,85.97285067873304,6.334841628959276,79.63800904977376
E00073563,412,69,15,54,343,26,317,16.74757281553398,3.640776699029126,13.106796116504855,83.25242718446601,6.310679611650485,76.94174757281553
E00073564,360,47,14,33,313,25,288,13.055555555555557,3.888888888888889,9.166666666666666,86.94444444444444,6.944444444444445,80
E00073565,612,82,33,49,530,30,500,13.398692810457517,5.392156862745098,8.006535947712418,86.60130718954248,4.901960784313726,81.69934640522875
E00073566,246,59,24,35,187,14,173,23.983739837398375,9.75609756097561,14.227642276422763,76.01626016260163,5.691056910569105,70.32520325203252
E00073567,324,58,15,43,266,21,245,17.901234567901234,4.62962962962963,13.271604938271606,82.09876543209876,6.481481481481481,75.61728395061729
E00073568,396,39,10,29,357,31,326,9.848484848484848,2.525252525252525,7.3232323232323235,90.15151515151516,7.828282828282829,82.32323232323232
E00073569,459,63,19,44,396,28,368,13.725490196078432,4.139433551198257,9.586056644880173,86.27450980392157,6.1002178649237475,80.17429193899783
E00073570,347,49,18,31,298,29,269,14.121037463976945,5.187319884726225,8.93371757925072,85.87896253602305,8.357348703170029,77.52161383285303
E00073571,424,60,21,39,364,31,333,14.150943396226415,4.952830188679245,9.19811320754717,85.84905660377359,7.311320754716981,78.5377358490566
E00073572,357,42,14,28,315,30,285,11.76470588235294,3.9215686274509802,7.8431372549019605,88.23529411764706,8.403361344537815,79.83193277310924
E00073573,552,79,31,48,473,41,432,14.31159420289855,5.615942028985507,8.695652173913043,85.68840579710145,7.427536231884058,78.26086956521739
E00073574,378,66,22,44,312,19,293,17.46031746031746,5.82010582010582,11.64021164021164,82.53968253968253,5.026455026455026,77.5132275132275
E00073575,511,106,42,64,405,33,372,20.743639921722114,8.21917808219178,12.524461839530332,79.2563600782779,6.457925636007827,72.79843444227005
E00073576,412,52,22,30,360,34,326,12.62135922330097,5.339805825242718,7.281553398058252,87.37864077669903,8.25242718446602,79.12621359223301
E00073577,368,61,20,41,307,20,287,16.57608695652174,5.434782608695652,11.141304347826086,83.42391304347827,5.434782608695652,77.98913043478261
E00073578,413,50,21,29,363,19,344,12.106537530266344,5.084745762711865,7.021791767554479,87.89346246973365,4.600484261501211,83.29297820823246
E00073579,253,96,66,30,157,18,139,37.94466403162055,26.08695652173913,11.857707509881422,62.055335968379445,7.114624505928854,54.9407114624506
E00073580,410,63,32,31,347,30,317,15.365853658536585,7.804878048780488,7.560975609756097,84.6341463414634,7.317073170731707,77.3170731707317
E00073581,324,43,15,28,281,21,260,13.271604938271606,4.62962962962963,8.641975308641975,86.72839506172839,6.481481481481481,80.24691358024691
E00073582,336,35,9,26,301,24,277,10.416666666666668,2.6785714285714284,7.738095238095238,89.58333333333334,7.142857142857142,82.44047619047619
E00073583,308,50,20,30,258,28,230,16.233766233766232,6.493506493506493,9.740259740259742,83.76623376623377,9.090909090909092,74.67532467532467
E00073584,346,51,21,30,295,18,277,14.739884393063585,6.069364161849711,8.670520231213873,85.26011560693641,5.202312138728324,80.05780346820809
E00073585,350,58,18,40,292,25,267,16.57142857142857,5.142857142857142,11.428571428571429,83.42857142857143,7.142857142857142,76.28571428571429
E00073586,285,50,11,39,235,26,209,17.543859649122805,3.8596491228070176,13.684210526315791,82.45614035087719,9.12280701754386,73.33333333333333
E00073587,316,42,11,31,274,26,248,13.291139240506327,3.481012658227848,9.81012658227848,86.70886075949366,8.227848101265822,78.48101265822784
E00073588,184,54,36,18,130,5,125,29.347826086956523,19.565217391304348,9.782608695652174,70.65217391304348,2.717391304347826,67.93478260869566
E00073589,135,26,7,19,109,9,100,19.25925925925926,5.185185185185185,14.074074074074074,80.74074074074075,6.666666666666667,74.07407407407408
E00073590,459,64,20,44,395,31,364,13.943355119825709,4.357298474945534,9.586056644880173,86.05664488017429,6.753812636165578,79.30283224400871
E00073591,246,46,20,26,200,19,181,18.69918699186992,8.130081300813007,10.569105691056912,81.30081300813008,7.723577235772358,73.57723577235772
E00073592,284,39,14,25,245,14,231,13.732394366197184,4.929577464788732,8.80281690140845,86.26760563380282,4.929577464788732,81.33802816901408
E00073593,277,37,12,25,240,16,224,13.357400722021662,4.332129963898916,9.025270758122744,86.64259927797833,5.776173285198556,80.86642599277978
E00073594,305,52,12,40,253,26,227,17.04918032786885,3.934426229508197,13.114754098360656,82.95081967213115,8.524590163934425,74.42622950819671
E00073595,302,46,11,35,256,23,233,15.2317880794702,3.642384105960265,11.589403973509933,84.76821192052981,7.6158940397351,77.15231788079471
E00073596,309,63,22,41,246,17,229,20.388349514563107,7.119741100323624,13.268608414239482,79.6116504854369,5.501618122977346,74.11003236245955
E00073597,576,105,45,60,471,40,431,18.229166666666664,7.8125,10.416666666666668,81.77083333333334,6.944444444444445,74.82638888888889
E00073598,360,56,25,31,304,32,272,15.555555555555555,6.944444444444445,8.61111111111111,84.44444444444444,8.88888888888889,75.55555555555556
E00073599,243,54,11,43,189,22,167,22.22222222222222,4.526748971193416,17.695473251028808,77.77777777777779,9.053497942386832,68.72427983539094
E00073600,467,63,26,37,404,33,371,13.49036402569593,5.567451820128479,7.922912205567452,86.50963597430406,7.066381156316917,79.44325481798715
E00073601,282,40,22,18,242,12,230,14.184397163120568,7.801418439716312,6.382978723404255,85.81560283687944,4.25531914893617,81.56028368794325
E00073602,341,39,14,25,302,26,276,11.436950146627565,4.105571847507331,7.331378299120235,88.56304985337243,7.624633431085044,80.93841642228739
E00073603,345,55,23,32,290,21,269,15.942028985507244,6.666666666666667,9.27536231884058,84.05797101449275,6.086956521739131,77.97101449275362
E00073604,396,50,19,31,346,17,329,12.626262626262626,4.797979797979798,7.828282828282829,87.37373737373737,4.292929292929292,83.08080808080808
E00073605,263,50,18,32,213,22,191,19.011406844106464,6.844106463878327,12.167300380228136,80.98859315589354,8.365019011406844,72.6235741444867
E00073606,400,72,30,42,328,38,290,18,7.5,10.5,82,9.5,72.5
E00073607,300,62,28,34,238,24,214,20.666666666666668,9.333333333333334,11.333333333333332,79.33333333333333,8,71.33333333333334
E00073608,314,54,27,27,260,19,241,17.197452229299362,8.598726114649681,8.598726114649681,82.80254777070064,6.050955414012739,76.75159235668791
E00073609,320,70,31,39,250,17,233,21.875,9.6875,12.1875,78.125,5.3125,72.8125
E00073611,415,62,21,41,353,23,330,14.93975903614458,5.0602409638554215,9.879518072289157,85.06024096385542,5.542168674698795,79.51807228915662
E00073612,341,70,38,32,271,18,253,20.527859237536656,11.143695014662756,9.3841642228739,79.47214076246334,5.278592375366569,74.19354838709677
E00073613,302,43,19,24,259,16,243,14.23841059602649,6.291390728476822,7.9470198675496695,85.76158940397352,5.298013245033113,80.4635761589404
E00073614,567,86,23,63,481,23,458,15.167548500881834,4.056437389770723,11.11111111111111,84.83245149911816,4.056437389770723,80.77601410934744
E00073615,394,46,23,23,348,25,323,11.6751269035533,5.83756345177665,5.83756345177665,88.3248730964467,6.345177664974619,81.97969543147208
E00073616,340,44,21,23,296,18,278,12.941176470588237,6.176470588235294,6.764705882352941,87.05882352941177,5.294117647058823,81.76470588235294
E00073617,259,48,19,29,211,22,189,18.53281853281853,7.335907335907336,11.196911196911197,81.46718146718148,8.494208494208493,72.97297297297297
E00073618,315,86,54,32,229,24,205,27.3015873015873,17.142857142857142,10.158730158730158,72.6984126984127,7.6190476190476195,65.07936507936508
E00073619,389,53,15,38,336,24,312,13.624678663239074,3.8560411311053984,9.768637532133676,86.37532133676092,6.169665809768637,80.20565552699229
E00073620,316,50,19,31,266,20,246,15.822784810126583,6.012658227848101,9.81012658227848,84.17721518987342,6.329113924050633,77.84810126582279
E00073621,369,49,12,37,320,20,300,13.279132791327914,3.2520325203252036,10.02710027100271,86.72086720867209,5.420054200542006,81.30081300813008
E00073622,314,54,22,32,260,24,236,17.197452229299362,7.006369426751593,10.191082802547772,82.80254777070064,7.643312101910828,75.15923566878982
E00073623,359,59,20,39,300,24,276,16.434540389972145,5.571030640668524,10.86350974930362,83.56545961002786,6.685236768802229,76.88022284122563
E00073624,263,80,43,37,183,21,162,30.418250950570343,16.34980988593156,14.068441064638785,69.58174904942965,7.984790874524715,61.59695817490495
E00073625,356,52,12,40,304,38,266,14.606741573033707,3.3707865168539324,11.235955056179774,85.39325842696628,10.674157303370785,74.71910112359551
E00073626,304,69,30,39,235,20,215,22.697368421052634,9.868421052631579,12.828947368421053,77.30263157894737,6.578947368421052,70.72368421052632
E00073627,428,77,23,54,351,39,312,17.990654205607477,5.373831775700935,12.616822429906541,82.00934579439252,9.11214953271028,72.89719626168224
E00073628,227,55,34,21,172,11,161,24.229074889867842,14.977973568281937,9.251101321585903,75.77092511013215,4.845814977973569,70.92511013215858
E00073629,379,69,21,48,310,30,280,18.20580474934037,5.540897097625329,12.66490765171504,81.79419525065963,7.9155672823219,73.87862796833772
E00073630,458,64,21,43,394,27,367,13.973799126637553,4.585152838427948,9.388646288209607,86.02620087336244,5.895196506550218,80.13100436681223
E00073631,332,46,13,33,286,21,265,13.855421686746988,3.91566265060241,9.939759036144578,86.14457831325302,6.325301204819277,79.81927710843374
E00073632,409,60,24,36,349,40,309,14.66992665036675,5.8679706601467,8.80195599022005,85.33007334963325,9.7799511002445,75.55012224938875
E00073633,264,53,22,31,211,21,190,20.075757575757574,8.333333333333332,11.742424242424242,79.92424242424242,7.954545454545454,71.96969696969697
E00073634,490,105,27,78,385,38,347,21.428571428571427,5.510204081632653,15.918367346938775,78.57142857142857,7.755102040816326,70.81632653061224
E00073635,356,61,29,32,295,25,270,17.134831460674157,8.146067415730338,8.98876404494382,82.86516853932584,7.02247191011236,75.84269662921348
E00073636,394,94,51,43,300,19,281,23.85786802030457,12.944162436548224,10.913705583756345,76.14213197969542,4.822335025380711,71.31979695431471
E00073637,365,84,38,46,281,16,265,23.013698630136986,10.41095890410959,12.602739726027398,76.98630136986301,4.383561643835616,72.6027397260274
E00073638,357,88,37,51,269,12,257,24.649859943977592,10.364145658263306,14.285714285714285,75.35014005602241,3.361344537815126,71.98879551820728
E00073639,363,71,22,49,292,24,268,19.55922865013774,6.0606060606060606,13.498622589531681,80.44077134986226,6.6115702479338845,73.82920110192838
E00073640,354,77,41,36,277,25,252,21.75141242937853,11.581920903954803,10.16949152542373,78.24858757062147,7.062146892655368,71.1864406779661
E00073641,389,76,39,37,313,16,297,19.53727506426735,10.025706940874036,9.511568123393316,80.46272493573264,4.113110539845758,76.34961439588689
E00073642,377,96,46,50,281,17,264,25.46419098143236,12.20159151193634,13.262599469496022,74.53580901856765,4.509283819628647,70.026525198939
E00073643,408,94,53,41,314,21,293,23.03921568627451,12.990196078431374,10.049019607843137,76.9607843137255,5.147058823529411,71.81372549019608
E00073644,388,101,50,51,287,23,264,26.03092783505155,12.886597938144329,13.144329896907218,73.96907216494846,5.927835051546391,68.04123711340206
E00073645,384,85,41,44,299,10,289,22.135416666666664,10.677083333333332,11.458333333333332,77.86458333333334,2.604166666666667,75.26041666666666
E00073646,565,104,50,54,461,27,434,18.4070796460177,8.849557522123893,9.557522123893806,81.59292035398231,4.778761061946903,76.8141592920354
E00073647,380,78,28,50,302,21,281,20.526315789473685,7.368421052631578,13.157894736842104,79.47368421052632,5.526315789473684,73.94736842105263
E00073648,421,94,50,44,327,19,308,22.327790973871732,11.87648456057007,10.451306413301662,77.67220902612827,4.513064133016627,73.15914489311164
E00073649,357,91,48,43,266,26,240,25.49019607843137,13.445378151260504,12.044817927170868,74.50980392156863,7.282913165266107,67.22689075630252
E00073650,370,98,59,39,272,11,261,26.486486486486488,15.945945945945947,10.54054054054054,73.51351351351352,2.9729729729729732,70.54054054054055
E00073651,431,79,30,49,352,37,315,18.329466357308586,6.960556844547564,11.36890951276102,81.67053364269141,8.584686774941995,73.08584686774941
E00073652,332,102,53,49,230,10,220,30.72289156626506,15.963855421686745,14.759036144578314,69.27710843373494,3.0120481927710845,66.26506024096386
E00073653,214,71,34,37,143,13,130,33.177570093457945,15.887850467289718,17.289719626168225,66.82242990654206,6.074766355140187,60.747663551401864
E00073654,351,73,32,41,278,17,261,20.7977207977208,9.116809116809117,11.68091168091168,79.2022792022792,4.843304843304843,74.35897435897436
E00073655,446,99,40,59,347,19,328,22.19730941704036,8.968609865470851,13.228699551569505,77.80269058295964,4.260089686098654,73.54260089686099
E00073656,389,71,31,40,318,28,290,18.251928020565554,7.969151670951156,10.282776349614396,81.74807197943444,7.197943444730077,74.55012853470437
E00073657,304,71,31,40,233,18,215,23.355263157894736,10.197368421052632,13.157894736842104,76.64473684210526,5.921052631578947,70.72368421052632
E00073658,323,74,33,41,249,18,231,22.910216718266255,10.21671826625387,12.693498452012383,77.08978328173374,5.572755417956656,71.51702786377709
E00073659,334,79,40,39,255,11,244,23.652694610778443,11.976047904191617,11.676646706586826,76.34730538922156,3.293413173652695,73.05389221556887
E00073660,397,96,39,57,301,19,282,24.181360201511335,9.82367758186398,14.357682619647354,75.81863979848866,4.785894206549118,71.03274559193954
E00073662,339,94,56,38,245,14,231,27.728613569321535,16.519174041297934,11.209439528023598,72.27138643067846,4.129793510324483,68.14159292035397
E00073663,321,83,43,40,238,14,224,25.85669781931464,13.395638629283487,12.461059190031152,74.14330218068535,4.361370716510903,69.78193146417445
E00073664,203,78,48,30,125,9,116,38.42364532019704,23.645320197044335,14.77832512315271,61.57635467980296,4.433497536945813,57.14285714285714
E00073665,314,107,61,46,207,9,198,34.07643312101911,19.426751592356688,14.64968152866242,65.92356687898089,2.8662420382165608,63.05732484076433
E00073666,394,53,22,31,341,30,311,13.451776649746192,5.583756345177665,7.868020304568528,86.5482233502538,7.614213197969544,78.93401015228426
E00073667,516,94,34,60,422,20,402,18.217054263565892,6.5891472868217065,11.627906976744185,81.78294573643412,3.875968992248062,77.90697674418605
E00073668,319,58,30,28,261,9,252,18.181818181818183,9.404388714733543,8.77742946708464,81.81818181818183,2.8213166144200628,78.99686520376176
E00073669,275,64,27,37,211,13,198,23.272727272727273,9.818181818181818,13.454545454545455,76.72727272727272,4.7272727272727275,72
E00073670,239,62,26,36,177,16,161,25.94142259414226,10.87866108786611,15.062761506276152,74.05857740585773,6.694560669456067,67.36401673640168
E00073671,368,78,31,47,290,20,270,21.195652173913043,8.423913043478262,12.771739130434783,78.80434782608695,5.434782608695652,73.36956521739131
E00073672,376,52,17,35,324,28,296,13.829787234042554,4.521276595744681,9.308510638297872,86.17021276595744,7.446808510638298,78.72340425531915
E00073673,242,76,41,35,166,13,153,31.40495867768595,16.94214876033058,14.46280991735537,68.59504132231406,5.371900826446281,63.22314049586777
E00073674,326,81,41,40,245,21,224,24.846625766871167,12.576687116564417,12.269938650306749,75.15337423312883,6.441717791411043,68.71165644171779
E00073675,257,36,10,26,221,27,194,14.007782101167315,3.8910505836575875,10.116731517509727,85.99221789883269,10.505836575875486,75.4863813229572
E00073676,455,65,28,37,390,24,366,14.285714285714285,6.153846153846154,8.131868131868131,85.71428571428571,5.274725274725275,80.43956043956044
E00073677,348,93,61,32,255,21,234,26.72413793103448,17.52873563218391,9.195402298850574,73.27586206896551,6.0344827586206895,67.24137931034483
E00073678,284,78,40,38,206,11,195,27.464788732394368,14.084507042253522,13.380281690140844,72.53521126760563,3.873239436619718,68.66197183098592
E00073679,196,76,43,33,120,11,109,38.775510204081634,21.93877551020408,16.83673469387755,61.224489795918366,5.612244897959184,55.61224489795919
E00073680,290,87,50,37,203,12,191,30,17.24137931034483,12.758620689655173,70,4.137931034482759,65.86206896551724
E00073681,516,82,28,54,434,32,402,15.891472868217054,5.426356589147287,10.465116279069768,84.10852713178295,6.2015503875969,77.90697674418605
E00073682,361,78,35,43,283,23,260,21.60664819944598,9.695290858725762,11.911357340720222,78.39335180055402,6.3711911357340725,72.02216066481995
E00073683,398,75,38,37,323,22,301,18.84422110552764,9.547738693467336,9.296482412060302,81.15577889447236,5.527638190954774,75.62814070351759
E00073684,323,72,30,42,251,25,226,22.291021671826623,9.287925696594428,13.003095975232199,77.70897832817337,7.739938080495357,69.96904024767801
E00073685,322,51,17,34,271,26,245,15.838509316770185,5.279503105590062,10.559006211180124,84.16149068322981,8.074534161490684,76.08695652173914
E00073688,334,65,30,35,269,9,260,19.46107784431138,8.982035928143713,10.479041916167663,80.53892215568862,2.694610778443114,77.84431137724552
E00073689,318,38,12,26,280,23,257,11.949685534591195,3.7735849056603774,8.176100628930817,88.0503144654088,7.232704402515723,80.81761006289308
E00073690,369,49,22,27,320,36,284,13.279132791327914,5.9620596205962055,7.317073170731707,86.72086720867209,9.75609756097561,76.96476964769647
E00073691,337,43,14,29,294,17,277,12.759643916913946,4.154302670623145,8.605341246290802,87.24035608308606,5.044510385756676,82.19584569732937
E00073692,412,77,27,50,335,30,305,18.689320388349515,6.553398058252427,12.135922330097088,81.31067961165049,7.281553398058252,74.02912621359224
E00073693,467,109,51,58,358,30,328,23.340471092077088,10.920770877944326,12.419700214132762,76.65952890792292,6.423982869379015,70.2355460385439
E00073695,324,56,13,43,268,18,250,17.28395061728395,4.012345679012346,13.271604938271606,82.71604938271605,5.555555555555555,77.1604938271605
E00073696,320,54,18,36,266,16,250,16.875,5.625,11.25,83.125,5,78.125
E00073697,341,55,15,40,286,25,261,16.129032258064516,4.398826979472141,11.730205278592376,83.87096774193549,7.331378299120235,76.53958944281524
E00073698,470,107,45,62,363,44,319,22.76595744680851,9.574468085106384,13.191489361702127,77.23404255319149,9.361702127659575,67.87234042553192
E00073699,342,64,26,38,278,23,255,18.71345029239766,7.602339181286549,11.11111111111111,81.28654970760235,6.725146198830409,74.56140350877193
E00073700,259,89,63,26,170,18,152,34.36293436293436,24.324324324324326,10.038610038610038,65.63706563706563,6.94980694980695,58.68725868725869
E00073701,237,60,36,24,177,26,151,25.31645569620253,15.18987341772152,10.126582278481013,74.68354430379746,10.970464135021098,63.71308016877637
E00073702,290,61,25,36,229,24,205,21.03448275862069,8.620689655172415,12.413793103448276,78.96551724137932,8.275862068965518,70.6896551724138
E00073703,255,61,28,33,194,12,182,23.92156862745098,10.980392156862745,12.941176470588237,76.07843137254902,4.705882352941177,71.37254901960785
E00073704,251,52,21,31,199,22,177,20.717131474103585,8.366533864541832,12.350597609561753,79.2828685258964,8.764940239043826,70.5179282868526
E00073705,295,56,18,38,239,24,215,18.983050847457626,6.101694915254238,12.88135593220339,81.01694915254237,8.135593220338983,72.88135593220339
E00073706,379,74,39,35,305,22,283,19.525065963060687,10.29023746701847,9.234828496042216,80.47493403693932,5.804749340369393,74.67018469656992
E00073707,275,66,28,38,209,13,196,24,10.181818181818182,13.818181818181818,76,4.7272727272727275,71.27272727272728
E00073708,304,74,34,40,230,22,208,24.342105263157894,11.18421052631579,13.157894736842104,75.6578947368421,7.236842105263158,68.42105263157895
E00073709,331,67,29,38,264,21,243,20.241691842900302,8.761329305135952,11.48036253776435,79.7583081570997,6.3444108761329305,73.41389728096676
E00073710,270,77,39,38,193,18,175,28.51851851851852,14.444444444444443,14.074074074074074,71.48148148148148,6.666666666666667,64.81481481481481
E00073711,413,50,20,30,363,28,335,12.106537530266344,4.8426150121065374,7.263922518159806,87.89346246973365,6.779661016949152,81.1138014527845
E00073712,352,98,47,51,254,17,237,27.84090909090909,13.352272727272727,14.488636363636365,72.1590909090909,4.829545454545454,67.32954545454545
E00073713,398,141,69,72,257,21,236,35.427135678391956,17.33668341708543,18.090452261306535,64.57286432160804,5.276381909547738,59.2964824120603
E00073714,291,63,36,27,228,15,213,21.649484536082475,12.371134020618557,9.278350515463918,78.35051546391753,5.154639175257731,73.19587628865979
E00073715,408,88,37,51,320,20,300,21.568627450980394,9.068627450980392,12.5,78.43137254901961,4.901960784313726,73.52941176470588
E00073716,277,81,40,41,196,17,179,29.24187725631769,14.440433212996389,14.801444043321299,70.7581227436823,6.137184115523466,64.62093862815884
E00073717,320,87,37,50,233,15,218,27.187499999999996,11.5625,15.625,72.8125,4.6875,68.125
E00073718,356,63,29,34,293,12,281,17.696629213483146,8.146067415730338,9.550561797752808,82.30337078651685,3.3707865168539324,78.93258426966293
E00073719,398,108,50,58,290,24,266,27.1356783919598,12.562814070351758,14.572864321608039,72.8643216080402,6.030150753768844,66.83417085427136
E00073720,390,97,39,58,293,18,275,24.871794871794872,10,14.871794871794872,75.12820512820512,4.615384615384616,70.51282051282051
E00073721,276,66,35,31,210,13,197,23.91304347826087,12.681159420289855,11.231884057971014,76.08695652173914,4.710144927536232,71.37681159420289
E00073722,392,95,54,41,297,24,273,24.23469387755102,13.77551020408163,10.459183673469388,75.76530612244898,6.122448979591836,69.64285714285714
E00073723,337,68,38,30,269,30,239,20.178041543026705,11.275964391691394,8.902077151335313,79.82195845697329,8.902077151335313,70.91988130563797
E00073724,526,119,59,60,407,35,372,22.623574144486692,11.216730038022813,11.406844106463879,77.3764258555133,6.653992395437262,70.72243346007605
E00073725,265,63,27,36,202,15,187,23.77358490566038,10.18867924528302,13.584905660377359,76.22641509433963,5.660377358490567,70.56603773584905
E00073726,253,78,38,40,175,13,162,30.8300395256917,15.019762845849801,15.810276679841898,69.1699604743083,5.138339920948617,64.03162055335969
E00073727,241,55,25,30,186,13,173,22.821576763485478,10.37344398340249,12.448132780082988,77.17842323651453,5.394190871369295,71.78423236514523
E00073728,309,74,39,35,235,13,222,23.948220064724918,12.62135922330097,11.326860841423949,76.05177993527508,4.207119741100324,71.84466019417476
E00073729,274,56,26,30,218,15,203,20.437956204379564,9.48905109489051,10.948905109489052,79.56204379562044,5.474452554744526,74.08759124087592
E00073730,299,63,41,22,236,12,224,21.070234113712374,13.712374581939798,7.357859531772576,78.92976588628763,4.013377926421405,74.91638795986621
E00073731,280,86,55,31,194,14,180,30.714285714285715,19.642857142857142,11.071428571428571,69.28571428571428,5,64.28571428571429
E00073732,270,78,40,38,192,9,183,28.888888888888886,14.814814814814813,14.074074074074074,71.11111111111111,3.3333333333333335,67.77777777777779
E00073733,260,84,45,39,176,11,165,32.30769230769231,17.307692307692307,15,67.6923076923077,4.230769230769231,63.46153846153846
E00073734,256,61,22,39,195,10,185,23.828125,8.59375,15.234375,76.171875,3.90625,72.265625
E00073735,305,23,12,11,282,14,268,7.540983606557377,3.934426229508197,3.606557377049181,92.45901639344262,4.590163934426229,87.8688524590164
E00073736,273,35,15,20,238,23,215,12.82051282051282,5.4945054945054945,7.326007326007327,87.17948717948718,8.424908424908425,78.75457875457876
E00073737,317,36,17,19,281,22,259,11.35646687697161,5.3627760252365935,5.993690851735016,88.64353312302839,6.940063091482649,81.70347003154575
E00073738,334,51,19,32,283,23,260,15.269461077844312,5.688622754491018,9.580838323353294,84.73053892215569,6.88622754491018,77.84431137724552
E00073739,364,39,13,26,325,27,298,10.714285714285714,3.571428571428571,7.142857142857142,89.28571428571429,7.417582417582418,81.86813186813187
E00073740,311,43,14,29,268,25,243,13.826366559485532,4.501607717041801,9.32475884244373,86.17363344051448,8.038585209003216,78.13504823151125
E00073741,272,47,12,35,225,22,203,17.27941176470588,4.411764705882353,12.867647058823529,82.72058823529412,8.088235294117647,74.63235294117648
E00073743,340,50,15,35,290,28,262,14.705882352941178,4.411764705882353,10.294117647058822,85.29411764705883,8.235294117647058,77.05882352941177
E00073744,370,76,31,45,294,28,266,20.54054054054054,8.378378378378379,12.162162162162163,79.45945945945945,7.567567567567568,71.89189189189189
E00073745,344,84,37,47,260,9,251,24.418604651162788,10.755813953488373,13.662790697674417,75.5813953488372,2.616279069767442,72.96511627906976
E00073746,260,39,10,29,221,19,202,15,3.8461538461538463,11.153846153846155,85,7.307692307692308,77.6923076923077
E00073747,291,42,13,29,249,20,229,14.432989690721648,4.4673539518900345,9.965635738831615,85.56701030927834,6.872852233676976,78.69415807560138
E00073748,607,99,48,51,508,38,470,16.30971993410214,7.907742998352553,8.40197693574959,83.69028006589787,6.260296540362438,77.42998352553542
E00073749,287,51,20,31,236,22,214,17.770034843205575,6.968641114982578,10.801393728222997,82.22996515679442,7.665505226480835,74.56445993031359
E00073750,297,66,29,37,231,18,213,22.22222222222222,9.764309764309765,12.457912457912458,77.77777777777779,6.0606060606060606,71.71717171717171
E00073751,330,103,56,47,227,18,209,31.212121212121215,16.969696969696972,14.242424242424242,68.78787878787878,5.454545454545454,63.33333333333333
E00073752,555,107,56,51,448,43,405,19.27927927927928,10.09009009009009,9.18918918918919,80.72072072072072,7.747747747747748,72.97297297297297
E00073754,390,97,50,47,293,31,262,24.871794871794872,12.82051282051282,12.051282051282051,75.12820512820512,7.948717948717948,67.17948717948717
E00073755,293,67,25,42,226,15,211,22.866894197952217,8.532423208191126,14.334470989761092,77.13310580204778,5.1194539249146755,72.01365187713311
E00073756,161,55,28,27,106,9,97,34.161490683229815,17.391304347826086,16.77018633540373,65.83850931677019,5.590062111801243,60.24844720496895
E00073757,275,51,21,30,224,28,196,18.545454545454547,7.636363636363637,10.909090909090908,81.45454545454545,10.181818181818182,71.27272727272728
E00073758,422,73,33,40,349,15,334,17.298578199052134,7.819905213270142,9.47867298578199,82.70142180094787,3.5545023696682465,79.14691943127961
E00073759,374,71,39,32,303,23,280,18.983957219251337,10.427807486631016,8.55614973262032,81.01604278074866,6.149732620320856,74.8663101604278
E00073760,317,53,19,34,264,23,241,16.7192429022082,5.993690851735016,10.725552050473187,83.2807570977918,7.255520504731862,76.02523659305994
E00073761,400,59,22,37,341,23,318,14.75,5.5,9.25,85.25,5.75,79.5
E00073762,262,61,20,41,201,23,178,23.282442748091604,7.633587786259542,15.648854961832063,76.7175572519084,8.778625954198473,67.93893129770993
E00073763,319,61,30,31,258,25,233,19.122257053291534,9.404388714733543,9.717868338557993,80.87774294670847,7.836990595611286,73.04075235109718
E00073764,382,77,34,43,305,28,277,20.157068062827225,8.900523560209423,11.2565445026178,79.84293193717278,7.329842931937172,72.5130890052356
E00073765,289,42,18,24,247,24,223,14.53287197231834,6.228373702422145,8.304498269896193,85.46712802768167,8.304498269896193,77.16262975778547
E00073766,362,87,28,59,275,21,254,24.03314917127072,7.734806629834254,16.298342541436465,75.96685082872928,5.801104972375691,70.1657458563536
E00073767,401,87,41,46,314,19,295,21.695760598503743,10.224438902743142,11.471321695760599,78.30423940149626,4.738154613466334,73.56608478802993
E00073768,384,71,31,40,313,21,292,18.489583333333336,8.072916666666668,10.416666666666668,81.51041666666666,5.46875,76.04166666666666
E00073769,293,62,26,36,231,14,217,21.160409556313994,8.873720136518772,12.286689419795222,78.839590443686,4.778156996587031,74.06143344709898
E00073770,280,52,21,31,228,28,200,18.571428571428573,7.5,11.071428571428571,81.42857142857143,10,71.42857142857143
E00073771,324,61,25,36,263,16,247,18.82716049382716,7.716049382716049,11.11111111111111,81.17283950617285,4.938271604938271,76.23456790123457
E00073772,333,67,35,32,266,17,249,20.12012012012012,10.51051051051051,9.60960960960961,79.87987987987988,5.105105105105105,74.77477477477478
E00073773,311,66,28,38,245,16,229,21.221864951768488,9.003215434083602,12.218649517684888,78.77813504823152,5.144694533762058,73.63344051446946
E00073774,422,84,46,38,338,27,311,19.90521327014218,10.90047393364929,9.004739336492891,80.09478672985783,6.398104265402843,73.69668246445498
E00073775,425,73,29,44,352,25,327,17.176470588235293,6.8235294117647065,10.352941176470589,82.82352941176471,5.88235294117647,76.94117647058823
E00073776,275,84,41,43,191,13,178,30.545454545454547,14.909090909090908,15.636363636363637,69.45454545454545,4.7272727272727275,64.72727272727272
E00073777,267,84,45,39,183,16,167,31.46067415730337,16.853932584269664,14.606741573033707,68.53932584269663,5.992509363295881,62.546816479400746
E00073778,330,68,37,31,262,12,250,20.606060606060606,11.212121212121213,9.393939393939393,79.39393939393939,3.6363636363636362,75.75757575757575
E00073779,260,54,15,39,206,37,169,20.76923076923077,5.769230769230769,15,79.23076923076923,14.23076923076923,65
E00073780,213,62,28,34,151,13,138,29.107981220657276,13.145539906103288,15.96244131455399,70.89201877934272,6.103286384976526,64.7887323943662
E00073781,335,56,19,37,279,15,264,16.716417910447763,5.6716417910447765,11.044776119402986,83.28358208955224,4.477611940298507,78.80597014925374
E00073782,409,72,28,44,337,20,317,17.6039119804401,6.845965770171149,10.757946210268948,82.3960880195599,4.88997555012225,77.50611246943765
E00073783,364,54,20,34,310,16,294,14.835164835164836,5.4945054945054945,9.340659340659341,85.16483516483517,4.395604395604396,80.76923076923077
E00073784,552,88,30,58,464,34,430,15.942028985507244,5.434782608695652,10.507246376811594,84.05797101449275,6.159420289855073,77.89855072463769
E00073785,379,133,87,46,246,16,230,35.09234828496042,22.95514511873351,12.137203166226913,64.90765171503958,4.221635883905013,60.68601583113457
E00073786,459,122,69,53,337,18,319,26.57952069716776,15.032679738562091,11.546840958605664,73.42047930283225,3.9215686274509802,69.49891067538127
E00073787,382,57,28,29,325,20,305,14.921465968586386,7.329842931937172,7.591623036649215,85.07853403141361,5.2356020942408374,79.84293193717278
E00073788,337,63,31,32,274,26,248,18.694362017804153,9.198813056379821,9.495548961424333,81.30563798219585,7.71513353115727,73.59050445103857
E00073789,331,56,23,33,275,24,251,16.91842900302115,6.948640483383686,9.969788519637463,83.08157099697885,7.250755287009064,75.83081570996978
E00073790,434,70,26,44,364,32,332,16.129032258064516,5.990783410138248,10.138248847926267,83.87096774193549,7.373271889400922,76.49769585253456
E00073791,250,77,37,40,173,17,156,30.8,14.799999999999999,16,69.19999999999999,6.800000000000001,62.4
E00073792,420,82,42,40,338,14,324,19.523809523809526,10,9.523809523809524,80.47619047619048,3.3333333333333335,77.14285714285715
E00073793,358,58,25,33,300,36,264,16.201117318435752,6.983240223463687,9.217877094972067,83.79888268156425,10.05586592178771,73.74301675977654
E00073794,342,42,14,28,300,20,280,12.280701754385964,4.093567251461988,8.187134502923977,87.71929824561403,5.847953216374268,81.87134502923976
E00073795,352,56,21,35,296,23,273,15.909090909090908,5.965909090909091,9.943181818181818,84.0909090909091,6.534090909090909,77.55681818181817
E00073796,270,113,64,49,157,5,152,41.85185185185185,23.703703703703706,18.14814814814815,58.14814814814815,1.8518518518518516,56.2962962962963
E00073797,274,46,20,26,228,15,213,16.78832116788321,7.2992700729927,9.48905109489051,83.21167883211679,5.474452554744526,77.73722627737226
E00073798,328,57,23,34,271,27,244,17.378048780487802,7.01219512195122,10.365853658536585,82.6219512195122,8.231707317073171,74.39024390243902
E00073799,380,79,39,40,301,25,276,20.789473684210527,10.263157894736842,10.526315789473683,79.21052631578948,6.578947368421052,72.63157894736842
E00073800,255,91,51,40,164,17,147,35.68627450980392,20,15.686274509803921,64.31372549019608,6.666666666666667,57.647058823529406
E00073801,286,47,22,25,239,24,215,16.433566433566433,7.6923076923076925,8.741258741258742,83.56643356643356,8.391608391608392,75.17482517482517
E00073802,320,70,28,42,250,21,229,21.875,8.75,13.125,78.125,6.5625,71.5625
E00073803,336,56,30,26,280,32,248,16.666666666666664,8.928571428571429,7.738095238095238,83.33333333333334,9.523809523809524,73.80952380952381
E00073804,250,47,28,19,203,22,181,18.8,11.200000000000001,7.6,81.2,8.799999999999999,72.39999999999999
E00073805,309,51,28,23,258,18,240,16.50485436893204,9.06148867313916,7.443365695792881,83.49514563106796,5.825242718446602,77.66990291262135
E00073806,261,38,16,22,223,24,199,14.559386973180077,6.130268199233716,8.42911877394636,85.44061302681992,9.195402298850574,76.24521072796935
E00073807,308,65,30,35,243,15,228,21.1038961038961,9.740259740259742,11.363636363636363,78.8961038961039,4.870129870129871,74.02597402597402
E00073808,265,65,29,36,200,16,184,24.528301886792452,10.943396226415095,13.584905660377359,75.47169811320755,6.037735849056604,69.43396226415094
E00073809,312,44,24,20,268,20,248,14.102564102564102,7.6923076923076925,6.41025641025641,85.8974358974359,6.41025641025641,79.48717948717949
E00073810,291,48,17,31,243,32,211,16.49484536082474,5.841924398625429,10.652920962199312,83.50515463917526,10.996563573883162,72.5085910652921
E00073811,342,51,21,30,291,25,266,14.912280701754385,6.140350877192982,8.771929824561402,85.08771929824562,7.309941520467836,77.77777777777779
E00073812,298,69,36,33,229,27,202,23.154362416107382,12.080536912751679,11.073825503355705,76.84563758389261,9.060402684563758,67.78523489932886
E00073813,306,53,19,34,253,31,222,17.320261437908496,6.209150326797386,11.11111111111111,82.6797385620915,10.130718954248366,72.54901960784314
E00073814,369,57,24,33,312,26,286,15.447154471544716,6.504065040650407,8.94308943089431,84.5528455284553,7.046070460704606,77.50677506775068
E00073815,423,70,21,49,353,31,322,16.548463356973993,4.964539007092199,11.583924349881796,83.451536643026,7.328605200945626,76.12293144208037
E00073816,277,73,41,32,204,20,184,26.353790613718413,14.801444043321299,11.552346570397113,73.6462093862816,7.2202166064981945,66.4259927797834
E00073817,382,98,55,43,284,17,267,25.654450261780106,14.397905759162304,11.2565445026178,74.3455497382199,4.450261780104712,69.89528795811518
E00073818,343,37,13,24,306,32,274,10.787172011661808,3.7900874635568513,6.997084548104956,89.21282798833819,9.329446064139942,79.88338192419825
E00073819,282,54,25,29,228,17,211,19.148936170212767,8.865248226950355,10.28368794326241,80.85106382978722,6.028368794326241,74.822695035461
E00073820,273,53,26,27,220,16,204,19.413919413919416,9.523809523809524,9.89010989010989,80.58608058608058,5.86080586080586,74.72527472527473
E00073821,236,64,39,25,172,24,148,27.11864406779661,16.52542372881356,10.59322033898305,72.88135593220339,10.16949152542373,62.71186440677966
E00073822,436,44,13,31,392,44,348,10.091743119266056,2.981651376146789,7.110091743119266,89.90825688073394,10.091743119266056,79.81651376146789
E00073823,251,56,24,32,195,14,181,22.31075697211155,9.56175298804781,12.749003984063744,77.68924302788844,5.577689243027888,72.11155378486056
E00073824,326,34,7,27,292,26,266,10.429447852760736,2.147239263803681,8.282208588957054,89.57055214723927,7.975460122699387,81.59509202453987
E00073825,365,17,0,17,348,30,318,4.657534246575342,0,4.657534246575342,95.34246575342465,8.21917808219178,87.12328767123287
E00073826,333,49,16,33,284,32,252,14.714714714714713,4.804804804804805,9.90990990990991,85.28528528528528,9.60960960960961,75.67567567567568
E00073827,390,30,10,20,360,28,332,7.6923076923076925,2.564102564102564,5.128205128205128,92.3076923076923,7.179487179487179,85.12820512820512
E00073828,272,41,7,34,231,29,202,15.073529411764705,2.5735294117647056,12.5,84.92647058823529,10.661764705882353,74.26470588235294
E00073829,258,26,4,22,232,26,206,10.077519379844961,1.550387596899225,8.527131782945736,89.92248062015504,10.077519379844961,79.84496124031007
E00073830,350,39,5,34,311,25,286,11.142857142857142,1.4285714285714286,9.714285714285714,88.85714285714286,7.142857142857142,81.71428571428572
E00073831,306,38,15,23,268,28,240,12.418300653594772,4.901960784313726,7.516339869281046,87.58169934640523,9.15032679738562,78.43137254901961
E00073832,276,32,11,21,244,27,217,11.594202898550725,3.985507246376811,7.608695652173914,88.40579710144928,9.782608695652174,78.62318840579711
E00073833,352,58,15,43,294,38,256,16.477272727272727,4.261363636363636,12.215909090909092,83.52272727272727,10.795454545454545,72.72727272727273
E00073834,284,49,18,31,235,21,214,17.253521126760564,6.338028169014084,10.915492957746478,82.74647887323944,7.394366197183098,75.35211267605634
E00073835,325,41,17,24,284,27,257,12.615384615384615,5.230769230769231,7.384615384615385,87.38461538461539,8.307692307692308,79.07692307692308
E00073836,201,48,17,31,153,13,140,23.88059701492537,8.45771144278607,15.422885572139302,76.11940298507463,6.467661691542288,69.65174129353234
E00073837,307,64,27,37,243,20,223,20.846905537459286,8.794788273615636,12.052117263843648,79.15309446254072,6.514657980456026,72.63843648208469
E00073838,341,40,13,27,301,44,257,11.730205278592376,3.812316715542522,7.9178885630498534,88.26979472140762,12.903225806451612,75.366568914956
E00073839,343,38,13,25,305,23,282,11.078717201166182,3.7900874635568513,7.288629737609329,88.92128279883383,6.705539358600583,82.21574344023324
E00073840,349,36,17,19,313,36,277,10.315186246418339,4.871060171919771,5.444126074498568,89.68481375358166,10.315186246418339,79.36962750716332
E00073841,323,32,11,21,291,40,251,9.907120743034056,3.4055727554179565,6.5015479876160995,90.09287925696594,12.38390092879257,77.70897832817337
E00073842,351,40,4,36,311,35,276,11.396011396011396,1.1396011396011396,10.256410256410255,88.6039886039886,9.971509971509972,78.63247863247864
E00073843,355,57,21,36,298,39,259,16.056338028169016,5.915492957746479,10.140845070422536,83.94366197183099,10.985915492957748,72.95774647887325
E00073844,350,63,20,43,287,35,252,18,5.714285714285714,12.285714285714286,82,10,72
E00073845,338,48,14,34,290,32,258,14.201183431952662,4.142011834319527,10.059171597633137,85.79881656804734,9.467455621301776,76.33136094674556
E00073846,285,48,16,32,237,36,201,16.842105263157894,5.614035087719298,11.228070175438596,83.15789473684211,12.631578947368421,70.52631578947368
E00073847,317,59,24,35,258,24,234,18.61198738170347,7.570977917981073,11.041009463722396,81.38801261829653,7.570977917981073,73.81703470031546
E00073848,336,32,10,22,304,31,273,9.523809523809524,2.976190476190476,6.547619047619048,90.47619047619048,9.226190476190476,81.25
E00073849,377,39,12,27,338,43,295,10.344827586206897,3.183023872679045,7.161803713527852,89.65517241379311,11.405835543766578,78.24933687002653
E00073850,311,40,12,28,271,32,239,12.861736334405144,3.858520900321544,9.003215434083602,87.13826366559485,10.289389067524116,76.84887459807074
E00073851,271,38,12,26,233,21,212,14.022140221402212,4.428044280442804,9.59409594095941,85.97785977859779,7.7490774907749085,78.22878228782287
E00073852,322,62,24,38,260,16,244,19.25465838509317,7.453416149068323,11.801242236024844,80.74534161490683,4.968944099378882,75.77639751552795
E00073853,335,50,23,27,285,21,264,14.925373134328357,6.865671641791045,8.059701492537313,85.07462686567165,6.26865671641791,78.80597014925374
E00073854,314,45,17,28,269,41,228,14.331210191082802,5.414012738853503,8.9171974522293,85.6687898089172,13.05732484076433,72.61146496815286
E00073855,247,51,24,27,196,14,182,20.647773279352226,9.7165991902834,10.931174089068826,79.35222672064778,5.668016194331984,73.68421052631578
E00073856,331,50,24,26,281,23,258,15.105740181268882,7.250755287009064,7.854984894259818,84.89425981873111,6.948640483383686,77.94561933534743
E00073857,404,65,26,39,339,23,316,16.08910891089109,6.435643564356436,9.653465346534654,83.9108910891089,5.693069306930694,78.21782178217822
E00073858,314,65,40,25,249,25,224,20.70063694267516,12.738853503184714,7.961783439490445,79.29936305732484,7.961783439490445,71.3375796178344
E00073859,582,64,24,40,518,34,484,10.996563573883162,4.123711340206185,6.872852233676976,89.00343642611683,5.841924398625429,83.16151202749141
E00073860,178,71,38,33,107,8,99,39.8876404494382,21.34831460674157,18.53932584269663,60.1123595505618,4.49438202247191,55.61797752808989
E00073861,379,70,23,47,309,29,280,18.46965699208443,6.068601583113456,12.401055408970976,81.53034300791556,7.651715039577836,73.87862796833772
E00073862,548,80,24,56,468,28,440,14.5985401459854,4.37956204379562,10.218978102189782,85.40145985401459,5.109489051094891,80.2919708029197
E00073864,526,86,29,57,440,48,392,16.34980988593156,5.513307984790875,10.836501901140684,83.65019011406845,9.125475285171103,74.52471482889734
E00073865,340,50,14,36,290,27,263,14.705882352941178,4.117647058823529,10.588235294117647,85.29411764705883,7.941176470588235,77.3529411764706
E00073866,337,56,18,38,281,27,254,16.61721068249258,5.341246290801187,11.275964391691394,83.38278931750742,8.011869436201781,75.37091988130564
E00073867,310,47,23,24,263,32,231,15.161290322580644,7.419354838709677,7.741935483870968,84.83870967741936,10.32258064516129,74.51612903225806
E00073868,296,53,18,35,243,27,216,17.905405405405407,6.081081081081082,11.824324324324325,82.0945945945946,9.121621621621621,72.97297297297297
E00073869,327,52,22,30,275,17,258,15.902140672782874,6.727828746177369,9.174311926605505,84.09785932721712,5.198776758409786,78.89908256880734
E00073870,377,61,31,30,316,23,293,16.180371352785148,8.222811671087534,7.957559681697612,83.81962864721486,6.10079575596817,77.71883289124668
E00073871,319,68,35,33,251,8,243,21.316614420062695,10.9717868338558,10.344827586206897,78.68338557993731,2.507836990595611,76.17554858934169
E00073872,379,68,21,47,311,40,271,17.941952506596305,5.540897097625329,12.401055408970976,82.05804749340369,10.554089709762533,71.50395778364116
E00073873,391,85,45,40,306,18,288,21.73913043478261,11.508951406649617,10.230179028132993,78.26086956521739,4.603580562659847,73.65728900255755
E00073874,401,79,39,40,322,22,300,19.70074812967581,9.72568578553616,9.975062344139651,80.29925187032418,5.486284289276807,74.81296758104739
E00073875,400,56,23,33,344,20,324,14.000000000000002,5.75,8.25,86,5,81
E00073876,374,88,43,45,286,21,265,23.52941176470588,11.497326203208557,12.032085561497325,76.47058823529412,5.614973262032086,70.85561497326202
E00073877,375,54,30,24,321,20,301,14.399999999999999,8,6.4,85.6,5.333333333333334,80.26666666666667
E00073878,297,88,39,49,209,13,196,29.629629629629626,13.131313131313133,16.4983164983165,70.37037037037037,4.377104377104377,65.993265993266
E00073879,414,94,43,51,320,26,294,22.705314009661837,10.38647342995169,12.318840579710146,77.29468599033817,6.280193236714976,71.01449275362319
E00073880,389,72,39,33,317,12,305,18.50899742930591,10.025706940874036,8.483290488431876,81.49100257069408,3.0848329048843186,78.40616966580977
E00073881,408,72,20,52,336,18,318,17.647058823529413,4.901960784313726,12.745098039215685,82.35294117647058,4.411764705882353,77.94117647058823
E00073882,340,53,22,31,287,23,264,15.588235294117647,6.470588235294119,9.117647058823529,84.41176470588235,6.764705882352941,77.64705882352942
E00073883,383,72,37,35,311,19,292,18.79895561357702,9.660574412532636,9.138381201044385,81.20104438642298,4.960835509138381,76.2402088772846
E00073884,295,45,17,28,250,26,224,15.254237288135593,5.762711864406779,9.491525423728813,84.7457627118644,8.813559322033898,75.9322033898305
E00073885,326,64,22,42,262,16,246,19.631901840490798,6.748466257668712,12.883435582822086,80.3680981595092,4.9079754601226995,75.4601226993865
E00073886,344,52,21,31,292,22,270,15.11627906976744,6.104651162790697,9.011627906976743,84.88372093023256,6.395348837209303,78.48837209302324
E00073887,435,48,17,31,387,24,363,11.03448275862069,3.9080459770114944,7.126436781609195,88.96551724137932,5.517241379310345,83.44827586206897
E00073888,386,64,32,32,322,22,300,16.580310880829018,8.290155440414509,8.290155440414509,83.41968911917098,5.699481865284974,77.720207253886
E00073889,312,52,18,34,260,17,243,16.666666666666664,5.769230769230769,10.897435897435898,83.33333333333334,5.448717948717949,77.88461538461539
E00073890,347,72,40,32,275,17,258,20.7492795389049,11.527377521613833,9.221902017291066,79.2507204610951,4.899135446685879,74.35158501440922
E00073891,384,60,29,31,324,23,301,15.625,7.552083333333333,8.072916666666668,84.375,5.989583333333334,78.38541666666666
E00073892,317,44,15,29,273,26,247,13.880126182965299,4.73186119873817,9.14826498422713,86.1198738170347,8.201892744479496,77.91798107255521
E00073893,385,41,5,36,344,37,307,10.649350649350648,1.2987012987012987,9.35064935064935,89.35064935064935,9.61038961038961,79.74025974025975
E00073894,392,55,12,43,337,44,293,14.030612244897958,3.061224489795918,10.96938775510204,85.96938775510205,11.224489795918368,74.74489795918367
E00073895,297,46,15,31,251,26,225,15.488215488215488,5.05050505050505,10.437710437710438,84.51178451178451,8.754208754208754,75.75757575757575
E00073896,351,86,32,54,265,19,246,24.501424501424502,9.116809116809117,15.384615384615385,75.49857549857549,5.413105413105413,70.08547008547008
E00073897,332,41,11,30,291,23,268,12.349397590361445,3.313253012048193,9.036144578313253,87.65060240963855,6.927710843373494,80.72289156626506
E00073898,393,56,20,36,337,24,313,14.249363867684478,5.089058524173027,9.16030534351145,85.75063613231552,6.106870229007633,79.64376590330788
E00073899,378,66,27,39,312,23,289,17.46031746031746,7.142857142857142,10.317460317460316,82.53968253968253,6.084656084656085,76.45502645502646
E00073900,363,52,11,41,311,29,282,14.325068870523417,3.0303030303030303,11.294765840220386,85.67493112947659,7.988980716253444,77.68595041322314
E00073901,404,49,10,39,355,46,309,12.128712871287128,2.4752475247524752,9.653465346534654,87.87128712871286,11.386138613861387,76.48514851485149
E00073902,318,40,19,21,278,26,252,12.578616352201259,5.9748427672955975,6.60377358490566,87.42138364779875,8.176100628930817,79.24528301886792
E00073904,418,47,11,36,371,51,320,11.24401913875598,2.631578947368421,8.61244019138756,88.75598086124403,12.200956937799043,76.55502392344498
E00073905,584,79,26,53,505,59,446,13.527397260273974,4.4520547945205475,9.075342465753424,86.47260273972603,10.102739726027398,76.36986301369863
E00073906,340,57,18,39,283,32,251,16.76470588235294,5.294117647058823,11.470588235294118,83.23529411764706,9.411764705882353,73.82352941176471
E00073907,361,47,14,33,314,30,284,13.019390581717452,3.8781163434903045,9.141274238227147,86.98060941828255,8.310249307479225,78.67036011080333
E00073908,314,68,31,37,246,19,227,21.656050955414013,9.872611464968154,11.78343949044586,78.343949044586,6.050955414012739,72.29299363057325
E00073909,293,82,48,34,211,12,199,27.986348122866893,16.38225255972696,11.604095563139932,72.01365187713311,4.09556313993174,67.91808873720136
E00073910,271,62,34,28,209,19,190,22.878228782287824,12.546125461254611,10.33210332103321,77.12177121771218,7.011070110701106,70.11070110701108
E00073911,312,40,9,31,272,24,248,12.82051282051282,2.8846153846153846,9.935897435897436,87.17948717948718,7.6923076923076925,79.48717948717949
E00073912,407,68,28,40,339,30,309,16.707616707616708,6.87960687960688,9.828009828009828,83.29238329238329,7.371007371007371,75.92137592137593
E00073913,355,55,22,33,300,33,267,15.492957746478872,6.197183098591549,9.295774647887324,84.50704225352112,9.295774647887324,75.21126760563381
E00073914,370,48,14,34,322,22,300,12.972972972972974,3.783783783783784,9.18918918918919,87.02702702702703,5.9459459459459465,81.08108108108108
E00073915,507,77,26,51,430,35,395,15.187376725838265,5.128205128205128,10.059171597633137,84.81262327416174,6.903353057199212,77.90927021696253
E00073916,335,43,14,29,292,32,260,12.835820895522387,4.179104477611941,8.656716417910449,87.16417910447761,9.55223880597015,77.61194029850746
E00073917,364,95,29,66,269,33,236,26.098901098901102,7.967032967032966,18.13186813186813,73.9010989010989,9.065934065934066,64.83516483516483
E00073918,337,72,33,39,265,23,242,21.364985163204746,9.792284866468842,11.572700296735905,78.63501483679525,6.824925816023739,71.81008902077151
E00073919,406,86,41,45,320,12,308,21.182266009852217,10.098522167487685,11.083743842364532,78.81773399014779,2.955665024630542,75.86206896551724
E00073921,256,77,49,28,179,18,161,30.078125,19.140625,10.9375,69.921875,7.03125,62.890625
E00073922,336,56,23,33,280,18,262,16.666666666666664,6.845238095238096,9.821428571428571,83.33333333333334,5.357142857142857,77.97619047619048
E00073923,359,87,42,45,272,26,246,24.233983286908078,11.699164345403899,12.534818941504177,75.76601671309191,7.242339832869081,68.52367688022284
E00073925,391,50,21,29,341,32,309,12.787723785166241,5.3708439897698215,7.41687979539642,87.21227621483376,8.184143222506394,79.02813299232737
E00073926,414,60,20,40,354,35,319,14.492753623188406,4.830917874396135,9.66183574879227,85.5072463768116,8.454106280193237,77.05314009661835
E00073927,351,46,18,28,305,36,269,13.105413105413104,5.128205128205128,7.977207977207977,86.8945868945869,10.256410256410255,76.63817663817663
E00073928,377,61,18,43,316,32,284,16.180371352785148,4.774535809018567,11.405835543766578,83.81962864721486,8.488063660477453,75.3315649867374
E00073929,288,52,18,34,236,19,217,18.055555555555554,6.25,11.805555555555555,81.94444444444444,6.597222222222222,75.34722222222221
E00073930,303,56,29,27,247,16,231,18.48184818481848,9.570957095709572,8.91089108910891,81.51815181518151,5.2805280528052805,76.23762376237624
E00073931,290,62,26,36,228,16,212,21.379310344827587,8.96551724137931,12.413793103448276,78.62068965517241,5.517241379310345,73.10344827586206
E00073932,321,72,38,34,249,30,219,22.429906542056074,11.838006230529595,10.59190031152648,77.57009345794393,9.345794392523365,68.22429906542055
E00073933,245,66,34,32,179,21,158,26.93877551020408,13.877551020408163,13.061224489795919,73.06122448979592,8.571428571428571,64.48979591836735
E00073934,271,61,21,40,210,17,193,22.509225092250922,7.7490774907749085,14.760147601476014,77.49077490774908,6.273062730627306,71.21771217712177
E00073935,337,72,33,39,265,23,242,21.364985163204746,9.792284866468842,11.572700296735905,78.63501483679525,6.824925816023739,71.81008902077151
E00073936,276,81,40,41,195,13,182,29.347826086956523,14.492753623188406,14.855072463768115,70.65217391304348,4.710144927536232,65.94202898550725
E00073937,354,71,45,26,283,14,269,20.056497175141246,12.711864406779661,7.344632768361582,79.94350282485875,3.954802259887006,75.98870056497175
E00073938,281,80,42,38,201,13,188,28.46975088967972,14.94661921708185,13.523131672597867,71.53024911032028,4.6263345195729535,66.90391459074732
E00073939,383,80,35,45,303,17,286,20.887728459530024,9.138381201044385,11.74934725848564,79.11227154046998,4.43864229765013,74.67362924281984
E00073940,233,55,30,25,178,12,166,23.605150214592275,12.875536480686694,10.72961373390558,76.39484978540773,5.150214592274678,71.24463519313305
E00073941,361,59,24,35,302,24,278,16.343490304709142,6.64819944598338,9.695290858725762,83.65650969529086,6.64819944598338,77.00831024930747
E00073942,342,69,24,45,273,12,261,20.175438596491226,7.017543859649122,13.157894736842104,79.82456140350878,3.508771929824561,76.31578947368422
E00073943,363,62,33,29,301,18,283,17.079889807162534,9.090909090909092,7.988980716253444,82.92011019283747,4.958677685950414,77.96143250688705
E00073944,292,52,21,31,240,12,228,17.80821917808219,7.191780821917808,10.616438356164384,82.1917808219178,4.10958904109589,78.08219178082192
E00073945,342,66,22,44,276,24,252,19.298245614035086,6.432748538011696,12.865497076023392,80.7017543859649,7.017543859649122,73.68421052631578
E00073946,375,80,35,45,295,15,280,21.333333333333336,9.333333333333334,12,78.66666666666666,4,74.66666666666667
E00073947,306,62,34,28,244,22,222,20.26143790849673,11.11111111111111,9.15032679738562,79.73856209150327,7.18954248366013,72.54901960784314
E00073948,293,66,30,36,227,14,213,22.525597269624573,10.238907849829351,12.286689419795222,77.47440273037543,4.778156996587031,72.6962457337884
E00073949,244,86,46,40,158,11,147,35.24590163934426,18.852459016393443,16.39344262295082,64.75409836065575,4.508196721311475,60.245901639344254
E00073950,344,111,63,48,233,16,217,32.26744186046512,18.313953488372093,13.953488372093023,67.73255813953489,4.651162790697675,63.08139534883721
E00073951,278,74,41,33,204,12,192,26.618705035971225,14.748201438848922,11.870503597122301,73.38129496402878,4.316546762589928,69.06474820143885
E00073952,244,67,32,35,177,26,151,27.459016393442624,13.114754098360656,14.344262295081966,72.54098360655738,10.655737704918032,61.885245901639344
E00073953,259,37,18,19,222,15,207,14.285714285714285,6.94980694980695,7.335907335907336,85.71428571428571,5.7915057915057915,79.92277992277992
E00073954,277,82,32,50,195,9,186,29.602888086642597,11.552346570397113,18.050541516245488,70.3971119133574,3.2490974729241873,67.14801444043322
E00073955,361,52,9,43,309,37,272,14.40443213296399,2.4930747922437675,11.911357340720222,85.59556786703601,10.249307479224377,75.34626038781164
E00073956,314,51,28,23,263,20,243,16.24203821656051,8.9171974522293,7.32484076433121,83.7579617834395,6.369426751592357,77.38853503184714
E00073957,291,63,27,36,228,19,209,21.649484536082475,9.278350515463918,12.371134020618557,78.35051546391753,6.529209621993128,71.8213058419244
E00073958,320,55,29,26,265,14,251,17.1875,9.0625,8.125,82.8125,4.375,78.4375
E00073959,374,42,11,31,332,20,312,11.229946524064172,2.941176470588235,8.288770053475936,88.77005347593582,5.347593582887701,83.42245989304813
E00073960,298,43,13,30,255,23,232,14.429530201342283,4.3624161073825505,10.06711409395973,85.57046979865773,7.718120805369128,77.85234899328859
E00073961,350,63,34,29,287,29,258,18,9.714285714285714,8.285714285714285,82,8.285714285714285,73.71428571428571
E00073962,312,37,16,21,275,25,250,11.858974358974358,5.128205128205128,6.730769230769231,88.14102564102564,8.012820512820513,80.12820512820514
E00073963,381,63,25,38,318,33,285,16.535433070866144,6.561679790026247,9.973753280839896,83.46456692913385,8.661417322834646,74.80314960629921
E00073964,390,86,39,47,304,24,280,22.05128205128205,10,12.051282051282051,77.94871794871796,6.153846153846154,71.7948717948718
E00073965,332,56,25,31,276,26,250,16.867469879518072,7.530120481927711,9.33734939759036,83.13253012048193,7.83132530120482,75.30120481927712
E00073966,300,73,36,37,227,10,217,24.333333333333336,12,12.333333333333334,75.66666666666667,3.3333333333333335,72.33333333333334
E00073967,323,39,8,31,284,40,244,12.074303405572756,2.476780185758514,9.597523219814242,87.92569659442725,12.38390092879257,75.54179566563467
E00073968,339,53,18,35,286,38,248,15.634218289085547,5.3097345132743365,10.32448377581121,84.36578171091446,11.209439528023598,73.15634218289085
E00073969,313,44,15,29,269,26,243,14.057507987220447,4.792332268370607,9.26517571884984,85.94249201277955,8.30670926517572,77.63578274760383
E00073970,340,58,15,43,282,24,258,17.058823529411764,4.411764705882353,12.647058823529411,82.94117647058825,7.0588235294117645,75.88235294117646
E00073971,355,58,11,47,297,32,265,16.338028169014084,3.0985915492957745,13.239436619718308,83.66197183098592,9.014084507042254,74.64788732394366
E00073972,351,49,13,36,302,25,277,13.96011396011396,3.7037037037037033,10.256410256410255,86.03988603988604,7.122507122507122,78.91737891737893
E00073973,392,87,39,48,305,21,284,22.193877551020407,9.948979591836734,12.244897959183673,77.8061224489796,5.357142857142857,72.44897959183673
E00073974,450,79,27,52,371,16,355,17.555555555555554,6,11.555555555555555,82.44444444444444,3.5555555555555554,78.88888888888889
E00073975,311,45,14,31,266,28,238,14.469453376205788,4.501607717041801,9.967845659163988,85.53054662379421,9.003215434083602,76.52733118971061
E00073976,304,55,18,37,249,27,222,18.092105263157894,5.921052631578947,12.171052631578947,81.9078947368421,8.881578947368421,73.02631578947368
E00073977,407,62,19,43,345,32,313,15.233415233415235,4.668304668304668,10.565110565110565,84.76658476658476,7.862407862407863,76.90417690417691
E00073978,333,43,13,30,290,41,249,12.912912912912914,3.903903903903904,9.00900900900901,87.08708708708708,12.312312312312311,74.77477477477478
E00073979,303,48,16,32,255,22,233,15.841584158415841,5.2805280528052805,10.561056105610561,84.15841584158416,7.2607260726072615,76.89768976897689
E00073980,330,68,24,44,262,29,233,20.606060606060606,7.2727272727272725,13.333333333333334,79.39393939393939,8.787878787878787,70.60606060606061
E00073981,316,58,31,27,258,16,242,18.354430379746837,9.81012658227848,8.544303797468354,81.64556962025317,5.063291139240507,76.58227848101265
E00073982,291,77,38,39,214,19,195,26.46048109965636,13.058419243986256,13.402061855670103,73.53951890034365,6.529209621993128,67.0103092783505
E00073983,369,61,31,30,308,29,279,16.53116531165312,8.401084010840108,8.130081300813007,83.46883468834689,7.8590785907859075,75.60975609756098
E00073984,397,63,14,49,334,27,307,15.869017632241814,3.5264483627204033,12.34256926952141,84.1309823677582,6.801007556675064,77.32997481108312
E00073985,321,66,32,34,255,26,229,20.5607476635514,9.968847352024921,10.59190031152648,79.43925233644859,8.09968847352025,71.33956386292834
E00073986,317,39,9,30,278,41,237,12.302839116719243,2.8391167192429023,9.46372239747634,87.69716088328076,12.933753943217665,74.76340694006309
E00073987,355,69,30,39,286,14,272,19.43661971830986,8.450704225352112,10.985915492957748,80.56338028169014,3.943661971830986,76.61971830985915
E00073988,327,64,27,37,263,23,240,19.571865443425075,8.256880733944955,11.314984709480122,80.42813455657493,7.033639143730887,73.39449541284404
E00073989,400,88,45,43,312,27,285,22,11.25,10.75,78,6.75,71.25
E00073990,368,68,32,36,300,22,278,18.478260869565215,8.695652173913043,9.782608695652174,81.52173913043478,5.978260869565218,75.54347826086956
E00073991,416,60,25,35,356,31,325,14.423076923076922,6.009615384615385,8.413461538461538,85.57692307692307,7.451923076923077,78.125
E00073992,341,55,26,29,286,25,261,16.129032258064516,7.624633431085044,8.504398826979472,83.87096774193549,7.331378299120235,76.53958944281524
E00073993,366,67,28,39,299,22,277,18.30601092896175,7.650273224043716,10.655737704918032,81.69398907103826,6.0109289617486334,75.68306010928961
E00073994,351,75,37,38,276,20,256,21.367521367521366,10.541310541310542,10.826210826210826,78.63247863247864,5.698005698005698,72.93447293447294
E00073995,338,70,33,37,268,16,252,20.710059171597635,9.763313609467456,10.946745562130179,79.28994082840237,4.733727810650888,74.55621301775149
E00073996,338,60,26,34,278,21,257,17.75147928994083,7.6923076923076925,10.059171597633137,82.24852071005917,6.21301775147929,76.03550295857988
E00073997,226,68,42,26,158,19,139,30.08849557522124,18.58407079646018,11.504424778761061,69.91150442477876,8.4070796460177,61.504424778761056
E00073998,414,89,48,41,325,23,302,21.497584541062803,11.594202898550725,9.903381642512077,78.50241545893721,5.555555555555555,72.94685990338165
E00073999,393,88,38,50,305,21,284,22.391857506361323,9.669211195928753,12.72264631043257,77.60814249363868,5.343511450381679,72.264631043257
E00074000,344,57,21,36,287,19,268,16.569767441860463,6.104651162790697,10.465116279069768,83.43023255813954,5.523255813953488,77.90697674418605
E00074001,340,57,18,39,283,25,258,16.76470588235294,5.294117647058823,11.470588235294118,83.23529411764706,7.352941176470589,75.88235294117646
E00074002,300,84,45,39,216,12,204,28.000000000000004,15,13,72,4,68
E00074003,513,87,40,47,426,12,414,16.95906432748538,7.797270955165692,9.161793372319687,83.04093567251462,2.3391812865497075,80.7017543859649
E00074006,435,68,36,32,367,21,346,15.632183908045977,8.275862068965518,7.35632183908046,84.36781609195401,4.827586206896552,79.54022988505747
E00074007,236,25,4,21,211,14,197,10.59322033898305,1.694915254237288,8.898305084745763,89.40677966101694,5.932203389830509,83.47457627118644
E00074008,208,57,31,26,151,13,138,27.403846153846157,14.903846153846153,12.5,72.59615384615384,6.25,66.34615384615384
E00074009,407,60,26,34,347,25,322,14.742014742014742,6.388206388206388,8.353808353808354,85.25798525798525,6.142506142506143,79.11547911547912
E00074010,505,97,40,57,408,18,390,19.207920792079207,7.920792079207921,11.287128712871288,80.79207920792079,3.564356435643564,77.22772277227723
E00074011,294,48,22,26,246,9,237,16.3265306122449,7.482993197278912,8.843537414965986,83.6734693877551,3.061224489795918,80.61224489795919
E00074012,258,63,40,23,195,10,185,24.418604651162788,15.503875968992247,8.914728682170542,75.5813953488372,3.875968992248062,71.70542635658916
E00074013,373,70,26,44,303,23,280,18.766756032171582,6.970509383378016,11.796246648793565,81.23324396782841,6.166219839142091,75.06702412868633
E00074014,389,67,29,38,322,15,307,17.223650385604113,7.455012853470437,9.768637532133676,82.77634961439588,3.8560411311053984,78.9203084832905
E00074016,434,74,41,33,360,10,350,17.050691244239633,9.44700460829493,7.603686635944701,82.94930875576037,2.3041474654377883,80.64516129032258
E00074018,532,94,38,56,438,29,409,17.669172932330827,7.142857142857142,10.526315789473683,82.33082706766918,5.451127819548872,76.8796992481203
E00074019,416,59,29,30,357,11,346,14.182692307692307,6.971153846153847,7.211538461538461,85.8173076923077,2.644230769230769,83.17307692307693
E00074020,459,82,19,63,377,29,348,17.86492374727669,4.139433551198257,13.725490196078432,82.13507625272331,6.318082788671024,75.81699346405229
E00074021,399,53,30,23,346,17,329,13.283208020050125,7.518796992481203,5.764411027568922,86.71679197994987,4.260651629072681,82.45614035087719
E00074022,477,112,50,62,365,24,341,23.48008385744235,10.482180293501047,12.997903563941298,76.51991614255765,5.031446540880504,71.48846960167715
E00074023,580,99,48,51,481,23,458,17.06896551724138,8.275862068965518,8.793103448275861,82.93103448275862,3.9655172413793105,78.96551724137932
E00074024,431,54,22,32,377,19,358,12.529002320185615,5.104408352668213,7.424593967517401,87.47099767981439,4.408352668213457,83.06264501160094
E00074025,472,89,53,36,383,16,367,18.85593220338983,11.228813559322035,7.627118644067797,81.14406779661016,3.389830508474576,77.7542372881356
E00074026,507,98,40,58,409,40,369,19.32938856015779,7.889546351084813,11.439842209072978,80.6706114398422,7.889546351084813,72.7810650887574
E00074027,346,68,35,33,278,6,272,19.653179190751445,10.115606936416185,9.53757225433526,80.34682080924856,1.7341040462427744,78.61271676300578
E00074028,575,65,38,27,510,27,483,11.304347826086957,6.608695652173912,4.695652173913043,88.69565217391305,4.695652173913043,84
E00074029,579,79,34,45,500,13,487,13.644214162348877,5.872193436960276,7.772020725388601,86.35578583765113,2.2452504317789295,84.11053540587218
E00074030,208,56,34,22,152,10,142,26.923076923076923,16.346153846153847,10.576923076923077,73.07692307692307,4.807692307692308,68.26923076923077
E00074032,401,60,33,27,341,5,336,14.962593516209477,8.229426433915211,6.733167082294264,85.03740648379052,1.2468827930174564,83.79052369077307
E00074033,466,60,26,34,406,20,386,12.875536480686694,5.579399141630901,7.296137339055794,87.1244635193133,4.291845493562231,82.83261802575107
E00074034,336,46,21,25,290,14,276,13.690476190476192,6.25,7.440476190476191,86.30952380952381,4.166666666666666,82.14285714285714
E00074037,323,48,26,22,275,8,267,14.860681114551083,8.04953560371517,6.811145510835913,85.13931888544892,2.476780185758514,82.6625386996904
E00074038,375,54,31,23,321,13,308,14.399999999999999,8.266666666666666,6.133333333333333,85.6,3.4666666666666663,82.13333333333334
E00074041,344,62,26,36,282,16,266,18.023255813953487,7.55813953488372,10.465116279069768,81.97674418604652,4.651162790697675,77.32558139534885
E00074042,309,41,18,23,268,15,253,13.268608414239482,5.825242718446602,7.443365695792881,86.73139158576052,4.854368932038835,81.87702265372168
E00074045,333,78,36,42,255,9,246,23.423423423423422,10.81081081081081,12.612612612612612,76.57657657657657,2.7027027027027026,73.87387387387388
E00074046,492,129,71,58,363,25,338,26.21951219512195,14.43089430894309,11.788617886178862,73.78048780487805,5.08130081300813,68.69918699186992
E00074047,337,85,38,47,252,16,236,25.222551928783382,11.275964391691394,13.94658753709199,74.77744807121661,4.747774480712167,70.02967359050444
E00074048,330,55,15,40,275,20,255,16.666666666666664,4.545454545454546,12.121212121212121,83.33333333333334,6.0606060606060606,77.27272727272727
E00074049,360,87,43,44,273,24,249,24.166666666666668,11.944444444444445,12.222222222222221,75.83333333333333,6.666666666666667,69.16666666666667
E00074050,215,47,18,29,168,15,153,21.86046511627907,8.372093023255815,13.488372093023257,78.13953488372093,6.976744186046512,71.16279069767441
E00074051,393,53,20,33,340,31,309,13.486005089058525,5.089058524173027,8.396946564885496,86.51399491094148,7.888040712468193,78.62595419847328
E00074052,326,65,29,36,261,27,234,19.938650306748464,8.895705521472392,11.042944785276074,80.06134969325154,8.282208588957054,71.77914110429448
E00074053,400,51,16,35,349,33,316,12.75,4,8.75,87.25,8.25,79
E00074054,426,80,38,42,346,16,330,18.779342723004692,8.92018779342723,9.859154929577464,81.2206572769953,3.755868544600939,77.46478873239437
E00074055,533,63,22,41,470,38,432,11.819887429643527,4.127579737335835,7.6923076923076925,88.18011257035647,7.129455909943714,81.05065666041276
E00074056,371,56,22,34,315,22,293,15.09433962264151,5.929919137466308,9.164420485175203,84.90566037735849,5.929919137466308,78.97574123989219
E00074057,436,79,29,50,357,17,340,18.11926605504587,6.651376146788992,11.46788990825688,81.88073394495413,3.89908256880734,77.98165137614679
E00074058,462,67,13,54,395,28,367,14.502164502164502,2.813852813852814,11.688311688311687,85.4978354978355,6.0606060606060606,79.43722943722943
E00074060,432,110,59,51,322,16,306,25.462962962962965,13.657407407407407,11.805555555555555,74.53703703703704,3.7037037037037033,70.83333333333334
E00074061,408,89,47,42,319,15,304,21.813725490196077,11.519607843137255,10.294117647058822,78.18627450980392,3.6764705882352944,74.50980392156863
E00074062,351,77,33,44,274,30,244,21.937321937321936,9.401709401709402,12.535612535612536,78.06267806267806,8.547008547008547,69.51566951566952
E00074063,337,45,19,26,292,16,276,13.353115727002967,5.637982195845697,7.71513353115727,86.64688427299704,4.747774480712167,81.89910979228486
E00074064,309,67,36,31,242,20,222,21.68284789644013,11.650485436893204,10.032362459546926,78.31715210355988,6.472491909385113,71.84466019417476
E00074065,297,76,33,43,221,27,194,25.589225589225588,11.11111111111111,14.47811447811448,74.41077441077442,9.090909090909092,65.31986531986533
E00074066,323,67,39,28,256,17,239,20.743034055727556,12.074303405572756,8.6687306501548,79.25696594427245,5.263157894736842,73.9938080495356
E00074067,289,52,20,32,237,22,215,17.99307958477509,6.920415224913495,11.072664359861593,82.00692041522491,7.612456747404845,74.39446366782006
E00074068,232,43,25,18,189,16,173,18.53448275862069,10.775862068965516,7.758620689655173,81.46551724137932,6.896551724137931,74.56896551724138
E00074069,320,70,26,44,250,25,225,21.875,8.125,13.750000000000002,78.125,7.8125,70.3125
E00074070,324,104,57,47,220,13,207,32.098765432098766,17.59259259259259,14.506172839506174,67.90123456790124,4.012345679012346,63.888888888888886
E00074071,180,64,42,22,116,10,106,35.55555555555556,23.333333333333332,12.222222222222221,64.44444444444444,5.555555555555555,58.88888888888889
E00074072,394,63,22,41,331,21,310,15.989847715736042,5.583756345177665,10.406091370558377,84.01015228426397,5.32994923857868,78.68020304568529
E00074073,344,60,29,31,284,24,260,17.441860465116278,8.430232558139535,9.011627906976743,82.55813953488372,6.976744186046512,75.5813953488372
E00074074,343,89,40,49,254,20,234,25.94752186588921,11.661807580174926,14.285714285714285,74.05247813411079,5.830903790087463,68.22157434402332
E00074075,319,41,13,28,278,21,257,12.852664576802509,4.075235109717868,8.77742946708464,87.14733542319749,6.583072100313479,80.56426332288402
E00074076,324,67,31,36,257,21,236,20.679012345679013,9.5679012345679,11.11111111111111,79.32098765432099,6.481481481481481,72.8395061728395
E00074077,394,74,39,35,320,23,297,18.781725888324875,9.898477157360407,8.883248730964468,81.21827411167513,5.83756345177665,75.38071065989847
E00074078,333,44,12,32,289,26,263,13.213213213213212,3.6036036036036037,9.60960960960961,86.78678678678679,7.807807807807808,78.97897897897897
E00074079,331,30,6,24,301,29,272,9.06344410876133,1.812688821752266,7.250755287009064,90.93655589123867,8.761329305135952,82.17522658610272
E00074080,296,42,12,30,254,29,225,14.18918918918919,4.054054054054054,10.135135135135135,85.8108108108108,9.797297297297296,76.01351351351352
E00074081,496,76,21,55,420,54,366,15.32258064516129,4.233870967741935,11.088709677419354,84.67741935483872,10.887096774193548,73.79032258064517
E00074082,288,36,5,31,252,29,223,12.5,1.7361111111111112,10.76388888888889,87.5,10.069444444444445,77.43055555555556
E00074083,330,50,14,36,280,22,258,15.151515151515152,4.242424242424243,10.909090909090908,84.84848484848484,6.666666666666667,78.18181818181819
E00074084,269,28,4,24,241,25,216,10.408921933085502,1.486988847583643,8.921933085501859,89.59107806691449,9.293680297397769,80.29739776951673
E00074085,256,46,19,27,210,17,193,17.96875,7.421875,10.546875,82.03125,6.640625,75.390625
E00074086,280,36,10,26,244,27,217,12.857142857142856,3.571428571428571,9.285714285714286,87.14285714285714,9.642857142857144,77.5
E00074087,372,46,13,33,326,35,291,12.365591397849462,3.494623655913978,8.870967741935484,87.63440860215054,9.408602150537634,78.2258064516129
E00074088,554,76,16,60,478,46,432,13.718411552346572,2.888086642599278,10.830324909747292,86.28158844765343,8.303249097472925,77.9783393501805
E00074089,343,49,9,40,294,26,268,14.285714285714285,2.623906705539359,11.661807580174926,85.71428571428571,7.580174927113703,78.134110787172
E00074090,318,43,15,28,275,33,242,13.522012578616351,4.716981132075472,8.80503144654088,86.47798742138365,10.377358490566039,76.10062893081762
E00074091,281,35,10,25,246,24,222,12.455516014234876,3.558718861209965,8.896797153024911,87.54448398576513,8.540925266903916,79.00355871886121
E00074092,249,31,11,20,218,16,202,12.449799196787147,4.417670682730924,8.032128514056225,87.55020080321285,6.425702811244979,81.12449799196787
E00074093,424,52,24,28,372,31,341,12.264150943396226,5.660377358490567,6.60377358490566,87.73584905660378,7.311320754716981,80.4245283018868
E00074094,358,40,10,30,318,36,282,11.1731843575419,2.793296089385475,8.379888268156424,88.8268156424581,10.05586592178771,78.77094972067039
E00074095,379,27,5,22,352,30,322,7.12401055408971,1.3192612137203166,5.804749340369393,92.87598944591029,7.9155672823219,84.96042216358839
E00074096,348,44,12,32,304,30,274,12.643678160919542,3.4482758620689653,9.195402298850574,87.356321839080465,8.620689655172415,78.73563218390804
E00074097,373,36,4,32,337,31,306,9.651474530831099,1.0723860589812333,8.579088471849866,90.3485254691689,8.310991957104557,82.03753351206434
E00074098,321,35,9,26,286,25,261,10.903426791277258,2.803738317757009,8.09968847352025,89.09657320872275,7.78816199376947,81.30841121495327
E00074099,288,24,11,13,264,26,238,8.333333333333332,3.8194444444444446,4.513888888888888,91.66666666666666,9.027777777777777,82.63888888888889
E00074100,351,31,5,26,320,36,284,8.831908831908832,1.4245014245014245,7.4074074074074066,91.16809116809117,10.256410256410255,80.91168091168092
E00074101,325,112,67,45,213,29,184,34.46153846153846,20.615384615384617,13.846153846153847,65.53846153846153,8.923076923076923,56.61538461538461
E00074102,292,34,13,21,258,30,228,11.643835616438356,4.4520547945205475,7.191780821917808,88.35616438356165,10.273972602739725,78.08219178082192
E00074103,345,38,12,26,307,28,279,11.014492753623188,3.4782608695652173,7.536231884057972,88.98550724637681,8.115942028985506,80.8695652173913
E00074104,331,42,10,32,289,26,263,12.688821752265861,3.0211480362537766,9.667673716012084,87.31117824773413,7.854984894259818,79.45619335347432
E00074105,394,52,24,28,342,32,310,13.19796954314721,6.091370558375635,7.1065989847715745,86.80203045685279,8.121827411167512,78.68020304568529
E00074106,329,25,5,20,304,18,286,7.598784194528875,1.5197568389057752,6.079027355623101,92.401215805471125,5.47112462006079,86.93009118541033
E00074107,239,54,19,35,185,23,162,22.594142259414227,7.949790794979079,14.644351464435147,77.40585774058577,9.623430962343097,67.78242677824268
E00074108,368,44,10,34,324,28,296,11.956521739130435,2.717391304347826,9.239130434782608,88.04347826086956,7.608695652173914,80.43478260869566
E00074109,451,40,8,32,411,46,365,8.869179600886918,1.7738359201773837,7.095343680709535,91.13082039911308,10.199556541019955,80.93126385809313
E00074110,309,59,17,42,250,24,226,19.093851132686083,5.501618122977346,13.592233009708737,80.90614886731392,7.766990291262135,73.13915857605178
E00074111,285,39,12,27,246,30,216,13.684210526315791,4.2105263157894735,9.473684210526317,86.31578947368422,10.526315789473683,75.78947368421053
E00074112,351,42,10,32,309,29,280,11.965811965811966,2.849002849002849,9.116809116809117,88.03418803418803,8.262108262108262,79.77207977207978
E00074113,305,38,4,34,267,29,238,12.459016393442624,1.3114754098360655,11.147540983606557,87.54098360655738,9.508196721311474,78.0327868852459
E00074114,346,37,7,30,309,34,275,10.69364161849711,2.023121387283237,8.670520231213873,89.30635838150289,9.826589595375722,79.47976878612717
E00074115,387,69,37,32,318,19,299,17.829457364341085,9.560723514211885,8.2687338501292,82.17054263565892,4.909560723514212,77.2609819121447
E00074116,454,86,40,46,368,39,329,18.94273127753304,8.81057268722467,10.13215859030837,81.05726872246696,8.590308370044053,72.4669603524229
E00074117,302,35,11,24,267,23,244,11.589403973509933,3.642384105960265,7.9470198675496695,88.41059602649007,7.6158940397351,80.79470198675497
E00074118,308,54,25,29,254,36,218,17.532467532467532,8.116883116883116,9.415584415584416,82.46753246753246,11.688311688311687,70.77922077922078
E00074119,398,44,15,29,354,37,317,11.055276381909549,3.7688442211055273,7.2864321608040195,88.94472361809045,9.296482412060302,79.64824120603015
E00074120,389,46,18,28,343,28,315,11.825192802056556,4.627249357326478,7.197943444730077,88.17480719794345,7.197943444730077,80.97686375321337
E00074121,361,53,18,35,308,21,287,14.681440443213297,4.986149584487535,9.695290858725762,85.3185595567867,5.8171745152354575,79.50138504155125
E00074122,220,59,26,33,161,16,145,26.81818181818182,11.818181818181818,15,73.18181818181819,7.2727272727272725,65.9090909090909
E00074123,373,106,65,41,267,18,249,28.418230563002684,17.426273458445042,10.991957104557642,71.58176943699732,4.825737265415549,66.75603217158177
E00074124,327,59,14,45,268,25,243,18.04281345565749,4.281345565749235,13.761467889908257,81.9571865443425,7.64525993883792,74.31192660550458
E00074125,334,47,21,26,287,24,263,14.071856287425149,6.287425149700598,7.784431137724551,85.92814371257485,7.18562874251497,78.74251497005989
E00074126,373,47,17,30,326,24,302,12.600536193029491,4.557640750670242,8.04289544235925,87.39946380697052,6.434316353887399,80.9651474530831
E00074127,289,43,14,29,246,18,228,14.878892733564014,4.844290657439446,10.034602076124568,85.12110726643598,6.228373702422145,78.89273356401384
E00074128,322,63,30,33,259,14,245,19.565217391304348,9.316770186335404,10.248447204968944,80.43478260869566,4.3478260869565215,76.08695652173914
E00074129,323,52,25,27,271,18,253,16.09907120743034,7.739938080495357,8.359133126934983,83.90092879256966,5.572755417956656,78.328173374613
E00074130,355,48,20,28,307,23,284,13.521126760563378,5.633802816901409,7.887323943661972,86.47887323943661,6.478873239436619,80
E00074131,363,33,10,23,330,48,282,9.090909090909092,2.7548209366391188,6.336088154269973,90.9090909090909,13.223140495867769,77.68595041322314
E00074132,320,47,18,29,273,12,261,14.6875,5.625,9.0625,85.3125,3.75,81.5625
E00074133,280,51,19,32,229,21,208,18.21428571428571,6.785714285714286,11.428571428571429,81.78571428571428,7.5,74.28571428571429
E00074134,305,69,26,43,236,13,223,22.62295081967213,8.524590163934425,14.098360655737704,77.37704918032787,4.2622950819672125,73.11475409836066
E00074135,375,57,23,34,318,24,294,15.2,6.133333333333333,9.066666666666666,84.8,6.4,78.4
E00074136,317,69,25,44,248,22,226,21.766561514195583,7.886435331230284,13.880126182965299,78.23343848580441,6.940063091482649,71.29337539432177
E00074137,272,39,6,33,233,16,217,14.338235294117647,2.2058823529411766,12.132352941176471,85.66176470588235,5.88235294117647,79.77941176470588
E00074138,293,43,12,31,250,24,226,14.675767918088736,4.09556313993174,10.580204778156997,85.32423208191126,8.19112627986348,77.13310580204778
E00074139,331,40,10,30,291,22,269,12.084592145015106,3.0211480362537766,9.06344410876133,87.91540785498489,6.646525679758309,81.2688821752266
E00074140,254,46,14,32,208,23,185,18.11023622047244,5.511811023622047,12.598425196850393,81.88976377952756,9.05511811023622,72.83464566929135
E00074141,339,53,19,34,286,37,249,15.634218289085547,5.604719764011799,10.029498525073747,84.36578171091446,10.914454277286136,73.45132743362832
E00074142,333,47,14,33,286,26,260,14.114114114114114,4.2042042042042045,9.90990990990991,85.88588588588588,7.807807807807808,78.07807807807808
E00074143,389,57,29,28,332,17,315,14.652956298200515,7.455012853470437,7.197943444730077,85.34704370179949,4.370179948586118,80.97686375321337
E00074144,318,44,17,27,274,19,255,13.836477987421384,5.345911949685535,8.49056603773585,86.16352201257862,5.9748427672955975,80.18867924528303
E00074145,309,46,17,29,263,24,239,14.886731391585762,5.501618122977346,9.385113268608414,85.11326860841424,7.766990291262135,77.34627831715211
E00074146,385,40,13,27,345,31,314,10.38961038961039,3.3766233766233764,7.012987012987012,89.6103896103896,8.051948051948052,81.55844155844156
E00074147,400,55,14,41,345,27,318,13.750000000000002,3.5000000000000004,10.25,86.25,6.75,79.5
E00074148,311,46,15,31,265,25,240,14.790996784565916,4.823151125401929,9.967845659163988,85.20900321543408,8.038585209003216,77.17041800643086
E00074149,470,90,42,48,380,26,354,19.148936170212767,8.936170212765958,10.212765957446807,80.85106382978722,5.531914893617021,75.31914893617021
E00074150,267,52,19,33,215,15,200,19.475655430711612,7.116104868913857,12.359550561797752,80.52434456928839,5.617977528089887,74.90636704119851
E00074151,360,71,30,41,289,19,270,19.72222222222222,8.333333333333332,11.38888888888889,80.27777777777779,5.277777777777778,75
E00074152,284,53,23,30,231,14,217,18.661971830985916,8.098591549295776,10.56338028169014,81.33802816901408,4.929577464788732,76.40845070422534
E00074153,288,60,25,35,228,34,194,20.833333333333336,8.680555555555555,12.152777777777777,79.16666666666666,11.805555555555555,67.36111111111111
E00074154,372,70,38,32,302,23,279,18.817204301075268,10.21505376344086,8.60215053763441,81.18279569892472,6.182795698924731,75
E00074155,355,73,30,43,282,18,264,20.56338028169014,8.450704225352112,12.112676056338028,79.43661971830987,5.070422535211268,74.36619718309859
E00074156,339,104,50,54,235,21,214,30.678466076696164,14.749262536873156,15.929203539823009,69.32153392330383,6.1946902654867255,63.12684365781711
E00074157,305,56,17,39,249,24,225,18.360655737704917,5.573770491803279,12.786885245901638,81.63934426229508,7.868852459016394,73.77049180327869
E00074158,325,58,25,33,267,30,237,17.846153846153847,7.6923076923076925,10.153846153846153,82.15384615384616,9.230769230769232,72.92307692307692
E00074159,393,79,46,33,314,21,293,20.10178117048346,11.704834605597965,8.396946564885496,79.89821882951654,5.343511450381679,74.55470737913485
E00074160,340,46,23,23,294,24,270,13.529411764705882,6.764705882352941,6.764705882352941,86.47058823529412,7.0588235294117645,79.41176470588235
E00074161,479,88,46,42,391,30,361,18.37160751565762,9.603340292275574,8.768267223382047,81.62839248434238,6.263048016701461,75.36534446764091
E00074162,314,66,36,30,248,18,230,21.019108280254777,11.464968152866243,9.554140127388536,78.98089171974523,5.7324840764331215,73.24840764331209
E00074163,313,46,20,26,267,21,246,14.696485623003195,6.3897763578274756,8.30670926517572,85.3035143769968,6.7092651757188495,78.59424920127796
E00074164,308,62,24,38,246,24,222,20.12987012987013,7.792207792207792,12.337662337662337,79.87012987012987,7.792207792207792,72.07792207792207
E00074165,392,51,21,30,341,14,327,13.010204081632654,5.357142857142857,7.653061224489796,86.98979591836735,3.571428571428571,83.41836734693877
E00074166,395,55,17,38,340,36,304,13.924050632911392,4.30379746835443,9.620253164556962,86.07594936708861,9.113924050632912,76.9620253164557
E00074167,290,60,35,25,230,12,218,20.689655172413794,12.068965517241379,8.620689655172415,79.3103448275862,4.137931034482759,75.17241379310344
E00074168,281,57,21,36,224,24,200,20.284697508896798,7.473309608540925,12.811387900355871,79.7153024911032,8.540925266903916,71.17437722419929
E00074169,322,48,9,39,274,31,243,14.906832298136646,2.7950310559006213,12.111801242236025,85.09316770186336,9.627329192546584,75.46583850931677
E00074170,391,53,22,31,338,18,320,13.554987212276215,5.626598465473146,7.928388746803069,86.44501278772378,4.603580562659847,81.84143222506394
E00074171,299,79,30,49,220,21,199,26.421404682274247,10.033444816053512,16.387959866220736,73.57859531772574,7.023411371237458,66.5551839464883
E00074172,337,45,18,27,292,38,254,13.353115727002967,5.341246290801187,8.011869436201781,86.64688427299704,11.275964391691394,75.37091988130564
E00074173,324,51,14,37,273,20,253,15.74074074074074,4.320987654320987,11.419753086419753,84.25925925925925,6.172839506172839,78.08641975308642
E00074174,416,73,22,51,343,28,315,17.548076923076923,5.288461538461538,12.259615384615383,82.45192307692307,6.730769230769231,75.72115384615384
E00074175,422,81,31,50,341,28,313,19.194312796208532,7.345971563981042,11.848341232227488,80.80568720379146,6.6350710900473935,74.17061611374407
E00074176,310,43,16,27,267,17,250,13.870967741935484,5.161290322580645,8.709677419354838,86.12903225806451,5.483870967741936,80.64516129032258
E00074177,258,47,10,37,211,30,181,18.217054263565892,3.875968992248062,14.34108527131783,81.78294573643412,11.627906976744185,70.15503875968993
E00074178,327,59,26,33,268,21,247,18.04281345565749,7.951070336391437,10.091743119266056,81.9571865443425,6.422018348623854,75.53516819571865
E00074179,366,88,40,48,278,28,250,24.043715846994534,10.92896174863388,13.114754098360656,75.95628415300546,7.650273224043716,68.30601092896174
E00074180,400,70,33,37,330,27,303,17.5,8.25,9.25,82.5,6.75,75.75
E00074181,380,93,53,40,287,37,250,24.47368421052632,13.94736842105263,10.526315789473683,75.52631578947368,9.736842105263158,65.78947368421053
E00074182,250,104,54,50,146,17,129,41.6,21.6,20,58.4,6.800000000000001,51.6
E00074183,283,50,24,26,233,19,214,17.6678445229682,8.480565371024735,9.187279151943462,82.3321554770318,6.713780918727916,75.61837455830388
E00074184,308,57,19,38,251,37,214,18.506493506493506,6.1688311688311686,12.337662337662337,81.4935064935065,12.012987012987013,69.48051948051948
E00074185,274,46,12,34,228,30,198,16.78832116788321,4.37956204379562,12.408759124087592,83.21167883211679,10.948905109489052,72.26277372262774
E00074186,348,35,13,22,313,29,284,10.057471264367816,3.7356321839080464,6.321839080459771,89.9425287356322,8.333333333333332,81.60919540229885
E00074187,290,49,16,33,241,19,222,16.896551724137932,5.517241379310345,11.379310344827587,83.10344827586206,6.551724137931035,76.55172413793103
E00074188,231,38,5,33,193,20,173,16.450216450216452,2.1645021645021645,14.285714285714285,83.54978354978356,8.658008658008658,74.89177489177489
E00074189,273,41,8,33,232,27,205,15.018315018315018,2.93040293040293,12.087912087912088,84.98168498168498,9.89010989010989,75.0915750915751
E00074190,345,48,12,36,297,35,262,13.91304347826087,3.4782608695652173,10.434782608695652,86.08695652173914,10.144927536231885,75.94202898550725
E00074191,396,118,70,48,278,33,245,29.797979797979796,17.67676767676768,12.121212121212121,70.2020202020202,8.333333333333332,61.86868686868687
E00074193,382,93,45,48,289,10,279,24.345549738219894,11.780104712041885,12.56544502617801,75.6544502617801,2.6178010471204187,73.03664921465969
E00074194,215,60,27,33,155,14,141,27.906976744186046,12.558139534883722,15.348837209302326,72.09302325581395,6.511627906976744,65.58139534883722
E00074195,287,52,14,38,235,11,224,18.118466898954704,4.878048780487805,13.240418118466899,81.8815331010453,3.8327526132404177,78.04878048780488
E00074197,273,75,38,37,198,18,180,27.472527472527474,13.91941391941392,13.553113553113553,72.52747252747253,6.593406593406594,65.93406593406593
E00074198,347,66,30,36,281,26,255,19.020172910662826,8.645533141210375,10.37463976945245,80.97982708933718,7.492795389048991,73.48703170028818
E00074199,392,82,49,33,310,26,284,20.918367346938776,12.5,8.418367346938775,79.08163265306123,6.63265306122449,72.44897959183673
E00074200,358,68,32,36,290,21,269,18.994413407821227,8.938547486033519,10.05586592178771,81.00558659217877,5.865921787709497,75.13966480446928
E00074201,504,83,36,47,421,19,402,16.46825396825397,7.142857142857142,9.325396825396826,83.53174603174604,3.7698412698412698,79.76190476190477
E00074202,434,108,53,55,326,17,309,24.88479262672811,12.211981566820276,12.672811059907835,75.11520737327189,3.9170506912442393,71.19815668202764
E00074203,204,58,33,25,146,15,131,28.431372549019606,16.176470588235293,12.254901960784313,71.56862745098039,7.352941176470589,64.2156862745098
E00074204,492,104,54,50,388,29,359,21.138211382113823,10.975609756097562,10.16260162601626,78.86178861788618,5.894308943089431,72.96747967479675
E00074205,334,82,38,44,252,23,229,24.550898203592812,11.377245508982035,13.17365269461078,75.44910179640718,6.88622754491018,68.562874251497007
E00074206,351,66,34,32,285,17,268,18.803418803418804,9.686609686609685,9.116809116809117,81.19658119658119,4.843304843304843,76.35327635327636
E00074207,385,74,35,39,311,24,287,19.22077922077922,9.090909090909092,10.129870129870131,80.77922077922078,6.233766233766234,74.54545454545455
E00074208,357,79,38,41,278,12,266,22.128851540616246,10.644257703081232,11.484593837535014,77.87114845938376,3.361344537815126,74.50980392156863
E00074209,453,85,37,48,368,21,347,18.76379690949227,8.167770419426049,10.596026490066226,81.23620309050773,4.635761589403973,76.60044150110376
E00074210,412,79,31,48,333,17,316,19.174757281553397,7.524271844660194,11.650485436893204,80.8252427184466,4.12621359223301,76.69902912621359
E00074211,369,82,49,33,287,11,276,22.22222222222222,13.279132791327914,8.94308943089431,77.77777777777779,2.9810298102981028,74.79674796747967
E00074212,353,52,17,35,301,17,284,14.730878186968837,4.815864022662889,9.91501416430595,85.26912181303116,4.815864022662889,80.45325779036827
E00074213,434,195,125,70,239,24,215,44.93087557603687,28.80184331797235,16.129032258064516,55.06912442396313,5.529953917050691,49.53917050691244
E00074214,416,55,21,34,361,26,335,13.221153846153847,5.048076923076923,8.173076923076923,86.77884615384616,6.25,80.52884615384616
E00074215,431,82,41,41,349,10,339,19.02552204176334,9.51276102088167,9.51276102088167,80.97447795823666,2.320185614849188,78.65429234338747
E00074216,309,86,39,47,223,20,203,27.831715210355988,12.62135922330097,15.210355987055015,72.168284789644,6.472491909385113,65.69579288025889
E00074217,340,81,51,30,259,14,245,23.823529411764703,15,8.823529411764707,76.17647058823529,4.117647058823529,72.05882352941177
E00074218,281,70,33,37,211,15,196,24.91103202846975,11.743772241992882,13.167259786476867,75.08896797153025,5.338078291814947,69.7508896797153
E00074219,418,74,22,52,344,24,320,17.703349282296653,5.263157894736842,12.440191387559809,82.29665071770334,5.741626794258373,76.55502392344498
E00074220,444,76,26,50,368,30,338,17.117117117117118,5.8558558558558556,11.26126126126126,82.88288288288288,6.756756756756757,76.12612612612612
E00074221,348,70,35,35,278,21,257,20.114942528735632,10.057471264367816,10.057471264367816,79.88505747126436,6.0344827586206895,73.85057471264368
E00074222,251,62,26,36,189,18,171,24.701195219123505,10.358565737051793,14.342629482071715,75.2988047808765,7.171314741035857,68.12749003984064
E00074223,279,49,19,30,230,30,200,17.562724014336915,6.810035842293908,10.75268817204301,82.43727598566308,10.75268817204301,71.68458781362007
E00074224,238,53,19,34,185,25,160,22.268907563025213,7.9831932773109235,14.285714285714285,77.73109243697479,10.504201680672269,67.22689075630252
E00074225,308,49,21,28,259,19,240,15.909090909090908,6.8181818181818175,9.090909090909092,84.0909090909091,6.1688311688311686,77.92207792207793
E00074226,286,51,20,31,235,21,214,17.832167832167833,6.993006993006993,10.839160839160838,82.16783216783216,7.3426573426573425,74.82517482517483
E00074227,322,88,46,42,234,16,218,27.32919254658385,14.285714285714285,13.043478260869565,72.67080745341616,4.968944099378882,67.70186335403726
E00074228,293,32,6,26,261,20,241,10.921501706484642,2.04778156996587,8.873720136518772,89.07849829351537,6.825938566552901,82.25255972696246
E00074229,285,84,44,40,201,15,186,29.47368421052631,15.43859649122807,14.035087719298245,70.52631578947368,5.263157894736842,65.26315789473685
E00074230,430,36,10,26,394,26,368,8.372093023255815,2.3255813953488373,6.046511627906977,91.62790697674419,6.046511627906977,85.5813953488372
E00074231,308,43,12,31,265,26,239,13.96103896103896,3.896103896103896,10.064935064935066,86.03896103896103,8.441558441558442,77.59740259740259
E00074232,204,80,50,30,124,12,112,39.21568627450981,24.509803921568626,14.705882352941178,60.78431372549019,5.88235294117647,54.90196078431373
E00074233,259,76,35,41,183,14,169,29.343629343629345,13.513513513513514,15.83011583011583,70.65637065637065,5.405405405405405,65.25096525096525
E00074234,281,42,14,28,239,23,216,14.94661921708185,4.98220640569395,9.9644128113879,85.05338078291815,8.185053380782918,76.86832740213522
E00074235,269,91,46,45,178,18,160,33.82899628252788,17.100371747211895,16.728624535315987,66.17100371747212,6.691449814126393,59.479553903345725
E00074236,339,54,18,36,285,39,246,15.929203539823009,5.3097345132743365,10.619469026548673,84.070796460177,11.504424778761061,72.56637168141593
E00074237,426,52,21,31,374,42,332,12.206572769953052,4.929577464788732,7.276995305164319,87.79342723004694,9.859154929577464,77.93427230046949
E00074238,325,69,25,44,256,27,229,21.23076923076923,7.6923076923076925,13.538461538461538,78.76923076923077,8.307692307692308,70.46153846153847
E00074240,403,43,13,30,360,33,327,10.669975186104217,3.225806451612903,7.444168734491314,89.33002481389578,8.188585607940446,81.14143920595534
E00074241,403,48,14,34,355,30,325,11.910669975186105,3.4739454094292808,8.436724565756824,88.08933002481389,7.444168734491314,80.64516129032258
E00074243,340,48,12,36,292,32,260,14.117647058823529,3.5294117647058822,10.588235294117647,85.88235294117646,9.411764705882353,76.47058823529412
E00074244,373,38,12,26,335,36,299,10.187667560321715,3.2171581769436997,6.970509383378016,89.81233243967829,9.651474530831099,80.16085790884718
E00074245,312,33,8,25,279,20,259,10.576923076923077,2.564102564102564,8.012820512820513,89.42307692307693,6.41025641025641,83.01282051282051
E00074246,339,35,10,25,304,32,272,10.32448377581121,2.949852507374631,7.374631268436578,89.67551622418878,9.43952802359882,80.23598820058997
E00074247,402,46,14,32,356,32,324,11.442786069651742,3.482587064676617,7.960199004975125,88.55721393034825,7.960199004975125,80.59701492537313
E00074248,334,37,9,28,297,38,259,11.077844311377245,2.694610778443114,8.383233532934131,88.92215568862275,11.377245508982035,77.54491017964071
E00074250,331,32,6,26,299,30,269,9.667673716012084,1.812688821752266,7.854984894259818,90.33232628398792,9.06344410876133,81.2688821752266
E00074251,327,30,7,23,297,24,273,9.174311926605505,2.1406727828746175,7.033639143730887,90.82568807339449,7.339449541284404,83.4862385321101
E00074252,293,35,8,27,258,18,240,11.945392491467576,2.7303754266211606,9.215017064846416,88.05460750853243,6.143344709897611,81.91126279863481
E00074253,312,46,12,34,266,27,239,14.743589743589745,3.8461538461538463,10.897435897435898,85.25641025641025,8.653846153846153,76.6025641025641
E00074254,270,67,31,36,203,15,188,24.814814814814813,11.481481481481481,13.333333333333334,75.18518518518519,5.555555555555555,69.62962962962963
E00074255,173,83,50,33,90,13,77,47.97687861271676,28.901734104046245,19.07514450867052,52.02312138728323,7.514450867052023,44.50867052023121
E00074256,313,32,11,21,281,37,244,10.223642172523961,3.5143769968051117,6.7092651757188495,89.77635782747603,11.821086261980831,77.95527156549521
E00074257,345,45,18,27,300,28,272,13.043478260869565,5.217391304347826,7.82608695652174,86.95652173913044,8.115942028985506,78.84057971014494
E00074258,480,50,10,40,430,30,400,10.416666666666668,2.083333333333333,8.333333333333332,89.58333333333334,6.25,83.33333333333334
E00074259,232,87,40,47,145,16,129,37.5,17.24137931034483,20.25862068965517,62.5,6.896551724137931,55.603448275862064
E00074260,340,36,13,23,304,19,285,10.588235294117647,3.823529411764706,6.764705882352941,89.41176470588236,5.588235294117648,83.82352941176471
E00074261,360,37,13,24,323,37,286,10.277777777777777,3.6111111111111107,6.666666666666667,89.72222222222223,10.277777777777777,79.44444444444444
E00074262,354,62,23,39,292,19,273,17.51412429378531,6.497175141242938,11.016949152542372,82.485875706214685,5.367231638418079,77.11864406779661
E00074263,359,48,14,34,311,28,283,13.370473537604457,3.8997214484679668,9.47075208913649,86.62952646239555,7.7994428969359335,78.8300835654596
E00074264,441,109,48,61,332,34,298,24.71655328798186,10.884353741496598,13.83219954648526,75.28344671201815,7.709750566893423,67.57369614512471
E00074265,369,47,16,31,322,38,284,12.737127371273713,4.336043360433604,8.401084010840108,87.26287262872629,10.29810298102981,76.96476964769647
E00074266,282,55,25,30,227,19,208,19.50354609929078,8.865248226950355,10.638297872340425,80.49645390070921,6.73758865248227,73.75886524822694
E00074267,277,53,17,36,224,22,202,19.133574007220215,6.137184115523466,12.996389891696749,80.86642599277978,7.9422382671480145,72.92418772563177
E00074268,345,59,22,37,286,18,268,17.101449275362317,6.3768115942028984,10.72463768115942,82.89855072463767,5.217391304347826,77.68115942028986
E00074269,287,56,15,41,231,26,205,19.51219512195122,5.2264808362369335,14.285714285714285,80.48780487804879,9.059233449477352,71.42857142857143
E00074270,317,46,22,24,271,22,249,14.511041009463725,6.940063091482649,7.570977917981073,85.48895899053628,6.940063091482649,78.54889589905363
E00074271,287,114,77,37,173,13,160,39.721254355400696,26.82926829268293,12.89198606271777,60.278745644599304,4.529616724738676,55.749128919860624
E00074272,267,69,38,31,198,22,176,25.842696629213485,14.232209737827715,11.610486891385769,74.15730337078652,8.239700374531834,65.91760299625467
E00074273,332,68,32,36,264,21,243,20.481927710843372,9.63855421686747,10.843373493975903,79.51807228915662,6.325301204819277,73.19277108433735
E00074274,268,70,35,35,198,23,175,26.119402985074625,13.059701492537313,13.059701492537313,73.88059701492537,8.582089552238806,65.29850746268657
E00074275,430,70,30,40,360,35,325,16.27906976744186,6.976744186046512,9.30232558139535,83.72093023255815,8.13953488372093,75.5813953488372
E00074276,383,72,36,36,311,28,283,18.79895561357702,9.39947780678851,9.39947780678851,81.20104438642298,7.310704960835509,73.89033942558747
E00074277,335,38,10,28,297,35,262,11.343283582089553,2.9850746268656714,8.358208955223882,88.65671641791046,10.44776119402985,78.2089552238806
E00074278,296,47,13,34,249,22,227,15.878378378378377,4.391891891891892,11.486486486486488,84.12162162162163,7.4324324324324325,76.6891891891892
E00074279,476,87,38,49,389,30,359,18.277310924369747,7.9831932773109235,10.294117647058822,81.72268907563026,6.302521008403361,75.42016806722688
E00074280,268,51,13,38,217,22,195,19.029850746268657,4.850746268656716,14.17910447761194,80.97014925373134,8.208955223880597,72.76119402985076
E00074281,265,40,12,28,225,23,202,15.09433962264151,4.528301886792453,10.566037735849058,84.90566037735849,8.679245283018867,76.22641509433963
E00074282,336,36,11,25,300,28,272,10.714285714285714,3.273809523809524,7.440476190476191,89.28571428571429,8.333333333333332,80.95238095238095
E00074283,312,60,26,34,252,19,233,19.230769230769234,8.333333333333332,10.897435897435898,80.76923076923077,6.089743589743589,74.67948717948718
E00074284,201,59,29,30,142,13,129,29.35323383084577,14.427860696517413,14.925373134328357,70.64676616915423,6.467661691542288,64.17910447761194
E00074285,296,41,16,25,255,18,237,13.85135135135135,5.405405405405405,8.445945945945946,86.14864864864865,6.081081081081082,80.06756756756756
E00074286,247,57,26,31,190,13,177,23.076923076923077,10.526315789473683,12.550607287449392,76.92307692307693,5.263157894736842,71.65991902834008
E00074287,294,79,43,36,215,17,198,26.87074829931973,14.625850340136054,12.244897959183673,73.12925170068027,5.782312925170068,67.3469387755102
E00074288,432,107,72,35,325,29,296,24.76851851851852,16.666666666666664,8.101851851851851,75.23148148148148,6.712962962962964,68.51851851851852
E00074289,286,48,21,27,238,22,216,16.783216783216783,7.3426573426573425,9.44055944055944,83.21678321678321,7.6923076923076925,75.52447552447552
E00074290,294,68,24,44,226,15,211,23.12925170068027,8.16326530612245,14.965986394557824,76.87074829931973,5.1020408163265305,71.7687074829932
E00074291,244,50,24,26,194,11,183,20.491803278688526,9.836065573770492,10.655737704918032,79.50819672131148,4.508196721311475,75
E00074292,303,60,24,36,243,33,210,19.801980198019802,7.920792079207921,11.881188118811881,80.19801980198021,10.891089108910892,69.3069306930693
E00074293,360,70,33,37,290,35,255,19.444444444444446,9.166666666666666,10.277777777777777,80.55555555555556,9.722222222222223,70.83333333333334
E00074294,240,86,44,42,154,16,138,35.833333333333336,18.333333333333332,17.5,64.16666666666667,6.666666666666667,57.49999999999999
E00074295,384,98,48,50,286,25,261,25.520833333333332,12.5,13.020833333333334,74.47916666666666,6.510416666666667,67.96875
E00074296,339,54,25,29,285,26,259,15.929203539823009,7.374631268436578,8.55457227138643,84.070796460177,7.669616519174041,76.40117994100295
E00074297,445,91,44,47,354,39,315,20.44943820224719,9.887640449438202,10.561797752808989,79.5505617977528,8.764044943820224,70.78651685393258
E00074298,270,80,48,32,190,21,169,29.629629629629626,17.77777777777778,11.851851851851853,70.37037037037037,7.777777777777778,62.59259259259259
E00074299,296,59,30,29,237,13,224,19.93243243243243,10.135135135135135,9.797297297297296,80.06756756756756,4.391891891891892,75.67567567567568
E00074300,392,73,36,37,319,26,293,18.622448979591837,9.183673469387756,9.438775510204081,81.37755102040816,6.63265306122449,74.74489795918367
E00074301,337,55,23,32,282,24,258,16.320474777448073,6.824925816023739,9.495548961424333,83.67952522255193,7.121661721068249,76.55786350148368
E00074302,377,97,50,47,280,27,253,25.72944297082228,13.262599469496022,12.46684350132626,74.27055702917772,7.161803713527852,67.10875331564988
E00074303,224,34,8,26,190,31,159,15.178571428571427,3.571428571428571,11.607142857142858,84.82142857142857,13.839285714285715,70.98214285714286
E00074304,266,23,8,15,243,31,212,8.646616541353383,3.007518796992481,5.639097744360902,91.35338345864662,11.654135338345863,79.69924812030075
E00074306,266,34,15,19,232,27,205,12.781954887218044,5.639097744360902,7.142857142857142,87.21804511278195,10.150375939849624,77.06766917293233
E00074307,343,47,8,39,296,31,265,13.702623906705538,2.3323615160349855,11.370262390670554,86.29737609329446,9.037900874635568,77.25947521865889
E00074308,271,36,10,26,235,22,213,13.284132841328415,3.6900369003690034,9.59409594095941,86.71586715867159,8.118081180811808,78.59778597785979
E00074309,321,40,13,27,281,34,247,12.461059190031152,4.049844236760125,8.411214953271028,87.53894080996885,10.59190031152648,76.94704049844236
E00074310,270,58,29,29,212,27,185,21.48148148148148,10.74074074074074,10.74074074074074,78.51851851851852,10,68.51851851851852
E00074311,198,31,13,18,167,15,152,15.656565656565657,6.565656565656567,9.090909090909092,84.34343434343434,7.575757575757576,76.76767676767676
E00074312,220,28,4,24,192,22,170,12.727272727272727,1.8181818181818181,10.909090909090908,87.27272727272727,10,77.27272727272727
E00074314,274,37,9,28,237,28,209,13.503649635036496,3.2846715328467155,10.218978102189782,86.4963503649635,10.218978102189782,76.27737226277372
E00074315,278,35,15,20,243,27,216,12.589928057553957,5.39568345323741,7.1942446043165464,87.41007194244604,9.712230215827338,77.6978417266187
E00074316,304,42,18,24,262,22,240,13.815789473684212,5.921052631578947,7.894736842105263,86.18421052631578,7.236842105263158,78.94736842105263
E00074317,340,40,12,28,300,24,276,11.76470588235294,3.5294117647058822,8.235294117647058,88.23529411764706,7.0588235294117645,81.17647058823529
E00074318,289,57,27,30,232,30,202,19.72318339100346,9.342560553633218,10.380622837370241,80.27681660899654,10.380622837370241,69.8961937716263
E00074319,342,55,17,38,287,29,258,16.08187134502924,4.970760233918129,11.11111111111111,83.91812865497076,8.47953216374269,75.43859649122807
E00074320,354,44,17,27,310,22,288,12.429378531073446,4.80225988700565,7.627118644067797,87.57062146892656,6.214689265536723,81.35593220338984
E00074321,314,35,5,30,279,28,251,11.146496815286625,1.5923566878980893,9.554140127388536,88.85350318471338,8.9171974522293,79.93630573248409
E00074322,374,38,11,27,336,27,309,10.16042780748663,2.941176470588235,7.219251336898395,89.83957219251337,7.219251336898395,82.62032085561498
E00074323,320,47,14,33,273,27,246,14.6875,4.375,10.3125,85.3125,8.4375,76.875
E00074324,301,29,9,20,272,23,249,9.634551495016613,2.990033222591362,6.64451827242525,90.36544850498339,7.641196013289036,82.72425249169434
E00074325,242,42,15,27,200,18,182,17.355371900826448,6.198347107438017,11.15702479338843,82.64462809917356,7.43801652892562,75.20661157024794
E00074326,250,48,17,31,202,20,182,19.2,6.800000000000001,12.4,80.80000000000001,8,72.8
E00074327,177,85,45,40,92,15,77,48.0225988700565,25.423728813559322,22.598870056497177,51.9774011299435,8.47457627118644,43.50282485875706
E00074328,282,30,10,20,252,28,224,10.638297872340425,3.546099290780142,7.092198581560284,89.36170212765957,9.929078014184398,79.43262411347519
E00074329,340,32,11,21,308,23,285,9.411764705882353,3.2352941176470593,6.176470588235294,90.58823529411765,6.764705882352941,83.82352941176471
E00074330,367,141,99,42,226,22,204,38.41961852861036,26.975476839237057,11.444141689373296,61.58038147138964,5.994550408719346,55.5858310626703
E00074331,462,51,17,34,411,36,375,11.03896103896104,3.67965367965368,7.35930735930736,88.96103896103897,7.792207792207792,81.16883116883116
E00074332,345,43,9,34,302,20,282,12.46376811594203,2.608695652173913,9.855072463768117,87.53623188405797,5.797101449275362,81.73913043478261
E00074333,386,122,83,39,264,21,243,31.606217616580313,21.502590673575128,10.103626943005182,68.39378238341969,5.4404145077720205,62.95336787564767
E00074334,268,36,7,29,232,32,200,13.432835820895523,2.6119402985074625,10.820895522388058,86.56716417910447,11.940298507462686,74.6268656716418
E00074335,315,33,9,24,282,18,264,10.476190476190476,2.857142857142857,7.6190476190476195,89.52380952380953,5.714285714285714,83.80952380952381
E00074336,351,125,81,44,226,33,193,35.61253561253561,23.076923076923077,12.535612535612536,64.38746438746439,9.401709401709402,54.98575498575499
E00074337,271,48,19,29,223,24,199,17.712177121771216,7.011070110701106,10.70110701107011,82.28782287822878,8.856088560885608,73.43173431734317
E00074338,323,59,22,37,264,20,244,18.26625386996904,6.811145510835913,11.455108359133128,81.73374613003097,6.191950464396285,75.54179566563467
E00074339,316,58,31,27,258,28,230,18.354430379746837,9.81012658227848,8.544303797468354,81.64556962025317,8.860759493670885,72.78481012658227
E00074340,357,64,23,41,293,27,266,17.92717086834734,6.442577030812324,11.484593837535014,82.07282913165265,7.563025210084033,74.50980392156863
E00074341,335,26,9,17,309,26,283,7.761194029850746,2.6865671641791042,5.074626865671641,92.23880597014926,7.761194029850746,84.4776119402985
E00074342,378,81,41,40,297,34,263,21.428571428571427,10.846560846560847,10.582010582010582,78.57142857142857,8.994708994708994,69.57671957671958
E00074343,235,55,31,24,180,22,158,23.404255319148938,13.191489361702127,10.212765957446807,76.59574468085107,9.361702127659575,67.23404255319149
E00074344,228,42,21,21,186,20,166,18.421052631578945,9.210526315789473,9.210526315789473,81.57894736842105,8.771929824561402,72.80701754385966
E00074345,268,41,15,26,227,26,201,15.298507462686567,5.597014925373134,9.701492537313433,84.70149253731343,9.701492537313433,75
E00074346,242,40,14,26,202,25,177,16.528925619834713,5.785123966942149,10.743801652892563,83.47107438016529,10.330578512396695,73.14049586776859
E00074347,333,47,15,32,286,26,260,14.114114114114114,4.504504504504505,9.60960960960961,85.88588588588588,7.807807807807808,78.07807807807808
E00074348,205,74,40,34,131,9,122,36.09756097560975,19.51219512195122,16.585365853658537,63.90243902439025,4.390243902439024,59.512195121951216
E00074349,305,56,26,30,249,30,219,18.360655737704917,8.524590163934425,9.836065573770492,81.63934426229508,9.836065573770492,71.80327868852459
E00074350,308,55,26,29,253,22,231,17.857142857142858,8.441558441558442,9.415584415584416,82.14285714285714,7.142857142857142,75
E00074351,277,66,29,37,211,16,195,23.826714801444044,10.469314079422382,13.357400722021662,76.17328519855594,5.776173285198556,70.3971119133574
E00074352,323,22,11,11,301,32,269,6.811145510835913,3.4055727554179565,3.4055727554179565,93.18885448916409,9.907120743034056,83.28173374613003
E00074353,304,34,15,19,270,24,246,11.18421052631579,4.934210526315789,6.25,88.81578947368422,7.894736842105263,80.92105263157895
E00074354,298,26,8,18,272,31,241,8.724832214765101,2.684563758389262,6.0402684563758395,91.2751677852349,10.40268456375839,80.87248322147651
E00074355,296,33,5,28,263,20,243,11.14864864864865,1.6891891891891893,9.45945945945946,88.85135135135135,6.756756756756757,82.0945945945946
E00074356,321,49,17,32,272,28,244,15.264797507788161,5.29595015576324,9.968847352024921,84.73520249221184,8.722741433021806,76.01246105919003
E00074357,331,43,17,26,288,23,265,12.990936555891238,5.13595166163142,7.854984894259818,87.00906344410876,6.948640483383686,80.06042296072508
E00074358,347,37,12,25,310,34,276,10.662824207492795,3.45821325648415,7.204610951008646,89.33717579250721,9.798270893371757,79.53890489913545
E00074359,267,33,15,18,234,24,210,12.359550561797752,5.617977528089887,6.741573033707865,87.64044943820225,8.98876404494382,78.65168539325843
E00074360,344,31,7,24,313,34,279,9.011627906976743,2.0348837209302326,6.976744186046512,90.98837209302324,9.883720930232558,81.1046511627907
E00074361,373,36,11,25,337,31,306,9.651474530831099,2.949061662198391,6.702412868632708,90.3485254691689,8.310991957104557,82.03753351206434
E00074362,364,50,18,32,314,40,274,13.736263736263737,4.945054945054945,8.791208791208792,86.26373626373626,10.989010989010989,75.27472527472527
E00074363,330,37,15,22,293,25,268,11.212121212121213,4.545454545454546,6.666666666666667,88.7878787878788,7.575757575757576,81.21212121212122
E00074364,353,77,38,39,276,11,265,21.813031161473088,10.764872521246458,11.048158640226628,78.18696883852692,3.1161473087818696,75.07082152974505
E00074365,299,65,27,38,234,30,204,21.73913043478261,9.03010033444816,12.709030100334449,78.26086956521739,10.033444816053512,68.22742474916387
E00074366,362,60,34,26,302,20,282,16.574585635359114,9.392265193370166,7.18232044198895,83.42541436464089,5.524861878453039,77.90055248618785
E00074367,386,95,61,34,291,25,266,24.61139896373057,15.803108808290157,8.808290155440414,75.38860103626943,6.476683937823833,68.9119170984456
E00074368,344,51,24,27,293,20,273,14.825581395348838,6.976744186046512,7.848837209302325,85.17441860465115,5.813953488372093,79.36046511627907
E00074369,277,53,27,26,224,12,212,19.133574007220215,9.747292418772563,9.386281588447654,80.86642599277978,4.332129963898916,76.53429602888086
E00074371,258,57,29,28,201,13,188,22.093023255813954,11.24031007751938,10.852713178294573,77.90697674418605,5.038759689922481,72.86821705426357
E00074372,328,72,36,36,256,13,243,21.951219512195124,10.975609756097562,10.975609756097562,78.04878048780488,3.9634146341463414,74.08536585365853
E00074373,383,64,30,34,319,30,289,16.710182767624023,7.83289817232376,8.87728459530026,83.28981723237598,7.83289817232376,75.45691906005221
E00074374,299,60,26,34,239,24,215,20.066889632107024,8.695652173913043,11.37123745819398,79.93311036789298,8.02675585284281,71.90635451505017
E00074375,396,89,49,40,307,15,292,22.474747474747474,12.373737373737374,10.1010101010101,77.52525252525253,3.787878787878788,73.73737373737373
E00074376,329,76,29,47,253,14,239,23.10030395136778,8.814589665653495,14.285714285714285,76.89969604863222,4.25531914893617,72.64437689969606
E00074377,412,96,47,49,316,20,296,23.300970873786408,11.407766990291263,11.893203883495145,76.69902912621359,4.854368932038835,71.84466019417476
E00074378,310,43,18,25,267,15,252,13.870967741935484,5.806451612903226,8.064516129032258,86.12903225806451,4.838709677419355,81.29032258064515
E00074379,295,57,27,30,238,20,218,19.322033898305087,9.152542372881356,10.16949152542373,80.67796610169492,6.779661016949152,73.89830508474576
E00074380,286,41,16,25,245,12,233,14.335664335664337,5.594405594405594,8.741258741258742,85.66433566433567,4.195804195804196,81.46853146853147
E00074381,278,38,15,23,240,18,222,13.66906474820144,5.39568345323741,8.273381294964029,86.33093525179856,6.474820143884892,79.85611510791367
E00074382,298,46,17,29,252,15,237,15.436241610738255,5.704697986577181,9.731543624161073,84.56375838926175,5.033557046979865,79.53020134228188
E00074383,277,80,40,40,197,10,187,28.880866425992778,14.440433212996389,14.440433212996389,71.11913357400722,3.6101083032490973,67.50902527075813
E00074384,306,64,32,32,242,12,230,20.915032679738562,10.457516339869281,10.457516339869281,79.08496732026144,3.9215686274509802,75.16339869281046
E00074385,341,78,40,38,263,8,255,22.87390029325513,11.730205278592376,11.143695014662756,77.12609970674487,2.346041055718475,74.7800586510264
E00074386,329,52,19,33,277,23,254,15.80547112462006,5.775075987841945,10.030395136778116,84.19452887537993,6.990881458966565,77.20364741641338
E00074387,266,68,29,39,198,12,186,25.563909774436087,10.902255639097744,14.661654135338345,74.43609022556392,4.511278195488721,69.92481203007519
E00074388,255,44,17,27,211,17,194,17.254901960784313,6.666666666666667,10.588235294117647,82.74509803921568,6.666666666666667,76.07843137254902
E00074389,315,70,30,40,245,11,234,22.22222222222222,9.523809523809524,12.698412698412698,77.77777777777779,3.492063492063492,74.28571428571429
E00074390,242,65,30,35,177,4,173,26.859504132231404,12.396694214876034,14.46280991735537,73.14049586776859,1.6528925619834711,71.48760330578511
E00074391,313,69,33,36,244,12,232,22.044728434504794,10.543130990415335,11.501597444089457,77.95527156549521,3.8338658146964857,74.12140575079871
E00074392,324,88,43,45,236,15,221,27.160493827160494,13.271604938271606,13.88888888888889,72.8395061728395,4.62962962962963,68.20987654320987
E00074393,369,98,46,52,271,19,252,26.558265582655828,12.466124661246612,14.092140921409213,73.44173441734418,5.149051490514905,68.29268292682927
E00074394,229,72,39,33,157,11,146,31.4410480349345,17.03056768558952,14.41048034934498,68.5589519650655,4.8034934497816595,63.75545851528385
E00074395,354,89,39,50,265,15,250,25.141242937853107,11.016949152542372,14.124293785310735,74.85875706214689,4.23728813559322,70.62146892655367
E00074396,326,43,15,28,283,13,270,13.190184049079754,4.601226993865031,8.588957055214724,86.80981595092024,3.9877300613496933,82.82208588957054
E00074397,347,86,51,35,261,10,251,24.78386167146974,14.697406340057636,10.086455331412104,75.21613832853026,2.881844380403458,72.3342939481268
E00074398,342,49,22,27,293,21,272,14.327485380116958,6.432748538011696,7.894736842105263,85.67251461988305,6.140350877192982,79.53216374269006
E00074399,365,41,10,31,324,37,287,11.232876712328768,2.73972602739726,8.493150684931507,88.76712328767124,10.136986301369863,78.63013698630137
E00074400,515,101,54,47,414,42,372,19.611650485436893,10.485436893203884,9.12621359223301,80.3883495145631,8.155339805825243,72.23300970873787
E00074401,437,43,12,31,394,51,343,9.839816933638444,2.745995423340961,7.093821510297483,90.16018306636155,11.670480549199084,78.48970251716247
E00074402,380,35,6,29,345,27,318,9.210526315789473,1.5789473684210527,7.631578947368421,90.78947368421053,7.105263157894736,83.6842105263158
E00074403,409,51,7,44,358,29,329,12.469437652811736,1.7114914425427872,10.757946210268948,87.53056234718827,7.090464547677261,80.440097799511
E00074404,369,48,17,31,321,31,290,13.008130081300814,4.607046070460704,8.401084010840108,86.99186991869918,8.401084010840108,78.59078590785907
E00074405,387,55,19,36,332,22,310,14.21188630490956,4.909560723514212,9.30232558139535,85.78811369509044,5.684754521963824,80.10335917312662
E00074406,440,96,48,48,344,29,315,21.818181818181817,10.909090909090908,10.909090909090908,78.18181818181819,6.59090909090909,71.5909090909091
E00074407,491,91,28,63,400,38,362,18.533604887983707,5.7026476578411405,12.830957230142568,81.4663951120163,7.739307535641547,73.72708757637476
E00074408,454,71,29,42,383,25,358,15.638766519823788,6.387665198237885,9.251101321585903,84.36123348017621,5.506607929515418,78.8546255506608
E00074411,554,104,35,69,450,31,419,18.772563176895307,6.31768953068592,12.454873646209386,81.2274368231047,5.595667870036101,75.63176895306859
E00074412,326,55,25,30,271,15,256,16.87116564417178,7.668711656441718,9.202453987730062,83.12883435582822,4.601226993865031,78.52760736196319
E00074413,341,44,16,28,297,31,266,12.903225806451612,4.69208211143695,8.211143695014663,87.09677419354838,9.090909090909092,78.00586510263929
E00074414,271,53,13,40,218,18,200,19.557195571955717,4.797047970479705,14.760147601476014,80.44280442804428,6.642066420664207,73.80073800738008
E00074415,315,48,25,23,267,25,242,15.238095238095239,7.936507936507936,7.301587301587302,84.76190476190476,7.936507936507936,76.82539682539684
E00074416,343,52,20,32,291,35,256,15.160349854227405,5.830903790087463,9.329446064139942,84.8396501457726,10.204081632653061,74.63556851311954
E00074417,301,48,12,36,253,28,225,15.946843853820598,3.9867109634551494,11.960132890365449,84.0531561461794,9.30232558139535,74.75083056478405
E00074418,237,51,19,32,186,20,166,21.518987341772153,8.016877637130802,13.502109704641349,78.48101265822784,8.438818565400844,70.042194092827
E00074419,288,41,16,25,247,24,223,14.23611111111111,5.555555555555555,8.680555555555555,85.76388888888889,8.333333333333332,77.43055555555556
E00074420,359,66,19,47,293,23,270,18.384401114206128,5.2924791086350975,13.09192200557103,81.61559888579387,6.406685236768802,75.20891364902506
E00074421,286,44,16,28,242,27,215,15.384615384615385,5.594405594405594,9.79020979020979,84.61538461538461,9.44055944055944,75.17482517482517
E00074422,279,57,22,35,222,10,212,20.43010752688172,7.885304659498208,12.544802867383511,79.56989247311827,3.584229390681003,75.98566308243727
E00074423,339,36,8,28,303,26,277,10.619469026548673,2.359882005899705,8.259587020648967,89.38053097345133,7.669616519174041,81.71091445427729
E00074424,237,51,17,34,186,20,166,21.518987341772153,7.172995780590717,14.345991561181433,78.48101265822784,8.438818565400844,70.042194092827
E00074425,288,41,11,30,247,34,213,14.23611111111111,3.8194444444444446,10.416666666666668,85.76388888888889,11.805555555555555,73.95833333333334
E00074426,289,30,10,20,259,19,240,10.380622837370241,3.4602076124567476,6.920415224913495,89.61937716262976,6.5743944636678195,83.04498269896193
E00074427,301,44,11,33,257,24,233,14.61794019933555,3.6544850498338874,10.96345514950166,85.38205980066445,7.973421926910299,77.40863787375415
E00074428,318,36,13,23,282,22,260,11.320754716981133,4.088050314465408,7.232704402515723,88.67924528301887,6.918238993710692,81.76100628930818
E00074429,354,42,17,25,312,35,277,11.864406779661017,4.80225988700565,7.062146892655368,88.13559322033898,9.887005649717514,78.24858757062147
E00074430,337,59,13,46,278,32,246,17.50741839762611,3.857566765578635,13.649851632047477,82.49258160237389,9.495548961424333,72.99703264094956
E00074431,491,73,36,37,418,33,385,14.867617107942973,7.3319755600814664,7.535641547861507,85.13238289205702,6.720977596741344,78.41140529531569
E00074432,348,42,10,32,306,32,274,12.068965517241379,2.8735632183908044,9.195402298850574,87.93103448275862,9.195402298850574,78.73563218390804
E00074433,365,31,9,22,334,30,304,8.493150684931507,2.4657534246575343,6.027397260273973,91.5068493150685,8.21917808219178,83.28767123287672
E00074434,318,52,18,34,266,19,247,16.352201257861633,5.660377358490567,10.69182389937107,83.64779874213836,5.9748427672955975,77.67295597484278
E00074435,318,36,12,24,282,22,260,11.320754716981133,3.7735849056603774,7.547169811320755,88.67924528301887,6.918238993710692,81.76100628930818
E00074436,401,58,17,41,343,32,311,14.463840399002494,4.239401496259352,10.224438902743142,85.53615960099751,7.98004987531172,77.55610972568579
E00074437,375,56,13,43,319,32,287,14.933333333333335,3.4666666666666663,11.466666666666667,85.06666666666666,8.533333333333333,76.53333333333333
E00074438,428,54,20,34,374,32,342,12.616822429906541,4.672897196261682,7.943925233644859,87.38317757009347,7.476635514018691,79.90654205607477
E00074439,254,36,13,23,218,12,206,14.173228346456693,5.118110236220472,9.05511811023622,85.8267716535433,4.724409448818897,81.10236220472441
E00165771,465,100,40,60,365,32,333,21.50537634408602,8.60215053763441,12.903225806451612,78.49462365591397,6.881720430107527,71.61290322580646
E00165772,138,24,7,17,114,16,98,17.391304347826086,5.072463768115942,12.318840579710146,82.6086956521739,11.594202898550725,71.01449275362319
E00174043,402,62,12,50,340,22,318,15.422885572139302,2.9850746268656714,12.437810945273633,84.5771144278607,5.472636815920398,79.1044776119403
E00174044,342,66,22,44,276,23,253,19.298245614035086,6.432748538011696,12.865497076023392,80.7017543859649,6.725146198830409,73.9766081871345
E00174046,349,58,8,50,291,27,264,16.6189111747851,2.292263610315186,14.326647564469914,83.3810888252149,7.736389684813753,75.64469914040114
E00174053,354,57,23,34,297,23,274,16.101694915254235,6.497175141242938,9.6045197740113,83.89830508474576,6.497175141242938,77.40112994350282
E00174058,312,45,11,34,267,20,247,14.423076923076922,3.5256410256410255,10.897435897435898,85.57692307692307,6.41025641025641,79.16666666666666
E00174214,256,44,11,33,212,15,197,17.1875,4.296875,12.890625,82.8125,5.859375,76.953125
E00174215,279,47,20,27,232,12,220,16.845878136200717,7.168458781362006,9.67741935483871,83.15412186379928,4.301075268817205,78.85304659498208
E00174218,429,47,9,38,382,28,354,10.955710955710956,2.097902097902098,8.857808857808857,89.04428904428904,6.526806526806526,82.51748251748252
E00174220,132,16,2,14,116,7,109,12.121212121212121,1.5151515151515151,10.606060606060606,87.87878787878788,5.303030303030303,82.57575757575758
E00174221,216,38,11,27,178,13,165,17.59259259259259,5.092592592592593,12.5,82.4074074074074,6.018518518518518,76.38888888888889
E00174225,165,21,7,14,144,21,123,12.727272727272727,4.242424242424243,8.484848484848486,87.27272727272727,12.727272727272727,74.54545454545455
E00174226,325,47,21,26,278,22,256,14.461538461538462,6.461538461538462,8,85.53846153846155,6.769230769230769,78.76923076923077
E00174228,342,55,26,29,287,10,277,16.08187134502924,7.602339181286549,8.47953216374269,83.91812865497076,2.923976608187134,80.99415204678363
E00174229,507,106,50,56,401,38,363,20.907297830374755,9.861932938856016,11.045364891518737,79.09270216962526,7.495069033530571,71.59763313609467
E00174231,348,69,12,57,279,18,261,19.82758620689655,3.4482758620689653,16.379310344827587,80.17241379310344,5.172413793103448,75
E00174232,322,48,16,32,274,27,247,14.906832298136646,4.968944099378882,9.937888198757763,85.09316770186336,8.385093167701864,76.70807453416148
E00174234,365,54,14,40,311,41,270,14.794520547945206,3.8356164383561646,10.95890410958904,85.2054794520548,11.232876712328768,73.97260273972603
E00174237,329,68,25,43,261,20,241,20.66869300911854,7.598784194528875,13.069908814589665,79.33130699088146,6.079027355623101,73.25227963525836
E00174239,101,22,12,10,79,5,74,21.782178217821784,11.881188118811881,9.900990099009901,78.21782178217822,4.9504950495049505,73.26732673267327
E00174243,321,42,9,33,279,26,253,13.084112149532709,2.803738317757009,10.2803738317757,86.91588785046729,8.09968847352025,78.81619937694704
E00174245,190,29,8,21,161,18,143,15.263157894736842,4.2105263157894735,11.052631578947368,84.73684210526315,9.473684210526317,75.26315789473685
E00174246,268,51,22,29,217,17,200,19.029850746268657,8.208955223880597,10.820895522388058,80.97014925373134,6.343283582089552,74.6268656716418
E00174248,191,21,9,12,170,15,155,10.99476439790576,4.712041884816754,6.282722513089005,89.00523560209425,7.853403141361256,81.15183246073299
E00174249,485,87,24,63,398,29,369,17.938144329896907,4.948453608247423,12.989690721649486,82.06185567010309,5.979381443298969,76.08247422680412
E00174251,551,95,49,46,456,20,436,17.24137931034483,8.892921960072595,8.348457350272232,82.75862068965517,3.6297640653357535,79.12885662431943
E00174253,244,38,19,19,206,20,186,15.573770491803279,7.786885245901639,7.786885245901639,84.42622950819673,8.19672131147541,76.22950819672131
E00174254,272,70,32,38,202,14,188,25.735294117647058,11.76470588235294,13.970588235294118,74.26470588235294,5.147058823529411,69.11764705882352
E00174256,277,39,10,29,238,18,220,14.079422382671481,3.6101083032490973,10.469314079422382,85.92057761732852,6.4981949458483745,79.42238267148014
E00174257,368,54,16,38,314,27,287,14.673913043478262,4.3478260869565215,10.326086956521738,85.32608695652173,7.336956521739131,77.98913043478261
E00174259,336,67,32,35,269,20,249,19.940476190476193,9.523809523809524,10.416666666666668,80.05952380952381,5.952380952380952,74.10714285714286
E00174260,210,35,16,19,175,8,167,16.666666666666664,7.6190476190476195,9.047619047619047,83.33333333333334,3.8095238095238098,79.52380952380952
E00174262,316,71,13,58,245,34,211,22.468354430379748,4.113924050632911,18.354430379746837,77.53164556962025,10.759493670886076,66.77215189873418
E00174263,168,33,5,28,135,19,116,19.642857142857142,2.976190476190476,16.666666666666664,80.35714285714286,11.30952380952381,69.04761904761905
E00174273,311,52,22,30,259,10,249,16.720257234726688,7.07395498392283,9.646302250803858,83.27974276527331,3.215434083601286,80.06430868167203
E00174275,183,22,3,19,161,11,150,12.021857923497267,1.639344262295082,10.382513661202186,87.97814207650273,6.0109289617486334,81.9672131147541
E00174276,248,41,12,29,207,26,181,16.532258064516128,4.838709677419355,11.693548387096774,83.46774193548387,10.483870967741936,72.98387096774194
E00174277,252,52,25,27,200,18,182,20.634920634920633,9.920634920634921,10.714285714285714,79.36507936507937,7.142857142857142,72.22222222222221
E00174278,410,46,12,34,364,37,327,11.219512195121952,2.9268292682926833,8.292682926829269,88.78048780487805,9.024390243902438,79.75609756097562
E00174279,235,45,20,25,190,14,176,19.148936170212767,8.51063829787234,10.638297872340425,80.85106382978722,5.957446808510639,74.8936170212766
E00174280,272,57,27,30,215,20,195,20.955882352941178,9.926470588235293,11.029411764705882,79.04411764705883,7.352941176470589,71.69117647058823
E00174281,283,36,16,20,247,21,226,12.7208480565371,5.6537102473498235,7.06713780918728,87.27915194346289,7.420494699646643,79.85865724381625
E00174282,380,35,11,24,345,38,307,9.210526315789473,2.8947368421052633,6.315789473684211,90.78947368421053,10,80.78947368421052
E00174283,331,54,24,30,277,35,242,16.314199395770395,7.250755287009064,9.06344410876133,83.68580060422961,10.574018126888216,73.111782477341393
E00174284,311,41,10,31,270,20,250,13.183279742765272,3.215434083601286,9.967845659163988,86.81672025723472,6.430868167202572,80.38585209003215
E00174286,259,26,7,19,233,20,213,10.038610038610038,2.7027027027027026,7.335907335907336,89.96138996138995,7.722007722007722,82.23938223938224
E00174287,188,25,9,16,163,22,141,13.297872340425531,4.787234042553192,8.51063829787234,86.70212765957447,11.702127659574469,75
E00174288,313,45,12,33,268,28,240,14.376996805111823,3.8338658146964857,10.543130990415335,85.62300319488818,8.945686900958465,76.6773162939297
E00174289,268,65,15,50,203,15,188,24.253731343283583,5.597014925373134,18.65671641791045,75.74626865671642,5.597014925373134,70.1492537313433
E00174290,362,44,26,18,318,8,310,12.154696132596685,7.18232044198895,4.972375690607735,87.84530386740332,2.209944751381215,85.6353591160221
E00174291,327,60,14,46,267,27,240,18.34862385321101,4.281345565749235,14.067278287461773,81.65137614678899,8.256880733944955,73.39449541284404
E00174292,285,29,10,19,256,25,231,10.175438596491228,3.508771929824561,6.666666666666667,89.82456140350877,8.771929824561402,81.05263157894737
E00174293,536,58,9,49,478,40,438,10.820895522388058,1.6791044776119404,9.14179104477612,89.17910447761194,7.462686567164178,81.71641791044776
E00174294,387,66,14,52,321,31,290,17.05426356589147,3.6175710594315245,13.436692506459949,82.94573643410853,8.010335917312661,74.93540051679587
E00174295,880,94,16,78,786,67,719,10.681818181818182,1.8181818181818181,8.863636363636363,89.31818181818181,7.613636363636364,81.70454545454545
E00174296,378,46,12,34,332,20,312,12.16931216931217,3.1746031746031744,8.994708994708994,87.83068783068782,5.291005291005291,82.53968253968253
E00174298,383,75,10,65,308,22,286,19.5822454308094,2.610966057441253,16.971279373368144,80.4177545691906,5.7441253263707575,74.67362924281984
E00174299,288,39,9,30,249,34,215,13.541666666666666,3.125,10.416666666666668,86.45833333333334,11.805555555555555,74.65277777777779
E00174300,217,30,4,26,187,24,163,13.82488479262673,1.8433179723502304,11.981566820276496,86.17511520737328,11.059907834101383,75.11520737327189
E00174302,148,31,10,21,117,11,106,20.945945945945947,6.756756756756757,14.18918918918919,79.05405405405406,7.4324324324324325,71.62162162162163
E00174303,202,20,6,14,182,14,168,9.900990099009901,2.9702970297029703,6.9306930693069315,90.0990099009901,6.9306930693069315,83.16831683168317
E00174304,216,56,27,29,160,23,137,25.925925925925924,12.5,13.425925925925927,74.07407407407408,10.648148148148149,63.42592592592593
E00174305,195,33,13,20,162,7,155,16.923076923076923,6.666666666666667,10.256410256410255,83.07692307692308,3.5897435897435894,79.48717948717949
E00174306,299,84,41,43,215,10,205,28.093645484949832,13.712374581939798,14.381270903010032,71.90635451505017,3.3444816053511706,68.56187290969899
E00174307,501,60,13,47,441,27,414,11.976047904191617,2.5948103792415167,9.3812375249501,88.02395209580838,5.389221556886228,82.63473053892216
E00174309,158,19,2,17,139,15,124,12.025316455696203,1.2658227848101267,10.759493670886076,87.9746835443038,9.49367088607595,78.48101265822784
E00174311,166,21,8,13,145,10,135,12.650602409638553,4.819277108433735,7.83132530120482,87.34939759036145,6.024096385542169,81.32530120481928
E00174312,287,39,6,33,248,27,221,13.588850174216027,2.0905923344947737,11.498257839721255,86.41114982578398,9.40766550522648,77.00348432055749
E00174313,193,29,5,24,164,18,146,15.025906735751295,2.5906735751295336,12.435233160621761,84.97409326424871,9.32642487046632,75.64766839378238
E00174314,199,85,48,37,114,18,96,42.71356783919598,24.120603015075375,18.592964824120603,57.286432160804026,9.045226130653267,48.24120603015075
E00174315,388,59,24,35,329,22,307,15.206185567010309,6.185567010309279,9.02061855670103,84.79381443298969,5.670103092783505,79.12371134020619
E00174316,264,37,9,28,227,19,208,14.015151515151514,3.4090909090909087,10.606060606060606,85.98484848484848,7.196969696969697,78.78787878787878
E00174317,125,11,0,11,114,6,108,8.799999999999999,0,8.799999999999999,91.2,4.8,86.4
E00174318,122,20,6,14,102,13,89,16.39344262295082,4.918032786885246,11.475409836065573,83.60655737704919,10.655737704918032,72.95081967213115
E00174319,217,38,20,18,179,6,173,17.51152073732719,9.216589861751153,8.294930875576037,82.48847926267281,2.7649769585253456,79.72350230414746
E00174320,315,56,30,26,259,6,253,17.77777777777778,9.523809523809524,8.253968253968253,82.22222222222221,1.9047619047619049,80.31746031746032
E00174321,636,76,19,57,560,45,515,11.949685534591195,2.9874213836477987,8.962264150943396,88.0503144654088,7.0754716981132075,80.9748427672956
E00174322,259,35,17,18,224,15,209,13.513513513513514,6.563706563706563,6.94980694980695,86.48648648648648,5.7915057915057915,80.6949806949807
E00174323,213,99,57,42,114,20,94,46.478873239436616,26.76056338028169,19.718309859154928,53.52112676056338,9.389671361502346,44.13145539906103
E00174324,537,74,20,54,463,39,424,13.780260707635009,3.7243947858473,10.05586592178771,86.21973929236499,7.262569832402235,78.95716945996276
E00174325,359,48,9,39,311,24,287,13.370473537604457,2.5069637883008355,10.86350974930362,86.62952646239555,6.685236768802229,79.94428969359332
E00174326,442,74,36,38,368,19,349,16.7420814479638,8.144796380090497,8.597285067873303,83.2579185520362,4.298642533936651,78.95927601809954
E00174327,386,41,22,19,345,27,318,10.621761658031089,5.699481865284974,4.922279792746114,89.37823834196891,6.994818652849741,82.38341968911918
E00174328,257,57,23,34,200,21,179,22.17898832684825,8.949416342412452,13.229571984435799,77.82101167315176,8.171206225680933,69.64980544747081
E00174329,325,59,20,39,266,26,240,18.153846153846153,6.153846153846154,12,81.84615384615384,8,73.84615384615385
E00174331,120,13,5,8,107,10,97,10.833333333333334,4.166666666666666,6.666666666666667,89.16666666666667,8.333333333333332,80.83333333333333
E00174332,294,33,10,23,261,30,231,11.224489795918368,3.4013605442176873,7.8231292517006805,88.77551020408163,10.204081632653061,78.57142857142857
E00174333,258,20,3,17,238,17,221,7.751937984496124,1.1627906976744187,6.5891472868217065,92.24806201550388,6.5891472868217065,85.65891472868216
E00178043,234,42,18,24,192,13,179,17.94871794871795,7.6923076923076925,10.256410256410255,82.05128205128204,5.555555555555555,76.49572649572649
E00178044,618,59,8,51,559,28,531,9.546925566343042,1.2944983818770228,8.25242718446602,90.45307443365695,4.53074433656958,85.92233009708737
E00178045,351,45,12,33,306,22,284,12.82051282051282,3.418803418803419,9.401709401709402,87.17948717948718,6.267806267806268,80.91168091168092
E00178046,1665,241,28,213,1424,91,1333,14.474474474474475,1.6816816816816818,12.792792792792792,85.52552552552552,5.465465465465465,80.06006006006005
E00178047,215,41,8,33,174,27,147,19.069767441860467,3.7209302325581395,15.348837209302326,80.93023255813954,12.558139534883722,68.37209302325581
E00178048,172,15,4,11,157,21,136,8.720930232558139,2.3255813953488373,6.395348837209303,91.27906976744185,12.209302325581394,79.06976744186046
E00178049,246,33,10,23,213,17,196,13.414634146341465,4.0650406504065035,9.34959349593496,86.58536585365853,6.910569105691057,79.67479674796748
E00178050,443,55,28,27,388,14,374,12.415349887133182,6.320541760722348,6.094808126410835,87.58465011286681,3.160270880361174,84.42437923250564
E00178051,336,82,39,43,254,23,231,24.404761904761905,11.607142857142858,12.797619047619047,75.59523809523809,6.845238095238096,68.75
E00178052,277,33,10,23,244,19,225,11.913357400722022,3.6101083032490973,8.303249097472925,88.08664259927798,6.859205776173286,81.2274368231047
E00178053,441,37,5,32,404,23,381,8.390022675736962,1.1337868480725624,7.2562358276643995,91.60997732426304,5.215419501133787,86.39455782312925
E00178054,218,37,12,25,181,12,169,16.972477064220186,5.5045871559633035,11.46788990825688,83.02752293577981,5.5045871559633035,77.52293577981652
E00178055,115,14,5,9,101,9,92,12.173913043478262,4.3478260869565215,7.82608695652174,87.82608695652175,7.82608695652174,80
E00178056,891,115,13,102,776,70,706,12.906846240179574,1.4590347923681257,11.447811447811448,87.09315375982042,7.856341189674524,79.2368125701459
E00178057,494,98,68,30,396,34,362,19.838056680161944,13.765182186234817,6.0728744939271255,80.16194331983806,6.882591093117409,73.27935222672065
E00178058,142,15,1,14,127,14,113,10.56338028169014,0.7042253521126761,9.859154929577464,89.43661971830986,9.859154929577464,79.5774647887324
E00178059,287,56,16,40,231,18,213,19.51219512195122,5.574912891986063,13.937282229965156,80.48780487804879,6.2717770034843205,74.21602787456446
E00178060,357,43,13,30,314,34,280,12.044817927170868,3.6414565826330536,8.403361344537815,87.95518207282913,9.523809523809524,78.43137254901961
E00178061,367,48,20,28,319,20,299,13.079019073569482,5.449591280653951,7.629427792915531,86.92098092643052,5.449591280653951,81.47138964577657
E00178062,365,37,13,24,328,25,303,10.136986301369863,3.5616438356164384,6.575342465753424,89.86301369863014,6.8493150684931505,83.01369863013699
E00178063,158,95,68,27,63,6,57,60.12658227848101,43.037974683544306,17.088607594936708,39.87341772151899,3.79746835443038,36.075949367088604
E00178064,2165,250,35,215,1915,142,1773,11.547344110854503,1.6166281755196306,9.930715935334874,88.45265588914549,6.558891454965359,81.89376443418014
E00178065,212,22,8,14,190,17,173,10.377358490566039,3.7735849056603774,6.60377358490566,89.62264150943396,8.018867924528301,81.60377358490565
E00178066,501,65,15,50,436,29,407,12.974051896207584,2.9940119760479043,9.980039920159681,87.02594810379242,5.788423153692615,81.23752495009981
E00178067,205,47,19,28,158,14,144,22.926829268292686,9.268292682926829,13.658536585365855,77.07317073170732,6.829268292682928,70.24390243902438
E00178068,164,26,7,19,138,4,134,15.853658536585366,4.2682926829268295,11.585365853658537,84.14634146341463,2.4390243902439024,81.70731707317073
E00178069,415,36,5,31,379,33,346,8.674698795180722,1.2048192771084338,7.46987951807229,91.32530120481928,7.951807228915662,83.37349397590361
E00178070,272,56,21,35,216,18,198,20.588235294117645,7.720588235294118,12.867647058823529,79.41176470588235,6.61764705882353,72.79411764705883
E00178071,228,39,16,23,189,9,180,17.105263157894736,7.017543859649122,10.087719298245613,82.89473684210526,3.9473684210526314,78.94736842105263
E00178072,392,35,4,31,357,26,331,8.928571428571429,1.0204081632653061,7.908163265306123,91.07142857142857,6.63265306122449,84.43877551020408
E00178073,193,16,4,12,177,11,166,8.290155440414509,2.072538860103627,6.217616580310881,91.70984455958549,5.699481865284974,86.01036269430051
E00178074,375,56,13,43,319,29,290,14.933333333333335,3.4666666666666663,11.466666666666667,85.06666666666666,7.733333333333333,77.33333333333333
E00178075,122,11,3,8,111,8,103,9.01639344262295,2.459016393442623,6.557377049180328,90.98360655737704,6.557377049180328,84.42622950819673
E00178076,276,34,11,23,242,20,222,12.318840579710146,3.985507246376811,8.333333333333332,87.68115942028986,7.246376811594203,80.43478260869566
E00178077,116,18,5,13,98,10,88,15.517241379310345,4.310344827586207,11.206896551724139,84.48275862068965,8.620689655172415,75.86206896551724
E00178078,260,28,17,11,232,10,222,10.76923076923077,6.538461538461539,4.230769230769231,89.23076923076924,3.8461538461538463,85.38461538461539
E00178079,469,72,13,59,397,49,348,15.351812366737741,2.771855010660981,12.57995735607676,84.64818763326227,10.44776119402985,74.20042643923242
E00178080,536,87,37,50,449,16,433,16.23134328358209,6.902985074626866,9.328358208955224,83.76865671641791,2.9850746268656714,80.78358208955224
E00178081,151,48,19,29,103,8,95,31.788079470198678,12.582781456953644,19.205298013245034,68.21192052980133,5.298013245033113,62.913907284768214
E00178082,264,35,13,22,229,25,204,13.257575757575758,4.924242424242424,8.333333333333332,86.74242424242425,9.469696969696969,77.27272727272727
E00178083,403,51,12,39,352,28,324,12.655086848635236,2.977667493796526,9.67741935483871,87.34491315136476,6.9478908188585615,80.39702233250621
E00178084,554,61,14,47,493,53,440,11.010830324909747,2.527075812274368,8.483754512635379,88.98916967509025,9.566787003610107,79.42238267148014
E00178085,106,13,1,12,93,5,88,12.264150943396226,0.9433962264150944,11.320754716981133,87.73584905660378,4.716981132075472,83.01886792452831
E00178086,284,36,6,30,248,29,219,12.676056338028168,2.112676056338028,10.56338028169014,87.32394366197182,10.211267605633804,77.11267605633803
E00178087,421,68,30,38,353,33,320,16.152019002375297,7.1258907363420425,9.026128266033254,83.8479809976247,7.8384798099762465,76.00950118764845
E00178088,118,9,1,8,109,10,99,7.627118644067797,0.847457627118644,6.779661016949152,92.37288135593221,8.47457627118644,83.89830508474576
E00178089,511,51,29,22,460,11,449,9.980430528375733,5.6751467710371815,4.305283757338552,90.01956947162427,2.152641878669276,87.866927592955
E00178090,165,24,11,13,141,15,126,14.545454545454545,6.666666666666667,7.878787878787878,85.45454545454545,9.090909090909092,76.36363636363637
E00178091,293,63,29,34,230,19,211,21.501706484641637,9.897610921501707,11.604095563139932,78.49829351535837,6.484641638225256,72.01365187713311
E00178092,443,138,84,54,305,30,275,31.15124153498871,18.961625282167045,12.18961625282167,68.84875846501129,6.772009029345373,62.07674943566591
E00178093,188,17,3,14,171,13,158,9.042553191489363,1.5957446808510638,7.446808510638298,90.95744680851064,6.914893617021277,84.04255319148936
E00178094,148,32,9,23,116,6,110,21.62162162162162,6.081081081081082,15.54054054054054,78.37837837837837,4.054054054054054,74.32432432432432
E00178095,174,25,12,13,149,7,142,14.367816091954023,6.896551724137931,7.471264367816093,85.63218390804597,4.022988505747127,81.60919540229885
E00178096,242,30,1,29,212,16,196,12.396694214876034,0.4132231404958678,11.983471074380166,87.60330578512396,6.6115702479338845,80.99173553719008
E00178097,139,15,3,12,124,13,111,10.79136690647482,2.158273381294964,8.633093525179856,89.20863309352518,9.352517985611511,79.85611510791367
E00178098,295,50,30,20,245,16,229,16.94915254237288,10.16949152542373,6.779661016949152,83.05084745762711,5.423728813559322,77.62711864406779
E00178099,266,37,15,22,229,15,214,13.909774436090224,5.639097744360902,8.270676691729323,86.09022556390977,5.639097744360902,80.45112781954887
E00178100,245,28,7,21,217,19,198,11.428571428571429,2.857142857142857,8.571428571428571,88.57142857142857,7.755102040816326,80.81632653061224
E00178101,225,21,3,18,204,22,182,9.333333333333334,1.3333333333333335,8,90.66666666666666,9.777777777777779,80.88888888888889
E00178102,393,81,36,45,312,15,297,20.610687022900763,9.16030534351145,11.450381679389313,79.38931297709924,3.816793893129771,75.57251908396947
E00178103,241,16,2,14,225,26,199,6.639004149377594,0.8298755186721992,5.809128630705394,93.3609958506224,10.78838174273859,82.57261410788381
E00178104,321,65,31,34,256,12,244,20.24922118380062,9.657320872274143,10.59190031152648,79.75077881619937,3.7383177570093453,76.01246105919003
E00178105,131,20,5,15,111,12,99,15.267175572519085,3.816793893129771,11.450381679389313,84.7328244274809,9.16030534351145,75.57251908396947
E00178106,616,64,12,52,552,44,508,10.38961038961039,1.948051948051948,8.441558441558442,89.6103896103896,7.142857142857142,82.46753246753246
E00178107,205,19,4,15,186,12,174,9.268292682926829,1.951219512195122,7.317073170731707,90.73170731707317,5.853658536585367,84.8780487804878
E00178108,537,86,40,46,451,38,413,16.01489757914339,7.4487895716946,8.56610800744879,83.9851024208566,7.076350093109869,76.90875232774674
E00178109,189,14,5,9,175,12,163,7.4074074074074066,2.6455026455026456,4.761904761904762,92.5925925925926,6.349206349206349,86.24338624338624
E00178110,205,15,6,9,190,11,179,7.317073170731707,2.9268292682926833,4.390243902439024,92.6829268292683,5.365853658536586,87.3170731707317
E00178111,105,17,5,12,88,6,82,16.19047619047619,4.761904761904762,11.428571428571429,83.80952380952381,5.714285714285714,78.0952380952381
E00178112,416,41,7,34,375,28,347,9.85576923076923,1.6826923076923077,8.173076923076923,90.14423076923077,6.730769230769231,83.41346153846155
E00178113,298,59,26,33,239,15,224,19.798657718120804,8.724832214765101,11.073825503355705,80.20134228187919,5.033557046979865,75.16778523489933
E00178114,726,104,14,90,622,46,576,14.325068870523417,1.9283746556473829,12.396694214876034,85.67493112947659,6.336088154269973,79.33884297520662
E00178115,117,6,2,4,111,14,97,5.128205128205128,1.7094017094017095,3.418803418803419,94.87179487179486,11.965811965811966,82.90598290598291
E00178116,153,24,13,11,129,7,122,15.686274509803921,8.49673202614379,7.18954248366013,84.31372549019608,4.57516339869281,79.73856209150327
E00178117,482,106,53,53,376,45,331,21.991701244813278,10.995850622406639,10.995850622406639,78.00829875518673,9.336099585062241,68.67219917012449
E00178118,335,24,7,17,311,25,286,7.164179104477612,2.0895522388059704,5.074626865671641,92.83582089552239,7.462686567164178,85.37313432835822
E00178119,320,71,38,33,249,11,238,22.1875,11.875,10.3125,77.8125,3.4375000000000004,74.375
