OA,ts0380001,ts0380002,ts0380003,ts0380004,ts0380005,ts0380006,ts0380007,ts0380002_PCT,ts0380003_PCT,ts0380004_PCT,ts0380005_PCT,ts0380006_PCT,ts0380007_PCT
W00004706,391,106,69,37,285,17,268,27.10997442455243,17.647058823529413,9.462915601023019,72.89002557544757,4.3478260869565215,68.54219948849105
W00004707,334,97,57,40,237,22,215,29.041916167664674,17.065868263473057,11.976047904191617,70.95808383233533,6.58682634730539,64.37125748502994
W00004709,305,74,37,37,231,20,211,24.262295081967213,12.131147540983607,12.131147540983607,75.73770491803279,6.557377049180328,69.18032786885246
W00004710,345,66,34,32,279,24,255,19.130434782608695,9.855072463768117,9.27536231884058,80.8695652173913,6.956521739130435,73.91304347826086
W00004711,333,87,45,42,246,23,223,26.126126126126124,13.513513513513514,12.612612612612612,73.87387387387388,6.906906906906906,66.96696696696696
W00004712,316,107,72,35,209,16,193,33.860759493670884,22.78481012658228,11.075949367088606,66.13924050632912,5.063291139240507,61.07594936708861
W00004713,301,75,35,40,226,19,207,24.916943521594686,11.627906976744185,13.2890365448505,75.08305647840533,6.312292358803987,68.77076411960132
W00004714,339,71,35,36,268,23,245,20.943952802359885,10.32448377581121,10.619469026548673,79.05604719764013,6.784660766961652,72.27138643067846
W00004715,264,62,29,33,202,17,185,23.484848484848484,10.984848484848484,12.5,76.51515151515152,6.4393939393939394,70.07575757575758
W00004716,223,87,53,34,136,14,122,39.01345291479821,23.766816143497756,15.246636771300448,60.98654708520179,6.278026905829597,54.7085201793722
W00004717,347,109,63,46,238,24,214,31.412103746397698,18.155619596541786,13.256484149855908,68.58789625360231,6.9164265129683,61.67146974063401
W00004718,351,120,70,50,231,23,208,34.18803418803419,19.943019943019944,14.245014245014245,65.8119658119658,6.552706552706552,59.25925925925925
W00004719,316,88,43,45,228,22,206,27.848101265822784,13.60759493670886,14.240506329113925,72.15189873417721,6.962025316455696,65.18987341772153
W00004720,242,46,25,21,196,23,173,19.00826446280992,10.330578512396695,8.677685950413224,80.99173553719008,9.50413223140496,71.48760330578511
W00004721,276,67,34,33,209,17,192,24.27536231884058,12.318840579710146,11.956521739130435,75.72463768115942,6.159420289855073,69.56521739130434
W00004722,198,40,13,27,158,23,135,20.2020202020202,6.565656565656567,13.636363636363635,79.7979797979798,11.616161616161616,68.18181818181817
W00004723,211,44,24,20,167,13,154,20.85308056872038,11.374407582938389,9.47867298578199,79.14691943127961,6.161137440758294,72.98578199052133
W00004724,305,50,17,33,255,19,236,16.39344262295082,5.573770491803279,10.819672131147541,83.60655737704919,6.229508196721312,77.37704918032787
W00004725,304,82,51,31,222,13,209,26.973684210526315,16.776315789473685,10.197368421052632,73.02631578947368,4.276315789473684,68.75
W00004726,195,33,19,14,162,23,139,16.923076923076923,9.7435897435897445,7.179487179487179,83.07692307692308,11.794871794871794,71.28205128205128
W00004728,327,61,24,37,266,34,232,18.654434250764528,7.339449541284404,11.314984709480122,81.34556574923548,10.397553516819572,70.9480122324159
W00004729,243,82,45,37,161,14,147,33.744855967078195,18.51851851851852,15.22633744855967,66.2551440329218,5.761316872427984,60.49382716049383
W00004730,385,90,55,35,295,20,275,23.376623376623375,14.285714285714285,9.090909090909092,76.62337662337663,5.194805194805195,71.42857142857143
W00004731,304,61,28,33,243,20,223,20.065789473684212,9.210526315789473,10.855263157894738,79.93421052631578,6.578947368421052,73.35526315789474
W00004732,374,100,54,46,274,16,258,26.737967914438503,14.43850267379679,12.299465240641712,73.2620320855615,4.27807486631016,68.98395721925134
W00004733,303,65,30,35,238,26,212,21.45214521452145,9.900990099009901,11.55115511551155,78.54785478547855,8.58085808580858,69.96699669966998
W00004735,338,69,31,38,269,30,239,20.414201183431953,9.171597633136095,11.242603550295858,79.58579881656804,8.875739644970414,70.71005917159763
W00004736,355,99,76,23,256,24,232,27.887323943661972,21.408450704225352,6.478873239436619,72.11267605633803,6.760563380281689,65.35211267605634
W00004737,305,101,54,47,204,14,190,33.114754098360656,17.704918032786885,15.40983606557377,66.88524590163935,4.590163934426229,62.295081967213115
W00004738,325,72,40,32,253,18,235,22.153846153846153,12.307692307692308,9.846153846153847,77.84615384615384,5.538461538461538,72.3076923076923
W00004739,319,78,41,37,241,19,222,24.45141065830721,12.852664576802509,11.598746081504702,75.54858934169279,5.956112852664576,69.59247648902821
W00004740,272,65,30,35,207,17,190,23.897058823529413,11.029411764705882,12.867647058823529,76.10294117647058,6.25,69.85294117647058
W00004741,445,80,40,40,365,23,342,17.97752808988764,8.98876404494382,8.98876404494382,82.02247191011236,5.168539325842696,76.85393258426966
W00004742,269,68,43,25,201,9,192,25.27881040892193,15.985130111524162,9.293680297397769,74.72118959107806,3.3457249070631967,71.37546468401487
W00004743,278,78,48,30,200,14,186,28.05755395683453,17.26618705035971,10.79136690647482,71.94244604316546,5.0359712230215825,66.90647482014388
W00004744,421,53,21,32,368,21,347,12.589073634204276,4.98812351543943,7.600950118764846,87.41092636579573,4.98812351543943,82.42280285035629
W00004745,304,68,32,36,236,17,219,22.36842105263158,10.526315789473683,11.842105263157894,77.63157894736842,5.592105263157895,72.03947368421053
W00004746,290,57,30,27,233,17,216,19.655172413793103,10.344827586206897,9.310344827586208,80.3448275862069,5.862068965517241,74.48275862068967
W00004747,262,59,26,33,203,13,190,22.519083969465647,9.923664122137405,12.595419847328243,77.48091603053436,4.961832061068702,72.51908396946564
W00004748,221,48,21,27,173,14,159,21.71945701357466,9.502262443438914,12.217194570135746,78.28054298642535,6.334841628959276,71.94570135746606
W00004749,259,63,34,29,196,15,181,24.324324324324326,13.127413127413126,11.196911196911197,75.67567567567568,5.7915057915057915,69.88416988416989
W00004750,302,59,36,23,243,21,222,19.5364238410596,11.920529801324504,7.6158940397351,80.4635761589404,6.95364238410596,73.50993377483444
W00004751,229,49,27,22,180,16,164,21.397379912663755,11.790393013100436,9.606986899563319,78.60262008733623,6.986899563318777,71.61572052401746
W00004752,319,71,39,32,248,23,225,22.25705329153605,12.225705329153605,10.031347962382444,77.74294670846395,7.210031347962382,70.53291536050156
W00004753,353,65,35,30,288,22,266,18.413597733711047,9.91501416430595,8.498583569405099,81.58640226628894,6.232294617563739,75.3541076487252
W00004754,339,56,19,37,283,19,264,16.519174041297934,5.604719764011799,10.914454277286136,83.48082595870207,5.604719764011799,77.87610619469027
W00004755,244,49,27,22,195,17,178,20.081967213114755,11.065573770491802,9.01639344262295,79.91803278688525,6.967213114754098,72.95081967213115
W00004756,415,81,36,45,334,29,305,19.518072289156628,8.674698795180722,10.843373493975903,80.48192771084337,6.987951807228916,73.49397590361446
W00004757,319,49,23,26,270,20,250,15.360501567398119,7.210031347962382,8.150470219435736,84.63949843260188,6.269592476489027,78.36990595611285
W00004758,269,70,43,27,199,20,179,26.022304832713754,15.985130111524162,10.037174721189592,73.97769516728626,7.434944237918216,66.54275092936803
W00004759,299,102,55,47,197,22,175,34.11371237458194,18.394648829431436,15.719063545150503,65.88628762541806,7.357859531772576,58.52842809364549
W00004760,252,54,30,24,198,9,189,21.428571428571427,11.904761904761903,9.523809523809524,78.57142857142857,3.571428571428571,75
W00004761,284,67,31,36,217,14,203,23.591549295774648,10.915492957746478,12.676056338028168,76.40845070422534,4.929577464788732,71.47887323943662
W00004762,335,74,39,35,261,8,253,22.08955223880597,11.641791044776118,10.44776119402985,77.91044776119404,2.3880597014925375,75.5223880597015
W00004763,201,56,26,30,145,7,138,27.860696517412936,12.935323383084576,14.925373134328357,72.13930348258707,3.482587064676617,68.65671641791045
W00004764,284,70,38,32,214,19,195,24.647887323943664,13.380281690140844,11.267605633802818,75.35211267605634,6.690140845070422,68.66197183098592
W00004765,278,69,37,32,209,15,194,24.820143884892087,13.309352517985612,11.510791366906476,75.17985611510791,5.39568345323741,69.7841726618705
W00004766,279,58,25,33,221,20,201,20.78853046594982,8.960573476702509,11.827956989247312,79.21146953405018,7.168458781362006,72.04301075268818
W00004767,153,73,41,32,80,6,74,47.712418300653596,26.797385620915033,20.915032679738562,52.28758169934641,3.9215686274509802,48.366013071895424
W00004768,246,60,38,22,186,17,169,24.390243902439025,15.447154471544716,8.94308943089431,75.60975609756098,6.910569105691057,68.69918699186992
W00004769,241,76,29,47,165,11,154,31.535269709543567,12.033195020746888,19.502074688796682,68.46473029045643,4.564315352697095,63.90041493775933
W00004770,391,88,37,51,303,26,277,22.506393861892583,9.462915601023019,13.043478260869565,77.49360613810742,6.649616368286446,70.84398976982096
W00004771,257,68,40,28,189,17,172,26.459143968871597,15.56420233463035,10.894941634241246,73.54085603112841,6.614785992217899,66.9260700389105
W00004772,280,66,36,30,214,18,196,23.57142857142857,12.857142857142856,10.714285714285714,76.42857142857142,6.428571428571428,70
W00004773,276,72,32,40,204,19,185,26.08695652173913,11.594202898550725,14.492753623188406,73.91304347826086,6.884057971014493,67.02898550724638
W00004774,259,76,48,28,183,17,166,29.343629343629345,18.53281853281853,10.81081081081081,70.65637065637065,6.563706563706563,64.0926640926641
W00004775,285,62,34,28,223,19,204,21.75438596491228,11.929824561403509,9.824561403508772,78.24561403508771,6.666666666666667,71.57894736842105
W00004776,264,55,25,30,209,13,196,20.833333333333336,9.469696969696969,11.363636363636363,79.16666666666666,4.924242424242424,74.24242424242425
W00004777,290,79,42,37,211,16,195,27.241379310344826,14.482758620689657,12.758620689655173,72.75862068965517,5.517241379310345,67.24137931034483
W00004778,233,67,31,36,166,16,150,28.75536480686695,13.304721030042918,15.450643776824036,71.24463519313305,6.866952789699571,64.37768240343348
W00004779,281,91,48,43,190,18,172,32.38434163701068,17.08185053380783,15.302491103202847,67.61565836298932,6.405693950177936,61.20996441281139
W00004780,275,83,43,40,192,14,178,30.181818181818183,15.636363636363637,14.545454545454545,69.81818181818183,5.090909090909091,64.72727272727272
W00004781,350,128,70,58,222,15,207,36.57142857142857,20,16.57142857142857,63.42857142857142,4.285714285714286,59.14285714285714
W00004782,331,96,62,34,235,13,222,29.003021148036257,18.731117824773413,10.27190332326284,70.99697885196375,3.927492447129909,67.06948640483384
W00004783,325,101,54,47,224,16,208,31.076923076923073,16.615384615384617,14.461538461538462,68.92307692307692,4.923076923076923,64
W00004784,286,102,72,30,184,10,174,35.66433566433567,25.174825174825177,10.48951048951049,64.33566433566433,3.4965034965034967,60.83916083916085
W00004785,311,71,32,39,240,12,228,22.829581993569132,10.289389067524116,12.540192926045016,77.17041800643086,3.858520900321544,73.31189710610933
W00004786,286,60,33,27,226,15,211,20.97902097902098,11.538461538461538,9.44055944055944,79.02097902097903,5.244755244755245,73.77622377622379
W00004787,257,59,29,30,198,16,182,22.957198443579767,11.284046692607005,11.673151750972762,77.04280155642024,6.22568093385214,70.8171206225681
W00004788,279,65,29,36,214,30,184,23.297491039426525,10.39426523297491,12.903225806451612,76.70250896057348,10.75268817204301,65.94982078853047
W00004789,342,50,26,24,292,22,270,14.619883040935672,7.602339181286549,7.017543859649122,85.38011695906432,6.432748538011696,78.94736842105263
W00004790,292,84,45,39,208,17,191,28.767123287671232,15.41095890410959,13.356164383561644,71.23287671232876,5.821917808219178,65.41095890410958
W00004791,282,95,49,46,187,18,169,33.687943262411345,17.375886524822697,16.312056737588655,66.31205673758865,6.382978723404255,59.9290780141844
W00004792,581,89,35,54,492,42,450,15.3184165232358,6.024096385542169,9.294320137693632,84.6815834767642,7.228915662650602,77.4526678141136
W00004793,339,117,67,50,222,28,194,34.51327433628318,19.76401179941003,14.749262536873156,65.48672566371681,8.259587020648967,57.227138643067846
W00004794,284,70,42,28,214,26,188,24.647887323943664,14.788732394366196,9.859154929577464,75.35211267605634,9.15492957746479,66.19718309859155
W00004795,242,64,31,33,178,19,159,26.446280991735538,12.8099173553719,13.636363636363635,73.55371900826447,7.851239669421488,65.70247933884298
W00004796,269,67,36,31,202,12,190,24.907063197026023,13.382899628252787,11.524163568773234,75.09293680297398,4.4609665427509295,70.63197026022306
W00004797,279,57,27,30,222,15,207,20.43010752688172,9.67741935483871,10.75268817204301,79.56989247311827,5.376344086021505,74.19354838709677
W00004798,280,76,44,32,204,16,188,27.142857142857142,15.714285714285714,11.428571428571429,72.85714285714285,5.714285714285714,67.14285714285714
W00004799,278,71,38,33,207,10,197,25.539568345323744,13.66906474820144,11.870503597122301,74.46043165467626,3.5971223021582732,70.86330935251799
W00004800,227,98,60,38,129,14,115,43.17180616740088,26.431718061674008,16.740088105726873,56.82819383259912,6.167400881057269,50.66079295154186
W00004801,278,54,19,35,224,17,207,19.424460431654676,6.83453237410072,12.589928057553957,80.57553956834532,6.115107913669065,74.46043165467626
W00004802,312,81,33,48,231,19,212,25.961538461538463,10.576923076923077,15.384615384615385,74.03846153846155,6.089743589743589,67.94871794871796
W00004803,264,70,32,38,194,16,178,26.515151515151516,12.121212121212121,14.393939393939394,73.48484848484848,6.0606060606060606,67.42424242424242
W00004804,308,86,40,46,222,16,206,27.92207792207792,12.987012987012985,14.935064935064934,72.07792207792207,5.194805194805195,66.88311688311688
W00004805,226,94,55,39,132,17,115,41.5929203539823,24.336283185840706,17.25663716814159,58.4070796460177,7.52212389380531,50.88495575221239
W00004806,240,85,45,40,155,15,140,35.41666666666667,18.75,16.666666666666664,64.58333333333334,6.25,58.333333333333336
W00004807,282,49,28,21,233,15,218,17.375886524822697,9.929078014184398,7.446808510638298,82.62411347517731,5.319148936170213,77.30496453900709
W00004808,295,60,33,27,235,26,209,20.33898305084746,11.186440677966102,9.152542372881356,79.66101694915254,8.813559322033898,70.84745762711864
W00004809,412,52,28,24,360,34,326,12.62135922330097,6.796116504854369,5.825242718446602,87.37864077669903,8.25242718446602,79.12621359223301
W00004810,307,45,22,23,262,28,234,14.65798045602606,7.166123778501629,7.491856677524431,85.34201954397395,9.120521172638437,76.2214983713355
W00004811,306,42,21,21,264,19,245,13.725490196078432,6.862745098039216,6.862745098039216,86.27450980392157,6.209150326797386,80.06535947712419
W00004812,276,53,21,32,223,20,203,19.202898550724637,7.608695652173914,11.594202898550725,80.79710144927536,7.246376811594203,73.55072463768117
W00004813,147,29,15,14,118,12,106,19.727891156462583,10.204081632653061,9.523809523809524,80.27210884353741,8.16326530612245,72.10884353741497
W00004814,269,87,55,32,182,19,163,32.342007434944236,20.44609665427509,11.895910780669144,67.65799256505576,7.063197026022305,60.594795539033456
W00004815,260,53,22,31,207,28,179,20.384615384615383,8.461538461538462,11.923076923076923,79.61538461538461,10.76923076923077,68.84615384615384
W00004816,235,57,26,31,178,21,157,24.25531914893617,11.063829787234042,13.191489361702127,75.74468085106383,8.936170212765958,66.80851063829788
W00004817,250,40,17,23,210,23,187,16,6.800000000000001,9.2,84,9.2,74.8
W00004818,250,46,20,26,204,13,191,18.4,8,10.4,81.6,5.2,76.4
W00004819,281,95,62,33,186,15,171,33.80782918149466,22.064056939501782,11.743772241992882,66.19217081850533,5.338078291814947,60.854092526690394
W00004820,225,60,27,33,165,20,145,26.666666666666668,12,14.666666666666666,73.33333333333333,8.88888888888889,64.44444444444444
W00004821,291,62,34,28,229,29,200,21.305841924398624,11.683848797250858,9.621993127147768,78.69415807560138,9.965635738831615,68.72852233676976
W00004822,300,39,13,26,261,25,236,13,4.333333333333334,8.666666666666668,87,8.333333333333332,78.66666666666666
W00004823,304,36,10,26,268,28,240,11.842105263157894,3.289473684210526,8.552631578947368,88.1578947368421,9.210526315789473,78.94736842105263
W00004824,424,44,19,25,380,38,342,10.377358490566039,4.481132075471698,5.89622641509434,89.62264150943396,8.962264150943396,80.66037735849056
W00004825,224,41,18,23,183,16,167,18.303571428571427,8.035714285714286,10.267857142857142,81.69642857142857,7.142857142857142,74.55357142857143
W00004826,236,49,26,23,187,20,167,20.76271186440678,11.016949152542372,9.745762711864407,79.23728813559322,8.47457627118644,70.76271186440678
W00004827,283,55,26,29,228,20,208,19.434628975265017,9.187279151943462,10.247349823321555,80.56537102473497,7.06713780918728,73.4982332155477
W00004828,257,85,48,37,172,7,165,33.07392996108949,18.67704280155642,14.396887159533073,66.9260700389105,2.7237354085603114,64.2023346303502
W00004829,264,105,68,37,159,18,141,39.77272727272727,25.757575757575758,14.015151515151514,60.22727272727273,6.8181818181818175,53.40909090909091
W00004830,290,81,41,40,209,17,192,27.93103448275862,14.13793103448276,13.793103448275861,72.06896551724138,5.862068965517241,66.20689655172414
W00004831,315,84,42,42,231,17,214,26.666666666666668,13.333333333333334,13.333333333333334,73.33333333333333,5.396825396825397,67.93650793650794
W00004832,276,101,62,39,175,23,152,36.594202898550726,22.463768115942027,14.130434782608695,63.40579710144928,8.333333333333332,55.072463768115945
W00004833,544,80,35,45,464,40,424,14.705882352941178,6.4338235294117645,8.272058823529411,85.29411764705883,7.352941176470589,77.94117647058823
W00004834,276,49,28,21,227,13,214,17.753623188405797,10.144927536231885,7.608695652173914,82.2463768115942,4.710144927536232,77.53623188405797
W00004836,234,59,30,29,175,11,164,25.213675213675213,12.82051282051282,12.393162393162394,74.78632478632478,4.700854700854701,70.08547008547008
W00004837,236,41,26,15,195,23,172,17.372881355932204,11.016949152542372,6.3559322033898304,82.62711864406779,9.745762711864407,72.88135593220339
W00004838,340,71,37,34,269,29,240,20.88235294117647,10.882352941176471,10,79.11764705882352,8.529411764705882,70.58823529411765
W00004839,278,67,29,38,211,20,191,24.100719424460433,10.431654676258994,13.66906474820144,75.89928057553958,7.1942446043165464,68.70503597122301
W00004840,255,50,34,16,205,15,190,19.607843137254903,13.333333333333334,6.2745098039215685,80.3921568627451,5.88235294117647,74.50980392156863
W00004841,238,49,21,28,189,15,174,20.588235294117645,8.823529411764707,11.76470588235294,79.41176470588235,6.302521008403361,73.10924369747899
W00004842,273,52,23,29,221,20,201,19.047619047619047,8.424908424908425,10.622710622710622,80.95238095238095,7.326007326007327,73.62637362637363
W00004843,280,52,21,31,228,13,215,18.571428571428573,7.5,11.071428571428571,81.42857142857143,4.642857142857143,76.78571428571429
W00004844,295,43,17,26,252,25,227,14.576271186440678,5.762711864406779,8.813559322033898,85.42372881355932,8.47457627118644,76.94915254237287
W00004845,253,76,30,46,177,23,154,30.039525691699602,11.857707509881422,18.181818181818183,69.96047430830039,9.090909090909092,60.86956521739131
W00004846,217,63,21,42,154,13,141,29.03225806451613,9.67741935483871,19.35483870967742,70.96774193548387,5.990783410138248,64.97695852534562
W00004847,277,54,34,20,223,17,206,19.494584837545126,12.274368231046932,7.2202166064981945,80.50541516245488,6.137184115523466,74.36823104693141
W00004848,349,119,67,52,230,15,215,34.097421203438394,19.197707736389685,14.899713467048711,65.90257879656161,4.297994269340974,61.60458452722063
W00004849,243,68,30,38,175,25,150,27.983539094650205,12.345679012345679,15.637860082304528,72.0164609053498,10.2880658436214,61.72839506172839
W00004850,248,70,38,32,178,19,159,28.225806451612907,15.32258064516129,12.903225806451612,71.7741935483871,7.661290322580645,64.11290322580645
W00004851,389,71,23,48,318,35,283,18.251928020565554,5.912596401028278,12.339331619537274,81.74807197943444,8.997429305912597,72.75064267352185
W00004852,309,66,36,30,243,27,216,21.35922330097087,11.650485436893204,9.70873786407767,78.64077669902912,8.737864077669903,69.90291262135922
W00004853,298,109,72,37,189,20,169,36.577181208053695,24.161073825503358,12.416107382550337,63.42281879194631,6.7114093959731544,56.711409395973156
W00004854,262,56,23,33,206,19,187,21.374045801526716,8.778625954198473,12.595419847328243,78.62595419847328,7.251908396946565,71.37404580152672
W00004855,251,86,48,38,165,16,149,34.26294820717131,19.12350597609562,15.139442231075698,65.73705179282868,6.374501992031872,59.36254980079681
W00004856,303,79,32,47,224,12,212,26.072607260726073,10.561056105610561,15.51155115511551,73.92739273927393,3.9603960396039604,69.96699669966998
W00004857,360,107,39,68,253,36,217,29.72222222222222,10.833333333333334,18.88888888888889,70.27777777777777,10,60.27777777777777
W00004858,307,73,38,35,234,20,214,23.778501628664493,12.37785016286645,11.400651465798045,76.2214983713355,6.514657980456026,69.70684039087948
W00004859,332,98,56,42,234,16,218,29.518072289156628,16.867469879518072,12.650602409638553,70.48192771084338,4.819277108433735,65.66265060240963
W00004860,262,57,28,29,205,27,178,21.755725190839694,10.687022900763358,11.068702290076336,78.2442748091603,10.305343511450381,67.93893129770993
W00004861,260,61,36,25,199,16,183,23.46153846153846,13.846153846153847,9.615384615384617,76.53846153846153,6.153846153846154,70.38461538461539
W00004862,329,79,47,32,250,15,235,24.012158054711247,14.285714285714285,9.72644376899696,75.98784194528876,4.5592705167173255,71.42857142857143
W00004863,330,115,56,59,215,12,203,34.84848484848485,16.969696969696972,17.87878787878788,65.15151515151516,3.6363636363636362,61.51515151515151
W00004864,317,92,60,32,225,18,207,29.02208201892745,18.92744479495268,10.094637223974763,70.97791798107255,5.678233438485805,65.29968454258676
W00004865,368,107,60,47,261,23,238,29.076086956521742,16.304347826086957,12.771739130434783,70.92391304347827,6.25,64.67391304347827
W00004866,312,70,31,39,242,17,225,22.435897435897438,9.935897435897436,12.5,77.56410256410257,5.448717948717949,72.11538461538461
W00004867,286,65,29,36,221,13,208,22.727272727272727,10.13986013986014,12.587412587412588,77.27272727272727,4.545454545454546,72.72727272727273
W00004868,335,108,72,36,227,15,212,32.23880597014925,21.492537313432834,10.746268656716417,67.76119402985074,4.477611940298507,63.28358208955224
W00004869,240,73,37,36,167,14,153,30.416666666666664,15.416666666666668,15,69.58333333333333,5.833333333333333,63.74999999999999
W00004870,316,74,33,41,242,17,225,23.417721518987342,10.443037974683545,12.974683544303797,76.58227848101265,5.379746835443038,71.20253164556962
W00004871,307,75,25,50,232,24,208,24.429967426710096,8.143322475570033,16.286644951140065,75.57003257328991,7.81758957654723,67.75244299674267
W00004872,254,66,37,29,188,18,170,25.984251968503933,14.566929133858267,11.41732283464567,74.01574803149606,7.086614173228346,66.92913385826772
W00004873,274,52,22,30,222,16,206,18.97810218978102,8.02919708029197,10.948905109489052,81.02189781021897,5.839416058394161,75.18248175182481
W00004874,277,58,22,36,219,21,198,20.938628158844764,7.9422382671480145,12.996389891696749,79.06137184115524,7.581227436823104,71.48014440433214
W00004875,289,67,28,39,222,13,209,23.18339100346021,9.688581314878892,13.494809688581316,76.8166089965398,4.498269896193772,72.31833910034602
W00004877,271,65,37,28,206,22,184,23.985239852398525,13.653136531365314,10.33210332103321,76.01476014760148,8.118081180811808,67.89667896678966
W00004879,579,108,46,62,471,37,434,18.65284974093264,7.9447322970639025,10.708117443868739,81.34715025906736,6.390328151986183,74.95682210708118
W00004882,301,88,40,48,213,14,199,29.2358803986711,13.2890365448505,15.946843853820598,70.7641196013289,4.651162790697675,66.11295681063123
W00004883,358,101,56,45,257,35,222,28.212290502793298,15.64245810055866,12.569832402234638,71.7877094972067,9.776536312849162,62.01117318435754
W00004884,273,64,33,31,209,26,183,23.44322344322344,12.087912087912088,11.355311355311356,76.55677655677655,9.523809523809524,67.03296703296702
W00004885,299,76,32,44,223,16,207,25.418060200668897,10.702341137123746,14.715719063545151,74.5819397993311,5.351170568561873,69.23076923076923
W00004886,338,62,29,33,276,20,256,18.34319526627219,8.579881656804734,9.763313609467456,81.65680473372781,5.9171597633136095,75.7396449704142
W00004887,285,115,69,46,170,18,152,40.35087719298245,24.210526315789473,16.140350877192983,59.64912280701754,6.315789473684211,53.333333333333336
W00004888,384,95,45,50,289,32,257,24.739583333333336,11.71875,13.020833333333334,75.26041666666666,8.333333333333332,66.92708333333334
W00004889,296,65,28,37,231,19,212,21.95945945945946,9.45945945945946,12.5,78.04054054054053,6.418918918918918,71.62162162162163
W00004890,257,76,38,38,181,23,158,29.571984435797667,14.785992217898833,14.785992217898833,70.42801556420234,8.949416342412452,61.478599221789885
W00004891,312,81,45,36,231,21,210,25.961538461538463,14.423076923076922,11.538461538461538,74.03846153846155,6.730769230769231,67.3076923076923
W00004892,276,75,47,28,201,16,185,27.173913043478258,17.02898550724638,10.144927536231885,72.82608695652173,5.797101449275362,67.02898550724638
W00004893,161,68,44,24,93,7,86,42.2360248447205,27.32919254658385,14.906832298136646,57.7639751552795,4.3478260869565215,53.41614906832298
W00004894,272,80,35,45,192,15,177,29.411764705882355,12.867647058823529,16.544117647058822,70.58823529411765,5.514705882352941,65.07352941176471
W00004895,238,61,26,35,177,12,165,25.630252100840334,10.92436974789916,14.705882352941178,74.36974789915966,5.042016806722689,69.32773109243698
W00004896,326,135,93,42,191,22,169,41.41104294478527,28.52760736196319,12.883435582822086,58.58895705521472,6.748466257668712,51.84049079754601
W00004897,330,83,44,39,247,23,224,25.151515151515152,13.333333333333334,11.818181818181818,74.84848484848486,6.969696969696971,67.87878787878789
W00004898,344,92,51,41,252,20,232,26.744186046511626,14.825581395348838,11.918604651162791,73.25581395348837,5.813953488372093,67.44186046511628
W00004899,283,101,63,38,182,11,171,35.68904593639576,22.261484098939928,13.427561837455832,64.31095406360424,3.8869257950530036,60.42402826855123
W00004900,187,70,50,20,117,12,105,37.4331550802139,26.737967914438503,10.695187165775401,62.56684491978609,6.417112299465241,56.14973262032086
W00004901,259,103,63,40,156,10,146,39.768339768339764,24.324324324324326,15.444015444015443,60.231660231660236,3.861003861003861,56.37065637065637
W00004902,237,71,47,24,166,8,158,29.957805907172997,19.831223628691983,10.126582278481013,70.042194092827,3.375527426160337,66.66666666666666
W00004903,311,82,44,38,229,33,196,26.366559485530544,14.14790996784566,12.218649517684888,73.63344051446946,10.610932475884244,63.022508038585215
W00004904,107,12,2,10,95,8,87,11.214953271028037,1.8691588785046727,9.345794392523365,88.78504672897196,7.476635514018691,81.30841121495327
W00004905,274,86,52,34,188,13,175,31.386861313868614,18.97810218978102,12.408759124087592,68.61313868613139,4.744525547445255,63.868613138686136
W00004906,233,59,36,23,174,15,159,25.321888412017167,15.450643776824036,9.871244635193133,74.67811158798283,6.437768240343347,68.24034334763948
W00004907,241,61,31,30,180,15,165,25.311203319502074,12.863070539419086,12.448132780082988,74.68879668049793,6.224066390041494,68.46473029045643
W00004908,224,48,20,28,176,16,160,21.428571428571427,8.928571428571429,12.5,78.57142857142857,7.142857142857142,71.42857142857143
W00004909,305,77,39,38,228,15,213,25.245901639344265,12.786885245901638,12.459016393442624,74.75409836065575,4.918032786885246,69.83606557377048
W00004910,259,78,46,32,181,12,169,30.115830115830118,17.760617760617762,12.355212355212355,69.88416988416989,4.633204633204633,65.25096525096525
W00004911,243,50,20,30,193,9,184,20.5761316872428,8.23045267489712,12.345679012345679,79.42386831275721,3.7037037037037033,75.7201646090535
W00004912,271,79,37,42,192,16,176,29.15129151291513,13.653136531365314,15.498154981549817,70.84870848708486,5.904059040590406,64.94464944649447
W00004913,334,93,47,46,241,17,224,27.844311377245507,14.071856287425149,13.77245508982036,72.15568862275448,5.089820359281437,67.06586826347305
W00004914,211,78,40,38,133,12,121,36.96682464454976,18.95734597156398,18.009478672985782,63.03317535545023,5.687203791469194,57.345971563981045
W00004915,204,58,33,25,146,8,138,28.431372549019606,16.176470588235293,12.254901960784313,71.56862745098039,3.9215686274509802,67.64705882352942
W00004916,235,61,35,26,174,11,163,25.957446808510635,14.893617021276595,11.063829787234042,74.04255319148936,4.680851063829787,69.36170212765957
W00004917,290,73,46,27,217,15,202,25.17241379310345,15.862068965517242,9.310344827586208,74.82758620689656,5.172413793103448,69.6551724137931
W00004918,227,67,40,27,160,13,147,29.515418502202646,17.62114537444934,11.894273127753303,70.48458149779736,5.726872246696035,64.75770925110133
W00004919,242,46,23,23,196,8,188,19.00826446280992,9.50413223140496,9.50413223140496,80.99173553719008,3.3057851239669422,77.68595041322314
W00004920,235,50,19,31,185,9,176,21.27659574468085,8.085106382978724,13.191489361702127,78.72340425531915,3.829787234042553,74.8936170212766
W00004921,270,51,20,31,219,8,211,18.88888888888889,7.4074074074074066,11.481481481481481,81.11111111111111,2.9629629629629632,78.14814814814814
W00004922,265,80,39,41,185,15,170,30.18867924528302,14.716981132075471,15.471698113207546,69.81132075471697,5.660377358490567,64.15094339622641
W00004923,282,57,28,29,225,17,208,20.212765957446805,9.929078014184398,10.28368794326241,79.7872340425532,6.028368794326241,73.75886524822694
W00004924,292,101,57,44,191,14,177,34.58904109589041,19.52054794520548,15.068493150684931,65.41095890410958,4.794520547945205,60.61643835616438
W00004925,304,73,31,42,231,20,211,24.013157894736842,10.197368421052632,13.815789473684212,75.98684210526315,6.578947368421052,69.4078947368421
W00004926,300,95,62,33,205,21,184,31.666666666666664,20.666666666666668,11,68.33333333333333,7.000000000000001,61.33333333333333
W00004927,337,81,33,48,256,22,234,24.03560830860534,9.792284866468842,14.243323442136498,75.96439169139467,6.528189910979229,69.43620178041543
W00004928,284,78,42,36,206,13,193,27.464788732394368,14.788732394366196,12.676056338028168,72.53521126760563,4.577464788732395,67.95774647887323
W00004929,250,63,31,32,187,16,171,25.2,12.4,12.8,74.8,6.4,68.4
W00004930,317,98,65,33,219,18,201,30.914826498422716,20.50473186119874,10.410094637223976,69.08517350157729,5.678233438485805,63.40694006309149
W00004931,365,79,39,40,286,30,256,21.643835616438356,10.684931506849315,10.95890410958904,78.35616438356165,8.21917808219178,70.13698630136986
W00004932,378,70,25,45,308,22,286,18.51851851851852,6.613756613756613,11.904761904761903,81.48148148148148,5.82010582010582,75.66137566137566
W00004934,318,77,45,32,241,10,231,24.21383647798742,14.150943396226415,10.062893081761008,75.78616352201259,3.1446540880503147,72.64150943396226
W00004935,308,104,53,51,204,17,187,33.76623376623377,17.20779220779221,16.558441558441558,66.23376623376623,5.51948051948052,60.71428571428571
W00004936,301,76,33,43,225,13,212,25.249169435215947,10.96345514950166,14.285714285714285,74.75083056478405,4.318936877076411,70.43189368770764
W00004937,221,66,42,24,155,15,140,29.86425339366516,19.004524886877828,10.85972850678733,70.13574660633483,6.787330316742081,63.348416289592755
W00004938,265,62,23,39,203,17,186,23.39622641509434,8.679245283018867,14.716981132075471,76.60377358490567,6.415094339622642,70.18867924528301
W00004939,295,100,57,43,195,18,177,33.89830508474576,19.322033898305087,14.576271186440678,66.10169491525424,6.101694915254238,60
W00004940,118,33,14,19,85,9,76,27.966101694915253,11.864406779661017,16.101694915254235,72.03389830508475,7.627118644067797,64.40677966101694
W00004941,358,116,82,34,242,23,219,32.402234636871505,22.905027932960895,9.497206703910614,67.59776536312849,6.424581005586592,61.1731843575419
W00004942,177,64,38,26,113,8,105,36.15819209039548,21.468926553672315,14.689265536723164,63.84180790960452,4.519774011299435,59.32203389830508
W00004943,218,67,36,31,151,8,143,30.73394495412844,16.51376146788991,14.220183486238533,69.26605504587155,3.669724770642202,65.59633027522935
W00004944,319,74,40,34,245,20,225,23.197492163009404,12.539184952978054,10.658307210031348,76.8025078369906,6.269592476489027,70.53291536050156
W00004945,265,78,44,34,187,17,170,29.433962264150942,16.60377358490566,12.830188679245284,70.56603773584905,6.415094339622642,64.15094339622641
W00004946,317,124,70,54,193,13,180,39.11671924290221,22.082018927444793,17.034700315457414,60.88328075709779,4.100946372239748,56.782334384858046
W00004947,262,57,27,30,205,15,190,21.755725190839694,10.305343511450381,11.450381679389313,78.2442748091603,5.7251908396946565,72.51908396946564
W00004948,149,48,27,21,101,6,95,32.21476510067114,18.120805369127517,14.093959731543624,67.78523489932886,4.026845637583892,63.758389261744966
W00004949,145,58,35,23,87,7,80,40,24.137931034482758,15.862068965517242,60,4.827586206896552,55.172413793103445
W00004950,326,116,76,40,210,13,197,35.58282208588957,23.31288343558282,12.269938650306749,64.41717791411043,3.9877300613496933,60.42944785276073
W00004951,261,73,40,33,188,11,177,27.969348659003828,15.32567049808429,12.643678160919542,72.03065134099617,4.21455938697318,67.81609195402298
W00004952,307,54,26,28,253,22,231,17.58957654723127,8.469055374592834,9.120521172638437,82.41042345276874,7.166123778501629,75.2442996742671
W00004953,422,126,66,60,296,24,272,29.85781990521327,15.639810426540285,14.218009478672986,70.14218009478674,5.687203791469194,64.45497630331754
W00004954,262,61,34,27,201,11,190,23.282442748091604,12.977099236641221,10.305343511450381,76.7175572519084,4.198473282442748,72.51908396946564
W00004955,367,109,56,53,258,20,238,29.70027247956403,15.258855585831062,14.441416893732969,70.29972752043598,5.449591280653951,64.85013623978202
W00004956,241,75,40,35,166,16,150,31.12033195020747,16.59751037344398,14.522821576763487,68.87966804979253,6.639004149377594,62.24066390041494
W00004958,382,71,34,37,311,27,284,18.586387434554975,8.900523560209423,9.68586387434555,81.41361256544502,7.068062827225131,74.3455497382199
W00004960,327,68,39,29,259,22,237,20.795107033639145,11.926605504587156,8.868501529051988,79.20489296636084,6.727828746177369,72.47706422018348
W00004961,253,60,23,37,193,15,178,23.715415019762844,9.090909090909092,14.624505928853754,76.28458498023716,5.928853754940711,70.35573122529645
W00004962,268,65,35,30,203,25,178,24.253731343283583,13.059701492537313,11.194029850746269,75.74626865671642,9.328358208955224,66.4179104477612
W00004963,276,82,32,50,194,18,176,29.71014492753623,11.594202898550725,18.115942028985508,70.28985507246377,6.521739130434782,63.76811594202898
W00004964,217,82,49,33,135,10,125,37.78801843317972,22.58064516129032,15.207373271889402,62.21198156682027,4.6082949308755765,57.6036866359447
W00004965,307,64,22,42,243,25,218,20.846905537459286,7.166123778501629,13.680781758957655,79.15309446254072,8.143322475570033,71.00977198697068
W00004966,253,77,40,37,176,26,150,30.434782608695656,15.810276679841898,14.624505928853754,69.56521739130434,10.276679841897234,59.28853754940712
W00004968,304,85,45,40,219,20,199,27.960526315789476,14.802631578947366,13.157894736842104,72.03947368421053,6.578947368421052,65.46052631578947
W00004969,260,74,44,30,186,16,170,28.46153846153846,16.923076923076923,11.538461538461538,71.53846153846153,6.153846153846154,65.38461538461539
W00004970,228,91,53,38,137,20,117,39.91228070175439,23.24561403508772,16.666666666666664,60.08771929824561,8.771929824561402,51.31578947368421
W00004971,253,75,41,34,178,12,166,29.64426877470356,16.205533596837945,13.438735177865613,70.35573122529645,4.743083003952568,65.61264822134387
W00004972,263,68,37,31,195,10,185,25.85551330798479,14.068441064638785,11.787072243346007,74.1444866920152,3.802281368821293,70.34220532319392
W00004973,293,113,70,43,180,18,162,38.56655290102389,23.890784982935152,14.675767918088736,61.43344709897611,6.143344709897611,55.2901023890785
W00004974,236,71,34,37,165,14,151,30.08474576271186,14.40677966101695,15.677966101694915,69.91525423728814,5.932203389830509,63.983050847457626
W00004975,269,88,41,47,181,12,169,32.71375464684015,15.241635687732341,17.472118959107807,67.28624535315984,4.4609665427509295,62.825278810408925
W00004976,205,73,43,30,132,8,124,35.609756097560975,20.975609756097562,14.634146341463413,64.39024390243902,3.902439024390244,60.48780487804878
W00004977,241,65,29,36,176,15,161,26.970954356846473,12.033195020746888,14.937759336099585,73.02904564315352,6.224066390041494,66.80497925311202
W00004978,191,75,44,31,116,11,105,39.26701570680628,23.036649214659686,16.230366492146597,60.73298429319372,5.7591623036649215,54.973821989528794
W00004979,311,80,39,41,231,15,216,25.723472668810288,12.540192926045016,13.183279742765272,74.27652733118971,4.823151125401929,69.45337620578779
W00004980,284,86,45,41,198,20,178,30.28169014084507,15.845070422535212,14.43661971830986,69.71830985915493,7.042253521126761,62.676056338028175
W00004981,258,81,42,39,177,23,154,31.3953488372093,16.27906976744186,15.11627906976744,68.6046511627907,8.914728682170542,59.68992248062015
W00004982,260,87,46,41,173,10,163,33.46153846153846,17.692307692307693,15.769230769230768,66.53846153846153,3.8461538461538463,62.69230769230769
W00004983,247,82,44,38,165,14,151,33.198380566801625,17.813765182186234,15.384615384615385,66.80161943319838,5.668016194331984,61.1336032388664
W00004984,258,100,57,43,158,10,148,38.759689922480625,22.093023255813954,16.666666666666664,61.240310077519375,3.875968992248062,57.36434108527132
W00004985,182,61,26,35,121,6,115,33.51648351648351,14.285714285714285,19.230769230769234,66.48351648351648,3.296703296703297,63.18681318681318
W00004986,278,69,35,34,209,16,193,24.820143884892087,12.589928057553957,12.23021582733813,75.17985611510791,5.755395683453238,69.42446043165468
W00004987,344,112,66,46,232,15,217,32.55813953488372,19.186046511627907,13.372093023255813,67.44186046511628,4.3604651162790695,63.08139534883721
W00004988,216,72,35,37,144,23,121,33.33333333333333,16.203703703703702,17.12962962962963,66.66666666666666,10.648148148148149,56.018518518518526
W00004989,222,43,22,21,179,6,173,19.36936936936937,9.90990990990991,9.45945945945946,80.63063063063063,2.7027027027027026,77.92792792792793
W00004990,220,73,32,41,147,20,127,33.18181818181819,14.545454545454545,18.636363636363637,66.81818181818183,9.090909090909092,57.72727272727273
W00004991,283,93,46,47,190,21,169,32.86219081272085,16.25441696113074,16.607773851590103,67.13780918727915,7.420494699646643,59.717314487632514
W00004992,158,72,35,37,86,9,77,45.56962025316456,22.151898734177212,23.417721518987342,54.43037974683544,5.69620253164557,48.734177215189874
W00004993,239,73,43,30,166,9,157,30.543933054393307,17.99163179916318,12.552301255230125,69.4560669456067,3.765690376569038,65.69037656903765
W00004994,207,63,38,25,144,19,125,30.434782608695656,18.357487922705314,12.077294685990339,69.56521739130434,9.178743961352657,60.38647342995169
W00004995,201,82,43,39,119,14,105,40.79601990049751,21.393034825870647,19.402985074626866,59.20398009950249,6.965174129353234,52.23880597014925
W00004996,205,67,32,35,138,10,128,32.6829268292683,15.609756097560975,17.073170731707318,67.31707317073172,4.878048780487805,62.4390243902439
W00004997,283,116,65,51,167,18,149,40.98939929328622,22.968197879858657,18.021201413427562,59.01060070671378,6.36042402826855,52.65017667844523
W00004998,316,52,20,32,264,19,245,16.455696202531644,6.329113924050633,10.126582278481013,83.54430379746836,6.012658227848101,77.53164556962025
W00004999,335,65,36,29,270,25,245,19.402985074626866,10.746268656716417,8.656716417910449,80.59701492537313,7.462686567164178,73.13432835820896
W00005000,299,111,64,47,188,18,170,37.12374581939799,21.40468227424749,15.719063545150503,62.87625418060201,6.0200668896321075,56.85618729096989
W00005001,281,97,56,41,184,17,167,34.519572953736656,19.9288256227758,14.590747330960854,65.48042704626334,6.049822064056939,59.430604982206404
W00005002,323,104,57,47,219,18,201,32.19814241486068,17.647058823529413,14.551083591331269,67.80185758513932,5.572755417956656,62.22910216718266
W00005003,282,93,53,40,189,18,171,32.97872340425532,18.79432624113475,14.184397163120568,67.02127659574468,6.382978723404255,60.63829787234043
W00005004,266,71,36,35,195,12,183,26.691729323308273,13.533834586466165,13.157894736842104,73.30827067669173,4.511278195488721,68.796992481203
W00005005,309,56,24,32,253,20,233,18.12297734627832,7.766990291262135,10.355987055016183,81.87702265372168,6.472491909385113,75.40453074433657
W00005006,303,38,18,20,265,22,243,12.541254125412541,5.9405940594059405,6.6006600660066,87.45874587458746,7.2607260726072615,80.19801980198021
W00005007,245,62,33,29,183,16,167,25.30612244897959,13.46938775510204,11.83673469387755,74.6938775510204,6.530612244897959,68.16326530612244
W00005008,287,51,18,33,236,14,222,17.770034843205575,6.2717770034843205,11.498257839721255,82.22996515679442,4.878048780487805,77.35191637630662
W00005009,314,89,44,45,225,15,210,28.343949044585987,14.012738853503185,14.331210191082802,71.656050955414,4.777070063694268,66.87898089171973
W00005010,263,47,29,18,216,16,200,17.870722433460077,11.02661596958175,6.844106463878327,82.12927756653993,6.083650190114068,76.04562737642586
W00005011,292,54,27,27,238,20,218,18.493150684931507,9.246575342465754,9.246575342465754,81.5068493150685,6.8493150684931505,74.65753424657534
W00005012,282,52,28,24,230,16,214,18.439716312056735,9.929078014184398,8.51063829787234,81.56028368794325,5.673758865248227,75.88652482269504
W00005013,298,71,37,34,227,17,210,23.825503355704697,12.416107382550337,11.409395973154362,76.1744966442953,5.704697986577181,70.46979865771812
W00005014,276,65,34,31,211,20,191,23.55072463768116,12.318840579710146,11.231884057971014,76.44927536231883,7.246376811594203,69.20289855072464
W00005015,466,149,82,67,317,13,304,31.97424892703863,17.59656652360515,14.377682403433475,68.02575107296137,2.7896995708154506,65.23605150214593
W00005016,317,85,48,37,232,8,224,26.813880126182966,15.141955835962145,11.67192429022082,73.18611987381703,2.5236593059936907,70.66246056782335
W00005017,251,67,36,31,184,17,167,26.693227091633464,14.342629482071715,12.350597609561753,73.30677290836654,6.772908366533864,66.53386454183267
W00005018,205,56,37,19,149,11,138,27.31707317073171,18.048780487804876,9.268292682926829,72.6829268292683,5.365853658536586,67.31707317073172
W00005019,395,100,58,42,295,19,276,25.31645569620253,14.683544303797468,10.632911392405063,74.68354430379746,4.810126582278481,69.87341772151898
W00005020,318,76,48,28,242,8,234,23.89937106918239,15.09433962264151,8.80503144654088,76.10062893081762,2.515723270440252,73.58490566037736
W00005021,275,54,24,30,221,17,204,19.636363636363637,8.727272727272728,10.909090909090908,80.36363636363636,6.181818181818182,74.18181818181819
W00005022,338,98,53,45,240,25,215,28.994082840236686,15.680473372781064,13.313609467455622,71.00591715976331,7.396449704142012,63.609467455621306
W00005023,258,51,15,36,207,21,186,19.767441860465116,5.813953488372093,13.953488372093023,80.23255813953489,8.13953488372093,72.09302325581395
W00005024,286,92,53,39,194,20,174,32.16783216783217,18.53146853146853,13.636363636363635,67.83216783216784,6.993006993006993,60.83916083916085
W00005025,310,77,39,38,233,24,209,24.838709677419356,12.580645161290322,12.258064516129032,75.16129032258064,7.741935483870968,67.41935483870968
W00005026,347,80,30,50,267,31,236,23.054755043227665,8.645533141210375,14.409221902017292,76.94524495677233,8.93371757925072,68.01152737752162
W00005027,416,109,61,48,307,22,285,26.201923076923077,14.663461538461538,11.538461538461538,73.79807692307693,5.288461538461538,68.50961538461539
W00005028,461,76,36,40,385,35,350,16.48590021691974,7.809110629067245,8.676789587852495,83.51409978308027,7.592190889370933,75.92190889370933
W00005029,440,91,52,39,349,25,324,20.681818181818183,11.818181818181818,8.863636363636363,79.31818181818183,5.681818181818182,73.63636363636363
W00005030,403,87,42,45,316,35,281,21.588089330024815,10.421836228287841,11.166253101736972,78.41191066997519,8.6848635235732,69.72704714640199
W00005031,210,75,43,32,135,20,115,35.714285714285715,20.476190476190474,15.238095238095239,64.28571428571429,9.523809523809524,54.761904761904766
W00005032,330,98,55,43,232,26,206,29.6969696969697,16.666666666666664,13.030303030303031,70.3030303030303,7.878787878787878,62.42424242424243
W00005033,209,72,43,29,137,13,124,34.44976076555024,20.574162679425836,13.875598086124402,65.55023923444976,6.220095693779904,59.33014354066985
W00005034,236,79,58,21,157,10,147,33.47457627118644,24.576271186440678,8.898305084745763,66.52542372881356,4.23728813559322,62.28813559322034
W00005035,348,88,37,51,260,23,237,25.287356321839084,10.632183908045976,14.655172413793101,74.71264367816092,6.609195402298851,68.10344827586206
W00005036,363,100,57,43,263,17,246,27.548209366391184,15.702479338842975,11.84573002754821,72.45179063360881,4.683195592286501,67.76859504132231
W00005037,305,84,47,37,221,24,197,27.54098360655738,15.40983606557377,12.131147540983607,72.45901639344262,7.868852459016394,64.59016393442623
W00005038,307,54,30,24,253,26,227,17.58957654723127,9.77198697068404,7.81758957654723,82.41042345276874,8.469055374592834,73.9413680781759
W00005039,301,97,46,51,204,16,188,32.22591362126246,15.282392026578073,16.943521594684384,67.77408637873754,5.3156146179401995,62.45847176079734
W00005040,269,88,51,37,181,15,166,32.71375464684015,18.95910780669145,13.754646840148698,67.28624535315984,5.5762081784386615,61.71003717472119
W00005041,520,108,51,57,412,38,374,20.76923076923077,9.807692307692308,10.961538461538462,79.23076923076923,7.307692307692308,71.92307692307692
W00005042,312,75,40,35,237,20,217,24.03846153846154,12.82051282051282,11.217948717948719,75.96153846153845,6.41025641025641,69.55128205128204
W00005044,276,92,47,45,184,17,167,33.33333333333333,17.02898550724638,16.304347826086957,66.66666666666666,6.159420289855073,60.507246376811594
W00005045,316,69,28,41,247,26,221,21.835443037974684,8.860759493670885,12.974683544303797,78.16455696202532,8.227848101265822,69.9367088607595
W00005046,284,52,32,20,232,13,219,18.30985915492958,11.267605633802818,7.042253521126761,81.69014084507043,4.577464788732395,77.11267605633803
W00005047,273,56,26,30,217,17,200,20.51282051282051,9.523809523809524,10.989010989010989,79.48717948717949,6.227106227106227,73.26007326007326
W00005048,287,47,18,29,240,22,218,16.376306620209057,6.2717770034843205,10.104529616724738,83.62369337979094,7.665505226480835,75.9581881533101
W00005049,368,106,64,42,262,21,241,28.804347826086957,17.391304347826086,11.41304347826087,71.19565217391305,5.706521739130435,65.48913043478261
W00005050,345,49,29,20,296,21,275,14.202898550724639,8.405797101449275,5.797101449275362,85.79710144927536,6.086956521739131,79.71014492753623
W00005051,250,48,19,29,202,20,182,19.2,7.6,11.600000000000001,80.80000000000001,8,72.8
W00005052,288,68,44,24,220,23,197,23.61111111111111,15.277777777777779,8.333333333333332,76.38888888888889,7.986111111111111,68.40277777777779
W00005053,443,72,30,42,371,28,343,16.252821670428894,6.772009029345373,9.480812641083523,83.7471783295711,6.320541760722348,77.42663656884876
W00005054,293,63,32,31,230,17,213,21.501706484641637,10.921501706484642,10.580204778156997,78.49829351535837,5.802047781569966,72.6962457337884
W00005055,322,74,41,33,248,21,227,22.981366459627328,12.732919254658384,10.248447204968944,77.01863354037268,6.521739130434782,70.4968944099379
W00005056,268,57,27,30,211,17,194,21.26865671641791,10.074626865671641,11.194029850746269,78.73134328358209,6.343283582089552,72.38805970149254
W00005057,299,67,35,32,232,15,217,22.40802675585284,11.705685618729097,10.702341137123746,77.59197324414716,5.016722408026756,72.5752508361204
W00005058,260,54,35,19,206,20,186,20.76923076923077,13.461538461538462,7.307692307692308,79.23076923076923,7.6923076923076925,71.53846153846153
W00005059,350,74,32,42,276,22,254,21.142857142857142,9.142857142857142,12,78.85714285714286,6.2857142857142865,72.57142857142857
W00005060,226,52,25,27,174,17,157,23.008849557522122,11.061946902654867,11.946902654867257,76.99115044247787,7.52212389380531,69.46902654867256
W00005061,253,81,44,37,172,14,158,32.015810276679844,17.391304347826086,14.624505928853754,67.98418972332016,5.533596837944664,62.450592885375485
W00005062,287,87,48,39,200,17,183,30.313588850174217,16.72473867595819,13.588850174216027,69.68641114982579,5.923344947735192,63.76306620209059
W00005063,251,84,59,25,167,15,152,33.46613545816733,23.50597609561753,9.9601593625498,66.53386454183267,5.9760956175298805,60.55776892430279
W00005064,279,68,37,31,211,12,199,24.372759856630825,13.261648745519713,11.11111111111111,75.62724014336918,4.301075268817205,71.32616487455196
W00005065,270,65,35,30,205,19,186,24.074074074074073,12.962962962962962,11.11111111111111,75.92592592592592,7.037037037037037,68.88888888888889
W00005066,252,70,40,30,182,9,173,27.77777777777778,15.873015873015872,11.904761904761903,72.22222222222221,3.571428571428571,68.65079365079364
W00005067,284,83,44,39,201,10,191,29.225352112676056,15.492957746478872,13.732394366197184,70.77464788732394,3.5211267605633805,67.25352112676056
W00005068,287,73,40,33,214,16,198,25.435540069686414,13.937282229965156,11.498257839721255,74.56445993031359,5.574912891986063,68.98954703832753
W00005069,315,52,18,34,263,26,237,16.507936507936506,5.714285714285714,10.793650793650794,83.4920634920635,8.253968253968253,75.23809523809524
W00005070,228,51,29,22,177,16,161,22.36842105263158,12.719298245614036,9.649122807017543,77.63157894736842,7.017543859649122,70.6140350877193
W00005071,272,66,30,36,206,28,178,24.264705882352942,11.029411764705882,13.23529411764706,75.73529411764706,10.294117647058822,65.44117647058823
W00005072,474,91,32,59,383,33,350,19.198312236286917,6.751054852320674,12.447257383966246,80.80168776371308,6.962025316455696,73.83966244725738
W00005073,165,52,31,21,113,6,107,31.515151515151512,18.787878787878785,12.727272727272727,68.48484848484848,3.6363636363636362,64.84848484848484
W00005074,240,44,16,28,196,19,177,18.333333333333332,6.666666666666667,11.666666666666666,81.66666666666667,7.916666666666666,73.75
W00005075,354,74,31,43,280,23,257,20.903954802259886,8.757062146892656,12.146892655367232,79.09604519774011,6.497175141242938,72.59887005649718
W00005076,494,96,48,48,398,29,369,19.4331983805668,9.7165991902834,9.7165991902834,80.5668016194332,5.870445344129554,74.69635627530364
W00005077,237,72,31,41,165,21,144,30.37974683544304,13.080168776371309,17.29957805907173,69.62025316455697,8.860759493670885,60.75949367088608
W00005078,323,69,32,37,254,23,231,21.36222910216718,9.907120743034056,11.455108359133128,78.63777089783281,7.120743034055728,71.51702786377709
W00005080,247,118,76,42,129,16,113,47.77327935222672,30.76923076923077,17.00404858299595,52.226720647773284,6.477732793522267,45.74898785425101
W00005081,297,101,61,40,196,11,185,34.00673400673401,20.53872053872054,13.468013468013467,65.993265993266,3.7037037037037033,62.2895622895623
W00005082,275,78,46,32,197,7,190,28.363636363636363,16.727272727272727,11.636363636363637,71.63636363636363,2.5454545454545454,69.0909090909091
W00005083,273,61,30,31,212,17,195,22.344322344322347,10.989010989010989,11.355311355311356,77.65567765567766,6.227106227106227,71.42857142857143
W00005084,321,96,54,42,225,14,211,29.906542056074763,16.822429906542055,13.084112149532709,70.09345794392523,4.361370716510903,65.73208722741433
W00005085,221,73,51,22,148,6,142,33.03167420814479,23.076923076923077,9.95475113122172,66.9683257918552,2.7149321266968327,64.25339366515837
W00005086,196,78,47,31,118,9,109,39.795918367346935,23.97959183673469,15.816326530612246,60.204081632653065,4.591836734693878,55.61224489795919
W00005087,213,67,36,31,146,11,135,31.455399061032864,16.901408450704224,14.553990610328638,68.54460093896714,5.164319248826291,63.38028169014085
W00005088,403,73,38,35,330,19,311,18.11414392059553,9.429280397022332,8.6848635235732,81.88585607940446,4.714640198511166,77.1712158808933
W00005089,343,74,40,34,269,21,248,21.574344023323615,11.661807580174926,9.912536443148689,78.4256559766764,6.122448979591836,72.30320699708454
W00005090,258,83,49,34,175,9,166,32.17054263565892,18.992248062015506,13.178294573643413,67.82945736434108,3.488372093023256,64.34108527131784
W00005091,291,58,34,24,233,23,210,19.93127147766323,11.683848797250858,8.24742268041237,80.06872852233677,7.903780068728522,72.16494845360825
W00005092,167,42,25,17,125,10,115,25.149700598802394,14.97005988023952,10.179640718562874,74.8502994011976,5.9880239520958085,68.8622754491018
W00005093,308,57,19,38,251,29,222,18.506493506493506,6.1688311688311686,12.337662337662337,81.4935064935065,9.415584415584416,72.07792207792207
W00005094,192,60,39,21,132,7,125,31.25,20.3125,10.9375,68.75,3.6458333333333335,65.10416666666666
W00005095,252,66,37,29,186,13,173,26.190476190476193,14.682539682539684,11.507936507936508,73.80952380952381,5.158730158730158,68.65079365079364
W00005096,252,58,36,22,194,11,183,23.015873015873016,14.285714285714285,8.73015873015873,76.98412698412699,4.365079365079365,72.61904761904762
W00005097,301,71,38,33,230,12,218,23.588039867109632,12.624584717607974,10.96345514950166,76.41196013289037,3.9867109634551494,72.42524916943522
W00005098,352,93,51,42,259,26,233,26.420454545454547,14.488636363636365,11.931818181818182,73.57954545454545,7.386363636363637,66.19318181818183
W00005099,280,95,47,48,185,12,173,33.92857142857143,16.785714285714285,17.142857142857142,66.07142857142857,4.285714285714286,61.78571428571429
W00005100,352,104,65,39,248,17,231,29.545454545454547,18.46590909090909,11.079545454545455,70.45454545454545,4.829545454545454,65.625
W00005101,300,119,66,53,181,16,165,39.666666666666664,22,17.666666666666668,60.333333333333336,5.333333333333334,55.00000000000001
W00005102,270,77,44,33,193,12,181,28.51851851851852,16.296296296296298,12.222222222222221,71.48148148148148,4.444444444444445,67.03703703703704
W00005103,406,182,101,81,224,16,208,44.827586206896555,24.876847290640395,19.950738916256157,55.172413793103445,3.9408866995073892,51.231527093596064
W00005104,292,94,60,34,198,21,177,32.19178082191781,20.54794520547945,11.643835616438356,67.8082191780822,7.191780821917808,60.61643835616438
W00005105,245,75,41,34,170,14,156,30.612244897959183,16.73469387755102,13.877551020408163,69.38775510204081,5.714285714285714,63.6734693877551
W00005106,287,92,52,40,195,17,178,32.05574912891986,18.118466898954704,13.937282229965156,67.94425087108013,5.923344947735192,62.02090592334495
W00005107,313,104,60,44,209,18,191,33.22683706070288,19.169329073482427,14.057507987220447,66.77316293929712,5.7507987220447285,61.0223642172524
W00005108,295,87,39,48,208,12,196,29.491525423728817,13.220338983050848,16.271186440677965,70.50847457627118,4.067796610169491,66.44067796610169
W00005109,293,82,47,35,211,25,186,27.986348122866893,16.040955631399317,11.945392491467576,72.01365187713311,8.532423208191126,63.48122866894198
W00005110,246,71,43,28,175,16,159,28.86178861788618,17.479674796747968,11.38211382113821,71.13821138211382,6.504065040650407,64.63414634146342
W00005111,290,96,68,28,194,13,181,33.10344827586207,23.448275862068964,9.655172413793103,66.89655172413794,4.482758620689655,62.41379310344828
W00005112,300,107,72,35,193,12,181,35.66666666666667,24,11.666666666666666,64.33333333333333,4,60.333333333333336
W00005113,286,65,25,40,221,15,206,22.727272727272727,8.741258741258742,13.986013986013987,77.27272727272727,5.244755244755245,72.02797202797203
W00005114,306,86,37,49,220,18,202,28.104575163398692,12.091503267973856,16.013071895424837,71.89542483660131,5.88235294117647,66.01307189542483
W00005115,301,91,61,30,210,20,190,30.23255813953488,20.26578073089701,9.966777408637874,69.76744186046511,6.64451827242525,63.12292358803987
W00005116,379,126,63,63,253,26,227,33.24538258575198,16.62269129287599,16.62269129287599,66.75461741424802,6.860158311345646,59.894459102902374
W00005117,341,98,56,42,243,14,229,28.739002932551323,16.422287390029325,12.316715542521994,71.26099706744868,4.105571847507331,67.15542521994135
W00005118,327,112,70,42,215,11,204,34.25076452599388,21.406727828746178,12.844036697247708,65.74923547400611,3.3639143730886847,62.38532110091744
W00005119,313,74,33,41,239,18,221,23.642172523961662,10.543130990415335,13.099041533546327,76.35782747603834,5.7507987220447285,70.6070287539936
W00005120,279,68,38,30,211,12,199,24.372759856630825,13.620071684587815,10.75268817204301,75.62724014336918,4.301075268817205,71.32616487455196
W00005121,259,75,41,34,184,7,177,28.957528957528954,15.83011583011583,13.127413127413126,71.04247104247105,2.7027027027027026,68.33976833976834
W00005122,246,80,41,39,166,16,150,32.52032520325203,16.666666666666664,15.853658536585366,67.47967479674797,6.504065040650407,60.97560975609756
W00005123,260,61,35,26,199,10,189,23.46153846153846,13.461538461538462,10,76.53846153846153,3.8461538461538463,72.6923076923077
W00005124,255,97,49,48,158,8,150,38.03921568627451,19.215686274509807,18.823529411764707,61.96078431372549,3.1372549019607843,58.82352941176471
W00005125,323,73,35,38,250,11,239,22.60061919504644,10.8359133126935,11.76470588235294,77.39938080495357,3.4055727554179565,73.9938080495356
W00005126,249,63,32,31,186,22,164,25.301204819277107,12.851405622489958,12.449799196787147,74.69879518072288,8.835341365461847,65.86345381526104
W00005127,322,88,43,45,234,19,215,27.32919254658385,13.354037267080745,13.975155279503104,72.67080745341616,5.900621118012422,66.77018633540372
W00005128,356,128,79,49,228,13,215,35.95505617977528,22.191011235955056,13.764044943820226,64.04494382022472,3.651685393258427,60.39325842696629
W00005129,217,67,38,29,150,10,140,30.87557603686636,17.51152073732719,13.36405529953917,69.12442396313364,4.6082949308755765,64.51612903225806
W00005130,238,65,36,29,173,14,159,27.310924369747898,15.126050420168067,12.184873949579831,72.68907563025209,5.88235294117647,66.80672268907563
W00005131,310,53,27,26,257,18,239,17.096774193548388,8.709677419354838,8.38709677419355,82.9032258064516,5.806451612903226,77.09677419354838
W00005132,310,76,41,35,234,7,227,24.516129032258064,13.225806451612904,11.29032258064516,75.48387096774194,2.258064516129032,73.22580645161291
W00005133,374,111,71,40,263,16,247,29.67914438502674,18.983957219251337,10.695187165775401,70.32085561497327,4.27807486631016,66.0427807486631
W00005134,294,73,33,40,221,25,196,24.829931972789115,11.224489795918368,13.60544217687075,75.17006802721087,8.503401360544217,66.66666666666666
W00005135,419,118,67,51,301,21,280,28.162291169451077,15.990453460620524,12.17183770883055,71.83770883054893,5.011933174224343,66.82577565632458
W00005136,245,37,21,16,208,26,182,15.10204081632653,8.571428571428571,6.530612244897959,84.89795918367346,10.612244897959183,74.28571428571429
W00005137,272,56,29,27,216,13,203,20.588235294117645,10.661764705882353,9.926470588235293,79.41176470588235,4.779411764705882,74.63235294117648
W00005138,428,119,70,49,309,20,289,27.80373831775701,16.355140186915886,11.448598130841122,72.19626168224299,4.672897196261682,67.5233644859813
W00005139,243,68,33,35,175,19,156,27.983539094650205,13.580246913580247,14.40329218106996,72.0164609053498,7.818930041152264,64.19753086419753
W00005140,269,54,23,31,215,19,196,20.074349442379184,8.550185873605948,11.524163568773234,79.92565055762083,7.063197026022305,72.86245353159852
W00005141,254,73,38,35,181,17,164,28.74015748031496,14.960629921259844,13.779527559055119,71.25984251968504,6.692913385826772,64.56692913385827
W00005142,239,56,29,27,183,13,170,23.430962343096233,12.133891213389122,11.297071129707113,76.56903765690377,5.439330543933055,71.1297071129707
W00005143,208,59,32,27,149,10,139,28.365384615384613,15.384615384615385,12.980769230769232,71.63461538461539,4.807692307692308,66.82692307692307
W00005144,252,62,27,35,190,21,169,24.6031746031746,10.714285714285714,13.88888888888889,75.39682539682539,8.333333333333332,67.06349206349206
W00005145,506,95,49,46,411,38,373,18.774703557312254,9.683794466403162,9.090909090909092,81.22529644268775,7.5098814229249005,73.71541501976284
W00005146,262,64,27,37,198,18,180,24.427480916030532,10.305343511450381,14.122137404580155,75.57251908396947,6.870229007633588,68.70229007633588
W00005147,242,56,33,23,186,15,171,23.140495867768596,13.636363636363635,9.50413223140496,76.85950413223141,6.198347107438017,70.66115702479338
W00005148,591,76,39,37,515,38,477,12.859560067681894,6.598984771573605,6.260575296108291,87.1404399323181,6.429780033840947,80.71065989847716
W00005149,302,61,40,21,241,22,219,20.198675496688743,13.245033112582782,6.95364238410596,79.80132450331125,7.28476821192053,72.51655629139073
W00005150,267,69,31,38,198,17,181,25.842696629213485,11.610486891385769,14.232209737827715,74.15730337078652,6.367041198501873,67.79026217228464
W00005151,396,62,25,37,334,32,302,15.656565656565657,6.313131313131313,9.343434343434344,84.34343434343434,8.080808080808081,76.26262626262627
W00005152,258,66,37,29,192,18,174,25.581395348837212,14.34108527131783,11.24031007751938,74.4186046511628,6.976744186046512,67.44186046511628
W00005153,291,96,69,27,195,15,180,32.98969072164948,23.711340206185564,9.278350515463918,67.0103092783505,5.154639175257731,61.855670103092784
W00005154,265,79,42,37,186,21,165,29.81132075471698,15.849056603773585,13.962264150943396,70.18867924528301,7.9245283018867925,62.264150943396224
W00005155,290,59,27,32,231,17,214,20.344827586206897,9.310344827586208,11.03448275862069,79.65517241379311,5.862068965517241,73.79310344827587
W00005156,229,45,21,24,184,11,173,19.65065502183406,9.170305676855897,10.480349344978166,80.34934497816593,4.8034934497816595,75.54585152838428
W00005157,340,76,30,46,264,27,237,22.35294117647059,8.823529411764707,13.529411764705882,77.64705882352942,7.941176470588235,69.70588235294117
W00005158,286,68,40,28,218,17,201,23.776223776223777,13.986013986013987,9.79020979020979,76.22377622377621,5.944055944055944,70.27972027972028
W00005159,282,52,27,25,230,18,212,18.439716312056735,9.574468085106384,8.865248226950355,81.56028368794325,6.382978723404255,75.177304964539
W00005160,268,77,46,31,191,17,174,28.73134328358209,17.16417910447761,11.567164179104477,71.26865671641791,6.343283582089552,64.92537313432835
W00005161,239,75,41,34,164,14,150,31.380753138075313,17.154811715481173,14.225941422594143,68.6192468619247,5.857740585774058,62.76150627615063
W00005162,278,71,36,35,207,15,192,25.539568345323744,12.949640287769784,12.589928057553957,74.46043165467626,5.39568345323741,69.06474820143885
W00005163,280,92,41,51,188,11,177,32.857142857142854,14.642857142857144,18.21428571428571,67.14285714285714,3.9285714285714284,63.21428571428571
W00005164,264,61,35,26,203,12,191,23.106060606060606,13.257575757575758,9.848484848484848,76.89393939393939,4.545454545454546,72.34848484848484
W00005165,234,64,30,34,170,20,150,27.350427350427353,12.82051282051282,14.529914529914532,72.64957264957265,8.547008547008547,64.1025641025641
W00005166,238,74,44,30,164,7,157,31.092436974789916,18.487394957983195,12.605042016806722,68.90756302521008,2.941176470588235,65.96638655462185
W00005167,257,103,68,35,154,8,146,40.07782101167315,26.459143968871597,13.618677042801556,59.92217898832685,3.11284046692607,56.809338521400775
W00005168,183,57,36,21,126,12,114,31.147540983606557,19.672131147540984,11.475409836065573,68.85245901639344,6.557377049180328,62.295081967213115
W00005169,286,78,38,40,208,9,199,27.27272727272727,13.286713286713287,13.986013986013987,72.72727272727273,3.146853146853147,69.58041958041959
W00005171,317,99,67,32,218,19,199,31.230283911671926,21.13564668769716,10.094637223974763,68.76971608832808,5.993690851735016,62.77602523659306
W00009773,161,38,24,14,123,12,111,23.60248447204969,14.906832298136646,8.695652173913043,76.3975155279503,7.453416149068323,68.94409937888199
W00009934,337,42,18,24,295,26,269,12.462908011869436,5.341246290801187,7.121661721068249,87.53709198813057,7.71513353115727,79.82195845697329
W00009935,247,29,15,14,218,18,200,11.740890688259109,6.0728744939271255,5.668016194331984,88.25910931174089,7.28744939271255,80.97165991902834
W00009936,349,38,11,27,311,22,289,10.888252148997136,3.151862464183381,7.736389684813753,89.11174785100286,6.303724928366762,82.8080229226361
W00009937,258,66,37,29,192,10,182,25.581395348837212,14.34108527131783,11.24031007751938,74.4186046511628,3.875968992248062,70.54263565891473
W00009938,269,99,59,40,170,16,154,36.80297397769517,21.933085501858738,14.869888475836431,63.19702602230484,5.947955390334572,57.249070631970255
W00009939,360,31,12,19,329,26,303,8.61111111111111,3.3333333333333335,5.277777777777778,91.38888888888889,7.222222222222221,84.16666666666667
W00009940,196,46,17,29,150,7,143,23.46938775510204,8.673469387755102,14.795918367346939,76.53061224489795,3.571428571428571,72.95918367346938
W00009941,375,76,39,37,299,33,266,20.266666666666666,10.4,9.866666666666667,79.73333333333333,8.799999999999999,70.93333333333334
W00009942,281,41,22,19,240,13,227,14.590747330960854,7.829181494661921,6.761565836298933,85.40925266903915,4.6263345195729535,80.78291814946618
W00009943,321,43,13,30,278,20,258,13.395638629283487,4.049844236760125,9.345794392523365,86.6043613707165,6.230529595015576,80.37383177570094
W00009944,283,24,4,20,259,26,233,8.480565371024735,1.4134275618374559,7.06713780918728,91.51943462897526,9.187279151943462,82.3321554770318
W00009945,328,46,27,19,282,30,252,14.02439024390244,8.231707317073171,5.7926829268292686,85.97560975609755,9.146341463414634,76.82926829268293
W00009946,276,68,34,34,208,21,187,24.637681159420293,12.318840579710146,12.318840579710146,75.36231884057972,7.608695652173914,67.7536231884058
W00010370,312,59,25,34,253,28,225,18.91025641025641,8.012820512820513,10.897435897435898,81.08974358974359,8.974358974358974,72.11538461538461
W00010379,260,103,67,36,157,14,143,39.61538461538461,25.769230769230766,13.846153846153847,60.38461538461538,5.384615384615385,55.00000000000001
W00010382,2153,245,53,192,1908,168,1740,11.37947050627032,2.4616813748258246,8.917789131444497,88.62052949372968,7.8030654900139345,80.81746400371574
W00010383,396,50,15,35,346,30,316,12.626262626262626,3.787878787878788,8.83838383838384,87.37373737373737,7.575757575757576,79.7979797979798
W00010386,345,30,12,18,315,24,291,8.695652173913043,3.4782608695652173,5.217391304347826,91.30434782608695,6.956521739130435,84.34782608695653
W00010388,244,110,71,39,134,16,118,45.08196721311475,29.098360655737704,15.983606557377051,54.91803278688525,6.557377049180328,48.36065573770492
W00010396,272,53,19,34,219,13,206,19.485294117647058,6.985294117647059,12.5,80.51470588235294,4.779411764705882,75.73529411764706
W00010398,359,44,21,23,315,20,295,12.256267409470752,5.8495821727019495,6.406685236768802,87.74373259052925,5.571030640668524,82.17270194986072
W00010401,326,31,9,22,295,15,280,9.509202453987731,2.7607361963190185,6.748466257668712,90.49079754601227,4.601226993865031,85.88957055214725
W00010408,117,33,17,16,84,6,78,28.205128205128204,14.529914529914532,13.675213675213676,71.7948717948718,5.128205128205128,66.66666666666666
W00010409,319,41,11,30,278,25,253,12.852664576802509,3.4482758620689653,9.404388714733543,87.14733542319749,7.836990595611286,79.3103448275862
W00010416,403,66,27,39,337,37,300,16.377171215880892,6.699751861042183,9.67741935483871,83.62282878411911,9.181141439205955,74.44168734491315
W00010418,275,17,5,12,258,24,234,6.181818181818182,1.8181818181818181,4.363636363636364,93.81818181818183,8.727272727272728,85.0909090909091
W00010425,298,79,38,41,219,16,203,26.51006711409396,12.751677852348994,13.758389261744966,73.48993288590604,5.369127516778524,68.12080536912751
W00010426,273,78,40,38,195,18,177,28.57142857142857,14.652014652014653,13.91941391941392,71.42857142857143,6.593406593406594,64.83516483516483
W00010430,294,39,16,23,255,23,232,13.26530612244898,5.442176870748299,7.8231292517006805,86.73469387755102,7.8231292517006805,78.91156462585033
W00010435,292,41,15,26,251,15,236,14.04109589041096,5.136986301369863,8.904109589041095,85.95890410958904,5.136986301369863,80.82191780821918
W00010437,344,63,27,36,281,27,254,18.313953488372093,7.848837209302325,10.465116279069768,81.68604651162791,7.848837209302325,73.83720930232558
W00010439,343,47,22,25,296,20,276,13.702623906705538,6.41399416909621,7.288629737609329,86.29737609329446,5.830903790087463,80.466472303207
W00010440,177,20,3,17,157,9,148,11.299435028248588,1.694915254237288,9.6045197740113,88.70056497175142,5.084745762711865,83.61581920903954
