OA,ts0380001,ts0380002,ts0380003,ts0380004,ts0380005,ts0380006,ts0380007,ts0380002_PCT,ts0380003_PCT,ts0380004_PCT,ts0380005_PCT,ts0380006_PCT,ts0380007_PCT
E00012713,364,51,16,35,313,25,288,14.010989010989011,4.395604395604396,9.615384615384617,85.98901098901099,6.868131868131869,79.12087912087912
E00012714,465,44,14,30,421,28,393,9.46236559139785,3.010752688172043,6.451612903225806,90.53763440860216,6.021505376344086,84.51612903225806
E00012715,417,38,21,17,379,17,362,9.112709832134293,5.0359712230215825,4.07673860911271,90.88729016786571,4.07673860911271,86.810551558753
E00012716,442,67,33,34,375,15,360,15.158371040723981,7.46606334841629,7.6923076923076925,84.84162895927602,3.3936651583710407,81.44796380090497
E00012717,521,44,18,26,477,24,453,8.445297504798464,3.45489443378119,4.990403071017274,91.55470249520154,4.606525911708253,86.9481765834933
E00012719,444,97,63,34,347,17,330,21.846846846846844,14.18918918918919,7.657657657657657,78.15315315315316,3.8288288288288284,74.32432432432432
E00012720,454,107,53,54,347,17,330,23.568281938325992,11.674008810572687,11.894273127753303,76.431718061674,3.7444933920704844,72.68722466960352
E00012721,461,73,32,41,388,19,369,15.835140997830802,6.941431670281996,8.893709327548807,84.1648590021692,4.121475054229935,80.04338394793926
E00012722,443,67,28,39,376,17,359,15.124153498871332,6.320541760722348,8.803611738148984,84.87584650112868,3.837471783295711,81.03837471783297
E00012723,433,81,37,44,352,18,334,18.706697459584294,8.545034642032332,10.161662817551962,81.2933025404157,4.157043879907621,77.13625866050808
E00012724,368,56,24,32,312,19,293,15.217391304347828,6.521739130434782,8.695652173913043,84.78260869565217,5.163043478260869,79.61956521739131
E00012725,396,77,40,37,319,16,303,19.444444444444446,10.1010101010101,9.343434343434344,80.55555555555556,4.040404040404041,76.51515151515152
E00012726,378,44,9,35,334,20,314,11.64021164021164,2.380952380952381,9.25925925925926,88.35978835978835,5.291005291005291,83.06878306878306
E00012727,396,34,13,21,362,17,345,8.585858585858585,3.2828282828282833,5.303030303030303,91.41414141414141,4.292929292929292,87.12121212121212
E00012728,424,35,16,19,389,16,373,8.254716981132075,3.7735849056603774,4.481132075471698,91.74528301886792,3.7735849056603774,87.97169811320755
E00012729,476,57,32,25,419,24,395,11.974789915966387,6.722689075630252,5.2521008403361344,88.02521008403362,5.042016806722689,82.98319327731093
E00012730,305,33,16,17,272,12,260,10.819672131147541,5.245901639344262,5.573770491803279,89.18032786885246,3.934426229508197,85.24590163934425
E00012731,396,43,18,25,353,16,337,10.85858585858586,4.545454545454546,6.313131313131313,89.14141414141415,4.040404040404041,85.1010101010101
E00012732,463,39,19,20,424,22,402,8.423326133909287,4.103671706263499,4.319654427645788,91.5766738660907,4.751619870410368,86.82505399568035
E00012733,507,87,42,45,420,18,402,17.159763313609467,8.284023668639055,8.875739644970414,82.84023668639054,3.5502958579881656,79.28994082840237
E00012734,301,53,25,28,248,15,233,17.60797342192691,8.305647840531561,9.30232558139535,82.39202657807309,4.983388704318937,77.40863787375415
E00012735,360,26,6,20,334,18,316,7.222222222222221,1.6666666666666667,5.555555555555555,92.77777777777779,5,87.77777777777777
E00012736,561,84,36,48,477,21,456,14.973262032085561,6.417112299465241,8.55614973262032,85.02673796791443,3.7433155080213902,81.28342245989305
E00012738,354,43,21,22,311,16,295,12.146892655367232,5.932203389830509,6.214689265536723,87.85310734463276,4.519774011299435,83.33333333333334
E00012739,478,60,22,38,418,18,400,12.552301255230125,4.602510460251046,7.949790794979079,87.44769874476988,3.765690376569038,83.68200836820083
E00012740,318,69,35,34,249,21,228,21.69811320754717,11.0062893081761,10.69182389937107,78.30188679245283,6.60377358490566,71.69811320754717
E00012741,334,38,11,27,296,19,277,11.377245508982035,3.293413173652695,8.08383233532934,88.62275449101796,5.688622754491018,82.93413173652695
E00012742,494,71,28,43,423,19,404,14.37246963562753,5.668016194331984,8.704453441295547,85.62753036437248,3.8461538461538463,81.78137651821862
E00012743,345,81,47,34,264,14,250,23.47826086956522,13.623188405797102,9.855072463768117,76.52173913043478,4.057971014492753,72.46376811594203
E00012744,178,17,5,12,161,6,155,9.550561797752808,2.8089887640449436,6.741573033707865,90.4494382022472,3.3707865168539324,87.07865168539325
E00012745,398,61,28,33,337,22,315,15.326633165829145,7.035175879396985,8.291457286432161,84.67336683417085,5.527638190954774,79.14572864321609
E00012746,291,56,29,27,235,14,221,19.243986254295535,9.965635738831615,9.278350515463918,80.75601374570446,4.810996563573884,75.94501718213058
E00012747,434,62,26,36,372,17,355,14.285714285714285,5.990783410138248,8.294930875576037,85.71428571428571,3.9170506912442393,81.79723502304147
E00012749,386,91,38,53,295,19,276,23.57512953367876,9.844559585492227,13.730569948186528,76.42487046632125,4.922279792746114,71.50259067357513
E00012750,373,49,21,28,324,19,305,13.136729222520108,5.630026809651475,7.506702412868632,86.8632707774799,5.093833780160858,81.76943699731903
E00012753,400,75,34,41,325,16,309,18.75,8.5,10.25,81.25,4,77.25
E00012754,310,46,22,24,264,26,238,14.838709677419354,7.096774193548387,7.741935483870968,85.16129032258064,8.38709677419355,76.77419354838709
E00012755,258,22,7,15,236,23,213,8.527131782945736,2.7131782945736433,5.813953488372093,91.47286821705426,8.914728682170542,82.55813953488372
E00012757,325,27,15,12,298,20,278,8.307692307692308,4.615384615384616,3.6923076923076925,91.6923076923077,6.153846153846154,85.53846153846155
E00012759,307,39,19,20,268,19,249,12.703583061889251,6.188925081433225,6.514657980456026,87.29641693811075,6.188925081433225,81.10749185667753
E00012761,363,67,34,33,296,18,278,18.457300275482094,9.366391184573002,9.090909090909092,81.5426997245179,4.958677685950414,76.5840220385675
E00012762,458,73,32,41,385,16,369,15.938864628820962,6.986899563318777,8.951965065502183,84.06113537117903,3.4934497816593884,80.56768558951966
E00012764,536,65,21,44,471,26,445,12.126865671641792,3.9179104477611943,8.208955223880597,87.8731343283582,4.850746268656716,83.02238805970148
E00012766,310,49,21,28,261,16,245,15.806451612903224,6.774193548387098,9.032258064516128,84.19354838709677,5.161290322580645,79.03225806451613
E00012767,269,41,8,33,228,22,206,15.241635687732341,2.973977695167286,12.267657992565056,84.75836431226766,8.178438661710038,76.57992565055763
E00012768,275,65,26,39,210,11,199,23.636363636363637,9.454545454545455,14.181818181818182,76.36363636363637,4,72.36363636363636
E00012769,288,36,13,23,252,17,235,12.5,4.513888888888888,7.986111111111111,87.5,5.902777777777778,81.59722222222221
E00012770,285,34,14,20,251,21,230,11.929824561403509,4.912280701754386,7.017543859649122,88.0701754385965,7.368421052631578,80.7017543859649
E00012771,360,61,32,29,299,23,276,16.944444444444446,8.88888888888889,8.055555555555555,83.05555555555556,6.388888888888888,76.66666666666667
E00012772,376,52,17,35,324,27,297,13.829787234042554,4.521276595744681,9.308510638297872,86.17021276595744,7.180851063829788,78.98936170212765
E00012773,319,35,12,23,284,21,263,10.9717868338558,3.761755485893417,7.210031347962382,89.0282131661442,6.583072100313479,82.44514106583071
E00012774,389,28,11,17,361,14,347,7.197943444730077,2.827763496143959,4.370179948586118,92.80205655526991,3.5989717223650386,89.20308483290489
E00012775,371,63,33,30,308,13,295,16.9811320754717,8.89487870619946,8.086253369272237,83.01886792452831,3.5040431266846364,79.51482479784366
E00012776,301,53,27,26,248,9,239,17.60797342192691,8.970099667774086,8.637873754152823,82.39202657807309,2.990033222591362,79.40199335548172
E00012777,312,26,9,17,286,19,267,8.333333333333332,2.8846153846153846,5.448717948717949,91.66666666666666,6.089743589743589,85.57692307692307
E00012778,302,34,17,17,268,32,236,11.258278145695364,5.629139072847682,5.629139072847682,88.74172185430463,10.596026490066226,78.1456953642384
E00012779,349,56,24,32,293,31,262,16.045845272206304,6.876790830945559,9.169054441260744,83.95415472779369,8.882521489971348,75.07163323782235
E00012780,363,63,25,38,300,19,281,17.355371900826448,6.887052341597796,10.46831955922865,82.64462809917356,5.234159779614325,77.41046831955923
E00012781,266,40,17,23,226,10,216,15.037593984962406,6.390977443609022,8.646616541353383,84.9624060150376,3.7593984962406015,81.203007518797
E00012782,246,49,19,30,197,13,184,19.91869918699187,7.723577235772358,12.195121951219512,80.08130081300813,5.284552845528456,74.79674796747967
E00012783,495,26,5,21,469,18,451,5.252525252525253,1.0101010101010102,4.242424242424243,94.74747474747474,3.6363636363636362,91.11111111111111
E00012784,260,22,4,18,238,16,222,8.461538461538462,1.5384615384615385,6.923076923076923,91.53846153846153,6.153846153846154,85.38461538461539
E00012785,256,33,15,18,223,23,200,12.890625,5.859375,7.03125,87.109375,8.984375,78.125
E00012786,277,37,25,12,240,19,221,13.357400722021662,9.025270758122744,4.332129963898916,86.64259927797833,6.859205776173286,79.78339350180505
E00012787,231,27,6,21,204,15,189,11.688311688311687,2.5974025974025974,9.090909090909092,88.31168831168831,6.493506493506493,81.81818181818183
E00012788,506,85,52,33,421,22,399,16.798418972332016,10.276679841897234,6.521739130434782,83.20158102766798,4.3478260869565215,78.85375494071147
E00012789,337,33,14,19,304,21,283,9.792284866468842,4.154302670623145,5.637982195845697,90.20771513353115,6.231454005934718,83.97626112759644
E00012790,257,20,4,16,237,15,222,7.782101167315175,1.556420233463035,6.22568093385214,92.21789883268482,5.836575875486381,86.38132295719845
E00012791,181,22,10,12,159,10,149,12.154696132596685,5.524861878453039,6.629834254143646,87.84530386740332,5.524861878453039,82.32044198895028
E00012792,305,47,16,31,258,21,237,15.40983606557377,5.245901639344262,10.163934426229508,84.59016393442623,6.885245901639345,77.70491803278688
E00012793,335,59,27,32,276,17,259,17.611940298507463,8.059701492537313,9.55223880597015,82.38805970149254,5.074626865671641,77.31343283582089
E00012794,299,53,30,23,246,20,226,17.725752508361204,10.033444816053512,7.6923076923076925,82.2742474916388,6.688963210702341,75.58528428093646
E00012795,290,34,11,23,256,11,245,11.724137931034482,3.793103448275862,7.931034482758621,88.27586206896552,3.793103448275862,84.48275862068965
E00012796,317,38,16,22,279,15,264,11.987381703470032,5.047318611987381,6.940063091482649,88.01261829652996,4.73186119873817,83.2807570977918
E00012797,335,28,7,21,307,28,279,8.358208955223882,2.0895522388059704,6.26865671641791,91.64179104477613,8.358208955223882,83.28358208955224
E00012798,234,25,10,15,209,21,188,10.683760683760683,4.273504273504273,6.41025641025641,89.31623931623932,8.974358974358974,80.34188034188034
E00012799,286,38,13,25,248,18,230,13.286713286713287,4.545454545454546,8.741258741258742,86.7132867132867,6.293706293706294,80.41958041958041
E00012800,363,22,6,16,341,28,313,6.0606060606060606,1.6528925619834711,4.40771349862259,93.93939393939394,7.7134986225895315,86.22589531680441
E00012801,379,39,21,18,340,28,312,10.29023746701847,5.540897097625329,4.749340369393139,89.70976253298153,7.387862796833773,82.32189973614776
E00012802,345,35,14,21,310,23,287,10.144927536231885,4.057971014492753,6.086956521739131,89.85507246376811,6.666666666666667,83.18840579710145
E00012803,324,21,7,14,303,21,282,6.481481481481481,2.1604938271604937,4.320987654320987,93.51851851851852,6.481481481481481,87.03703703703704
E00012804,494,37,5,32,457,34,423,7.489878542510121,1.0121457489878543,6.477732793522267,92.51012145748987,6.882591093117409,85.62753036437248
E00012805,246,25,11,14,221,17,204,10.16260162601626,4.471544715447155,5.691056910569105,89.83739837398373,6.910569105691057,82.92682926829268
E00012806,282,22,0,22,260,22,238,7.801418439716312,0,7.801418439716312,92.19858156028369,7.801418439716312,84.39716312056737
E00012807,294,29,9,20,265,13,252,9.863945578231291,3.061224489795918,6.802721088435375,90.1360544217687,4.421768707482993,85.71428571428571
E00012808,246,33,16,17,213,17,196,13.414634146341465,6.504065040650407,6.910569105691057,86.58536585365853,6.910569105691057,79.67479674796748
E00012809,281,25,6,19,256,15,241,8.896797153024911,2.135231316725979,6.761565836298933,91.10320284697508,5.338078291814947,85.76512455516014
E00012810,325,35,15,20,290,30,260,10.76923076923077,4.615384615384616,6.153846153846154,89.23076923076924,9.230769230769232,80
E00012811,484,61,22,39,423,19,404,12.603305785123966,4.545454545454546,8.057851239669422,87.39669421487604,3.925619834710744,83.47107438016529
E00012812,338,22,4,18,316,22,294,6.508875739644971,1.183431952662722,5.325443786982249,93.49112426035504,6.508875739644971,86.98224852071006
E00012813,291,40,19,21,251,20,231,13.745704467353953,6.529209621993128,7.216494845360824,86.25429553264605,6.872852233676976,79.38144329896907
E00012814,311,22,6,16,289,26,263,7.07395498392283,1.929260450160772,5.144694533762058,92.92604501607717,8.360128617363344,84.56591639871382
E00012815,346,30,14,16,316,21,295,8.670520231213873,4.046242774566474,4.624277456647398,91.32947976878613,6.069364161849711,85.26011560693641
E00012816,294,24,11,13,270,20,250,8.16326530612245,3.741496598639456,4.421768707482993,91.83673469387756,6.802721088435375,85.03401360544217
E00012817,316,36,11,25,280,18,262,11.39240506329114,3.481012658227848,7.9113924050632916,88.60759493670885,5.69620253164557,82.91139240506328
E00012818,319,46,20,26,273,17,256,14.420062695924765,6.269592476489027,8.150470219435736,85.57993730407524,5.329153605015674,80.25078369905955
E00012819,186,34,13,21,152,12,140,18.27956989247312,6.989247311827956,11.29032258064516,81.72043010752688,6.451612903225806,75.26881720430107
E00012820,201,36,13,23,165,10,155,17.91044776119403,6.467661691542288,11.442786069651742,82.08955223880598,4.975124378109453,77.11442786069652
E00012821,225,45,22,23,180,9,171,20,9.777777777777779,10.222222222222223,80,4,76
E00012822,385,53,17,36,332,21,311,13.766233766233766,4.415584415584416,9.35064935064935,86.23376623376623,5.454545454545454,80.77922077922078
E00012823,443,38,23,15,405,28,377,8.577878103837472,5.191873589164786,3.3860045146726865,91.42212189616254,6.320541760722348,85.10158013544017
E00012824,300,40,20,20,260,19,241,13.333333333333334,6.666666666666667,6.666666666666667,86.66666666666667,6.333333333333334,80.33333333333333
E00012825,301,27,11,16,274,18,256,8.970099667774086,3.6544850498338874,5.3156146179401995,91.0299003322259,5.980066445182724,85.04983388704319
E00012826,258,42,17,25,216,15,201,16.27906976744186,6.5891472868217065,9.689922480620156,83.72093023255815,5.813953488372093,77.90697674418605
E00012827,303,35,20,15,268,23,245,11.55115511551155,6.6006600660066,4.9504950495049505,88.44884488448845,7.590759075907591,80.85808580858085
E00012828,392,31,5,26,361,29,332,7.908163265306123,1.2755102040816326,6.63265306122449,92.09183673469387,7.3979591836734695,84.6938775510204
E00012829,239,26,5,21,213,19,194,10.87866108786611,2.092050209205021,8.786610878661087,89.1213389121339,7.949790794979079,81.17154811715481
E00012830,268,23,5,18,245,15,230,8.582089552238806,1.8656716417910446,6.7164179104477615,91.4179104477612,5.597014925373134,85.82089552238806
E00012831,304,20,3,17,284,17,267,6.578947368421052,0.9868421052631579,5.592105263157895,93.42105263157895,5.592105263157895,87.82894736842105
E00012832,328,30,8,22,298,16,282,9.146341463414634,2.4390243902439024,6.707317073170732,90.85365853658537,4.878048780487805,85.97560975609755
E00012833,255,27,10,17,228,18,210,10.588235294117647,3.9215686274509802,6.666666666666667,89.41176470588236,7.0588235294117645,82.35294117647058
E00012834,355,45,20,25,310,26,284,12.676056338028168,5.633802816901409,7.042253521126761,87.32394366197182,7.323943661971831,80
E00012835,318,21,9,12,297,19,278,6.60377358490566,2.8301886792452833,3.7735849056603774,93.39622641509435,5.9748427672955975,87.42138364779875
E00012836,316,48,21,27,268,17,251,15.18987341772152,6.6455696202531636,8.544303797468354,84.81012658227847,5.379746835443038,79.43037974683544
E00012837,297,25,10,15,272,33,239,8.417508417508419,3.3670033670033668,5.05050505050505,91.58249158249158,11.11111111111111,80.47138047138047
E00012838,303,25,5,20,278,20,258,8.25082508250825,1.65016501650165,6.6006600660066,91.74917491749174,6.6006600660066,85.14851485148515
E00012839,244,23,7,16,221,23,198,9.426229508196721,2.8688524590163933,6.557377049180328,90.57377049180327,9.426229508196721,81.14754098360656
E00012840,446,89,38,51,357,11,346,19.955156950672645,8.520179372197308,11.434977578475337,80.04484304932735,2.4663677130044843,77.57847533632287
E00012841,287,34,10,24,253,24,229,11.846689895470384,3.484320557491289,8.362369337979095,88.15331010452961,8.362369337979095,79.79094076655052
E00012842,360,37,18,19,323,26,297,10.277777777777777,5,5.277777777777778,89.72222222222223,7.222222222222221,82.5
E00012843,201,36,10,26,165,7,158,17.91044776119403,4.975124378109453,12.935323383084576,82.08955223880598,3.482587064676617,78.60696517412936
E00012844,352,43,16,27,309,27,282,12.215909090909092,4.545454545454546,7.670454545454546,87.7840909090909,7.670454545454546,80.11363636363636
E00012845,300,25,8,17,275,33,242,8.333333333333332,2.666666666666667,5.666666666666666,91.66666666666666,11,80.66666666666666
E00012846,243,40,17,23,203,16,187,16.46090534979424,6.995884773662551,9.465020576131687,83.53909465020575,6.584362139917696,76.95473251028807
E00012847,306,25,6,19,281,19,262,8.169934640522875,1.9607843137254901,6.209150326797386,91.83006535947712,6.209150326797386,85.62091503267973
E00012848,272,12,4,8,260,21,239,4.411764705882353,1.4705882352941175,2.941176470588235,95.58823529411765,7.720588235294118,87.86764705882352
E00012849,290,18,8,10,272,23,249,6.206896551724138,2.7586206896551726,3.4482758620689653,93.79310344827586,7.931034482758621,85.86206896551725
E00012850,330,47,27,20,283,15,268,14.242424242424242,8.181818181818182,6.0606060606060606,85.75757575757575,4.545454545454546,81.21212121212122
E00012851,250,33,15,18,217,8,209,13.200000000000001,6,7.199999999999999,86.8,3.2,83.6
E00012852,318,42,12,30,276,27,249,13.20754716981132,3.7735849056603774,9.433962264150944,86.79245283018868,8.49056603773585,78.30188679245283
E00012853,254,21,11,10,233,18,215,8.267716535433072,4.330708661417323,3.937007874015748,91.73228346456693,7.086614173228346,84.64566929133859
E00012854,215,52,26,26,163,12,151,24.186046511627907,12.093023255813954,12.093023255813954,75.81395348837209,5.5813953488372094,70.23255813953489
E00012855,361,27,7,20,334,14,320,7.479224376731302,1.9390581717451523,5.540166204986149,92.5207756232687,3.8781163434903045,88.64265927977839
E00012856,271,46,21,25,225,17,208,16.974169741697416,7.7490774907749085,9.22509225092251,83.02583025830258,6.273062730627306,76.75276752767527
E00012857,323,40,13,27,283,11,272,12.38390092879257,4.024767801857585,8.359133126934983,87.61609907120743,3.4055727554179565,84.21052631578947
E00012858,476,70,36,34,406,9,397,14.705882352941178,7.563025210084033,7.142857142857142,85.29411764705883,1.8907563025210083,83.40336134453781
E00012859,516,71,36,35,445,30,415,13.75968992248062,6.976744186046512,6.782945736434108,86.24031007751938,5.813953488372093,80.42635658914729
E00012860,451,36,16,20,415,14,401,7.982261640798225,3.5476718403547673,4.434589800443459,92.01773835920177,3.1042128603104215,88.91352549889136
E00012861,415,48,23,25,367,10,357,11.566265060240964,5.542168674698795,6.024096385542169,88.43373493975903,2.4096385542168677,86.02409638554217
E00012862,400,35,12,23,365,17,348,8.75,3,5.75,91.25,4.25,87
E00012863,482,71,38,33,411,12,399,14.730290456431536,7.883817427385892,6.846473029045644,85.26970954356847,2.4896265560165975,82.78008298755186
E00012864,510,42,18,24,468,23,445,8.235294117647058,3.5294117647058822,4.705882352941177,91.76470588235294,4.509803921568627,87.25490196078431
E00012865,384,49,22,27,335,23,312,12.760416666666666,5.729166666666666,7.03125,87.23958333333334,5.989583333333334,81.25
E00012866,505,49,29,20,456,13,443,9.702970297029703,5.742574257425743,3.9603960396039604,90.2970297029703,2.5742574257425743,87.72277227722772
E00012867,376,48,29,19,328,16,312,12.76595744680851,7.712765957446808,5.053191489361701,87.2340425531915,4.25531914893617,82.97872340425532
E00012868,481,59,26,33,422,15,407,12.266112266112266,5.405405405405405,6.860706860706861,87.73388773388774,3.118503118503119,84.61538461538461
E00012869,325,45,25,20,280,7,273,13.846153846153847,7.6923076923076925,6.153846153846154,86.15384615384616,2.1538461538461537,84
E00012870,312,52,27,25,260,12,248,16.666666666666664,8.653846153846153,8.012820512820513,83.33333333333334,3.8461538461538463,79.48717948717949
E00012871,350,49,21,28,301,18,283,14.000000000000002,6,8,86,5.142857142857142,80.85714285714286
E00012872,604,107,59,48,497,19,478,17.715231788079468,9.7682119205298,7.9470198675496695,82.28476821192054,3.145695364238411,79.13907284768213
E00012873,455,48,21,27,407,16,391,10.54945054945055,4.615384615384616,5.934065934065933,89.45054945054946,3.5164835164835164,85.93406593406593
E00012875,395,76,28,48,319,13,306,19.240506329113924,7.088607594936709,12.151898734177214,80.75949367088607,3.2911392405063293,77.46835443037975
E00012876,562,71,39,32,491,19,472,12.633451957295375,6.93950177935943,5.6939501779359425,87.36654804270462,3.3807829181494666,83.98576512455516
E00012877,623,69,34,35,554,14,540,11.075441412520064,5.457463884430177,5.617977528089887,88.92455858747994,2.247191011235955,86.67736757624398
E00012878,278,21,6,15,257,6,251,7.553956834532374,2.158273381294964,5.39568345323741,92.44604316546763,2.158273381294964,90.28776978417267
E00012879,495,47,19,28,448,17,431,9.494949494949495,3.8383838383838382,5.656565656565657,90.5050505050505,3.4343434343434343,87.07070707070706
E00012880,424,63,31,32,361,12,349,14.858490566037736,7.311320754716981,7.547169811320755,85.14150943396226,2.8301886792452833,82.31132075471697
E00012881,498,46,20,26,452,12,440,9.236947791164658,4.016064257028113,5.220883534136546,90.76305220883533,2.4096385542168677,88.35341365461848
E00012882,474,36,18,18,438,10,428,7.59493670886076,3.79746835443038,3.79746835443038,92.40506329113924,2.109704641350211,90.29535864978902
E00012883,409,41,18,23,368,12,356,10.024449877750612,4.400977995110025,5.623471882640587,89.97555012224939,2.93398533007335,87.04156479217605
E00012884,499,30,11,19,469,14,455,6.012024048096192,2.2044088176352705,3.807615230460922,93.9879759519038,2.80561122244489,91.18236472945893
E00012885,600,53,24,29,547,13,534,8.833333333333334,4,4.833333333333333,91.16666666666666,2.166666666666667,89
E00012886,529,48,25,23,481,13,468,9.073724007561438,4.725897920604915,4.3478260869565215,90.92627599243856,2.4574669187145557,88.468809073724
E00012887,491,58,25,33,433,17,416,11.812627291242363,5.091649694501019,6.720977596741344,88.18737270875764,3.462321792260693,84.72505091649694
E00012888,476,51,25,26,425,16,409,10.714285714285714,5.2521008403361344,5.46218487394958,89.28571428571429,3.361344537815126,85.92436974789915
E00012889,392,44,13,31,348,17,331,11.224489795918368,3.316326530612245,7.908163265306123,88.77551020408163,4.336734693877551,84.43877551020408
E00012890,375,63,24,39,312,22,290,16.8,6.4,10.4,83.2,5.866666666666666,77.33333333333333
E00012891,487,58,20,38,429,11,418,11.90965092402464,4.1067761806981515,7.802874743326489,88.09034907597535,2.2587268993839835,85.83162217659137
E00012892,603,73,25,48,530,24,506,12.106135986733001,4.1459369817578775,7.960199004975125,87.89386401326699,3.9800995024875623,83.91376451077943
E00012893,573,73,37,36,500,26,474,12.739965095986038,6.457242582897033,6.282722513089005,87.26003490401396,4.537521815008725,82.72251308900523
E00012894,385,49,25,24,336,13,323,12.727272727272727,6.493506493506493,6.233766233766234,87.27272727272727,3.3766233766233764,83.8961038961039
E00012895,387,36,10,26,351,14,337,9.30232558139535,2.5839793281653747,6.718346253229974,90.69767441860465,3.6175710594315245,87.08010335917312
E00012896,355,57,25,32,298,23,275,16.056338028169016,7.042253521126761,9.014084507042254,83.94366197183099,6.478873239436619,77.46478873239437
E00012897,389,48,25,23,341,16,325,12.339331619537274,6.426735218508997,5.912596401028278,87.66066838046272,4.113110539845758,83.54755784061697
E00012898,438,71,37,34,367,17,350,16.210045662100455,8.447488584474886,7.76255707762557,83.78995433789954,3.881278538812785,79.90867579908677
E00012899,404,46,22,24,358,20,338,11.386138613861387,5.445544554455446,5.9405940594059405,88.61386138613861,4.9504950495049505,83.66336633663366
E00012900,349,51,24,27,298,9,289,14.613180515759314,6.876790830945559,7.736389684813753,85.38681948424069,2.5787965616045847,82.8080229226361
E00012902,511,161,119,42,350,17,333,31.506849315068493,23.28767123287671,8.21917808219178,68.4931506849315,3.326810176125244,65.16634050880626
E00012903,306,49,21,28,257,6,251,16.013071895424837,6.862745098039216,9.15032679738562,83.98692810457517,1.9607843137254901,82.02614379084967
E00012904,284,45,23,22,239,15,224,15.845070422535212,8.098591549295776,7.746478873239436,84.15492957746478,5.28169014084507,78.87323943661971
E00012905,436,34,9,25,402,9,393,7.79816513761468,2.064220183486239,5.73394495412844,92.20183486238533,2.064220183486239,90.13761467889908
E00012906,403,38,21,17,365,17,348,9.429280397022332,5.2109181141439205,4.218362282878412,90.57071960297766,4.218362282878412,86.35235732009926
E00012907,451,59,25,34,392,14,378,13.082039911308204,5.543237250554324,7.5388026607538805,86.91796008869179,3.1042128603104215,83.81374722838137
E00012908,452,46,17,29,406,21,385,10.176991150442479,3.761061946902655,6.415929203539823,89.82300884955751,4.646017699115045,85.17699115044249
E00012909,331,73,28,45,258,11,247,22.054380664652566,8.459214501510575,13.595166163141995,77.94561933534743,3.3232628398791544,74.62235649546828
E00012910,497,76,35,41,421,16,405,15.29175050301811,7.042253521126761,8.249496981891348,84.70824949698189,3.2193158953722336,81.48893360160966
E00012911,389,60,20,40,329,9,320,15.424164524421593,5.141388174807198,10.282776349614396,84.57583547557842,2.313624678663239,82.26221079691517
E00012912,337,60,25,35,277,12,265,17.804154302670625,7.418397626112759,10.385756676557865,82.19584569732937,3.5608308605341246,78.63501483679525
E00012913,433,41,19,22,392,19,373,9.468822170900692,4.387990762124711,5.080831408775981,90.5311778290993,4.387990762124711,86.14318706697459
E00012914,344,59,27,32,285,22,263,17.151162790697676,7.848837209302325,9.30232558139535,82.84883720930233,6.395348837209303,76.45348837209302
E00012915,466,49,21,28,417,16,401,10.515021459227468,4.506437768240343,6.008583690987124,89.48497854077253,3.4334763948497855,86.05150214592274
E00012916,429,50,20,30,379,28,351,11.655011655011654,4.662004662004662,6.993006993006993,88.34498834498834,6.526806526806526,81.81818181818183
E00012917,463,61,17,44,402,19,383,13.174946004319654,3.6717062634989204,9.503239740820735,86.82505399568035,4.103671706263499,82.72138228941685
E00012918,404,51,18,33,353,17,336,12.623762376237623,4.455445544554455,8.16831683168317,87.37623762376238,4.207920792079208,83.16831683168317
E00012919,387,47,23,24,340,18,322,12.144702842377262,5.943152454780361,6.2015503875969,87.85529715762273,4.651162790697675,83.20413436692506
E00012920,452,54,22,32,398,29,369,11.946902654867257,4.867256637168142,7.079646017699115,88.05309734513274,6.415929203539823,81.63716814159292
E00012923,385,29,11,18,356,19,337,7.532467532467532,2.857142857142857,4.675324675324675,92.46753246753246,4.935064935064935,87.53246753246754
E00012925,361,44,23,21,317,24,293,12.18836565096953,6.3711911357340725,5.8171745152354575,87.81163434903047,6.64819944598338,81.16343490304709
E00012926,372,43,14,29,329,25,304,11.559139784946236,3.763440860215054,7.795698924731183,88.44086021505376,6.720430107526881,81.72043010752688
E00012927,448,71,32,39,377,33,344,15.848214285714285,7.142857142857142,8.705357142857142,84.15178571428571,7.366071428571429,76.78571428571429
E00012928,313,54,17,37,259,14,245,17.252396166134183,5.431309904153355,11.821086261980831,82.74760383386581,4.472843450479233,78.27476038338658
E00012929,365,39,11,28,326,11,315,10.684931506849315,3.0136986301369864,7.671232876712329,89.31506849315069,3.0136986301369864,86.3013698630137
E00012930,554,97,49,48,457,28,429,17.509025270758123,8.844765342960288,8.664259927797833,82.49097472924187,5.054151624548736,77.43682310469315
E00012931,317,41,19,22,276,33,243,12.933753943217665,5.993690851735016,6.940063091482649,87.06624605678233,10.410094637223976,76.65615141955836
E00012932,266,50,23,27,216,12,204,18.796992481203006,8.646616541353383,10.150375939849624,81.203007518797,4.511278195488721,76.69172932330827
E00012933,303,59,29,30,244,10,234,19.471947194719473,9.570957095709572,9.900990099009901,80.52805280528052,3.3003300330033,77.22772277227723
E00012934,256,37,15,22,219,13,206,14.453125,5.859375,8.59375,85.546875,5.078125,80.46875
E00012936,362,64,28,36,298,14,284,17.67955801104972,7.734806629834254,9.94475138121547,82.32044198895028,3.867403314917127,78.45303867403315
E00012937,340,42,13,29,298,25,273,12.352941176470589,3.823529411764706,8.529411764705882,87.6470588235294,7.352941176470589,80.29411764705883
E00012939,509,60,24,36,449,30,419,11.787819253438114,4.715127701375246,7.072691552062868,88.21218074656188,5.893909626719057,82.31827111984283
E00012940,310,25,12,13,285,13,272,8.064516129032258,3.870967741935484,4.193548387096775,91.93548387096774,4.193548387096775,87.74193548387098
E00012941,286,29,12,17,257,9,248,10.13986013986014,4.195804195804196,5.944055944055944,89.86013986013987,3.146853146853147,86.7132867132867
E00012942,310,41,13,28,269,18,251,13.225806451612904,4.193548387096775,9.032258064516128,86.7741935483871,5.806451612903226,80.96774193548387
E00012943,449,48,20,28,401,16,385,10.690423162583519,4.4543429844097995,6.23608017817372,89.30957683741649,3.5634743875278394,85.74610244988864
E00012944,329,32,10,22,297,14,283,9.72644376899696,3.0395136778115504,6.68693009118541,90.27355623100304,4.25531914893617,86.01823708206688
E00012945,340,44,15,29,296,26,270,12.941176470588237,4.411764705882353,8.529411764705882,87.05882352941177,7.647058823529412,79.41176470588235
E00012946,414,72,29,43,342,11,331,17.391304347826086,7.004830917874397,10.38647342995169,82.6086956521739,2.657004830917874,79.95169082125604
E00012947,247,29,12,17,218,19,199,11.740890688259109,4.8582995951417,6.882591093117409,88.25910931174089,7.6923076923076925,80.5668016194332
E00012948,379,28,8,20,351,24,327,7.387862796833773,2.1108179419525066,5.277044854881266,92.61213720316623,6.33245382585752,86.2796833773087
E00012949,203,36,18,18,167,12,155,17.733990147783253,8.866995073891626,8.866995073891626,82.26600985221675,5.911330049261084,76.35467980295566
E00012951,392,46,20,26,346,26,320,11.73469387755102,5.1020408163265305,6.63265306122449,88.26530612244898,6.63265306122449,81.63265306122449
E00012952,469,59,24,35,410,26,384,12.57995735607676,5.11727078891258,7.462686567164178,87.42004264392324,5.543710021321962,81.87633262260128
E00012953,364,49,28,21,315,16,299,13.461538461538462,7.6923076923076925,5.769230769230769,86.53846153846155,4.395604395604396,82.14285714285714
E00012954,394,50,19,31,344,16,328,12.690355329949238,4.822335025380711,7.868020304568528,87.30964467005076,4.060913705583756,83.24873096446701
E00012955,323,60,24,36,263,12,251,18.575851393188856,7.430340557275541,11.145510835913312,81.42414860681114,3.7151702786377707,77.70897832817337
E00012956,359,61,29,32,298,16,282,16.991643454038996,8.07799442896936,8.913649025069638,83.008356545961007,4.456824512534819,78.55153203342618
E00012957,365,59,25,34,306,14,292,16.164383561643834,6.8493150684931505,9.315068493150685,83.83561643835617,3.8356164383561646,80
E00012958,437,75,26,49,362,10,352,17.162471395881006,5.949656750572083,11.212814645308924,82.83752860411899,2.2883295194508007,80.54919908466819
E00012959,307,34,14,20,273,13,260,11.074918566775244,4.5602605863192185,6.514657980456026,88.92508143322475,4.234527687296417,84.69055374592834
E00012960,395,72,28,44,323,20,303,18.227848101265824,7.088607594936709,11.139240506329113,81.77215189873418,5.063291139240507,76.70886075949367
E00012961,465,73,32,41,392,20,372,15.698924731182796,6.881720430107527,8.817204301075268,84.3010752688172,4.301075268817205,80
E00012962,274,51,19,32,223,17,206,18.613138686131386,6.934306569343065,11.678832116788321,81.38686131386861,6.204379562043796,75.18248175182481
E00012963,367,41,19,22,326,17,309,11.1716621253406,5.177111716621254,5.994550408719346,88.8283378746594,4.632152588555858,84.19618528610354
E00012964,544,43,23,20,501,23,478,7.904411764705882,4.227941176470589,3.6764705882352944,92.09558823529412,4.227941176470589,87.86764705882352
E00012965,460,70,26,44,390,15,375,15.217391304347828,5.6521739130434785,9.565217391304348,84.78260869565217,3.260869565217391,81.52173913043478
E00012966,356,81,41,40,275,17,258,22.752808988764045,11.51685393258427,11.235955056179774,77.24719101123596,4.775280898876404,72.47191011235955
E00012967,444,76,37,39,368,13,355,17.117117117117118,8.333333333333332,8.783783783783784,82.88288288288288,2.9279279279279278,79.95495495495496
E00012969,423,76,44,32,347,15,332,17.96690307328605,10.401891252955082,7.5650118203309695,82.03309692671394,3.546099290780142,78.4869976359338
E00012971,380,57,25,32,323,12,311,15,6.578947368421052,8.421052631578947,85,3.1578947368421053,81.84210526315789
E00012972,345,66,36,30,279,13,266,19.130434782608695,10.434782608695652,8.695652173913043,80.8695652173913,3.768115942028986,77.10144927536233
E00012973,479,54,21,33,425,18,407,11.273486430062631,4.3841336116910234,6.8893528183716075,88.72651356993737,3.7578288100208765,84.96868475991648
E00012974,358,31,16,15,327,14,313,8.659217877094973,4.4692737430167595,4.189944134078212,91.34078212290503,3.910614525139665,87.43016759776536
E00012975,393,60,28,32,333,10,323,15.267175572519085,7.124681933842239,8.142493638676845,84.7328244274809,2.5445292620865136,82.1882951653944
E00012976,404,51,23,28,353,19,334,12.623762376237623,5.693069306930694,6.9306930693069315,87.37623762376238,4.702970297029703,82.67326732673267
E00012977,266,43,21,22,223,10,213,16.165413533834585,7.894736842105263,8.270676691729323,83.83458646616542,3.7593984962406015,80.07518796992481
E00012978,479,63,24,39,416,12,404,13.152400835073069,5.010438413361169,8.1419624217119,86.84759916492693,2.5052192066805845,84.34237995824635
E00012979,319,41,18,23,278,20,258,12.852664576802509,5.6426332288401255,7.210031347962382,87.14733542319749,6.269592476489027,80.87774294670847
E00012980,263,52,18,34,211,26,185,19.771863117870723,6.844106463878327,12.927756653992395,80.22813688212928,9.885931558935361,70.34220532319392
E00012981,387,70,34,36,317,16,301,18.087855297157624,8.785529715762273,9.30232558139535,81.91214470284238,4.1343669250646,77.77777777777779
E00012982,352,44,23,21,308,15,293,12.5,6.534090909090909,5.965909090909091,87.5,4.261363636363636,83.23863636363636
E00012983,326,63,29,34,263,9,254,19.32515337423313,8.895705521472392,10.429447852760736,80.67484662576688,2.7607361963190185,77.91411042944786
E00012984,230,40,17,23,190,10,180,17.391304347826086,7.391304347826087,10,82.6086956521739,4.3478260869565215,78.26086956521739
E00012985,325,47,18,29,278,20,258,14.461538461538462,5.538461538461538,8.923076923076923,85.53846153846155,6.153846153846154,79.38461538461539
E00012986,314,48,15,33,266,19,247,15.286624203821656,4.777070063694268,10.509554140127388,84.71337579617835,6.050955414012739,78.6624203821656
E00012987,298,45,20,25,253,12,241,15.100671140939598,6.7114093959731544,8.389261744966444,84.8993288590604,4.026845637583892,80.87248322147651
E00012988,416,58,26,32,358,26,332,13.942307692307693,6.25,7.6923076923076925,86.0576923076923,6.25,79.8076923076923
E00012989,403,54,22,32,349,25,324,13.399503722084367,5.459057071960298,7.94044665012407,86.60049627791562,6.20347394540943,80.39702233250621
E00012990,488,53,25,28,435,28,407,10.860655737704917,5.122950819672131,5.737704918032787,89.13934426229508,5.737704918032787,83.40163934426229
E00012991,510,61,19,42,449,31,418,11.96078431372549,3.7254901960784315,8.235294117647058,88.0392156862745,6.078431372549019,81.96078431372548
E00012992,269,49,27,22,220,13,207,18.21561338289963,10.037174721189592,8.178438661710038,81.78438661710037,4.83271375464684,76.95167286245353
E00012993,321,64,35,29,257,14,243,19.937694704049843,10.903426791277258,9.034267912772584,80.06230529595015,4.361370716510903,75.70093457943925
E00012994,350,27,9,18,323,24,299,7.7142857142857135,2.571428571428571,5.142857142857142,92.28571428571428,6.857142857142858,85.42857142857143
E00012995,381,37,17,20,344,18,326,9.711286089238845,4.4619422572178475,5.2493438320209975,90.28871391076116,4.724409448818897,85.56430446194226
E00012996,395,43,18,25,352,22,330,10.886075949367088,4.556962025316456,6.329113924050633,89.1139240506329,5.5696202531645564,83.54430379746836
E00012997,256,32,14,18,224,13,211,12.5,5.46875,7.03125,87.5,5.078125,82.421875
E00012998,374,40,11,29,334,19,315,10.695187165775401,2.941176470588235,7.754010695187167,89.3048128342246,5.080213903743315,84.22459893048129
E00012999,354,37,15,22,317,21,296,10.451977401129943,4.23728813559322,6.214689265536723,89.54802259887006,5.932203389830509,83.61581920903954
E00013000,371,36,11,25,335,20,315,9.703504043126685,2.964959568733154,6.738544474393531,90.29649595687331,5.3908355795148255,84.90566037735849
E00013001,316,36,14,22,280,12,268,11.39240506329114,4.430379746835443,6.962025316455696,88.60759493670885,3.79746835443038,84.81012658227847
E00013002,347,57,27,30,290,16,274,16.42651296829971,7.780979827089338,8.645533141210375,83.5734870317003,4.610951008645533,78.96253602305475
E00013003,238,52,23,29,186,10,176,21.84873949579832,9.663865546218489,12.184873949579831,78.15126050420169,4.201680672268908,73.94957983193278
E00013004,319,40,14,26,279,25,254,12.539184952978054,4.38871473354232,8.150470219435736,87.46081504702194,7.836990595611286,79.62382445141067
E00013005,348,36,12,24,312,26,286,10.344827586206897,3.4482758620689653,6.896551724137931,89.65517241379311,7.471264367816093,82.18390804597702
E00013006,343,52,22,30,291,19,272,15.160349854227405,6.41399416909621,8.746355685131196,84.8396501457726,5.539358600583091,79.30029154518951
E00013007,398,48,26,22,350,20,330,12.060301507537687,6.532663316582915,5.527638190954774,87.93969849246231,5.025125628140704,82.91457286432161
E00013008,310,42,18,24,268,21,247,13.548387096774196,5.806451612903226,7.741935483870968,86.45161290322581,6.774193548387098,79.6774193548387
E00013009,395,61,20,41,334,17,317,15.443037974683543,5.063291139240507,10.379746835443038,84.55696202531645,4.30379746835443,80.25316455696202
E00013010,318,23,4,19,295,17,278,7.232704402515723,1.257861635220126,5.9748427672955975,92.76729559748428,5.345911949685535,87.42138364779875
E00013011,405,70,27,43,335,16,319,17.28395061728395,6.666666666666667,10.617283950617285,82.71604938271605,3.950617283950617,78.76543209876543
E00013013,499,82,39,43,417,27,390,16.432865731462925,7.8156312625250495,8.617234468937877,83.56713426853707,5.410821643286573,78.15631262525051
E00013014,375,48,22,26,327,21,306,12.8,5.866666666666666,6.933333333333333,87.2,5.6000000000000005,81.6
E00013015,415,46,16,30,369,17,352,11.08433734939759,3.8554216867469884,7.228915662650602,88.91566265060241,4.096385542168675,84.81927710843374
E00013016,384,49,12,37,335,17,318,12.760416666666666,3.125,9.635416666666668,87.23958333333334,4.427083333333334,82.8125
E00013017,375,40,10,30,335,16,319,10.666666666666668,2.666666666666667,8,89.33333333333333,4.266666666666667,85.06666666666666
E00013019,347,47,14,33,300,13,287,13.544668587896252,4.034582132564841,9.510086455331413,86.45533141210375,3.7463976945244957,82.70893371757924
E00013020,354,51,23,28,303,9,294,14.40677966101695,6.497175141242938,7.909604519774012,85.59322033898306,2.5423728813559325,83.05084745762711
E00013021,301,65,24,41,236,10,226,21.59468438538206,7.973421926910299,13.621262458471762,78.40531561461795,3.322259136212625,75.08305647840533
E00013022,352,29,9,20,323,11,312,8.238636363636363,2.556818181818182,5.681818181818182,91.76136363636364,3.125,88.63636363636364
E00013023,492,50,21,29,442,25,417,10.16260162601626,4.2682926829268295,5.894308943089431,89.83739837398373,5.08130081300813,84.7560975609756
E00013024,503,47,21,26,456,12,444,9.343936381709742,4.174950298210735,5.168986083499006,90.65606361829026,2.3856858846918487,88.27037773359841
E00013025,564,77,37,40,487,15,472,13.652482269503546,6.5602836879432624,7.092198581560284,86.34751773049646,2.6595744680851063,83.68794326241135
E00013026,514,58,32,26,456,24,432,11.284046692607005,6.22568093385214,5.058365758754864,88.715953307393,4.669260700389105,84.04669260700389
E00013027,441,36,17,19,405,12,393,8.16326530612245,3.8548752834467117,4.308390022675737,91.83673469387756,2.7210884353741496,89.1156462585034
E00013028,427,70,30,40,357,19,338,16.39344262295082,7.02576112412178,9.367681498829041,83.60655737704919,4.449648711943794,79.15690866510539
E00013029,471,71,44,27,400,18,382,15.074309978768577,9.341825902335456,5.7324840764331215,84.92569002123143,3.821656050955414,81.104033970276
E00013030,340,25,12,13,315,7,308,7.352941176470589,3.5294117647058822,3.823529411764706,92.64705882352942,2.0588235294117645,90.58823529411765
E00013031,473,50,25,25,423,11,412,10.570824524312897,5.2854122621564485,5.2854122621564485,89.4291754756871,2.3255813953488373,87.10359408033827
E00013032,328,57,26,31,271,8,263,17.378048780487802,7.926829268292683,9.451219512195122,82.6219512195122,2.4390243902439024,80.1829268292683
E00013035,421,37,19,18,384,14,370,8.788598574821853,4.513064133016627,4.275534441805226,91.21140142517815,3.32541567695962,87.88598574821853
E00013036,437,61,29,32,376,5,371,13.958810068649885,6.636155606407322,7.322654462242563,86.04118993135012,1.1441647597254003,84.89702517162472
E00013037,417,50,24,26,367,24,343,11.990407673860911,5.755395683453238,6.235011990407674,88.00959232613909,5.755395683453238,82.25419664268586
E00013038,291,54,28,26,237,9,228,18.556701030927837,9.621993127147768,8.934707903780069,81.44329896907216,3.0927835051546393,78.35051546391753
E00013039,439,58,26,32,381,9,372,13.211845102505695,5.922551252847381,7.289293849658314,86.78815489749431,2.050113895216401,84.73804100227791
E00013040,360,22,11,11,338,14,324,6.111111111111111,3.0555555555555554,3.0555555555555554,93.88888888888889,3.888888888888889,90
E00013041,595,66,30,36,529,9,520,11.092436974789916,5.042016806722689,6.050420168067227,88.90756302521008,1.5126050420168067,87.39495798319328
E00013043,437,52,29,23,385,8,377,11.899313501144166,6.636155606407322,5.263157894736842,88.10068649885584,1.8306636155606408,86.2700228832952
E00013044,440,37,17,20,403,14,389,8.409090909090908,3.8636363636363633,4.545454545454546,91.5909090909091,3.1818181818181817,88.4090909090909
E00013045,596,69,31,38,527,21,506,11.577181208053691,5.201342281879195,6.375838926174497,88.42281879194631,3.523489932885906,84.8993288590604
E00013046,365,78,43,35,287,16,271,21.36986301369863,11.78082191780822,9.58904109589041,78.63013698630137,4.383561643835616,74.24657534246575
E00013047,486,55,27,28,431,8,423,11.316872427983538,5.555555555555555,5.761316872427984,88.68312757201646,1.646090534979424,87.03703703703704
E00013048,403,46,19,27,357,6,351,11.41439205955335,4.714640198511166,6.699751861042183,88.58560794044665,1.488833746898263,87.09677419354838
E00013049,624,148,89,59,476,10,466,23.717948717948715,14.262820512820513,9.455128205128204,76.28205128205127,1.6025641025641024,74.67948717948718
E00013050,493,57,25,32,436,22,414,11.561866125760648,5.070993914807302,6.490872210953347,88.43813387423936,4.462474645030426,83.97565922920892
E00013051,468,68,41,27,400,17,383,14.529914529914532,8.76068376068376,5.769230769230769,85.47008547008546,3.632478632478633,81.83760683760684
E00013052,419,51,24,27,368,15,353,12.17183770883055,5.727923627684964,6.443914081145586,87.82816229116945,3.579952267303103,84.24821002386635
E00013053,493,63,37,26,430,20,410,12.778904665314403,7.505070993914807,5.273833671399594,87.2210953346856,4.056795131845842,83.16430020283975
E00013054,414,47,19,28,367,12,355,11.352657004830919,4.5893719806763285,6.763285024154589,88.64734299516908,2.898550724637681,85.74879227053141
E00013055,456,42,22,20,414,8,406,9.210526315789473,4.824561403508771,4.385964912280701,90.78947368421053,1.7543859649122806,89.03508771929825
E00013056,348,33,12,21,315,12,303,9.482758620689655,3.4482758620689653,6.0344827586206895,90.51724137931035,3.4482758620689653,87.06896551724138
E00013057,377,58,27,31,319,8,311,15.384615384615385,7.161803713527852,8.222811671087534,84.61538461538461,2.122015915119363,82.49336870026525
E00013058,307,57,30,27,250,12,238,18.566775244299674,9.77198697068404,8.794788273615636,81.43322475570032,3.908794788273615,77.52442996742671
E00013059,381,40,17,23,341,16,325,10.498687664041995,4.4619422572178475,6.036745406824147,89.501312335958,4.199475065616798,85.30183727034121
E00013060,348,41,25,16,307,8,299,11.781609195402298,7.183908045977011,4.597701149425287,88.2183908045977,2.2988505747126435,85.91954022988506
E00013061,466,52,21,31,414,14,400,11.158798283261802,4.506437768240343,6.652360515021459,88.8412017167382,3.004291845493562,85.83690987124464
E00013062,434,50,23,27,384,12,372,11.52073732718894,5.299539170506913,6.221198156682028,88.47926267281106,2.7649769585253456,85.71428571428571
E00013063,499,57,26,31,442,14,428,11.422845691382765,5.210420841683367,6.212424849699398,88.57715430861724,2.80561122244489,85.77154308617234
E00013064,438,59,18,41,379,8,371,13.470319634703195,4.10958904109589,9.360730593607306,86.5296803652968,1.82648401826484,84.70319634703196
E00013065,452,39,21,18,413,14,399,8.628318584070795,4.646017699115045,3.982300884955752,91.3716814159292,3.0973451327433628,88.27433628318585
E00013066,434,36,9,27,398,15,383,8.294930875576037,2.0737327188940093,6.221198156682028,91.70506912442397,3.4562211981566824,88.24884792626729
E00013067,500,56,23,33,444,14,430,11.200000000000001,4.6,6.6000000000000005,88.8,2.8000000000000003,86
E00013068,383,50,19,31,333,10,323,13.054830287206268,4.960835509138381,8.093994778067886,86.94516971279373,2.610966057441253,84.33420365535248
E00013070,515,52,20,32,463,24,439,10.097087378640776,3.8834951456310676,6.213592233009709,89.90291262135922,4.660194174757281,85.24271844660194
E00013071,577,54,25,29,523,19,504,9.358752166377817,4.332755632582322,5.025996533795494,90.64124783362219,3.2928942807625647,87.34835355285962
E00013072,393,53,28,25,340,19,321,13.486005089058525,7.124681933842239,6.361323155216285,86.51399491094148,4.8346055979643765,81.67938931297711
E00013074,428,41,23,18,387,13,374,9.579439252336448,5.373831775700935,4.205607476635514,90.42056074766354,3.0373831775700935,87.38317757009347
E00013075,248,42,16,26,206,11,195,16.93548387096774,6.451612903225806,10.483870967741936,83.06451612903226,4.435483870967742,78.62903225806451
E00013076,496,42,19,23,454,25,429,8.46774193548387,3.8306451612903225,4.637096774193548,91.53225806451613,5.040322580645161,86.49193548387096
E00013078,357,41,22,19,316,18,298,11.484593837535014,6.162464985994398,5.322128851540616,88.51540616246498,5.042016806722689,83.4733893557423
E00013079,459,43,18,25,416,13,403,9.368191721132897,3.9215686274509802,5.446623093681917,90.6318082788671,2.832244008714597,87.7995642701525
E00013080,382,44,25,19,338,16,322,11.518324607329843,6.544502617801047,4.973821989528796,88.48167539267016,4.18848167539267,84.29319371727748
E00013081,446,54,27,27,392,17,375,12.10762331838565,6.053811659192825,6.053811659192825,87.89237668161435,3.811659192825112,84.08071748878923
E00013082,380,61,28,33,319,18,301,16.05263157894737,7.368421052631578,8.68421052631579,83.94736842105263,4.736842105263158,79.21052631578948
E00013083,436,55,26,29,381,17,364,12.614678899082568,5.963302752293578,6.651376146788992,87.38532110091744,3.89908256880734,83.4862385321101
E00013084,380,62,34,28,318,12,306,16.315789473684212,8.947368421052632,7.368421052631578,83.6842105263158,3.1578947368421053,80.52631578947368
E00013085,401,58,29,29,343,8,335,14.463840399002494,7.231920199501247,7.231920199501247,85.53615960099751,1.99501246882793,83.54114713216958
E00013086,366,60,29,31,306,11,295,16.39344262295082,7.923497267759563,8.469945355191257,83.60655737704919,3.0054644808743167,80.60109289617486
E00013087,361,38,15,23,323,12,311,10.526315789473683,4.1551246537396125,6.3711911357340725,89.47368421052632,3.32409972299169,86.14958448753463
E00013088,573,108,55,53,465,12,453,18.848167539267017,9.598603839441536,9.24956369982548,81.15183246073299,2.094240837696335,79.05759162303664
E00013089,339,58,28,30,281,5,276,17.10914454277286,8.259587020648967,8.849557522123893,82.89085545722715,1.4749262536873156,81.41592920353983
E00013090,552,51,27,24,501,15,486,9.239130434782608,4.891304347826087,4.3478260869565215,90.76086956521739,2.717391304347826,88.04347826086956
E00013091,453,57,21,36,396,13,383,12.582781456953644,4.635761589403973,7.9470198675496695,87.41721854304636,2.869757174392936,84.54746136865342
E00013092,530,60,25,35,470,15,455,11.320754716981133,4.716981132075472,6.60377358490566,88.67924528301887,2.8301886792452833,85.84905660377359
E00013093,421,52,12,40,369,13,356,12.351543942992874,2.8503562945368173,9.501187648456057,87.64845605700712,3.0878859857482186,84.56057007125891
E00013094,469,68,29,39,401,12,389,14.498933901918976,6.183368869936034,8.315565031982942,85.50106609808103,2.55863539445629,82.94243070362474
E00013095,452,45,26,19,407,15,392,9.955752212389381,5.752212389380531,4.20353982300885,90.04424778761062,3.3185840707964607,86.72566371681415
E00013096,459,55,28,27,404,13,391,11.982570806100219,6.1002178649237475,5.88235294117647,88.01742919389977,2.832244008714597,85.18518518518519
E00013097,458,62,29,33,396,11,385,13.537117903930133,6.331877729257641,7.20524017467249,86.46288209606988,2.4017467248908297,84.06113537117903
E00013098,398,55,24,31,343,9,334,13.819095477386934,6.030150753768844,7.788944723618091,86.18090452261306,2.261306532663317,83.91959798994975
E00013099,555,44,30,14,511,12,499,7.927927927927928,5.405405405405405,2.5225225225225225,92.07207207207207,2.1621621621621623,89.90990990990991
E00013100,437,52,21,31,385,11,374,11.899313501144166,4.805491990846682,7.093821510297483,88.10068649885584,2.517162471395881,85.58352402745996
E00013101,525,65,33,32,460,17,443,12.380952380952381,6.2857142857142865,6.095238095238095,87.61904761904762,3.2380952380952377,84.38095238095238
E00013102,451,73,38,35,378,10,368,16.186252771618626,8.425720620842572,7.760532150776053,83.81374722838137,2.2172949002217295,81.59645232815964
E00013103,462,43,12,31,419,5,414,9.307359307359308,2.5974025974025974,6.70995670995671,90.6926406926407,1.0822510822510822,89.6103896103896
E00013104,418,49,21,28,369,12,357,11.722488038277511,5.023923444976076,6.698564593301436,88.27751196172248,2.8708133971291865,85.4066985645933
E00013105,406,36,13,23,370,16,354,8.866995073891626,3.201970443349754,5.665024630541872,91.13300492610837,3.9408866995073892,87.192118226601
E00013106,456,54,25,29,402,18,384,11.842105263157894,5.482456140350877,6.359649122807018,88.1578947368421,3.9473684210526314,84.21052631578947
E00013107,505,54,27,27,451,20,431,10.693069306930694,5.346534653465347,5.346534653465347,89.3069306930693,3.9603960396039604,85.34653465346534
E00013108,485,43,16,27,442,14,428,8.8659793814433,3.2989690721649487,5.567010309278351,91.1340206185567,2.88659793814433,88.24742268041237
E00013109,515,67,34,33,448,25,423,13.009708737864079,6.601941747572816,6.407766990291262,86.99029126213593,4.854368932038835,82.13592233009709
E00013110,442,60,27,33,382,9,373,13.574660633484163,6.108597285067873,7.46606334841629,86.42533936651584,2.0361990950226243,84.38914027149322
E00013111,596,50,25,25,546,18,528,8.389261744966444,4.194630872483222,4.194630872483222,91.61073825503355,3.0201342281879198,88.59060402684564
E00013112,356,61,27,34,295,21,274,17.134831460674157,7.584269662921349,9.550561797752808,82.86516853932584,5.8988764044943816,76.96629213483146
E00013113,583,68,35,33,515,17,498,11.663807890222985,6.003430531732419,5.660377358490567,88.33619210977702,2.9159519725557463,85.42024013722127
E00013114,357,49,24,25,308,14,294,13.725490196078432,6.722689075630252,7.002801120448179,86.27450980392157,3.9215686274509802,82.35294117647058
E00013115,370,39,14,25,331,21,310,10.54054054054054,3.783783783783784,6.756756756756757,89.45945945945945,5.675675675675676,83.78378378378379
E00013116,445,22,8,14,423,17,406,4.943820224719101,1.7977528089887642,3.146067415730337,95.0561797752809,3.8202247191011236,91.23595505617978
E00013117,414,55,24,31,359,20,339,13.285024154589372,5.797101449275362,7.487922705314009,86.71497584541062,4.830917874396135,81.88405797101449
E00013118,502,39,11,28,463,10,453,7.768924302788845,2.1912350597609564,5.577689243027888,92.23107569721115,1.9920318725099602,90.2390438247012
E00013119,421,34,16,18,387,19,368,8.076009501187649,3.800475059382423,4.275534441805226,91.92399049881234,4.513064133016627,87.41092636579573
E00013121,397,40,13,27,357,25,332,10.075566750629724,3.27455919395466,6.801007556675064,89.92443324937027,6.297229219143577,83.6272040302267
E00013122,290,49,20,29,241,11,230,16.896551724137932,6.896551724137931,10,83.10344827586206,3.793103448275862,79.3103448275862
E00013123,460,43,18,25,417,11,406,9.347826086956522,3.91304347826087,5.434782608695652,90.65217391304347,2.391304347826087,88.26086956521739
E00013124,467,47,20,27,420,13,407,10.06423982869379,4.282655246252676,5.781584582441114,89.93576017130621,2.7837259100642395,87.15203426124198
E00013125,468,50,18,32,418,25,393,10.683760683760683,3.8461538461538463,6.837606837606838,89.31623931623932,5.3418803418803416,83.97435897435898
E00013126,316,54,23,31,262,14,248,17.088607594936708,7.2784810126582276,9.81012658227848,82.91139240506328,4.430379746835443,78.48101265822784
E00013127,487,45,18,27,442,16,426,9.240246406570842,3.696098562628337,5.544147843942506,90.75975359342917,3.285420944558522,87.47433264887063
E00013129,428,49,21,28,379,11,368,11.448598130841122,4.906542056074766,6.5420560747663545,88.55140186915888,2.570093457943925,85.98130841121495
E00013130,556,52,20,32,504,24,480,9.352517985611511,3.5971223021582732,5.755395683453238,90.64748201438849,4.316546762589928,86.33093525179856
E00013131,469,74,38,36,395,18,377,15.778251599147122,8.102345415778252,7.675906183368871,84.22174840085287,3.8379530916844353,80.38379530916845
E00013133,601,45,20,25,556,20,536,7.487520798668886,3.3277870216306153,4.159733777038269,92.5124792013311,3.3277870216306153,89.18469217970049
E00013136,601,59,25,34,542,15,527,9.816971713810316,4.159733777038269,5.657237936772046,90.18302828618968,2.4958402662229617,87.68718801996673
E00013138,584,43,19,24,541,16,525,7.363013698630137,3.2534246575342465,4.10958904109589,92.63698630136986,2.73972602739726,89.8972602739726
E00013140,415,43,16,27,372,13,359,10.361445783132531,3.8554216867469884,6.506024096385541,89.63855421686748,3.132530120481928,86.50602409638554
E00013141,433,61,33,28,372,19,353,14.087759815242496,7.621247113163972,6.466512702078522,85.91224018475751,4.387990762124711,81.5242494226328
E00013142,277,54,24,30,223,8,215,19.494584837545126,8.664259927797833,10.830324909747292,80.50541516245488,2.888086642599278,77.6173285198556
E00013144,446,32,18,14,414,18,396,7.174887892376682,4.0358744394618835,3.1390134529147984,92.82511210762333,4.0358744394618835,88.78923766816143
E00013146,251,43,17,26,208,10,198,17.131474103585656,6.772908366533864,10.358565737051793,82.86852589641434,3.9840637450199203,78.88446215139442
E00013147,364,38,14,24,326,11,315,10.43956043956044,3.8461538461538463,6.593406593406594,89.56043956043956,3.021978021978022,86.53846153846155
E00013148,339,42,17,25,297,12,285,12.389380530973451,5.014749262536873,7.374631268436578,87.61061946902655,3.5398230088495577,84.070796460177
E00013149,343,21,5,16,322,6,316,6.122448979591836,1.4577259475218658,4.664723032069971,93.87755102040816,1.749271137026239,92.12827988338192
E00013150,370,28,13,15,342,8,334,7.567567567567568,3.5135135135135136,4.054054054054054,92.43243243243244,2.1621621621621623,90.27027027027027
E00013152,439,47,23,24,392,11,381,10.70615034168565,5.239179954441914,5.466970387243736,89.29384965831434,2.5056947608200453,86.78815489749431
E00013153,411,54,29,25,357,3,354,13.138686131386862,7.0559610705596105,6.082725060827251,86.86131386861314,0.7299270072992701,86.13138686131386
E00013154,533,68,40,28,465,22,443,12.757973733583489,7.5046904315197,5.253283302063791,87.2420262664165,4.127579737335835,83.11444652908068
E00013155,278,50,31,19,228,8,220,17.985611510791365,11.151079136690647,6.83453237410072,82.01438848920863,2.877697841726619,79.13669064748201
E00013156,408,49,16,33,359,24,335,12.009803921568627,3.9215686274509802,8.088235294117647,87.99019607843137,5.88235294117647,82.1078431372549
E00013157,392,33,10,23,359,13,346,8.418367346938775,2.5510204081632653,5.86734693877551,91.58163265306123,3.316326530612245,88.26530612244898
E00013158,433,52,25,27,381,6,375,12.009237875288683,5.773672055427252,6.235565819861432,87.99076212471132,1.3856812933025404,86.60508083140877
E00013159,410,53,22,31,357,18,339,12.926829268292684,5.365853658536586,7.560975609756097,87.07317073170732,4.390243902439024,82.68292682926828
E00013160,397,40,16,24,357,13,344,10.075566750629724,4.030226700251889,6.045340050377834,89.92443324937027,3.27455919395466,86.64987405541562
E00013161,399,41,17,24,358,19,339,10.275689223057643,4.260651629072681,6.015037593984962,89.72431077694235,4.761904761904762,84.9624060150376
E00013162,394,49,26,23,345,11,334,12.436548223350254,6.598984771573605,5.83756345177665,87.56345177664974,2.7918781725888326,84.77157360406092
E00013163,552,56,14,42,496,14,482,10.144927536231885,2.536231884057971,7.608695652173914,89.85507246376811,2.536231884057971,87.31884057971014
E00013164,404,56,28,28,348,21,327,13.861386138613863,6.9306930693069315,6.9306930693069315,86.13861386138613,5.198019801980198,80.94059405940595
E00013166,446,47,26,21,399,14,385,10.538116591928251,5.829596412556054,4.708520179372197,89.46188340807176,3.1390134529147984,86.32286995515696
E00013167,614,60,30,30,554,13,541,9.77198697068404,4.88599348534202,4.88599348534202,90.22801302931596,2.1172638436482085,88.11074918566774
E00013168,327,40,20,20,287,19,268,12.232415902140673,6.116207951070336,6.116207951070336,87.76758409785933,5.81039755351682,81.9571865443425
E00013169,450,61,29,32,389,17,372,13.555555555555557,6.444444444444445,7.111111111111111,86.44444444444444,3.7777777777777777,82.66666666666667
E00013170,312,50,26,24,262,10,252,16.025641025641026,8.333333333333332,7.6923076923076925,83.97435897435898,3.205128205128205,80.76923076923077
E00013171,591,67,30,37,524,20,504,11.336717428087987,5.0761421319796955,6.260575296108291,88.66328257191202,3.3840947546531304,85.27918781725889
E00013172,441,43,18,25,398,8,390,9.750566893424036,4.081632653061225,5.6689342403628125,90.24943310657596,1.8140589569160999,88.43537414965986
E00013174,339,56,20,36,283,11,272,16.519174041297934,5.899705014749262,10.619469026548673,83.48082595870207,3.2448377581120944,80.23598820058997
E00013175,533,63,28,35,470,14,456,11.819887429643527,5.253283302063791,6.566604127579738,88.18011257035647,2.6266416510318953,85.55347091932458
E00013177,362,68,43,25,294,9,285,18.784530386740332,11.878453038674033,6.906077348066299,81.21546961325967,2.4861878453038675,78.72928176795581
E00013178,510,66,25,41,444,15,429,12.941176470588237,4.901960784313726,8.03921568627451,87.05882352941177,2.941176470588235,84.11764705882354
E00013179,505,51,22,29,454,22,432,10.099009900990099,4.356435643564356,5.742574257425743,89.9009900990099,4.356435643564356,85.54455445544555
E00013180,582,74,48,26,508,15,493,12.714776632302405,8.24742268041237,4.4673539518900345,87.2852233676976,2.5773195876288657,84.70790378006873
E00013181,513,35,15,20,478,11,467,6.82261208576998,2.923976608187134,3.898635477582846,93.17738791423001,2.144249512670565,91.03313840155946
E00013182,273,22,12,10,251,11,240,8.058608058608058,4.395604395604396,3.6630036630036633,91.94139194139194,4.029304029304029,87.91208791208791
E00013183,289,30,11,19,259,8,251,10.380622837370241,3.8062283737024223,6.5743944636678195,89.61937716262976,2.768166089965398,86.85121107266436
E00013184,381,38,8,30,343,16,327,9.973753280839896,2.099737532808399,7.874015748031496,90.02624671916011,4.199475065616798,85.8267716535433
E00013185,448,39,19,20,409,14,395,8.705357142857142,4.241071428571429,4.464285714285714,91.29464285714286,3.125,88.16964285714286
E00013186,415,37,14,23,378,18,360,8.91566265060241,3.3734939759036147,5.542168674698795,91.08433734939759,4.337349397590361,86.74698795180723
E00013187,455,52,22,30,403,19,384,11.428571428571429,4.835164835164836,6.593406593406594,88.57142857142857,4.175824175824175,84.3956043956044
E00013188,437,53,16,37,384,15,369,12.128146453089245,3.6613272311212817,8.466819221967963,87.87185354691076,3.4324942791762014,84.43935926773455
E00013189,484,59,24,35,425,16,409,12.190082644628099,4.958677685950414,7.231404958677685,87.80991735537191,3.3057851239669422,84.50413223140497
E00013190,540,70,20,50,470,13,457,12.962962962962962,3.7037037037037033,9.25925925925926,87.03703703703704,2.4074074074074074,84.62962962962963
E00013191,560,62,28,34,498,22,476,11.071428571428571,5,6.071428571428571,88.92857142857142,3.9285714285714284,85
E00013192,418,41,20,21,377,22,355,9.808612440191387,4.784688995215311,5.023923444976076,90.19138755980862,5.263157894736842,84.92822966507177
E00013193,395,41,22,19,354,16,338,10.379746835443038,5.5696202531645564,4.810126582278481,89.62025316455696,4.050632911392405,85.56962025316456
E00013194,313,47,20,27,266,15,251,15.015974440894569,6.3897763578274756,8.626198083067091,84.98402555910543,4.792332268370607,80.19169329073482
E00013195,317,40,10,30,277,18,259,12.618296529968454,3.1545741324921135,9.46372239747634,87.38170347003155,5.678233438485805,81.70347003154575
E00013196,407,32,16,16,375,12,363,7.862407862407863,3.9312039312039313,3.9312039312039313,92.13759213759214,2.9484029484029484,89.1891891891892
E00013197,405,42,11,31,363,19,344,10.37037037037037,2.7160493827160495,7.654320987654321,89.62962962962962,4.691358024691358,84.93827160493828
E00013198,368,42,17,25,326,29,297,11.41304347826087,4.619565217391304,6.7934782608695645,88.58695652173914,7.880434782608696,80.70652173913044
E00013199,381,31,16,15,350,21,329,8.136482939632545,4.199475065616798,3.937007874015748,91.86351706036746,5.511811023622047,86.3517060367454
E00013200,330,36,8,28,294,22,272,10.909090909090908,2.4242424242424243,8.484848484848486,89.0909090909091,6.666666666666667,82.42424242424242
E00013201,393,53,19,34,340,21,319,13.486005089058525,4.8346055979643765,8.651399491094146,86.51399491094148,5.343511450381679,81.1704834605598
E00013202,422,55,23,32,367,17,350,13.033175355450238,5.450236966824645,7.5829383886255926,86.96682464454977,4.028436018957346,82.93838862559242
E00013203,398,55,18,37,343,20,323,13.819095477386934,4.522613065326634,9.296482412060302,86.18090452261306,5.025125628140704,81.15577889447236
E00013204,263,34,16,18,229,26,203,12.927756653992395,6.083650190114068,6.844106463878327,87.07224334600761,9.885931558935361,77.18631178707224
E00013205,366,46,17,29,320,14,306,12.568306010928962,4.644808743169399,7.923497267759563,87.43169398907104,3.825136612021858,83.60655737704919
E00013206,376,53,26,27,323,11,312,14.095744680851062,6.914893617021277,7.180851063829788,85.90425531914893,2.925531914893617,82.97872340425532
E00013207,339,38,11,27,301,24,277,11.209439528023598,3.2448377581120944,7.964601769911504,88.79056047197639,7.079646017699115,81.71091445427729
E00013208,346,55,15,40,291,22,269,15.895953757225435,4.335260115606936,11.560693641618498,84.10404624277457,6.358381502890173,77.74566473988439
E00013209,327,44,15,29,283,23,260,13.455657492354739,4.587155963302752,8.868501529051988,86.54434250764525,7.033639143730887,79.51070336391437
E00013210,334,36,12,24,298,22,276,10.778443113772456,3.592814371257485,7.18562874251497,89.22155688622755,6.58682634730539,82.63473053892216
E00013211,195,33,15,18,162,4,158,16.923076923076923,7.6923076923076925,9.230769230769232,83.07692307692308,2.051282051282051,81.02564102564102
E00013212,341,32,9,23,309,26,283,9.3841642228739,2.6392961876832843,6.744868035190615,90.6158357771261,7.624633431085044,82.99120234604106
E00013213,393,23,8,15,370,26,344,5.852417302798982,2.035623409669211,3.816793893129771,94.14758269720102,6.615776081424936,87.53180661577609
E00013214,387,51,24,27,336,7,329,13.178294573643413,6.2015503875969,6.976744186046512,86.82170542635659,1.8087855297157622,85.01291989664082
E00013215,550,74,38,36,476,10,466,13.454545454545455,6.909090909090909,6.545454545454546,86.54545454545455,1.8181818181818181,84.72727272727273
E00013217,583,88,46,42,495,16,479,15.09433962264151,7.890222984562607,7.204116638078903,84.90566037735849,2.7444253859348198,82.16123499142367
E00013221,316,60,29,31,256,9,247,18.9873417721519,9.177215189873419,9.81012658227848,81.0126582278481,2.848101265822785,78.16455696202532
E00013222,584,45,21,24,539,15,524,7.705479452054795,3.595890410958904,4.10958904109589,92.2945205479452,2.5684931506849313,89.72602739726028
E00013223,488,57,29,28,431,12,419,11.68032786885246,5.942622950819672,5.737704918032787,88.31967213114754,2.459016393442623,85.86065573770492
E00013224,500,63,31,32,437,13,424,12.6,6.2,6.4,87.4,2.6,84.8
E00013225,476,85,44,41,391,14,377,17.857142857142858,9.243697478991598,8.61344537815126,82.14285714285714,2.941176470588235,79.2016806722689
E00013226,516,36,15,21,480,8,472,6.976744186046512,2.9069767441860463,4.069767441860465,93.02325581395348,1.550387596899225,91.47286821705426
E00013227,363,76,49,27,287,16,271,20.9366391184573,13.498622589531681,7.43801652892562,79.06336088154269,4.40771349862259,74.65564738292011
E00013228,622,94,71,23,528,31,497,15.112540192926044,11.414790996784566,3.697749196141479,84.88745980707395,4.983922829581994,79.90353697749197
E00013232,592,69,26,43,523,22,501,11.655405405405405,4.391891891891892,7.263513513513513,88.3445945945946,3.7162162162162162,84.62837837837837
E00013233,393,44,15,29,349,12,337,11.195928753180661,3.816793893129771,7.37913486005089,88.80407124681933,3.0534351145038165,85.75063613231552
E00013234,539,48,11,37,491,21,470,8.905380333951761,2.0408163265306123,6.8645640074211505,91.09461966604823,3.896103896103896,87.19851576994434
E00013235,580,94,43,51,486,19,467,16.206896551724135,7.413793103448276,8.793103448275861,83.79310344827586,3.2758620689655173,80.51724137931035
E00013236,537,48,20,28,489,15,474,8.938547486033519,3.7243947858473,5.21415270018622,91.06145251396647,2.793296089385475,88.26815642458101
E00013237,488,52,25,27,436,11,425,10.655737704918032,5.122950819672131,5.532786885245901,89.34426229508196,2.2540983606557377,87.09016393442623
E00013238,512,69,39,30,443,11,432,13.4765625,7.6171875,5.859375,86.5234375,2.1484375,84.375
E00013239,412,33,17,16,379,8,371,8.009708737864079,4.12621359223301,3.8834951456310676,91.99029126213593,1.9417475728155338,90.0485436893204
E00013241,267,49,24,25,218,9,209,18.352059925093634,8.98876404494382,9.363295880149813,81.64794007490637,3.3707865168539324,78.27715355805243
E00013242,276,29,7,22,247,13,234,10.507246376811594,2.536231884057971,7.971014492753622,89.4927536231884,4.710144927536232,84.78260869565217
E00013243,289,28,8,20,261,15,246,9.688581314878892,2.768166089965398,6.920415224913495,90.3114186851211,5.190311418685121,85.12110726643598
E00013244,442,72,29,43,370,22,348,16.289592760180994,6.561085972850679,9.728506787330318,83.710407239819,4.97737556561086,78.73303167420815
E00013245,324,38,10,28,286,25,261,11.728395061728394,3.0864197530864197,8.641975308641975,88.27160493827161,7.716049382716049,80.55555555555556
E00013246,333,30,11,19,303,17,286,9.00900900900901,3.303303303303303,5.7057057057057055,90.990990990991,5.105105105105105,85.88588588588588
E00013247,331,34,6,28,297,17,280,10.27190332326284,1.812688821752266,8.459214501510575,89.72809667673715,5.13595166163142,84.59214501510573
E00013248,329,33,11,22,296,12,284,10.030395136778116,3.343465045592705,6.68693009118541,89.96960486322189,3.64741641337386,86.32218844984803
E00013249,413,62,37,25,351,18,333,15.012106537530268,8.958837772397095,6.053268765133172,84.98789346246973,4.358353510895883,80.62953995157385
E00013250,387,91,33,58,296,21,275,23.51421188630491,8.527131782945736,14.987080103359174,76.48578811369508,5.426356589147287,71.0594315245478
E00013251,351,43,20,23,308,12,296,12.250712250712251,5.698005698005698,6.552706552706552,87.74928774928775,3.418803418803419,84.33048433048434
E00013252,392,59,28,31,333,22,311,15.051020408163266,7.142857142857142,7.908163265306123,84.94897959183673,5.612244897959184,79.33673469387756
E00013253,384,60,31,29,324,12,312,15.625,8.072916666666668,7.552083333333333,84.375,3.125,81.25
E00013254,264,11,2,9,253,16,237,4.166666666666666,0.7575757575757576,3.4090909090909087,95.83333333333334,6.0606060606060606,89.77272727272727
E00013255,330,45,23,22,285,11,274,13.636363636363635,6.969696969696971,6.666666666666667,86.36363636363636,3.3333333333333335,83.03030303030303
E00013256,333,34,22,12,299,15,284,10.21021021021021,6.606606606606606,3.6036036036036037,89.7897897897898,4.504504504504505,85.28528528528528
E00013257,275,59,28,31,216,7,209,21.454545454545453,10.181818181818182,11.272727272727273,78.54545454545455,2.5454545454545454,76
E00013258,256,57,26,31,199,4,195,22.265625,10.15625,12.109375,77.734375,1.5625,76.171875
E00013259,413,77,38,39,336,14,322,18.64406779661017,9.200968523002421,9.443099273607748,81.35593220338984,3.389830508474576,77.96610169491525
E00013260,281,55,30,25,226,14,212,19.572953736654807,10.676156583629894,8.896797153024911,80.42704626334519,4.98220640569395,75.44483985765125
E00013261,233,18,0,18,215,13,202,7.725321888412018,0,7.725321888412018,92.27467811158799,5.579399141630901,86.69527896995707
E00013262,478,77,31,46,401,22,379,16.10878661087866,6.485355648535565,9.623430962343097,83.89121338912135,4.602510460251046,79.2887029288703
E00013263,435,89,54,35,346,31,315,20.45977011494253,12.413793103448276,8.045977011494253,79.54022988505747,7.126436781609195,72.41379310344827
E00013264,241,18,7,11,223,11,212,7.468879668049793,2.904564315352697,4.564315352697095,92.5311203319502,4.564315352697095,87.96680497925311
E00013265,287,29,16,13,258,23,235,10.104529616724738,5.574912891986063,4.529616724738676,89.89547038327527,8.013937282229964,81.8815331010453
E00013266,462,90,61,29,372,22,350,19.480519480519483,13.203463203463203,6.2770562770562766,80.51948051948052,4.761904761904762,75.75757575757575
E00013267,411,62,19,43,349,26,323,15.085158150851582,4.622871046228711,10.46228710462287,84.91484184914842,6.326034063260341,78.58880778588808
E00013268,268,43,16,27,225,16,209,16.044776119402986,5.970149253731343,10.074626865671641,83.95522388059702,5.970149253731343,77.98507462686567
E00013269,422,85,35,50,337,12,325,20.14218009478673,8.293838862559241,11.848341232227488,79.85781990521326,2.843601895734597,77.01421800947867
E00013270,479,84,37,47,395,43,352,17.536534446764094,7.724425887265135,9.812108559498958,82.4634655532359,8.977035490605429,73.48643006263048
E00013271,338,56,35,21,282,17,265,16.56804733727811,10.355029585798817,6.21301775147929,83.4319526627219,5.029585798816568,78.40236686390533
E00013272,307,57,31,26,250,15,235,18.566775244299674,10.097719869706841,8.469055374592834,81.43322475570032,4.88599348534202,76.54723127035831
E00013273,394,66,32,34,328,14,314,16.751269035532996,8.121827411167512,8.629441624365482,83.24873096446701,3.5532994923857872,79.69543147208121
E00013274,416,66,29,37,350,23,327,15.865384615384615,6.971153846153847,8.89423076923077,84.13461538461539,5.528846153846153,78.60576923076923
E00013276,570,83,39,44,487,35,452,14.561403508771932,6.842105263157896,7.719298245614035,85.43859649122807,6.140350877192982,79.2982456140351
E00013277,538,55,17,38,483,30,453,10.223048327137546,3.1598513011152414,7.063197026022305,89.77695167286245,5.5762081784386615,84.20074349442379
E00013278,467,55,28,27,412,31,381,11.777301927194861,5.995717344753747,5.781584582441114,88.22269807280514,6.638115631691649,81.5845824411135
E00013279,420,57,19,38,363,17,346,13.571428571428571,4.523809523809524,9.047619047619047,86.42857142857143,4.0476190476190474,82.38095238095238
E00013280,331,49,20,29,282,8,274,14.803625377643503,6.042296072507553,8.761329305135952,85.1963746223565,2.416918429003021,82.77945619335347
E00013281,309,28,11,17,281,13,268,9.06148867313916,3.559870550161812,5.501618122977346,90.93851132686083,4.207119741100324,86.73139158576052
E00013282,555,57,26,31,498,33,465,10.27027027027027,4.684684684684685,5.585585585585585,89.72972972972974,5.9459459459459465,83.78378378378379
E00013283,335,29,10,19,306,15,291,8.656716417910449,2.9850746268656714,5.6716417910447765,91.34328358208955,4.477611940298507,86.86567164179104
E00013284,399,44,22,22,355,20,335,11.027568922305765,5.513784461152882,5.513784461152882,88.97243107769424,5.012531328320802,83.95989974937343
E00013285,391,38,22,16,353,15,338,9.718670076726342,5.626598465473146,4.092071611253197,90.28132992327366,3.8363171355498724,86.44501278772378
E00013286,425,54,17,37,371,24,347,12.705882352941176,4,8.705882352941176,87.29411764705883,5.647058823529412,81.64705882352942
E00013287,332,31,14,17,301,8,293,9.33734939759036,4.216867469879518,5.120481927710843,90.66265060240963,2.4096385542168677,88.25301204819277
E00013288,480,55,21,34,425,20,405,11.458333333333332,4.375,7.083333333333333,88.54166666666666,4.166666666666666,84.375
E00013289,395,52,20,32,343,12,331,13.164556962025317,5.063291139240507,8.10126582278481,86.83544303797468,3.0379746835443036,83.79746835443038
E00013290,365,35,11,24,330,12,318,9.58904109589041,3.0136986301369864,6.575342465753424,90.41095890410958,3.287671232876712,87.12328767123287
E00013292,379,73,44,29,306,17,289,19.261213720316622,11.609498680738787,7.651715039577836,80.73878627968337,4.485488126649076,76.2532981530343
E00013293,370,46,16,30,324,13,311,12.432432432432433,4.324324324324325,8.108108108108109,87.56756756756758,3.5135135135135136,84.05405405405405
E00013294,329,29,12,17,300,17,283,8.814589665653495,3.64741641337386,5.167173252279635,91.1854103343465,5.167173252279635,86.01823708206688
E00013295,386,32,12,20,354,22,332,8.290155440414509,3.1088082901554404,5.181347150259067,91.70984455958549,5.699481865284974,86.01036269430051
E00013296,341,36,17,19,305,22,283,10.557184750733137,4.9853372434017595,5.571847507331378,89.44281524926686,6.451612903225806,82.99120234604106
E00013297,511,56,29,27,455,30,425,10.95890410958904,5.6751467710371815,5.283757338551859,89.04109589041096,5.870841487279844,83.17025440313111
E00013298,452,35,14,21,417,26,391,7.7433628318584065,3.0973451327433628,4.646017699115045,92.2566371681416,5.752212389380531,86.50442477876106
E00013299,287,33,6,27,254,15,239,11.498257839721255,2.0905923344947737,9.40766550522648,88.50174216027874,5.2264808362369335,83.27526132404182
E00013300,287,35,17,18,252,15,237,12.195121951219512,5.923344947735192,6.2717770034843205,87.8048780487805,5.2264808362369335,82.57839721254355
E00013302,408,42,13,29,366,19,347,10.294117647058822,3.1862745098039214,7.107843137254902,89.70588235294117,4.6568627450980395,85.04901960784314
E00013303,390,39,22,17,351,25,326,10,5.641025641025641,4.358974358974359,90,6.41025641025641,83.58974358974359
E00013304,374,31,14,17,343,18,325,8.288770053475936,3.7433155080213902,4.545454545454546,91.71122994652407,4.81283422459893,86.89839572192514
E00013306,369,31,11,20,338,15,323,8.401084010840108,2.9810298102981028,5.420054200542006,91.59891598915989,4.0650406504065035,87.53387533875339
E00013307,323,32,15,17,291,16,275,9.907120743034056,4.643962848297214,5.263157894736842,90.09287925696594,4.953560371517028,85.13931888544892
E00013308,413,47,21,26,366,14,352,11.380145278450362,5.084745762711865,6.2953995157385,88.61985472154964,3.389830508474576,85.23002421307507
E00013309,401,64,30,34,337,18,319,15.96009975062344,7.4812967581047385,8.478802992518704,84.03990024937656,4.488778054862843,79.55112219451371
E00013310,453,46,28,18,407,21,386,10.154525386313466,6.181015452538632,3.9735099337748347,89.84547461368653,4.635761589403973,85.20971302428256
E00013311,421,72,38,34,349,16,333,17.102137767220903,9.026128266033254,8.076009501187649,82.89786223277909,3.800475059382423,79.09738717339667
E00013312,461,44,19,25,417,21,396,9.544468546637743,4.121475054229935,5.42299349240781,90.45553145336225,4.55531453362256,85.90021691973969
E00013313,348,40,15,25,308,26,282,11.494252873563218,4.310344827586207,7.183908045977011,88.50574712643679,7.471264367816093,81.03448275862068
E00013314,373,53,26,27,320,21,299,14.209115281501342,6.970509383378016,7.238605898123325,85.79088471849866,5.630026809651475,80.16085790884718
E00013315,320,34,12,22,286,19,267,10.625,3.75,6.875000000000001,89.375,5.9375,83.4375
E00013316,372,58,23,35,314,24,290,15.591397849462366,6.182795698924731,9.408602150537634,84.40860215053763,6.451612903225806,77.95698924731182
E00013317,269,35,15,20,234,12,222,13.011152416356877,5.5762081784386615,7.434944237918216,86.98884758364312,4.4609665427509295,82.5278810408922
E00013318,324,48,20,28,276,18,258,14.814814814814813,6.172839506172839,8.641975308641975,85.18518518518519,5.555555555555555,79.62962962962963
E00013320,320,24,9,15,296,29,267,7.5,2.8125,4.6875,92.5,9.0625,83.4375
E00013321,423,41,14,27,382,37,345,9.692671394799055,3.309692671394799,6.382978723404255,90.30732860520094,8.747044917257684,81.56028368794325
E00013323,435,105,60,45,330,17,313,24.137931034482758,13.793103448275861,10.344827586206897,75.86206896551724,3.9080459770114944,71.95402298850576
E00013324,164,28,16,12,136,9,127,17.073170731707318,9.75609756097561,7.317073170731707,82.92682926829268,5.487804878048781,77.4390243902439
E00013327,366,77,34,43,289,28,261,21.03825136612022,9.289617486338798,11.748633879781421,78.96174863387978,7.650273224043716,71.31147540983606
E00013328,388,62,31,31,326,15,311,15.979381443298967,7.989690721649484,7.989690721649484,84.02061855670104,3.865979381443299,80.15463917525774
E00013330,345,69,42,27,276,20,256,20,12.173913043478262,7.82608695652174,80,5.797101449275362,74.20289855072464
E00013331,383,68,22,46,315,20,295,17.75456919060052,5.7441253263707575,12.010443864229766,82.24543080939948,5.221932114882506,77.02349869451697
E00013332,293,41,11,30,252,18,234,13.993174061433447,3.754266211604096,10.238907849829351,86.00682593856655,6.143344709897611,79.86348122866895
E00013333,252,38,13,25,214,24,190,15.079365079365079,5.158730158730158,9.920634920634921,84.92063492063492,9.523809523809524,75.39682539682539
E00013334,279,49,27,22,230,28,202,17.562724014336915,9.67741935483871,7.885304659498208,82.43727598566308,10.03584229390681,72.40143369175627
E00013335,230,54,25,29,176,15,161,23.47826086956522,10.869565217391305,12.608695652173912,76.52173913043478,6.521739130434782,70
E00013336,290,61,24,37,229,11,218,21.03448275862069,8.275862068965518,12.758620689655173,78.96551724137932,3.793103448275862,75.17241379310344
E00013337,399,53,26,27,346,26,320,13.283208020050125,6.516290726817042,6.7669172932330826,86.71679197994987,6.516290726817042,80.20050125313283
E00013338,354,35,5,30,319,29,290,9.887005649717514,1.4124293785310735,8.47457627118644,90.11299435028248,8.192090395480225,81.92090395480226
E00013341,317,23,7,16,294,26,268,7.255520504731862,2.2082018927444795,5.047318611987381,92.74447949526814,8.201892744479496,84.54258675078864
E00013342,321,85,52,33,236,21,215,26.479750778816197,16.1993769470405,10.2803738317757,73.5202492211838,6.5420560747663545,66.97819314641744
E00013343,392,38,11,27,354,20,334,9.693877551020408,2.806122448979592,6.887755102040815,90.3061224489796,5.1020408163265305,85.20408163265306
E00013344,319,27,14,13,292,30,262,8.463949843260188,4.38871473354232,4.075235109717868,91.53605015673982,9.404388714733543,82.13166144200626
E00013345,343,27,15,12,316,23,293,7.871720116618077,4.373177842565598,3.498542274052478,92.12827988338192,6.705539358600583,85.42274052478133
E00013346,293,19,6,13,274,14,260,6.484641638225256,2.04778156996587,4.436860068259386,93.51535836177474,4.778156996587031,88.73720136518772
E00013347,274,32,13,19,242,17,225,11.678832116788321,4.744525547445255,6.934306569343065,88.32116788321169,6.204379562043796,82.11678832116789
E00013348,232,58,31,27,174,15,159,25,13.36206896551724,11.637931034482758,75,6.4655172413793105,68.53448275862068
E00013349,233,29,17,12,204,13,191,12.446351931330472,7.296137339055794,5.150214592274678,87.55364806866953,5.579399141630901,81.97424892703863
E00013350,286,16,4,12,270,22,248,5.594405594405594,1.3986013986013985,4.195804195804196,94.4055944055944,7.6923076923076925,86.7132867132867
E00013351,269,29,9,20,240,23,217,10.780669144981413,3.3457249070631967,7.434944237918216,89.21933085501858,8.550185873605948,80.66914498141264
E00013352,269,26,12,14,243,20,223,9.66542750929368,4.4609665427509295,5.204460966542751,90.33457249070632,7.434944237918216,82.8996282527881
E00013353,355,28,10,18,327,19,308,7.887323943661972,2.8169014084507045,5.070422535211268,92.11267605633803,5.352112676056338,86.76056338028168
E00013354,247,31,13,18,216,14,202,12.550607287449392,5.263157894736842,7.28744939271255,87.4493927125506,5.668016194331984,81.78137651821862
E00013355,195,18,7,11,177,8,169,9.230769230769232,3.5897435897435894,5.641025641025641,90.76923076923077,4.102564102564102,86.66666666666667
E00013356,336,31,5,26,305,31,274,9.226190476190476,1.488095238095238,7.738095238095238,90.77380952380952,9.226190476190476,81.54761904761905
E00013357,313,50,39,11,263,14,249,15.974440894568689,12.460063897763577,3.5143769968051117,84.02555910543131,4.472843450479233,79.55271565495208
E00013358,327,49,18,31,278,17,261,14.984709480122325,5.5045871559633035,9.480122324159021,85.01529051987767,5.198776758409786,79.81651376146789
E00013359,226,44,25,19,182,10,172,19.469026548672566,11.061946902654867,8.4070796460177,80.53097345132744,4.424778761061947,76.10619469026548
E00013360,162,26,14,12,136,14,122,16.049382716049383,8.641975308641975,7.4074074074074066,83.9506172839506,8.641975308641975,75.30864197530865
E00013361,295,59,27,32,236,17,219,20,9.152542372881356,10.847457627118644,80,5.762711864406779,74.23728813559322
E00013362,352,14,6,8,338,16,322,3.977272727272727,1.7045454545454544,2.272727272727273,96.02272727272727,4.545454545454546,91.47727272727273
E00013363,257,27,9,18,230,16,214,10.505836575875486,3.501945525291829,7.003891050583658,89.49416342412452,6.22568093385214,83.26848249027238
E00013364,238,28,7,21,210,22,188,11.76470588235294,2.941176470588235,8.823529411764707,88.23529411764706,9.243697478991598,78.99159663865547
E00013365,231,43,15,28,188,12,176,18.614718614718615,6.493506493506493,12.121212121212121,81.38528138528139,5.194805194805195,76.19047619047619
E00013366,272,32,10,22,240,23,217,11.76470588235294,3.6764705882352944,8.088235294117647,88.23529411764706,8.455882352941178,79.77941176470588
E00013367,290,55,27,28,235,13,222,18.96551724137931,9.310344827586208,9.655172413793103,81.03448275862068,4.482758620689655,76.55172413793103
E00013368,316,19,5,14,297,18,279,6.012658227848101,1.5822784810126582,4.430379746835443,93.9873417721519,5.69620253164557,88.29113924050634
E00013369,230,39,10,29,191,13,178,16.956521739130434,4.3478260869565215,12.608695652173912,83.04347826086956,5.6521739130434785,77.39130434782608
E00013370,249,20,4,16,229,15,214,8.032128514056225,1.6064257028112447,6.425702811244979,91.96787148594377,6.024096385542169,85.94377510040161
E00013371,284,30,9,21,254,24,230,10.56338028169014,3.169014084507042,7.394366197183098,89.43661971830986,8.450704225352112,80.98591549295774
E00013372,254,25,6,19,229,22,207,9.84251968503937,2.3622047244094486,7.480314960629922,90.15748031496062,8.661417322834646,81.49606299212599
E00013373,271,60,28,32,211,7,204,22.14022140221402,10.33210332103321,11.808118081180812,77.85977859778598,2.5830258302583027,75.27675276752768
E00013374,228,19,6,13,209,17,192,8.333333333333332,2.631578947368421,5.701754385964912,91.66666666666666,7.456140350877193,84.21052631578947
E00013375,324,45,12,33,279,21,258,13.88888888888889,3.7037037037037033,10.185185185185185,86.11111111111111,6.481481481481481,79.62962962962963
E00013376,453,25,3,22,428,14,414,5.518763796909492,0.6622516556291391,4.856512141280353,94.48123620309052,3.090507726269316,91.3907284768212
E00013378,299,28,8,20,271,16,255,9.364548494983277,2.6755852842809364,6.688963210702341,90.63545150501672,5.351170568561873,85.28428093645485
E00013379,287,34,14,20,253,24,229,11.846689895470384,4.878048780487805,6.968641114982578,88.15331010452961,8.362369337979095,79.79094076655052
E00013380,356,38,10,28,318,32,286,10.674157303370785,2.8089887640449436,7.865168539325842,89.32584269662921,8.98876404494382,80.33707865168539
E00013381,345,95,58,37,250,16,234,27.536231884057973,16.81159420289855,10.72463768115942,72.46376811594203,4.63768115942029,67.82608695652173
E00013383,266,28,9,19,238,12,226,10.526315789473683,3.3834586466165413,7.142857142857142,89.47368421052632,4.511278195488721,84.9624060150376
E00013384,181,16,5,11,165,10,155,8.83977900552486,2.7624309392265194,6.077348066298343,91.16022099447514,5.524861878453039,85.6353591160221
E00165798,363,53,22,31,310,21,289,14.600550964187327,6.0606060606060606,8.539944903581267,85.39944903581267,5.785123966942149,79.61432506887053
E00166023,205,26,8,18,179,16,163,12.682926829268293,3.902439024390244,8.780487804878048,87.3170731707317,7.804878048780488,79.51219512195122
E00166024,303,30,12,18,273,25,248,9.900990099009901,3.9603960396039604,5.9405940594059405,90.0990099009901,8.25082508250825,81.84818481848185
E00166026,385,35,12,23,350,27,323,9.090909090909092,3.116883116883117,5.974025974025974,90.9090909090909,7.012987012987012,83.8961038961039
E00166029,366,44,23,21,322,8,314,12.021857923497267,6.284153005464481,5.737704918032787,87.97814207650273,2.185792349726776,85.79234972677595
E00166031,325,24,7,17,301,20,281,7.384615384615385,2.1538461538461537,5.230769230769231,92.61538461538461,6.153846153846154,86.46153846153845
E00166032,358,48,16,32,310,26,284,13.40782122905028,4.4692737430167595,8.938547486033519,86.59217877094973,7.262569832402235,79.3296089385475
E00166034,374,50,23,27,324,20,304,13.368983957219251,6.149732620320856,7.219251336898395,86.63101604278076,5.347593582887701,81.28342245989305
E00166036,341,23,8,15,318,9,309,6.744868035190615,2.346041055718475,4.398826979472141,93.25513196480938,2.6392961876832843,90.6158357771261
E00166037,190,10,10,0,180,5,175,5.263157894736842,5.263157894736842,0,94.73684210526315,2.631578947368421,92.10526315789474
E00166039,316,26,10,16,290,17,273,8.227848101265822,3.1645569620253164,5.063291139240507,91.77215189873418,5.379746835443038,86.39240506329115
E00166040,335,25,12,13,310,9,301,7.462686567164178,3.582089552238806,3.880597014925373,92.53731343283582,2.6865671641791042,89.8507462686567
E00166042,280,20,4,16,260,20,240,7.142857142857142,1.4285714285714286,5.714285714285714,92.85714285714286,7.142857142857142,85.71428571428571
E00166044,636,26,8,18,610,21,589,4.088050314465408,1.257861635220126,2.8301886792452833,95.9119496855346,3.30188679245283,92.61006289308176
E00168180,343,51,20,31,292,11,281,14.868804664723031,5.830903790087463,9.037900874635568,85.13119533527697,3.206997084548105,81.92419825072886
E00168181,302,40,14,26,262,22,240,13.245033112582782,4.635761589403973,8.609271523178808,86.75496688741721,7.28476821192053,79.47019867549669
E00168182,385,47,20,27,338,24,314,12.207792207792208,5.194805194805195,7.012987012987012,87.79220779220779,6.233766233766234,81.55844155844156
E00168183,215,5,0,5,210,4,206,2.3255813953488373,0,2.3255813953488373,97.67441860465115,1.8604651162790697,95.81395348837209
E00168185,341,44,23,21,297,19,278,12.903225806451612,6.744868035190615,6.158357771260997,87.09677419354838,5.571847507331378,81.52492668621701
E00168186,194,45,25,20,149,8,141,23.195876288659793,12.886597938144329,10.309278350515463,76.80412371134021,4.123711340206185,72.68041237113401
E00168187,488,43,23,20,445,25,420,8.811475409836065,4.713114754098361,4.098360655737705,91.18852459016394,5.122950819672131,86.0655737704918
E00168188,247,27,11,16,220,20,200,10.931174089068826,4.4534412955465585,6.477732793522267,89.06882591093117,8.097165991902834,80.97165991902834
E00168189,219,35,13,22,184,11,173,15.981735159817351,5.93607305936073,10.045662100456621,84.01826484018264,5.0228310502283104,78.99543378995433
E00168190,231,46,21,25,185,10,175,19.913419913419915,9.090909090909092,10.822510822510822,80.08658008658008,4.329004329004329,75.75757575757575
E00168191,114,12,3,9,102,12,90,10.526315789473683,2.631578947368421,7.894736842105263,89.47368421052632,10.526315789473683,78.94736842105263
E00168192,195,32,6,26,163,2,161,16.41025641025641,3.076923076923077,13.333333333333334,83.58974358974359,1.0256410256410255,82.564102564102555
E00168193,299,44,23,21,255,25,230,14.715719063545151,7.6923076923076925,7.023411371237458,85.28428093645485,8.361204013377927,76.92307692307693
E00168194,336,43,17,26,293,16,277,12.797619047619047,5.059523809523809,7.738095238095238,87.20238095238095,4.761904761904762,82.44047619047619
E00168196,564,106,52,54,458,35,423,18.79432624113475,9.219858156028367,9.574468085106384,81.20567375886525,6.205673758865248,75
E00168197,325,17,0,17,308,17,291,5.230769230769231,0,5.230769230769231,94.76923076923077,5.230769230769231,89.53846153846153
E00168198,106,24,12,12,82,5,77,22.641509433962266,11.320754716981133,11.320754716981133,77.35849056603774,4.716981132075472,72.64150943396226
E00168199,414,23,6,17,391,15,376,5.555555555555555,1.4492753623188406,4.1062801932367154,94.44444444444444,3.6231884057971016,90.82125603864735
E00168850,457,58,26,32,399,17,382,12.691466083150985,5.689277899343545,7.00218818380744,87.30853391684902,3.7199124726477026,83.58862144420132
E00168852,430,28,12,16,402,19,383,6.511627906976744,2.7906976744186047,3.7209302325581395,93.48837209302326,4.4186046511627906,89.06976744186046
E00168853,399,58,26,32,341,6,335,14.536340852130325,6.516290726817042,8.020050125313283,85.46365914786968,1.5037593984962405,83.95989974937343
E00168855,300,32,14,18,268,17,251,10.666666666666668,4.666666666666667,6,89.33333333333333,5.666666666666666,83.66666666666667
E00168858,531,66,25,41,465,30,435,12.429378531073446,4.708097928436912,7.721280602636535,87.57062146892656,5.649717514124294,81.92090395480226
E00168859,184,43,26,17,141,9,132,23.369565217391305,14.130434782608695,9.239130434782608,76.63043478260869,4.891304347826087,71.73913043478261
E00168863,414,31,4,27,383,10,373,7.487922705314009,0.966183574879227,6.521739130434782,92.512077294686,2.4154589371980677,90.09661835748793
E00168864,429,41,11,30,388,18,370,9.557109557109557,2.564102564102564,6.993006993006993,90.44289044289044,4.195804195804196,86.24708624708624
E00168866,362,17,8,9,345,11,334,4.696132596685083,2.209944751381215,2.4861878453038675,95.30386740331491,3.0386740331491713,92.26519337016575
E00168867,463,49,22,27,414,14,400,10.583153347732182,4.751619870410368,5.831533477321814,89.41684665226782,3.023758099352052,86.39308855291577
E00168869,387,30,7,23,357,17,340,7.751937984496124,1.8087855297157622,5.943152454780361,92.24806201550388,4.3927648578811365,87.85529715762273
E00168870,220,40,20,20,180,9,171,18.181818181818183,9.090909090909092,9.090909090909092,81.81818181818183,4.090909090909091,77.72727272727272
E00168873,384,41,15,26,343,18,325,10.677083333333332,3.90625,6.770833333333333,89.32291666666666,4.6875,84.63541666666666
E00168875,930,40,13,27,890,28,862,4.301075268817205,1.3978494623655915,2.903225806451613,95.6989247311828,3.010752688172043,92.68817204301075
E00168877,263,14,3,11,249,14,235,5.323193916349809,1.1406844106463878,4.182509505703422,94.67680608365019,5.323193916349809,89.35361216730038
E00168878,245,31,10,21,214,18,196,12.653061224489795,4.081632653061225,8.571428571428571,87.34693877551021,7.346938775510205,80
E00168880,362,91,46,45,271,23,248,25.13812154696133,12.70718232044199,12.430939226519337,74.86187845303867,6.353591160220995,68.50828729281768
E00168881,179,39,20,19,140,4,136,21.787709497206702,11.1731843575419,10.614525139664805,78.2122905027933,2.2346368715083798,75.97765363128491
E00168884,277,39,13,26,238,11,227,14.079422382671481,4.693140794223827,9.386281588447654,85.92057761732852,3.9711191335740073,81.94945848375451
E00168886,496,34,18,16,462,19,443,6.854838709677419,3.6290322580645165,3.225806451612903,93.14516129032258,3.8306451612903225,89.31451612903226
E00168887,258,19,10,9,239,10,229,7.3643410852713185,3.875968992248062,3.488372093023256,92.63565891472868,3.875968992248062,88.75968992248062
E00168889,379,35,12,23,344,13,331,9.234828496042216,3.16622691292876,6.068601583113456,90.76517150395779,3.430079155672823,87.33509234828496
E00168891,164,11,6,5,153,15,138,6.707317073170732,3.6585365853658534,3.048780487804878,93.29268292682927,9.146341463414634,84.14634146341463
E00168892,270,49,21,28,221,11,210,18.14814814814815,7.777777777777778,10.37037037037037,81.85185185185185,4.074074074074074,77.77777777777779
E00168894,275,47,16,31,228,16,212,17.09090909090909,5.818181818181818,11.272727272727273,82.9090909090909,5.818181818181818,77.0909090909091
E00168895,152,33,17,16,119,6,113,21.710526315789476,11.18421052631579,10.526315789473683,78.28947368421053,3.9473684210526314,74.3421052631579
E00179082,263,55,17,38,208,13,195,20.912547528517113,6.4638783269961975,14.44866920152091,79.08745247148289,4.942965779467681,74.1444866920152
E00179083,272,12,1,11,260,15,245,4.411764705882353,0.3676470588235294,4.044117647058823,95.58823529411765,5.514705882352941,90.07352941176471
E00179084,247,21,3,18,226,17,209,8.502024291497975,1.214574898785425,7.28744939271255,91.49797570850203,6.882591093117409,84.61538461538461
E00179086,308,29,12,17,279,24,255,9.415584415584416,3.896103896103896,5.51948051948052,90.5844155844156,7.792207792207792,82.79220779220779
E00179088,476,43,25,18,433,9,424,9.033613445378151,5.2521008403361344,3.7815126050420167,90.96638655462185,1.8907563025210083,89.07563025210085
E00179089,166,33,20,13,133,13,120,19.879518072289155,12.048192771084338,7.83132530120482,80.12048192771084,7.83132530120482,72.28915662650603
E00179090,316,24,9,15,292,9,283,7.59493670886076,2.848101265822785,4.746835443037975,92.40506329113924,2.848101265822785,89.55696202531645
E00179091,386,21,5,16,365,9,356,5.4404145077720205,1.2953367875647668,4.145077720207254,94.55958549222798,2.33160621761658,92.2279792746114
E00179092,549,57,29,28,492,12,480,10.382513661202186,5.2823315118397085,5.100182149362477,89.61748633879782,2.185792349726776,87.43169398907104
E00179093,381,19,10,9,362,26,336,4.986876640419948,2.6246719160104988,2.3622047244094486,95.01312335958005,6.824146981627297,88.18897637795276
E00179094,174,22,7,15,152,0,152,12.643678160919542,4.022988505747127,8.620689655172415,87.356321839080465,0,87.356321839080465
E00179095,486,104,77,27,382,15,367,21.39917695473251,15.843621399176955,5.555555555555555,78.60082304526749,3.0864197530864197,75.51440329218107
E00179096,473,48,20,28,425,49,376,10.14799154334038,4.2283298097251585,5.9196617336152215,89.85200845665962,10.359408033826638,79.49260042283298
E00179098,130,10,5,5,120,3,117,7.6923076923076925,3.8461538461538463,3.8461538461538463,92.3076923076923,2.307692307692308,90
E00179101,354,24,11,13,330,11,319,6.779661016949152,3.1073446327683616,3.672316384180791,93.22033898305084,3.1073446327683616,90.11299435028248
E00179103,507,72,28,44,435,28,407,14.201183431952662,5.522682445759369,8.678500986193294,85.79881656804734,5.522682445759369,80.27613412228797
E00179104,545,73,23,50,472,8,464,13.394495412844037,4.220183486238533,9.174311926605505,86.60550458715596,1.4678899082568808,85.13761467889908
E00179105,277,10,2,8,267,11,256,3.6101083032490973,0.7220216606498195,2.888086642599278,96.38989169675091,3.9711191335740073,92.4187725631769
E00179108,211,19,8,11,192,8,184,9.004739336492891,3.7914691943127963,5.213270142180095,90.99526066350711,3.7914691943127963,87.20379146919431
E00179110,191,22,5,17,169,10,159,11.518324607329843,2.6178010471204187,8.900523560209423,88.48167539267016,5.2356020942408374,83.24607329842932
E00179111,232,7,2,5,225,11,214,3.0172413793103448,0.8620689655172413,2.1551724137931036,96.98275862068965,4.741379310344827,92.24137931034483
E00179112,107,39,25,14,68,1,67,36.44859813084112,23.364485981308412,13.084112149532709,63.55140186915887,0.9345794392523363,62.616822429906534
E00179115,188,18,5,13,170,11,159,9.574468085106384,2.6595744680851063,6.914893617021277,90.42553191489363,5.851063829787234,84.57446808510637
E00179118,196,25,11,14,171,7,164,12.755102040816327,5.612244897959184,7.142857142857142,87.24489795918367,3.571428571428571,83.6734693877551
E00179119,364,72,37,35,292,9,283,19.78021978021978,10.164835164835164,9.615384615384617,80.21978021978022,2.4725274725274726,77.74725274725274
E00179121,494,66,31,35,428,16,412,13.360323886639677,6.275303643724696,7.08502024291498,86.63967611336032,3.2388663967611335,83.40080971659918
E00179122,407,43,15,28,364,10,354,10.565110565110565,3.6855036855036856,6.87960687960688,89.43488943488943,2.457002457002457,86.97788697788698
E00179123,595,73,35,38,522,19,503,12.26890756302521,5.88235294117647,6.386554621848739,87.73109243697479,3.1932773109243695,84.53781512605042
E00179126,615,43,19,24,572,34,538,6.991869918699186,3.089430894308943,3.902439024390244,93.0081300813008,5.528455284552845,87.47967479674796
E00179127,160,16,5,11,144,6,138,10,3.125,6.875000000000001,90,3.75,86.25
E00179128,180,14,4,10,166,7,159,7.777777777777778,2.2222222222222223,5.555555555555555,92.22222222222223,3.888888888888889,88.33333333333333
E00179130,364,44,22,22,320,10,310,12.087912087912088,6.043956043956044,6.043956043956044,87.91208791208791,2.7472527472527473,85.16483516483517
E00179132,388,33,11,22,355,15,340,8.505154639175258,2.8350515463917527,5.670103092783505,91.49484536082474,3.865979381443299,87.62886597938144
E00179133,407,36,12,24,371,21,350,8.845208845208845,2.9484029484029484,5.896805896805897,91.15479115479116,5.159705159705159,85.995085995086
E00179135,318,26,15,11,292,12,280,8.176100628930817,4.716981132075472,3.459119496855346,91.82389937106919,3.7735849056603774,88.0503144654088
E00179137,269,34,17,17,235,5,230,12.639405204460965,6.319702602230483,6.319702602230483,87.36059479553904,1.858736059479554,85.50185873605948
E00179140,238,22,9,13,216,14,202,9.243697478991598,3.7815126050420167,5.46218487394958,90.75630252100841,5.88235294117647,84.87394957983193
E00179141,114,6,2,4,108,0,108,5.263157894736842,1.7543859649122806,3.508771929824561,94.73684210526315,0,94.73684210526315
E00179142,252,35,13,22,217,20,197,13.88888888888889,5.158730158730158,8.73015873015873,86.11111111111111,7.936507936507936,78.17460317460318
E00179143,282,23,13,10,259,4,255,8.156028368794328,4.609929078014184,3.546099290780142,91.84397163120568,1.4184397163120568,90.42553191489363
E00179144,149,29,20,9,120,1,119,19.463087248322147,13.422818791946309,6.0402684563758395,80.53691275167785,0.6711409395973155,79.86577181208054
E00179148,406,34,10,24,372,11,361,8.374384236453201,2.4630541871921183,5.911330049261084,91.62561576354679,2.70935960591133,88.91625615763546
E00179152,516,60,16,44,456,50,406,11.627906976744185,3.10077519379845,8.527131782945736,88.37209302325581,9.689922480620156,78.68217054263566
E00179155,223,29,18,11,194,9,185,13.004484304932735,8.071748878923767,4.932735426008969,86.99551569506725,4.0358744394618835,82.95964125560538
E00179157,234,13,1,12,221,15,206,5.555555555555555,0.4273504273504274,5.128205128205128,94.44444444444444,6.41025641025641,88.03418803418803
E00179158,203,19,7,12,184,7,177,9.35960591133005,3.4482758620689653,5.911330049261084,90.64039408866995,3.4482758620689653,87.192118226601
E00179159,139,20,11,9,119,8,111,14.388489208633093,7.913669064748201,6.474820143884892,85.61151079136691,5.755395683453238,79.85611510791367
E00179161,390,55,26,29,335,8,327,14.102564102564102,6.666666666666667,7.435897435897436,85.8974358974359,2.051282051282051,83.84615384615385
E00179162,347,35,18,17,312,13,299,10.086455331412104,5.187319884726225,4.899135446685879,89.9135446685879,3.7463976945244957,86.1671469740634
E00179163,541,37,9,28,504,16,488,6.839186691312385,1.6635859519408502,5.175600739371535,93.16081330868762,2.957486136783734,90.20332717190388
E00179165,394,36,21,15,358,13,345,9.137055837563452,5.32994923857868,3.807106598984772,90.86294416243655,3.2994923857868024,87.56345177664974
E00179168,503,46,20,26,457,10,447,9.145129224652088,3.9761431411530817,5.168986083499006,90.85487077534792,1.9880715705765408,88.86679920477137
E00179170,434,21,1,20,413,18,395,4.838709677419355,0.2304147465437788,4.6082949308755765,95.16129032258065,4.147465437788019,91.01382488479263
E00179171,321,25,12,13,296,14,282,7.78816199376947,3.7383177570093453,4.049844236760125,92.21183800623052,4.361370716510903,87.85046728971963
E00179175,349,34,12,22,315,6,309,9.742120343839542,3.4383954154727796,6.303724928366762,90.25787965616045,1.7191977077363898,88.53868194842407
E00179179,141,13,5,8,128,1,127,9.219858156028367,3.546099290780142,5.673758865248227,90.78014184397163,0.7092198581560284,90.0709219858156
E00179183,429,36,16,20,393,10,383,8.391608391608392,3.7296037296037294,4.662004662004662,91.6083916083916,2.331002331002331,89.27738927738928
E00179184,609,58,25,33,551,21,530,9.523809523809524,4.105090311986864,5.41871921182266,90.47619047619048,3.4482758620689653,87.02791461412151
E00179185,362,35,14,21,327,13,314,9.668508287292818,3.867403314917127,5.801104972375691,90.33149171270718,3.591160220994475,86.74033149171271
E00179186,277,21,5,16,256,13,243,7.581227436823104,1.8050541516245486,5.776173285198556,92.4187725631769,4.693140794223827,87.72563176895306
E00179187,509,42,14,28,467,22,445,8.25147347740668,2.75049115913556,5.50098231827112,91.74852652259332,4.322200392927308,87.42632612966601
E00179188,386,55,25,30,331,7,324,14.248704663212436,6.476683937823833,7.772020725388601,85.75129533678756,1.8134715025906734,83.93782383419689
E00179189,441,40,21,19,401,17,384,9.070294784580499,4.761904761904762,4.308390022675737,90.9297052154195,3.8548752834467117,87.07482993197279
E00179190,149,21,12,9,128,0,128,14.093959731543624,8.053691275167784,6.0402684563758395,85.90604026845638,0,85.90604026845638
E00179191,147,9,1,8,138,5,133,6.122448979591836,0.6802721088435374,5.442176870748299,93.87755102040816,3.4013605442176873,90.47619047619048
E00179194,143,12,3,9,131,7,124,8.391608391608392,2.097902097902098,6.293706293706294,91.6083916083916,4.895104895104895,86.7132867132867
E00179199,335,40,21,19,295,16,279,11.940298507462686,6.26865671641791,5.6716417910447765,88.05970149253731,4.776119402985075,83.28358208955224
E00179200,255,39,22,17,216,20,196,15.294117647058824,8.627450980392156,6.666666666666667,84.70588235294117,7.8431372549019605,76.86274509803923
E00179202,329,43,26,17,286,11,275,13.069908814589665,7.90273556231003,5.167173252279635,86.93009118541033,3.343465045592705,83.58662613981764
E00179209,230,24,9,15,206,4,202,10.434782608695652,3.91304347826087,6.521739130434782,89.56521739130436,1.7391304347826086,87.82608695652175
E00179210,474,58,27,31,416,29,387,12.236286919831224,5.69620253164557,6.5400843881856545,87.76371308016878,6.118143459915612,81.64556962025317
E00179211,144,12,2,10,132,6,126,8.333333333333332,1.3888888888888888,6.944444444444445,91.66666666666666,4.166666666666666,87.5
E00179213,244,13,4,9,231,10,221,5.327868852459016,1.639344262295082,3.6885245901639343,94.67213114754098,4.098360655737705,90.57377049180327
E00179216,103,14,4,10,89,8,81,13.592233009708737,3.8834951456310676,9.70873786407767,86.40776699029125,7.766990291262135,78.64077669902912
E00179217,365,26,16,10,339,12,327,7.123287671232877,4.383561643835616,2.73972602739726,92.87671232876711,3.287671232876712,89.58904109589041
E00179221,379,34,11,23,345,21,324,8.970976253298153,2.9023746701846966,6.068601583113456,91.02902374670184,5.540897097625329,85.4881266490765
E00179225,187,13,6,7,174,6,168,6.951871657754011,3.2085561497326207,3.7433155080213902,93.04812834224599,3.2085561497326207,89.83957219251337
E00179228,377,24,12,12,353,11,342,6.36604774535809,3.183023872679045,3.183023872679045,93.63395225464191,2.9177718832891246,90.71618037135278
E00179231,322,31,11,20,291,13,278,9.627329192546584,3.4161490683229814,6.211180124223603,90.37267080745342,4.037267080745342,86.33540372670807
E00179234,396,31,12,19,365,13,352,7.828282828282829,3.0303030303030303,4.797979797979798,92.17171717171718,3.2828282828282833,88.88888888888889
E00179235,122,13,2,11,109,3,106,10.655737704918032,1.639344262295082,9.01639344262295,89.34426229508196,2.459016393442623,86.88524590163934
E00179237,255,23,11,12,232,15,217,9.019607843137255,4.313725490196078,4.705882352941177,90.98039215686275,5.88235294117647,85.09803921568627
E00179239,402,28,13,15,374,21,353,6.965174129353234,3.233830845771144,3.731343283582089,93.03482587064677,5.223880597014925,87.81094527363184
E00179240,587,88,30,58,499,27,472,14.991482112436117,5.110732538330494,9.880749574105621,85.00851788756388,4.599659284497445,80.40885860306643
E00179242,269,7,0,7,262,4,258,2.6022304832713754,0,2.6022304832713754,97.39776951672863,1.486988847583643,95.91078066914498
E00179243,412,38,10,28,374,30,344,9.223300970873787,2.4271844660194173,6.796116504854369,90.77669902912622,7.281553398058252,83.49514563106796
E00179244,511,64,31,33,447,10,437,12.524461839530332,6.066536203522505,6.457925636007827,87.47553816046967,1.9569471624266144,85.51859099804305
E00179245,438,45,15,30,393,11,382,10.273972602739725,3.4246575342465753,6.8493150684931505,89.72602739726028,2.5114155251141552,87.21461187214612
E00179247,532,56,26,30,476,12,464,10.526315789473683,4.887218045112782,5.639097744360902,89.47368421052632,2.2556390977443606,87.21804511278195
E00179249,619,48,18,30,571,24,547,7.754442649434572,2.9079159935379644,4.846526655896607,92.24555735056543,3.877221324717286,88.36833602584814
E00179251,281,18,8,10,263,12,251,6.405693950177936,2.8469750889679712,3.558718861209965,93.59430604982207,4.270462633451958,89.32384341637011
E00179252,161,22,9,13,139,8,131,13.664596273291925,5.590062111801243,8.074534161490684,86.33540372670807,4.968944099378882,81.36645962732919
E00179255,231,14,9,5,217,8,209,6.0606060606060606,3.896103896103896,2.1645021645021645,93.93939393939394,3.463203463203463,90.47619047619048
E00179256,444,51,22,29,393,9,384,11.486486486486488,4.954954954954955,6.531531531531531,88.51351351351352,2.027027027027027,86.48648648648648
E00179258,162,11,1,10,151,0,151,6.790123456790123,0.6172839506172839,6.172839506172839,93.20987654320987,0,93.20987654320987
E00179262,385,71,28,43,314,24,290,18.441558441558442,7.2727272727272725,11.168831168831169,81.55844155844156,6.233766233766234,75.32467532467533
E00179263,152,7,1,6,145,7,138,4.605263157894736,0.6578947368421052,3.9473684210526314,95.39473684210526,4.605263157894736,90.78947368421053
E00179264,194,13,3,10,181,11,170,6.701030927835052,1.5463917525773196,5.154639175257731,93.29896907216495,5.670103092783505,87.62886597938144
E00179265,350,42,20,22,308,6,302,12,5.714285714285714,6.2857142857142865,88,1.7142857142857144,86.28571428571429
E00179266,363,51,27,24,312,13,299,14.049586776859504,7.43801652892562,6.6115702479338845,85.9504132231405,3.581267217630854,82.36914600550963
E00179267,382,26,13,13,356,12,344,6.806282722513089,3.4031413612565444,3.4031413612565444,93.19371727748691,3.1413612565445024,90.0523560209424
E00179268,162,25,8,17,137,7,130,15.432098765432098,4.938271604938271,10.493827160493826,84.5679012345679,4.320987654320987,80.24691358024691
E00179269,383,49,23,26,334,15,319,12.793733681462141,6.005221932114883,6.7885117493472595,87.20626631853786,3.91644908616188,83.28981723237598
E00179270,265,23,6,17,242,17,225,8.679245283018867,2.2641509433962264,6.415094339622642,91.32075471698113,6.415094339622642,84.90566037735849
E00179271,165,19,9,10,146,8,138,11.515151515151516,5.454545454545454,6.0606060606060606,88.48484848484848,4.848484848484849,83.63636363636363
E00179272,320,30,11,19,290,11,279,9.375,3.4375000000000004,5.9375,90.625,3.4375000000000004,87.1875
E00179273,489,41,21,20,448,11,437,8.384458077709612,4.294478527607362,4.08997955010225,91.61554192229039,2.2494887525562373,89.36605316973414
E00179274,254,14,4,10,240,13,227,5.511811023622047,1.574803149606299,3.937007874015748,94.48818897637796,5.118110236220472,89.37007874015748
E00179275,345,36,18,18,309,8,301,10.434782608695652,5.217391304347826,5.217391304347826,89.56521739130436,2.318840579710145,87.2463768115942
