OA,ts0590001,ts0590002,ts0590003,ts0590004,ts0590005,ts0590006,ts0590007,ts0590002_PCT,ts0590003_PCT,ts0590004_PCT,ts0590005_PCT,ts0590006_PCT,ts0590007_PCT
E00012713,194,56,16,40,138,126,12,28.865979381443296,8.24742268041237,20.618556701030926,71.1340206185567,64.94845360824742,6.185567010309279
E00012714,243,76,29,47,167,151,16,31.275720164609055,11.934156378600823,19.34156378600823,68.72427983539094,62.139917695473244,6.584362139917696
E00012715,196,66,26,40,130,117,13,33.6734693877551,13.26530612244898,20.408163265306122,66.3265306122449,59.693877551020414,6.63265306122449
E00012716,207,52,23,29,155,137,18,25.120772946859905,11.11111111111111,14.009661835748794,74.8792270531401,66.18357487922705,8.695652173913043
E00012717,217,44,9,35,173,159,14,20.276497695852534,4.147465437788019,16.129032258064516,79.72350230414746,73.27188940092167,6.451612903225806
E00012719,195,60,21,39,135,121,14,30.76923076923077,10.76923076923077,20,69.23076923076923,62.05128205128205,7.179487179487179
E00012720,182,80,21,59,102,91,11,43.956043956043956,11.538461538461538,32.417582417582416,56.043956043956044,50,6.043956043956044
E00012721,230,62,19,43,168,143,25,26.956521739130434,8.26086956521739,18.695652173913043,73.04347826086956,62.17391304347826,10.869565217391305
E00012722,220,61,21,40,159,138,21,27.727272727272727,9.545454545454547,18.181818181818183,72.27272727272728,62.727272727272734,9.545454545454547
E00012723,170,44,23,21,126,119,7,25.882352941176475,13.529411764705882,12.352941176470589,74.11764705882354,70,4.117647058823529
E00012724,196,63,26,37,133,117,16,32.142857142857146,13.26530612244898,18.877551020408163,67.85714285714286,59.693877551020414,8.16326530612245
E00012725,185,56,22,34,129,117,12,30.270270270270274,11.891891891891893,18.37837837837838,69.72972972972973,63.24324324324324,6.486486486486487
E00012726,173,50,16,34,123,113,10,28.901734104046245,9.248554913294797,19.653179190751445,71.09826589595376,65.3179190751445,5.780346820809249
E00012727,192,52,15,37,140,125,15,27.083333333333332,7.8125,19.270833333333336,72.91666666666666,65.10416666666666,7.8125
E00012728,233,55,19,36,178,153,25,23.605150214592275,8.15450643776824,15.450643776824036,76.39484978540773,65.66523605150213,10.72961373390558
E00012729,240,58,22,36,182,159,23,24.166666666666668,9.166666666666666,15,75.83333333333333,66.25,9.583333333333334
E00012730,137,57,23,34,80,72,8,41.605839416058394,16.78832116788321,24.817518248175183,58.3941605839416,52.55474452554745,5.839416058394161
E00012731,204,49,13,36,155,140,15,24.019607843137255,6.372549019607843,17.647058823529413,75.98039215686273,68.62745098039215,7.352941176470589
E00012732,259,68,34,34,191,151,40,26.254826254826252,13.127413127413126,13.127413127413126,73.74517374517374,58.301158301158296,15.444015444015443
E00012733,197,65,18,47,132,116,16,32.99492385786802,9.137055837563452,23.85786802030457,67.00507614213198,58.88324873096447,8.121827411167512
E00012734,139,43,22,21,96,86,10,30.935251798561154,15.827338129496402,15.107913669064748,69.06474820143885,61.87050359712231,7.1942446043165464
E00012735,182,52,15,37,130,113,17,28.57142857142857,8.241758241758241,20.32967032967033,71.42857142857143,62.08791208791209,9.340659340659341
E00012736,222,79,29,50,143,136,7,35.585585585585584,13.063063063063062,22.52252252252252,64.41441441441441,61.261261261261254,3.153153153153153
E00012738,169,44,17,27,125,112,13,26.035502958579883,10.059171597633137,15.976331360946746,73.96449704142012,66.27218934911244,7.6923076923076925
E00012739,229,64,20,44,165,140,25,27.947598253275107,8.73362445414847,19.213973799126638,72.0524017467249,61.135371179039296,10.91703056768559
E00012740,123,48,20,28,75,69,6,39.02439024390244,16.260162601626014,22.76422764227642,60.97560975609756,56.09756097560976,4.878048780487805
E00012741,168,45,20,25,123,103,20,26.785714285714285,11.904761904761903,14.880952380952381,73.21428571428571,61.30952380952381,11.904761904761903
E00012742,229,83,26,57,146,131,15,36.24454148471616,11.353711790393014,24.890829694323145,63.75545851528385,57.20524017467249,6.550218340611353
E00012743,118,35,18,17,83,71,12,29.66101694915254,15.254237288135593,14.40677966101695,70.33898305084746,60.16949152542372,10.16949152542373
E00012744,90,31,13,18,59,51,8,34.44444444444444,14.444444444444443,20,65.55555555555556,56.666666666666664,8.88888888888889
E00012745,189,73,24,49,116,100,16,38.62433862433862,12.698412698412698,25.925925925925924,61.37566137566137,52.910052910052904,8.465608465608465
E00012746,119,32,9,23,87,69,18,26.89075630252101,7.563025210084033,19.327731092436977,73.10924369747899,57.98319327731093,15.126050420168067
E00012747,199,60,22,38,139,121,18,30.15075376884422,11.055276381909549,19.09547738693467,69.84924623115577,60.80402010050251,9.045226130653267
E00012749,176,65,27,38,111,98,13,36.93181818181818,15.340909090909092,21.59090909090909,63.06818181818182,55.68181818181818,7.386363636363637
E00012750,209,58,27,31,151,133,18,27.751196172248804,12.918660287081341,14.832535885167463,72.24880382775119,63.63636363636363,8.61244019138756
E00012753,175,50,23,27,125,100,25,28.57142857142857,13.142857142857142,15.428571428571427,71.42857142857143,57.14285714285714,14.285714285714285
E00012754,156,41,16,25,115,99,16,26.282051282051285,10.256410256410255,16.025641025641026,73.71794871794873,63.46153846153846,10.256410256410255
E00012755,136,38,12,26,98,74,24,27.941176470588236,8.823529411764707,19.11764705882353,72.05882352941177,54.41176470588235,17.647058823529413
E00012757,180,49,19,30,131,110,21,27.22222222222222,10.555555555555555,16.666666666666664,72.77777777777777,61.111111111111114,11.666666666666666
E00012759,150,48,20,28,102,77,25,32,13.333333333333334,18.666666666666668,68,51.33333333333333,16.666666666666664
E00012761,176,59,20,39,117,91,26,33.52272727272727,11.363636363636363,22.15909090909091,66.47727272727273,51.70454545454546,14.772727272727273
E00012762,222,59,19,40,163,142,21,26.576576576576578,8.558558558558559,18.01801801801802,73.42342342342343,63.96396396396396,9.45945945945946
E00012764,265,65,18,47,200,169,31,24.528301886792452,6.7924528301886795,17.735849056603772,75.47169811320755,63.77358490566037,11.69811320754717
E00012766,137,34,14,20,103,87,16,24.817518248175183,10.218978102189782,14.5985401459854,75.18248175182481,63.503649635036496,11.678832116788321
E00012767,152,29,9,20,123,100,23,19.078947368421055,5.921052631578947,13.157894736842104,80.92105263157895,65.78947368421053,15.131578947368421
E00012768,89,37,13,24,52,42,10,41.57303370786517,14.606741573033707,26.96629213483146,58.42696629213483,47.19101123595505,11.235955056179774
E00012769,173,49,19,30,124,104,20,28.32369942196532,10.982658959537572,17.341040462427745,71.67630057803468,60.115606936416185,11.560693641618498
E00012770,149,42,20,22,107,86,21,28.187919463087248,13.422818791946309,14.76510067114094,71.81208053691275,57.71812080536913,14.093959731543624
E00012771,148,58,26,32,90,79,11,39.189189189189186,17.56756756756757,21.62162162162162,60.810810810810814,53.37837837837838,7.4324324324324325
E00012772,236,75,33,42,161,125,36,31.779661016949152,13.983050847457626,17.796610169491526,68.22033898305084,52.96610169491526,15.254237288135593
E00012773,171,52,23,29,119,99,20,30.409356725146196,13.450292397660817,16.95906432748538,69.5906432748538,57.89473684210527,11.695906432748536
E00012774,181,58,31,27,123,97,26,32.04419889502763,17.12707182320442,14.917127071823206,67.95580110497238,53.591160220994475,14.3646408839779
E00012775,129,34,11,23,95,75,20,26.356589147286826,8.527131782945736,17.829457364341085,73.64341085271317,58.139534883720934,15.503875968992247
E00012776,109,40,16,24,69,64,5,36.69724770642202,14.678899082568808,22.018348623853214,63.30275229357798,58.71559633027523,4.587155963302752
E00012777,162,46,23,23,116,92,24,28.39506172839506,14.19753086419753,14.19753086419753,71.60493827160494,56.79012345679012,14.814814814814813
E00012778,140,36,17,19,104,81,23,25.71428571428571,12.142857142857142,13.571428571428571,74.28571428571429,57.85714285714286,16.428571428571427
E00012779,160,51,20,31,109,83,26,31.874999999999996,12.5,19.375,68.125,51.87500000000001,16.25
E00012780,136,52,28,24,84,71,13,38.23529411764706,20.588235294117645,17.647058823529413,61.76470588235294,52.20588235294118,9.558823529411764
E00012781,148,30,9,21,118,102,16,20.27027027027027,6.081081081081082,14.18918918918919,79.72972972972973,68.91891891891892,10.81081081081081
E00012782,99,39,14,25,60,48,12,39.39393939393939,14.14141414141414,25.252525252525253,60.60606060606061,48.484848484848484,12.121212121212121
E00012783,280,57,33,24,223,179,44,20.357142857142858,11.785714285714285,8.571428571428571,79.64285714285714,63.92857142857142,15.714285714285714
E00012784,140,24,7,17,116,84,32,17.142857142857142,5,12.142857142857142,82.85714285714286,60,22.857142857142858
E00012785,137,42,17,25,95,61,34,30.656934306569344,12.408759124087592,18.248175182481752,69.34306569343066,44.52554744525548,24.817518248175183
E00012786,112,25,14,11,87,54,33,22.321428571428573,12.5,9.821428571428571,77.67857142857143,48.214285714285715,29.464285714285715
E00012787,127,33,14,19,94,66,28,25.984251968503933,11.023622047244094,14.960629921259844,74.01574803149606,51.96850393700787,22.04724409448819
E00012788,269,48,20,28,221,172,49,17.843866171003718,7.434944237918216,10.408921933085502,82.15613382899627,63.94052044609665,18.21561338289963
E00012789,175,38,14,24,137,96,41,21.714285714285715,8,13.714285714285715,78.28571428571428,54.85714285714286,23.42857142857143
E00012790,127,30,14,16,97,78,19,23.62204724409449,11.023622047244094,12.598425196850393,76.37795275590551,61.417322834645674,14.960629921259844
E00012791,107,18,9,9,89,62,27,16.822429906542055,8.411214953271028,8.411214953271028,83.17757009345794,57.943925233644855,25.233644859813083
E00012792,145,36,15,21,109,91,18,24.82758620689655,10.344827586206897,14.482758620689657,75.17241379310344,62.758620689655174,12.413793103448276
E00012793,144,49,13,36,95,81,14,34.02777777777778,9.027777777777777,25,65.97222222222221,56.25,9.722222222222223
E00012794,137,47,21,26,90,71,19,34.306569343065696,15.328467153284672,18.97810218978102,65.69343065693431,51.82481751824818,13.86861313868613
E00012795,139,41,16,25,98,81,17,29.496402877697843,11.510791366906476,17.985611510791365,70.50359712230215,58.27338129496403,12.23021582733813
E00012796,130,30,11,19,100,84,16,23.076923076923077,8.461538461538462,14.615384615384617,76.92307692307693,64.61538461538461,12.307692307692308
E00012797,172,52,20,32,120,79,41,30.23255813953488,11.627906976744185,18.6046511627907,69.76744186046511,45.93023255813954,23.837209302325583
E00012798,113,31,15,16,82,50,32,27.43362831858407,13.274336283185843,14.15929203539823,72.56637168141593,44.24778761061947,28.31858407079646
E00012799,146,44,19,25,102,70,32,30.136986301369863,13.013698630136986,17.123287671232877,69.86301369863014,47.94520547945205,21.91780821917808
E00012800,215,42,21,21,173,138,35,19.53488372093023,9.767441860465116,9.767441860465116,80.46511627906978,64.18604651162791,16.27906976744186
E00012801,185,48,26,22,137,82,55,25.945945945945947,14.054054054054054,11.891891891891893,74.05405405405405,44.32432432432433,29.72972972972973
E00012802,192,55,24,31,137,105,32,28.645833333333332,12.5,16.145833333333336,71.35416666666666,54.6875,16.666666666666664
E00012803,178,54,27,27,124,94,30,30.337078651685395,15.168539325842698,15.168539325842698,69.66292134831461,52.80898876404494,16.853932584269664
E00012804,313,87,43,44,226,188,38,27.79552715654952,13.738019169329075,14.057507987220447,72.20447284345049,60.063897763578275,12.140575079872203
E00012805,122,24,6,18,98,75,23,19.672131147540984,4.918032786885246,14.754098360655737,80.32786885245902,61.47540983606557,18.852459016393443
E00012806,151,36,12,24,115,93,22,23.841059602649008,7.9470198675496695,15.894039735099339,76.15894039735099,61.58940397350994,14.56953642384106
E00012807,187,28,10,18,159,120,39,14.973262032085561,5.347593582887701,9.62566844919786,85.02673796791443,64.171122994652407,20.855614973262032
E00012808,130,36,18,18,94,65,29,27.692307692307693,13.846153846153847,13.846153846153847,72.3076923076923,50,22.30769230769231
E00012809,170,31,13,18,139,102,37,18.235294117647058,7.647058823529412,10.588235294117647,81.76470588235294,60,21.764705882352942
E00012810,164,40,21,19,124,82,42,24.390243902439025,12.804878048780488,11.585365853658537,75.60975609756098,50,25.609756097560975
E00012811,257,56,32,24,201,156,45,21.78988326848249,12.45136186770428,9.33852140077821,78.21011673151752,60.70038910505836,17.509727626459142
E00012812,187,35,19,16,152,99,53,18.71657754010695,10.16042780748663,8.55614973262032,81.28342245989305,52.94117647058824,28.342245989304814
E00012813,161,48,21,27,113,88,25,29.81366459627329,13.043478260869565,16.77018633540373,70.1863354037267,54.6583850931677,15.527950310559005
E00012814,154,31,12,19,123,85,38,20.12987012987013,7.792207792207792,12.337662337662337,79.87012987012987,55.1948051948052,24.675324675324674
E00012815,156,47,28,19,109,63,46,30.128205128205128,17.94871794871795,12.179487179487179,69.87179487179486,40.38461538461539,29.48717948717949
E00012816,164,35,17,18,129,78,51,21.341463414634145,10.365853658536585,10.975609756097562,78.65853658536585,47.5609756097561,31.097560975609756
E00012817,189,32,15,17,157,118,39,16.93121693121693,7.936507936507936,8.994708994708994,83.06878306878306,62.43386243386243,20.634920634920633
E00012818,164,46,26,20,118,88,30,28.04878048780488,15.853658536585366,12.195121951219512,71.95121951219512,53.65853658536586,18.29268292682927
E00012819,109,35,23,12,74,58,16,32.11009174311927,21.100917431192663,11.009174311926607,67.88990825688074,53.21100917431193,14.678899082568808
E00012820,101,32,12,20,69,56,13,31.683168316831683,11.881188118811881,19.801980198019802,68.31683168316832,55.44554455445545,12.871287128712872
E00012821,94,23,6,17,71,56,15,24.46808510638298,6.382978723404255,18.085106382978726,75.53191489361703,59.57446808510638,15.957446808510639
E00012822,162,60,32,28,102,64,38,37.03703703703704,19.753086419753085,17.28395061728395,62.96296296296296,39.50617283950617,23.456790123456788
E00012823,302,46,16,30,256,204,52,15.2317880794702,5.298013245033113,9.933774834437086,84.76821192052981,67.54966887417218,17.218543046357617
E00012824,128,41,22,19,87,71,16,32.03125,17.1875,14.84375,67.96875,55.46875,12.5
E00012825,165,33,21,12,132,98,34,20,12.727272727272727,7.2727272727272725,80,59.3939393939394,20.606060606060606
E00012826,142,31,17,14,111,82,29,21.830985915492956,11.971830985915492,9.859154929577464,78.16901408450704,57.74647887323944,20.422535211267608
E00012827,183,42,22,20,141,112,29,22.950819672131146,12.021857923497267,10.92896174863388,77.04918032786885,61.20218579234973,15.846994535519126
E00012828,219,48,20,28,171,143,28,21.91780821917808,9.1324200913242,12.785388127853881,78.08219178082192,65.29680365296804,12.785388127853881
E00012829,140,36,18,18,104,71,33,25.71428571428571,12.857142857142856,12.857142857142856,74.28571428571429,50.71428571428571,23.57142857142857
E00012830,189,25,11,14,164,126,38,13.227513227513226,5.82010582010582,7.4074074074074066,86.77248677248677,66.66666666666666,20.105820105820104
E00012831,173,43,13,30,130,95,35,24.85549132947977,7.514450867052023,17.341040462427745,75.14450867052022,54.91329479768786,20.23121387283237
E00012832,189,57,30,27,132,97,35,30.158730158730158,15.873015873015872,14.285714285714285,69.84126984126983,51.32275132275132,18.51851851851852
E00012833,134,40,18,22,94,72,22,29.850746268656714,13.432835820895523,16.417910447761194,70.1492537313433,53.73134328358209,16.417910447761194
E00012834,173,43,19,24,130,103,27,24.85549132947977,10.982658959537572,13.872832369942195,75.14450867052022,59.53757225433526,15.606936416184972
E00012835,166,36,13,23,130,97,33,21.686746987951807,7.83132530120482,13.855421686746988,78.3132530120482,58.43373493975904,19.879518072289155
E00012836,133,37,19,18,96,71,25,27.819548872180448,14.285714285714285,13.533834586466165,72.18045112781954,53.383458646616546,18.796992481203006
E00012837,173,51,22,29,122,96,26,29.47976878612717,12.716763005780345,16.76300578034682,70.52023121387283,55.49132947976878,15.028901734104046
E00012838,154,43,13,30,111,79,32,27.92207792207792,8.441558441558442,19.480519480519483,72.07792207792207,51.298701298701296,20.77922077922078
E00012839,132,24,14,10,108,82,26,18.181818181818183,10.606060606060606,7.575757575757576,81.81818181818183,62.121212121212125,19.696969696969695
E00012840,192,65,22,43,127,116,11,33.85416666666667,11.458333333333332,22.395833333333336,66.14583333333334,60.416666666666664,5.729166666666666
E00012841,140,42,21,21,98,71,27,30,15,15,70,50.71428571428571,19.28571428571429
E00012842,143,34,16,18,109,76,33,23.776223776223777,11.188811188811188,12.587412587412588,76.22377622377621,53.14685314685315,23.076923076923077
E00012843,94,22,9,13,72,61,11,23.404255319148938,9.574468085106384,13.829787234042554,76.59574468085107,64.8936170212766,11.702127659574469
E00012844,177,48,21,27,129,88,41,27.11864406779661,11.864406779661017,15.254237288135593,72.88135593220339,49.717514124293785,23.163841807909606
E00012845,148,33,18,15,115,81,34,22.2972972972973,12.162162162162163,10.135135135135135,77.7027027027027,54.729729729729726,22.972972972972975
E00012846,136,36,17,19,100,68,32,26.47058823529412,12.5,13.970588235294118,73.52941176470588,50,23.52941176470588
E00012847,156,40,13,27,116,85,31,25.64102564102564,8.333333333333332,17.307692307692307,74.35897435897436,54.48717948717948,19.871794871794872
E00012848,145,31,13,18,114,77,37,21.379310344827587,8.96551724137931,12.413793103448276,78.62068965517241,53.103448275862064,25.517241379310345
E00012849,155,33,15,18,122,81,41,21.29032258064516,9.67741935483871,11.612903225806452,78.70967741935485,52.25806451612903,26.451612903225808
E00012850,137,42,19,23,95,60,35,30.656934306569344,13.86861313868613,16.78832116788321,69.34306569343066,43.79562043795621,25.547445255474454
E00012851,130,36,20,16,94,69,25,27.692307692307693,15.384615384615385,12.307692307692308,72.3076923076923,53.07692307692308,19.230769230769234
E00012852,147,46,20,26,101,65,36,31.292517006802722,13.60544217687075,17.687074829931973,68.70748299319727,44.21768707482993,24.489795918367346
E00012853,116,40,20,20,76,54,22,34.48275862068966,17.24137931034483,17.24137931034483,65.51724137931035,46.55172413793103,18.96551724137931
E00012854,79,19,7,12,60,52,8,24.050632911392405,8.860759493670885,15.18987341772152,75.9493670886076,65.82278481012658,10.126582278481013
E00012855,198,41,24,17,157,115,42,20.707070707070706,12.121212121212121,8.585858585858585,79.29292929292929,58.080808080808076,21.21212121212121
E00012856,175,46,19,27,129,115,14,26.285714285714285,10.857142857142858,15.428571428571427,73.71428571428571,65.71428571428571,8
E00012857,176,40,17,23,136,104,32,22.727272727272727,9.659090909090908,13.068181818181818,77.27272727272727,59.09090909090909,18.181818181818183
E00012858,230,62,19,43,168,148,20,26.956521739130434,8.26086956521739,18.695652173913043,73.04347826086956,64.34782608695652,8.695652173913043
E00012859,221,54,15,39,167,143,24,24.43438914027149,6.787330316742081,17.647058823529413,75.56561085972851,64.70588235294117,10.85972850678733
E00012860,214,63,23,40,151,136,15,29.439252336448597,10.74766355140187,18.69158878504673,70.56074766355141,63.55140186915887,7.009345794392523
E00012861,198,71,30,41,127,118,9,35.858585858585855,15.151515151515152,20.707070707070706,64.14141414141415,59.59595959595959,4.545454545454546
E00012862,203,70,26,44,133,119,14,34.48275862068966,12.807881773399016,21.67487684729064,65.51724137931035,58.620689655172406,6.896551724137931
E00012863,225,68,27,41,157,126,31,30.22222222222222,12,18.22222222222222,69.77777777777779,56.00000000000001,13.777777777777779
E00012864,262,82,24,58,180,158,22,31.297709923664126,9.16030534351145,22.137404580152673,68.70229007633588,60.30534351145038,8.396946564885496
E00012865,157,55,20,35,102,90,12,35.03184713375796,12.738853503184714,22.29299363057325,64.96815286624204,57.324840764331206,7.643312101910828
E00012866,229,62,24,38,167,143,24,27.074235807860266,10.480349344978166,16.593886462882097,72.92576419213974,62.44541484716157,10.480349344978166
E00012867,173,54,24,30,119,105,14,31.213872832369944,13.872832369942195,17.341040462427745,68.78612716763006,60.69364161849711,8.092485549132949
E00012868,232,77,28,49,155,144,11,33.189655172413794,12.068965517241379,21.120689655172413,66.8103448275862,62.06896551724138,4.741379310344827
E00012869,124,45,14,31,79,68,11,36.29032258064516,11.29032258064516,25,63.70967741935484,54.83870967741935,8.870967741935484
E00012870,121,37,11,26,84,79,5,30.57851239669421,9.090909090909092,21.487603305785125,69.42148760330579,65.28925619834712,4.132231404958678
E00012871,131,48,12,36,83,78,5,36.6412213740458,9.16030534351145,27.480916030534353,63.358778625954194,59.541984732824424,3.816793893129771
E00012872,240,75,36,39,165,141,24,31.25,15,16.25,68.75,58.75,10
E00012873,175,65,32,33,110,91,19,37.142857142857146,18.285714285714285,18.857142857142858,62.857142857142854,52,10.857142857142858
E00012875,149,56,18,38,93,79,14,37.58389261744966,12.080536912751679,25.503355704697988,62.41610738255034,53.02013422818792,9.395973154362416
E00012876,287,94,46,48,193,175,18,32.752613240418114,16.02787456445993,16.72473867595819,67.24738675958189,60.97560975609756,6.2717770034843205
E00012877,278,95,30,65,183,169,14,34.172661870503596,10.79136690647482,23.381294964028775,65.82733812949641,60.79136690647482,5.0359712230215825
E00012878,147,40,13,27,107,80,27,27.2108843537415,8.843537414965986,18.367346938775512,72.78911564625851,54.421768707483,18.367346938775512
E00012879,227,80,35,45,147,128,19,35.24229074889868,15.418502202643172,19.823788546255507,64.75770925110133,56.38766519823789,8.370044052863436
E00012880,207,50,23,27,157,133,24,24.154589371980677,11.11111111111111,13.043478260869565,75.84541062801932,64.25120772946859,11.594202898550725
E00012881,253,54,21,33,199,185,14,21.34387351778656,8.300395256916996,13.043478260869565,78.65612648221344,73.12252964426878,5.533596837944664
E00012882,243,72,26,46,171,159,12,29.629629629629626,10.699588477366255,18.930041152263374,70.37037037037037,65.4320987654321,4.938271604938271
E00012883,163,63,20,43,100,91,9,38.65030674846626,12.269938650306749,26.380368098159508,61.34969325153374,55.828220858895705,5.521472392638037
E00012884,250,108,39,69,142,129,13,43.2,15.6,27.6,56.8,51.6,5.2
E00012885,293,85,21,64,208,193,15,29.01023890784983,7.167235494880546,21.843003412969285,70.98976109215018,65.8703071672355,5.1194539249146755
E00012886,207,60,14,46,147,131,16,28.985507246376812,6.763285024154589,22.22222222222222,71.01449275362319,63.28502415458937,7.729468599033816
E00012887,247,78,28,50,169,154,15,31.57894736842105,11.336032388663968,20.242914979757085,68.42105263157895,62.34817813765182,6.0728744939271255
E00012888,207,56,23,33,151,140,11,27.053140096618357,11.11111111111111,15.942028985507244,72.94685990338165,67.6328502415459,5.314009661835748
E00012889,192,55,18,37,137,125,12,28.645833333333332,9.375,19.270833333333336,71.35416666666666,65.10416666666666,6.25
E00012890,160,43,16,27,117,98,19,26.875,10,16.875,73.125,61.25000000000001,11.875
E00012891,239,77,30,47,162,143,19,32.21757322175732,12.552301255230125,19.665271966527197,67.78242677824268,59.83263598326359,7.949790794979079
E00012892,209,73,31,42,136,125,11,34.92822966507177,14.832535885167463,20.095693779904305,65.07177033492823,59.80861244019139,5.263157894736842
E00012893,205,59,21,38,146,125,21,28.780487804878046,10.24390243902439,18.536585365853657,71.21951219512195,60.97560975609756,10.24390243902439
E00012894,195,53,20,33,142,121,21,27.17948717948718,10.256410256410255,16.923076923076923,72.82051282051282,62.05128205128205,10.76923076923077
E00012895,206,50,17,33,156,137,19,24.271844660194176,8.25242718446602,16.019417475728158,75.72815533980582,66.50485436893204,9.223300970873787
E00012896,171,46,19,27,125,112,13,26.900584795321635,11.11111111111111,15.789473684210526,73.09941520467837,65.49707602339181,7.602339181286549
E00012897,209,53,21,32,156,141,15,25.358851674641148,10.047846889952153,15.311004784688995,74.64114832535886,67.46411483253588,7.177033492822966
E00012898,200,47,16,31,153,136,17,23.5,8,15.5,76.5,68,8.5
E00012899,205,66,26,40,139,120,19,32.19512195121951,12.682926829268293,19.51219512195122,67.8048780487805,58.536585365853654,9.268292682926829
E00012900,154,45,19,26,109,90,19,29.22077922077922,12.337662337662337,16.883116883116884,70.77922077922078,58.44155844155844,12.337662337662337
E00012902,206,81,31,50,125,114,11,39.32038834951456,15.048543689320388,24.271844660194176,60.679611650485434,55.33980582524271,5.339805825242718
E00012903,134,33,7,26,101,93,8,24.62686567164179,5.223880597014925,19.402985074626866,75.3731343283582,69.40298507462687,5.970149253731343
E00012904,129,35,19,16,94,82,12,27.131782945736433,14.728682170542637,12.4031007751938,72.86821705426357,63.565891472868216,9.30232558139535
E00012905,229,57,16,41,172,153,19,24.890829694323145,6.986899563318777,17.903930131004365,75.10917030567686,66.8122270742358,8.296943231441048
E00012906,217,61,21,40,156,140,16,28.110599078341014,9.67741935483871,18.433179723502306,71.88940092165899,64.51612903225806,7.373271889400922
E00012907,214,69,21,48,145,128,17,32.242990654205606,9.813084112149532,22.429906542056074,67.7570093457944,59.813084112149525,7.943925233644859
E00012908,216,55,16,39,161,148,13,25.462962962962965,7.4074074074074066,18.055555555555554,74.53703703703704,68.51851851851852,6.018518518518518
E00012909,121,42,15,27,79,71,8,34.710743801652896,12.396694214876034,22.31404958677686,65.28925619834712,58.67768595041323,6.6115702479338845
E00012910,256,93,35,58,163,146,17,36.328125,13.671875,22.65625,63.671875,57.03125,6.640625
E00012911,173,55,17,38,118,101,17,31.79190751445087,9.826589595375722,21.965317919075144,68.20809248554913,58.38150289017341,9.826589595375722
E00012912,140,46,19,27,94,83,11,32.857142857142854,13.571428571428571,19.28571428571429,67.14285714285714,59.285714285714285,7.857142857142857
E00012913,220,68,34,34,152,131,21,30.909090909090907,15.454545454545453,15.454545454545453,69.0909090909091,59.54545454545455,9.545454545454547
E00012914,171,37,14,23,134,115,19,21.637426900584796,8.187134502923977,13.450292397660817,78.3625730994152,67.2514619883041,11.11111111111111
E00012915,252,82,34,48,170,151,19,32.53968253968254,13.492063492063492,19.047619047619047,67.46031746031747,59.92063492063492,7.5396825396825395
E00012916,226,64,27,37,162,147,15,28.31858407079646,11.946902654867257,16.371681415929203,71.68141592920354,65.04424778761062,6.637168141592921
E00012917,236,74,30,44,162,149,13,31.35593220338983,12.711864406779661,18.64406779661017,68.64406779661016,63.13559322033898,5.508474576271186
E00012918,229,58,20,38,171,143,28,25.327510917030565,8.73362445414847,16.593886462882097,74.67248908296943,62.44541484716157,12.22707423580786
E00012919,214,56,26,30,158,139,19,26.168224299065418,12.149532710280374,14.018691588785046,73.83177570093457,64.95327102803739,8.878504672897195
E00012920,227,80,31,49,147,136,11,35.24229074889868,13.656387665198238,21.58590308370044,64.75770925110133,59.91189427312775,4.845814977973569
E00012923,207,54,21,33,153,129,24,26.08695652173913,10.144927536231885,15.942028985507244,73.91304347826086,62.31884057971014,11.594202898550725
E00012925,208,51,5,46,157,130,27,24.519230769230766,2.403846153846154,22.115384615384613,75.48076923076923,62.5,12.980769230769232
E00012926,199,54,17,37,145,123,22,27.1356783919598,8.542713567839195,18.592964824120603,72.8643216080402,61.80904522613066,11.055276381909549
E00012927,235,59,22,37,176,150,26,25.106382978723403,9.361702127659575,15.74468085106383,74.8936170212766,63.829787234042556,11.063829787234042
E00012928,146,40,16,24,106,94,12,27.397260273972602,10.95890410958904,16.43835616438356,72.6027397260274,64.38356164383562,8.21917808219178
E00012929,172,60,26,34,112,101,11,34.883720930232556,15.11627906976744,19.767441860465116,65.11627906976744,58.720930232558146,6.395348837209303
E00012930,248,64,25,39,184,175,9,25.806451612903224,10.080645161290322,15.725806451612904,74.19354838709677,70.56451612903226,3.6290322580645165
E00012931,167,39,17,22,128,102,26,23.353293413173652,10.179640718562874,13.17365269461078,76.64670658682635,61.07784431137725,15.568862275449103
E00012932,117,35,13,22,82,72,10,29.914529914529915,11.11111111111111,18.803418803418804,70.08547008547008,61.53846153846154,8.547008547008547
E00012933,139,29,8,21,110,96,14,20.863309352517987,5.755395683453238,15.107913669064748,79.13669064748201,69.06474820143885,10.071942446043165
E00012934,102,32,13,19,70,62,8,31.372549019607842,12.745098039215685,18.627450980392158,68.62745098039215,60.78431372549019,7.8431372549019605
E00012936,144,44,14,30,100,94,6,30.555555555555557,9.722222222222223,20.833333333333336,69.44444444444444,65.27777777777779,4.166666666666666
E00012937,173,46,19,27,127,108,19,26.589595375722542,10.982658959537572,15.606936416184972,73.41040462427746,62.42774566473989,10.982658959537572
E00012939,281,87,34,53,194,166,28,30.96085409252669,12.099644128113878,18.86120996441281,69.03914590747331,59.07473309608541,9.9644128113879
E00012940,173,38,13,25,135,119,16,21.965317919075144,7.514450867052023,14.450867052023122,78.03468208092485,68.78612716763006,9.248554913294797
E00012941,150,30,8,22,120,108,12,20,5.333333333333334,14.666666666666666,80,72,8
E00012942,162,47,12,35,115,105,10,29.01234567901235,7.4074074074074066,21.604938271604937,70.98765432098766,64.81481481481481,6.172839506172839
E00012943,229,63,11,52,166,154,12,27.510917030567683,4.8034934497816595,22.707423580786028,72.48908296943232,67.24890829694323,5.240174672489083
E00012944,191,45,26,19,146,123,23,23.56020942408377,13.612565445026178,9.947643979057592,76.43979057591623,64.3979057591623,12.041884816753926
E00012945,168,55,21,34,113,97,16,32.73809523809524,12.5,20.238095238095237,67.26190476190477,57.738095238095234,9.523809523809524
E00012946,179,55,21,34,124,106,18,30.726256983240223,11.731843575418994,18.994413407821227,69.27374301675978,59.217877094972074,10.05586592178771
E00012947,149,35,15,20,114,97,17,23.48993288590604,10.06711409395973,13.422818791946309,76.51006711409396,65.1006711409396,11.409395973154362
E00012948,194,59,27,32,135,120,15,30.412371134020617,13.917525773195877,16.49484536082474,69.58762886597938,61.855670103092784,7.731958762886598
E00012949,79,30,11,19,49,45,4,37.9746835443038,13.924050632911392,24.050632911392405,62.0253164556962,56.9620253164557,5.063291139240507
E00012951,171,47,17,30,124,106,18,27.485380116959064,9.941520467836257,17.543859649122805,72.51461988304094,61.98830409356725,10.526315789473683
E00012952,239,73,22,51,166,147,19,30.543933054393307,9.205020920502092,21.338912133891213,69.4560669456067,61.50627615062761,7.949790794979079
E00012953,193,59,18,41,134,125,9,30.569948186528496,9.32642487046632,21.243523316062177,69.43005181347151,64.76683937823834,4.66321243523316
E00012954,194,55,21,34,139,123,16,28.350515463917525,10.824742268041238,17.525773195876287,71.64948453608247,63.4020618556701,8.24742268041237
E00012955,137,40,17,23,97,83,14,29.1970802919708,12.408759124087592,16.78832116788321,70.8029197080292,60.58394160583942,10.218978102189782
E00012956,155,46,25,21,109,91,18,29.677419354838708,16.129032258064516,13.548387096774196,70.3225806451613,58.70967741935483,11.612903225806452
E00012957,160,57,20,37,103,92,11,35.625,12.5,23.125,64.375,57.49999999999999,6.875000000000001
E00012958,190,62,19,43,128,109,19,32.631578947368425,10,22.63157894736842,67.36842105263158,57.36842105263158,10
E00012959,135,44,16,28,91,79,12,32.592592592592595,11.851851851851853,20.74074074074074,67.4074074074074,58.51851851851851,8.88888888888889
E00012960,168,66,25,41,102,85,17,39.285714285714285,14.880952380952381,24.404761904761905,60.71428571428571,50.595238095238095,10.119047619047619
E00012961,168,63,20,43,105,89,16,37.5,11.904761904761903,25.595238095238095,62.5,52.976190476190474,9.523809523809524
E00012962,107,37,10,27,70,58,12,34.57943925233645,9.345794392523365,25.233644859813083,65.42056074766354,54.20560747663551,11.214953271028037
E00012963,180,76,30,46,104,91,13,42.22222222222222,16.666666666666664,25.555555555555554,57.77777777777777,50.55555555555556,7.222222222222221
E00012964,287,119,41,78,168,153,15,41.46341463414634,14.285714285714285,27.177700348432055,58.536585365853654,53.31010452961672,5.2264808362369335
E00012965,195,68,27,41,127,120,7,34.87179487179487,13.846153846153847,21.025641025641026,65.12820512820512,61.53846153846154,3.5897435897435894
E00012966,134,46,15,31,88,85,3,34.32835820895522,11.194029850746269,23.134328358208954,65.67164179104478,63.43283582089553,2.2388059701492535
E00012967,180,72,23,49,108,94,14,40,12.777777777777777,27.22222222222222,60,52.22222222222223,7.777777777777778
E00012969,195,64,21,43,131,114,17,32.82051282051282,10.76923076923077,22.05128205128205,67.17948717948717,58.46153846153847,8.717948717948717
E00012971,172,57,16,41,115,104,11,33.13953488372093,9.30232558139535,23.837209302325583,66.86046511627907,60.46511627906976,6.395348837209303
E00012972,142,53,18,35,89,84,5,37.32394366197183,12.676056338028168,24.647887323943664,62.676056338028175,59.154929577464785,3.5211267605633805
E00012973,250,85,35,50,165,146,19,34,14.000000000000002,20,66,58.4,7.6
E00012974,159,54,20,34,105,95,10,33.9622641509434,12.578616352201259,21.38364779874214,66.0377358490566,59.74842767295597,6.289308176100629
E00012975,183,67,26,41,116,105,11,36.6120218579235,14.207650273224044,22.404371584699454,63.387978142076506,57.377049180327866,6.0109289617486334
E00012976,175,57,20,37,118,109,9,32.57142857142858,11.428571428571429,21.142857142857142,67.42857142857143,62.28571428571429,5.142857142857142
E00012977,115,36,9,27,79,73,6,31.30434782608696,7.82608695652174,23.47826086956522,68.69565217391305,63.47826086956522,5.217391304347826
E00012978,215,78,30,48,137,117,20,36.27906976744186,13.953488372093023,22.325581395348838,63.72093023255814,54.418604651162795,9.30232558139535
E00012979,169,49,21,28,120,106,14,28.994082840236686,12.42603550295858,16.56804733727811,71.00591715976331,62.721893491124256,8.284023668639055
E00012980,108,34,13,21,74,61,13,31.48148148148148,12.037037037037036,19.444444444444446,68.51851851851852,56.481481481481474,12.037037037037036
E00012981,181,56,19,37,125,112,13,30.939226519337016,10.497237569060774,20.441988950276244,69.06077348066299,61.87845303867403,7.18232044198895
E00012982,141,45,18,27,96,86,10,31.914893617021278,12.76595744680851,19.148936170212767,68.08510638297872,60.99290780141844,7.092198581560284
E00012983,106,47,24,23,59,52,7,44.339622641509436,22.641509433962266,21.69811320754717,55.660377358490564,49.056603773584904,6.60377358490566
E00012984,122,27,6,21,95,88,7,22.131147540983605,4.918032786885246,17.21311475409836,77.8688524590164,72.1311475409836,5.737704918032787
E00012985,166,48,13,35,118,106,12,28.915662650602407,7.83132530120482,21.084337349397593,71.08433734939759,63.85542168674698,7.228915662650602
E00012986,144,48,16,32,96,85,11,33.33333333333333,11.11111111111111,22.22222222222222,66.66666666666666,59.02777777777778,7.638888888888889
E00012987,120,34,11,23,86,75,11,28.333333333333332,9.166666666666666,19.166666666666668,71.66666666666667,62.5,9.166666666666666
E00012988,203,64,25,39,139,112,27,31.527093596059114,12.31527093596059,19.21182266009852,68.4729064039409,55.172413793103445,13.30049261083744
E00012989,205,55,24,31,150,127,23,26.82926829268293,11.707317073170733,15.121951219512194,73.17073170731707,61.951219512195124,11.219512195121952
E00012990,243,74,32,42,169,155,14,30.45267489711934,13.168724279835391,17.28395061728395,69.54732510288066,63.78600823045267,5.761316872427984
E00012991,227,70,22,48,157,144,13,30.837004405286343,9.691629955947137,21.145374449339208,69.16299559471366,63.436123348017624,5.726872246696035
E00012992,87,29,10,19,58,52,6,33.33333333333333,11.494252873563218,21.839080459770116,66.66666666666666,59.77011494252874,6.896551724137931
E00012993,114,31,14,17,83,74,9,27.192982456140353,12.280701754385964,14.912280701754385,72.80701754385966,64.91228070175438,7.894736842105263
E00012994,182,48,24,24,134,118,16,26.373626373626376,13.186813186813188,13.186813186813188,73.62637362637363,64.83516483516483,8.791208791208792
E00012995,181,57,27,30,124,105,19,31.491712707182316,14.917127071823206,16.574585635359114,68.50828729281768,58.011049723756905,10.497237569060774
E00012996,191,51,22,29,140,123,17,26.701570680628272,11.518324607329843,15.18324607329843,73.29842931937172,64.3979057591623,8.900523560209423
E00012997,139,43,18,25,96,79,17,30.935251798561154,12.949640287769784,17.985611510791365,69.06474820143885,56.83453237410072,12.23021582733813
E00012998,207,55,24,31,152,137,15,26.570048309178745,11.594202898550725,14.975845410628018,73.42995169082126,66.18357487922705,7.246376811594203
E00012999,176,42,17,25,134,123,11,23.863636363636363,9.659090909090908,14.204545454545455,76.13636363636364,69.88636363636364,6.25
E00013000,197,59,18,41,138,120,18,29.949238578680205,9.137055837563452,20.812182741116754,70.05076142131979,60.913705583756354,9.137055837563452
E00013001,175,51,20,31,124,110,14,29.142857142857142,11.428571428571429,17.71428571428571,70.85714285714285,62.857142857142854,8
E00013002,161,28,11,17,133,121,12,17.391304347826086,6.832298136645963,10.559006211180124,82.6086956521739,75.15527950310559,7.453416149068323
E00013003,82,33,13,20,49,38,11,40.243902439024396,15.853658536585366,24.390243902439025,59.756097560975604,46.34146341463415,13.414634146341465
E00013004,180,46,16,30,134,115,19,25.555555555555554,8.88888888888889,16.666666666666664,74.44444444444444,63.888888888888886,10.555555555555555
E00013005,180,58,21,37,122,95,27,32.22222222222222,11.666666666666666,20.555555555555554,67.77777777777779,52.77777777777778,15
E00013006,164,47,21,26,117,100,17,28.65853658536585,12.804878048780488,15.853658536585366,71.34146341463415,60.97560975609756,10.365853658536585
E00013007,190,60,19,41,130,114,16,31.57894736842105,10,21.578947368421055,68.42105263157895,60,8.421052631578947
E00013008,149,38,17,21,111,91,20,25.503355704697988,11.409395973154362,14.093959731543624,74.49664429530202,61.07382550335571,13.422818791946309
E00013009,188,50,18,32,138,125,13,26.595744680851062,9.574468085106384,17.02127659574468,73.40425531914893,66.48936170212765,6.914893617021277
E00013010,172,38,15,23,134,117,17,22.093023255813954,8.720930232558139,13.372093023255813,77.90697674418605,68.02325581395348,9.883720930232558
E00013011,194,64,28,36,130,117,13,32.98969072164948,14.432989690721648,18.556701030927837,67.0103092783505,60.30927835051546,6.701030927835052
E00013013,225,81,22,59,144,133,11,36,9.777777777777779,26.222222222222225,64,59.111111111111114,4.888888888888889
E00013014,206,59,22,37,147,131,16,28.640776699029125,10.679611650485436,17.96116504854369,71.35922330097088,63.59223300970874,7.766990291262135
E00013015,211,61,19,42,150,133,17,28.90995260663507,9.004739336492891,19.90521327014218,71.09004739336493,63.03317535545023,8.056872037914692
E00013016,182,59,28,31,123,101,22,32.417582417582416,15.384615384615385,17.032967032967033,67.58241758241759,55.494505494505496,12.087912087912088
E00013017,179,50,20,30,129,112,17,27.932960893854748,11.1731843575419,16.75977653631285,72.06703910614524,62.56983240223464,9.497206703910614
E00013019,176,66,24,42,110,91,19,37.5,13.636363636363635,23.863636363636363,62.5,51.70454545454546,10.795454545454545
E00013020,164,54,19,35,110,99,11,32.926829268292686,11.585365853658537,21.341463414634145,67.07317073170732,60.36585365853659,6.707317073170732
E00013021,108,49,18,31,59,55,4,45.370370370370374,16.666666666666664,28.703703703703702,54.629629629629626,50.92592592592593,3.7037037037037033
E00013022,173,52,19,33,121,109,12,30.057803468208093,10.982658959537572,19.07514450867052,69.94219653179191,63.005780346820806,6.9364161849710975
E00013023,271,80,28,52,191,170,21,29.520295202952028,10.33210332103321,19.18819188191882,70.47970479704797,62.73062730627307,7.7490774907749085
E00013024,238,68,24,44,170,154,16,28.57142857142857,10.084033613445378,18.487394957983195,71.42857142857143,64.70588235294117,6.722689075630252
E00013025,288,107,38,69,181,159,22,37.15277777777778,13.194444444444445,23.958333333333336,62.84722222222222,55.208333333333336,7.638888888888889
E00013026,231,67,21,46,164,150,14,29.004329004329005,9.090909090909092,19.913419913419915,70.995670995671,64.93506493506493,6.0606060606060606
E00013027,225,76,25,51,149,137,12,33.77777777777778,11.11111111111111,22.666666666666664,66.22222222222223,60.88888888888889,5.333333333333334
E00013028,189,54,22,32,135,119,16,28.57142857142857,11.64021164021164,16.93121693121693,71.42857142857143,62.96296296296296,8.465608465608465
E00013029,224,81,30,51,143,127,16,36.160714285714285,13.392857142857142,22.767857142857142,63.83928571428571,56.69642857142857,7.142857142857142
E00013030,147,48,23,25,99,93,6,32.6530612244898,15.646258503401361,17.006802721088434,67.3469387755102,63.26530612244898,4.081632653061225
E00013031,224,74,36,38,150,139,11,33.035714285714285,16.071428571428573,16.964285714285715,66.96428571428571,62.05357142857143,4.910714285714286
E00013032,133,59,19,40,74,68,6,44.3609022556391,14.285714285714285,30.075187969924812,55.639097744360896,51.127819548872175,4.511278195488721
E00013035,196,60,21,39,136,120,16,30.612244897959183,10.714285714285714,19.897959183673468,69.38775510204081,61.224489795918366,8.16326530612245
E00013036,176,56,22,34,120,105,15,31.818181818181817,12.5,19.318181818181817,68.18181818181817,59.65909090909091,8.522727272727272
E00013037,196,58,16,42,138,125,13,29.591836734693878,8.16326530612245,21.428571428571427,70.40816326530613,63.775510204081634,6.63265306122449
E00013038,98,34,17,17,64,55,9,34.69387755102041,17.346938775510203,17.346938775510203,65.3061224489796,56.12244897959183,9.183673469387756
E00013039,199,64,22,42,135,120,15,32.1608040201005,11.055276381909549,21.105527638190953,67.8391959798995,60.30150753768844,7.537688442211055
E00013040,157,55,10,45,102,97,5,35.03184713375796,6.369426751592357,28.662420382165603,64.96815286624204,61.78343949044586,3.1847133757961785
E00013041,258,94,32,62,164,149,15,36.434108527131784,12.4031007751938,24.031007751937985,63.565891472868216,57.751937984496124,5.813953488372093
E00013043,222,78,28,50,144,127,17,35.13513513513514,12.612612612612612,22.52252252252252,64.86486486486487,57.20720720720721,7.657657657657657
E00013044,215,61,18,43,154,133,21,28.37209302325581,8.372093023255815,20,71.62790697674419,61.86046511627907,9.767441860465116
E00013045,263,80,31,49,183,167,16,30.418250950570343,11.787072243346007,18.631178707224336,69.58174904942965,63.49809885931559,6.083650190114068
E00013046,133,44,16,28,89,84,5,33.08270676691729,12.030075187969924,21.052631578947366,66.9172932330827,63.1578947368421,3.7593984962406015
E00013047,218,73,25,48,145,121,24,33.48623853211009,11.46788990825688,22.018348623853214,66.5137614678899,55.5045871559633,11.009174311926607
E00013048,212,67,27,40,145,122,23,31.60377358490566,12.735849056603774,18.867924528301888,68.39622641509435,57.54716981132076,10.849056603773585
E00013049,263,71,30,41,192,168,24,26.996197718631176,11.406844106463879,15.5893536121673,73.00380228136882,63.87832699619772,9.125475285171103
E00013050,219,66,18,48,153,132,21,30.136986301369863,8.21917808219178,21.91780821917808,69.86301369863014,60.273972602739725,9.58904109589041
E00013051,171,52,24,28,119,108,11,30.409356725146196,14.035087719298245,16.374269005847953,69.5906432748538,63.1578947368421,6.432748538011696
E00013052,192,77,30,47,115,105,10,40.10416666666667,15.625,24.479166666666664,59.895833333333336,54.6875,5.208333333333334
E00013053,206,72,33,39,134,116,18,34.95145631067961,16.019417475728158,18.932038834951456,65.0485436893204,56.310679611650485,8.737864077669903
E00013054,193,59,23,36,134,120,14,30.569948186528496,11.917098445595855,18.65284974093264,69.43005181347151,62.17616580310881,7.253886010362693
E00013055,195,74,32,42,121,111,10,37.94871794871795,16.41025641025641,21.53846153846154,62.05128205128205,56.92307692307692,5.128205128205128
E00013056,174,48,20,28,126,106,20,27.586206896551722,11.494252873563218,16.091954022988507,72.41379310344827,60.91954022988506,11.494252873563218
E00013057,128,55,20,35,73,72,1,42.96875,15.625,27.34375,57.03125,56.25,0.78125
E00013058,104,40,15,25,64,60,4,38.46153846153847,14.423076923076922,24.03846153846154,61.53846153846154,57.692307692307686,3.8461538461538463
E00013059,172,47,15,32,125,115,10,27.325581395348834,8.720930232558139,18.6046511627907,72.67441860465115,66.86046511627907,5.813953488372093
E00013060,150,53,26,27,97,80,17,35.333333333333336,17.333333333333336,18,64.66666666666666,53.333333333333336,11.333333333333332
E00013061,216,82,41,41,134,121,13,37.96296296296296,18.98148148148148,18.98148148148148,62.03703703703704,56.018518518518526,6.018518518518518
E00013062,208,60,22,38,148,129,19,28.846153846153843,10.576923076923077,18.269230769230766,71.15384615384616,62.019230769230774,9.134615384615383
E00013063,250,63,24,39,187,158,29,25.2,9.6,15.6,74.8,63.2,11.600000000000001
E00013064,165,73,32,41,92,83,9,44.24242424242424,19.393939393939394,24.848484848484848,55.757575757575765,50.303030303030305,5.454545454545454
E00013065,219,76,34,42,143,125,18,34.70319634703196,15.52511415525114,19.17808219178082,65.29680365296804,57.077625570776256,8.21917808219178
E00013066,186,62,25,37,124,124,0,33.33333333333333,13.440860215053762,19.892473118279568,66.66666666666666,66.66666666666666,0
E00013067,251,93,41,52,158,134,24,37.05179282868526,16.334661354581673,20.717131474103585,62.94820717131474,53.38645418326693,9.56175298804781
E00013068,168,66,25,41,102,92,10,39.285714285714285,14.880952380952381,24.404761904761905,60.71428571428571,54.761904761904766,5.952380952380952
E00013070,264,94,27,67,170,143,27,35.60606060606061,10.227272727272728,25.37878787878788,64.39393939393939,54.166666666666664,10.227272727272728
E00013071,291,54,24,30,237,213,24,18.556701030927837,8.24742268041237,10.309278350515463,81.44329896907216,73.19587628865979,8.24742268041237
E00013072,193,52,21,31,141,128,13,26.94300518134715,10.880829015544041,16.06217616580311,73.05699481865285,66.32124352331607,6.7357512953367875
E00013074,185,59,24,35,126,112,14,31.891891891891895,12.972972972972974,18.91891891891892,68.10810810810811,60.54054054054055,7.567567567567568
E00013075,100,34,17,17,66,58,8,34,17,17,66,57.99999999999999,8
E00013076,220,60,26,34,160,133,27,27.27272727272727,11.818181818181818,15.454545454545453,72.72727272727273,60.45454545454545,12.272727272727273
E00013078,169,64,22,42,105,96,9,37.8698224852071,13.017751479289942,24.85207100591716,62.1301775147929,56.80473372781065,5.325443786982249
E00013079,217,75,27,48,142,122,20,34.56221198156682,12.442396313364055,22.119815668202765,65.43778801843318,56.22119815668203,9.216589861751153
E00013080,196,53,15,38,143,114,29,27.040816326530614,7.653061224489796,19.387755102040817,72.95918367346938,58.16326530612245,14.795918367346939
E00013081,198,66,25,41,132,124,8,33.33333333333333,12.626262626262626,20.707070707070706,66.66666666666666,62.62626262626263,4.040404040404041
E00013082,165,65,26,39,100,90,10,39.39393939393939,15.757575757575756,23.636363636363637,60.60606060606061,54.54545454545454,6.0606060606060606
E00013083,196,62,25,37,134,122,12,31.63265306122449,12.755102040816327,18.877551020408163,68.36734693877551,62.244897959183675,6.122448979591836
E00013084,142,57,17,40,85,74,11,40.140845070422536,11.971830985915492,28.169014084507044,59.859154929577464,52.112676056338024,7.746478873239436
E00013085,159,48,11,37,111,96,15,30.18867924528302,6.918238993710692,23.270440251572328,69.81132075471697,60.37735849056604,9.433962264150944
E00013086,138,49,17,32,89,81,8,35.507246376811594,12.318840579710146,23.18840579710145,64.4927536231884,58.69565217391305,5.797101449275362
E00013087,160,65,25,40,95,83,12,40.625,15.625,25,59.375,51.87500000000001,7.5
E00013088,216,71,28,43,145,140,5,32.870370370370374,12.962962962962962,19.90740740740741,67.12962962962963,64.81481481481481,2.314814814814815
E00013089,123,52,19,33,71,67,4,42.27642276422765,15.447154471544716,26.82926829268293,57.72357723577236,54.47154471544715,3.2520325203252036
E00013090,250,90,39,51,160,144,16,36,15.6,20.4,64,57.599999999999994,6.4
E00013091,161,67,31,36,94,78,16,41.61490683229814,19.25465838509317,22.36024844720497,58.38509316770186,48.4472049689441,9.937888198757763
E00013092,231,78,27,51,153,130,23,33.76623376623377,11.688311688311687,22.07792207792208,66.23376623376623,56.27705627705628,9.956709956709958
E00013093,200,60,27,33,140,127,13,30,13.5,16.5,70,63.5,6.5
E00013094,223,60,22,38,163,149,14,26.905829596412556,9.865470852017937,17.040358744394617,73.09417040358744,66.81614349775785,6.278026905829597
E00013095,217,72,23,49,145,130,15,33.17972350230415,10.599078341013826,22.58064516129032,66.82027649769586,59.907834101382484,6.912442396313365
E00013096,182,76,25,51,106,97,9,41.75824175824176,13.736263736263737,28.021978021978022,58.24175824175825,53.2967032967033,4.945054945054945
E00013097,176,78,27,51,98,83,15,44.31818181818182,15.340909090909092,28.97727272727273,55.68181818181818,47.159090909090914,8.522727272727272
E00013098,172,66,19,47,106,92,14,38.372093023255815,11.046511627906977,27.325581395348834,61.627906976744185,53.48837209302325,8.13953488372093
E00013099,224,98,20,78,126,103,23,43.75,8.928571428571429,34.82142857142857,56.25,45.982142857142854,10.267857142857142
E00013100,216,73,21,52,143,128,15,33.7962962962963,9.722222222222223,24.074074074074073,66.20370370370371,59.25925925925925,6.944444444444445
E00013101,208,73,24,49,135,119,16,35.09615384615385,11.538461538461538,23.557692307692307,64.90384615384616,57.21153846153846,7.6923076923076925
E00013102,144,66,25,41,78,70,8,45.83333333333333,17.36111111111111,28.47222222222222,54.166666666666664,48.61111111111111,5.555555555555555
E00013103,213,76,21,55,137,133,4,35.68075117370892,9.859154929577464,25.821596244131456,64.31924882629107,62.441314553990615,1.8779342723004695
E00013104,203,62,31,31,141,129,12,30.541871921182267,15.270935960591133,15.270935960591133,69.45812807881774,63.54679802955665,5.911330049261084
E00013105,174,62,20,42,112,103,9,35.63218390804598,11.494252873563218,24.137931034482758,64.36781609195403,59.195402298850574,5.172413793103448
E00013106,189,61,21,40,128,117,11,32.27513227513227,11.11111111111111,21.164021164021165,67.72486772486772,61.904761904761905,5.82010582010582
E00013107,272,63,27,36,209,180,29,23.161764705882355,9.926470588235293,13.23529411764706,76.83823529411765,66.17647058823529,10.661764705882353
E00013108,235,86,35,51,149,128,21,36.59574468085106,14.893617021276595,21.70212765957447,63.40425531914894,54.46808510638298,8.936170212765958
E00013109,246,106,22,84,140,124,16,43.08943089430895,8.94308943089431,34.146341463414636,56.91056910569105,50.40650406504065,6.504065040650407
E00013110,182,79,31,48,103,90,13,43.40659340659341,17.032967032967033,26.373626373626376,56.59340659340659,49.45054945054945,7.142857142857142
E00013111,255,96,37,59,159,148,11,37.64705882352941,14.50980392156863,23.137254901960784,62.35294117647059,58.03921568627452,4.313725490196078
E00013112,115,55,15,40,60,55,5,47.82608695652174,13.043478260869565,34.78260869565217,52.17391304347826,47.82608695652174,4.3478260869565215
E00013113,226,91,32,59,135,111,24,40.26548672566372,14.15929203539823,26.10619469026549,59.73451327433629,49.11504424778761,10.619469026548673
E00013114,113,53,17,36,60,50,10,46.902654867256636,15.04424778761062,31.858407079646017,53.09734513274337,44.24778761061947,8.849557522123893
E00013115,167,73,32,41,94,82,12,43.712574850299404,19.16167664670659,24.550898203592812,56.287425149700596,49.101796407185624,7.18562874251497
E00013116,247,76,28,48,171,158,13,30.76923076923077,11.336032388663968,19.4331983805668,69.23076923076923,63.96761133603239,5.263157894736842
E00013117,194,61,28,33,133,119,14,31.443298969072163,14.432989690721648,17.010309278350515,68.55670103092784,61.34020618556701,7.216494845360824
E00013118,241,79,35,44,162,143,19,32.780082987551864,14.522821576763487,18.25726141078838,67.21991701244814,59.33609958506224,7.883817427385892
E00013119,205,59,18,41,146,126,20,28.780487804878046,8.780487804878048,20,71.21951219512195,61.46341463414634,9.75609756097561
E00013121,206,62,24,38,144,122,22,30.097087378640776,11.650485436893204,18.446601941747574,69.90291262135922,59.22330097087378,10.679611650485436
E00013122,142,35,16,19,107,93,14,24.647887323943664,11.267605633802818,13.380281690140844,75.35211267605634,65.49295774647888,9.859154929577464
E00013123,231,62,22,40,169,156,13,26.83982683982684,9.523809523809524,17.316017316017316,73.16017316017316,67.53246753246754,5.627705627705628
E00013124,255,69,30,39,186,165,21,27.058823529411764,11.76470588235294,15.294117647058824,72.94117647058823,64.70588235294117,8.235294117647058
E00013125,250,57,25,32,193,168,25,22.8,10,12.8,77.2,67.2,10
E00013126,124,39,13,26,85,73,12,31.451612903225808,10.483870967741936,20.967741935483872,68.54838709677419,58.87096774193549,9.67741935483871
E00013127,268,76,32,44,192,175,17,28.35820895522388,11.940298507462686,16.417910447761194,71.64179104477611,65.29850746268657,6.343283582089552
E00013129,202,73,26,47,129,118,11,36.13861386138614,12.871287128712872,23.26732673267327,63.86138613861386,58.415841584158414,5.445544554455446
E00013130,270,71,27,44,199,179,20,26.296296296296294,10,16.296296296296298,73.70370370370371,66.2962962962963,7.4074074074074066
E00013131,214,59,25,34,155,143,12,27.570093457943923,11.682242990654206,15.887850467289718,72.42990654205607,66.82242990654206,5.607476635514018
E00013133,284,116,47,69,168,154,14,40.845070422535215,16.549295774647888,24.295774647887324,59.154929577464785,54.22535211267606,4.929577464788732
E00013136,299,73,32,41,226,200,26,24.414715719063544,10.702341137123746,13.712374581939798,75.58528428093646,66.88963210702342,8.695652173913043
E00013138,296,81,31,50,215,198,17,27.364864864864863,10.472972972972974,16.89189189189189,72.63513513513513,66.8918918918919,5.743243243243244
E00013140,198,57,21,36,141,123,18,28.78787878787879,10.606060606060606,18.181818181818183,71.21212121212122,62.121212121212125,9.090909090909092
E00013141,182,52,27,25,130,119,11,28.57142857142857,14.835164835164836,13.736263736263737,71.42857142857143,65.38461538461539,6.043956043956044
E00013142,98,27,13,14,71,63,8,27.55102040816326,13.26530612244898,14.285714285714285,72.44897959183673,64.28571428571429,8.16326530612245
E00013144,207,50,23,27,157,143,14,24.154589371980677,11.11111111111111,13.043478260869565,75.84541062801932,69.08212560386472,6.763285024154589
E00013146,100,31,9,22,69,65,4,31,9,22,69,65,4
E00013147,177,53,26,27,124,109,15,29.943502824858758,14.689265536723164,15.254237288135593,70.05649717514125,61.5819209039548,8.47457627118644
E00013148,170,63,21,42,107,93,14,37.05882352941177,12.352941176470589,24.705882352941178,62.94117647058823,54.70588235294118,8.235294117647058
E00013149,178,66,25,41,112,106,6,37.07865168539326,14.04494382022472,23.03370786516854,62.92134831460674,59.55056179775281,3.3707865168539324
E00013150,179,57,27,30,122,109,13,31.843575418994412,15.083798882681565,16.75977653631285,68.15642458100558,60.893854748603346,7.262569832402235
E00013152,213,65,20,45,148,131,17,30.51643192488263,9.389671361502346,21.12676056338028,69.48356807511738,61.502347417840376,7.981220657276995
E00013153,177,54,23,31,123,112,11,30.508474576271187,12.994350282485875,17.51412429378531,69.49152542372882,63.2768361581921,6.214689265536723
E00013154,205,61,28,33,144,134,10,29.756097560975608,13.658536585365855,16.097560975609756,70.24390243902438,65.3658536585366,4.878048780487805
E00013155,116,41,17,24,75,61,14,35.3448275862069,14.655172413793101,20.689655172413794,64.65517241379311,52.58620689655172,12.068965517241379
E00013156,219,61,28,33,158,134,24,27.85388127853881,12.785388127853881,15.068493150684931,72.14611872146118,61.18721461187214,10.95890410958904
E00013157,195,68,31,37,127,108,19,34.87179487179487,15.897435897435896,18.974358974358974,65.12820512820512,55.38461538461539,9.7435897435897445
E00013158,215,72,33,39,143,131,12,33.48837209302326,15.348837209302326,18.13953488372093,66.51162790697674,60.93023255813953,5.5813953488372094
E00013159,207,67,33,34,140,124,16,32.367149758454104,15.942028985507244,16.425120772946862,67.6328502415459,59.90338164251207,7.729468599033816
E00013160,171,51,20,31,120,102,18,29.82456140350877,11.695906432748536,18.128654970760234,70.17543859649122,59.64912280701754,10.526315789473683
E00013161,165,61,25,36,104,88,16,36.96969696969697,15.151515151515152,21.818181818181817,63.030303030303024,53.333333333333336,9.696969696969697
E00013162,189,68,22,46,121,108,13,35.978835978835974,11.64021164021164,24.33862433862434,64.02116402116403,57.14285714285714,6.878306878306878
E00013163,283,105,48,57,178,160,18,37.102473498233216,16.96113074204947,20.141342756183743,62.89752650176679,56.53710247349824,6.36042402826855
E00013164,139,46,18,28,93,89,4,33.093525179856115,12.949640287769784,20.14388489208633,66.90647482014388,64.02877697841727,2.877697841726619
E00013166,206,61,20,41,145,130,15,29.61165048543689,9.70873786407767,19.902912621359224,70.3883495145631,63.10679611650486,7.281553398058252
E00013167,306,106,41,65,200,177,23,34.64052287581699,13.398692810457517,21.241830065359476,65.359477124183,57.84313725490197,7.516339869281046
E00013168,179,48,34,14,131,121,10,26.81564245810056,18.994413407821227,7.82122905027933,73.18435754189943,67.59776536312849,5.58659217877095
E00013169,203,52,24,28,151,134,17,25.615763546798032,11.822660098522167,13.793103448275861,74.38423645320196,66.00985221674877,8.374384236453201
E00013170,113,49,19,30,64,57,7,43.36283185840708,16.8141592920354,26.548672566371685,56.63716814159292,50.442477876106196,6.1946902654867255
E00013171,276,82,28,54,194,178,16,29.71014492753623,10.144927536231885,19.565217391304348,70.28985507246377,64.4927536231884,5.797101449275362
E00013172,195,79,30,49,116,99,17,40.51282051282051,15.384615384615385,25.128205128205128,59.48717948717949,50.76923076923077,8.717948717948717
E00013174,112,50,17,33,62,57,5,44.642857142857146,15.178571428571427,29.464285714285715,55.35714285714286,50.89285714285714,4.464285714285714
E00013175,245,76,28,48,169,153,16,31.020408163265305,11.428571428571429,19.591836734693878,68.9795918367347,62.44897959183674,6.530612244897959
E00013177,128,42,19,23,86,77,9,32.8125,14.84375,17.96875,67.1875,60.15625,7.03125
E00013178,227,64,28,36,163,146,17,28.193832599118945,12.334801762114537,15.859030837004406,71.80616740088107,64.31718061674009,7.488986784140969
E00013179,244,87,28,59,157,141,16,35.65573770491803,11.475409836065573,24.18032786885246,64.34426229508196,57.786885245901644,6.557377049180328
E00013180,267,86,38,48,181,164,17,32.20973782771536,14.232209737827715,17.97752808988764,67.79026217228464,61.42322097378277,6.367041198501873
E00013181,256,85,38,47,171,151,20,33.203125,14.84375,18.359375,66.796875,58.984375,7.8125
E00013182,134,47,23,24,87,79,8,35.07462686567165,17.16417910447761,17.91044776119403,64.92537313432835,58.95522388059702,5.970149253731343
E00013183,155,49,23,26,106,86,20,31.61290322580645,14.838709677419354,16.7741935483871,68.38709677419355,55.483870967741936,12.903225806451612
E00013184,192,54,19,35,138,120,18,28.125,9.895833333333332,18.229166666666664,71.875,62.5,9.375
E00013185,227,69,20,49,158,144,14,30.396475770925107,8.81057268722467,21.58590308370044,69.60352422907489,63.436123348017624,6.167400881057269
E00013186,208,65,26,39,143,124,19,31.25,12.5,18.75,68.75,59.61538461538461,9.134615384615383
E00013187,236,70,25,45,166,146,20,29.66101694915254,10.59322033898305,19.06779661016949,70.33898305084746,61.86440677966102,8.47457627118644
E00013188,230,58,28,30,172,146,26,25.217391304347824,12.173913043478262,13.043478260869565,74.78260869565217,63.47826086956522,11.304347826086957
E00013189,229,83,29,54,146,125,21,36.24454148471616,12.663755458515283,23.580786026200872,63.75545851528385,54.58515283842795,9.170305676855897
E00013190,271,71,26,45,200,176,24,26.199261992619927,9.59409594095941,16.605166051660518,73.80073800738008,64.94464944649447,8.856088560885608
E00013191,271,85,21,64,186,167,19,31.365313653136536,7.7490774907749085,23.616236162361623,68.63468634686348,61.62361623616236,7.011070110701106
E00013192,215,61,25,36,154,143,11,28.37209302325581,11.627906976744185,16.74418604651163,71.62790697674419,66.51162790697674,5.116279069767442
E00013193,179,48,20,28,131,114,17,26.81564245810056,11.1731843575419,15.64245810055866,73.18435754189943,63.687150837988824,9.497206703910614
E00013194,167,59,17,42,108,88,20,35.32934131736527,10.179640718562874,25.149700598802394,64.67065868263472,52.69461077844312,11.976047904191617
E00013195,162,55,23,32,107,91,16,33.95061728395062,14.19753086419753,19.753086419753085,66.0493827160494,56.17283950617284,9.876543209876543
E00013196,198,59,22,37,139,124,15,29.797979797979796,11.11111111111111,18.68686868686869,70.2020202020202,62.62626262626263,7.575757575757576
E00013197,192,72,36,36,120,104,16,37.5,18.75,18.75,62.5,54.166666666666664,8.333333333333332
E00013198,182,50,17,33,132,113,19,27.472527472527474,9.340659340659341,18.13186813186813,72.52747252747253,62.08791208791209,10.43956043956044
E00013199,191,49,15,34,142,122,20,25.654450261780106,7.853403141361256,17.801047120418847,74.3455497382199,63.87434554973822,10.471204188481675
E00013200,181,46,9,37,135,110,25,25.41436464088398,4.972375690607735,20.441988950276244,74.58563535911603,60.773480662983424,13.812154696132598
E00013201,185,54,24,30,131,123,8,29.18918918918919,12.972972972972974,16.216216216216218,70.8108108108108,66.48648648648648,4.324324324324325
E00013202,223,70,22,48,153,135,18,31.390134529147986,9.865470852017937,21.524663677130047,68.60986547085201,60.53811659192825,8.071748878923767
E00013203,213,47,24,23,166,145,21,22.065727699530516,11.267605633802818,10.7981220657277,77.93427230046949,68.07511737089203,9.859154929577464
E00013204,119,37,12,25,82,68,14,31.092436974789916,10.084033613445378,21.008403361344538,68.90756302521008,57.14285714285714,11.76470588235294
E00013205,202,52,15,37,150,134,16,25.742574257425744,7.425742574257425,18.316831683168317,74.25742574257426,66.33663366336634,7.920792079207921
E00013206,191,52,17,35,139,119,20,27.225130890052355,8.900523560209423,18.32460732984293,72.77486910994764,62.30366492146597,10.471204188481675
E00013207,180,51,23,28,129,106,23,28.333333333333332,12.777777777777777,15.555555555555555,71.66666666666667,58.88888888888889,12.777777777777777
E00013208,198,47,23,24,151,125,26,23.737373737373737,11.616161616161616,12.121212121212121,76.26262626262627,63.13131313131313,13.131313131313133
E00013209,157,35,18,17,122,98,24,22.29299363057325,11.464968152866243,10.828025477707007,77.70700636942675,62.42038216560509,15.286624203821656
E00013210,187,65,24,41,122,99,23,34.75935828877005,12.834224598930483,21.92513368983957,65.24064171122996,52.94117647058824,12.299465240641712
E00013211,98,25,10,15,73,66,7,25.510204081632654,10.204081632653061,15.306122448979592,74.48979591836735,67.3469387755102,7.142857142857142
E00013212,174,47,22,25,127,100,27,27.011494252873565,12.643678160919542,14.367816091954023,72.98850574712644,57.47126436781609,15.517241379310345
E00013213,217,56,21,35,161,135,26,25.806451612903224,9.67741935483871,16.129032258064516,74.19354838709677,62.21198156682027,11.981566820276496
E00013214,177,72,14,58,105,94,11,40.67796610169492,7.909604519774012,32.7683615819209,59.32203389830508,53.10734463276836,6.214689265536723
E00013215,258,75,33,42,183,172,11,29.069767441860467,12.790697674418606,16.27906976744186,70.93023255813954,66.66666666666666,4.263565891472868
E00013217,283,104,38,66,179,170,9,36.74911660777385,13.427561837455832,23.32155477031802,63.25088339222616,60.07067137809188,3.180212014134275
E00013221,105,37,15,22,68,63,5,35.23809523809524,14.285714285714285,20.952380952380953,64.76190476190476,60,4.761904761904762
E00013222,272,83,28,55,189,157,32,30.514705882352942,10.294117647058822,20.22058823529412,69.48529411764706,57.720588235294116,11.76470588235294
E00013223,221,81,24,57,140,121,19,36.65158371040724,10.85972850678733,25.791855203619914,63.348416289592755,54.75113122171946,8.597285067873303
E00013224,261,71,26,45,190,167,23,27.203065134099617,9.961685823754788,17.24137931034483,72.79693486590038,63.984674329501914,8.812260536398467
E00013225,195,71,29,42,124,107,17,36.41025641025641,14.871794871794872,21.53846153846154,63.589743589743584,54.871794871794876,8.717948717948717
E00013226,268,72,26,46,196,174,22,26.865671641791046,9.701492537313433,17.16417910447761,73.13432835820896,64.92537313432835,8.208955223880597
E00013227,137,51,18,33,86,78,8,37.22627737226277,13.138686131386862,24.087591240875913,62.77372262773723,56.934306569343065,5.839416058394161
E00013228,246,107,47,60,139,115,24,43.49593495934959,19.10569105691057,24.390243902439025,56.50406504065041,46.7479674796748,9.75609756097561
E00013232,256,72,28,44,184,167,17,28.125,10.9375,17.1875,71.875,65.234375,6.640625
E00013233,197,62,31,31,135,122,13,31.472081218274113,15.736040609137056,15.736040609137056,68.52791878172589,61.92893401015228,6.598984771573605
E00013234,290,96,43,53,194,172,22,33.10344827586207,14.827586206896552,18.275862068965516,66.89655172413794,59.310344827586206,7.586206896551724
E00013235,263,87,30,57,176,150,26,33.07984790874524,11.406844106463879,21.673003802281368,66.92015209125475,57.03422053231939,9.885931558935361
E00013236,283,94,39,55,189,173,16,33.215547703180206,13.780918727915195,19.434628975265017,66.78445229681978,61.130742049469966,5.6537102473498235
E00013237,232,85,40,45,147,133,14,36.637931034482754,17.24137931034483,19.396551724137932,63.36206896551724,57.327586206896555,6.0344827586206895
E00013238,235,63,18,45,172,139,33,26.80851063829787,7.659574468085106,19.148936170212767,73.19148936170212,59.148936170212764,14.042553191489363
E00013239,194,73,23,50,121,105,16,37.628865979381445,11.855670103092782,25.773195876288657,62.371134020618555,54.123711340206185,8.24742268041237
E00013241,105,40,17,23,65,56,9,38.095238095238095,16.19047619047619,21.904761904761905,61.904761904761905,53.333333333333336,8.571428571428571
E00013242,167,46,17,29,121,100,21,27.54491017964072,10.179640718562874,17.365269461077844,72.45508982035929,59.88023952095808,12.574850299401197
E00013243,163,38,15,23,125,104,21,23.31288343558282,9.202453987730062,14.11042944785276,76.68711656441718,63.80368098159509,12.883435582822086
E00013244,198,64,28,36,134,101,33,32.323232323232325,14.14141414141414,18.181818181818183,67.67676767676768,51.010101010101,16.666666666666664
E00013245,159,46,16,30,113,87,26,28.930817610062892,10.062893081761008,18.867924528301888,71.0691823899371,54.71698113207547,16.352201257861633
E00013246,190,48,23,25,142,128,14,25.263157894736842,12.105263157894736,13.157894736842104,74.73684210526315,67.36842105263158,7.368421052631578
E00013247,182,46,13,33,136,114,22,25.274725274725274,7.142857142857142,18.13186813186813,74.72527472527473,62.637362637362635,12.087912087912088
E00013248,179,37,10,27,142,112,30,20.670391061452513,5.58659217877095,15.083798882681565,79.3296089385475,62.56983240223464,16.75977653631285
E00013249,182,43,17,26,139,114,25,23.626373626373624,9.340659340659341,14.285714285714285,76.37362637362637,62.637362637362635,13.736263736263737
E00013250,174,62,24,38,112,94,18,35.63218390804598,13.793103448275861,21.839080459770116,64.36781609195403,54.02298850574713,10.344827586206897
E00013251,186,63,29,34,123,106,17,33.87096774193548,15.591397849462366,18.27956989247312,66.12903225806451,56.98924731182796,9.13978494623656
E00013252,164,52,16,36,112,95,17,31.70731707317073,9.75609756097561,21.951219512195124,68.29268292682927,57.92682926829268,10.365853658536585
E00013253,132,50,16,34,82,74,8,37.878787878787875,12.121212121212121,25.757575757575758,62.121212121212125,56.060606060606055,6.0606060606060606
E00013254,182,34,14,20,148,128,20,18.681318681318682,7.6923076923076925,10.989010989010989,81.31868131868131,70.32967032967034,10.989010989010989
E00013255,108,38,10,28,70,59,11,35.18518518518518,9.25925925925926,25.925925925925924,64.81481481481481,54.629629629629626,10.185185185185185
E00013256,153,50,17,33,103,92,11,32.6797385620915,11.11111111111111,21.568627450980394,67.3202614379085,60.130718954248366,7.18954248366013
E00013257,79,34,14,20,45,42,3,43.037974683544306,17.72151898734177,25.31645569620253,56.9620253164557,53.16455696202531,3.79746835443038
E00013258,71,32,10,22,39,36,3,45.07042253521127,14.084507042253522,30.985915492957744,54.929577464788736,50.70422535211267,4.225352112676056
E00013259,138,70,21,49,68,60,8,50.72463768115942,15.217391304347828,35.507246376811594,49.275362318840585,43.47826086956522,5.797101449275362
E00013260,97,41,18,23,56,49,7,42.2680412371134,18.556701030927837,23.711340206185564,57.73195876288659,50.51546391752577,7.216494845360824
E00013261,162,30,10,20,132,116,16,18.51851851851852,6.172839506172839,12.345679012345679,81.48148148148148,71.60493827160494,9.876543209876543
E00013262,215,80,30,50,135,121,14,37.2093023255814,13.953488372093023,23.25581395348837,62.7906976744186,56.27906976744186,6.511627906976744
E00013263,208,61,19,42,147,116,31,29.326923076923077,9.134615384615383,20.192307692307693,70.67307692307693,55.769230769230774,14.903846153846153
E00013264,128,24,11,13,104,89,15,18.75,8.59375,10.15625,81.25,69.53125,11.71875
E00013265,132,42,23,19,90,78,12,31.818181818181817,17.424242424242426,14.393939393939394,68.18181818181817,59.09090909090909,9.090909090909092
E00013266,255,48,24,24,207,184,23,18.823529411764707,9.411764705882353,9.411764705882353,81.17647058823529,72.15686274509804,9.019607843137255
E00013267,186,35,13,22,151,128,23,18.817204301075268,6.989247311827956,11.827956989247312,81.18279569892472,68.81720430107528,12.365591397849462
E00013268,109,37,10,27,72,58,14,33.94495412844037,9.174311926605505,24.770642201834864,66.05504587155964,53.21100917431193,12.844036697247708
E00013269,205,63,17,46,142,121,21,30.73170731707317,8.292682926829269,22.439024390243905,69.26829268292683,59.02439024390244,10.24390243902439
E00013270,238,60,21,39,178,159,19,25.210084033613445,8.823529411764707,16.386554621848738,74.78991596638656,66.80672268907563,7.9831932773109235
E00013271,150,50,15,35,100,86,14,33.33333333333333,10,23.333333333333332,66.66666666666666,57.333333333333336,9.333333333333334
E00013272,159,41,18,23,118,97,21,25.78616352201258,11.320754716981133,14.465408805031446,74.21383647798741,61.0062893081761,13.20754716981132
E00013273,171,64,25,39,107,99,8,37.42690058479532,14.619883040935672,22.807017543859647,62.57309941520468,57.89473684210527,4.678362573099415
E00013274,211,53,14,39,158,134,24,25.118483412322274,6.6350710900473935,18.48341232227488,74.88151658767772,63.507109004739334,11.374407582938389
E00013276,280,73,34,39,207,175,32,26.071428571428573,12.142857142857142,13.928571428571429,73.92857142857143,62.5,11.428571428571429
E00013277,257,71,22,49,186,156,30,27.626459143968873,8.560311284046692,19.06614785992218,72.37354085603113,60.70038910505836,11.673151750972762
E00013278,230,59,28,31,171,141,30,25.65217391304348,12.173913043478262,13.478260869565217,74.34782608695653,61.30434782608696,13.043478260869565
E00013279,190,47,15,32,143,130,13,24.736842105263158,7.894736842105263,16.842105263157894,75.26315789473685,68.42105263157895,6.842105263157896
E00013280,161,31,14,17,130,101,29,19.25465838509317,8.695652173913043,10.559006211180124,80.74534161490683,62.732919254658384,18.012422360248447
E00013281,165,47,18,29,118,101,17,28.484848484848484,10.909090909090908,17.575757575757574,71.51515151515152,61.212121212121204,10.303030303030303
E00013282,296,66,27,39,230,191,39,22.2972972972973,9.121621621621621,13.175675675675674,77.7027027027027,64.52702702702703,13.175675675675674
E00013283,180,52,20,32,128,110,18,28.888888888888886,11.11111111111111,17.77777777777778,71.11111111111111,61.111111111111114,10
E00013284,209,42,15,27,167,137,30,20.095693779904305,7.177033492822966,12.918660287081341,79.90430622009569,65.55023923444976,14.354066985645932
E00013285,225,44,22,22,181,146,35,19.555555555555557,9.777777777777779,9.777777777777779,80.44444444444444,64.88888888888889,15.555555555555555
E00013286,226,54,20,34,172,146,26,23.893805309734514,8.849557522123893,15.04424778761062,76.10619469026548,64.60176991150442,11.504424778761061
E00013287,176,43,16,27,133,113,20,24.431818181818183,9.090909090909092,15.340909090909092,75.56818181818183,64.20454545454545,11.363636363636363
E00013288,266,84,28,56,182,157,25,31.57894736842105,10.526315789473683,21.052631578947366,68.42105263157895,59.02255639097744,9.398496240601503
E00013289,223,60,24,36,163,129,34,26.905829596412556,10.762331838565023,16.143497757847534,73.09417040358744,57.847533632286996,15.246636771300448
E00013290,204,57,24,33,147,130,17,27.941176470588236,11.76470588235294,16.176470588235293,72.05882352941177,63.725490196078425,8.333333333333332
E00013292,182,35,6,29,147,123,24,19.230769230769234,3.296703296703297,15.934065934065933,80.76923076923077,67.58241758241759,13.186813186813188
E00013293,193,48,24,24,145,131,14,24.870466321243523,12.435233160621761,12.435233160621761,75.12953367875647,67.87564766839378,7.253886010362693
E00013294,175,47,18,29,128,109,19,26.857142857142858,10.285714285714285,16.57142857142857,73.14285714285714,62.28571428571429,10.857142857142858
E00013295,182,59,27,32,123,113,10,32.417582417582416,14.835164835164836,17.582417582417584,67.58241758241759,62.08791208791209,5.4945054945054945
E00013296,173,53,16,37,120,95,25,30.63583815028902,9.248554913294797,21.38728323699422,69.36416184971098,54.91329479768786,14.450867052023122
E00013297,260,77,39,38,183,147,36,29.615384615384617,15,14.615384615384617,70.38461538461539,56.53846153846154,13.846153846153847
E00013298,220,60,29,31,160,132,28,27.27272727272727,13.18181818181818,14.09090909090909,72.72727272727273,60,12.727272727272727
E00013299,186,40,19,21,146,108,38,21.50537634408602,10.21505376344086,11.29032258064516,78.49462365591397,58.06451612903226,20.43010752688172
E00013300,156,50,16,34,106,89,17,32.05128205128205,10.256410256410255,21.794871794871796,67.94871794871796,57.05128205128205,10.897435897435898
E00013302,246,67,26,41,179,148,31,27.235772357723576,10.569105691056912,16.666666666666664,72.76422764227642,60.16260162601627,12.601626016260163
E00013303,181,55,21,34,126,105,21,30.386740331491712,11.602209944751381,18.784530386740332,69.61325966850829,58.011049723756905,11.602209944751381
E00013304,197,62,26,36,135,107,28,31.472081218274113,13.19796954314721,18.274111675126903,68.52791878172589,54.314720812182735,14.213197969543149
E00013306,188,52,18,34,136,114,22,27.659574468085108,9.574468085106384,18.085106382978726,72.3404255319149,60.63829787234043,11.702127659574469
E00013307,173,40,17,23,133,116,17,23.121387283236995,9.826589595375722,13.294797687861271,76.878612716763,67.05202312138728,9.826589595375722
E00013308,203,58,26,32,145,121,24,28.57142857142857,12.807881773399016,15.763546798029557,71.42857142857143,59.60591133004927,11.822660098522167
E00013309,183,45,21,24,138,114,24,24.59016393442623,11.475409836065573,13.114754098360656,75.40983606557377,62.295081967213115,13.114754098360656
E00013310,249,65,36,29,184,152,32,26.104417670682732,14.457831325301203,11.646586345381527,73.89558232931726,61.044176706827315,12.851405622489958
E00013311,195,53,21,32,142,124,18,27.17948717948718,10.76923076923077,16.41025641025641,72.82051282051282,63.589743589743584,9.230769230769232
E00013312,255,62,22,40,193,171,22,24.313725490196077,8.627450980392156,15.686274509803921,75.68627450980392,67.05882352941175,8.627450980392156
E00013313,187,39,17,22,148,123,25,20.855614973262032,9.090909090909092,11.76470588235294,79.14438502673798,65.77540106951871,13.368983957219251
E00013314,168,57,19,38,111,93,18,33.92857142857143,11.30952380952381,22.61904761904762,66.07142857142857,55.35714285714286,10.714285714285714
E00013315,187,40,15,25,147,112,35,21.390374331550802,8.0213903743315509,13.368983957219251,78.6096256684492,59.893048128342244,18.71657754010695
E00013316,156,53,20,33,103,89,14,33.97435897435898,12.82051282051282,21.153846153846153,66.02564102564102,57.05128205128205,8.974358974358974
E00013317,153,45,14,31,108,95,13,29.411764705882355,9.15032679738562,20.26143790849673,70.58823529411765,62.091503267973856,8.49673202614379
E00013318,173,49,22,27,124,106,18,28.32369942196532,12.716763005780345,15.606936416184972,71.67630057803468,61.27167630057804,10.404624277456648
E00013320,176,44,16,28,132,103,29,25,9.090909090909092,15.909090909090908,75,58.52272727272727,16.477272727272727
E00013321,248,48,15,33,200,170,30,19.35483870967742,6.048387096774194,13.306451612903224,80.64516129032258,68.54838709677419,12.096774193548388
E00013323,186,51,19,32,135,110,25,27.419354838709676,10.21505376344086,17.20430107526882,72.58064516129032,59.13978494623656,13.440860215053762
E00013324,77,28,9,19,49,35,14,36.36363636363637,11.688311688311687,24.675324675324674,63.63636363636363,45.45454545454545,18.181818181818183
E00013327,157,59,24,35,98,85,13,37.57961783439491,15.286624203821656,22.29299363057325,62.42038216560509,54.14012738853503,8.280254777070063
E00013328,174,57,20,37,117,95,22,32.758620689655174,11.494252873563218,21.26436781609195,67.24137931034483,54.59770114942529,12.643678160919542
E00013330,133,42,14,28,91,79,12,31.57894736842105,10.526315789473683,21.052631578947366,68.42105263157895,59.3984962406015,9.022556390977442
E00013331,181,63,24,39,118,105,13,34.806629834254146,13.259668508287293,21.54696132596685,65.19337016574586,58.011049723756905,7.18232044198895
E00013332,173,50,15,35,123,110,13,28.901734104046245,8.670520231213873,20.23121387283237,71.09826589595376,63.58381502890174,7.514450867052023
E00013333,120,37,19,18,83,75,8,30.833333333333336,15.833333333333332,15,69.16666666666667,62.5,6.666666666666667
E00013334,139,52,21,31,87,73,14,37.410071942446045,15.107913669064748,22.302158273381295,62.589928057553955,52.51798561151079,10.071942446043165
E00013335,77,30,11,19,47,40,7,38.961038961038966,14.285714285714285,24.675324675324674,61.038961038961034,51.94805194805194,9.090909090909092
E00013336,123,41,15,26,82,72,10,33.33333333333333,12.195121951219512,21.138211382113823,66.66666666666666,58.536585365853654,8.130081300813007
E00013337,172,56,18,38,116,106,10,32.55813953488372,10.465116279069768,22.093023255813954,67.44186046511628,61.627906976744185,5.813953488372093
E00013338,198,40,13,27,158,135,23,20.2020202020202,6.565656565656567,13.636363636363635,79.7979797979798,68.18181818181817,11.616161616161616
E00013341,160,46,12,34,114,100,14,28.749999999999996,7.5,21.25,71.25,62.5,8.75
E00013342,125,43,13,30,82,71,11,34.4,10.4,24,65.60000000000001,56.8,8.799999999999999
E00013343,195,59,24,35,136,110,26,30.256410256410255,12.307692307692308,17.94871794871795,69.74358974358974,56.41025641025641,13.333333333333334
E00013344,163,40,12,28,123,97,26,24.539877300613497,7.361963190184049,17.177914110429448,75.4601226993865,59.50920245398773,15.950920245398773
E00013345,156,31,13,18,125,98,27,19.871794871794872,8.333333333333332,11.538461538461538,80.12820512820514,62.82051282051282,17.307692307692307
E00013346,164,43,19,24,121,96,25,26.21951219512195,11.585365853658537,14.634146341463413,73.78048780487805,58.536585365853654,15.24390243902439
E00013347,195,34,13,21,161,129,32,17.435897435897434,6.666666666666667,10.76923076923077,82.564102564102555,66.15384615384615,16.41025641025641
E00013348,100,18,14,4,82,71,11,18,14.000000000000002,4,82,71,11
E00013349,132,28,14,14,104,75,29,21.21212121212121,10.606060606060606,10.606060606060606,78.78787878787878,56.81818181818182,21.96969696969697
E00013350,174,32,16,16,142,105,37,18.39080459770115,9.195402298850574,9.195402298850574,81.60919540229885,60.3448275862069,21.26436781609195
E00013351,142,24,11,13,118,90,28,16.901408450704224,7.746478873239436,9.15492957746479,83.09859154929578,63.38028169014085,19.718309859154928
E00013352,172,29,16,13,143,120,23,16.86046511627907,9.30232558139535,7.55813953488372,83.13953488372093,69.76744186046511,13.372093023255813
E00013353,175,27,14,13,148,99,49,15.428571428571427,8,7.428571428571429,84.57142857142857,56.57142857142857,28.000000000000004
E00013354,117,29,12,17,88,55,33,24.786324786324787,10.256410256410255,14.529914529914532,75.21367521367522,47.008547008547005,28.205128205128204
E00013355,114,16,12,4,98,73,25,14.035087719298245,10.526315789473683,3.508771929824561,85.96491228070175,64.03508771929825,21.929824561403507
E00013356,171,30,13,17,141,95,46,17.543859649122805,7.602339181286549,9.941520467836257,82.45614035087719,55.55555555555556,26.900584795321635
E00013357,143,20,5,15,123,94,29,13.986013986013987,3.4965034965034967,10.48951048951049,86.01398601398601,65.73426573426573,20.27972027972028
E00013358,213,56,25,31,157,121,36,26.291079812206576,11.737089201877934,14.553990610328638,73.70892018779342,56.8075117370892,16.901408450704224
E00013359,102,22,8,14,80,60,20,21.568627450980394,7.8431372549019605,13.725490196078432,78.43137254901961,58.82352941176471,19.607843137254903
E00013360,83,17,7,10,66,50,16,20.481927710843372,8.433734939759036,12.048192771084338,79.51807228915662,60.24096385542169,19.27710843373494
E00013361,108,27,11,16,81,71,10,25,10.185185185185185,14.814814814814813,75,65.74074074074075,9.25925925925926
E00013362,181,46,26,20,135,80,55,25.41436464088398,14.3646408839779,11.049723756906078,74.58563535911603,44.19889502762431,30.386740331491712
E00013363,162,29,12,17,133,116,17,17.901234567901234,7.4074074074074066,10.493827160493826,82.09876543209876,71.60493827160494,10.493827160493826
E00013364,148,32,12,20,116,84,32,21.62162162162162,8.108108108108109,13.513513513513514,78.37837837837837,56.75675675675676,21.62162162162162
E00013365,111,24,10,14,87,68,19,21.62162162162162,9.00900900900901,12.612612612612612,78.37837837837837,61.261261261261254,17.117117117117118
E00013366,137,33,14,19,104,65,39,24.087591240875913,10.218978102189782,13.86861313868613,75.91240875912408,47.44525547445255,28.467153284671532
E00013367,116,29,12,17,87,71,16,25,10.344827586206897,14.655172413793101,75,61.206896551724135,13.793103448275861
E00013368,162,48,19,29,114,70,44,29.629629629629626,11.728395061728394,17.901234567901234,70.37037037037037,43.20987654320987,27.160493827160494
E00013369,132,38,13,25,94,63,31,28.78787878787879,9.848484848484848,18.939393939393938,71.21212121212122,47.72727272727273,23.484848484848484
E00013370,117,37,20,17,80,57,23,31.62393162393162,17.094017094017094,14.529914529914532,68.37606837606837,48.717948717948715,19.65811965811966
E00013371,178,35,18,17,143,111,32,19.662921348314608,10.112359550561797,9.550561797752808,80.33707865168539,62.35955056179775,17.97752808988764
E00013372,149,45,23,22,104,66,38,30.201342281879196,15.436241610738255,14.76510067114094,69.79865771812081,44.29530201342282,25.503355704697988
E00013373,114,38,14,24,76,65,11,33.33333333333333,12.280701754385964,21.052631578947366,66.66666666666666,57.01754385964912,9.649122807017543
E00013374,125,28,13,15,97,73,24,22.400000000000002,10.4,12,77.60000000000001,58.4,19.2
E00013375,212,49,23,26,163,142,21,23.11320754716981,10.849056603773585,12.264150943396226,76.88679245283019,66.98113207547169,9.90566037735849
E00013376,177,50,32,18,127,93,34,28.24858757062147,18.07909604519774,10.16949152542373,71.75141242937853,52.54237288135594,19.2090395480226
E00013378,174,55,20,35,119,95,24,31.60919540229885,11.494252873563218,20.114942528735632,68.39080459770115,54.59770114942529,13.793103448275861
E00013379,178,38,22,16,140,114,26,21.34831460674157,12.359550561797752,8.98876404494382,78.65168539325843,64.04494382022472,14.606741573033707
E00013380,191,47,27,20,144,112,32,24.60732984293194,14.136125654450263,10.471204188481675,75.39267015706807,58.63874345549738,16.75392670157068
E00013381,106,18,5,13,88,68,20,16.9811320754717,4.716981132075472,12.264150943396226,83.01886792452831,64.15094339622641,18.867924528301888
E00013383,134,37,12,25,97,74,23,27.611940298507463,8.955223880597014,18.65671641791045,72.38805970149254,55.223880597014926,17.16417910447761
E00013384,123,19,8,11,104,80,24,15.447154471544716,6.504065040650407,8.94308943089431,84.5528455284553,65.04065040650406,19.51219512195122
E00165798,193,40,18,22,153,121,32,20.72538860103627,9.32642487046632,11.398963730569948,79.27461139896373,62.69430051813472,16.580310880829018
E00166023,95,16,7,9,79,63,16,16.842105263157894,7.368421052631578,9.473684210526317,83.15789473684211,66.3157894736842,16.842105263157894
E00166024,153,26,12,14,127,103,24,16.99346405228758,7.8431372549019605,9.15032679738562,83.00653594771242,67.3202614379085,15.686274509803921
E00166026,208,53,24,29,155,132,23,25.48076923076923,11.538461538461538,13.942307692307693,74.51923076923077,63.46153846153846,11.057692307692307
E00166029,165,39,12,27,126,111,15,23.636363636363637,7.2727272727272725,16.363636363636363,76.36363636363637,67.27272727272727,9.090909090909092
E00166031,183,44,13,31,139,121,18,24.043715846994534,7.103825136612022,16.939890710382514,75.95628415300546,66.12021857923497,9.836065573770492
E00166032,124,51,15,36,73,63,10,41.12903225806452,12.096774193548388,29.03225806451613,58.87096774193549,50.806451612903224,8.064516129032258
E00166034,187,50,26,24,137,128,9,26.737967914438503,13.903743315508022,12.834224598930483,73.2620320855615,68.44919786096256,4.81283422459893
E00166036,179,46,17,29,133,121,12,25.69832402234637,9.497206703910614,16.201117318435752,74.30167597765363,67.59776536312849,6.70391061452514
E00166037,104,31,11,20,73,64,9,29.807692307692307,10.576923076923077,19.230769230769234,70.1923076923077,61.53846153846154,8.653846153846153
E00166039,215,45,24,21,170,140,30,20.930232558139537,11.162790697674419,9.767441860465116,79.06976744186046,65.11627906976744,13.953488372093023
E00166040,168,47,15,32,121,112,9,27.976190476190478,8.928571428571429,19.047619047619047,72.02380952380952,66.66666666666666,5.357142857142857
E00166042,143,35,12,23,108,94,14,24.475524475524477,8.391608391608392,16.083916083916083,75.52447552447552,65.73426573426573,9.79020979020979
E00166044,328,61,33,28,267,244,23,18.597560975609756,10.060975609756099,8.536585365853659,81.40243902439023,74.39024390243902,7.01219512195122
E00168180,165,48,17,31,117,100,17,29.09090909090909,10.303030303030303,18.787878787878785,70.9090909090909,60.60606060606061,10.303030303030303
E00168181,130,46,9,37,84,73,11,35.38461538461539,6.923076923076923,28.46153846153846,64.61538461538461,56.15384615384615,8.461538461538462
E00168182,205,79,33,46,126,99,27,38.53658536585366,16.097560975609756,22.439024390243905,61.46341463414634,48.292682926829265,13.170731707317074
E00168183,124,25,8,17,99,90,9,20.161290322580644,6.451612903225806,13.709677419354838,79.83870967741935,72.58064516129032,7.258064516129033
E00168185,173,44,13,31,129,111,18,25.43352601156069,7.514450867052023,17.91907514450867,74.56647398843931,64.16184971098265,10.404624277456648
E00168186,72,20,8,12,52,44,8,27.77777777777778,11.11111111111111,16.666666666666664,72.22222222222221,61.111111111111114,11.11111111111111
E00168187,292,60,24,36,232,174,58,20.54794520547945,8.21917808219178,12.32876712328767,79.45205479452055,59.589041095890416,19.863013698630137
E00168188,141,35,19,16,106,90,16,24.822695035460992,13.47517730496454,11.347517730496454,75.177304964539,63.829787234042556,11.347517730496454
E00168189,97,29,13,16,68,57,11,29.896907216494846,13.402061855670103,16.49484536082474,70.10309278350515,58.76288659793815,11.34020618556701
E00168190,126,35,15,20,91,76,15,27.77777777777778,11.904761904761903,15.873015873015872,72.22222222222221,60.317460317460316,11.904761904761903
E00168191,58,16,5,11,42,29,13,27.586206896551722,8.620689655172415,18.96551724137931,72.41379310344827,50,22.413793103448278
E00168192,114,22,6,16,92,81,11,19.298245614035086,5.263157894736842,14.035087719298245,80.7017543859649,71.05263157894737,9.649122807017543
E00168193,85,28,6,22,57,56,1,32.94117647058823,7.0588235294117645,25.882352941176475,67.05882352941175,65.88235294117646,1.1764705882352942
E00168194,166,54,19,35,112,94,18,32.53012048192771,11.44578313253012,21.084337349397593,67.46987951807229,56.62650602409639,10.843373493975903
E00168196,260,77,27,50,183,157,26,29.615384615384617,10.384615384615385,19.230769230769234,70.38461538461539,60.38461538461538,10
E00168197,234,42,18,24,192,166,26,17.94871794871795,7.6923076923076925,10.256410256410255,82.05128205128204,70.94017094017094,11.11111111111111
E00168198,42,13,1,12,29,25,4,30.952380952380953,2.380952380952381,28.57142857142857,69.04761904761905,59.523809523809526,9.523809523809524
E00168199,177,57,23,34,120,105,15,32.20338983050847,12.994350282485875,19.2090395480226,67.79661016949152,59.32203389830508,8.47457627118644
E00168850,233,80,43,37,153,131,22,34.33476394849785,18.4549356223176,15.879828326180256,65.66523605150213,56.22317596566524,9.44206008583691
E00168852,200,74,39,35,126,111,15,37,19.5,17.5,63,55.50000000000001,7.5
E00168853,168,55,16,39,113,108,5,32.73809523809524,9.523809523809524,23.214285714285715,67.26190476190477,64.28571428571429,2.976190476190476
E00168855,115,30,11,19,85,78,7,26.08695652173913,9.565217391304348,16.52173913043478,73.91304347826086,67.82608695652173,6.086956521739131
E00168858,259,70,31,39,189,154,35,27.027027027027028,11.96911196911197,15.057915057915059,72.97297297297297,59.45945945945946,13.513513513513514
E00168859,80,20,10,10,60,50,10,25,12.5,12.5,75,62.5,12.5
E00168863,238,64,22,42,174,150,24,26.89075630252101,9.243697478991598,17.647058823529413,73.10924369747899,63.02521008403361,10.084033613445378
E00168864,202,51,18,33,151,133,18,25.247524752475247,8.91089108910891,16.33663366336634,74.75247524752476,65.84158415841584,8.91089108910891
E00168866,211,36,13,23,175,163,12,17.061611374407583,6.161137440758294,10.90047393364929,82.93838862559242,77.25118483412322,5.687203791469194
E00168867,225,75,34,41,150,137,13,33.33333333333333,15.11111111111111,18.22222222222222,66.66666666666666,60.88888888888889,5.777777777777778
E00168869,195,51,16,35,144,129,15,26.153846153846157,8.205128205128204,17.94871794871795,73.84615384615385,66.15384615384615,7.6923076923076925
E00168870,99,24,7,17,75,69,6,24.242424242424242,7.07070707070707,17.17171717171717,75.75757575757575,69.6969696969697,6.0606060606060606
E00168873,189,60,29,31,129,113,16,31.746031746031743,15.343915343915343,16.402116402116402,68.25396825396825,59.78835978835979,8.465608465608465
E00168875,441,68,28,40,373,356,17,15.419501133786847,6.349206349206349,9.070294784580499,84.58049886621315,80.72562358276643,3.8548752834467117
E00168877,175,30,14,16,145,123,22,17.142857142857142,8,9.142857142857142,82.85714285714286,70.28571428571428,12.571428571428573
E00168878,146,31,10,21,115,93,22,21.232876712328768,6.8493150684931505,14.383561643835616,78.76712328767124,63.6986301369863,15.068493150684931
E00168880,147,65,31,34,82,68,14,44.21768707482993,21.08843537414966,23.12925170068027,55.78231292517006,46.25850340136054,9.523809523809524
E00168881,74,30,8,22,44,37,7,40.54054054054054,10.81081081081081,29.72972972972973,59.45945945945946,50,9.45945945945946
E00168884,94,41,12,29,53,53,0,43.61702127659575,12.76595744680851,30.851063829787233,56.38297872340425,56.38297872340425,0
E00168886,220,66,26,40,154,143,11,30,11.818181818181818,18.181818181818183,70,65,5
E00168887,118,32,10,22,86,79,7,27.11864406779661,8.47457627118644,18.64406779661017,72.88135593220339,66.94915254237289,5.932203389830509
E00168889,210,62,24,38,148,133,15,29.523809523809526,11.428571428571429,18.095238095238095,70.47619047619048,63.33333333333333,7.142857142857142
E00168891,113,26,7,19,87,77,10,23.008849557522122,6.1946902654867255,16.8141592920354,76.99115044247787,68.14159292035397,8.849557522123893
E00168892,116,35,6,29,81,66,15,30.17241379310345,5.172413793103448,25,69.82758620689656,56.896551724137936,12.931034482758621
E00168894,123,44,20,24,79,71,8,35.77235772357724,16.260162601626014,19.51219512195122,64.22764227642277,57.72357723577236,6.504065040650407
E00168895,51,14,5,9,37,36,1,27.450980392156865,9.803921568627452,17.647058823529413,72.54901960784314,70.58823529411765,1.9607843137254901
E00179082,110,21,6,15,89,73,16,19.090909090909093,5.454545454545454,13.636363636363635,80.9090909090909,66.36363636363637,14.545454545454545
E00179083,183,35,16,19,148,122,26,19.12568306010929,8.743169398907105,10.382513661202186,80.87431693989072,66.66666666666666,14.207650273224044
E00179084,187,25,10,15,162,137,25,13.368983957219251,5.347593582887701,8.0213903743315509,86.63101604278076,73.2620320855615,13.368983957219251
E00179086,139,34,19,15,105,86,19,24.46043165467626,13.66906474820144,10.79136690647482,75.53956834532374,61.87050359712231,13.66906474820144
E00179088,223,70,27,43,153,133,20,31.390134529147986,12.10762331838565,19.282511210762333,68.60986547085201,59.64125560538116,8.968609865470851
E00179089,80,15,7,8,65,52,13,18.75,8.75,10,81.25,65,16.25
E00179090,167,53,14,39,114,102,12,31.736526946107784,8.383233532934131,23.353293413173652,68.26347305389223,61.07784431137725,7.18562874251497
E00179091,230,39,21,18,191,177,14,16.956521739130434,9.130434782608695,7.82608695652174,83.04347826086956,76.95652173913044,6.086956521739131
E00179092,272,93,28,65,179,151,28,34.19117647058824,10.294117647058822,23.897058823529413,65.80882352941177,55.51470588235294,10.294117647058822
E00179093,244,78,41,37,166,144,22,31.967213114754102,16.80327868852459,15.163934426229508,68.0327868852459,59.01639344262295,9.01639344262295
E00179094,80,22,9,13,58,56,2,27.500000000000004,11.25,16.25,72.5,70,2.5
E00179095,206,49,22,27,157,142,15,23.78640776699029,10.679611650485436,13.106796116504855,76.2135922330097,68.93203883495146,7.281553398058252
E00179096,255,88,24,64,167,153,14,34.509803921568626,9.411764705882353,25.098039215686274,65.49019607843137,60,5.490196078431373
E00179098,78,16,4,12,62,54,8,20.51282051282051,5.128205128205128,15.384615384615385,79.48717948717949,69.23076923076923,10.256410256410255
E00179101,188,73,21,52,115,104,11,38.82978723404255,11.170212765957446,27.659574468085108,61.170212765957444,55.319148936170215,5.851063829787234
E00179103,200,58,13,45,142,129,13,28.999999999999996,6.5,22.5,71,64.5,6.5
E00179104,281,75,37,38,206,144,62,26.690391459074732,13.167259786476867,13.523131672597867,73.30960854092527,51.245551601423486,22.064056939501782
E00179105,192,32,14,18,160,143,17,16.666666666666664,7.291666666666667,9.375,83.33333333333334,74.47916666666666,8.854166666666668
E00179108,154,29,12,17,125,110,15,18.83116883116883,7.792207792207792,11.03896103896104,81.16883116883116,71.42857142857143,9.740259740259742
E00179110,115,26,10,16,89,76,13,22.608695652173914,8.695652173913043,13.91304347826087,77.39130434782608,66.08695652173913,11.304347826086957
E00179111,109,59,29,30,50,41,9,54.12844036697248,26.605504587155966,27.522935779816514,45.87155963302752,37.61467889908257,8.256880733944955
E00179112,28,6,4,2,22,19,3,21.428571428571427,14.285714285714285,7.142857142857142,78.57142857142857,67.85714285714286,10.714285714285714
E00179115,121,30,16,14,91,72,19,24.793388429752067,13.223140495867769,11.570247933884298,75.20661157024794,59.50413223140496,15.702479338842975
E00179118,89,27,8,19,62,53,9,30.337078651685395,8.98876404494382,21.34831460674157,69.66292134831461,59.55056179775281,10.112359550561797
E00179119,130,49,29,20,81,69,12,37.69230769230769,22.30769230769231,15.384615384615385,62.30769230769231,53.07692307692308,9.230769230769232
E00179121,182,56,18,38,126,114,12,30.76923076923077,9.89010989010989,20.87912087912088,69.23076923076923,62.637362637362635,6.593406593406594
E00179122,179,60,27,33,119,115,4,33.5195530726257,15.083798882681565,18.435754189944134,66.4804469273743,64.24581005586593,2.2346368715083798
E00179123,290,97,42,55,193,172,21,33.44827586206897,14.482758620689657,18.96551724137931,66.55172413793103,59.310344827586206,7.241379310344828
E00179126,355,69,23,46,286,245,41,19.43661971830986,6.478873239436619,12.957746478873238,80.56338028169014,69.01408450704226,11.549295774647888
E00179127,61,26,9,17,35,34,1,42.62295081967213,14.754098360655737,27.86885245901639,57.377049180327866,55.73770491803278,1.639344262295082
E00179128,103,13,6,7,90,83,7,12.62135922330097,5.825242718446602,6.796116504854369,87.37864077669903,80.58252427184466,6.796116504854369
E00179130,166,49,17,32,117,101,16,29.518072289156628,10.240963855421686,19.27710843373494,70.48192771084338,60.8433734939759,9.63855421686747
E00179132,171,48,16,32,123,110,13,28.07017543859649,9.35672514619883,18.71345029239766,71.9298245614035,64.32748538011695,7.602339181286549
E00179133,258,43,21,22,215,173,42,16.666666666666664,8.13953488372093,8.527131782945736,83.33333333333334,67.05426356589147,16.27906976744186
E00179135,171,50,15,35,121,112,9,29.239766081871345,8.771929824561402,20.46783625730994,70.76023391812866,65.49707602339181,5.263157894736842
E00179137,96,30,12,18,66,63,3,31.25,12.5,18.75,68.75,65.625,3.125
E00179140,139,23,12,11,116,79,37,16.546762589928058,8.633093525179856,7.913669064748201,83.45323741007195,56.83453237410072,26.618705035971225
E00179141,52,11,4,7,41,37,4,21.153846153846153,7.6923076923076925,13.461538461538462,78.84615384615384,71.15384615384616,7.6923076923076925
E00179142,78,31,8,23,47,44,3,39.743589743589745,10.256410256410255,29.48717948717949,60.256410256410255,56.41025641025641,3.8461538461538463
E00179143,136,44,18,26,92,85,7,32.35294117647059,13.23529411764706,19.11764705882353,67.64705882352942,62.5,5.147058823529411
E00179144,55,21,11,10,34,28,6,38.18181818181819,20,18.181818181818183,61.81818181818181,50.90909090909091,10.909090909090908
E00179148,196,57,26,31,139,117,22,29.081632653061224,13.26530612244898,15.816326530612246,70.91836734693877,59.693877551020414,11.224489795918368
E00179152,142,48,21,27,94,82,12,33.80281690140845,14.788732394366196,19.014084507042252,66.19718309859155,57.74647887323944,8.450704225352112
E00179155,106,29,9,20,77,73,4,27.358490566037734,8.49056603773585,18.867924528301888,72.64150943396226,68.86792452830188,3.7735849056603774
E00179157,97,26,10,16,71,48,23,26.804123711340207,10.309278350515463,16.49484536082474,73.19587628865979,49.48453608247423,23.711340206185564
E00179158,64,12,5,7,52,49,3,18.75,7.8125,10.9375,81.25,76.5625,4.6875
E00179159,66,20,11,9,46,45,1,30.303030303030305,16.666666666666664,13.636363636363635,69.6969696969697,68.18181818181817,1.5151515151515151
E00179161,163,50,12,38,113,100,13,30.67484662576687,7.361963190184049,23.31288343558282,69.32515337423312,61.34969325153374,7.975460122699387
E00179162,164,45,14,31,119,114,5,27.439024390243905,8.536585365853659,18.902439024390244,72.5609756097561,69.51219512195121,3.048780487804878
E00179163,319,71,24,47,248,227,21,22.25705329153605,7.523510971786834,14.733542319749215,77.74294670846395,71.15987460815047,6.583072100313479
E00179165,185,53,8,45,132,118,14,28.64864864864865,4.324324324324325,24.324324324324326,71.35135135135135,63.78378378378379,7.567567567567568
E00179168,254,65,22,43,189,173,16,25.590551181102363,8.661417322834646,16.92913385826772,74.40944881889764,68.11023622047244,6.299212598425196
E00179170,255,36,11,25,219,157,62,14.117647058823529,4.313725490196078,9.803921568627452,85.88235294117646,61.568627450980394,24.313725490196077
E00179171,232,37,17,20,195,177,18,15.948275862068966,7.327586206896551,8.620689655172415,84.05172413793103,76.29310344827587,7.758620689655173
E00179175,156,49,15,34,107,99,8,31.41025641025641,9.615384615384617,21.794871794871796,68.58974358974359,63.46153846153846,5.128205128205128
E00179179,64,14,3,11,50,43,7,21.875,4.6875,17.1875,78.125,67.1875,10.9375
E00179183,184,121,44,77,63,53,10,65.76086956521739,23.91304347826087,41.84782608695652,34.23913043478261,28.804347826086957,5.434782608695652
E00179184,300,80,25,55,220,187,33,26.666666666666668,8.333333333333332,18.333333333333332,73.33333333333333,62.33333333333333,11
E00179185,169,54,18,36,115,71,44,31.952662721893493,10.650887573964498,21.301775147928996,68.04733727810651,42.01183431952663,26.035502958579883
E00179186,184,39,16,23,145,116,29,21.195652173913043,8.695652173913043,12.5,78.80434782608695,63.04347826086957,15.760869565217392
E00179187,291,57,20,37,234,203,31,19.587628865979383,6.872852233676976,12.714776632302405,80.41237113402062,69.7594501718213,10.652920962199312
E00179188,155,58,20,38,97,90,7,37.41935483870968,12.903225806451612,24.516129032258064,62.58064516129033,58.06451612903226,4.516129032258064
E00179189,216,58,22,36,158,141,17,26.851851851851855,10.185185185185185,16.666666666666664,73.14814814814815,65.27777777777779,7.87037037037037
E00179190,90,19,7,12,71,64,7,21.11111111111111,7.777777777777778,13.333333333333334,78.88888888888889,71.11111111111111,7.777777777777778
E00179191,97,15,6,9,82,69,13,15.463917525773196,6.185567010309279,9.278350515463918,84.5360824742268,71.1340206185567,13.402061855670103
E00179194,89,21,10,11,68,64,4,23.595505617977526,11.235955056179774,12.359550561797752,76.40449438202246,71.91011235955057,4.49438202247191
E00179199,132,49,18,31,83,73,10,37.121212121212125,13.636363636363635,23.484848484848484,62.878787878787875,55.3030303030303,7.575757575757576
E00179200,116,35,13,22,81,71,10,30.17241379310345,11.206896551724139,18.96551724137931,69.82758620689656,61.206896551724135,8.620689655172415
E00179202,107,42,17,25,65,58,7,39.25233644859813,15.887850467289718,23.364485981308412,60.747663551401864,54.20560747663551,6.5420560747663545
E00179209,80,40,14,26,40,34,6,50,17.5,32.5,50,42.5,7.5
E00179210,258,59,26,33,199,175,24,22.868217054263564,10.077519379844961,12.790697674418606,77.13178294573643,67.82945736434108,9.30232558139535
E00179211,120,14,5,9,106,92,14,11.666666666666666,4.166666666666666,7.5,88.33333333333333,76.66666666666667,11.666666666666666
E00179213,160,25,11,14,135,104,31,15.625,6.875000000000001,8.75,84.375,65,19.375
E00179216,80,7,3,4,73,57,16,8.75,3.75,5,91.25,71.25,20
E00179217,129,43,15,28,86,82,4,33.33333333333333,11.627906976744185,21.705426356589147,66.66666666666666,63.565891472868216,3.10077519379845
E00179221,248,47,20,27,201,151,50,18.951612903225808,8.064516129032258,10.887096774193548,81.04838709677419,60.88709677419355,20.161290322580644
E00179225,105,14,6,8,91,69,22,13.333333333333334,5.714285714285714,7.6190476190476195,86.66666666666667,65.71428571428571,20.952380952380953
E00179228,190,47,16,31,143,129,14,24.736842105263158,8.421052631578947,16.315789473684212,75.26315789473685,67.89473684210526,7.368421052631578
E00179231,132,44,14,30,88,80,8,33.33333333333333,10.606060606060606,22.727272727272727,66.66666666666666,60.60606060606061,6.0606060606060606
E00179234,226,39,16,23,187,142,45,17.25663716814159,7.079646017699115,10.176991150442479,82.7433628318584,62.83185840707964,19.911504424778762
E00179235,76,17,4,13,59,57,2,22.36842105263158,5.263157894736842,17.105263157894736,77.63157894736842,75,2.631578947368421
E00179237,173,31,12,19,142,123,19,17.91907514450867,6.9364161849710975,10.982658959537572,82.08092485549133,71.09826589595376,10.982658959537572
E00179239,220,46,23,23,174,150,24,20.909090909090907,10.454545454545453,10.454545454545453,79.0909090909091,68.18181818181817,10.909090909090908
E00179240,156,49,16,33,107,96,11,31.41025641025641,10.256410256410255,21.153846153846153,68.58974358974359,61.53846153846154,7.051282051282051
E00179242,150,35,14,21,115,115,0,23.333333333333332,9.333333333333334,14.000000000000002,76.66666666666667,76.66666666666667,0
E00179243,304,58,34,24,246,194,52,19.078947368421055,11.18421052631579,7.894736842105263,80.92105263157895,63.81578947368421,17.105263157894736
E00179244,212,56,19,37,156,142,14,26.41509433962264,8.962264150943396,17.452830188679243,73.58490566037736,66.98113207547169,6.60377358490566
E00179245,213,65,32,33,148,140,8,30.51643192488263,15.023474178403756,15.492957746478872,69.48356807511738,65.72769953051643,3.755868544600939
E00179247,246,90,26,64,156,135,21,36.58536585365854,10.569105691056912,26.01626016260163,63.41463414634146,54.87804878048781,8.536585365853659
E00179249,332,61,21,40,271,225,46,18.373493975903614,6.325301204819277,12.048192771084338,81.62650602409639,67.7710843373494,13.855421686746988
E00179251,143,38,20,18,105,90,15,26.573426573426573,13.986013986013987,12.587412587412588,73.42657342657343,62.93706293706294,10.48951048951049
E00179252,112,21,8,13,91,75,16,18.75,7.142857142857142,11.607142857142858,81.25,66.96428571428571,14.285714285714285
E00179255,104,40,21,19,64,53,11,38.46153846153847,20.192307692307693,18.269230769230766,61.53846153846154,50.96153846153846,10.576923076923077
E00179256,175,56,24,32,119,113,6,32,13.714285714285715,18.285714285714285,68,64.57142857142857,3.428571428571429
E00179258,93,0,0,0,93,85,8,0,0,0,100,91.39784946236558,8.60215053763441
E00179262,170,49,20,29,121,107,14,28.823529411764703,11.76470588235294,17.058823529411764,71.17647058823529,62.94117647058823,8.235294117647058
E00179263,104,16,10,6,88,70,18,15.384615384615385,9.615384615384617,5.769230769230769,84.61538461538461,67.3076923076923,17.307692307692307
E00179264,147,17,5,12,130,107,23,11.564625850340136,3.4013605442176873,8.16326530612245,88.43537414965986,72.78911564625851,15.646258503401361
E00179265,125,61,25,36,64,59,5,48.8,20,28.799999999999997,51.2,47.199999999999996,4
E00179266,145,43,17,26,102,80,22,29.655172413793103,11.724137931034482,17.93103448275862,70.34482758620689,55.172413793103445,15.172413793103448
E00179267,172,56,15,41,116,101,15,32.55813953488372,8.720930232558139,23.837209302325583,67.44186046511628,58.720930232558146,8.720930232558139
E00179268,93,27,11,16,66,50,16,29.03225806451613,11.827956989247312,17.20430107526882,70.96774193548387,53.76344086021505,17.20430107526882
E00179269,189,64,32,32,125,116,9,33.86243386243386,16.93121693121693,16.93121693121693,66.13756613756614,61.37566137566137,4.761904761904762
E00179270,115,20,6,14,95,86,9,17.391304347826086,5.217391304347826,12.173913043478262,82.6086956521739,74.78260869565217,7.82608695652174
E00179271,78,26,9,17,52,43,9,33.33333333333333,11.538461538461538,21.794871794871796,66.66666666666666,55.12820512820513,11.538461538461538
E00179272,145,54,19,35,91,85,6,37.24137931034483,13.10344827586207,24.137931034482758,62.758620689655174,58.620689655172406,4.137931034482759
E00179273,226,74,23,51,152,137,15,32.743362831858406,10.176991150442479,22.566371681415927,67.2566371681416,60.61946902654868,6.637168141592921
E00179274,203,33,9,24,170,141,29,16.25615763546798,4.433497536945813,11.822660098522167,83.74384236453201,69.45812807881774,14.285714285714285
E00179275,130,39,14,25,91,84,7,30,10.76923076923077,19.230769230769234,70,64.61538461538461,5.384615384615385
