OA,ts0590001,ts0590002,ts0590003,ts0590004,ts0590005,ts0590006,ts0590007,ts0590002_PCT,ts0590003_PCT,ts0590004_PCT,ts0590005_PCT,ts0590006_PCT,ts0590007_PCT
E00158261,150,39,10,29,111,104,7,26,6.666666666666667,19.333333333333332,74,69.33333333333334,4.666666666666667
E00158262,82,22,5,17,60,54,6,26.82926829268293,6.097560975609756,20.73170731707317,73.17073170731707,65.85365853658537,7.317073170731707
E00158263,135,42,13,29,93,78,15,31.11111111111111,9.62962962962963,21.48148148148148,68.88888888888889,57.77777777777777,11.11111111111111
E00158264,187,59,17,42,128,118,10,31.550802139037433,9.090909090909092,22.459893048128343,68.44919786096256,63.101604278074866,5.347593582887701
E00158265,299,68,13,55,231,198,33,22.74247491638796,4.3478260869565215,18.394648829431436,77.25752508361204,66.22073578595318,11.036789297658862
E00158266,156,44,15,29,112,99,13,28.205128205128204,9.615384615384617,18.58974358974359,71.7948717948718,63.46153846153846,8.333333333333332
E00158267,144,31,10,21,113,104,9,21.52777777777778,6.944444444444445,14.583333333333334,78.47222222222221,72.22222222222221,6.25
E00158268,180,48,10,38,132,118,14,26.666666666666668,5.555555555555555,21.11111111111111,73.33333333333333,65.55555555555556,7.777777777777778
E00158269,141,46,15,31,95,80,15,32.62411347517731,10.638297872340425,21.98581560283688,67.37588652482269,56.73758865248227,10.638297872340425
E00158270,193,64,18,46,129,120,9,33.160621761658035,9.32642487046632,23.83419689119171,66.83937823834198,62.17616580310881,4.66321243523316
E00158271,231,74,29,45,157,147,10,32.03463203463203,12.554112554112553,19.480519480519483,67.96536796536796,63.63636363636363,4.329004329004329
E00158272,146,37,4,33,109,102,7,25.34246575342466,2.73972602739726,22.602739726027394,74.65753424657534,69.86301369863014,4.794520547945205
E00158273,178,56,11,45,122,115,7,31.46067415730337,6.179775280898876,25.280898876404496,68.53932584269663,64.60674157303372,3.932584269662921
E00158274,158,43,19,24,115,97,18,27.21518987341772,12.025316455696203,15.18987341772152,72.78481012658227,61.39240506329114,11.39240506329114
E00158275,289,56,20,36,233,213,20,19.377162629757784,6.920415224913495,12.45674740484429,80.62283737024222,73.70242214532871,6.920415224913495
E00158276,156,41,11,30,115,105,10,26.282051282051285,7.051282051282051,19.230769230769234,73.71794871794873,67.3076923076923,6.41025641025641
E00158277,158,44,12,32,114,107,7,27.848101265822784,7.59493670886076,20.253164556962027,72.15189873417721,67.72151898734177,4.430379746835443
E00158278,135,39,11,28,96,85,11,28.888888888888886,8.148148148148149,20.74074074074074,71.11111111111111,62.96296296296296,8.148148148148149
E00158279,173,44,11,33,129,116,13,25.43352601156069,6.358381502890173,19.07514450867052,74.56647398843931,67.05202312138728,7.514450867052023
E00158280,190,59,20,39,131,121,10,31.05263157894737,10.526315789473683,20.526315789473685,68.94736842105263,63.68421052631579,5.263157894736842
E00158281,147,41,8,33,106,96,10,27.89115646258503,5.442176870748299,22.448979591836736,72.10884353741497,65.3061224489796,6.802721088435375
E00158282,134,35,9,26,99,88,11,26.119402985074625,6.7164179104477615,19.402985074626866,73.88059701492537,65.67164179104478,8.208955223880597
E00158283,181,48,11,37,133,111,22,26.519337016574585,6.077348066298343,20.441988950276244,73.48066298342542,61.32596685082873,12.154696132596685
E00158284,161,49,15,34,112,98,14,30.434782608695656,9.316770186335404,21.11801242236025,69.56521739130434,60.86956521739131,8.695652173913043
E00158285,59,23,8,15,36,34,2,38.983050847457626,13.559322033898304,25.423728813559322,61.016949152542374,57.6271186440678,3.389830508474576
E00158286,191,38,13,25,153,123,30,19.895287958115183,6.806282722513089,13.089005235602095,80.10471204188482,64.3979057591623,15.706806282722512
E00158287,121,25,7,18,96,84,12,20.66115702479339,5.785123966942149,14.87603305785124,79.33884297520662,69.42148760330579,9.917355371900827
E00158288,139,28,6,22,111,100,11,20.14388489208633,4.316546762589928,15.827338129496402,79.85611510791367,71.94244604316546,7.913669064748201
E00158289,133,41,12,29,92,81,11,30.82706766917293,9.022556390977442,21.804511278195488,69.17293233082707,60.902255639097746,8.270676691729323
E00158290,122,35,9,26,87,76,11,28.688524590163933,7.377049180327869,21.311475409836063,71.31147540983606,62.295081967213115,9.01639344262295
E00158291,168,40,10,30,128,109,19,23.809523809523807,5.952380952380952,17.857142857142858,76.19047619047619,64.88095238095238,11.30952380952381
E00158292,157,36,10,26,121,112,9,22.929936305732486,6.369426751592357,16.560509554140125,77.07006369426752,71.3375796178344,5.7324840764331215
E00158293,130,36,7,29,94,81,13,27.692307692307693,5.384615384615385,22.30769230769231,72.3076923076923,62.30769230769231,10
E00158294,146,45,13,32,101,93,8,30.82191780821918,8.904109589041095,21.91780821917808,69.17808219178082,63.6986301369863,5.47945205479452
E00158295,189,59,16,43,130,117,13,31.216931216931215,8.465608465608465,22.75132275132275,68.78306878306879,61.904761904761905,6.878306878306878
E00158297,133,33,13,20,100,92,8,24.81203007518797,9.774436090225564,15.037593984962406,75.18796992481202,69.17293233082707,6.015037593984962
E00158299,94,36,11,25,58,49,9,38.297872340425535,11.702127659574469,26.595744680851062,61.702127659574465,52.12765957446809,9.574468085106384
E00158300,195,59,19,40,136,114,22,30.256410256410255,9.7435897435897445,20.51282051282051,69.74358974358974,58.46153846153847,11.282051282051283
E00158302,131,39,10,29,92,81,11,29.770992366412212,7.633587786259542,22.137404580152673,70.22900763358778,61.832061068702295,8.396946564885496
E00158303,99,23,3,20,76,65,11,23.232323232323232,3.0303030303030303,20.2020202020202,76.76767676767676,65.65656565656566,11.11111111111111
E00158304,169,37,8,29,132,109,23,21.893491124260358,4.733727810650888,17.159763313609467,78.10650887573965,64.49704142011834,13.609467455621301
E00158305,233,60,22,38,173,150,23,25.75107296137339,9.44206008583691,16.30901287553648,74.2489270386266,64.37768240343348,9.871244635193133
E00158306,232,60,14,46,172,153,19,25.862068965517242,6.0344827586206895,19.82758620689655,74.13793103448276,65.94827586206897,8.189655172413794
E00158307,105,27,5,22,78,70,8,25.71428571428571,4.761904761904762,20.952380952380953,74.28571428571429,66.66666666666666,7.6190476190476195
E00158308,137,32,10,22,105,89,16,23.357664233576642,7.2992700729927,16.05839416058394,76.64233576642336,64.96350364963503,11.678832116788321
E00158309,111,33,11,22,78,68,10,29.72972972972973,9.90990990990991,19.81981981981982,70.27027027027027,61.261261261261254,9.00900900900901
E00158310,125,34,9,25,91,81,10,27.200000000000003,7.199999999999999,20,72.8,64.8,8
E00158311,176,50,18,32,126,110,16,28.40909090909091,10.227272727272728,18.181818181818183,71.5909090909091,62.5,9.090909090909092
E00158312,142,35,13,22,107,96,11,24.647887323943664,9.15492957746479,15.492957746478872,75.35211267605634,67.6056338028169,7.746478873239436
E00158313,155,48,16,32,107,96,11,30.967741935483872,10.32258064516129,20.64516129032258,69.03225806451613,61.935483870967744,7.096774193548387
E00158314,82,18,7,11,64,56,8,21.951219512195124,8.536585365853659,13.414634146341465,78.04878048780488,68.29268292682927,9.75609756097561
E00158315,163,35,10,25,128,106,22,21.472392638036812,6.134969325153374,15.337423312883436,78.52760736196319,65.03067484662577,13.496932515337424
E00158316,161,47,13,34,114,102,12,29.19254658385093,8.074534161490684,21.11801242236025,70.80745341614907,63.35403726708074,7.453416149068323
E00158317,148,34,9,25,114,103,11,22.972972972972975,6.081081081081082,16.89189189189189,77.02702702702703,69.5945945945946,7.4324324324324325
E00158318,33,9,3,6,24,20,4,27.27272727272727,9.090909090909092,18.181818181818183,72.72727272727273,60.60606060606061,12.121212121212121
E00158319,127,31,11,20,96,85,11,24.409448818897637,8.661417322834646,15.748031496062993,75.59055118110236,66.92913385826772,8.661417322834646
E00158320,88,25,10,15,63,51,12,28.40909090909091,11.363636363636363,17.045454545454543,71.5909090909091,57.95454545454546,13.636363636363635
E00158321,157,54,13,41,103,89,14,34.394904458598724,8.280254777070063,26.11464968152866,65.60509554140127,56.68789808917197,8.9171974522293
E00158322,180,52,16,36,128,112,16,28.888888888888886,8.88888888888889,20,71.11111111111111,62.22222222222222,8.88888888888889
E00158323,173,43,13,30,130,113,17,24.85549132947977,7.514450867052023,17.341040462427745,75.14450867052022,65.3179190751445,9.826589595375722
E00158324,122,36,10,26,86,76,10,29.508196721311474,8.19672131147541,21.311475409836063,70.49180327868852,62.295081967213115,8.19672131147541
E00158325,141,43,17,26,98,83,15,30.49645390070922,12.056737588652481,18.439716312056735,69.50354609929079,58.86524822695035,10.638297872340425
E00158326,132,42,11,31,90,80,10,31.818181818181817,8.333333333333332,23.484848484848484,68.18181818181817,60.60606060606061,7.575757575757576
E00158327,136,40,12,28,96,81,15,29.411764705882355,8.823529411764707,20.588235294117645,70.58823529411765,59.55882352941176,11.029411764705882
E00158328,187,52,10,42,135,111,24,27.807486631016044,5.347593582887701,22.459893048128343,72.19251336898395,59.35828877005348,12.834224598930483
E00158329,160,35,13,22,125,110,15,21.875,8.125,13.750000000000002,78.125,68.75,9.375
E00158330,104,26,12,14,78,71,7,25,11.538461538461538,13.461538461538462,75,68.26923076923077,6.730769230769231
E00158331,154,40,9,31,114,98,16,25.97402597402597,5.844155844155844,20.12987012987013,74.02597402597402,63.63636363636363,10.38961038961039
E00158332,191,54,12,42,137,120,17,28.272251308900525,6.282722513089005,21.98952879581152,71.72774869109948,62.82722513089005,8.900523560209423
E00158333,120,39,10,29,81,69,12,32.5,8.333333333333332,24.166666666666668,67.5,57.49999999999999,10
E00158334,153,36,11,25,117,104,13,23.52941176470588,7.18954248366013,16.33986928104575,76.47058823529412,67.97385620915033,8.49673202614379
E00158335,142,36,12,24,106,92,14,25.352112676056336,8.450704225352112,16.901408450704224,74.64788732394366,64.7887323943662,9.859154929577464
E00158336,39,11,3,8,28,21,7,28.205128205128204,7.6923076923076925,20.51282051282051,71.7948717948718,53.84615384615385,17.94871794871795
E00158337,103,30,4,26,73,67,6,29.126213592233007,3.8834951456310676,25.24271844660194,70.87378640776699,65.0485436893204,5.825242718446602
E00158338,177,38,10,28,139,126,13,21.468926553672315,5.649717514124294,15.819209039548024,78.53107344632768,71.1864406779661,7.344632768361582
E00158339,176,59,23,36,117,103,14,33.52272727272727,13.068181818181818,20.454545454545457,66.47727272727273,58.52272727272727,7.954545454545454
E00158340,154,43,6,37,111,101,10,27.92207792207792,3.896103896103896,24.025974025974026,72.07792207792207,65.5844155844156,6.493506493506493
E00158341,140,36,7,29,104,92,12,25.71428571428571,5,20.714285714285715,74.28571428571429,65.71428571428571,8.571428571428571
E00158342,141,41,11,30,100,84,16,29.078014184397162,7.801418439716312,21.27659574468085,70.92198581560284,59.57446808510638,11.347517730496454
E00158343,156,46,13,33,110,98,12,29.48717948717949,8.333333333333332,21.153846153846153,70.51282051282051,62.82051282051282,7.6923076923076925
E00158344,149,47,11,36,102,90,12,31.543624161073826,7.38255033557047,24.161073825503358,68.45637583892618,60.40268456375839,8.053691275167784
E00158345,146,39,7,32,107,96,11,26.71232876712329,4.794520547945205,21.91780821917808,73.28767123287672,65.75342465753424,7.534246575342466
E00158346,134,38,12,26,96,81,15,28.35820895522388,8.955223880597014,19.402985074626866,71.64179104477611,60.447761194029844,11.194029850746269
E00158347,130,36,8,28,94,86,8,27.692307692307693,6.153846153846154,21.53846153846154,72.3076923076923,66.15384615384615,6.153846153846154
E00158348,110,34,5,29,76,70,6,30.909090909090907,4.545454545454546,26.36363636363636,69.0909090909091,63.63636363636363,5.454545454545454
E00158349,83,23,12,11,60,51,9,27.710843373493976,14.457831325301203,13.253012048192772,72.28915662650603,61.44578313253012,10.843373493975903
E00158350,167,40,11,29,127,109,18,23.952095808383234,6.58682634730539,17.365269461077844,76.04790419161677,65.26946107784431,10.778443113772456
E00158351,146,39,13,26,107,100,7,26.71232876712329,8.904109589041095,17.80821917808219,73.28767123287672,68.4931506849315,4.794520547945205
E00158352,123,37,8,29,86,81,5,30.081300813008134,6.504065040650407,23.577235772357724,69.91869918699187,65.85365853658537,4.0650406504065035
E00158353,245,57,11,46,188,177,11,23.26530612244898,4.489795918367347,18.775510204081634,76.73469387755102,72.24489795918367,4.489795918367347
E00158354,132,33,9,24,99,92,7,25,6.8181818181818175,18.181818181818183,75,69.6969696969697,5.303030303030303
E00158355,108,33,8,25,75,63,12,30.555555555555557,7.4074074074074066,23.14814814814815,69.44444444444444,58.333333333333336,11.11111111111111
E00158356,94,35,10,25,59,58,1,37.234042553191486,10.638297872340425,26.595744680851062,62.76595744680851,61.702127659574465,1.0638297872340425
E00158357,139,41,12,29,98,88,10,29.496402877697843,8.633093525179856,20.863309352517987,70.50359712230215,63.30935251798561,7.1942446043165464
E00158358,36,6,1,5,30,23,7,16.666666666666664,2.7777777777777777,13.88888888888889,83.33333333333334,63.888888888888886,19.444444444444446
E00158359,118,35,13,22,83,77,6,29.66101694915254,11.016949152542372,18.64406779661017,70.33898305084746,65.2542372881356,5.084745762711865
E00158360,112,30,9,21,82,71,11,26.785714285714285,8.035714285714286,18.75,73.21428571428571,63.39285714285714,9.821428571428571
E00158361,138,41,12,29,97,76,21,29.71014492753623,8.695652173913043,21.014492753623188,70.28985507246377,55.072463768115945,15.217391304347828
E00158362,150,52,16,36,98,87,11,34.66666666666667,10.666666666666668,24,65.33333333333333,57.99999999999999,7.333333333333333
E00158363,129,32,10,22,97,89,8,24.8062015503876,7.751937984496124,17.05426356589147,75.1937984496124,68.9922480620155,6.2015503875969
E00158364,93,29,9,20,64,57,7,31.182795698924732,9.67741935483871,21.50537634408602,68.81720430107528,61.29032258064516,7.526881720430108
E00158365,166,41,21,20,125,107,18,24.69879518072289,12.650602409638553,12.048192771084338,75.30120481927712,64.45783132530121,10.843373493975903
E00158366,167,51,21,30,116,106,10,30.538922155688624,12.574850299401197,17.964071856287426,69.46107784431138,63.47305389221557,5.9880239520958085
E00158367,150,43,14,29,107,95,12,28.666666666666668,9.333333333333334,19.333333333333332,71.33333333333334,63.33333333333333,8
E00158368,163,51,14,37,112,89,23,31.28834355828221,8.588957055214724,22.699386503067483,68.71165644171779,54.601226993865026,14.11042944785276
E00158369,100,34,9,25,66,56,10,34,9,25,66,56.00000000000001,10
E00158370,148,35,7,28,113,109,4,23.64864864864865,4.72972972972973,18.91891891891892,76.35135135135135,73.64864864864865,2.7027027027027026
E00158371,57,17,3,14,40,37,3,29.82456140350877,5.263157894736842,24.561403508771928,70.17543859649122,64.91228070175438,5.263157894736842
E00158372,144,47,11,36,97,87,10,32.63888888888889,7.638888888888889,25,67.36111111111111,60.416666666666664,6.944444444444445
E00158373,145,49,15,34,96,84,12,33.793103448275865,10.344827586206897,23.448275862068964,66.20689655172414,57.931034482758626,8.275862068965518
E00158374,121,29,10,19,92,86,6,23.96694214876033,8.264462809917356,15.702479338842975,76.03305785123968,71.07438016528926,4.958677685950414
E00158375,135,43,13,30,92,84,8,31.851851851851855,9.62962962962963,22.22222222222222,68.14814814814815,62.22222222222222,5.9259259259259265
E00158376,102,31,11,20,71,66,5,30.392156862745097,10.784313725490197,19.607843137254903,69.6078431372549,64.70588235294117,4.901960784313726
E00158377,182,56,21,35,126,110,16,30.76923076923077,11.538461538461538,19.230769230769234,69.23076923076923,60.43956043956044,8.791208791208792
E00158378,98,33,13,20,65,58,7,33.6734693877551,13.26530612244898,20.408163265306122,66.3265306122449,59.183673469387756,7.142857142857142
E00158379,115,31,13,18,84,75,9,26.956521739130434,11.304347826086957,15.65217391304348,73.04347826086956,65.21739130434783,7.82608695652174
E00158380,145,37,9,28,108,98,10,25.517241379310345,6.206896551724138,19.310344827586206,74.48275862068967,67.58620689655173,6.896551724137931
E00158381,93,28,5,23,65,58,7,30.107526881720432,5.376344086021505,24.731182795698924,69.89247311827957,62.365591397849464,7.526881720430108
E00158382,111,30,8,22,81,74,7,27.027027027027028,7.207207207207207,19.81981981981982,72.97297297297297,66.66666666666666,6.306306306306306
E00158383,144,29,8,21,115,97,18,20.13888888888889,5.555555555555555,14.583333333333334,79.86111111111111,67.36111111111111,12.5
E00158384,121,34,5,29,87,77,10,28.09917355371901,4.132231404958678,23.96694214876033,71.900826446281,63.63636363636363,8.264462809917356
E00158385,181,50,13,37,131,112,19,27.624309392265197,7.18232044198895,20.441988950276244,72.37569060773481,61.87845303867403,10.497237569060774
E00158386,59,22,1,21,37,30,7,37.28813559322034,1.694915254237288,35.59322033898305,62.71186440677966,50.847457627118644,11.864406779661017
E00158387,155,38,10,28,117,104,13,24.516129032258064,6.451612903225806,18.064516129032256,75.48387096774194,67.0967741935484,8.38709677419355
E00158388,91,32,11,21,59,51,8,35.16483516483517,12.087912087912088,23.076923076923077,64.83516483516483,56.043956043956044,8.791208791208792
E00158389,117,28,5,23,89,76,13,23.931623931623932,4.273504273504273,19.65811965811966,76.06837606837607,64.95726495726495,11.11111111111111
E00158390,134,31,6,25,103,90,13,23.134328358208954,4.477611940298507,18.65671641791045,76.86567164179104,67.16417910447761,9.701492537313433
E00158391,130,40,10,30,90,80,10,30.76923076923077,7.6923076923076925,23.076923076923077,69.23076923076923,61.53846153846154,7.6923076923076925
E00158392,133,40,11,29,93,82,11,30.075187969924812,8.270676691729323,21.804511278195488,69.92481203007519,61.65413533834586,8.270676691729323
E00158393,123,29,8,21,94,88,6,23.577235772357724,6.504065040650407,17.073170731707318,76.42276422764228,71.54471544715447,4.878048780487805
E00158394,128,42,19,23,86,72,14,32.8125,14.84375,17.96875,67.1875,56.25,10.9375
E00158395,69,23,14,9,46,46,0,33.33333333333333,20.28985507246377,13.043478260869565,66.66666666666666,66.66666666666666,0
E00158396,100,29,7,22,71,61,10,28.999999999999996,7.000000000000001,22,71,61,10
E00158397,102,28,3,25,74,64,10,27.450980392156865,2.941176470588235,24.509803921568626,72.54901960784314,62.745098039215684,9.803921568627452
E00158398,100,31,12,19,69,69,0,31,12,19,69,69,0
E00158399,90,27,6,21,63,58,5,30,6.666666666666667,23.333333333333332,70,64.44444444444444,5.555555555555555
E00158400,133,37,10,27,96,87,9,27.819548872180448,7.518796992481203,20.30075187969925,72.18045112781954,65.41353383458647,6.7669172932330826
E00158401,160,40,14,26,120,95,25,25,8.75,16.25,75,59.375,15.625
E00158402,164,44,18,26,120,104,16,26.82926829268293,10.975609756097562,15.853658536585366,73.17073170731707,63.41463414634146,9.75609756097561
E00158403,147,46,13,33,101,87,14,31.292517006802722,8.843537414965986,22.448979591836736,68.70748299319727,59.183673469387756,9.523809523809524
E00158404,88,26,6,20,62,50,12,29.545454545454547,6.8181818181818175,22.727272727272727,70.45454545454545,56.81818181818182,13.636363636363635
E00158405,140,56,13,43,84,71,13,40,9.285714285714286,30.714285714285715,60,50.71428571428571,9.285714285714286
E00158406,278,47,12,35,231,199,32,16.906474820143885,4.316546762589928,12.589928057553957,83.09352517985612,71.58273381294964,11.510791366906476
E00158407,161,48,6,42,113,99,14,29.81366459627329,3.7267080745341614,26.08695652173913,70.1863354037267,61.49068322981367,8.695652173913043
E00158408,162,54,19,35,108,96,12,33.33333333333333,11.728395061728394,21.604938271604937,66.66666666666666,59.25925925925925,7.4074074074074066
E00158412,98,33,9,24,65,53,12,33.6734693877551,9.183673469387756,24.489795918367346,66.3265306122449,54.08163265306123,12.244897959183673
E00158413,123,37,12,25,86,78,8,30.081300813008134,9.75609756097561,20.32520325203252,69.91869918699187,63.41463414634146,6.504065040650407
E00158414,142,44,12,32,98,83,15,30.985915492957744,8.450704225352112,22.535211267605636,69.01408450704226,58.45070422535211,10.56338028169014
E00158416,182,37,14,23,145,122,23,20.32967032967033,7.6923076923076925,12.637362637362637,79.67032967032966,67.03296703296702,12.637362637362637
E00158417,159,38,18,20,121,110,11,23.89937106918239,11.320754716981133,12.578616352201259,76.10062893081762,69.18238993710692,6.918238993710692
E00158418,168,39,9,30,129,114,15,23.214285714285715,5.357142857142857,17.857142857142858,76.78571428571429,67.85714285714286,8.928571428571429
E00158419,212,62,18,44,150,137,13,29.245283018867923,8.49056603773585,20.754716981132077,70.75471698113208,64.62264150943396,6.132075471698113
E00158420,121,44,11,33,77,68,9,36.36363636363637,9.090909090909092,27.27272727272727,63.63636363636363,56.19834710743802,7.43801652892562
E00158421,132,50,12,38,82,64,18,37.878787878787875,9.090909090909092,28.78787878787879,62.121212121212125,48.484848484848484,13.636363636363635
E00158423,132,41,7,34,91,82,9,31.060606060606062,5.303030303030303,25.757575757575758,68.93939393939394,62.121212121212125,6.8181818181818175
E00158424,165,52,17,35,113,105,8,31.515151515151512,10.303030303030303,21.21212121212121,68.48484848484848,63.63636363636363,4.848484848484849
E00158425,202,59,17,42,143,124,19,29.207920792079207,8.415841584158416,20.792079207920793,70.79207920792079,61.386138613861384,9.405940594059405
E00158426,122,28,8,20,94,87,7,22.950819672131146,6.557377049180328,16.39344262295082,77.04918032786885,71.31147540983606,5.737704918032787
E00158427,119,34,10,24,85,77,8,28.57142857142857,8.403361344537815,20.168067226890756,71.42857142857143,64.70588235294117,6.722689075630252
E00158428,145,44,13,31,101,88,13,30.344827586206897,8.96551724137931,21.379310344827587,69.6551724137931,60.689655172413794,8.96551724137931
E00158429,157,27,3,24,130,115,15,17.197452229299362,1.910828025477707,15.286624203821656,82.80254777070064,73.24840764331209,9.554140127388536
E00158431,139,39,13,26,100,89,11,28.05755395683453,9.352517985611511,18.705035971223023,71.94244604316546,64.02877697841727,7.913669064748201
E00158432,150,39,8,31,111,100,11,26,5.333333333333334,20.666666666666668,74,66.66666666666666,7.333333333333333
E00158434,228,59,25,34,169,150,19,25.877192982456144,10.964912280701753,14.912280701754385,74.12280701754386,65.78947368421053,8.333333333333332
E00158435,173,45,13,32,128,116,12,26.011560693641616,7.514450867052023,18.497109826589593,73.98843930635837,67.05202312138728,6.9364161849710975
E00158436,161,50,10,40,111,102,9,31.05590062111801,6.211180124223603,24.84472049689441,68.94409937888199,63.35403726708074,5.590062111801243
E00158437,309,91,25,66,218,189,29,29.449838187702266,8.090614886731391,21.35922330097087,70.55016181229773,61.165048543689316,9.385113268608414
E00158438,113,25,11,14,88,78,10,22.123893805309734,9.734513274336283,12.389380530973451,77.87610619469027,69.02654867256636,8.849557522123893
E00158439,67,27,13,14,40,40,0,40.298507462686565,19.402985074626866,20.8955223880597,59.70149253731343,59.70149253731343,0
E00158440,143,37,9,28,106,95,11,25.874125874125873,6.293706293706294,19.58041958041958,74.12587412587412,66.43356643356644,7.6923076923076925
E00158441,146,41,15,26,105,94,11,28.08219178082192,10.273972602739725,17.80821917808219,71.91780821917808,64.38356164383562,7.534246575342466
E00158442,197,65,19,46,132,114,18,32.99492385786802,9.644670050761421,23.3502538071066,67.00507614213198,57.868020304568525,9.137055837563452
E00158443,75,24,7,17,51,45,6,32,9.333333333333334,22.666666666666664,68,60,8
E00158444,168,39,14,25,129,118,11,23.214285714285715,8.333333333333332,14.880952380952381,76.78571428571429,70.23809523809523,6.547619047619048
E00158445,150,33,3,30,117,103,14,22,2,20,78,68.66666666666667,9.333333333333334
E00158446,164,46,21,25,118,108,10,28.04878048780488,12.804878048780488,15.24390243902439,71.95121951219512,65.85365853658537,6.097560975609756
E00158447,204,55,13,42,149,132,17,26.96078431372549,6.372549019607843,20.588235294117645,73.0392156862745,64.70588235294117,8.333333333333332
E00158448,245,58,15,43,187,164,23,23.6734693877551,6.122448979591836,17.551020408163264,76.32653061224491,66.93877551020408,9.387755102040817
E00158449,187,52,18,34,135,119,16,27.807486631016044,9.62566844919786,18.181818181818183,72.19251336898395,63.63636363636363,8.55614973262032
E00158450,169,30,5,25,139,127,12,17.75147928994083,2.9585798816568047,14.792899408284024,82.24852071005917,75.14792899408283,7.100591715976331
E00158451,220,54,13,41,166,146,20,24.545454545454547,5.909090909090909,18.636363636363637,75.45454545454545,66.36363636363637,9.090909090909092
E00158452,160,40,18,22,120,108,12,25,11.25,13.750000000000002,75,67.5,7.5
E00158455,154,46,12,34,108,97,11,29.87012987012987,7.792207792207792,22.07792207792208,70.12987012987013,62.98701298701299,7.142857142857142
E00158456,167,49,19,30,118,97,21,29.34131736526946,11.377245508982035,17.964071856287426,70.65868263473054,58.08383233532935,12.574850299401197
E00158457,326,69,18,51,257,221,36,21.165644171779142,5.521472392638037,15.644171779141105,78.83435582822086,67.79141104294479,11.042944785276074
E00158458,140,44,15,29,96,85,11,31.428571428571427,10.714285714285714,20.714285714285715,68.57142857142857,60.71428571428571,7.857142857142857
E00158459,162,42,12,30,120,106,14,25.925925925925924,7.4074074074074066,18.51851851851852,74.07407407407408,65.4320987654321,8.641975308641975
E00158460,180,45,16,29,135,111,24,25,8.88888888888889,16.11111111111111,75,61.66666666666667,13.333333333333334
E00158461,180,50,14,36,130,105,25,27.77777777777778,7.777777777777778,20,72.22222222222221,58.333333333333336,13.88888888888889
E00158462,143,47,17,30,96,85,11,32.86713286713287,11.888111888111888,20.97902097902098,67.13286713286713,59.44055944055944,7.6923076923076925
E00158463,197,49,15,34,148,132,16,24.873096446700508,7.614213197969544,17.258883248730964,75.1269035532995,67.00507614213198,8.121827411167512
E00158464,159,46,17,29,113,99,14,28.930817610062892,10.69182389937107,18.238993710691823,71.0691823899371,62.264150943396224,8.80503144654088
E00158465,123,45,16,29,78,59,19,36.58536585365854,13.008130081300814,23.577235772357724,63.41463414634146,47.96747967479675,15.447154471544716
E00158466,175,40,17,23,135,122,13,22.857142857142858,9.714285714285714,13.142857142857142,77.14285714285715,69.71428571428572,7.428571428571429
E00158467,184,45,11,34,139,119,20,24.456521739130434,5.978260869565218,18.478260869565215,75.54347826086956,64.67391304347827,10.869565217391305
E00158468,193,47,12,35,146,131,15,24.352331606217618,6.217616580310881,18.134715025906736,75.64766839378238,67.87564766839378,7.772020725388601
E00158469,157,41,5,36,116,100,16,26.11464968152866,3.1847133757961785,22.929936305732486,73.88535031847134,63.69426751592356,10.191082802547772
E00158470,119,29,5,24,90,73,17,24.369747899159663,4.201680672268908,20.168067226890756,75.63025210084034,61.34453781512605,14.285714285714285
E00158471,154,44,10,34,110,96,14,28.57142857142857,6.493506493506493,22.07792207792208,71.42857142857143,62.33766233766234,9.090909090909092
E00158472,135,47,8,39,88,80,8,34.81481481481482,5.9259259259259265,28.888888888888886,65.18518518518519,59.25925925925925,5.9259259259259265
E00158474,178,53,17,36,125,112,13,29.775280898876407,9.550561797752808,20.224719101123593,70.2247191011236,62.92134831460674,7.303370786516854
E00158475,100,25,8,17,75,67,8,25,8,17,75,67,8
E00158476,172,47,15,32,125,111,14,27.325581395348834,8.720930232558139,18.6046511627907,72.67441860465115,64.53488372093024,8.13953488372093
E00158477,73,23,8,15,50,41,9,31.506849315068493,10.95890410958904,20.54794520547945,68.4931506849315,56.16438356164384,12.32876712328767
E00158478,156,36,5,31,120,110,10,23.076923076923077,3.205128205128205,19.871794871794872,76.92307692307693,70.51282051282051,6.41025641025641
E00158479,91,18,6,12,73,67,6,19.78021978021978,6.593406593406594,13.186813186813188,80.21978021978022,73.62637362637363,6.593406593406594
E00158480,116,40,17,23,76,66,10,34.48275862068966,14.655172413793101,19.82758620689655,65.51724137931035,56.896551724137936,8.620689655172415
E00158481,144,40,13,27,104,94,10,27.77777777777778,9.027777777777777,18.75,72.22222222222221,65.27777777777779,6.944444444444445
E00158482,169,44,8,36,125,119,6,26.035502958579883,4.733727810650888,21.301775147928996,73.96449704142012,70.41420118343196,3.5502958579881656
E00158483,142,49,11,38,93,84,9,34.50704225352113,7.746478873239436,26.76056338028169,65.49295774647888,59.154929577464785,6.338028169014084
E00158484,104,33,13,20,71,65,6,31.73076923076923,12.5,19.230769230769234,68.26923076923077,62.5,5.769230769230769
E00158485,130,39,16,23,91,80,11,30,12.307692307692308,17.692307692307693,70,61.53846153846154,8.461538461538462
E00158486,96,29,8,21,67,60,7,30.208333333333332,8.333333333333332,21.875,69.79166666666666,62.5,7.291666666666667
E00158487,220,66,24,42,154,140,14,30,10.909090909090908,19.090909090909093,70,63.63636363636363,6.363636363636363
E00158488,141,39,12,27,102,92,10,27.659574468085108,8.51063829787234,19.148936170212767,72.3404255319149,65.24822695035462,7.092198581560284
E00158489,135,38,11,27,97,83,14,28.14814814814815,8.148148148148149,20,71.85185185185186,61.48148148148148,10.37037037037037
E00158491,159,56,17,39,103,89,14,35.22012578616352,10.69182389937107,24.528301886792452,64.77987421383648,55.9748427672956,8.80503144654088
E00158492,132,31,12,19,101,84,17,23.484848484848484,9.090909090909092,14.393939393939394,76.51515151515152,63.63636363636363,12.878787878787879
E00158493,147,52,22,30,95,81,14,35.374149659863946,14.965986394557824,20.408163265306122,64.62585034013605,55.10204081632652,9.523809523809524
E00158494,139,33,9,24,106,93,13,23.741007194244602,6.474820143884892,17.26618705035971,76.2589928057554,66.90647482014388,9.352517985611511
E00158495,140,48,12,36,92,79,13,34.285714285714285,8.571428571428571,25.71428571428571,65.71428571428571,56.42857142857143,9.285714285714286
E00158496,147,38,12,26,109,95,14,25.850340136054424,8.16326530612245,17.687074829931973,74.14965986394559,64.62585034013605,9.523809523809524
E00158497,100,30,10,20,70,62,8,30,10,20,70,62,8
E00158498,101,31,9,22,70,66,4,30.693069306930692,8.91089108910891,21.782178217821784,69.3069306930693,65.34653465346535,3.9603960396039604
E00158499,150,36,12,24,114,107,7,24,8,16,76,71.33333333333334,4.666666666666667
E00158500,175,45,17,28,130,115,15,25.71428571428571,9.714285714285714,16,74.28571428571429,65.71428571428571,8.571428571428571
E00158501,79,12,6,6,67,64,3,15.18987341772152,7.59493670886076,7.59493670886076,84.81012658227847,81.0126582278481,3.79746835443038
E00158502,139,37,9,28,102,91,11,26.618705035971225,6.474820143884892,20.14388489208633,73.38129496402878,65.46762589928058,7.913669064748201
E00158503,131,38,7,31,93,86,7,29.00763358778626,5.343511450381679,23.66412213740458,70.99236641221374,65.64885496183206,5.343511450381679
E00158504,132,46,18,28,86,78,8,34.84848484848485,13.636363636363635,21.21212121212121,65.15151515151516,59.09090909090909,6.0606060606060606
E00158505,237,70,16,54,167,135,32,29.535864978902953,6.751054852320674,22.78481012658228,70.46413502109705,56.9620253164557,13.502109704641349
E00158506,150,45,14,31,105,91,14,30,9.333333333333334,20.666666666666668,70,60.66666666666667,9.333333333333334
E00158507,119,32,6,26,87,79,8,26.89075630252101,5.042016806722689,21.84873949579832,73.10924369747899,66.38655462184873,6.722689075630252
E00158508,152,42,11,31,110,103,7,27.631578947368425,7.236842105263158,20.394736842105264,72.36842105263158,67.76315789473685,4.605263157894736
E00158509,130,46,13,33,84,74,10,35.38461538461539,10,25.384615384615383,64.61538461538461,56.92307692307692,7.6923076923076925
E00158510,154,43,17,26,111,101,10,27.92207792207792,11.03896103896104,16.883116883116884,72.07792207792207,65.5844155844156,6.493506493506493
E00158511,177,45,9,36,132,119,13,25.423728813559322,5.084745762711865,20.33898305084746,74.57627118644068,67.2316384180791,7.344632768361582
E00158512,249,54,12,42,195,168,27,21.686746987951807,4.819277108433735,16.867469879518072,78.3132530120482,67.46987951807229,10.843373493975903
E00158513,167,47,16,31,120,104,16,28.143712574850298,9.580838323353294,18.562874251497004,71.8562874251497,62.27544910179641,9.580838323353294
E00158514,194,56,20,36,138,122,16,28.865979381443296,10.309278350515463,18.556701030927837,71.1340206185567,62.88659793814433,8.24742268041237
E00158515,175,34,11,23,141,125,16,19.428571428571427,6.2857142857142865,13.142857142857142,80.57142857142857,71.42857142857143,9.142857142857142
E00158516,283,65,19,46,218,197,21,22.968197879858657,6.713780918727916,16.25441696113074,77.03180212014135,69.6113074204947,7.420494699646643
E00158517,96,31,10,21,65,55,10,32.29166666666667,10.416666666666668,21.875,67.70833333333334,57.291666666666664,10.416666666666668
E00158518,302,80,24,56,222,193,29,26.490066225165563,7.9470198675496695,18.543046357615893,73.50993377483444,63.90728476821192,9.602649006622517
E00158520,124,40,13,27,84,80,4,32.25806451612903,10.483870967741936,21.774193548387096,67.74193548387096,64.51612903225806,3.225806451612903
E00158521,155,45,4,41,110,97,13,29.03225806451613,2.5806451612903225,26.451612903225808,70.96774193548387,62.58064516129033,8.38709677419355
E00158522,189,44,16,28,145,132,13,23.28042328042328,8.465608465608465,14.814814814814813,76.71957671957672,69.84126984126983,6.878306878306878
E00158523,93,22,4,18,71,64,7,23.655913978494624,4.301075268817205,19.35483870967742,76.34408602150538,68.81720430107528,7.526881720430108
E00158524,117,35,8,27,82,76,6,29.914529914529915,6.837606837606838,23.076923076923077,70.08547008547008,64.95726495726495,5.128205128205128
E00158525,226,67,16,51,159,145,14,29.646017699115045,7.079646017699115,22.566371681415927,70.35398230088495,64.15929203539822,6.1946902654867255
E00158526,155,49,19,30,106,93,13,31.61290322580645,12.258064516129032,19.35483870967742,68.38709677419355,60,8.38709677419355
E00158527,114,33,11,22,81,65,16,28.947368421052634,9.649122807017543,19.298245614035086,71.05263157894737,57.01754385964912,14.035087719298245
E00158528,163,57,20,37,106,91,15,34.96932515337423,12.269938650306749,22.699386503067483,65.03067484662577,55.828220858895705,9.202453987730062
E00158529,122,39,12,27,83,72,11,31.967213114754102,9.836065573770492,22.131147540983605,68.0327868852459,59.01639344262295,9.01639344262295
E00158530,124,39,12,27,85,70,15,31.451612903225808,9.67741935483871,21.774193548387096,68.54838709677419,56.451612903225815,12.096774193548388
E00158531,70,27,5,22,43,37,6,38.57142857142858,7.142857142857142,31.428571428571427,61.42857142857143,52.85714285714286,8.571428571428571
E00158532,204,56,13,43,148,128,20,27.450980392156865,6.372549019607843,21.07843137254902,72.54901960784314,62.745098039215684,9.803921568627452
E00158533,187,52,8,44,135,118,17,27.807486631016044,4.27807486631016,23.52941176470588,72.19251336898395,63.101604278074866,9.090909090909092
E00158534,149,45,17,28,104,95,9,30.201342281879196,11.409395973154362,18.79194630872483,69.79865771812081,63.758389261744966,6.0402684563758395
E00158535,189,48,21,27,141,123,18,25.396825396825395,11.11111111111111,14.285714285714285,74.60317460317461,65.07936507936508,9.523809523809524
E00158536,151,34,8,26,117,106,11,22.516556291390728,5.298013245033113,17.218543046357617,77.48344370860927,70.19867549668875,7.28476821192053
E00158537,183,42,20,22,141,128,13,22.950819672131146,10.92896174863388,12.021857923497267,77.04918032786885,69.94535519125684,7.103825136612022
E00158538,191,57,20,37,134,118,16,29.84293193717277,10.471204188481675,19.3717277486911,70.15706806282722,61.78010471204188,8.37696335078534
E00158539,143,36,9,27,107,99,8,25.174825174825177,6.293706293706294,18.88111888111888,74.82517482517483,69.23076923076923,5.594405594405594
E00158540,214,66,21,45,148,137,11,30.8411214953271,9.813084112149532,21.02803738317757,69.1588785046729,64.01869158878505,5.14018691588785
E00158541,143,33,19,14,110,96,14,23.076923076923077,13.286713286713287,9.79020979020979,76.92307692307693,67.13286713286713,9.79020979020979
E00158542,158,49,17,32,109,96,13,31.0126582278481,10.759493670886076,20.253164556962027,68.9873417721519,60.75949367088608,8.227848101265822
E00158543,173,40,13,27,133,120,13,23.121387283236995,7.514450867052023,15.606936416184972,76.878612716763,69.36416184971098,7.514450867052023
E00158544,231,53,25,28,178,156,22,22.943722943722943,10.822510822510822,12.121212121212121,77.05627705627705,67.53246753246754,9.523809523809524
E00158545,139,42,21,21,97,83,14,30.215827338129497,15.107913669064748,15.107913669064748,69.7841726618705,59.71223021582733,10.071942446043165
E00158546,100,40,18,22,60,51,9,40,18,22,60,51,9
E00158547,94,28,8,20,66,57,9,29.78723404255319,8.51063829787234,21.27659574468085,70.2127659574468,60.63829787234043,9.574468085106384
E00158548,75,23,2,21,52,49,3,30.666666666666664,2.666666666666667,28.000000000000004,69.33333333333334,65.33333333333333,4
E00158549,105,28,5,23,77,71,6,26.666666666666668,4.761904761904762,21.904761904761905,73.33333333333333,67.61904761904762,5.714285714285714
E00158551,137,50,17,33,87,70,17,36.496350364963504,12.408759124087592,24.087591240875913,63.503649635036496,51.09489051094891,12.408759124087592
E00158553,143,47,15,32,96,79,17,32.86713286713287,10.48951048951049,22.377622377622377,67.13286713286713,55.24475524475524,11.888111888111888
E00158554,157,28,13,15,129,110,19,17.8343949044586,8.280254777070063,9.554140127388536,82.16560509554141,70.06369426751591,12.101910828025478
E00158555,221,58,19,39,163,137,26,26.244343891402718,8.597285067873303,17.647058823529413,73.7556561085973,61.990950226244344,11.76470588235294
E00158556,161,41,11,30,120,109,11,25.465838509316768,6.832298136645963,18.633540372670808,74.53416149068323,67.70186335403726,6.832298136645963
E00158557,172,51,18,33,121,105,16,29.651162790697676,10.465116279069768,19.186046511627907,70.34883720930233,61.04651162790697,9.30232558139535
E00158558,121,34,7,27,87,77,10,28.09917355371901,5.785123966942149,22.31404958677686,71.900826446281,63.63636363636363,8.264462809917356
E00158559,94,30,15,15,64,56,8,31.914893617021278,15.957446808510639,15.957446808510639,68.08510638297872,59.57446808510638,8.51063829787234
E00158560,112,30,9,21,82,71,11,26.785714285714285,8.035714285714286,18.75,73.21428571428571,63.39285714285714,9.821428571428571
E00158561,152,42,13,29,110,94,16,27.631578947368425,8.552631578947368,19.078947368421055,72.36842105263158,61.8421052631579,10.526315789473683
E00158562,112,26,6,20,86,76,10,23.214285714285715,5.357142857142857,17.857142857142858,76.78571428571429,67.85714285714286,8.928571428571429
E00158563,132,37,16,21,95,89,6,28.030303030303028,12.121212121212121,15.909090909090908,71.96969696969697,67.42424242424242,4.545454545454546
E00158564,130,34,9,25,96,81,15,26.153846153846157,6.923076923076923,19.230769230769234,73.84615384615385,62.30769230769231,11.538461538461538
E00158565,156,45,12,33,111,101,10,28.846153846153843,7.6923076923076925,21.153846153846153,71.15384615384616,64.74358974358975,6.41025641025641
E00158566,172,43,13,30,129,114,15,25,7.55813953488372,17.441860465116278,75,66.27906976744185,8.720930232558139
E00158567,145,29,13,16,116,102,14,20,8.96551724137931,11.03448275862069,80,70.34482758620689,9.655172413793103
E00158568,154,43,11,32,111,96,15,27.92207792207792,7.142857142857142,20.77922077922078,72.07792207792207,62.33766233766234,9.740259740259742
E00158569,171,39,9,30,132,124,8,22.807017543859647,5.263157894736842,17.543859649122805,77.19298245614034,72.51461988304094,4.678362573099415
E00158570,65,21,4,17,44,41,3,32.30769230769231,6.153846153846154,26.153846153846157,67.6923076923077,63.07692307692307,4.615384615384616
E00158571,92,23,7,16,69,61,8,25,7.608695652173914,17.391304347826086,75,66.30434782608695,8.695652173913043
E00158572,111,32,9,23,79,68,11,28.82882882882883,8.108108108108109,20.72072072072072,71.17117117117117,61.261261261261254,9.90990990990991
E00158573,111,33,6,27,78,69,9,29.72972972972973,5.405405405405405,24.324324324324326,70.27027027027027,62.16216216216216,8.108108108108109
E00158574,101,31,14,17,70,62,8,30.693069306930692,13.861386138613863,16.831683168316832,69.3069306930693,61.386138613861384,7.920792079207921
E00158575,164,44,12,32,120,105,15,26.82926829268293,7.317073170731707,19.51219512195122,73.17073170731707,64.02439024390245,9.146341463414634
E00158576,179,53,17,36,126,107,19,29.608938547486037,9.497206703910614,20.11173184357542,70.39106145251397,59.77653631284916,10.614525139664805
E00158577,133,51,15,36,82,72,10,38.34586466165413,11.278195488721805,27.06766917293233,61.65413533834586,54.13533834586466,7.518796992481203
E00158578,94,26,2,24,68,63,5,27.659574468085108,2.127659574468085,25.53191489361702,72.3404255319149,67.02127659574468,5.319148936170213
E00158579,126,31,4,27,95,90,5,24.6031746031746,3.1746031746031744,21.428571428571427,75.39682539682539,71.42857142857143,3.968253968253968
E00158580,171,48,21,27,123,104,19,28.07017543859649,12.280701754385964,15.789473684210526,71.9298245614035,60.81871345029239,11.11111111111111
E00158581,127,37,12,25,90,80,10,29.133858267716533,9.448818897637794,19.68503937007874,70.86614173228347,62.99212598425197,7.874015748031496
E00158582,279,57,15,42,222,197,25,20.43010752688172,5.376344086021505,15.053763440860216,79.56989247311827,70.60931899641577,8.960573476702509
E00158583,109,25,5,20,84,74,10,22.93577981651376,4.587155963302752,18.34862385321101,77.06422018348624,67.88990825688074,9.174311926605505
E00158584,186,63,19,44,123,96,27,33.87096774193548,10.21505376344086,23.655913978494624,66.12903225806451,51.61290322580645,14.516129032258066
E00158585,105,32,16,16,73,66,7,30.476190476190478,15.238095238095239,15.238095238095239,69.52380952380952,62.857142857142854,6.666666666666667
E00158586,34,13,5,8,21,17,4,38.23529411764706,14.705882352941178,23.52941176470588,61.76470588235294,50,11.76470588235294
E00158587,62,25,10,15,37,36,1,40.32258064516129,16.129032258064516,24.193548387096776,59.67741935483871,58.06451612903226,1.6129032258064515
E00158588,159,41,11,30,118,101,17,25.78616352201258,6.918238993710692,18.867924528301888,74.21383647798741,63.52201257861635,10.69182389937107
E00158589,190,55,17,38,135,112,23,28.947368421052634,8.947368421052632,20,71.05263157894737,58.94736842105262,12.105263157894736
E00158590,182,57,13,44,125,106,19,31.318681318681318,7.142857142857142,24.175824175824175,68.68131868131869,58.24175824175825,10.43956043956044
E00158591,208,61,19,42,147,123,24,29.326923076923077,9.134615384615383,20.192307692307693,70.67307692307693,59.13461538461539,11.538461538461538
E00158592,150,44,12,32,106,91,15,29.333333333333332,8,21.333333333333336,70.66666666666667,60.66666666666667,10
E00158593,37,10,5,5,27,27,0,27.027027027027028,13.513513513513514,13.513513513513514,72.97297297297297,72.97297297297297,0
E00158595,91,25,6,19,66,56,10,27.472527472527474,6.593406593406594,20.87912087912088,72.52747252747253,61.53846153846154,10.989010989010989
E00158596,163,54,20,34,109,86,23,33.12883435582822,12.269938650306749,20.858895705521473,66.87116564417178,52.760736196319016,14.11042944785276
E00158597,95,25,8,17,70,60,10,26.31578947368421,8.421052631578947,17.894736842105264,73.68421052631578,63.1578947368421,10.526315789473683
E00158598,270,59,20,39,211,186,25,21.85185185185185,7.4074074074074066,14.444444444444443,78.14814814814814,68.88888888888889,9.25925925925926
E00158599,125,40,8,32,85,73,12,32,6.4,25.6,68,58.4,9.6
E00158600,146,40,16,24,106,92,14,27.397260273972602,10.95890410958904,16.43835616438356,72.6027397260274,63.013698630136986,9.58904109589041
E00158601,137,44,12,32,93,77,16,32.11678832116788,8.75912408759124,23.357664233576642,67.88321167883211,56.20437956204379,11.678832116788321
E00158602,177,46,16,30,131,111,20,25.98870056497175,9.03954802259887,16.94915254237288,74.01129943502825,62.71186440677966,11.299435028248588
E00158603,156,44,20,24,112,103,9,28.205128205128204,12.82051282051282,15.384615384615385,71.7948717948718,66.02564102564102,5.769230769230769
E00158604,135,38,7,31,97,88,9,28.14814814814815,5.185185185185185,22.962962962962962,71.85185185185186,65.18518518518519,6.666666666666667
E00158605,141,46,13,33,95,82,13,32.62411347517731,9.219858156028367,23.404255319148938,67.37588652482269,58.156028368794324,9.219858156028367
E00158606,131,48,13,35,83,74,9,36.6412213740458,9.923664122137405,26.717557251908396,63.358778625954194,56.48854961832062,6.870229007633588
E00158607,181,41,12,29,140,124,16,22.65193370165746,6.629834254143646,16.022099447513813,77.34806629834254,68.50828729281768,8.83977900552486
E00158608,125,32,10,22,93,81,12,25.6,8,17.599999999999998,74.4,64.8,9.6
E00158609,137,46,18,28,91,80,11,33.57664233576642,13.138686131386862,20.437956204379564,66.42335766423358,58.3941605839416,8.02919708029197
E00158610,210,61,20,41,149,135,14,29.04761904761905,9.523809523809524,19.523809523809526,70.95238095238095,64.28571428571429,6.666666666666667
E00158611,141,42,8,34,99,89,10,29.78723404255319,5.673758865248227,24.113475177304963,70.2127659574468,63.12056737588653,7.092198581560284
E00158612,61,19,4,15,42,35,7,31.147540983606557,6.557377049180328,24.59016393442623,68.85245901639344,57.377049180327866,11.475409836065573
E00158613,163,45,15,30,118,104,14,27.607361963190186,9.202453987730062,18.404907975460123,72.39263803680981,63.80368098159509,8.588957055214724
E00158614,178,60,19,41,118,106,12,33.70786516853933,10.674157303370785,23.03370786516854,66.29213483146067,59.55056179775281,6.741573033707865
E00158615,190,59,24,35,131,120,11,31.05263157894737,12.631578947368421,18.421052631578945,68.94736842105263,63.1578947368421,5.7894736842105265
E00158616,144,41,18,23,103,93,10,28.47222222222222,12.5,15.972222222222221,71.52777777777779,64.58333333333334,6.944444444444445
E00158617,246,72,20,52,174,162,12,29.268292682926827,8.130081300813007,21.138211382113823,70.73170731707317,65.85365853658537,4.878048780487805
E00158618,83,21,11,10,62,53,9,25.301204819277107,13.253012048192772,12.048192771084338,74.69879518072288,63.85542168674698,10.843373493975903
E00158619,195,43,8,35,152,127,25,22.05128205128205,4.102564102564102,17.94871794871795,77.94871794871796,65.12820512820512,12.82051282051282
E00158620,79,19,6,13,60,54,6,24.050632911392405,7.59493670886076,16.455696202531644,75.9493670886076,68.35443037974683,7.59493670886076
E00158621,158,42,9,33,116,99,17,26.582278481012654,5.69620253164557,20.88607594936709,73.41772151898735,62.65822784810127,10.759493670886076
E00158622,93,20,7,13,73,63,10,21.50537634408602,7.526881720430108,13.978494623655912,78.49462365591397,67.74193548387096,10.75268817204301
E00158623,153,43,13,30,110,99,11,28.104575163398692,8.49673202614379,19.607843137254903,71.89542483660131,64.70588235294117,7.18954248366013
E00158624,47,16,1,15,31,27,4,34.04255319148936,2.127659574468085,31.914893617021278,65.95744680851064,57.446808510638306,8.51063829787234
E00158625,149,48,13,35,101,95,6,32.21476510067114,8.724832214765101,23.48993288590604,67.78523489932886,63.758389261744966,4.026845637583892
E00158626,154,43,9,34,111,96,15,27.92207792207792,5.844155844155844,22.07792207792208,72.07792207792207,62.33766233766234,9.740259740259742
E00158627,136,31,14,17,105,92,13,22.794117647058822,10.294117647058822,12.5,77.20588235294117,67.64705882352942,9.558823529411764
E00158628,92,22,6,16,70,61,9,23.91304347826087,6.521739130434782,17.391304347826086,76.08695652173914,66.30434782608695,9.782608695652174
E00158629,163,33,7,26,130,112,18,20.245398773006134,4.294478527607362,15.950920245398773,79.75460122699386,68.71165644171779,11.042944785276074
E00158630,159,44,16,28,115,104,11,27.67295597484277,10.062893081761008,17.61006289308176,72.32704402515722,65.40880503144653,6.918238993710692
E00158631,144,43,15,28,101,85,16,29.86111111111111,10.416666666666668,19.444444444444446,70.13888888888889,59.02777777777778,11.11111111111111
E00158632,140,33,9,24,107,90,17,23.57142857142857,6.428571428571428,17.142857142857142,76.42857142857142,64.28571428571429,12.142857142857142
E00158633,120,33,10,23,87,80,7,27.500000000000004,8.333333333333332,19.166666666666668,72.5,66.66666666666666,5.833333333333333
E00158634,130,37,5,32,93,77,16,28.46153846153846,3.8461538461538463,24.615384615384617,71.53846153846153,59.23076923076923,12.307692307692308
E00158635,126,28,10,18,98,86,12,22.22222222222222,7.936507936507936,14.285714285714285,77.77777777777779,68.25396825396825,9.523809523809524
E00158636,163,47,13,34,116,100,16,28.834355828220858,7.975460122699387,20.858895705521473,71.16564417177914,61.34969325153374,9.815950920245399
E00158637,138,39,18,21,99,82,17,28.26086956521739,13.043478260869565,15.217391304347828,71.73913043478261,59.42028985507246,12.318840579710146
E00158638,108,30,11,19,78,66,12,27.77777777777778,10.185185185185185,17.59259259259259,72.22222222222221,61.111111111111114,11.11111111111111
E00158639,153,51,20,31,102,81,21,33.33333333333333,13.071895424836603,20.26143790849673,66.66666666666666,52.94117647058824,13.725490196078432
E00158640,127,32,9,23,95,79,16,25.196850393700785,7.086614173228346,18.11023622047244,74.80314960629921,62.20472440944882,12.598425196850393
E00158641,150,45,19,26,105,96,9,30,12.666666666666668,17.333333333333336,70,64,6
E00158642,122,37,14,23,85,77,8,30.327868852459016,11.475409836065573,18.852459016393443,69.67213114754098,63.114754098360656,6.557377049180328
E00158643,154,35,11,24,119,106,13,22.727272727272727,7.142857142857142,15.584415584415584,77.27272727272727,68.83116883116884,8.441558441558442
E00158644,116,31,10,21,85,69,16,26.72413793103448,8.620689655172415,18.103448275862068,73.27586206896551,59.48275862068966,13.793103448275861
E00158645,122,38,9,29,84,74,10,31.147540983606557,7.377049180327869,23.770491803278688,68.85245901639344,60.65573770491803,8.19672131147541
E00158646,132,40,12,28,92,78,14,30.303030303030305,9.090909090909092,21.21212121212121,69.6969696969697,59.09090909090909,10.606060606060606
E00158647,150,41,14,27,109,95,14,27.333333333333332,9.333333333333334,18,72.66666666666667,63.33333333333333,9.333333333333334
E00158648,107,22,8,14,85,71,14,20.5607476635514,7.476635514018691,13.084112149532709,79.43925233644859,66.35514018691589,13.084112149532709
E00158649,169,51,16,35,118,107,11,30.17751479289941,9.467455621301776,20.710059171597635,69.8224852071006,63.31360946745562,6.508875739644971
E00158650,132,42,10,32,90,82,8,31.818181818181817,7.575757575757576,24.242424242424242,68.18181818181817,62.121212121212125,6.0606060606060606
E00158651,135,39,12,27,96,80,16,28.888888888888886,8.88888888888889,20,71.11111111111111,59.25925925925925,11.851851851851853
E00165814,158,39,14,25,119,106,13,24.68354430379747,8.860759493670885,15.822784810126583,75.31645569620254,67.08860759493672,8.227848101265822
E00168280,190,39,14,25,151,135,16,20.526315789473685,7.368421052631578,13.157894736842104,79.47368421052632,71.05263157894737,8.421052631578947
E00168281,167,42,14,28,125,115,10,25.149700598802394,8.383233532934131,16.766467065868262,74.8502994011976,68.8622754491018,5.9880239520958085
E00168282,170,29,11,18,141,127,14,17.058823529411764,6.470588235294119,10.588235294117647,82.94117647058825,74.70588235294117,8.235294117647058
E00168283,183,28,11,17,155,130,25,15.300546448087433,6.0109289617486334,9.289617486338798,84.69945355191257,71.03825136612022,13.661202185792352
E00168284,218,60,28,32,158,139,19,27.522935779816514,12.844036697247708,14.678899082568808,72.47706422018348,63.76146788990825,8.715596330275229
E00168285,78,19,7,12,59,47,12,24.358974358974358,8.974358974358974,15.384615384615385,75.64102564102564,60.256410256410255,15.384615384615385
E00168286,129,24,7,17,105,95,10,18.6046511627907,5.426356589147287,13.178294573643413,81.3953488372093,73.64341085271317,7.751937984496124
E00168287,200,44,10,34,156,140,16,22,5,17,78,70,8
E00168288,131,38,13,25,93,77,16,29.00763358778626,9.923664122137405,19.083969465648856,70.99236641221374,58.778625954198475,12.213740458015266
E00168289,111,30,11,19,81,71,10,27.027027027027028,9.90990990990991,17.117117117117118,72.97297297297297,63.96396396396396,9.00900900900901
E00168290,179,42,15,27,137,111,26,23.463687150837988,8.379888268156424,15.083798882681565,76.53631284916202,62.01117318435754,14.52513966480447
E00168291,160,32,12,20,128,119,9,20,7.5,12.5,80,74.375,5.625
E00168292,225,43,6,37,182,166,16,19.11111111111111,2.666666666666667,16.444444444444446,80.88888888888889,73.77777777777777,7.111111111111111
E00168293,135,28,7,21,107,99,8,20.74074074074074,5.185185185185185,15.555555555555555,79.25925925925927,73.33333333333333,5.9259259259259265
E00168294,200,50,13,37,150,129,21,25,6.5,18.5,75,64.5,10.5
E00168295,210,60,19,41,150,137,13,28.57142857142857,9.047619047619047,19.523809523809526,71.42857142857143,65.23809523809524,6.190476190476191
E00168296,194,52,16,36,142,117,25,26.804123711340207,8.24742268041237,18.556701030927837,73.19587628865979,60.30927835051546,12.886597938144329
E00168297,137,32,11,21,105,88,17,23.357664233576642,8.02919708029197,15.328467153284672,76.64233576642336,64.23357664233576,12.408759124087592
E00168298,68,20,4,16,48,38,10,29.411764705882355,5.88235294117647,23.52941176470588,70.58823529411765,55.88235294117647,14.705882352941178
E00168299,149,31,4,27,118,102,16,20.80536912751678,2.684563758389262,18.120805369127517,79.19463087248322,68.45637583892618,10.738255033557047
E00168300,208,53,18,35,155,130,25,25.48076923076923,8.653846153846153,16.826923076923077,74.51923076923077,62.5,12.01923076923077
E00168301,176,45,19,26,131,105,26,25.568181818181817,10.795454545454545,14.772727272727273,74.43181818181817,59.65909090909091,14.772727272727273
E00168302,76,26,7,19,50,48,2,34.21052631578947,9.210526315789473,25,65.78947368421053,63.1578947368421,2.631578947368421
E00168303,187,29,5,24,158,130,28,15.508021390374333,2.6737967914438503,12.834224598930483,84.49197860962568,69.5187165775401,14.973262032085561
E00186868,204,58,17,41,146,120,26,28.431372549019606,8.333333333333332,20.098039215686274,71.56862745098039,58.82352941176471,12.745098039215685
E00186874,206,33,8,25,173,154,19,16.019417475728158,3.8834951456310676,12.135922330097088,83.98058252427184,74.75728155339806,9.223300970873787
E00186886,148,40,11,29,108,91,17,27.027027027027028,7.4324324324324325,19.594594594594593,72.97297297297297,61.48648648648649,11.486486486486488
E00186888,121,29,7,22,92,79,13,23.96694214876033,5.785123966942149,18.181818181818183,76.03305785123968,65.28925619834712,10.743801652892563
E00186896,39,8,0,8,31,26,5,20.51282051282051,0,20.51282051282051,79.48717948717949,66.66666666666666,12.82051282051282
E00186902,77,25,6,19,52,41,11,32.467532467532465,7.792207792207792,24.675324675324674,67.53246753246754,53.246753246753244,14.285714285714285
E00186906,245,62,21,41,183,148,35,25.30612244897959,8.571428571428571,16.73469387755102,74.6938775510204,60.40816326530612,14.285714285714285
E00186912,136,34,12,22,102,90,12,25,8.823529411764707,16.176470588235293,75,66.17647058823529,8.823529411764707
E00186916,191,38,17,21,153,125,28,19.895287958115183,8.900523560209423,10.99476439790576,80.10471204188482,65.44502617801047,14.659685863874344
E00186922,173,33,10,23,140,125,15,19.07514450867052,5.780346820809249,13.294797687861271,80.92485549132948,72.25433526011561,8.670520231213873
E00186949,91,34,8,26,57,50,7,37.362637362637365,8.791208791208792,28.57142857142857,62.637362637362635,54.94505494505495,7.6923076923076925
E00186952,70,19,5,14,51,47,4,27.142857142857142,7.142857142857142,20,72.85714285714285,67.14285714285714,5.714285714285714
E00186958,239,42,12,30,197,169,28,17.573221757322173,5.02092050209205,12.552301255230125,82.42677824267783,70.7112970711297,11.715481171548117
E00186959,258,48,12,36,210,182,28,18.6046511627907,4.651162790697675,13.953488372093023,81.3953488372093,70.54263565891473,10.852713178294573
E00186963,171,40,11,29,131,119,12,23.391812865497073,6.432748538011696,16.95906432748538,76.60818713450293,69.5906432748538,7.017543859649122
E00186967,240,55,13,42,185,168,17,22.916666666666664,5.416666666666667,17.5,77.08333333333334,70,7.083333333333333
E00186976,243,54,14,40,189,171,18,22.22222222222222,5.761316872427984,16.46090534979424,77.77777777777779,70.37037037037037,7.4074074074074066
E00186981,233,57,13,44,176,146,30,24.463519313304722,5.579399141630901,18.88412017167382,75.53648068669528,62.66094420600859,12.875536480686694
E00186984,119,25,9,16,94,78,16,21.008403361344538,7.563025210084033,13.445378151260504,78.99159663865547,65.54621848739495,13.445378151260504
E00186990,239,53,16,37,186,161,25,22.17573221757322,6.694560669456067,15.481171548117153,77.82426778242679,67.36401673640168,10.460251046025103
E00186999,134,38,16,22,96,89,7,28.35820895522388,11.940298507462686,16.417910447761194,71.64179104477611,66.4179104477612,5.223880597014925
E00187002,174,38,11,27,136,116,20,21.839080459770116,6.321839080459771,15.517241379310345,78.16091954022988,66.66666666666666,11.494252873563218
E00187003,192,46,12,34,146,125,21,23.958333333333336,6.25,17.708333333333336,76.04166666666666,65.10416666666666,10.9375
E00187006,311,62,21,41,249,212,37,19.935691318327976,6.752411575562702,13.183279742765272,80.06430868167203,68.16720257234726,11.89710610932476
E00187008,119,33,7,26,86,72,14,27.73109243697479,5.88235294117647,21.84873949579832,72.26890756302521,60.50420168067227,11.76470588235294
E00187009,276,54,25,29,222,192,30,19.565217391304348,9.057971014492754,10.507246376811594,80.43478260869566,69.56521739130434,10.869565217391305
