OA,ts0380001,ts0380002,ts0380003,ts0380004,ts0380005,ts0380006,ts0380007,ts0380002_PCT,ts0380003_PCT,ts0380004_PCT,ts0380005_PCT,ts0380006_PCT,ts0380007_PCT
E00101076,284,37,14,23,247,17,230,13.028169014084506,4.929577464788732,8.098591549295776,86.97183098591549,5.985915492957746,80.98591549295774
E00101077,408,147,107,40,261,21,240,36.029411764705884,26.225490196078432,9.803921568627452,63.970588235294116,5.147058823529411,58.82352941176471
E00101078,275,52,19,33,223,19,204,18.90909090909091,6.909090909090909,12,81.0909090909091,6.909090909090909,74.18181818181819
E00101079,291,63,27,36,228,23,205,21.649484536082475,9.278350515463918,12.371134020618557,78.35051546391753,7.903780068728522,70.44673539518901
E00101080,335,58,21,37,277,38,239,17.313432835820898,6.26865671641791,11.044776119402986,82.68656716417911,11.343283582089553,71.34328358208955
E00101081,362,76,35,41,286,29,257,20.994475138121548,9.668508287292818,11.32596685082873,79.00552486187846,8.011049723756907,70.99447513812154
E00101082,281,56,29,27,225,19,206,19.9288256227758,10.320284697508896,9.608540925266903,80.0711743772242,6.761565836298933,73.30960854092527
E00101083,290,49,20,29,241,16,225,16.896551724137932,6.896551724137931,10,83.10344827586206,5.517241379310345,77.58620689655173
E00101084,251,33,10,23,218,18,200,13.147410358565736,3.9840637450199203,9.163346613545817,86.85258964143426,7.171314741035857,79.6812749003984
E00101085,221,26,7,19,195,14,181,11.76470588235294,3.167420814479638,8.597285067873303,88.23529411764706,6.334841628959276,81.90045248868778
E00101086,384,60,17,43,324,25,299,15.625,4.427083333333334,11.197916666666668,84.375,6.510416666666667,77.86458333333334
E00101087,289,59,25,34,230,17,213,20.415224913494807,8.650519031141869,11.76470588235294,79.58477508650519,5.88235294117647,73.70242214532871
E00101088,225,36,10,26,189,18,171,16,4.444444444444445,11.555555555555555,84,8,76
E00101089,238,61,24,37,177,20,157,25.630252100840334,10.084033613445378,15.546218487394958,74.36974789915966,8.403361344537815,65.96638655462185
E00101090,264,40,13,27,224,20,204,15.151515151515152,4.924242424242424,10.227272727272728,84.84848484848484,7.575757575757576,77.27272727272727
E00101091,276,40,19,21,236,25,211,14.492753623188406,6.884057971014493,7.608695652173914,85.5072463768116,9.057971014492754,76.44927536231883
E00101092,285,45,14,31,240,26,214,15.789473684210526,4.912280701754386,10.87719298245614,84.21052631578947,9.12280701754386,75.08771929824562
E00101093,263,46,14,32,217,24,193,17.490494296577946,5.323193916349809,12.167300380228136,82.50950570342205,9.125475285171103,73.38403041825094
E00101094,230,30,10,20,200,25,175,13.043478260869565,4.3478260869565215,8.695652173913043,86.95652173913044,10.869565217391305,76.08695652173914
E00101095,273,48,14,34,225,37,188,17.582417582417584,5.128205128205128,12.454212454212454,82.41758241758241,13.553113553113553,68.86446886446886
E00101096,308,125,84,41,183,19,164,40.58441558441558,27.27272727272727,13.311688311688311,59.41558441558441,6.1688311688311686,53.246753246753244
E00101097,202,29,7,22,173,13,160,14.356435643564355,3.4653465346534658,10.891089108910892,85.64356435643565,6.435643564356436,79.20792079207921
E00101098,254,54,25,29,200,27,173,21.25984251968504,9.84251968503937,11.41732283464567,78.74015748031496,10.62992125984252,68.11023622047244
E00101099,275,41,16,25,234,19,215,14.909090909090908,5.818181818181818,9.090909090909092,85.0909090909091,6.909090909090909,78.18181818181819
E00101100,279,72,29,43,207,30,177,25.806451612903224,10.39426523297491,15.412186379928317,74.19354838709677,10.75268817204301,63.44086021505376
E00101101,232,33,16,17,199,22,177,14.224137931034484,6.896551724137931,7.327586206896551,85.77586206896551,9.482758620689655,76.29310344827587
E00101102,297,45,14,31,252,29,223,15.151515151515152,4.713804713804714,10.437710437710438,84.84848484848484,9.764309764309765,75.08417508417509
E00101103,315,43,20,23,272,24,248,13.65079365079365,6.349206349206349,7.301587301587302,86.34920634920636,7.6190476190476195,78.73015873015873
E00101104,324,80,18,62,244,18,226,24.691358024691358,5.555555555555555,19.1358024691358,75.30864197530865,5.555555555555555,69.75308641975309
E00101105,209,58,29,29,151,20,131,27.751196172248804,13.875598086124402,13.875598086124402,72.24880382775119,9.569377990430622,62.67942583732058
E00101106,301,54,25,29,247,27,220,17.940199335548172,8.305647840531561,9.634551495016613,82.05980066445183,8.970099667774086,73.08970099667775
E00101107,297,52,18,34,245,18,227,17.50841750841751,6.0606060606060606,11.447811447811448,82.49158249158249,6.0606060606060606,76.43097643097643
E00101108,372,84,34,50,288,23,265,22.58064516129032,9.13978494623656,13.440860215053762,77.41935483870968,6.182795698924731,71.23655913978494
E00101109,258,49,16,33,209,25,184,18.992248062015506,6.2015503875969,12.790697674418606,81.0077519379845,9.689922480620156,71.31782945736434
E00101110,323,62,26,36,261,29,232,19.195046439628484,8.04953560371517,11.145510835913312,80.80495356037152,8.978328173374612,71.8266253869969
E00101111,302,47,21,26,255,23,232,15.562913907284766,6.95364238410596,8.609271523178808,84.43708609271523,7.6158940397351,76.82119205298014
E00101112,274,60,21,39,214,16,198,21.897810218978105,7.664233576642336,14.233576642335766,78.1021897810219,5.839416058394161,72.26277372262774
E00101113,358,77,34,43,281,30,251,21.508379888268156,9.497206703910614,12.011173184357542,78.49162011173185,8.379888268156424,70.11173184357543
E00101114,297,76,30,46,221,20,201,25.589225589225588,10.1010101010101,15.488215488215488,74.41077441077442,6.7340067340067336,67.67676767676768
E00101115,293,52,20,32,241,23,218,17.747440273037544,6.825938566552901,10.921501706484642,82.25255972696246,7.849829351535837,74.40273037542661
E00101116,362,47,11,36,315,26,289,12.98342541436464,3.0386740331491713,9.94475138121547,87.01657458563537,7.18232044198895,79.8342541436464
E00101117,415,166,56,110,249,23,226,40,13.493975903614459,26.506024096385545,60,5.542168674698795,54.45783132530121
E00101118,251,69,20,49,182,12,170,27.490039840637447,7.968127490039841,19.52191235059761,72.50996015936255,4.780876494023905,67.729083665338635
E00101119,424,63,25,38,361,37,324,14.858490566037736,5.89622641509434,8.962264150943396,85.14150943396226,8.726415094339622,76.41509433962264
E00101120,291,37,10,27,254,27,227,12.714776632302405,3.436426116838488,9.278350515463918,87.2852233676976,9.278350515463918,78.00687285223368
E00101121,346,54,24,30,292,24,268,15.606936416184972,6.9364161849710975,8.670520231213873,84.39306358381504,6.9364161849710975,77.45664739884393
E00101122,290,61,37,24,229,19,210,21.03448275862069,12.758620689655173,8.275862068965518,78.96551724137932,6.551724137931035,72.41379310344827
E00101123,197,62,25,37,135,13,122,31.472081218274113,12.690355329949238,18.781725888324875,68.52791878172589,6.598984771573605,61.92893401015228
E00101124,887,113,18,95,774,58,716,12.73957158962796,2.029312288613303,10.710259301014656,87.26042841037204,6.538895152198422,80.72153325817362
E00101125,327,88,61,27,239,23,216,26.911314984709477,18.654434250764528,8.256880733944955,73.08868501529052,7.033639143730887,66.05504587155964
E00101126,331,60,15,45,271,22,249,18.12688821752266,4.531722054380665,13.595166163141995,81.87311178247734,6.646525679758309,75.22658610271903
E00101127,284,53,18,35,231,27,204,18.661971830985916,6.338028169014084,12.323943661971832,81.33802816901408,9.507042253521126,71.83098591549296
E00101129,227,47,16,31,180,16,164,20.704845814977972,7.048458149779736,13.656387665198238,79.29515418502203,7.048458149779736,72.24669603524228
E00101130,819,114,31,83,705,70,635,13.91941391941392,3.785103785103785,10.134310134310134,86.08058608058609,8.547008547008547,77.53357753357754
E00101131,972,168,47,121,804,68,736,17.28395061728395,4.8353909465020575,12.448559670781894,82.71604938271605,6.995884773662551,75.7201646090535
E00101132,532,65,18,47,467,48,419,12.218045112781954,3.3834586466165413,8.834586466165414,87.78195488721805,9.022556390977442,78.7593984962406
E00101133,251,88,50,38,163,15,148,35.0597609561753,19.9203187250996,15.139442231075698,64.9402390438247,5.9760956175298805,58.964143426294825
E00101134,244,29,9,20,215,25,190,11.885245901639344,3.6885245901639343,8.19672131147541,88.11475409836066,10.245901639344263,77.8688524590164
E00101135,253,77,37,40,176,17,159,30.434782608695656,14.624505928853754,15.810276679841898,69.56521739130434,6.719367588932807,62.845849802371546
E00101136,227,44,13,31,183,24,159,19.383259911894275,5.726872246696035,13.656387665198238,80.61674008810573,10.572687224669604,70.04405286343612
E00101137,298,48,14,34,250,23,227,16.10738255033557,4.697986577181208,11.409395973154362,83.89261744966443,7.718120805369128,76.1744966442953
E00101138,346,82,33,49,264,28,236,23.699421965317917,9.53757225433526,14.16184971098266,76.30057803468208,8.092485549132949,68.20809248554913
E00101139,335,58,29,29,277,20,257,17.313432835820898,8.656716417910449,8.656716417910449,82.68656716417911,5.970149253731343,76.71641791044776
E00101140,359,73,36,37,286,26,260,20.334261838440113,10.027855153203342,10.30640668523677,79.66573816155989,7.242339832869081,72.42339832869081
E00101141,357,47,14,33,310,31,279,13.165266106442578,3.9215686274509802,9.243697478991598,86.83473389355743,8.683473389355742,78.15126050420169
E00101142,232,32,15,17,200,19,181,13.793103448275861,6.4655172413793105,7.327586206896551,86.20689655172413,8.189655172413794,78.01724137931035
E00101143,239,80,37,43,159,15,144,33.47280334728033,15.481171548117153,17.99163179916318,66.52719665271967,6.2761506276150625,60.25104602510461
E00101144,332,61,21,40,271,21,250,18.373493975903614,6.325301204819277,12.048192771084338,81.62650602409639,6.325301204819277,75.30120481927712
E00101145,273,35,13,22,238,26,212,12.82051282051282,4.761904761904762,8.058608058608058,87.17948717948718,9.523809523809524,77.65567765567766
E00101146,451,80,25,55,371,37,334,17.738359201773836,5.543237250554324,12.195121951219512,82.26164079822617,8.2039911308204,74.05764966740577
E00101147,267,39,15,24,228,20,208,14.606741573033707,5.617977528089887,8.98876404494382,85.39325842696628,7.490636704119851,77.90262172284645
E00101148,592,98,37,61,494,38,456,16.554054054054053,6.25,10.304054054054054,83.44594594594594,6.418918918918918,77.02702702702703
E00101149,276,40,12,28,236,25,211,14.492753623188406,4.3478260869565215,10.144927536231885,85.5072463768116,9.057971014492754,76.44927536231883
E00101150,293,46,18,28,247,25,222,15.699658703071673,6.143344709897611,9.556313993174061,84.30034129692832,8.532423208191126,75.76791808873719
E00101151,302,49,19,30,253,18,235,16.225165562913908,6.291390728476822,9.933774834437086,83.77483443708608,5.960264900662252,77.81456953642383
E00101152,235,40,16,24,195,20,175,17.02127659574468,6.808510638297872,10.212765957446807,82.97872340425532,8.51063829787234,74.46808510638297
E00101153,311,45,18,27,266,16,250,14.469453376205788,5.787781350482315,8.681672025723474,85.53054662379421,5.144694533762058,80.38585209003215
E00101154,290,48,17,31,242,25,217,16.551724137931036,5.862068965517241,10.689655172413794,83.44827586206897,8.620689655172415,74.82758620689656
E00101155,213,42,10,32,171,17,154,19.718309859154928,4.694835680751173,15.023474178403756,80.28169014084507,7.981220657276995,72.30046948356808
E00101156,256,33,14,19,223,15,208,12.890625,5.46875,7.421875,87.109375,5.859375,81.25
E00101157,327,41,6,35,286,31,255,12.538226299694188,1.834862385321101,10.703363914373089,87.46177370030581,9.480122324159021,77.98165137614679
E00101158,223,40,12,28,183,12,171,17.937219730941703,5.381165919282512,12.556053811659194,82.0627802690583,5.381165919282512,76.68161434977578
E00101159,307,73,29,44,234,19,215,23.778501628664493,9.446254071661238,14.332247557003258,76.2214983713355,6.188925081433225,70.03257328990227
E00101160,256,45,18,27,211,22,189,17.578125,7.03125,10.546875,82.421875,8.59375,73.828125
E00101161,260,58,25,33,202,15,187,22.30769230769231,9.615384615384617,12.692307692307692,77.6923076923077,5.769230769230769,71.92307692307692
E00101162,281,60,25,35,221,14,207,21.352313167259787,8.896797153024911,12.455516014234876,78.64768683274022,4.98220640569395,73.66548042704626
E00101163,500,117,43,74,383,42,341,23.400000000000002,8.6,14.799999999999999,76.6,8.4,68.2
E00101164,308,49,12,37,259,20,239,15.909090909090908,3.896103896103896,12.012987012987013,84.0909090909091,6.493506493506493,77.59740259740259
E00101165,300,45,14,31,255,30,225,15,4.666666666666667,10.333333333333334,85,10,75
E00101166,408,108,42,66,300,43,257,26.47058823529412,10.294117647058822,16.176470588235293,73.52941176470588,10.53921568627451,62.99019607843137
E00101167,289,42,9,33,247,32,215,14.53287197231834,3.1141868512110724,11.418685121107266,85.46712802768167,11.072664359861593,74.39446366782006
E00101168,277,44,14,30,233,19,214,15.884476534296029,5.054151624548736,10.830324909747292,84.11552346570397,6.859205776173286,77.25631768953069
E00101169,333,51,22,29,282,39,243,15.315315315315313,6.606606606606606,8.708708708708707,84.68468468468468,11.711711711711711,72.97297297297297
E00101170,338,53,20,33,285,26,259,15.680473372781064,5.9171597633136095,9.763313609467456,84.31952662721893,7.6923076923076925,76.62721893491124
E00101171,323,52,22,30,271,26,245,16.09907120743034,6.811145510835913,9.287925696594428,83.90092879256966,8.04953560371517,75.85139318885449
E00101172,300,31,12,19,269,21,248,10.333333333333334,4,6.333333333333334,89.66666666666666,7.000000000000001,82.66666666666667
E00101173,258,41,16,25,217,26,191,15.891472868217054,6.2015503875969,9.689922480620156,84.10852713178295,10.077519379844961,74.03100775193798
E00101174,266,46,13,33,220,22,198,17.293233082706767,4.887218045112782,12.406015037593985,82.70676691729322,8.270676691729323,74.43609022556392
E00101175,304,50,17,33,254,27,227,16.447368421052634,5.592105263157895,10.855263157894738,83.55263157894737,8.881578947368421,74.67105263157895
E00101176,309,35,8,27,274,32,242,11.326860841423949,2.5889967637540456,8.737864077669903,88.67313915857605,10.355987055016183,78.31715210355988
E00101177,277,33,19,14,244,25,219,11.913357400722022,6.859205776173286,5.054151624548736,88.08664259927798,9.025270758122744,79.06137184115524
E00101178,272,39,13,26,233,28,205,14.338235294117647,4.779411764705882,9.558823529411764,85.66176470588235,10.294117647058822,75.36764705882352
E00101179,281,56,21,35,225,28,197,19.9288256227758,7.473309608540925,12.455516014234876,80.0711743772242,9.9644128113879,70.1067615658363
E00101180,413,82,50,32,331,34,297,19.854721549636803,12.106537530266344,7.74818401937046,80.1452784503632,8.232445520581114,71.91283292978208
E00101181,288,39,16,23,249,31,218,13.541666666666666,5.555555555555555,7.986111111111111,86.45833333333334,10.76388888888889,75.69444444444444
E00101182,281,69,38,31,212,15,197,24.555160142348754,13.523131672597867,11.032028469750891,75.44483985765125,5.338078291814947,70.1067615658363
E00101183,284,67,20,47,217,22,195,23.591549295774648,7.042253521126761,16.549295774647888,76.40845070422534,7.746478873239436,68.66197183098592
E00101184,308,68,28,40,240,19,221,22.07792207792208,9.090909090909092,12.987012987012985,77.92207792207793,6.1688311688311686,71.75324675324676
E00101185,357,68,22,46,289,25,264,19.047619047619047,6.162464985994398,12.885154061624648,80.95238095238095,7.002801120448179,73.94957983193278
E00101186,317,47,14,33,270,13,257,14.826498422712934,4.416403785488959,10.410094637223976,85.17350157728707,4.100946372239748,81.07255520504731
E00101187,366,85,41,44,281,15,266,23.224043715846996,11.202185792349727,12.021857923497267,76.775956284153,4.098360655737705,72.6775956284153
E00101188,328,61,23,38,267,12,255,18.597560975609756,7.01219512195122,11.585365853658537,81.40243902439023,3.6585365853658534,77.7439024390244
E00101189,292,46,23,23,246,28,218,15.753424657534246,7.876712328767123,7.876712328767123,84.24657534246576,9.58904109589041,74.65753424657534
E00101190,252,51,19,32,201,20,181,20.238095238095237,7.5396825396825395,12.698412698412698,79.76190476190477,7.936507936507936,71.82539682539682
E00101191,265,58,16,42,207,21,186,21.88679245283019,6.037735849056604,15.849056603773585,78.11320754716982,7.9245283018867925,70.18867924528301
E00101192,311,57,20,37,254,21,233,18.327974276527332,6.430868167202572,11.89710610932476,81.67202572347267,6.752411575562702,74.91961414790997
E00101193,326,97,39,58,229,22,207,29.754601226993866,11.96319018404908,17.791411042944784,70.24539877300614,6.748466257668712,63.49693251533742
E00101194,386,78,39,39,308,33,275,20.207253886010363,10.103626943005182,10.103626943005182,79.79274611398964,8.549222797927461,71.24352331606218
E00101195,315,43,11,32,272,45,227,13.65079365079365,3.492063492063492,10.158730158730158,86.34920634920636,14.285714285714285,72.06349206349206
E00101196,272,48,17,31,224,20,204,17.647058823529413,6.25,11.397058823529411,82.35294117647058,7.352941176470589,75
E00101197,311,57,27,30,254,21,233,18.327974276527332,8.681672025723474,9.646302250803858,81.67202572347267,6.752411575562702,74.91961414790997
E00101198,276,54,21,33,222,25,197,19.565217391304348,7.608695652173914,11.956521739130435,80.43478260869566,9.057971014492754,71.37681159420289
E00101199,280,40,15,25,240,17,223,14.285714285714285,5.357142857142857,8.928571428571429,85.71428571428571,6.071428571428571,79.64285714285714
E00101200,302,51,15,36,251,27,224,16.887417218543046,4.966887417218543,11.920529801324504,83.11258278145695,8.940397350993377,74.17218543046357
E00101201,370,89,27,62,281,31,250,24.054054054054056,7.297297297297297,16.756756756756758,75.94594594594595,8.378378378378379,67.56756756756756
E00101202,395,52,12,40,343,27,316,13.164556962025317,3.0379746835443036,10.126582278481013,86.83544303797468,6.8354430379746836,80
E00101203,242,42,12,30,200,19,181,17.355371900826448,4.958677685950414,12.396694214876034,82.64462809917356,7.851239669421488,74.79338842975206
E00101204,216,45,19,26,171,18,153,20.833333333333336,8.796296296296296,12.037037037037036,79.16666666666666,8.333333333333332,70.83333333333334
E00101206,563,92,24,68,471,39,432,16.341030195381883,4.262877442273535,12.078152753108348,83.65896980461812,6.927175843694494,76.73179396092362
E00101207,423,67,12,55,356,25,331,15.839243498817968,2.8368794326241136,13.002364066193852,84.16075650118204,5.91016548463357,78.25059101654847
E00101208,187,51,17,34,136,13,123,27.27272727272727,9.090909090909092,18.181818181818183,72.72727272727273,6.951871657754011,65.77540106951871
E00101209,263,50,23,27,213,20,193,19.011406844106464,8.745247148288973,10.26615969581749,80.98859315589354,7.604562737642586,73.38403041825094
E00101210,235,50,15,35,185,26,159,21.27659574468085,6.382978723404255,14.893617021276595,78.72340425531915,11.063829787234042,67.65957446808511
E00101211,236,107,56,51,129,12,117,45.33898305084746,23.728813559322035,21.610169491525426,54.66101694915254,5.084745762711865,49.57627118644068
E00101212,294,42,11,31,252,25,227,14.285714285714285,3.741496598639456,10.54421768707483,85.71428571428571,8.503401360544217,77.21088435374149
E00101213,206,79,48,31,127,11,116,38.349514563106794,23.300970873786408,15.048543689320388,61.6504854368932,5.339805825242718,56.310679611650485
E00101214,284,83,44,39,201,25,176,29.225352112676056,15.492957746478872,13.732394366197184,70.77464788732394,8.80281690140845,61.97183098591549
E00101215,338,56,11,45,282,26,256,16.56804733727811,3.2544378698224854,13.313609467455622,83.4319526627219,7.6923076923076925,75.7396449704142
E00101216,257,63,23,40,194,27,167,24.5136186770428,8.949416342412452,15.56420233463035,75.4863813229572,10.505836575875486,64.98054474708171
E00101217,330,59,13,46,271,30,241,17.87878787878788,3.939393939393939,13.939393939393941,82.12121212121211,9.090909090909092,73.03030303030303
E00101218,289,48,7,41,241,19,222,16.608996539792386,2.422145328719723,14.186851211072666,83.39100346020761,6.5743944636678195,76.8166089965398
E00101219,331,49,19,30,282,32,250,14.803625377643503,5.740181268882175,9.06344410876133,85.1963746223565,9.667673716012084,75.52870090634441
E00101220,337,45,11,34,292,35,257,13.353115727002967,3.2640949554896146,10.089020771513352,86.64688427299704,10.385756676557865,76.26112759643917
E00101221,272,41,8,33,231,36,195,15.073529411764705,2.941176470588235,12.132352941176471,84.92647058823529,13.23529411764706,71.69117647058823
E00101222,284,74,42,32,210,17,193,26.056338028169012,14.788732394366196,11.267605633802818,73.94366197183099,5.985915492957746,67.95774647887323
E00101223,219,66,29,37,153,17,136,30.136986301369863,13.24200913242009,16.894977168949772,69.86301369863014,7.76255707762557,62.10045662100456
E00101224,382,53,14,39,329,37,292,13.874345549738221,3.664921465968586,10.209424083769633,86.12565445026178,9.68586387434555,76.43979057591623
E00101225,216,55,32,23,161,17,144,25.462962962962965,14.814814814814813,10.648148148148149,74.53703703703704,7.87037037037037,66.66666666666666
E00101226,336,62,20,42,274,22,252,18.452380952380953,5.952380952380952,12.5,81.54761904761905,6.547619047619048,75
E00101227,329,52,10,42,277,31,246,15.80547112462006,3.0395136778115504,12.76595744680851,84.19452887537993,9.422492401215806,74.77203647416414
E00101228,255,56,19,37,199,13,186,21.96078431372549,7.450980392156863,14.50980392156863,78.03921568627452,5.098039215686274,72.94117647058823
E00101229,325,40,12,28,285,35,250,12.307692307692308,3.6923076923076925,8.615384615384615,87.6923076923077,10.76923076923077,76.92307692307693
E00101230,229,32,13,19,197,19,178,13.973799126637553,5.676855895196507,8.296943231441048,86.02620087336244,8.296943231441048,77.72925764192141
E00101231,276,54,15,39,222,30,192,19.565217391304348,5.434782608695652,14.130434782608695,80.43478260869566,10.869565217391305,69.56521739130434
E00101232,240,41,19,22,199,15,184,17.083333333333332,7.916666666666666,9.166666666666666,82.91666666666667,6.25,76.66666666666667
E00101233,317,42,6,36,275,19,256,13.249211356466878,1.8927444794952681,11.35646687697161,86.75078864353313,5.993690851735016,80.7570977917981
E00101234,242,48,13,35,194,17,177,19.834710743801654,5.371900826446281,14.46280991735537,80.16528925619835,7.024793388429752,73.14049586776859
E00101235,278,34,7,27,244,20,224,12.23021582733813,2.5179856115107913,9.712230215827338,87.76978417266187,7.1942446043165464,80.57553956834532
E00101236,261,45,20,25,216,10,206,17.24137931034483,7.662835249042145,9.578544061302683,82.75862068965517,3.8314176245210727,78.9272030651341
E00101237,267,45,16,29,222,35,187,16.853932584269664,5.992509363295881,10.861423220973784,83.14606741573034,13.108614232209737,70.0374531835206
E00101238,308,76,34,42,232,16,216,24.675324675324674,11.03896103896104,13.636363636363635,75.32467532467533,5.194805194805195,70.12987012987013
E00101239,370,55,22,33,315,33,282,14.864864864864865,5.9459459459459465,8.91891891891892,85.13513513513513,8.91891891891892,76.21621621621621
E00101240,301,50,14,36,251,26,225,16.611295681063122,4.651162790697675,11.960132890365449,83.38870431893687,8.637873754152823,74.75083056478405
E00101241,318,77,36,41,241,24,217,24.21383647798742,11.320754716981133,12.89308176100629,75.78616352201259,7.547169811320755,68.23899371069182
E00101243,262,65,33,32,197,15,182,24.80916030534351,12.595419847328243,12.213740458015266,75.19083969465649,5.7251908396946565,69.46564885496184
E00101244,318,60,26,34,258,23,235,18.867924528301888,8.176100628930817,10.69182389937107,81.13207547169812,7.232704402515723,73.89937106918238
E00101245,612,105,39,66,507,39,468,17.15686274509804,6.372549019607843,10.784313725490197,82.84313725490196,6.372549019607843,76.47058823529412
E00101246,464,67,22,45,397,29,368,14.439655172413794,4.741379310344827,9.698275862068966,85.5603448275862,6.25,79.3103448275862
E00101247,272,48,22,26,224,27,197,17.647058823529413,8.088235294117647,9.558823529411764,82.35294117647058,9.926470588235293,72.42647058823529
E00101248,481,95,36,59,386,35,351,19.75051975051975,7.484407484407485,12.266112266112266,80.24948024948026,7.276507276507277,72.97297297297297
E00101249,249,47,22,25,202,33,169,18.87550200803213,8.835341365461847,10.040160642570282,81.12449799196787,13.253012048192772,67.8714859437751
E00101251,283,36,9,27,247,30,217,12.7208480565371,3.180212014134275,9.540636042402827,87.27915194346289,10.60070671378092,76.67844522968198
E00101252,267,53,20,33,214,22,192,19.850187265917604,7.490636704119851,12.359550561797752,80.14981273408239,8.239700374531834,71.91011235955057
E00101253,596,120,58,62,476,39,437,20.13422818791946,9.731543624161073,10.40268456375839,79.86577181208054,6.543624161073826,73.3221476510067
E00101255,464,126,57,69,338,26,312,27.155172413793103,12.284482758620689,14.870689655172415,72.84482758620689,5.603448275862069,67.24137931034483
E00101256,340,70,38,32,270,27,243,20.588235294117645,11.176470588235295,9.411764705882353,79.41176470588235,7.941176470588235,71.47058823529412
E00101257,262,60,22,38,202,21,181,22.900763358778626,8.396946564885496,14.50381679389313,77.09923664122137,8.015267175572518,69.08396946564885
E00101258,370,98,47,51,272,24,248,26.486486486486488,12.702702702702704,13.783783783783784,73.51351351351352,6.486486486486487,67.02702702702703
E00101259,340,40,13,27,300,29,271,11.76470588235294,3.823529411764706,7.941176470588235,88.23529411764706,8.529411764705882,79.70588235294119
E00101260,338,47,15,32,291,26,265,13.905325443786982,4.437869822485207,9.467455621301776,86.09467455621301,7.6923076923076925,78.40236686390533
E00101261,388,67,41,26,321,35,286,17.2680412371134,10.56701030927835,6.701030927835052,82.73195876288659,9.02061855670103,73.71134020618557
E00101262,280,48,14,34,232,27,205,17.142857142857142,5,12.142857142857142,82.85714285714286,9.642857142857144,73.21428571428571
E00101263,365,66,20,46,299,25,274,18.08219178082192,5.47945205479452,12.602739726027398,81.91780821917808,6.8493150684931505,75.06849315068493
E00101264,409,42,8,34,367,40,327,10.268948655256724,1.9559902200488997,8.312958435207824,89.73105134474328,9.7799511002445,79.95110024449878
E00101265,242,41,16,25,201,24,177,16.94214876033058,6.6115702479338845,10.330578512396695,83.05785123966942,9.917355371900827,73.14049586776859
E00101266,304,40,11,29,264,32,232,13.157894736842104,3.618421052631579,9.539473684210527,86.8421052631579,10.526315789473683,76.31578947368422
E00101267,271,52,17,35,219,19,200,19.18819188191882,6.273062730627306,12.915129151291513,80.81180811808119,7.011070110701106,73.80073800738008
E00101268,313,53,18,35,260,36,224,16.93290734824281,5.7507987220447285,11.182108626198083,83.06709265175719,11.501597444089457,71.56549520766772
E00101269,254,38,8,30,216,31,185,14.960629921259844,3.149606299212598,11.811023622047244,85.03937007874016,12.204724409448819,72.83464566929135
E00101270,502,118,47,71,384,34,350,23.50597609561753,9.362549800796813,14.143426294820719,76.49402390438247,6.772908366533864,69.7211155378486
E00101271,373,46,5,41,327,31,296,12.332439678284182,1.3404825737265416,10.991957104557642,87.66756032171583,8.310991957104557,79.35656836461126
E00101273,421,65,8,57,356,33,323,15.439429928741092,1.9002375296912115,13.539192399049881,84.56057007125891,7.8384798099762465,76.72209026128266
E00101274,389,50,16,34,339,32,307,12.853470437017995,4.113110539845758,8.740359897172237,87.146529562982,8.226221079691516,78.9203084832905
E00101275,391,60,16,44,331,25,306,15.34526854219949,4.092071611253197,11.253196930946292,84.65473145780051,6.3938618925831205,78.26086956521739
E00101276,445,74,17,57,371,34,337,16.629213483146067,3.8202247191011236,12.808988764044942,83.37078651685394,7.640449438202247,75.73033707865169
E00101277,319,45,11,34,274,30,244,14.106583072100312,3.4482758620689653,10.658307210031348,85.8934169278997,9.404388714733543,76.48902821316614
E00101278,285,74,37,37,211,24,187,25.964912280701753,12.982456140350877,12.982456140350877,74.03508771929825,8.421052631578947,65.6140350877193
E00101279,259,55,23,32,204,14,190,21.235521235521233,8.880308880308881,12.355212355212355,78.76447876447877,5.405405405405405,73.35907335907336
E00101280,236,55,22,33,181,24,157,23.30508474576271,9.322033898305085,13.983050847457626,76.69491525423729,10.16949152542373,66.52542372881356
E00101281,364,61,26,35,303,28,275,16.758241758241756,7.142857142857142,9.615384615384617,83.24175824175825,7.6923076923076925,75.54945054945054
E00101282,373,94,38,56,279,24,255,25.201072386058982,10.187667560321715,15.013404825737265,74.79892761394102,6.434316353887399,68.36461126005362
E00101283,312,55,22,33,257,28,229,17.628205128205128,7.051282051282051,10.576923076923077,82.37179487179486,8.974358974358974,73.3974358974359
E00101285,324,88,45,43,236,18,218,27.160493827160494,13.88888888888889,13.271604938271606,72.8395061728395,5.555555555555555,67.28395061728395
E00101286,376,63,30,33,313,24,289,16.75531914893617,7.9787234042553195,8.77659574468085,83.24468085106383,6.382978723404255,76.86170212765957
E00101287,275,68,31,37,207,15,192,24.727272727272727,11.272727272727273,13.454545454545455,75.27272727272727,5.454545454545454,69.81818181818183
E00101288,297,85,34,51,212,17,195,28.619528619528616,11.447811447811448,17.17171717171717,71.38047138047138,5.723905723905724,65.65656565656566
E00101289,356,54,22,32,302,41,261,15.168539325842698,6.179775280898876,8.98876404494382,84.8314606741573,11.51685393258427,73.31460674157303
E00101290,404,82,27,55,322,24,298,20.2970297029703,6.683168316831684,13.613861386138614,79.70297029702971,5.9405940594059405,73.76237623762376
E00101291,355,71,30,41,284,13,271,20,8.450704225352112,11.549295774647888,80,3.6619718309859155,76.33802816901408
E00101292,382,82,37,45,300,24,276,21.465968586387437,9.68586387434555,11.780104712041885,78.53403141361257,6.282722513089005,72.25130890052355
E00101293,296,70,26,44,226,20,206,23.64864864864865,8.783783783783784,14.864864864864865,76.35135135135135,6.756756756756757,69.5945945945946
E00101294,409,55,19,36,354,35,319,13.447432762836186,4.645476772616137,8.80195599022005,86.55256723716381,8.557457212713937,77.99511002444987
E00101295,229,53,20,33,176,25,151,23.144104803493452,8.73362445414847,14.41048034934498,76.85589519650655,10.91703056768559,65.93886462882097
E00101296,286,67,33,34,219,12,207,23.426573426573427,11.538461538461538,11.888111888111888,76.57342657342657,4.195804195804196,72.37762237762237
E00101297,287,72,35,37,215,26,189,25.087108013937282,12.195121951219512,12.89198606271777,74.91289198606272,9.059233449477352,65.85365853658537
E00101299,325,62,25,37,263,24,239,19.076923076923077,7.6923076923076925,11.384615384615385,80.92307692307692,7.384615384615385,73.53846153846155
E00101300,294,44,17,27,250,16,234,14.965986394557824,5.782312925170068,9.183673469387756,85.03401360544217,5.442176870748299,79.59183673469387
E00101301,312,59,27,32,253,23,230,18.91025641025641,8.653846153846153,10.256410256410255,81.08974358974359,7.371794871794872,73.71794871794873
E00101302,275,71,21,50,204,16,188,25.818181818181817,7.636363636363637,18.181818181818183,74.18181818181819,5.818181818181818,68.36363636363636
E00101303,286,56,28,28,230,21,209,19.58041958041958,9.79020979020979,9.79020979020979,80.41958041958041,7.3426573426573425,73.07692307692307
E00101304,296,58,30,28,238,20,218,19.594594594594593,10.135135135135135,9.45945945945946,80.4054054054054,6.756756756756757,73.64864864864865
E00101305,292,70,37,33,222,17,205,23.972602739726025,12.67123287671233,11.301369863013697,76.02739726027397,5.821917808219178,70.2054794520548
E00101306,426,83,38,45,343,41,302,19.483568075117372,8.92018779342723,10.56338028169014,80.51643192488262,9.624413145539906,70.89201877934272
E00101307,157,54,21,33,103,17,86,34.394904458598724,13.375796178343949,21.019108280254777,65.60509554140127,10.828025477707007,54.77707006369427
E00101308,329,60,17,43,269,25,244,18.237082066869302,5.167173252279635,13.069908814589665,81.7629179331307,7.598784194528875,74.16413373860182
E00101309,346,72,26,46,274,31,243,20.809248554913296,7.514450867052023,13.294797687861271,79.1907514450867,8.959537572254336,70.23121387283237
E00101310,275,51,9,42,224,37,187,18.545454545454547,3.272727272727273,15.272727272727273,81.45454545454545,13.454545454545455,68
E00101313,268,39,12,27,229,23,206,14.55223880597015,4.477611940298507,10.074626865671641,85.44776119402985,8.582089552238806,76.86567164179104
E00101314,181,80,38,42,101,16,85,44.19889502762431,20.994475138121548,23.204419889502763,55.80110497237569,8.83977900552486,46.96132596685083
E00101315,372,89,40,49,283,19,264,23.9247311827957,10.75268817204301,13.172043010752688,76.0752688172043,5.10752688172043,70.96774193548387
E00101316,533,67,16,51,466,34,432,12.570356472795496,3.0018761726078798,9.568480300187618,87.4296435272045,6.378986866791744,81.05065666041276
E00101317,228,90,42,48,138,11,127,39.473684210526315,18.421052631578945,21.052631578947366,60.526315789473685,4.824561403508771,55.70175438596491
E00101318,160,59,29,30,101,16,85,36.875,18.125,18.75,63.125,10,53.125
E00101319,377,146,66,80,231,25,206,38.726790450928384,17.50663129973475,21.220159151193634,61.273209549071616,6.631299734748011,54.64190981432361
E00101320,220,36,13,23,184,17,167,16.363636363636363,5.909090909090909,10.454545454545453,83.63636363636363,7.727272727272727,75.9090909090909
E00101321,213,78,41,37,135,18,117,36.61971830985916,19.248826291079812,17.370892018779344,63.38028169014085,8.450704225352112,54.929577464788736
E00101322,219,48,15,33,171,15,156,21.91780821917808,6.8493150684931505,15.068493150684931,78.08219178082192,6.8493150684931505,71.23287671232876
E00101323,334,53,10,43,281,31,250,15.868263473053892,2.9940119760479043,12.874251497005988,84.13173652694611,9.281437125748502,74.8502994011976
E00101325,311,62,22,40,249,23,226,19.935691318327976,7.07395498392283,12.861736334405144,80.06430868167203,7.395498392282958,72.66881028938906
E00101326,486,127,34,93,359,36,323,26.13168724279835,6.995884773662551,19.1358024691358,73.86831275720165,7.4074074074074066,66.46090534979425
E00101327,410,62,12,50,348,35,313,15.121951219512194,2.9268292682926833,12.195121951219512,84.8780487804878,8.536585365853659,76.34146341463415
E00101328,307,53,19,34,254,32,222,17.263843648208468,6.188925081433225,11.074918566775244,82.73615635179154,10.423452768729643,72.31270358306189
E00101329,530,78,13,65,452,46,406,14.716981132075471,2.4528301886792456,12.264150943396226,85.28301886792453,8.679245283018867,76.60377358490567
E00101330,488,60,9,51,428,52,376,12.295081967213115,1.8442622950819672,10.450819672131148,87.70491803278688,10.655737704918032,77.04918032786885
E00101331,320,51,20,31,269,26,243,15.937499999999998,6.25,9.6875,84.0625,8.125,75.9375
E00101332,474,67,10,57,407,41,366,14.135021097046414,2.109704641350211,12.025316455696203,85.86497890295358,8.649789029535865,77.21518987341773
E00101333,310,70,38,32,240,27,213,22.58064516129032,12.258064516129032,10.32258064516129,77.41935483870968,8.709677419354838,68.70967741935485
E00101334,532,108,36,72,424,35,389,20.30075187969925,6.7669172932330826,13.533834586466165,79.69924812030075,6.578947368421052,73.1203007518797
E00101336,444,95,29,66,349,45,304,21.396396396396398,6.531531531531531,14.864864864864865,78.6036036036036,10.135135135135135,68.46846846846847
E00101337,323,50,14,36,273,24,249,15.479876160990713,4.3343653250774,11.145510835913312,84.52012383900929,7.430340557275541,77.08978328173374
E00101338,431,48,9,39,383,34,349,11.1368909512761,2.088167053364269,9.048723897911833,88.8631090487239,7.888631090487238,80.97447795823666
E00101339,507,67,14,53,440,40,400,13.214990138067062,2.7613412228796843,10.453648915187378,86.78500986193293,7.889546351084813,78.89546351084813
E00101340,521,57,16,41,464,38,426,10.9404990403071,3.071017274472169,7.869481765834934,89.0595009596929,7.293666026871401,81.7658349328215
E00101341,352,69,16,53,283,20,263,19.602272727272727,4.545454545454546,15.056818181818182,80.39772727272727,5.681818181818182,74.7159090909091
E00101342,333,61,19,42,272,27,245,18.31831831831832,5.7057057057057055,12.612612612612612,81.68168168168168,8.108108108108109,73.57357357357357
E00101343,387,40,14,26,347,37,310,10.335917312661499,3.6175710594315245,6.718346253229974,89.66408268733849,9.560723514211885,80.10335917312662
E00101344,332,36,6,30,296,20,276,10.843373493975903,1.8072289156626504,9.036144578313253,89.1566265060241,6.024096385542169,83.13253012048193
E00101345,378,41,10,31,337,23,314,10.846560846560847,2.6455026455026456,8.201058201058201,89.15343915343915,6.084656084656085,83.06878306878306
E00101346,322,48,15,33,274,21,253,14.906832298136646,4.658385093167702,10.248447204968944,85.09316770186336,6.521739130434782,78.57142857142857
E00101347,324,72,42,30,252,33,219,22.22222222222222,12.962962962962962,9.25925925925926,77.77777777777779,10.185185185185185,67.5925925925926
E00101348,285,33,10,23,252,28,224,11.578947368421053,3.508771929824561,8.070175438596491,88.42105263157895,9.824561403508772,78.59649122807018
E00101349,280,52,14,38,228,27,201,18.571428571428573,5,13.571428571428571,81.42857142857143,9.642857142857144,71.78571428571429
E00101350,187,29,10,19,158,15,143,15.508021390374333,5.347593582887701,10.16042780748663,84.49197860962568,8.0213903743315509,76.47058823529412
E00101351,251,40,13,27,211,24,187,15.936254980079681,5.179282868525896,10.756972111553784,84.06374501992032,9.56175298804781,74.5019920318725
E00101352,317,60,27,33,257,25,232,18.92744479495268,8.517350157728707,10.410094637223976,81.07255520504731,7.886435331230284,73.18611987381703
E00101353,227,30,11,19,197,21,176,13.215859030837004,4.845814977973569,8.370044052863436,86.78414096916299,9.251101321585903,77.5330396475771
E00101355,201,35,14,21,166,20,146,17.412935323383085,6.965174129353234,10.44776119402985,82.58706467661692,9.950248756218906,72.636815920398
E00101356,339,55,23,32,284,38,246,16.224188790560472,6.784660766961652,9.43952802359882,83.77581120943954,11.209439528023598,72.56637168141593
E00101357,309,48,10,38,261,24,237,15.53398058252427,3.2362459546925564,12.297734627831716,84.46601941747572,7.766990291262135,76.69902912621359
E00101358,270,48,15,33,222,21,201,17.77777777777778,5.555555555555555,12.222222222222221,82.22222222222221,7.777777777777778,74.44444444444444
E00101359,534,68,19,49,466,52,414,12.734082397003746,3.5580524344569286,9.176029962546817,87.26591760299625,9.737827715355806,77.52808988764045
E00101360,290,55,33,22,235,22,213,18.96551724137931,11.379310344827587,7.586206896551724,81.03448275862068,7.586206896551724,73.44827586206897
E00101361,237,30,10,20,207,20,187,12.658227848101266,4.219409282700422,8.438818565400844,87.34177215189874,8.438818565400844,78.90295358649789
E00101362,230,47,15,32,183,15,168,20.434782608695652,6.521739130434782,13.91304347826087,79.56521739130434,6.521739130434782,73.04347826086956
E00101363,286,44,13,31,242,30,212,15.384615384615385,4.545454545454546,10.839160839160838,84.61538461538461,10.48951048951049,74.12587412587412
E00101364,230,32,10,22,198,19,179,13.91304347826087,4.3478260869565215,9.565217391304348,86.08695652173914,8.26086956521739,77.82608695652173
E00101365,250,63,29,34,187,18,169,25.2,11.600000000000001,13.600000000000001,74.8,7.199999999999999,67.60000000000001
E00101366,329,37,5,32,292,28,264,11.246200607902736,1.5197568389057752,9.72644376899696,88.75379939209726,8.51063829787234,80.24316109422493
E00101367,310,41,13,28,269,24,245,13.225806451612904,4.193548387096775,9.032258064516128,86.7741935483871,7.741935483870968,79.03225806451613
E00101368,292,35,18,17,257,23,234,11.986301369863012,6.164383561643835,5.821917808219178,88.01369863013699,7.876712328767123,80.13698630136986
E00101369,243,47,18,29,196,21,175,19.34156378600823,7.4074074074074066,11.934156378600823,80.65843621399176,8.641975308641975,72.0164609053498
E00101370,287,38,10,28,249,17,232,13.240418118466899,3.484320557491289,9.75609756097561,86.7595818815331,5.923344947735192,80.8362369337979
E00101373,253,27,7,20,226,27,199,10.67193675889328,2.766798418972332,7.905138339920949,89.32806324110672,10.67193675889328,78.65612648221344
E00101375,202,49,15,34,153,16,137,24.257425742574256,7.425742574257425,16.831683168316832,75.74257425742574,7.920792079207921,67.82178217821783
E00101376,556,71,28,43,485,36,449,12.769784172661872,5.0359712230215825,7.7338129496402885,87.23021582733813,6.474820143884892,80.75539568345323
E00101377,311,44,15,29,267,23,244,14.14790996784566,4.823151125401929,9.32475884244373,85.85209003215434,7.395498392282958,78.45659163987139
E00101378,306,50,13,37,256,21,235,16.33986928104575,4.248366013071895,12.091503267973856,83.66013071895425,6.862745098039216,76.79738562091504
E00101379,283,57,28,29,226,21,205,20.141342756183743,9.89399293286219,10.247349823321555,79.85865724381625,7.420494699646643,72.43816254416961
E00101380,285,51,13,38,234,28,206,17.894736842105264,4.56140350877193,13.333333333333334,82.10526315789474,9.824561403508772,72.28070175438597
E00101381,382,65,22,43,317,26,291,17.015706806282722,5.7591623036649215,11.2565445026178,82.98429319371728,6.806282722513089,76.17801047120419
E00101382,291,46,14,32,245,30,215,15.807560137457044,4.810996563573884,10.996563573883162,84.19243986254295,10.309278350515463,73.8831615120275
E00101383,368,68,29,39,300,21,279,18.478260869565215,7.880434782608696,10.597826086956522,81.52173913043478,5.706521739130435,75.81521739130434
E00101384,324,38,7,31,286,29,257,11.728395061728394,2.1604938271604937,9.5679012345679,88.27160493827161,8.950617283950617,79.32098765432099
E00101385,307,52,19,33,255,37,218,16.938110749185668,6.188925081433225,10.749185667752444,83.06188925081433,12.052117263843648,71.00977198697068
E00101386,371,51,12,39,320,31,289,13.746630727762804,3.234501347708895,10.512129380053908,86.25336927223721,8.355795148247978,77.89757412398922
E00101387,273,54,21,33,219,23,196,19.78021978021978,7.6923076923076925,12.087912087912088,80.21978021978022,8.424908424908425,71.7948717948718
E00101388,297,48,15,33,249,17,232,16.161616161616163,5.05050505050505,11.11111111111111,83.83838383838383,5.723905723905724,78.11447811447812
E00101389,320,60,23,37,260,34,226,18.75,7.187499999999999,11.5625,81.25,10.625,70.625
E00101390,423,107,51,56,316,31,285,25.295508274231675,12.056737588652481,13.238770685579196,74.70449172576832,7.328605200945626,67.37588652482269
E00101391,232,33,5,28,199,23,176,14.224137931034484,2.1551724137931036,12.068965517241379,85.77586206896551,9.913793103448276,75.86206896551724
E00101392,307,71,37,34,236,29,207,23.12703583061889,12.052117263843648,11.074918566775244,76.8729641693811,9.446254071661238,67.42671009771986
E00101393,405,112,63,49,293,28,265,27.65432098765432,15.555555555555555,12.098765432098766,72.34567901234567,6.91358024691358,65.4320987654321
E00101394,276,45,18,27,231,22,209,16.304347826086957,6.521739130434782,9.782608695652174,83.69565217391305,7.971014492753622,75.72463768115942
E00101395,295,69,26,43,226,19,207,23.389830508474578,8.813559322033898,14.576271186440678,76.61016949152543,6.440677966101695,70.16949152542374
E00101396,473,66,24,42,407,47,360,13.953488372093023,5.07399577167019,8.879492600422834,86.04651162790698,9.936575052854122,76.10993657505286
E00101397,286,50,15,35,236,21,215,17.482517482517483,5.244755244755245,12.237762237762238,82.51748251748252,7.3426573426573425,75.17482517482517
E00101398,314,53,19,34,261,30,231,16.878980891719745,6.050955414012739,10.828025477707007,83.12101910828027,9.554140127388536,73.56687898089172
E00101399,232,45,10,35,187,9,178,19.396551724137932,4.310344827586207,15.086206896551724,80.60344827586206,3.8793103448275863,76.72413793103449
E00101400,240,54,19,35,186,24,162,22.5,7.916666666666666,14.583333333333334,77.5,10,67.5
E00101401,240,41,8,33,199,27,172,17.083333333333332,3.3333333333333335,13.750000000000002,82.91666666666667,11.25,71.66666666666667
E00101402,189,41,16,25,148,22,126,21.693121693121693,8.465608465608465,13.227513227513226,78.3068783068783,11.64021164021164,66.66666666666666
E00101403,156,32,10,22,124,13,111,20.51282051282051,6.41025641025641,14.102564102564102,79.48717948717949,8.333333333333332,71.15384615384616
E00101404,162,35,11,24,127,7,120,21.604938271604937,6.790123456790123,14.814814814814813,78.39506172839506,4.320987654320987,74.07407407407408
E00101405,221,26,7,19,195,14,181,11.76470588235294,3.167420814479638,8.597285067873303,88.23529411764706,6.334841628959276,81.90045248868778
E00101406,231,35,8,27,196,14,182,15.151515151515152,3.463203463203463,11.688311688311687,84.84848484848484,6.0606060606060606,78.78787878787878
E00101410,331,71,24,47,260,26,234,21.45015105740181,7.250755287009064,14.19939577039275,78.54984894259819,7.854984894259818,70.69486404833837
E00101411,259,42,10,32,217,26,191,16.216216216216218,3.861003861003861,12.355212355212355,83.78378378378379,10.038610038610038,73.74517374517374
E00101413,326,70,30,40,256,19,237,21.472392638036812,9.202453987730062,12.269938650306749,78.52760736196319,5.828220858895705,72.69938650306749
E00101414,206,35,9,26,171,24,147,16.990291262135923,4.368932038834951,12.62135922330097,83.00970873786407,11.650485436893204,71.35922330097088
E00101415,196,46,22,24,150,17,133,23.46938775510204,11.224489795918368,12.244897959183673,76.53061224489795,8.673469387755102,67.85714285714286
E00101416,218,31,9,22,187,22,165,14.220183486238533,4.128440366972478,10.091743119266056,85.77981651376146,10.091743119266056,75.68807339449542
E00101417,204,32,11,21,172,19,153,15.686274509803921,5.392156862745098,10.294117647058822,84.31372549019608,9.313725490196079,75
E00101418,172,39,12,27,133,16,117,22.674418604651162,6.976744186046512,15.69767441860465,77.32558139534885,9.30232558139535,68.02325581395348
E00101419,256,48,20,28,208,27,181,18.75,7.8125,10.9375,81.25,10.546875,70.703125
E00101420,172,41,22,19,131,8,123,23.837209302325583,12.790697674418606,11.046511627906977,76.16279069767442,4.651162790697675,71.51162790697676
E00101421,138,49,19,30,89,10,79,35.507246376811594,13.768115942028986,21.73913043478261,64.4927536231884,7.246376811594203,57.2463768115942
E00101422,165,35,9,26,130,10,120,21.21212121212121,5.454545454545454,15.757575757575756,78.78787878787878,6.0606060606060606,72.72727272727273
E00101423,331,54,18,36,277,35,242,16.314199395770395,5.438066465256798,10.876132930513595,83.68580060422961,10.574018126888216,73.111782477341393
E00101424,282,65,26,39,217,23,194,23.04964539007092,9.219858156028367,13.829787234042554,76.95035460992908,8.156028368794328,68.79432624113475
E00101426,257,57,23,34,200,24,176,22.17898832684825,8.949416342412452,13.229571984435799,77.82101167315176,9.33852140077821,68.48249027237354
E00101427,277,67,21,46,210,19,191,24.187725631768952,7.581227436823104,16.60649819494585,75.81227436823104,6.859205776173286,68.95306859205776
E00101428,278,64,25,39,214,18,196,23.021582733812952,8.992805755395683,14.028776978417264,76.97841726618705,6.474820143884892,70.50359712230215
E00101430,287,65,27,38,222,12,210,22.64808362369338,9.40766550522648,13.240418118466899,77.35191637630662,4.181184668989547,73.17073170731707
E00101431,279,52,22,30,227,19,208,18.63799283154122,7.885304659498208,10.75268817204301,81.36200716845879,6.810035842293908,74.55197132616487
E00101432,288,45,17,28,243,23,220,15.625,5.902777777777778,9.722222222222223,84.375,7.986111111111111,76.38888888888889
E00101433,248,81,41,40,167,18,149,32.66129032258064,16.532258064516128,16.129032258064516,67.33870967741935,7.258064516129033,60.08064516129033
E00101434,197,90,47,43,107,15,92,45.68527918781726,23.85786802030457,21.82741116751269,54.314720812182735,7.614213197969544,46.7005076142132
E00101435,250,54,18,36,196,18,178,21.6,7.199999999999999,14.399999999999999,78.4,7.199999999999999,71.2
E00101436,249,42,14,28,207,26,181,16.867469879518072,5.622489959839357,11.244979919678714,83.13253012048193,10.441767068273093,72.69076305220884
E00101437,297,82,41,41,215,16,199,27.609427609427613,13.804713804713806,13.804713804713806,72.39057239057239,5.387205387205387,67.003367003367
E00101438,335,53,15,38,282,26,256,15.82089552238806,4.477611940298507,11.343283582089553,84.17910447761194,7.761194029850746,76.4179104477612
E00101439,255,73,38,35,182,19,163,28.627450980392155,14.901960784313726,13.725490196078432,71.37254901960785,7.450980392156863,63.921568627450974
E00101440,319,68,27,41,251,23,228,21.316614420062695,8.463949843260188,12.852664576802509,78.68338557993731,7.210031347962382,71.47335423197492
E00101441,292,61,31,30,231,13,218,20.89041095890411,10.616438356164384,10.273972602739725,79.1095890410959,4.4520547945205475,74.65753424657534
E00101442,289,52,22,30,237,17,220,17.99307958477509,7.612456747404845,10.380622837370241,82.00692041522491,5.88235294117647,76.12456747404845
E00101443,292,81,42,39,211,20,191,27.73972602739726,14.383561643835616,13.356164383561644,72.26027397260275,6.8493150684931505,65.41095890410958
E00101444,269,59,20,39,210,26,184,21.933085501858738,7.434944237918216,14.49814126394052,78.06691449814126,9.66542750929368,68.40148698884758
E00101445,266,58,19,39,208,24,184,21.804511278195488,7.142857142857142,14.661654135338345,78.19548872180451,9.022556390977442,69.17293233082707
E00101446,343,67,29,38,276,33,243,19.533527696793,8.454810495626822,11.078717201166182,80.466472303207,9.620991253644315,70.8454810495627
E00101447,272,46,18,28,226,29,197,16.911764705882355,6.61764705882353,10.294117647058822,83.08823529411765,10.661764705882353,72.42647058823529
E00101448,333,40,16,24,293,22,271,12.012012012012011,4.804804804804805,7.207207207207207,87.98798798798799,6.606606606606606,81.38138138138137
E00101449,175,41,15,26,134,11,123,23.42857142857143,8.571428571428571,14.857142857142858,76.57142857142857,6.2857142857142865,70.28571428571428
E00171919,252,51,20,31,201,26,175,20.238095238095237,7.936507936507936,12.3015873015873,79.76190476190477,10.317460317460316,69.44444444444444
E00171920,318,44,17,27,274,21,253,13.836477987421384,5.345911949685535,8.49056603773585,86.16352201257862,6.60377358490566,79.55974842767296
E00171921,321,47,18,29,274,27,247,14.641744548286603,5.607476635514018,9.034267912772584,85.35825545171339,8.411214953271028,76.94704049844236
E00171922,219,26,8,18,193,20,173,11.87214611872146,3.65296803652968,8.21917808219178,88.12785388127854,9.1324200913242,78.99543378995433
E00171923,255,41,20,21,214,20,194,16.07843137254902,7.8431372549019605,8.235294117647058,83.92156862745098,7.8431372549019605,76.07843137254902
E00171924,260,30,11,19,230,18,212,11.538461538461538,4.230769230769231,7.307692307692308,88.46153846153845,6.923076923076923,81.53846153846153
E00171925,297,47,17,30,250,17,233,15.824915824915825,5.723905723905724,10.1010101010101,84.17508417508418,5.723905723905724,78.45117845117845
E00171926,306,36,7,29,270,13,257,11.76470588235294,2.287581699346405,9.477124183006536,88.23529411764706,4.248366013071895,83.98692810457517
E00171929,227,44,15,29,183,19,164,19.383259911894275,6.607929515418502,12.77533039647577,80.61674008810573,8.370044052863436,72.24669603524228
E00171930,637,76,13,63,561,53,508,11.930926216640502,2.0408163265306123,9.89010989010989,88.0690737833595,8.320251177394034,79.74882260596546
E00171932,363,63,25,38,300,36,264,17.355371900826448,6.887052341597796,10.46831955922865,82.64462809917356,9.917355371900827,72.72727272727273
E00171933,267,33,14,19,234,23,211,12.359550561797752,5.2434456928838955,7.116104868913857,87.64044943820225,8.614232209737828,79.02621722846442
E00171934,332,30,8,22,302,22,280,9.036144578313253,2.4096385542168677,6.626506024096386,90.96385542168674,6.626506024096386,84.33734939759037
E00171935,282,43,13,30,239,22,217,15.24822695035461,4.609929078014184,10.638297872340425,84.75177304964538,7.801418439716312,76.95035460992908
E00171936,325,58,24,34,267,24,243,17.846153846153847,7.384615384615385,10.461538461538462,82.15384615384616,7.384615384615385,74.76923076923076
E00171937,277,25,4,21,252,31,221,9.025270758122744,1.444043321299639,7.581227436823104,90.97472924187726,11.191335740072201,79.78339350180505
E00171938,320,66,23,43,254,26,228,20.625,7.187499999999999,13.4375,79.375,8.125,71.25
E00171939,394,58,25,33,336,20,316,14.720812182741117,6.345177664974619,8.375634517766498,85.27918781725889,5.0761421319796955,80.20304568527918
E00171940,258,66,32,34,192,10,182,25.581395348837212,12.4031007751938,13.178294573643413,74.4186046511628,3.875968992248062,70.54263565891473
E00180143,2625,324,42,282,2301,224,2077,12.342857142857143,1.6,10.742857142857144,87.65714285714286,8.533333333333333,79.12380952380951
E00180147,433,81,29,52,352,26,326,18.706697459584294,6.697459584295612,12.009237875288683,81.2933025404157,6.0046189376443415,75.28868360277137
E00180152,263,25,8,17,238,21,217,9.505703422053232,3.041825095057034,6.4638783269961975,90.49429657794677,7.984790874524715,82.50950570342205
E00180159,439,69,30,39,370,37,333,15.717539863325742,6.83371298405467,8.88382687927107,84.28246013667426,8.428246013667426,75.85421412300684
E00180160,303,78,29,49,225,21,204,25.742574257425744,9.570957095709572,16.17161716171617,74.25742574257426,6.9306930693069315,67.32673267326733
E00180163,239,32,17,15,207,15,192,13.389121338912133,7.112970711297072,6.2761506276150625,86.61087866108787,6.2761506276150625,80.3347280334728
E00180166,499,178,58,120,321,32,289,35.671342685370746,11.623246492985972,24.04809619238477,64.32865731462925,6.4128256513026045,57.91583166332666
E00180167,129,17,4,13,112,8,104,13.178294573643413,3.10077519379845,10.077519379844961,86.82170542635659,6.2015503875969,80.62015503875969
E00180180,400,91,63,28,309,23,286,22.75,15.75,7.000000000000001,77.25,5.75,71.5
E00180181,409,82,34,48,327,23,304,20.048899755501225,8.312958435207824,11.7359413202934,79.95110024449878,5.623471882640587,74.32762836185819
E00180187,271,36,11,25,235,24,211,13.284132841328415,4.059040590405904,9.22509225092251,86.71586715867159,8.856088560885608,77.85977859778598
E00180189,143,52,26,26,91,16,75,36.36363636363637,18.181818181818183,18.181818181818183,63.63636363636363,11.188811188811188,52.44755244755245
E00180193,313,37,8,29,276,20,256,11.821086261980831,2.5559105431309903,9.26517571884984,88.17891373801918,6.3897763578274756,81.78913738019169
E00180198,468,66,30,36,402,23,379,14.102564102564102,6.41025641025641,7.6923076923076925,85.8974358974359,4.914529914529915,80.98290598290599
E00180210,508,105,48,57,403,41,362,20.669291338582678,9.448818897637794,11.220472440944881,79.33070866141733,8.070866141732283,71.25984251968504
E00180214,243,73,19,54,170,23,147,30.04115226337449,7.818930041152264,22.22222222222222,69.95884773662551,9.465020576131687,60.49382716049383
E00180217,239,29,9,20,210,19,191,12.133891213389122,3.765690376569038,8.368200836820083,87.86610878661088,7.949790794979079,79.9163179916318
E00180218,308,52,23,29,256,18,238,16.883116883116884,7.467532467532467,9.415584415584416,83.11688311688312,5.844155844155844,77.27272727272727
E00180219,220,22,5,17,198,15,183,10,2.272727272727273,7.727272727272727,90,6.8181818181818175,83.18181818181817
E00180222,239,22,5,17,217,23,194,9.205020920502092,2.092050209205021,7.112970711297072,90.7949790794979,9.623430962343097,81.17154811715481
E00180223,587,45,18,27,542,41,501,7.666098807495741,3.0664395229982966,4.599659284497445,92.33390119250427,6.984667802385008,85.34923339011925
E00180225,398,28,8,20,370,26,344,7.035175879396985,2.0100502512562812,5.025125628140704,92.96482412060301,6.532663316582915,86.4321608040201
E00180226,228,30,14,16,198,16,182,13.157894736842104,6.140350877192982,7.017543859649122,86.8421052631579,7.017543859649122,79.82456140350878
E00180236,606,125,41,84,481,41,440,20.627062706270628,6.765676567656766,13.861386138613863,79.37293729372938,6.765676567656766,72.60726072607261
E00180237,277,39,15,24,238,16,222,14.079422382671481,5.415162454873646,8.664259927797833,85.92057761732852,5.776173285198556,80.14440433212997
E00180238,424,68,20,48,356,29,327,16.037735849056602,4.716981132075472,11.320754716981133,83.9622641509434,6.8396226415094334,77.12264150943396
E00180241,563,71,11,60,492,42,450,12.61101243339254,1.9538188277087036,10.657193605683837,87.38898756660745,7.460035523978685,79.92895204262878
E00180245,283,43,13,30,240,21,219,15.19434628975265,4.593639575971731,10.60070671378092,84.80565371024736,7.420494699646643,77.3851590106007
E00180247,481,64,36,28,417,32,385,13.305613305613306,7.484407484407485,5.8212058212058215,86.6943866943867,6.652806652806653,80.04158004158003
E00180249,130,16,0,16,114,8,106,12.307692307692308,0,12.307692307692308,87.6923076923077,6.153846153846154,81.53846153846153
E00180251,325,29,11,18,296,25,271,8.923076923076923,3.3846153846153846,5.538461538461538,91.07692307692308,7.6923076923076925,83.38461538461537
E00180254,143,16,2,14,127,16,111,11.188811188811188,1.3986013986013985,9.79020979020979,88.81118881118881,11.188811188811188,77.62237762237763
E00180263,465,57,16,41,408,29,379,12.258064516129032,3.4408602150537635,8.817204301075268,87.74193548387098,6.236559139784946,81.50537634408602
E00180272,458,60,28,32,398,37,361,13.100436681222707,6.11353711790393,6.986899563318777,86.8995633187773,8.078602620087336,78.82096069868996
E00180282,609,76,24,52,533,58,475,12.479474548440066,3.9408866995073892,8.538587848932677,87.52052545155993,9.523809523809524,77.99671592775042
E00180287,132,15,3,12,117,7,110,11.363636363636363,2.272727272727273,9.090909090909092,88.63636363636364,5.303030303030303,83.33333333333334
E00180288,126,22,12,10,104,13,91,17.46031746031746,9.523809523809524,7.936507936507936,82.53968253968253,10.317460317460316,72.22222222222221
