OA,ts0590001,ts0590002,ts0590003,ts0590004,ts0590005,ts0590006,ts0590007,ts0590002_PCT,ts0590003_PCT,ts0590004_PCT,ts0590005_PCT,ts0590006_PCT,ts0590007_PCT
E00034486,97,33,10,23,64,49,15,34.02061855670103,10.309278350515463,23.711340206185564,65.97938144329896,50.51546391752577,15.463917525773196
E00034487,92,29,7,22,63,56,7,31.521739130434785,7.608695652173914,23.91304347826087,68.47826086956522,60.86956521739131,7.608695652173914
E00034488,136,38,17,21,98,84,14,27.941176470588236,12.5,15.441176470588236,72.05882352941177,61.76470588235294,10.294117647058822
E00034489,126,34,15,19,92,87,5,26.984126984126984,11.904761904761903,15.079365079365079,73.01587301587301,69.04761904761905,3.968253968253968
E00034490,95,16,3,13,79,66,13,16.842105263157894,3.1578947368421053,13.684210526315791,83.15789473684211,69.47368421052632,13.684210526315791
E00034491,127,51,10,41,76,66,10,40.15748031496063,7.874015748031496,32.28346456692913,59.84251968503938,51.96850393700787,7.874015748031496
E00034492,122,27,12,15,95,79,16,22.131147540983605,9.836065573770492,12.295081967213115,77.8688524590164,64.75409836065575,13.114754098360656
E00034493,144,34,11,23,110,100,10,23.61111111111111,7.638888888888889,15.972222222222221,76.38888888888889,69.44444444444444,6.944444444444445
E00034494,114,28,7,21,86,76,10,24.561403508771928,6.140350877192982,18.421052631578945,75.43859649122807,66.66666666666666,8.771929824561402
E00034495,131,34,16,18,97,83,14,25.954198473282442,12.213740458015266,13.740458015267176,74.04580152671755,63.358778625954194,10.687022900763358
E00034496,107,28,11,17,79,62,17,26.168224299065418,10.2803738317757,15.887850467289718,73.83177570093457,57.943925233644855,15.887850467289718
E00034497,82,22,9,13,60,56,4,26.82926829268293,10.975609756097562,15.853658536585366,73.17073170731707,68.29268292682927,4.878048780487805
E00034498,132,32,8,24,100,83,17,24.242424242424242,6.0606060606060606,18.181818181818183,75.75757575757575,62.878787878787875,12.878787878787879
E00034499,110,29,4,25,81,68,13,26.36363636363636,3.6363636363636362,22.727272727272727,73.63636363636363,61.81818181818181,11.818181818181818
E00034500,138,46,16,30,92,83,9,33.33333333333333,11.594202898550725,21.73913043478261,66.66666666666666,60.14492753623188,6.521739130434782
E00034501,108,35,9,26,73,65,8,32.407407407407405,8.333333333333332,24.074074074074073,67.5925925925926,60.18518518518518,7.4074074074074066
E00034502,103,28,6,22,75,67,8,27.184466019417474,5.825242718446602,21.35922330097087,72.81553398058253,65.0485436893204,7.766990291262135
E00034503,151,42,7,35,109,92,17,27.81456953642384,4.635761589403973,23.178807947019866,72.18543046357617,60.9271523178808,11.258278145695364
E00034504,127,38,10,28,89,72,17,29.92125984251969,7.874015748031496,22.04724409448819,70.07874015748031,56.69291338582677,13.385826771653544
E00034505,139,44,10,34,95,78,17,31.654676258992804,7.1942446043165464,24.46043165467626,68.34532374100719,56.11510791366906,12.23021582733813
E00034506,128,34,10,24,94,83,11,26.5625,7.8125,18.75,73.4375,64.84375,8.59375
E00034507,136,40,14,26,96,84,12,29.411764705882355,10.294117647058822,19.11764705882353,70.58823529411765,61.76470588235294,8.823529411764707
E00034508,144,48,15,33,96,82,14,33.33333333333333,10.416666666666668,22.916666666666664,66.66666666666666,56.94444444444444,9.722222222222223
E00034509,129,34,13,21,95,83,12,26.356589147286826,10.077519379844961,16.27906976744186,73.64341085271317,64.34108527131784,9.30232558139535
E00034510,150,52,16,36,98,85,13,34.66666666666667,10.666666666666668,24,65.33333333333333,56.666666666666664,8.666666666666668
E00034511,101,26,6,20,75,59,16,25.742574257425744,5.9405940594059405,19.801980198019802,74.25742574257426,58.415841584158414,15.841584158415841
E00034512,99,27,8,19,72,62,10,27.27272727272727,8.080808080808081,19.19191919191919,72.72727272727273,62.62626262626263,10.1010101010101
E00034513,119,37,10,27,82,72,10,31.092436974789916,8.403361344537815,22.689075630252102,68.90756302521008,60.50420168067227,8.403361344537815
E00034514,149,39,13,26,110,95,15,26.174496644295303,8.724832214765101,17.449664429530202,73.8255033557047,63.758389261744966,10.06711409395973
E00034515,145,49,23,26,96,83,13,33.793103448275865,15.862068965517242,17.93103448275862,66.20689655172414,57.24137931034483,8.96551724137931
E00034516,138,29,8,21,109,93,16,21.014492753623188,5.797101449275362,15.217391304347828,78.98550724637681,67.3913043478261,11.594202898550725
E00034517,136,36,11,25,100,88,12,26.47058823529412,8.088235294117647,18.38235294117647,73.52941176470588,64.70588235294117,8.823529411764707
E00034518,115,35,8,27,80,76,4,30.434782608695656,6.956521739130435,23.47826086956522,69.56521739130434,66.08695652173913,3.4782608695652173
E00034519,116,35,9,26,81,73,8,30.17241379310345,7.758620689655173,22.413793103448278,69.82758620689656,62.93103448275862,6.896551724137931
E00034520,200,46,20,26,154,133,21,23,10,13,77,66.5,10.5
E00034521,148,32,12,20,116,105,11,21.62162162162162,8.108108108108109,13.513513513513514,78.37837837837837,70.94594594594594,7.4324324324324325
E00034522,115,26,7,19,89,77,12,22.608695652173914,6.086956521739131,16.52173913043478,77.39130434782608,66.95652173913044,10.434782608695652
E00034523,133,36,10,26,97,82,15,27.06766917293233,7.518796992481203,19.548872180451127,72.93233082706767,61.65413533834586,11.278195488721805
E00034524,135,30,14,16,105,87,18,22.22222222222222,10.37037037037037,11.851851851851853,77.77777777777779,64.44444444444444,13.333333333333334
E00034525,102,23,8,15,79,65,14,22.54901960784314,7.8431372549019605,14.705882352941178,77.45098039215686,63.725490196078425,13.725490196078432
E00034526,129,38,16,22,91,77,14,29.457364341085274,12.4031007751938,17.05426356589147,70.54263565891473,59.68992248062015,10.852713178294573
E00034527,92,30,8,22,62,52,10,32.608695652173914,8.695652173913043,23.91304347826087,67.3913043478261,56.52173913043478,10.869565217391305
E00034528,118,31,10,21,87,82,5,26.27118644067797,8.47457627118644,17.796610169491526,73.72881355932203,69.49152542372882,4.23728813559322
E00034529,108,36,11,25,72,64,8,33.33333333333333,10.185185185185185,23.14814814814815,66.66666666666666,59.25925925925925,7.4074074074074066
E00034530,119,31,5,26,88,82,6,26.05042016806723,4.201680672268908,21.84873949579832,73.94957983193278,68.90756302521008,5.042016806722689
E00034531,142,35,7,28,107,91,16,24.647887323943664,4.929577464788732,19.718309859154928,75.35211267605634,64.08450704225352,11.267605633802818
E00034532,113,28,10,18,85,75,10,24.778761061946902,8.849557522123893,15.929203539823009,75.22123893805309,66.3716814159292,8.849557522123893
E00034533,123,29,7,22,94,77,17,23.577235772357724,5.691056910569105,17.88617886178862,76.42276422764228,62.601626016260155,13.821138211382115
E00034534,98,29,8,21,69,56,13,29.591836734693878,8.16326530612245,21.428571428571427,70.40816326530613,57.14285714285714,13.26530612244898
E00034535,149,40,16,24,109,97,12,26.845637583892618,10.738255033557047,16.10738255033557,73.15436241610739,65.1006711409396,8.053691275167784
E00034536,142,32,12,20,110,95,15,22.535211267605636,8.450704225352112,14.084507042253522,77.46478873239437,66.90140845070422,10.56338028169014
E00034537,109,33,8,25,76,68,8,30.275229357798167,7.339449541284404,22.93577981651376,69.72477064220183,62.38532110091744,7.339449541284404
E00034538,104,35,9,26,69,62,7,33.65384615384615,8.653846153846153,25,66.34615384615384,59.61538461538461,6.730769230769231
E00034539,105,36,11,25,69,58,11,34.285714285714285,10.476190476190476,23.809523809523807,65.71428571428571,55.23809523809524,10.476190476190476
E00034540,77,27,9,18,50,43,7,35.064935064935064,11.688311688311687,23.376623376623375,64.93506493506493,55.84415584415584,9.090909090909092
E00034541,139,37,12,25,102,92,10,26.618705035971225,8.633093525179856,17.985611510791365,73.38129496402878,66.18705035971223,7.1942446043165464
E00034542,128,36,7,29,92,85,7,28.125,5.46875,22.65625,71.875,66.40625,5.46875
E00034543,121,35,16,19,86,79,7,28.92561983471074,13.223140495867769,15.702479338842975,71.07438016528926,65.28925619834712,5.785123966942149
E00034544,117,26,5,21,91,81,10,22.22222222222222,4.273504273504273,17.94871794871795,77.77777777777779,69.23076923076923,8.547008547008547
E00034545,123,38,15,23,85,76,9,30.89430894308943,12.195121951219512,18.69918699186992,69.10569105691057,61.78861788617886,7.317073170731707
E00034546,155,43,11,32,112,106,6,27.741935483870968,7.096774193548387,20.64516129032258,72.25806451612902,68.38709677419355,3.870967741935484
E00034547,101,19,6,13,82,74,8,18.81188118811881,5.9405940594059405,12.871287128712872,81.1881188118812,73.26732673267327,7.920792079207921
E00034548,143,41,14,27,102,88,14,28.671328671328673,9.79020979020979,18.88111888111888,71.32867132867133,61.53846153846154,9.79020979020979
E00034549,126,42,7,35,84,79,5,33.33333333333333,5.555555555555555,27.77777777777778,66.66666666666666,62.698412698412696,3.968253968253968
E00034550,117,33,9,24,84,74,10,28.205128205128204,7.6923076923076925,20.51282051282051,71.7948717948718,63.24786324786324,8.547008547008547
E00034551,117,34,5,29,83,70,13,29.059829059829063,4.273504273504273,24.786324786324787,70.94017094017094,59.82905982905983,11.11111111111111
E00034552,166,39,8,31,127,113,14,23.49397590361446,4.819277108433735,18.67469879518072,76.50602409638554,68.07228915662651,8.433734939759036
E00034553,134,46,11,35,88,76,12,34.32835820895522,8.208955223880597,26.119402985074625,65.67164179104478,56.71641791044776,8.955223880597014
E00034554,100,36,9,27,64,59,5,36,9,27,64,59,5
E00034555,186,57,14,43,129,113,16,30.64516129032258,7.526881720430108,23.118279569892472,69.35483870967742,60.752688172043015,8.60215053763441
E00034556,163,42,9,33,121,111,10,25.766871165644172,5.521472392638037,20.245398773006134,74.23312883435584,68.09815950920245,6.134969325153374
E00034557,135,41,10,31,94,88,6,30.37037037037037,7.4074074074074066,22.962962962962962,69.62962962962963,65.18518518518519,4.444444444444445
E00034558,185,42,13,29,143,122,21,22.702702702702705,7.027027027027027,15.675675675675677,77.29729729729729,65.94594594594595,11.351351351351353
E00034559,233,52,14,38,181,156,25,22.317596566523605,6.008583690987124,16.30901287553648,77.6824034334764,66.95278969957081,10.72961373390558
E00034560,92,29,12,17,63,63,0,31.521739130434785,13.043478260869565,18.478260869565215,68.47826086956522,68.47826086956522,0
E00034561,83,27,6,21,56,51,5,32.53012048192771,7.228915662650602,25.301204819277107,67.46987951807229,61.44578313253012,6.024096385542169
E00034562,98,31,11,20,67,59,8,31.63265306122449,11.224489795918368,20.408163265306122,68.36734693877551,60.204081632653065,8.16326530612245
E00034563,114,37,9,28,77,74,3,32.45614035087719,7.894736842105263,24.561403508771928,67.54385964912281,64.91228070175438,2.631578947368421
E00034564,166,54,15,39,112,101,11,32.53012048192771,9.036144578313253,23.49397590361446,67.46987951807229,60.8433734939759,6.626506024096386
E00034565,97,34,5,29,63,59,4,35.051546391752574,5.154639175257731,29.896907216494846,64.94845360824742,60.824742268041234,4.123711340206185
E00034566,100,27,8,19,73,59,14,27,8,19,73,59,14.000000000000002
E00034567,92,21,9,12,71,63,8,22.82608695652174,9.782608695652174,13.043478260869565,77.17391304347827,68.47826086956522,8.695652173913043
E00034568,126,35,10,25,91,81,10,27.77777777777778,7.936507936507936,19.841269841269842,72.22222222222221,64.28571428571429,7.936507936507936
E00034569,94,36,11,25,58,50,8,38.297872340425535,11.702127659574469,26.595744680851062,61.702127659574465,53.191489361702125,8.51063829787234
E00034570,95,39,6,33,56,50,6,41.05263157894737,6.315789473684211,34.73684210526316,58.94736842105262,52.63157894736842,6.315789473684211
E00034571,147,38,11,27,109,96,13,25.850340136054424,7.482993197278912,18.367346938775512,74.14965986394559,65.3061224489796,8.843537414965986
E00034572,79,28,6,22,51,41,10,35.44303797468354,7.59493670886076,27.848101265822784,64.55696202531645,51.89873417721519,12.658227848101266
E00034573,84,31,7,24,53,48,5,36.904761904761905,8.333333333333332,28.57142857142857,63.095238095238095,57.14285714285714,5.952380952380952
E00034574,97,30,3,27,67,58,9,30.927835051546392,3.0927835051546393,27.835051546391753,69.0721649484536,59.79381443298969,9.278350515463918
E00034575,93,30,5,25,63,52,11,32.25806451612903,5.376344086021505,26.881720430107524,67.74193548387096,55.91397849462365,11.827956989247312
E00034576,125,52,21,31,73,67,6,41.6,16.8,24.8,58.4,53.6,4.8
E00034577,124,36,12,24,88,82,6,29.03225806451613,9.67741935483871,19.35483870967742,70.96774193548387,66.12903225806451,4.838709677419355
E00034578,75,20,7,13,55,52,3,26.666666666666668,9.333333333333334,17.333333333333336,73.33333333333333,69.33333333333334,4
E00034579,99,32,10,22,67,62,5,32.323232323232325,10.1010101010101,22.22222222222222,67.67676767676768,62.62626262626263,5.05050505050505
E00034580,59,18,7,11,41,33,8,30.508474576271187,11.864406779661017,18.64406779661017,69.49152542372882,55.932203389830505,13.559322033898304
E00034581,102,23,4,19,79,75,4,22.54901960784314,3.9215686274509802,18.627450980392158,77.45098039215686,73.52941176470588,3.9215686274509802
E00034582,131,27,6,21,104,95,9,20.610687022900763,4.580152671755725,16.030534351145036,79.38931297709924,72.51908396946564,6.870229007633588
E00034583,169,40,12,28,129,121,8,23.668639053254438,7.100591715976331,16.56804733727811,76.33136094674556,71.59763313609467,4.733727810650888
E00034584,134,47,5,42,87,80,7,35.07462686567165,3.731343283582089,31.343283582089555,64.92537313432835,59.70149253731343,5.223880597014925
E00034585,92,26,9,17,66,51,15,28.26086956521739,9.782608695652174,18.478260869565215,71.73913043478261,55.434782608695656,16.304347826086957
E00034586,205,60,24,36,145,121,24,29.268292682926827,11.707317073170733,17.560975609756095,70.73170731707317,59.02439024390244,11.707317073170733
E00034587,159,49,13,36,110,98,12,30.81761006289308,8.176100628930817,22.641509433962266,69.18238993710692,61.63522012578616,7.547169811320755
E00034588,129,42,12,30,87,79,8,32.55813953488372,9.30232558139535,23.25581395348837,67.44186046511628,61.240310077519375,6.2015503875969
E00034589,138,33,11,22,105,77,28,23.91304347826087,7.971014492753622,15.942028985507244,76.08695652173914,55.79710144927537,20.28985507246377
E00034590,176,50,12,38,126,110,16,28.40909090909091,6.8181818181818175,21.59090909090909,71.5909090909091,62.5,9.090909090909092
E00034591,121,27,10,17,94,75,19,22.31404958677686,8.264462809917356,14.049586776859504,77.68595041322314,61.98347107438017,15.702479338842975
E00034592,120,31,12,19,89,79,10,25.833333333333336,10,15.833333333333332,74.16666666666667,65.83333333333333,8.333333333333332
E00034593,164,49,10,39,115,104,11,29.878048780487802,6.097560975609756,23.78048780487805,70.1219512195122,63.41463414634146,6.707317073170732
E00034594,71,14,9,5,57,40,17,19.718309859154928,12.676056338028168,7.042253521126761,80.28169014084507,56.33802816901409,23.943661971830984
E00034595,122,29,11,18,93,75,18,23.770491803278688,9.01639344262295,14.754098360655737,76.22950819672131,61.47540983606557,14.754098360655737
E00034596,125,37,16,21,88,71,17,29.599999999999998,12.8,16.8,70.39999999999999,56.8,13.600000000000001
E00034597,135,31,12,19,104,97,7,22.962962962962962,8.88888888888889,14.074074074074074,77.03703703703704,71.85185185185186,5.185185185185185
E00034598,118,34,10,24,84,72,12,28.8135593220339,8.47457627118644,20.33898305084746,71.1864406779661,61.016949152542374,10.16949152542373
E00034599,126,43,18,25,83,69,14,34.12698412698413,14.285714285714285,19.841269841269842,65.87301587301587,54.761904761904766,11.11111111111111
E00034600,190,48,15,33,142,116,26,25.263157894736842,7.894736842105263,17.36842105263158,74.73684210526315,61.05263157894737,13.684210526315791
E00034601,118,29,11,18,89,77,12,24.576271186440678,9.322033898305085,15.254237288135593,75.42372881355932,65.2542372881356,10.16949152542373
E00034602,110,29,9,20,81,70,11,26.36363636363636,8.181818181818182,18.181818181818183,73.63636363636363,63.63636363636363,10
E00034603,38,16,3,13,22,18,4,42.10526315789473,7.894736842105263,34.21052631578947,57.89473684210527,47.368421052631575,10.526315789473683
E00034604,114,32,8,24,82,72,10,28.07017543859649,7.017543859649122,21.052631578947366,71.9298245614035,63.1578947368421,8.771929824561402
E00034605,202,45,16,29,157,132,25,22.277227722772277,7.920792079207921,14.356435643564355,77.72277227722772,65.34653465346535,12.376237623762377
E00034606,86,20,7,13,66,59,7,23.25581395348837,8.13953488372093,15.11627906976744,76.74418604651163,68.6046511627907,8.13953488372093
E00034607,82,28,7,21,54,49,5,34.146341463414636,8.536585365853659,25.609756097560975,65.85365853658537,59.756097560975604,6.097560975609756
E00034608,122,30,7,23,92,73,19,24.59016393442623,5.737704918032787,18.852459016393443,75.40983606557377,59.83606557377049,15.573770491803279
E00034609,112,31,6,25,81,71,10,27.67857142857143,5.357142857142857,22.321428571428573,72.32142857142857,63.39285714285714,8.928571428571429
E00034610,188,66,26,40,122,108,14,35.1063829787234,13.829787234042554,21.27659574468085,64.8936170212766,57.446808510638306,7.446808510638298
E00034611,202,70,23,47,132,109,23,34.65346534653465,11.386138613861387,23.26732673267327,65.34653465346535,53.960396039603964,11.386138613861387
E00034612,153,36,8,28,117,113,4,23.52941176470588,5.228758169934641,18.30065359477124,76.47058823529412,73.8562091503268,2.6143790849673203
E00034613,97,26,10,16,71,62,9,26.804123711340207,10.309278350515463,16.49484536082474,73.19587628865979,63.91752577319587,9.278350515463918
E00034614,140,41,14,27,99,85,14,29.28571428571429,10,19.28571428571429,70.71428571428572,60.71428571428571,10
E00034615,100,26,9,17,74,61,13,26,9,17,74,61,13
E00034616,105,22,1,21,83,75,8,20.952380952380953,0.9523809523809524,20,79.04761904761905,71.42857142857143,7.6190476190476195
E00034617,98,26,11,15,72,63,9,26.53061224489796,11.224489795918368,15.306122448979592,73.46938775510205,64.28571428571429,9.183673469387756
E00034618,118,38,15,23,80,73,7,32.20338983050847,12.711864406779661,19.491525423728813,67.79661016949152,61.86440677966102,5.932203389830509
E00034619,142,37,15,22,105,89,16,26.056338028169012,10.56338028169014,15.492957746478872,73.94366197183099,62.676056338028175,11.267605633802818
E00034620,144,33,10,23,111,97,14,22.916666666666664,6.944444444444445,15.972222222222221,77.08333333333334,67.36111111111111,9.722222222222223
E00034621,182,51,20,31,131,115,16,28.021978021978022,10.989010989010989,17.032967032967033,71.97802197802197,63.18681318681318,8.791208791208792
E00034622,148,40,7,33,108,101,7,27.027027027027028,4.72972972972973,22.2972972972973,72.97297297297297,68.24324324324324,4.72972972972973
E00034623,218,40,13,27,178,161,17,18.34862385321101,5.963302752293578,12.385321100917432,81.65137614678899,73.85321100917432,7.79816513761468
E00034624,149,38,10,28,111,92,19,25.503355704697988,6.7114093959731544,18.79194630872483,74.49664429530202,61.74496644295302,12.751677852348994
E00034626,267,69,20,49,198,177,21,25.842696629213485,7.490636704119851,18.352059925093634,74.15730337078652,66.29213483146067,7.865168539325842
E00034627,90,31,9,22,59,55,4,34.44444444444444,10,24.444444444444443,65.55555555555556,61.111111111111114,4.444444444444445
E00034628,129,35,11,24,94,81,13,27.131782945736433,8.527131782945736,18.6046511627907,72.86821705426357,62.7906976744186,10.077519379844961
E00034630,96,32,10,22,64,53,11,33.33333333333333,10.416666666666668,22.916666666666664,66.66666666666666,55.208333333333336,11.458333333333332
E00034631,259,60,14,46,199,170,29,23.166023166023166,5.405405405405405,17.760617760617762,76.83397683397683,65.63706563706563,11.196911196911197
E00034632,103,14,4,10,89,81,8,13.592233009708737,3.8834951456310676,9.70873786407767,86.40776699029125,78.64077669902912,7.766990291262135
E00034633,112,23,8,15,89,79,10,20.535714285714285,7.142857142857142,13.392857142857142,79.46428571428571,70.53571428571429,8.928571428571429
E00034634,137,35,10,25,102,97,5,25.547445255474454,7.2992700729927,18.248175182481752,74.45255474452554,70.8029197080292,3.64963503649635
E00034635,175,48,19,29,127,118,9,27.42857142857143,10.857142857142858,16.57142857142857,72.57142857142857,67.42857142857143,5.142857142857142
E00034636,160,46,17,29,114,101,13,28.749999999999996,10.625,18.125,71.25,63.125,8.125
E00034637,110,26,13,13,84,74,10,23.636363636363637,11.818181818181818,11.818181818181818,76.36363636363637,67.27272727272727,9.090909090909092
E00034638,128,38,8,30,90,83,7,29.6875,6.25,23.4375,70.3125,64.84375,5.46875
E00034639,134,32,12,20,102,88,14,23.88059701492537,8.955223880597014,14.925373134328357,76.11940298507463,65.67164179104478,10.44776119402985
E00034640,104,26,10,16,78,59,19,25,9.615384615384617,15.384615384615385,75,56.730769230769226,18.269230769230766
E00034641,149,48,16,32,101,89,12,32.21476510067114,10.738255033557047,21.476510067114095,67.78523489932886,59.73154362416108,8.053691275167784
E00034642,136,37,8,29,99,89,10,27.205882352941174,5.88235294117647,21.323529411764707,72.79411764705883,65.44117647058823,7.352941176470589
E00034643,74,22,9,13,52,46,6,29.72972972972973,12.162162162162163,17.56756756756757,70.27027027027027,62.16216216216216,8.108108108108109
E00034644,143,44,11,33,99,93,6,30.76923076923077,7.6923076923076925,23.076923076923077,69.23076923076923,65.03496503496503,4.195804195804196
E00034645,115,28,6,22,87,75,12,24.347826086956523,5.217391304347826,19.130434782608695,75.65217391304347,65.21739130434783,10.434782608695652
E00034646,161,43,16,27,118,103,15,26.70807453416149,9.937888198757763,16.77018633540373,73.29192546583852,63.975155279503106,9.316770186335404
E00034647,101,34,11,23,67,61,6,33.663366336633665,10.891089108910892,22.772277227722775,66.33663366336634,60.396039603960396,5.9405940594059405
E00034648,202,38,9,29,164,145,19,18.81188118811881,4.455445544554455,14.356435643564355,81.1881188118812,71.78217821782178,9.405940594059405
E00034649,141,47,8,39,94,83,11,33.33333333333333,5.673758865248227,27.659574468085108,66.66666666666666,58.86524822695035,7.801418439716312
E00034650,104,26,7,19,78,63,15,25,6.730769230769231,18.269230769230766,75,60.57692307692307,14.423076923076922
E00034651,135,37,10,27,98,85,13,27.40740740740741,7.4074074074074066,20,72.5925925925926,62.96296296296296,9.62962962962963
E00034652,153,42,8,34,111,98,13,27.450980392156865,5.228758169934641,22.22222222222222,72.54901960784314,64.05228758169935,8.49673202614379
E00034653,127,42,8,34,85,74,11,33.07086614173229,6.299212598425196,26.77165354330709,66.92913385826772,58.26771653543307,8.661417322834646
E00034654,154,37,10,27,117,93,24,24.025974025974026,6.493506493506493,17.532467532467532,75.97402597402598,60.3896103896104,15.584415584415584
E00034655,190,45,12,33,145,130,15,23.684210526315788,6.315789473684211,17.36842105263158,76.31578947368422,68.42105263157895,7.894736842105263
E00034656,76,18,5,13,58,51,7,23.684210526315788,6.578947368421052,17.105263157894736,76.31578947368422,67.10526315789474,9.210526315789473
E00034657,117,25,10,15,92,82,10,21.367521367521366,8.547008547008547,12.82051282051282,78.63247863247864,70.08547008547008,8.547008547008547
E00034658,72,22,2,20,50,42,8,30.555555555555557,2.7777777777777777,27.77777777777778,69.44444444444444,58.333333333333336,11.11111111111111
E00034659,219,48,21,27,171,152,19,21.91780821917808,9.58904109589041,12.32876712328767,78.08219178082192,69.40639269406392,8.67579908675799
E00034660,134,40,12,28,94,79,15,29.850746268656714,8.955223880597014,20.8955223880597,70.1492537313433,58.95522388059702,11.194029850746269
E00034661,247,63,23,40,184,162,22,25.506072874493928,9.31174089068826,16.194331983805668,74.49392712550608,65.58704453441295,8.906882591093117
E00034662,115,34,7,27,81,73,8,29.565217391304348,6.086956521739131,23.47826086956522,70.43478260869566,63.47826086956522,6.956521739130435
E00034663,130,30,9,21,100,88,12,23.076923076923077,6.923076923076923,16.153846153846153,76.92307692307693,67.6923076923077,9.230769230769232
E00034664,94,26,4,22,68,64,4,27.659574468085108,4.25531914893617,23.404255319148938,72.3404255319149,68.08510638297872,4.25531914893617
E00034665,115,34,7,27,81,68,13,29.565217391304348,6.086956521739131,23.47826086956522,70.43478260869566,59.130434782608695,11.304347826086957
E00034666,93,25,9,16,68,58,10,26.881720430107524,9.67741935483871,17.20430107526882,73.11827956989248,62.365591397849464,10.75268817204301
E00034667,134,26,9,17,108,101,7,19.402985074626866,6.7164179104477615,12.686567164179104,80.59701492537313,75.3731343283582,5.223880597014925
E00034668,139,43,12,31,96,87,9,30.935251798561154,8.633093525179856,22.302158273381295,69.06474820143885,62.589928057553955,6.474820143884892
E00034669,101,25,5,20,76,67,9,24.752475247524753,4.9504950495049505,19.801980198019802,75.24752475247524,66.33663366336634,8.91089108910891
E00034670,164,44,14,30,120,108,12,26.82926829268293,8.536585365853659,18.29268292682927,73.17073170731707,65.85365853658537,7.317073170731707
E00034671,150,40,14,26,110,103,7,26.666666666666668,9.333333333333334,17.333333333333336,73.33333333333333,68.66666666666667,4.666666666666667
E00034672,128,35,10,25,93,87,6,27.34375,7.8125,19.53125,72.65625,67.96875,4.6875
E00034673,150,45,15,30,105,89,16,30,10,20,70,59.333333333333336,10.666666666666668
E00034674,106,25,7,18,81,70,11,23.58490566037736,6.60377358490566,16.9811320754717,76.41509433962264,66.0377358490566,10.377358490566039
E00034675,132,37,12,25,95,85,10,28.030303030303028,9.090909090909092,18.939393939393938,71.96969696969697,64.39393939393939,7.575757575757576
E00034676,52,8,1,7,44,39,5,15.384615384615385,1.9230769230769231,13.461538461538462,84.61538461538461,75,9.615384615384617
E00034677,133,35,7,28,98,85,13,26.31578947368421,5.263157894736842,21.052631578947366,73.68421052631578,63.90977443609023,9.774436090225564
E00034678,161,41,13,28,120,106,14,25.465838509316768,8.074534161490684,17.391304347826086,74.53416149068323,65.83850931677019,8.695652173913043
E00034679,151,32,8,24,119,99,20,21.192052980132452,5.298013245033113,15.894039735099339,78.80794701986756,65.56291390728477,13.245033112582782
E00034680,149,45,12,33,104,86,18,30.201342281879196,8.053691275167784,22.14765100671141,69.79865771812081,57.71812080536913,12.080536912751679
E00034681,174,45,14,31,129,112,17,25.862068965517242,8.045977011494253,17.81609195402299,74.13793103448276,64.36781609195403,9.770114942528735
E00034682,134,39,11,28,95,82,13,29.1044776119403,8.208955223880597,20.8955223880597,70.8955223880597,61.19402985074627,9.701492537313433
E00034683,155,51,13,38,104,95,9,32.903225806451616,8.38709677419355,24.516129032258064,67.0967741935484,61.29032258064516,5.806451612903226
E00034684,120,36,16,20,84,80,4,30,13.333333333333334,16.666666666666664,70,66.66666666666666,3.3333333333333335
E00034685,113,32,8,24,81,68,13,28.31858407079646,7.079646017699115,21.238938053097346,71.68141592920354,60.17699115044248,11.504424778761061
E00034686,129,44,10,34,85,78,7,34.10852713178294,7.751937984496124,26.356589147286826,65.89147286821705,60.46511627906976,5.426356589147287
E00034687,147,43,9,34,104,94,10,29.25170068027211,6.122448979591836,23.12925170068027,70.74829931972789,63.94557823129252,6.802721088435375
E00034688,106,25,5,20,81,74,7,23.58490566037736,4.716981132075472,18.867924528301888,76.41509433962264,69.81132075471697,6.60377358490566
E00034689,107,36,8,28,71,65,6,33.64485981308411,7.476635514018691,26.168224299065418,66.35514018691589,60.747663551401864,5.607476635514018
E00034690,122,33,2,31,89,83,6,27.049180327868854,1.639344262295082,25.40983606557377,72.95081967213115,68.0327868852459,4.918032786885246
E00034691,133,25,9,16,108,92,16,18.796992481203006,6.7669172932330826,12.030075187969924,81.203007518797,69.17293233082707,12.030075187969924
E00034692,106,32,7,25,74,65,9,30.18867924528302,6.60377358490566,23.58490566037736,69.81132075471697,61.32075471698113,8.49056603773585
E00034693,162,40,11,29,122,110,12,24.691358024691358,6.790123456790123,17.901234567901234,75.30864197530865,67.90123456790124,7.4074074074074066
E00034694,135,36,9,27,99,85,14,26.666666666666668,6.666666666666667,20,73.33333333333333,62.96296296296296,10.37037037037037
E00034695,185,67,19,48,118,106,12,36.21621621621622,10.27027027027027,25.945945945945947,63.78378378378379,57.2972972972973,6.486486486486487
E00034696,122,37,12,25,85,75,10,30.327868852459016,9.836065573770492,20.491803278688526,69.67213114754098,61.47540983606557,8.19672131147541
E00034697,115,33,9,24,82,75,7,28.695652173913043,7.82608695652174,20.869565217391305,71.30434782608695,65.21739130434783,6.086956521739131
E00034698,219,52,18,34,167,147,20,23.74429223744292,8.21917808219178,15.52511415525114,76.25570776255708,67.12328767123287,9.1324200913242
E00034699,125,43,8,35,82,69,13,34.4,6.4,28.000000000000004,65.60000000000001,55.2,10.4
E00034700,127,40,11,29,87,75,12,31.496062992125985,8.661417322834646,22.83464566929134,68.50393700787401,59.055118110236215,9.448818897637794
E00034701,130,44,14,30,86,78,8,33.84615384615385,10.76923076923077,23.076923076923077,66.15384615384615,60,6.153846153846154
E00034702,84,24,8,16,60,51,9,28.57142857142857,9.523809523809524,19.047619047619047,71.42857142857143,60.71428571428571,10.714285714285714
E00034703,142,31,8,23,111,98,13,21.830985915492956,5.633802816901409,16.19718309859155,78.16901408450704,69.01408450704226,9.15492957746479
E00034704,212,44,10,34,168,146,22,20.754716981132077,4.716981132075472,16.037735849056602,79.24528301886792,68.86792452830188,10.377358490566039
E00034705,144,33,10,23,111,96,15,22.916666666666664,6.944444444444445,15.972222222222221,77.08333333333334,66.66666666666666,10.416666666666668
E00034706,143,36,12,24,107,88,19,25.174825174825177,8.391608391608392,16.783216783216783,74.82517482517483,61.53846153846154,13.286713286713287
E00034707,119,29,9,20,90,84,6,24.369747899159663,7.563025210084033,16.80672268907563,75.63025210084034,70.58823529411765,5.042016806722689
E00034708,147,38,15,23,109,98,11,25.850340136054424,10.204081632653061,15.646258503401361,74.14965986394559,66.66666666666666,7.482993197278912
E00034709,131,29,6,23,102,91,11,22.137404580152673,4.580152671755725,17.557251908396946,77.86259541984732,69.46564885496184,8.396946564885496
E00034710,109,31,12,19,78,67,11,28.440366972477065,11.009174311926607,17.431192660550458,71.55963302752293,61.46788990825688,10.091743119266056
E00034711,206,46,13,33,160,140,20,22.330097087378643,6.310679611650485,16.019417475728158,77.66990291262135,67.96116504854369,9.70873786407767
E00034712,123,43,18,25,80,66,14,34.959349593495936,14.634146341463413,20.32520325203252,65.04065040650406,53.65853658536586,11.38211382113821
E00034713,115,29,8,21,86,77,9,25.217391304347824,6.956521739130435,18.26086956521739,74.78260869565217,66.95652173913044,7.82608695652174
E00034714,121,36,11,25,85,77,8,29.75206611570248,9.090909090909092,20.66115702479339,70.24793388429752,63.63636363636363,6.6115702479338845
E00034715,122,38,5,33,84,76,8,31.147540983606557,4.098360655737705,27.049180327868854,68.85245901639344,62.295081967213115,6.557377049180328
E00034716,111,34,8,26,77,69,8,30.630630630630627,7.207207207207207,23.423423423423422,69.36936936936937,62.16216216216216,7.207207207207207
E00034717,165,48,16,32,117,100,17,29.09090909090909,9.696969696969697,19.393939393939394,70.9090909090909,60.60606060606061,10.303030303030303
E00034718,101,36,9,27,65,61,4,35.64356435643564,8.91089108910891,26.732673267326735,64.35643564356435,60.396039603960396,3.9603960396039604
E00034719,146,50,14,36,96,86,10,34.24657534246575,9.58904109589041,24.65753424657534,65.75342465753424,58.9041095890411,6.8493150684931505
E00034720,132,31,8,23,101,87,14,23.484848484848484,6.0606060606060606,17.424242424242426,76.51515151515152,65.9090909090909,10.606060606060606
E00034721,80,16,6,10,64,56,8,20,7.5,12.5,80,70,10
E00034722,142,45,15,30,97,92,5,31.690140845070424,10.56338028169014,21.12676056338028,68.30985915492957,64.7887323943662,3.5211267605633805
E00034723,134,47,14,33,87,77,10,35.07462686567165,10.44776119402985,24.62686567164179,64.92537313432835,57.46268656716418,7.462686567164178
E00034724,172,37,8,29,135,114,21,21.511627906976745,4.651162790697675,16.86046511627907,78.48837209302324,66.27906976744185,12.209302325581394
E00034725,84,25,3,22,59,52,7,29.761904761904763,3.571428571428571,26.190476190476193,70.23809523809523,61.904761904761905,8.333333333333332
E00034726,135,33,7,26,102,96,6,24.444444444444443,5.185185185185185,19.25925925925926,75.55555555555556,71.11111111111111,4.444444444444445
E00034727,129,33,10,23,96,84,12,25.581395348837212,7.751937984496124,17.829457364341085,74.4186046511628,65.11627906976744,9.30232558139535
E00034728,132,45,18,27,87,84,3,34.090909090909086,13.636363636363635,20.454545454545457,65.9090909090909,63.63636363636363,2.272727272727273
E00034729,60,13,0,13,47,43,4,21.666666666666668,0,21.666666666666668,78.33333333333333,71.66666666666667,6.666666666666667
E00034731,98,34,11,23,64,55,9,34.69387755102041,11.224489795918368,23.46938775510204,65.3061224489796,56.12244897959183,9.183673469387756
E00034732,80,24,7,17,56,49,7,30,8.75,21.25,70,61.25000000000001,8.75
E00034733,88,27,6,21,61,56,5,30.681818181818183,6.8181818181818175,23.863636363636363,69.31818181818183,63.63636363636363,5.681818181818182
E00034734,158,41,10,31,117,108,9,25.949367088607595,6.329113924050633,19.62025316455696,74.0506329113924,68.35443037974683,5.69620253164557
E00034735,134,43,12,31,91,81,10,32.08955223880597,8.955223880597014,23.134328358208954,67.91044776119402,60.447761194029844,7.462686567164178
E00034736,138,36,10,26,102,87,15,26.08695652173913,7.246376811594203,18.84057971014493,73.91304347826086,63.04347826086957,10.869565217391305
E00034737,87,20,10,10,67,55,12,22.988505747126435,11.494252873563218,11.494252873563218,77.01149425287356,63.2183908045977,13.793103448275861
E00034738,140,32,10,22,108,94,14,22.857142857142858,7.142857142857142,15.714285714285714,77.14285714285715,67.14285714285714,10
E00034739,162,34,7,27,128,112,16,20.98765432098765,4.320987654320987,16.666666666666664,79.01234567901234,69.1358024691358,9.876543209876543
E00034740,125,38,12,26,87,81,6,30.4,9.6,20.8,69.6,64.8,4.8
E00034741,155,49,18,31,106,90,16,31.61290322580645,11.612903225806452,20,68.38709677419355,58.06451612903226,10.32258064516129
E00034742,129,43,12,31,86,73,13,33.33333333333333,9.30232558139535,24.031007751937985,66.66666666666666,56.58914728682171,10.077519379844961
E00034743,117,41,19,22,76,61,15,35.04273504273504,16.23931623931624,18.803418803418804,64.95726495726495,52.13675213675214,12.82051282051282
E00034744,128,38,10,28,90,73,17,29.6875,7.8125,21.875,70.3125,57.03125,13.28125
E00034745,96,42,13,29,54,52,2,43.75,13.541666666666666,30.208333333333332,56.25,54.166666666666664,2.083333333333333
E00034746,131,30,3,27,101,88,13,22.900763358778626,2.2900763358778624,20.610687022900763,77.09923664122137,67.17557251908397,9.923664122137405
E00034747,149,35,11,24,114,100,14,23.48993288590604,7.38255033557047,16.10738255033557,76.51006711409396,67.11409395973155,9.395973154362416
E00034748,107,27,8,19,80,74,6,25.233644859813083,7.476635514018691,17.75700934579439,74.76635514018692,69.1588785046729,5.607476635514018
E00034749,135,34,17,17,101,90,11,25.185185185185183,12.592592592592592,12.592592592592592,74.81481481481481,66.66666666666666,8.148148148148149
E00034750,106,35,14,21,71,67,4,33.0188679245283,13.20754716981132,19.81132075471698,66.98113207547169,63.20754716981132,3.7735849056603774
E00034751,136,43,8,35,93,82,11,31.61764705882353,5.88235294117647,25.735294117647058,68.38235294117648,60.29411764705882,8.088235294117647
E00034752,126,37,6,31,89,77,12,29.365079365079367,4.761904761904762,24.6031746031746,70.63492063492063,61.111111111111114,9.523809523809524
E00034753,118,35,8,27,83,75,8,29.66101694915254,6.779661016949152,22.88135593220339,70.33898305084746,63.559322033898304,6.779661016949152
E00034754,142,38,9,29,104,92,12,26.76056338028169,6.338028169014084,20.422535211267608,73.23943661971832,64.7887323943662,8.450704225352112
E00034755,94,38,10,28,56,47,9,40.42553191489361,10.638297872340425,29.78723404255319,59.57446808510638,50,9.574468085106384
E00034756,194,52,18,34,142,126,16,26.804123711340207,9.278350515463918,17.525773195876287,73.19587628865979,64.94845360824742,8.24742268041237
E00034757,206,51,8,43,155,142,13,24.75728155339806,3.8834951456310676,20.87378640776699,75.24271844660194,68.93203883495146,6.310679611650485
E00034758,192,49,17,32,143,125,18,25.520833333333332,8.854166666666668,16.666666666666664,74.47916666666666,65.10416666666666,9.375
E00034759,99,41,9,32,58,52,6,41.41414141414141,9.090909090909092,32.323232323232325,58.58585858585859,52.52525252525253,6.0606060606060606
E00034760,133,26,6,20,107,100,7,19.548872180451127,4.511278195488721,15.037593984962406,80.45112781954887,75.18796992481202,5.263157894736842
E00034761,247,54,19,35,193,149,44,21.86234817813765,7.6923076923076925,14.17004048582996,78.13765182186235,60.32388663967612,17.813765182186234
E00034762,220,60,15,45,160,140,20,27.27272727272727,6.8181818181818175,20.454545454545457,72.72727272727273,63.63636363636363,9.090909090909092
E00034763,132,36,6,30,96,81,15,27.27272727272727,4.545454545454546,22.727272727272727,72.72727272727273,61.36363636363637,11.363636363636363
E00034764,90,28,10,18,62,56,6,31.11111111111111,11.11111111111111,20,68.88888888888889,62.22222222222222,6.666666666666667
E00034765,190,40,11,29,150,138,12,21.052631578947366,5.7894736842105265,15.263157894736842,78.94736842105263,72.63157894736842,6.315789473684211
E00034766,140,40,7,33,100,91,9,28.57142857142857,5,23.57142857142857,71.42857142857143,65,6.428571428571428
E00034767,66,18,4,14,48,42,6,27.27272727272727,6.0606060606060606,21.21212121212121,72.72727272727273,63.63636363636363,9.090909090909092
E00034768,133,40,8,32,93,78,15,30.075187969924812,6.015037593984962,24.06015037593985,69.92481203007519,58.64661654135338,11.278195488721805
E00034769,127,34,9,25,93,79,14,26.77165354330709,7.086614173228346,19.68503937007874,73.22834645669292,62.20472440944882,11.023622047244094
E00034770,131,37,14,23,94,90,4,28.24427480916031,10.687022900763358,17.557251908396946,71.7557251908397,68.70229007633588,3.0534351145038165
E00034771,144,42,12,30,102,80,22,29.166666666666668,8.333333333333332,20.833333333333336,70.83333333333334,55.55555555555556,15.277777777777779
E00034772,161,26,8,18,135,113,22,16.149068322981368,4.968944099378882,11.180124223602485,83.85093167701864,70.1863354037267,13.664596273291925
E00034773,118,31,8,23,87,78,9,26.27118644067797,6.779661016949152,19.491525423728813,73.72881355932203,66.10169491525424,7.627118644067797
E00034774,98,23,8,15,75,64,11,23.46938775510204,8.16326530612245,15.306122448979592,76.53061224489795,65.3061224489796,11.224489795918368
E00034776,70,21,11,10,49,39,10,30,15.714285714285714,14.285714285714285,70,55.714285714285715,14.285714285714285
E00034778,167,48,14,34,119,98,21,28.74251497005988,8.383233532934131,20.359281437125748,71.25748502994011,58.68263473053892,12.574850299401197
E00034779,140,38,15,23,102,86,16,27.142857142857142,10.714285714285714,16.428571428571427,72.85714285714285,61.42857142857143,11.428571428571429
E00034780,235,54,13,41,181,166,15,22.97872340425532,5.531914893617021,17.4468085106383,77.02127659574468,70.63829787234043,6.382978723404255
E00034781,82,22,4,18,60,51,9,26.82926829268293,4.878048780487805,21.951219512195124,73.17073170731707,62.19512195121951,10.975609756097562
E00034782,186,42,17,25,144,129,15,22.58064516129032,9.13978494623656,13.440860215053762,77.41935483870968,69.35483870967742,8.064516129032258
E00034783,133,34,10,24,99,92,7,25.563909774436087,7.518796992481203,18.045112781954884,74.43609022556392,69.17293233082707,5.263157894736842
E00034784,146,30,8,22,116,103,13,20.54794520547945,5.47945205479452,15.068493150684931,79.45205479452055,70.54794520547945,8.904109589041095
E00034785,169,38,14,24,131,115,16,22.485207100591715,8.284023668639055,14.201183431952662,77.51479289940828,68.04733727810651,9.467455621301776
E00034786,126,36,15,21,90,85,5,28.57142857142857,11.904761904761903,16.666666666666664,71.42857142857143,67.46031746031747,3.968253968253968
E00034787,189,61,10,51,128,111,17,32.27513227513227,5.291005291005291,26.984126984126984,67.72486772486772,58.730158730158735,8.994708994708994
E00034788,107,39,14,25,68,62,6,36.44859813084112,13.084112149532709,23.364485981308412,63.55140186915887,57.943925233644855,5.607476635514018
E00034789,146,25,7,18,121,104,17,17.123287671232877,4.794520547945205,12.32876712328767,82.87671232876713,71.23287671232876,11.643835616438356
E00034790,144,32,11,21,112,98,14,22.22222222222222,7.638888888888889,14.583333333333334,77.77777777777779,68.05555555555556,9.722222222222223
E00034791,123,44,14,30,79,66,13,35.77235772357724,11.38211382113821,24.390243902439025,64.22764227642277,53.65853658536586,10.569105691056912
E00034792,186,43,13,30,143,130,13,23.118279569892472,6.989247311827956,16.129032258064516,76.88172043010752,69.89247311827957,6.989247311827956
E00034793,78,22,5,17,56,52,4,28.205128205128204,6.41025641025641,21.794871794871796,71.7948717948718,66.66666666666666,5.128205128205128
E00034794,62,16,4,12,46,42,4,25.806451612903224,6.451612903225806,19.35483870967742,74.19354838709677,67.74193548387096,6.451612903225806
E00034795,102,28,5,23,74,59,15,27.450980392156865,4.901960784313726,22.54901960784314,72.54901960784314,57.84313725490197,14.705882352941178
E00034796,304,69,24,45,235,214,21,22.697368421052634,7.894736842105263,14.802631578947366,77.30263157894737,70.39473684210526,6.907894736842106
E00034797,331,78,20,58,253,216,37,23.564954682779458,6.042296072507553,17.522658610271904,76.43504531722054,65.25679758308158,11.178247734138973
E00034798,246,53,16,37,193,171,22,21.544715447154474,6.504065040650407,15.040650406504067,78.45528455284553,69.51219512195121,8.94308943089431
E00034799,172,42,10,32,130,112,18,24.418604651162788,5.813953488372093,18.6046511627907,75.5813953488372,65.11627906976744,10.465116279069768
E00034800,133,43,16,27,90,76,14,32.33082706766917,12.030075187969924,20.30075187969925,67.66917293233082,57.14285714285714,10.526315789473683
E00034801,184,47,13,34,137,120,17,25.543478260869566,7.065217391304348,18.478260869565215,74.45652173913044,65.21739130434783,9.239130434782608
E00034802,179,43,14,29,136,118,18,24.022346368715084,7.82122905027933,16.201117318435752,75.97765363128491,65.92178770949721,10.05586592178771
E00034803,160,38,11,27,122,112,10,23.75,6.875000000000001,16.875,76.25,70,6.25
E00034804,264,55,13,42,209,189,20,20.833333333333336,4.924242424242424,15.909090909090908,79.16666666666666,71.5909090909091,7.575757575757576
E00034805,146,40,13,27,106,98,8,27.397260273972602,8.904109589041095,18.493150684931507,72.6027397260274,67.12328767123287,5.47945205479452
E00034806,110,29,7,22,81,71,10,26.36363636363636,6.363636363636363,20,73.63636363636363,64.54545454545455,9.090909090909092
E00034807,111,30,8,22,81,74,7,27.027027027027028,7.207207207207207,19.81981981981982,72.97297297297297,66.66666666666666,6.306306306306306
E00034808,129,34,11,23,95,86,9,26.356589147286826,8.527131782945736,17.829457364341085,73.64341085271317,66.66666666666666,6.976744186046512
E00034809,154,30,10,20,124,112,12,19.480519480519483,6.493506493506493,12.987012987012985,80.51948051948052,72.72727272727273,7.792207792207792
E00034810,193,55,12,43,138,119,19,28.497409326424872,6.217616580310881,22.279792746113987,71.50259067357513,61.6580310880829,9.844559585492227
E00034811,125,37,8,29,88,75,13,29.599999999999998,6.4,23.200000000000003,70.39999999999999,60,10.4
E00034812,250,43,12,31,207,192,15,17.2,4.8,12.4,82.8,76.8,6
E00034813,225,53,14,39,172,160,12,23.555555555555554,6.222222222222222,17.333333333333336,76.44444444444444,71.11111111111111,5.333333333333334
E00034814,148,27,8,19,121,107,14,18.243243243243242,5.405405405405405,12.837837837837837,81.75675675675676,72.2972972972973,9.45945945945946
E00034815,135,38,14,24,97,94,3,28.14814814814815,10.37037037037037,17.77777777777778,71.85185185185186,69.62962962962963,2.2222222222222223
E00034816,132,37,9,28,95,88,7,28.030303030303028,6.8181818181818175,21.21212121212121,71.96969696969697,66.66666666666666,5.303030303030303
E00034817,146,33,13,20,113,95,18,22.602739726027394,8.904109589041095,13.698630136986301,77.3972602739726,65.06849315068493,12.32876712328767
E00034818,70,24,6,18,46,38,8,34.285714285714285,8.571428571428571,25.71428571428571,65.71428571428571,54.285714285714285,11.428571428571429
E00034819,106,35,7,28,71,61,10,33.0188679245283,6.60377358490566,26.41509433962264,66.98113207547169,57.54716981132076,9.433962264150944
E00034821,125,36,17,19,89,76,13,28.799999999999997,13.600000000000001,15.2,71.2,60.8,10.4
E00034822,89,32,8,24,57,46,11,35.95505617977528,8.98876404494382,26.96629213483146,64.04494382022472,51.68539325842697,12.359550561797752
E00034823,165,51,20,31,114,100,14,30.909090909090907,12.121212121212121,18.787878787878785,69.0909090909091,60.60606060606061,8.484848484848486
E00034824,95,29,13,16,66,57,9,30.526315789473685,13.684210526315791,16.842105263157894,69.47368421052632,60,9.473684210526317
E00034825,136,33,10,23,103,89,14,24.264705882352942,7.352941176470589,16.911764705882355,75.73529411764706,65.44117647058823,10.294117647058822
E00034826,154,63,20,43,91,79,12,40.909090909090914,12.987012987012985,27.92207792207792,59.09090909090909,51.298701298701296,7.792207792207792
E00034827,143,38,8,30,105,93,12,26.573426573426573,5.594405594405594,20.97902097902098,73.42657342657343,65.03496503496503,8.391608391608392
E00034828,193,36,10,26,157,132,25,18.65284974093264,5.181347150259067,13.471502590673575,81.34715025906736,68.39378238341969,12.953367875647666
E00034829,74,28,6,22,46,45,1,37.83783783783784,8.108108108108109,29.72972972972973,62.16216216216216,60.810810810810814,1.3513513513513513
E00034830,41,18,5,13,23,20,3,43.90243902439025,12.195121951219512,31.70731707317073,56.09756097560976,48.78048780487805,7.317073170731707
E00034832,73,21,9,12,52,49,3,28.767123287671232,12.32876712328767,16.43835616438356,71.23287671232876,67.12328767123287,4.10958904109589
E00034833,89,25,3,22,64,61,3,28.08988764044944,3.3707865168539324,24.719101123595504,71.91011235955057,68.53932584269663,3.3707865168539324
E00034834,66,19,8,11,47,41,6,28.78787878787879,12.121212121212121,16.666666666666664,71.21212121212122,62.121212121212125,9.090909090909092
E00034835,116,48,14,34,68,58,10,41.37931034482759,12.068965517241379,29.310344827586203,58.620689655172406,50,8.620689655172415
E00034836,65,18,4,14,47,37,10,27.692307692307693,6.153846153846154,21.53846153846154,72.3076923076923,56.92307692307692,15.384615384615385
E00034837,114,34,8,26,80,69,11,29.82456140350877,7.017543859649122,22.807017543859647,70.17543859649122,60.526315789473685,9.649122807017543
E00034838,184,51,12,39,133,119,14,27.717391304347828,6.521739130434782,21.195652173913043,72.28260869565217,64.67391304347827,7.608695652173914
E00034839,129,41,7,34,88,73,15,31.782945736434108,5.426356589147287,26.356589147286826,68.21705426356588,56.58914728682171,11.627906976744185
E00034840,100,26,3,23,74,67,7,26,3,23,74,67,7.000000000000001
E00034841,145,38,3,35,107,84,23,26.20689655172414,2.0689655172413794,24.137931034482758,73.79310344827587,57.931034482758626,15.862068965517242
E00034842,167,38,10,28,129,112,17,22.75449101796407,5.9880239520958085,16.766467065868262,77.24550898203593,67.06586826347305,10.179640718562874
E00034844,145,47,10,37,98,86,12,32.41379310344827,6.896551724137931,25.517241379310345,67.58620689655173,59.310344827586206,8.275862068965518
E00034845,115,34,15,19,81,74,7,29.565217391304348,13.043478260869565,16.52173913043478,70.43478260869566,64.34782608695652,6.086956521739131
E00034846,109,35,13,22,74,67,7,32.11009174311927,11.926605504587156,20.18348623853211,67.88990825688074,61.46788990825688,6.422018348623854
E00034847,92,38,15,23,54,53,1,41.30434782608695,16.304347826086957,25,58.69565217391305,57.608695652173914,1.0869565217391304
E00034848,116,46,16,30,70,59,11,39.6551724137931,13.793103448275861,25.862068965517242,60.3448275862069,50.86206896551724,9.482758620689655
E00034849,123,33,11,22,90,80,10,26.82926829268293,8.94308943089431,17.88617886178862,73.17073170731707,65.04065040650406,8.130081300813007
E00034850,106,40,7,33,66,56,10,37.735849056603776,6.60377358490566,31.132075471698112,62.264150943396224,52.83018867924528,9.433962264150944
E00034851,208,53,27,26,155,132,23,25.48076923076923,12.980769230769232,12.5,74.51923076923077,63.46153846153846,11.057692307692307
E00034852,134,47,8,39,87,78,9,35.07462686567165,5.970149253731343,29.1044776119403,64.92537313432835,58.2089552238806,6.7164179104477615
E00034853,178,41,8,33,137,124,13,23.03370786516854,4.49438202247191,18.53932584269663,76.96629213483146,69.66292134831461,7.303370786516854
E00034854,72,30,7,23,42,41,1,41.66666666666667,9.722222222222223,31.944444444444443,58.333333333333336,56.94444444444444,1.3888888888888888
E00034855,63,21,8,13,42,39,3,33.33333333333333,12.698412698412698,20.634920634920633,66.66666666666666,61.904761904761905,4.761904761904762
E00034856,105,35,10,25,70,64,6,33.33333333333333,9.523809523809524,23.809523809523807,66.66666666666666,60.952380952380956,5.714285714285714
E00034857,70,32,8,24,38,34,4,45.714285714285715,11.428571428571429,34.285714285714285,54.285714285714285,48.57142857142857,5.714285714285714
E00034858,81,25,5,20,56,56,0,30.864197530864196,6.172839506172839,24.691358024691358,69.1358024691358,69.1358024691358,0
E00034859,46,13,4,9,33,29,4,28.26086956521739,8.695652173913043,19.565217391304348,71.73913043478261,63.04347826086957,8.695652173913043
E00034860,158,37,10,27,121,103,18,23.417721518987342,6.329113924050633,17.088607594936708,76.58227848101265,65.18987341772153,11.39240506329114
E00034861,144,35,14,21,109,100,9,24.305555555555554,9.722222222222223,14.583333333333334,75.69444444444444,69.44444444444444,6.25
E00034862,139,59,30,29,80,73,7,42.44604316546763,21.58273381294964,20.863309352517987,57.55395683453237,52.51798561151079,5.0359712230215825
E00034863,158,46,15,31,112,102,10,29.11392405063291,9.49367088607595,19.62025316455696,70.88607594936708,64.55696202531645,6.329113924050633
E00034864,62,11,4,7,51,48,3,17.741935483870968,6.451612903225806,11.29032258064516,82.25806451612904,77.41935483870968,4.838709677419355
E00034865,116,28,8,20,88,79,9,24.137931034482758,6.896551724137931,17.24137931034483,75.86206896551724,68.10344827586206,7.758620689655173
E00034866,81,31,11,20,50,46,4,38.2716049382716,13.580246913580247,24.691358024691358,61.72839506172839,56.79012345679012,4.938271604938271
E00034867,148,38,5,33,110,97,13,25.675675675675674,3.3783783783783785,22.2972972972973,74.32432432432432,65.54054054054053,8.783783783783784
E00034868,109,39,13,26,70,61,9,35.77981651376147,11.926605504587156,23.853211009174313,64.22018348623854,55.96330275229357,8.256880733944955
E00034869,103,34,12,22,69,62,7,33.00970873786408,11.650485436893204,21.35922330097087,66.99029126213593,60.19417475728155,6.796116504854369
E00034870,113,33,6,27,80,69,11,29.20353982300885,5.3097345132743365,23.893805309734514,70.79646017699115,61.06194690265486,9.734513274336283
E00034871,129,28,7,21,101,85,16,21.705426356589147,5.426356589147287,16.27906976744186,78.29457364341084,65.89147286821705,12.4031007751938
E00034872,135,40,13,27,95,82,13,29.629629629629626,9.62962962962963,20,70.37037037037037,60.74074074074074,9.62962962962963
E00034873,118,37,12,25,81,69,12,31.35593220338983,10.16949152542373,21.1864406779661,68.64406779661016,58.47457627118644,10.16949152542373
E00034874,140,42,17,25,98,88,10,30,12.142857142857142,17.857142857142858,70,62.857142857142854,7.142857142857142
E00034875,107,28,7,21,79,68,11,26.168224299065418,6.5420560747663545,19.626168224299064,73.83177570093457,63.55140186915887,10.2803738317757
E00034876,132,39,8,31,93,83,10,29.545454545454547,6.0606060606060606,23.484848484848484,70.45454545454545,62.878787878787875,7.575757575757576
E00034877,131,27,4,23,104,90,14,20.610687022900763,3.0534351145038165,17.557251908396946,79.38931297709924,68.70229007633588,10.687022900763358
E00034878,104,27,10,17,77,72,5,25.961538461538463,9.615384615384617,16.346153846153847,74.03846153846155,69.23076923076923,4.807692307692308
E00034879,81,29,8,21,52,44,8,35.80246913580247,9.876543209876543,25.925925925925924,64.19753086419753,54.32098765432099,9.876543209876543
E00034880,16,2,0,2,14,10,4,12.5,0,12.5,87.5,62.5,25
E00034881,105,21,7,14,84,69,15,20,6.666666666666667,13.333333333333334,80,65.71428571428571,14.285714285714285
E00034882,69,26,10,16,43,40,3,37.68115942028986,14.492753623188406,23.18840579710145,62.31884057971014,57.971014492753625,4.3478260869565215
E00034883,127,33,9,24,94,85,9,25.984251968503933,7.086614173228346,18.89763779527559,74.01574803149606,66.92913385826772,7.086614173228346
E00034884,101,20,8,12,81,70,11,19.801980198019802,7.920792079207921,11.881188118811881,80.19801980198021,69.3069306930693,10.891089108910892
E00034885,171,35,7,28,136,117,19,20.46783625730994,4.093567251461988,16.374269005847953,79.53216374269006,68.42105263157895,11.11111111111111
E00034886,111,40,12,28,71,65,6,36.03603603603604,10.81081081081081,25.225225225225223,63.96396396396396,58.55855855855856,5.405405405405405
E00034887,54,22,10,12,32,31,1,40.74074074074074,18.51851851851852,22.22222222222222,59.25925925925925,57.407407407407405,1.8518518518518516
E00034888,147,32,7,25,115,101,14,21.768707482993197,4.761904761904762,17.006802721088434,78.2312925170068,68.70748299319727,9.523809523809524
E00034889,74,22,7,15,52,46,6,29.72972972972973,9.45945945945946,20.27027027027027,70.27027027027027,62.16216216216216,8.108108108108109
E00034890,106,38,8,30,68,65,3,35.84905660377358,7.547169811320755,28.30188679245283,64.15094339622641,61.32075471698113,2.8301886792452833
E00034891,78,28,8,20,50,44,6,35.8974358974359,10.256410256410255,25.64102564102564,64.1025641025641,56.41025641025641,7.6923076923076925
E00034892,110,29,8,21,81,73,8,26.36363636363636,7.2727272727272725,19.090909090909093,73.63636363636363,66.36363636363637,7.2727272727272725
E00034893,112,35,7,28,77,68,9,31.25,6.25,25,68.75,60.71428571428571,8.035714285714286
E00034894,109,26,12,14,83,69,14,23.853211009174313,11.009174311926607,12.844036697247708,76.14678899082568,63.30275229357798,12.844036697247708
E00034895,150,38,13,25,112,94,18,25.333333333333336,8.666666666666668,16.666666666666664,74.66666666666667,62.66666666666667,12
E00034896,180,47,15,32,133,103,30,26.111111111111114,8.333333333333332,17.77777777777778,73.88888888888889,57.22222222222222,16.666666666666664
E00034897,126,31,12,19,95,79,16,24.6031746031746,9.523809523809524,15.079365079365079,75.39682539682539,62.698412698412696,12.698412698412698
E00034898,112,38,17,21,74,62,12,33.92857142857143,15.178571428571427,18.75,66.07142857142857,55.35714285714286,10.714285714285714
E00034899,124,26,6,20,98,88,10,20.967741935483872,4.838709677419355,16.129032258064516,79.03225806451613,70.96774193548387,8.064516129032258
E00034900,151,34,10,24,117,104,13,22.516556291390728,6.622516556291391,15.894039735099339,77.48344370860927,68.87417218543047,8.609271523178808
E00034901,111,32,10,22,79,62,17,28.82882882882883,9.00900900900901,19.81981981981982,71.17117117117117,55.85585585585585,15.315315315315313
E00034902,102,19,5,14,83,72,11,18.627450980392158,4.901960784313726,13.725490196078432,81.37254901960785,70.58823529411765,10.784313725490197
E00034903,178,49,21,28,129,109,20,27.52808988764045,11.797752808988763,15.730337078651685,72.47191011235955,61.23595505617978,11.235955056179774
E00034904,135,33,11,22,102,87,15,24.444444444444443,8.148148148148149,16.296296296296298,75.55555555555556,64.44444444444444,11.11111111111111
E00034905,112,32,17,15,80,67,13,28.57142857142857,15.178571428571427,13.392857142857142,71.42857142857143,59.82142857142857,11.607142857142858
E00034906,148,41,8,33,107,83,24,27.7027027027027,5.405405405405405,22.2972972972973,72.2972972972973,56.08108108108109,16.216216216216218
E00034907,100,26,8,18,74,64,10,26,8,18,74,64,10
E00034908,91,24,6,18,67,55,12,26.373626373626376,6.593406593406594,19.78021978021978,73.62637362637363,60.43956043956044,13.186813186813188
E00034909,89,27,3,24,62,57,5,30.337078651685395,3.3707865168539324,26.96629213483146,69.66292134831461,64.04494382022472,5.617977528089887
E00034910,150,63,23,40,87,70,17,42,15.333333333333332,26.666666666666668,57.99999999999999,46.666666666666664,11.333333333333332
E00034911,135,39,9,30,96,88,8,28.888888888888886,6.666666666666667,22.22222222222222,71.11111111111111,65.18518518518519,5.9259259259259265
E00034912,124,31,8,23,93,85,8,25,6.451612903225806,18.548387096774192,75,68.54838709677419,6.451612903225806
E00034913,102,30,11,19,72,62,10,29.411764705882355,10.784313725490197,18.627450980392158,70.58823529411765,60.78431372549019,9.803921568627452
E00034914,127,42,14,28,85,78,7,33.07086614173229,11.023622047244094,22.04724409448819,66.92913385826772,61.417322834645674,5.511811023622047
E00034915,119,42,15,27,77,69,8,35.294117647058826,12.605042016806722,22.689075630252102,64.70588235294117,57.98319327731093,6.722689075630252
E00034916,125,30,7,23,95,85,10,24,5.6000000000000005,18.4,76,68,8
E00034917,91,19,6,13,72,61,11,20.87912087912088,6.593406593406594,14.285714285714285,79.12087912087912,67.03296703296702,12.087912087912088
E00034918,102,31,14,17,71,58,13,30.392156862745097,13.725490196078432,16.666666666666664,69.6078431372549,56.86274509803921,12.745098039215685
E00034919,121,32,12,20,89,70,19,26.446280991735538,9.917355371900827,16.528925619834713,73.55371900826447,57.85123966942148,15.702479338842975
E00034920,157,45,18,27,112,97,15,28.662420382165603,11.464968152866243,17.197452229299362,71.3375796178344,61.78343949044586,9.554140127388536
E00034921,88,26,8,18,62,52,10,29.545454545454547,9.090909090909092,20.454545454545457,70.45454545454545,59.09090909090909,11.363636363636363
E00034922,119,34,9,25,85,76,9,28.57142857142857,7.563025210084033,21.008403361344538,71.42857142857143,63.86554621848739,7.563025210084033
E00034923,262,47,12,35,215,192,23,17.938931297709924,4.580152671755725,13.358778625954198,82.06106870229007,73.2824427480916,8.778625954198473
E00034924,113,27,13,14,86,76,10,23.893805309734514,11.504424778761061,12.389380530973451,76.10619469026548,67.2566371681416,8.849557522123893
E00034925,72,19,6,13,53,43,10,26.38888888888889,8.333333333333332,18.055555555555554,73.61111111111111,59.72222222222222,13.88888888888889
E00034926,108,33,12,21,75,64,11,30.555555555555557,11.11111111111111,19.444444444444446,69.44444444444444,59.25925925925925,10.185185185185185
E00034927,102,28,11,17,74,57,17,27.450980392156865,10.784313725490197,16.666666666666664,72.54901960784314,55.88235294117647,16.666666666666664
E00034928,93,24,11,13,69,58,11,25.806451612903224,11.827956989247312,13.978494623655912,74.19354838709677,62.365591397849464,11.827956989247312
E00034929,145,36,13,23,109,89,20,24.82758620689655,8.96551724137931,15.862068965517242,75.17241379310344,61.37931034482759,13.793103448275861
E00034930,137,41,9,32,96,84,12,29.927007299270077,6.569343065693431,23.357664233576642,70.07299270072993,61.31386861313869,8.75912408759124
E00034931,124,37,11,26,87,80,7,29.838709677419356,8.870967741935484,20.967741935483872,70.16129032258065,64.51612903225806,5.64516129032258
E00034932,129,36,14,22,93,84,9,27.906976744186046,10.852713178294573,17.05426356589147,72.09302325581395,65.11627906976744,6.976744186046512
E00034933,118,26,8,18,92,74,18,22.033898305084744,6.779661016949152,15.254237288135593,77.96610169491525,62.71186440677966,15.254237288135593
E00034934,120,32,11,21,88,81,7,26.666666666666668,9.166666666666666,17.5,73.33333333333333,67.5,5.833333333333333
E00034935,141,27,5,22,114,95,19,19.148936170212767,3.546099290780142,15.602836879432624,80.85106382978722,67.37588652482269,13.47517730496454
E00034936,162,44,22,22,118,95,23,27.160493827160494,13.580246913580247,13.580246913580247,72.8395061728395,58.64197530864198,14.19753086419753
E00034937,119,42,14,28,77,67,10,35.294117647058826,11.76470588235294,23.52941176470588,64.70588235294117,56.30252100840336,8.403361344537815
E00034938,114,30,7,23,84,73,11,26.31578947368421,6.140350877192982,20.175438596491226,73.68421052631578,64.03508771929825,9.649122807017543
E00034939,135,44,10,34,91,85,6,32.592592592592595,7.4074074074074066,25.185185185185183,67.4074074074074,62.96296296296296,4.444444444444445
E00034940,119,35,7,28,84,74,10,29.411764705882355,5.88235294117647,23.52941176470588,70.58823529411765,62.18487394957983,8.403361344537815
E00034941,124,40,25,15,84,76,8,32.25806451612903,20.161290322580644,12.096774193548388,67.74193548387096,61.29032258064516,6.451612903225806
E00034942,139,43,14,29,96,90,6,30.935251798561154,10.071942446043165,20.863309352517987,69.06474820143885,64.74820143884892,4.316546762589928
E00034944,137,32,7,25,105,91,14,23.357664233576642,5.109489051094891,18.248175182481752,76.64233576642336,66.42335766423358,10.218978102189782
E00034945,161,35,9,26,126,116,10,21.73913043478261,5.590062111801243,16.149068322981368,78.26086956521739,72.04968944099379,6.211180124223603
E00034946,168,43,15,28,125,115,10,25.595238095238095,8.928571428571429,16.666666666666664,74.40476190476191,68.45238095238095,5.952380952380952
E00034947,141,53,17,36,88,79,9,37.5886524822695,12.056737588652481,25.53191489361702,62.4113475177305,56.02836879432624,6.382978723404255
E00034949,137,41,7,34,96,84,12,29.927007299270077,5.109489051094891,24.817518248175183,70.07299270072993,61.31386861313869,8.75912408759124
E00034950,147,48,13,35,99,85,14,32.6530612244898,8.843537414965986,23.809523809523807,67.3469387755102,57.82312925170068,9.523809523809524
E00034951,122,34,7,27,88,81,7,27.86885245901639,5.737704918032787,22.131147540983605,72.1311475409836,66.39344262295081,5.737704918032787
E00034952,67,14,4,10,53,43,10,20.8955223880597,5.970149253731343,14.925373134328357,79.1044776119403,64.17910447761194,14.925373134328357
E00034953,195,46,12,34,149,134,15,23.589743589743588,6.153846153846154,17.435897435897434,76.41025641025641,68.71794871794872,7.6923076923076925
E00034954,112,39,7,32,73,72,1,34.82142857142857,6.25,28.57142857142857,65.17857142857143,64.28571428571429,0.8928571428571428
E00034955,111,28,6,22,83,73,10,25.225225225225223,5.405405405405405,19.81981981981982,74.77477477477478,65.76576576576578,9.00900900900901
E00034956,88,22,4,18,66,56,10,25,4.545454545454546,20.454545454545457,75,63.63636363636363,11.363636363636363
E00034957,133,33,9,24,100,89,11,24.81203007518797,6.7669172932330826,18.045112781954884,75.18796992481202,66.9172932330827,8.270676691729323
E00034958,120,39,7,32,81,72,9,32.5,5.833333333333333,26.666666666666668,67.5,60,7.5
E00034959,151,34,12,22,117,101,16,22.516556291390728,7.9470198675496695,14.56953642384106,77.48344370860927,66.88741721854305,10.596026490066226
E00034960,144,39,17,22,105,98,7,27.083333333333332,11.805555555555555,15.277777777777779,72.91666666666666,68.05555555555556,4.861111111111112
E00034961,107,32,7,25,75,67,8,29.906542056074763,6.5420560747663545,23.364485981308412,70.09345794392523,62.616822429906534,7.476635514018691
E00034962,149,45,13,32,104,94,10,30.201342281879196,8.724832214765101,21.476510067114095,69.79865771812081,63.08724832214765,6.7114093959731544
E00034963,153,42,12,30,111,95,16,27.450980392156865,7.8431372549019605,19.607843137254903,72.54901960784314,62.091503267973856,10.457516339869281
E00034964,93,32,10,22,61,51,10,34.40860215053764,10.75268817204301,23.655913978494624,65.59139784946237,54.83870967741935,10.75268817204301
E00034965,117,30,9,21,87,84,3,25.64102564102564,7.6923076923076925,17.94871794871795,74.35897435897436,71.7948717948718,2.564102564102564
E00034966,154,48,12,36,106,95,11,31.16883116883117,7.792207792207792,23.376623376623375,68.83116883116884,61.68831168831169,7.142857142857142
E00034967,132,40,12,28,92,86,6,30.303030303030305,9.090909090909092,21.21212121212121,69.6969696969697,65.15151515151516,4.545454545454546
E00034969,117,21,4,17,96,83,13,17.94871794871795,3.418803418803419,14.529914529914532,82.05128205128204,70.94017094017094,11.11111111111111
E00034970,190,64,21,43,126,121,5,33.68421052631579,11.052631578947368,22.63157894736842,66.3157894736842,63.68421052631579,2.631578947368421
E00034972,186,38,9,29,148,141,7,20.43010752688172,4.838709677419355,15.591397849462366,79.56989247311827,75.80645161290323,3.763440860215054
E00034973,186,51,11,40,135,124,11,27.419354838709676,5.913978494623656,21.50537634408602,72.58064516129032,66.66666666666666,5.913978494623656
E00034974,253,71,33,38,182,168,14,28.063241106719367,13.043478260869565,15.019762845849801,71.93675889328063,66.40316205533597,5.533596837944664
E00034975,105,38,7,31,67,63,4,36.19047619047619,6.666666666666667,29.523809523809526,63.8095238095238,60,3.8095238095238098
E00034976,241,47,9,38,194,175,19,19.502074688796682,3.7344398340248963,15.767634854771783,80.49792531120332,72.61410788381743,7.883817427385892
E00034977,135,35,8,27,100,88,12,25.925925925925924,5.9259259259259265,20,74.07407407407408,65.18518518518519,8.88888888888889
E00034978,148,44,20,24,104,94,10,29.72972972972973,13.513513513513514,16.216216216216218,70.27027027027027,63.51351351351351,6.756756756756757
E00034979,163,47,16,31,116,104,12,28.834355828220858,9.815950920245399,19.018404907975462,71.16564417177914,63.80368098159509,7.361963190184049
E00034980,192,50,17,33,142,121,21,26.041666666666668,8.854166666666668,17.1875,73.95833333333334,63.020833333333336,10.9375
E00034981,156,56,12,44,100,92,8,35.8974358974359,7.6923076923076925,28.205128205128204,64.1025641025641,58.97435897435898,5.128205128205128
E00034982,85,33,13,20,52,49,3,38.82352941176471,15.294117647058824,23.52941176470588,61.1764705882353,57.647058823529406,3.5294117647058822
E00034983,243,77,33,44,166,140,26,31.68724279835391,13.580246913580247,18.106995884773664,68.3127572016461,57.61316872427984,10.699588477366255
E00034984,103,42,7,35,61,48,13,40.77669902912621,6.796116504854369,33.980582524271846,59.22330097087378,46.601941747572816,12.62135922330097
E00034986,159,46,10,36,113,100,13,28.930817610062892,6.289308176100629,22.641509433962266,71.0691823899371,62.893081761006286,8.176100628930817
E00034987,137,35,8,27,102,83,19,25.547445255474454,5.839416058394161,19.708029197080293,74.45255474452554,60.58394160583942,13.86861313868613
E00034989,123,26,5,21,97,86,11,21.138211382113823,4.0650406504065035,17.073170731707318,78.86178861788618,69.91869918699187,8.94308943089431
E00034990,125,27,9,18,98,85,13,21.6,7.199999999999999,14.399999999999999,78.4,68,10.4
E00034992,178,48,17,31,130,116,14,26.96629213483146,9.550561797752808,17.415730337078653,73.03370786516854,65.1685393258427,7.865168539325842
E00034993,100,36,12,24,64,60,4,36,12,24,64,60,4
E00034994,112,32,5,27,80,75,5,28.57142857142857,4.464285714285714,24.107142857142858,71.42857142857143,66.96428571428571,4.464285714285714
E00034995,106,23,7,16,83,70,13,21.69811320754717,6.60377358490566,15.09433962264151,78.30188679245283,66.0377358490566,12.264150943396226
E00034996,117,38,8,30,79,73,6,32.47863247863248,6.837606837606838,25.64102564102564,67.52136752136752,62.39316239316239,5.128205128205128
E00034997,135,39,10,29,96,88,8,28.888888888888886,7.4074074074074066,21.48148148148148,71.11111111111111,65.18518518518519,5.9259259259259265
E00034998,143,54,17,37,89,76,13,37.76223776223776,11.888111888111888,25.874125874125873,62.23776223776224,53.14685314685315,9.090909090909092
E00034999,128,38,12,26,90,76,14,29.6875,9.375,20.3125,70.3125,59.375,10.9375
E00035000,182,43,13,30,139,122,17,23.626373626373624,7.142857142857142,16.483516483516482,76.37362637362637,67.03296703296702,9.340659340659341
E00035001,162,31,5,26,131,116,15,19.1358024691358,3.0864197530864197,16.049382716049383,80.8641975308642,71.60493827160494,9.25925925925926
E00035002,116,31,12,19,85,71,14,26.72413793103448,10.344827586206897,16.379310344827587,73.27586206896551,61.206896551724135,12.068965517241379
E00035004,158,45,10,35,113,94,19,28.48101265822785,6.329113924050633,22.151898734177212,71.51898734177216,59.49367088607595,12.025316455696203
E00035005,144,47,16,31,97,86,11,32.63888888888889,11.11111111111111,21.52777777777778,67.36111111111111,59.72222222222222,7.638888888888889
E00035006,131,43,15,28,88,84,4,32.82442748091603,11.450381679389313,21.374045801526716,67.17557251908397,64.12213740458014,3.0534351145038165
E00035007,62,21,9,12,41,35,6,33.87096774193548,14.516129032258066,19.35483870967742,66.12903225806451,56.451612903225815,9.67741935483871
E00035008,148,41,8,33,107,94,13,27.7027027027027,5.405405405405405,22.2972972972973,72.2972972972973,63.51351351351351,8.783783783783784
E00035009,113,32,9,23,81,78,3,28.31858407079646,7.964601769911504,20.353982300884958,71.68141592920354,69.02654867256636,2.6548672566371683
E00035010,59,26,7,19,33,26,7,44.06779661016949,11.864406779661017,32.20338983050847,55.932203389830505,44.06779661016949,11.864406779661017
E00035011,79,23,2,21,56,48,8,29.11392405063291,2.5316455696202533,26.582278481012654,70.88607594936708,60.75949367088608,10.126582278481013
E00035012,99,28,10,18,71,57,14,28.28282828282828,10.1010101010101,18.181818181818183,71.71717171717171,57.57575757575758,14.14141414141414
E00035013,97,28,11,17,69,60,9,28.865979381443296,11.34020618556701,17.525773195876287,71.1340206185567,61.855670103092784,9.278350515463918
E00035014,91,28,9,19,63,53,10,30.76923076923077,9.89010989010989,20.87912087912088,69.23076923076923,58.24175824175825,10.989010989010989
E00035015,120,42,13,29,78,68,10,35,10.833333333333334,24.166666666666668,65,56.666666666666664,8.333333333333332
E00035016,138,35,11,24,103,89,14,25.36231884057971,7.971014492753622,17.391304347826086,74.63768115942028,64.4927536231884,10.144927536231885
E00035017,124,36,15,21,88,81,7,29.03225806451613,12.096774193548388,16.93548387096774,70.96774193548387,65.32258064516128,5.64516129032258
E00035018,105,30,13,17,75,66,9,28.57142857142857,12.380952380952381,16.19047619047619,71.42857142857143,62.857142857142854,8.571428571428571
E00035019,107,43,16,27,64,58,6,40.18691588785047,14.953271028037381,25.233644859813083,59.813084112149525,54.20560747663551,5.607476635514018
E00035020,134,38,6,32,96,83,13,28.35820895522388,4.477611940298507,23.88059701492537,71.64179104477611,61.940298507462686,9.701492537313433
E00035021,154,40,11,29,114,101,13,25.97402597402597,7.142857142857142,18.83116883116883,74.02597402597402,65.5844155844156,8.441558441558442
E00035022,43,20,10,10,23,22,1,46.51162790697674,23.25581395348837,23.25581395348837,53.48837209302325,51.162790697674424,2.3255813953488373
E00035023,105,36,5,31,69,61,8,34.285714285714285,4.761904761904762,29.523809523809526,65.71428571428571,58.0952380952381,7.6190476190476195
E00035024,146,29,11,18,117,107,10,19.863013698630137,7.534246575342466,12.32876712328767,80.13698630136986,73.28767123287672,6.8493150684931505
E00035025,79,41,10,31,38,34,4,51.89873417721519,12.658227848101266,39.24050632911392,48.10126582278481,43.037974683544306,5.063291139240507
E00035026,122,35,9,26,87,80,7,28.688524590163933,7.377049180327869,21.311475409836063,71.31147540983606,65.57377049180327,5.737704918032787
E00035027,127,48,9,39,79,72,7,37.79527559055118,7.086614173228346,30.708661417322837,62.20472440944882,56.69291338582677,5.511811023622047
E00035028,174,47,17,30,127,120,7,27.011494252873565,9.770114942528735,17.24137931034483,72.98850574712644,68.96551724137932,4.022988505747127
E00035029,143,55,13,42,88,81,7,38.46153846153847,9.090909090909092,29.37062937062937,61.53846153846154,56.64335664335665,4.895104895104895
E00035030,154,46,17,29,108,100,8,29.87012987012987,11.03896103896104,18.83116883116883,70.12987012987013,64.93506493506493,5.194805194805195
E00035031,90,20,5,15,70,61,9,22.22222222222222,5.555555555555555,16.666666666666664,77.77777777777779,67.77777777777779,10
E00035032,102,22,6,16,80,76,4,21.568627450980394,5.88235294117647,15.686274509803921,78.43137254901961,74.50980392156863,3.9215686274509802
E00035033,123,34,13,21,89,76,13,27.64227642276423,10.569105691056912,17.073170731707318,72.35772357723577,61.78861788617886,10.569105691056912
E00035034,253,72,26,46,181,166,15,28.458498023715418,10.276679841897234,18.181818181818183,71.54150197628458,65.61264822134387,5.928853754940711
E00035035,278,58,17,41,220,198,22,20.863309352517987,6.115107913669065,14.748201438848922,79.13669064748201,71.22302158273382,7.913669064748201
E00035036,113,43,8,35,70,61,9,38.05309734513274,7.079646017699115,30.973451327433626,61.94690265486725,53.98230088495575,7.964601769911504
E00035037,137,38,11,27,99,89,10,27.73722627737226,8.02919708029197,19.708029197080293,72.26277372262774,64.96350364963503,7.2992700729927
E00035038,88,31,8,23,57,44,13,35.22727272727273,9.090909090909092,26.136363636363637,64.77272727272727,50,14.772727272727273
E00035039,127,40,11,29,87,77,10,31.496062992125985,8.661417322834646,22.83464566929134,68.50393700787401,60.629921259842526,7.874015748031496
E00035040,182,44,14,30,138,123,15,24.175824175824175,7.6923076923076925,16.483516483516482,75.82417582417582,67.58241758241759,8.241758241758241
E00035041,146,42,17,25,104,94,10,28.767123287671232,11.643835616438356,17.123287671232877,71.23287671232876,64.38356164383562,6.8493150684931505
E00035042,122,42,12,30,80,71,9,34.42622950819672,9.836065573770492,24.59016393442623,65.57377049180327,58.19672131147541,7.377049180327869
E00035043,91,28,9,19,63,62,1,30.76923076923077,9.89010989010989,20.87912087912088,69.23076923076923,68.13186813186813,1.098901098901099
E00035044,111,28,5,23,83,74,9,25.225225225225223,4.504504504504505,20.72072072072072,74.77477477477478,66.66666666666666,8.108108108108109
E00035045,101,26,10,16,75,63,12,25.742574257425744,9.900990099009901,15.841584158415841,74.25742574257426,62.37623762376238,11.881188118811881
E00035046,125,27,11,16,98,80,18,21.6,8.799999999999999,12.8,78.4,64,14.399999999999999
E00035047,141,34,12,22,107,92,15,24.113475177304963,8.51063829787234,15.602836879432624,75.88652482269504,65.24822695035462,10.638297872340425
E00035048,103,28,10,18,75,67,8,27.184466019417474,9.70873786407767,17.475728155339805,72.81553398058253,65.0485436893204,7.766990291262135
E00035049,179,42,11,31,137,126,11,23.463687150837988,6.145251396648044,17.318435754189945,76.53631284916202,70.39106145251397,6.145251396648044
E00035050,190,49,12,37,141,123,18,25.789473684210527,6.315789473684211,19.473684210526315,74.21052631578947,64.73684210526316,9.473684210526317
E00035051,151,40,11,29,111,100,11,26.490066225165563,7.28476821192053,19.205298013245034,73.50993377483444,66.22516556291392,7.28476821192053
E00035052,129,26,7,19,103,90,13,20.155038759689923,5.426356589147287,14.728682170542637,79.84496124031007,69.76744186046511,10.077519379844961
E00035053,157,37,8,29,120,105,15,23.56687898089172,5.095541401273886,18.471337579617835,76.43312101910828,66.87898089171973,9.554140127388536
E00035054,170,49,13,36,121,107,14,28.823529411764703,7.647058823529412,21.176470588235293,71.17647058823529,62.94117647058823,8.235294117647058
E00035055,130,34,7,27,96,85,11,26.153846153846157,5.384615384615385,20.76923076923077,73.84615384615385,65.38461538461539,8.461538461538462
E00035056,201,60,22,38,141,124,17,29.850746268656714,10.945273631840797,18.90547263681592,70.1492537313433,61.69154228855721,8.45771144278607
E00035057,147,23,0,23,124,110,14,15.646258503401361,0,15.646258503401361,84.35374149659864,74.82993197278913,9.523809523809524
E00035058,269,46,16,30,223,194,29,17.100371747211895,5.947955390334572,11.152416356877323,82.8996282527881,72.11895910780669,10.780669144981413
E00035059,108,37,14,23,71,61,10,34.25925925925926,12.962962962962962,21.296296296296298,65.74074074074075,56.481481481481474,9.25925925925926
E00035060,104,30,6,24,74,60,14,28.846153846153843,5.769230769230769,23.076923076923077,71.15384615384616,57.692307692307686,13.461538461538462
E00035061,152,51,12,39,101,89,12,33.55263157894737,7.894736842105263,25.657894736842106,66.44736842105263,58.55263157894737,7.894736842105263
E00035062,136,49,15,34,87,80,7,36.029411764705884,11.029411764705882,25,63.970588235294116,58.82352941176471,5.147058823529411
E00035063,136,36,7,29,100,86,14,26.47058823529412,5.147058823529411,21.323529411764707,73.52941176470588,63.23529411764706,10.294117647058822
E00035064,116,39,13,26,77,69,8,33.62068965517241,11.206896551724139,22.413793103448278,66.37931034482759,59.48275862068966,6.896551724137931
E00035065,145,38,10,28,107,98,9,26.20689655172414,6.896551724137931,19.310344827586206,73.79310344827587,67.58620689655173,6.206896551724138
E00035066,198,62,11,51,136,122,14,31.313131313131315,5.555555555555555,25.757575757575758,68.68686868686868,61.61616161616161,7.07070707070707
E00035067,178,55,14,41,123,111,12,30.89887640449438,7.865168539325842,23.03370786516854,69.10112359550563,62.35955056179775,6.741573033707865
E00035068,156,40,13,27,116,98,18,25.64102564102564,8.333333333333332,17.307692307692307,74.35897435897436,62.82051282051282,11.538461538461538
E00035069,134,33,10,23,101,85,16,24.62686567164179,7.462686567164178,17.16417910447761,75.3731343283582,63.43283582089553,11.940298507462686
E00035070,148,41,11,30,107,97,10,27.7027027027027,7.4324324324324325,20.27027027027027,72.2972972972973,65.54054054054053,6.756756756756757
E00035071,137,30,8,22,107,93,14,21.897810218978105,5.839416058394161,16.05839416058394,78.1021897810219,67.88321167883211,10.218978102189782
E00035072,155,37,12,25,118,105,13,23.870967741935484,7.741935483870968,16.129032258064516,76.12903225806451,67.74193548387096,8.38709677419355
E00168427,105,20,6,14,85,78,7,19.047619047619047,5.714285714285714,13.333333333333334,80.95238095238095,74.28571428571429,6.666666666666667
E00168428,204,44,14,30,160,131,29,21.568627450980394,6.862745098039216,14.705882352941178,78.43137254901961,64.2156862745098,14.215686274509803
E00168429,188,29,9,20,159,139,20,15.425531914893616,4.787234042553192,10.638297872340425,84.57446808510637,73.93617021276596,10.638297872340425
E00168430,212,56,13,43,156,139,17,26.41509433962264,6.132075471698113,20.28301886792453,73.58490566037736,65.56603773584906,8.018867924528301
E00168431,173,38,7,31,135,117,18,21.965317919075144,4.046242774566474,17.91907514450867,78.03468208092485,67.63005780346822,10.404624277456648
E00168432,129,42,11,31,87,74,13,32.55813953488372,8.527131782945736,24.031007751937985,67.44186046511628,57.36434108527132,10.077519379844961
E00168433,147,38,14,24,109,96,13,25.850340136054424,9.523809523809524,16.3265306122449,74.14965986394559,65.3061224489796,8.843537414965986
E00168434,154,33,9,24,121,106,15,21.428571428571427,5.844155844155844,15.584415584415584,78.57142857142857,68.83116883116884,9.740259740259742
E00168435,155,32,7,25,123,104,19,20.64516129032258,4.516129032258064,16.129032258064516,79.35483870967742,67.0967741935484,12.258064516129032
E00168436,211,63,25,38,148,124,24,29.85781990521327,11.848341232227488,18.009478672985782,70.14218009478674,58.767772511848335,11.374407582938389
E00168437,174,50,16,34,124,107,17,28.735632183908045,9.195402298850574,19.54022988505747,71.26436781609196,61.49425287356321,9.770114942528735
E00168438,72,11,5,6,61,55,6,15.277777777777779,6.944444444444445,8.333333333333332,84.72222222222221,76.38888888888889,8.333333333333332
E00168439,207,41,12,29,166,152,14,19.806763285024154,5.797101449275362,14.009661835748794,80.19323671497585,73.42995169082126,6.763285024154589
E00168440,222,59,25,34,163,140,23,26.576576576576578,11.26126126126126,15.315315315315313,73.42342342342343,63.06306306306306,10.36036036036036
E00168441,193,40,18,22,153,127,26,20.72538860103627,9.32642487046632,11.398963730569948,79.27461139896373,65.80310880829016,13.471502590673575
E00168442,297,60,21,39,237,202,35,20.2020202020202,7.07070707070707,13.131313131313133,79.7979797979798,68.01346801346801,11.784511784511785
E00168444,4,3,1,2,1,1,0,75,25,50,25,25,0
E00168445,114,21,7,14,93,79,14,18.421052631578945,6.140350877192982,12.280701754385964,81.57894736842105,69.2982456140351,12.280701754385964
E00168446,86,27,9,18,59,52,7,31.3953488372093,10.465116279069768,20.930232558139537,68.6046511627907,60.46511627906976,8.13953488372093
E00168447,93,40,15,25,53,46,7,43.01075268817204,16.129032258064516,26.881720430107524,56.98924731182796,49.46236559139785,7.526881720430108
E00168448,159,39,7,32,120,102,18,24.528301886792452,4.40251572327044,20.125786163522015,75.47169811320755,64.15094339622641,11.320754716981133
E00168449,241,67,20,47,174,149,25,27.800829875518673,8.29875518672199,19.502074688796682,72.19917012448133,61.82572614107884,10.37344398340249
E00176987,226,42,14,28,184,161,23,18.58407079646018,6.1946902654867255,12.389380530973451,81.41592920353983,71.23893805309734,10.176991150442479
E00176988,308,42,10,32,266,236,30,13.636363636363635,3.2467532467532463,10.38961038961039,86.36363636363636,76.62337662337663,9.740259740259742
E00176990,106,28,15,13,78,71,7,26.41509433962264,14.150943396226415,12.264150943396226,73.58490566037736,66.98113207547169,6.60377358490566
E00176995,199,35,9,26,164,133,31,17.587939698492463,4.522613065326634,13.06532663316583,82.41206030150754,66.83417085427136,15.577889447236181
E00176997,151,32,9,23,119,107,12,21.192052980132452,5.960264900662252,15.2317880794702,78.80794701986756,70.86092715231787,7.9470198675496695
E00176998,55,13,5,8,42,41,1,23.636363636363637,9.090909090909092,14.545454545454545,76.36363636363637,74.54545454545455,1.8181818181818181
E00176999,144,30,6,24,114,94,20,20.833333333333336,4.166666666666666,16.666666666666664,79.16666666666666,65.27777777777779,13.88888888888889
E00177000,267,63,21,42,204,180,24,23.595505617977526,7.865168539325842,15.730337078651685,76.40449438202246,67.41573033707866,8.98876404494382
E00177002,118,17,7,10,101,86,15,14.40677966101695,5.932203389830509,8.47457627118644,85.59322033898306,72.88135593220339,12.711864406779661
E00177006,265,50,14,36,215,179,36,18.867924528301888,5.283018867924529,13.584905660377359,81.13207547169812,67.54716981132076,13.584905660377359
E00177010,379,52,14,38,327,292,35,13.720316622691293,3.6939313984168867,10.026385224274406,86.2796833773087,77.04485488126649,9.234828496042216
E00177011,284,55,14,41,229,204,25,19.366197183098592,4.929577464788732,14.43661971830986,80.63380281690141,71.83098591549296,8.80281690140845
E00177012,52,13,3,10,39,36,3,25,5.769230769230769,19.230769230769234,75,69.23076923076923,5.769230769230769
E00177014,80,20,10,10,60,52,8,25,12.5,12.5,75,65,10
E00177017,173,29,6,23,144,126,18,16.76300578034682,3.4682080924855487,13.294797687861271,83.23699421965318,72.83236994219652,10.404624277456648
E00177019,58,18,0,18,40,39,1,31.03448275862069,0,31.03448275862069,68.96551724137932,67.24137931034483,1.7241379310344827
E00177020,132,19,6,13,113,100,13,14.393939393939394,4.545454545454546,9.848484848484848,85.60606060606061,75.75757575757575,9.848484848484848
E00177021,104,31,8,23,73,63,10,29.807692307692307,7.6923076923076925,22.115384615384613,70.1923076923077,60.57692307692307,9.615384615384617
E00177023,248,34,6,28,214,193,21,13.709677419354838,2.4193548387096775,11.29032258064516,86.29032258064517,77.82258064516128,8.46774193548387
E00177024,186,39,14,25,147,135,12,20.967741935483872,7.526881720430108,13.440860215053762,79.03225806451613,72.58064516129032,6.451612903225806
E00177028,380,75,14,61,305,272,33,19.736842105263158,3.684210526315789,16.05263157894737,80.26315789473685,71.57894736842105,8.68421052631579
E00177029,137,25,10,15,112,99,13,18.248175182481752,7.2992700729927,10.948905109489052,81.75182481751825,72.26277372262774,9.48905109489051
