OA,ts0380001,ts0380002,ts0380003,ts0380004,ts0380005,ts0380006,ts0380007,ts0380002_PCT,ts0380003_PCT,ts0380004_PCT,ts0380005_PCT,ts0380006_PCT,ts0380007_PCT
E00070587,217,53,15,38,164,13,151,24.42396313364055,6.912442396313365,17.51152073732719,75.57603686635944,5.990783410138248,69.5852534562212
E00070588,292,47,19,28,245,25,220,16.095890410958905,6.506849315068493,9.58904109589041,83.9041095890411,8.561643835616438,75.34246575342466
E00070589,283,103,58,45,180,18,162,36.39575971731448,20.49469964664311,15.901060070671377,63.60424028268551,6.36042402826855,57.243816254416956
E00070590,339,78,36,42,261,35,226,23.008849557522122,10.619469026548673,12.389380530973451,76.99115044247787,10.32448377581121,66.66666666666666
E00070591,268,41,15,26,227,19,208,15.298507462686567,5.597014925373134,9.701492537313433,84.70149253731343,7.08955223880597,77.61194029850746
E00070592,317,71,33,38,246,31,215,22.397476340694006,10.410094637223976,11.987381703470032,77.60252365930599,9.779179810725552,67.82334384858044
E00070593,398,111,57,54,287,36,251,27.889447236180903,14.321608040201006,13.5678391959799,72.11055276381909,9.045226130653267,63.06532663316583
E00070594,293,48,19,29,245,18,227,16.38225255972696,6.484641638225256,9.897610921501707,83.61774744027304,6.143344709897611,77.47440273037543
E00070595,321,59,21,38,262,13,249,18.38006230529595,6.5420560747663545,11.838006230529595,81.61993769470405,4.049844236760125,77.57009345794393
E00070596,456,79,35,44,377,28,349,17.324561403508774,7.675438596491229,9.649122807017543,82.67543859649122,6.140350877192982,76.53508771929825
E00070597,317,65,28,37,252,23,229,20.50473186119874,8.832807570977918,11.67192429022082,79.49526813880126,7.255520504731862,72.2397476340694
E00070598,388,134,61,73,254,17,237,34.5360824742268,15.721649484536082,18.814432989690722,65.4639175257732,4.381443298969072,61.08247422680413
E00070599,277,46,15,31,231,26,205,16.60649819494585,5.415162454873646,11.191335740072201,83.39350180505414,9.386281588447654,74.0072202166065
E00070600,218,31,11,20,187,11,176,14.220183486238533,5.045871559633028,9.174311926605505,85.77981651376146,5.045871559633028,80.73394495412845
E00070601,301,64,35,29,237,18,219,21.262458471760798,11.627906976744185,9.634551495016613,78.7375415282392,5.980066445182724,72.75747508305648
E00070602,378,70,19,51,308,26,282,18.51851851851852,5.026455026455026,13.492063492063492,81.48148148148148,6.878306878306878,74.60317460317461
E00070603,339,79,36,43,260,18,242,23.303834808259587,10.619469026548673,12.684365781710916,76.69616519174042,5.3097345132743365,71.38643067846607
E00070604,282,39,8,31,243,24,219,13.829787234042554,2.8368794326241136,10.99290780141844,86.17021276595744,8.51063829787234,77.6595744680851
E00070605,282,81,40,41,201,14,187,28.723404255319153,14.184397163120568,14.539007092198581,71.27659574468085,4.964539007092199,66.31205673758865
E00070606,281,42,11,31,239,22,217,14.94661921708185,3.9145907473309607,11.032028469750891,85.05338078291815,7.829181494661921,77.22419928825623
E00070607,335,81,38,43,254,24,230,24.17910447761194,11.343283582089553,12.835820895522387,75.82089552238806,7.164179104477612,68.65671641791045
E00070608,269,41,7,34,228,28,200,15.241635687732341,2.6022304832713754,12.639405204460965,84.75836431226766,10.408921933085502,74.34944237918215
E00070609,251,55,17,38,196,24,172,21.91235059760956,6.772908366533864,15.139442231075698,78.08764940239044,9.56175298804781,68.52589641434263
E00070610,246,50,24,26,196,16,180,20.32520325203252,9.75609756097561,10.569105691056912,79.67479674796748,6.504065040650407,73.17073170731707
E00070611,214,31,7,24,183,21,162,14.485981308411214,3.2710280373831773,11.214953271028037,85.51401869158879,9.813084112149532,75.70093457943925
E00070612,272,43,10,33,229,30,199,15.808823529411764,3.6764705882352944,12.132352941176471,84.19117647058823,11.029411764705882,73.16176470588235
E00070613,335,69,43,26,266,21,245,20.597014925373134,12.835820895522387,7.761194029850746,79.40298507462687,6.26865671641791,73.13432835820896
E00070614,519,120,76,44,399,38,361,23.121387283236995,14.64354527938343,8.477842003853564,76.878612716763,7.321772639691715,69.55684007707129
E00070615,304,58,23,35,246,13,233,19.078947368421055,7.565789473684211,11.513157894736842,80.92105263157895,4.276315789473684,76.64473684210526
E00070616,262,36,14,22,226,29,197,13.740458015267176,5.343511450381679,8.396946564885496,86.25954198473282,11.068702290076336,75.19083969465649
E00070617,284,50,17,33,234,18,216,17.6056338028169,5.985915492957746,11.619718309859154,82.3943661971831,6.338028169014084,76.05633802816901
E00070618,246,55,25,30,191,25,166,22.35772357723577,10.16260162601626,12.195121951219512,77.64227642276423,10.16260162601626,67.47967479674797
E00070619,228,34,10,24,194,16,178,14.912280701754385,4.385964912280701,10.526315789473683,85.08771929824562,7.017543859649122,78.0701754385965
E00070620,248,22,6,16,226,16,210,8.870967741935484,2.4193548387096775,6.451612903225806,91.12903225806451,6.451612903225806,84.67741935483872
E00070622,328,46,10,36,282,15,267,14.02439024390244,3.048780487804878,10.975609756097562,85.97560975609755,4.573170731707317,81.40243902439023
E00070623,378,55,14,41,323,25,298,14.550264550264549,3.7037037037037033,10.846560846560847,85.44973544973546,6.613756613756613,78.83597883597884
E00070624,176,24,6,18,152,12,140,13.636363636363635,3.4090909090909087,10.227272727272728,86.36363636363636,6.8181818181818175,79.54545454545455
E00070625,272,43,16,27,229,34,195,15.808823529411764,5.88235294117647,9.926470588235293,84.19117647058823,12.5,71.69117647058823
E00070626,289,38,16,22,251,20,231,13.148788927335639,5.536332179930796,7.612456747404845,86.85121107266436,6.920415224913495,79.93079584775087
E00070627,239,41,16,25,198,11,187,17.154811715481173,6.694560669456067,10.460251046025103,82.84518828451883,4.602510460251046,78.24267782426779
E00070628,206,38,15,23,168,18,150,18.446601941747574,7.281553398058252,11.165048543689322,81.55339805825243,8.737864077669903,72.81553398058253
E00070629,260,29,14,15,231,14,217,11.153846153846155,5.384615384615385,5.769230769230769,88.84615384615384,5.384615384615385,83.46153846153847
E00070630,294,37,7,30,257,27,230,12.585034013605442,2.380952380952381,10.204081632653061,87.41496598639455,9.183673469387756,78.2312925170068
E00070631,364,46,20,26,318,28,290,12.637362637362637,5.4945054945054945,7.142857142857142,87.36263736263736,7.6923076923076925,79.67032967032966
E00070632,257,48,18,30,209,23,186,18.67704280155642,7.003891050583658,11.673151750972762,81.32295719844358,8.949416342412452,72.37354085603113
E00070633,327,65,26,39,262,17,245,19.877675840978593,7.951070336391437,11.926605504587156,80.1223241590214,5.198776758409786,74.92354740061162
E00070634,387,59,22,37,328,19,309,15.245478036175712,5.684754521963824,9.560723514211885,84.75452196382429,4.909560723514212,79.84496124031007
E00070635,315,68,31,37,247,12,235,21.58730158730159,9.841269841269842,11.746031746031745,78.41269841269842,3.8095238095238098,74.60317460317461
E00070636,298,80,36,44,218,12,206,26.845637583892618,12.080536912751679,14.76510067114094,73.15436241610739,4.026845637583892,69.12751677852349
E00070637,284,63,33,30,221,17,204,22.183098591549296,11.619718309859154,10.56338028169014,77.8169014084507,5.985915492957746,71.83098591549296
E00070638,294,66,25,41,228,22,206,22.448979591836736,8.503401360544217,13.945578231292515,77.55102040816327,7.482993197278912,70.06802721088435
E00070639,176,73,37,36,103,10,93,41.47727272727273,21.022727272727273,20.454545454545457,58.52272727272727,5.681818181818182,52.84090909090909
E00070640,241,47,24,23,194,16,178,19.502074688796682,9.95850622406639,9.54356846473029,80.49792531120332,6.639004149377594,73.85892116182573
E00070641,420,60,19,41,360,20,340,14.285714285714285,4.523809523809524,9.761904761904763,85.71428571428571,4.761904761904762,80.95238095238095
E00070642,257,72,37,35,185,19,166,28.01556420233463,14.396887159533073,13.618677042801556,71.98443579766537,7.392996108949417,64.59143968871595
E00070643,236,60,30,30,176,12,164,25.423728813559322,12.711864406779661,12.711864406779661,74.57627118644068,5.084745762711865,69.49152542372882
E00070644,325,59,27,32,266,14,252,18.153846153846153,8.307692307692308,9.846153846153847,81.84615384615384,4.3076923076923075,77.53846153846153
E00070645,367,77,33,44,290,16,274,20.98092643051771,8.991825613079019,11.989100817438691,79.01907356948229,4.35967302452316,74.65940054495913
E00070646,461,73,34,39,388,25,363,15.835140997830802,7.37527114967462,8.459869848156181,84.1648590021692,5.42299349240781,78.74186550976138
E00070647,262,56,24,32,206,21,185,21.374045801526716,9.16030534351145,12.213740458015266,78.62595419847328,8.015267175572518,70.61068702290076
E00070648,313,62,27,35,251,19,232,19.808306709265175,8.626198083067091,11.182108626198083,80.19169329073482,6.070287539936102,74.12140575079871
E00070649,322,70,36,34,252,14,238,21.73913043478261,11.180124223602485,10.559006211180124,78.26086956521739,4.3478260869565215,73.91304347826086
E00070650,320,73,35,38,247,11,236,22.8125,10.9375,11.875,77.1875,3.4375000000000004,73.75
E00070651,285,63,29,34,222,15,207,22.105263157894736,10.175438596491228,11.929824561403509,77.89473684210526,5.263157894736842,72.63157894736842
E00070652,279,53,17,36,226,24,202,18.996415770609318,6.093189964157706,12.903225806451612,81.00358422939068,8.60215053763441,72.40143369175627
E00070653,266,50,17,33,216,21,195,18.796992481203006,6.390977443609022,12.406015037593985,81.203007518797,7.894736842105263,73.30827067669173
E00070654,250,54,17,37,196,22,174,21.6,6.800000000000001,14.799999999999999,78.4,8.799999999999999,69.6
E00070656,193,21,6,15,172,14,158,10.880829015544041,3.1088082901554404,7.772020725388601,89.11917098445595,7.253886010362693,81.86528497409327
E00070657,327,73,32,41,254,24,230,22.32415902140673,9.785932721712538,12.538226299694188,77.67584097859327,7.339449541284404,70.33639143730886
E00070658,304,45,23,22,259,27,232,14.802631578947366,7.565789473684211,7.236842105263158,85.19736842105263,8.881578947368421,76.31578947368422
E00070659,225,42,14,28,183,10,173,18.666666666666668,6.222222222222222,12.444444444444445,81.33333333333333,4.444444444444445,76.88888888888889
E00070660,279,38,8,30,241,20,221,13.620071684587815,2.867383512544803,10.75268817204301,86.37992831541219,7.168458781362006,79.21146953405018
E00070661,136,31,10,21,105,16,89,22.794117647058822,7.352941176470589,15.441176470588236,77.20588235294117,11.76470588235294,65.44117647058823
E00070663,197,49,23,26,148,14,134,24.873096446700508,11.6751269035533,13.19796954314721,75.1269035532995,7.1065989847715745,68.02030456852792
E00070664,400,81,20,61,319,27,292,20.25,5,15.25,79.75,6.75,73
E00070665,254,44,17,27,210,24,186,17.322834645669293,6.692913385826772,10.62992125984252,82.67716535433071,9.448818897637794,73.22834645669292
E00070666,145,20,1,19,125,15,110,13.793103448275861,0.6896551724137931,13.10344827586207,86.20689655172413,10.344827586206897,75.86206896551724
E00070667,238,59,30,29,179,13,166,24.789915966386555,12.605042016806722,12.184873949579831,75.21008403361344,5.46218487394958,69.74789915966386
E00070668,202,34,12,22,168,10,158,16.831683168316832,5.9405940594059405,10.891089108910892,83.16831683168317,4.9504950495049505,78.21782178217822
E00070669,423,66,22,44,357,54,303,15.602836879432624,5.200945626477541,10.401891252955082,84.39716312056737,12.76595744680851,71.63120567375887
E00070670,105,18,4,14,87,4,83,17.142857142857142,3.8095238095238098,13.333333333333334,82.85714285714286,3.8095238095238098,79.04761904761905
E00070671,366,74,32,42,292,35,257,20.21857923497268,8.743169398907105,11.475409836065573,79.78142076502732,9.562841530054644,70.21857923497268
E00070673,240,36,13,23,204,11,193,15,5.416666666666667,9.583333333333334,85,4.583333333333333,80.41666666666667
E00070674,336,84,34,50,252,18,234,25,10.119047619047619,14.880952380952381,75,5.357142857142857,69.64285714285714
E00070675,333,91,46,45,242,26,216,27.32732732732733,13.813813813813812,13.513513513513514,72.67267267267268,7.807807807807808,64.86486486486487
E00070676,269,73,30,43,196,24,172,27.137546468401485,11.152416356877323,15.985130111524162,72.86245353159852,8.921933085501859,63.94052044609665
E00070678,158,24,7,17,134,15,119,15.18987341772152,4.430379746835443,10.759493670886076,84.81012658227847,9.49367088607595,75.31645569620254
E00070680,193,50,24,26,143,9,134,25.906735751295333,12.435233160621761,13.471502590673575,74.09326424870466,4.66321243523316,69.43005181347151
E00070681,222,45,20,25,177,17,160,20.27027027027027,9.00900900900901,11.26126126126126,79.72972972972973,7.657657657657657,72.07207207207207
E00070682,209,60,23,37,149,24,125,28.708133971291865,11.004784688995215,17.703349282296653,71.29186602870813,11.483253588516746,59.80861244019139
E00070684,284,48,21,27,236,19,217,16.901408450704224,7.394366197183098,9.507042253521126,83.09859154929578,6.690140845070422,76.40845070422534
E00070685,193,55,27,28,138,21,117,28.497409326424872,13.989637305699482,14.507772020725387,71.50259067357513,10.880829015544041,60.62176165803109
E00070686,205,45,20,25,160,16,144,21.951219512195124,9.75609756097561,12.195121951219512,78.04878048780488,7.804878048780488,70.24390243902438
E00070687,303,61,17,44,242,23,219,20.13201320132013,5.6105610561056105,14.521452145214523,79.86798679867987,7.590759075907591,72.27722772277228
E00070688,287,42,14,28,245,16,229,14.634146341463413,4.878048780487805,9.75609756097561,85.36585365853658,5.574912891986063,79.79094076655052
E00070689,300,81,39,42,219,12,207,27,13,14.000000000000002,73,4,69
E00070691,475,121,55,66,354,32,322,25.473684210526315,11.578947368421053,13.894736842105262,74.52631578947368,6.7368421052631575,67.78947368421052
E00070692,110,17,4,13,93,13,80,15.454545454545453,3.6363636363636362,11.818181818181818,84.54545454545455,11.818181818181818,72.72727272727273
E00070693,330,64,24,40,266,23,243,19.393939393939394,7.2727272727272725,12.121212121212121,80.60606060606061,6.969696969696971,73.63636363636363
E00070694,318,73,25,48,245,19,226,22.955974842767297,7.861635220125786,15.09433962264151,77.04402515723271,5.9748427672955975,71.0691823899371
E00070695,419,67,22,45,352,21,331,15.990453460620524,5.250596658711217,10.739856801909307,84.00954653937947,5.011933174224343,78.99761336515513
E00070696,262,40,16,24,222,19,203,15.267175572519085,6.106870229007633,9.16030534351145,84.7328244274809,7.251908396946565,77.48091603053436
E00070697,168,35,15,20,133,18,115,20.833333333333336,8.928571428571429,11.904761904761903,79.16666666666666,10.714285714285714,68.45238095238095
E00070698,277,80,30,50,197,20,177,28.880866425992778,10.830324909747292,18.050541516245488,71.11913357400722,7.2202166064981945,63.898916967509024
E00070699,472,58,20,38,414,40,374,12.288135593220339,4.23728813559322,8.050847457627118,87.71186440677965,8.47457627118644,79.23728813559322
E00070700,339,57,27,30,282,36,246,16.8141592920354,7.964601769911504,8.849557522123893,83.1858407079646,10.619469026548673,72.56637168141593
E00070701,303,46,9,37,257,17,240,15.181518151815181,2.9702970297029703,12.211221122112212,84.81848184818482,5.6105610561056105,79.20792079207921
E00070702,255,28,7,21,227,15,212,10.980392156862745,2.7450980392156863,8.235294117647058,89.01960784313725,5.88235294117647,83.13725490196079
E00070703,386,47,23,24,339,31,308,12.176165803108809,5.958549222797927,6.217616580310881,87.8238341968912,8.031088082901555,79.79274611398964
E00070706,335,56,21,35,279,30,249,16.716417910447763,6.26865671641791,10.44776119402985,83.28358208955224,8.955223880597014,74.32835820895522
E00070707,270,51,17,34,219,13,206,18.88888888888889,6.296296296296296,12.592592592592592,81.11111111111111,4.814814814814815,76.29629629629629
E00070708,284,56,16,40,228,22,206,19.718309859154928,5.633802816901409,14.084507042253522,80.28169014084507,7.746478873239436,72.53521126760563
E00070711,225,29,11,18,196,17,179,12.88888888888889,4.888888888888889,8,87.1111111111111,7.555555555555555,79.55555555555556
E00070715,261,39,17,22,222,15,207,14.942528735632186,6.513409961685824,8.42911877394636,85.0574712643678,5.747126436781609,79.3103448275862
E00070716,247,52,16,36,195,17,178,21.052631578947366,6.477732793522267,14.5748987854251,78.94736842105263,6.882591093117409,72.06477732793523
E00070717,228,46,16,30,182,23,159,20.175438596491226,7.017543859649122,13.157894736842104,79.82456140350878,10.087719298245613,69.73684210526315
E00070718,108,21,9,12,87,11,76,19.444444444444446,8.333333333333332,11.11111111111111,80.55555555555556,10.185185185185185,70.37037037037037
E00070719,282,45,13,32,237,17,220,15.957446808510639,4.609929078014184,11.347517730496454,84.04255319148936,6.028368794326241,78.01418439716312
E00070720,229,60,27,33,169,24,145,26.200873362445414,11.790393013100436,14.41048034934498,73.7991266375546,10.480349344978166,63.31877729257642
E00070721,289,80,38,42,209,14,195,27.68166089965398,13.148788927335639,14.53287197231834,72.31833910034602,4.844290657439446,67.47404844290658
E00070722,264,44,11,33,220,15,205,16.666666666666664,4.166666666666666,12.5,83.33333333333334,5.681818181818182,77.65151515151516
E00070723,276,37,16,21,239,20,219,13.405797101449277,5.797101449275362,7.608695652173914,86.59420289855072,7.246376811594203,79.34782608695652
E00070724,397,66,24,42,331,21,310,16.624685138539043,6.045340050377834,10.579345088161208,83.37531486146096,5.289672544080604,78.08564231738035
E00070726,345,47,21,26,298,15,283,13.623188405797102,6.086956521739131,7.536231884057972,86.37681159420289,4.3478260869565215,82.02898550724638
E00070727,375,89,37,52,286,25,261,23.733333333333334,9.866666666666667,13.866666666666665,76.26666666666667,6.666666666666667,69.6
E00070728,302,63,23,40,239,22,217,20.86092715231788,7.6158940397351,13.245033112582782,79.13907284768213,7.28476821192053,71.8543046357616
E00070729,304,57,25,32,247,20,227,18.75,8.223684210526317,10.526315789473683,81.25,6.578947368421052,74.67105263157895
E00070730,182,34,11,23,148,9,139,18.681318681318682,6.043956043956044,12.637362637362637,81.31868131868131,4.945054945054945,76.37362637362637
E00070731,540,71,35,36,469,34,435,13.148148148148147,6.481481481481481,6.666666666666667,86.85185185185185,6.296296296296296,80.55555555555556
E00070732,171,32,10,22,139,16,123,18.71345029239766,5.847953216374268,12.865497076023392,81.28654970760235,9.35672514619883,71.9298245614035
E00070733,275,39,18,21,236,22,214,14.181818181818182,6.545454545454546,7.636363636363637,85.81818181818181,8,77.81818181818181
E00070735,303,48,18,30,255,27,228,15.841584158415841,5.9405940594059405,9.900990099009901,84.15841584158416,8.91089108910891,75.24752475247524
E00070736,309,50,15,35,259,21,238,16.181229773462782,4.854368932038835,11.326860841423949,83.81877022653723,6.796116504854369,77.02265372168284
E00070737,357,69,25,44,288,20,268,19.327731092436977,7.002801120448179,12.324929971988796,80.67226890756302,5.602240896358544,75.07002801120449
E00070738,259,49,20,29,210,14,196,18.91891891891892,7.722007722007722,11.196911196911197,81.08108108108108,5.405405405405405,75.67567567567568
E00070739,229,74,42,32,155,11,144,32.314410480349345,18.340611353711793,13.973799126637553,67.68558951965066,4.8034934497816595,62.882096069869
E00070740,246,61,41,20,185,11,174,24.796747967479675,16.666666666666664,8.130081300813007,75.20325203252033,4.471544715447155,70.73170731707317
E00070741,234,33,15,18,201,19,182,14.102564102564102,6.41025641025641,7.6923076923076925,85.8974358974359,8.11965811965812,77.77777777777779
E00070742,253,39,10,29,214,17,197,15.41501976284585,3.9525691699604746,11.462450592885375,84.58498023715416,6.719367588932807,77.86561264822134
E00070743,137,16,3,13,121,9,112,11.678832116788321,2.18978102189781,9.48905109489051,88.32116788321169,6.569343065693431,81.75182481751825
E00070744,346,44,13,31,302,22,280,12.716763005780345,3.7572254335260116,8.959537572254336,87.28323699421965,6.358381502890173,80.92485549132948
E00070745,241,36,17,19,205,14,191,14.937759336099585,7.053941908713693,7.883817427385892,85.06224066390041,5.809128630705394,79.25311203319502
E00070746,219,40,13,27,179,15,164,18.2648401826484,5.93607305936073,12.32876712328767,81.7351598173516,6.8493150684931505,74.88584474885845
E00070747,301,35,12,23,266,27,239,11.627906976744185,3.9867109634551494,7.641196013289036,88.37209302325581,8.970099667774086,79.40199335548172
E00070748,124,18,8,10,106,9,97,14.516129032258066,6.451612903225806,8.064516129032258,85.48387096774194,7.258064516129033,78.2258064516129
E00070749,472,88,29,59,384,57,327,18.64406779661017,6.1440677966101696,12.5,81.35593220338984,12.076271186440678,69.27966101694916
E00070750,268,33,10,23,235,24,211,12.313432835820896,3.731343283582089,8.582089552238806,87.68656716417911,8.955223880597014,78.73134328358209
E00070751,255,41,13,28,214,24,190,16.07843137254902,5.098039215686274,10.980392156862745,83.92156862745098,9.411764705882353,74.50980392156863
E00070752,116,14,6,8,102,10,92,12.068965517241379,5.172413793103448,6.896551724137931,87.93103448275862,8.620689655172415,79.3103448275862
E00070753,162,21,6,15,141,11,130,12.962962962962962,3.7037037037037033,9.25925925925926,87.03703703703704,6.790123456790123,80.24691358024691
E00070754,342,53,16,37,289,33,256,15.497076023391813,4.678362573099415,10.818713450292398,84.50292397660819,9.649122807017543,74.85380116959064
E00070755,318,67,22,45,251,19,232,21.069182389937108,6.918238993710692,14.150943396226415,78.9308176100629,5.9748427672955975,72.95597484276729
E00070756,281,37,16,21,244,24,220,13.167259786476867,5.6939501779359425,7.473309608540925,86.83274021352312,8.540925266903916,78.29181494661923
E00070757,188,30,11,19,158,21,137,15.957446808510639,5.851063829787234,10.106382978723403,84.04255319148936,11.170212765957446,72.87234042553192
E00070758,270,39,15,24,231,20,211,14.444444444444443,5.555555555555555,8.88888888888889,85.55555555555556,7.4074074074074066,78.14814814814814
E00070759,232,40,5,35,192,16,176,17.24137931034483,2.1551724137931036,15.086206896551724,82.75862068965517,6.896551724137931,75.86206896551724
E00070760,242,38,14,24,204,26,178,15.702479338842975,5.785123966942149,9.917355371900827,84.29752066115702,10.743801652892563,73.55371900826447
E00070761,209,37,15,22,172,15,157,17.703349282296653,7.177033492822966,10.526315789473683,82.29665071770334,7.177033492822966,75.11961722488039
E00070762,314,57,21,36,257,28,229,18.152866242038215,6.687898089171974,11.464968152866243,81.84713375796179,8.9171974522293,72.92993630573248
E00070763,263,50,20,30,213,21,192,19.011406844106464,7.604562737642586,11.406844106463879,80.98859315589354,7.984790874524715,73.00380228136882
E00070764,241,81,36,45,160,15,145,33.60995850622407,14.937759336099585,18.672199170124482,66.39004149377593,6.224066390041494,60.16597510373444
E00070765,152,28,9,19,124,6,118,18.421052631578945,5.921052631578947,12.5,81.57894736842105,3.9473684210526314,77.63157894736842
E00070766,303,58,25,33,245,30,215,19.141914191419144,8.25082508250825,10.891089108910892,80.85808580858085,9.900990099009901,70.95709570957096
E00070767,179,29,11,18,150,18,132,16.201117318435752,6.145251396648044,10.05586592178771,83.79888268156425,10.05586592178771,73.74301675977654
E00070768,197,24,10,14,173,17,156,12.18274111675127,5.0761421319796955,7.1065989847715745,87.81725888324873,8.629441624365482,79.18781725888326
E00070769,241,29,12,17,212,13,199,12.033195020746888,4.979253112033195,7.053941908713693,87.96680497925311,5.394190871369295,82.57261410788381
E00070770,316,40,13,27,276,29,247,12.658227848101266,4.113924050632911,8.544303797468354,87.34177215189874,9.177215189873419,78.16455696202532
E00070771,382,63,20,43,319,34,285,16.49214659685864,5.2356020942408374,11.2565445026178,83.50785340314137,8.900523560209423,74.60732984293193
E00070772,384,64,21,43,320,35,285,16.666666666666664,5.46875,11.197916666666668,83.33333333333334,9.114583333333332,74.21875
E00070773,107,27,10,17,80,10,70,25.233644859813083,9.345794392523365,15.887850467289718,74.76635514018692,9.345794392523365,65.42056074766354
E00070774,333,58,23,35,275,25,250,17.417417417417415,6.906906906906906,10.51051051051051,82.58258258258259,7.5075075075075075,75.07507507507508
E00070775,408,89,39,50,319,40,279,21.813725490196077,9.558823529411764,12.254901960784313,78.18627450980392,9.803921568627452,68.38235294117648
E00070776,307,73,24,49,234,27,207,23.778501628664493,7.81758957654723,15.960912052117262,76.2214983713355,8.794788273615636,67.42671009771986
E00070777,189,30,10,20,159,18,141,15.873015873015872,5.291005291005291,10.582010582010582,84.12698412698413,9.523809523809524,74.60317460317461
E00070778,349,68,26,42,281,21,260,19.484240687679083,7.4498567335243555,12.034383954154727,80.51575931232091,6.017191977077363,74.49856733524355
E00070780,272,68,31,37,204,18,186,25,11.397058823529411,13.602941176470587,75,6.61764705882353,68.38235294117648
E00070781,296,41,11,30,255,17,238,13.85135135135135,3.7162162162162162,10.135135135135135,86.14864864864865,5.743243243243244,80.4054054054054
E00070782,317,67,30,37,250,18,232,21.13564668769716,9.46372239747634,11.67192429022082,78.86435331230284,5.678233438485805,73.18611987381703
E00070784,331,56,19,37,275,29,246,16.91842900302115,5.740181268882175,11.178247734138973,83.08157099697885,8.761329305135952,74.32024169184291
E00070785,324,61,23,38,263,23,240,18.82716049382716,7.098765432098765,11.728395061728394,81.17283950617285,7.098765432098765,74.07407407407408
E00070786,184,34,10,24,150,12,138,18.478260869565215,5.434782608695652,13.043478260869565,81.52173913043478,6.521739130434782,75
E00070787,140,20,8,12,120,7,113,14.285714285714285,5.714285714285714,8.571428571428571,85.71428571428571,5,80.71428571428572
E00070788,195,45,26,19,150,10,140,23.076923076923077,13.333333333333334,9.7435897435897445,76.92307692307693,5.128205128205128,71.7948717948718
E00070789,171,34,15,19,137,14,123,19.883040935672515,8.771929824561402,11.11111111111111,80.11695906432749,8.187134502923977,71.9298245614035
E00070790,194,40,7,33,154,18,136,20.618556701030926,3.608247422680412,17.010309278350515,79.38144329896907,9.278350515463918,70.10309278350515
E00070791,494,52,17,35,442,27,415,10.526315789473683,3.4412955465587043,7.08502024291498,89.47368421052632,5.465587044534413,84.0080971659919
E00070792,530,88,43,45,442,53,389,16.60377358490566,8.11320754716981,8.49056603773585,83.39622641509435,10,73.39622641509433
E00070793,348,60,17,43,288,26,262,17.24137931034483,4.885057471264368,12.35632183908046,82.75862068965517,7.471264367816093,75.28735632183908
E00070794,139,24,7,17,115,10,105,17.26618705035971,5.0359712230215825,12.23021582733813,82.73381294964028,7.1942446043165464,75.53956834532374
E00070795,184,51,23,28,133,12,121,27.717391304347828,12.5,15.217391304347828,72.28260869565217,6.521739130434782,65.76086956521739
E00070796,314,34,10,24,280,19,261,10.828025477707007,3.1847133757961785,7.643312101910828,89.171974522293,6.050955414012739,83.12101910828027
E00070797,315,41,15,26,274,19,255,13.015873015873018,4.761904761904762,8.253968253968253,86.98412698412699,6.031746031746032,80.95238095238095
E00070798,187,19,8,11,168,8,160,10.16042780748663,4.27807486631016,5.88235294117647,89.83957219251337,4.27807486631016,85.56149732620321
E00070799,513,98,52,46,415,31,384,19.103313840155945,10.1364522417154,8.966861598440545,80.89668615984405,6.042884990253411,74.85380116959064
E00070800,452,66,25,41,386,39,347,14.601769911504425,5.530973451327434,9.070796460176991,85.39823008849558,8.628318584070795,76.76991150442478
E00070801,393,66,18,48,327,23,304,16.793893129770993,4.580152671755725,12.213740458015266,83.20610687022901,5.852417302798982,77.35368956743002
E00070802,427,57,23,34,370,37,333,13.348946135831383,5.386416861826698,7.962529274004685,86.65105386416862,8.665105386416862,77.98594847775175
E00070803,478,74,25,49,404,41,363,15.481171548117153,5.230125523012552,10.251046025104603,84.51882845188284,8.577405857740587,75.94142259414227
E00070804,282,40,8,32,242,28,214,14.184397163120568,2.8368794326241136,11.347517730496454,85.81560283687944,9.929078014184398,75.88652482269504
E00070805,190,59,31,28,131,11,120,31.05263157894737,16.315789473684212,14.736842105263156,68.94736842105263,5.7894736842105265,63.1578947368421
E00070806,192,36,21,15,156,10,146,18.75,10.9375,7.8125,81.25,5.208333333333334,76.04166666666666
E00070807,226,44,14,30,182,18,164,19.469026548672566,6.1946902654867255,13.274336283185843,80.53097345132744,7.964601769911504,72.56637168141593
E00070808,363,66,19,47,297,41,256,18.181818181818183,5.234159779614325,12.947658402203857,81.81818181818183,11.294765840220386,70.52341597796143
E00070809,195,42,14,28,153,12,141,21.53846153846154,7.179487179487179,14.358974358974358,78.46153846153847,6.153846153846154,72.3076923076923
E00070810,371,64,24,40,307,25,282,17.25067385444744,6.46900269541779,10.781671159029651,82.74932614555256,6.738544474393531,76.01078167115904
E00070811,312,57,16,41,255,22,233,18.269230769230766,5.128205128205128,13.141025641025642,81.73076923076923,7.051282051282051,74.67948717948718
E00070812,187,38,12,26,149,17,132,20.32085561497326,6.417112299465241,13.903743315508022,79.67914438502673,9.090909090909092,70.58823529411765
E00070813,195,22,4,18,173,16,157,11.282051282051283,2.051282051282051,9.230769230769232,88.71794871794872,8.205128205128204,80.51282051282051
E00070814,273,45,15,30,228,37,191,16.483516483516482,5.4945054945054945,10.989010989010989,83.51648351648352,13.553113553113553,69.96336996336996
E00070815,253,50,18,32,203,17,186,19.76284584980237,7.114624505928854,12.648221343873518,80.23715415019763,6.719367588932807,73.51778656126481
E00070816,189,32,14,18,157,16,141,16.93121693121693,7.4074074074074066,9.523809523809524,83.06878306878306,8.465608465608465,74.60317460317461
E00070817,458,81,34,47,377,36,341,17.685589519650655,7.423580786026202,10.262008733624455,82.31441048034934,7.860262008733625,74.45414847161572
E00070818,443,72,26,46,371,37,334,16.252821670428894,5.8690744920993225,10.383747178329571,83.7471783295711,8.35214446952596,75.39503386004515
E00070819,236,47,19,28,189,14,175,19.915254237288135,8.050847457627118,11.864406779661017,80.08474576271186,5.932203389830509,74.15254237288136
E00070820,256,76,38,38,180,10,170,29.6875,14.84375,14.84375,70.3125,3.90625,66.40625
E00070821,323,87,60,27,236,16,220,26.93498452012384,18.575851393188856,8.359133126934983,73.06501547987617,4.953560371517028,68.11145510835914
E00070822,301,43,12,31,258,24,234,14.285714285714285,3.9867109634551494,10.299003322259136,85.71428571428571,7.973421926910299,77.74086378737542
E00070823,314,60,27,33,254,26,228,19.10828025477707,8.598726114649681,10.509554140127388,80.89171974522293,8.280254777070063,72.61146496815286
E00070824,364,81,27,54,283,31,252,22.252747252747252,7.417582417582418,14.835164835164836,77.74725274725274,8.516483516483516,69.23076923076923
E00070825,245,62,32,30,183,16,167,25.30612244897959,13.061224489795919,12.244897959183673,74.6938775510204,6.530612244897959,68.16326530612244
E00070826,257,53,12,41,204,19,185,20.622568093385212,4.669260700389105,15.953307392996107,79.37743190661479,7.392996108949417,71.98443579766537
E00070827,260,53,20,33,207,33,174,20.384615384615383,7.6923076923076925,12.692307692307692,79.61538461538461,12.692307692307692,66.92307692307692
E00070828,270,51,24,27,219,34,185,18.88888888888889,8.88888888888889,10,81.11111111111111,12.592592592592592,68.51851851851852
E00070829,358,70,22,48,288,34,254,19.553072625698324,6.145251396648044,13.40782122905028,80.44692737430168,9.497206703910614,70.94972067039106
E00070830,306,60,18,42,246,33,213,19.607843137254903,5.88235294117647,13.725490196078432,80.3921568627451,10.784313725490197,69.6078431372549
E00070831,400,74,25,49,326,44,282,18.5,6.25,12.25,81.5,11,70.5
E00070832,354,44,15,29,310,41,269,12.429378531073446,4.23728813559322,8.192090395480225,87.57062146892656,11.581920903954803,75.98870056497175
E00070833,270,60,25,35,210,27,183,22.22222222222222,9.25925925925926,12.962962962962962,77.77777777777779,10,67.77777777777779
E00070834,377,57,18,39,320,46,274,15.119363395225463,4.774535809018567,10.344827586206897,84.88063660477454,12.20159151193634,72.67904509283821
E00070835,277,42,13,29,235,32,203,15.162454873646208,4.693140794223827,10.469314079422382,84.83754512635379,11.552346570397113,73.28519855595668
E00070836,318,38,13,25,280,27,253,11.949685534591195,4.088050314465408,7.861635220125786,88.0503144654088,8.49056603773585,79.55974842767296
E00070837,240,48,15,33,192,25,167,20,6.25,13.750000000000002,80,10.416666666666668,69.58333333333333
E00070838,314,38,14,24,276,24,252,12.101910828025478,4.45859872611465,7.643312101910828,87.89808917197452,7.643312101910828,80.2547770700637
E00070841,131,14,0,14,117,17,100,10.687022900763358,0,10.687022900763358,89.31297709923665,12.977099236641221,76.33587786259542
E00070842,348,46,16,30,302,24,278,13.218390804597702,4.597701149425287,8.620689655172415,86.7816091954023,6.896551724137931,79.88505747126436
E00070843,351,83,44,39,268,29,239,23.646723646723647,12.535612535612536,11.11111111111111,76.35327635327636,8.262108262108262,68.09116809116809
E00070844,313,66,25,41,247,23,224,21.08626198083067,7.987220447284344,13.099041533546327,78.91373801916933,7.348242811501597,71.56549520766772
E00070845,362,49,14,35,313,39,274,13.535911602209943,3.867403314917127,9.668508287292818,86.46408839779005,10.773480662983426,75.69060773480662
E00070846,287,44,15,29,243,28,215,15.33101045296167,5.2264808362369335,10.104529616724738,84.66898954703834,9.75609756097561,74.91289198606272
E00070847,419,67,25,42,352,31,321,15.990453460620524,5.966587112171838,10.023866348448687,84.00954653937947,7.398568019093078,76.6109785202864
E00070848,259,46,15,31,213,27,186,17.760617760617762,5.7915057915057915,11.96911196911197,82.23938223938224,10.424710424710424,71.81467181467181
E00070849,182,70,51,19,112,18,94,38.46153846153847,28.021978021978022,10.43956043956044,61.53846153846154,9.89010989010989,51.64835164835166
E00070850,232,50,13,37,182,18,164,21.551724137931032,5.603448275862069,15.948275862068966,78.44827586206897,7.758620689655173,70.6896551724138
E00070851,275,54,25,29,221,14,207,19.636363636363637,9.090909090909092,10.545454545454545,80.36363636363636,5.090909090909091,75.27272727272727
E00070852,280,75,33,42,205,11,194,26.785714285714285,11.785714285714285,15,73.21428571428571,3.9285714285714284,69.28571428571428
E00070853,372,68,28,40,304,32,272,18.27956989247312,7.526881720430108,10.75268817204301,81.72043010752688,8.60215053763441,73.11827956989248
E00070854,216,55,30,25,161,24,137,25.462962962962965,13.88888888888889,11.574074074074074,74.53703703703704,11.11111111111111,63.42592592592593
E00070855,266,92,44,48,174,12,162,34.58646616541353,16.541353383458645,18.045112781954884,65.41353383458647,4.511278195488721,60.902255639097746
E00070856,270,47,24,23,223,16,207,17.40740740740741,8.88888888888889,8.518518518518519,82.5925925925926,5.9259259259259265,76.66666666666667
E00070857,434,98,36,62,336,34,302,22.58064516129032,8.294930875576037,14.285714285714285,77.41935483870968,7.834101382488479,69.5852534562212
E00070858,298,83,40,43,215,21,194,27.85234899328859,13.422818791946309,14.429530201342283,72.14765100671141,7.046979865771812,65.1006711409396
E00070859,299,46,24,22,253,22,231,15.384615384615385,8.02675585284281,7.357859531772576,84.61538461538461,7.357859531772576,77.25752508361204
E00070860,279,48,20,28,231,24,207,17.20430107526882,7.168458781362006,10.03584229390681,82.79569892473118,8.60215053763441,74.19354838709677
E00070861,330,65,22,43,265,31,234,19.696969696969695,6.666666666666667,13.030303030303031,80.3030303030303,9.393939393939393,70.9090909090909
E00070862,234,43,14,29,191,15,176,18.37606837606838,5.982905982905983,12.393162393162394,81.62393162393163,6.41025641025641,75.21367521367522
E00070863,423,54,15,39,369,38,331,12.76595744680851,3.546099290780142,9.219858156028367,87.2340425531915,8.983451536643026,78.25059101654847
E00070865,285,71,34,37,214,13,201,24.912280701754387,11.929824561403509,12.982456140350877,75.08771929824562,4.56140350877193,70.52631578947368
E00070866,406,74,21,53,332,39,293,18.226600985221676,5.172413793103448,13.054187192118228,81.77339901477832,9.60591133004926,72.16748768472905
E00070867,277,39,10,29,238,29,209,14.079422382671481,3.6101083032490973,10.469314079422382,85.92057761732852,10.469314079422382,75.45126353790613
E00070868,225,25,7,18,200,20,180,11.11111111111111,3.111111111111111,8,88.88888888888889,8.88888888888889,80
E00070869,210,51,18,33,159,21,138,24.285714285714285,8.571428571428571,15.714285714285714,75.71428571428571,10,65.71428571428571
E00070870,314,71,27,44,243,14,229,22.611464968152866,8.598726114649681,14.012738853503185,77.38853503184714,4.45859872611465,72.92993630573248
E00070871,293,47,19,28,246,19,227,16.040955631399317,6.484641638225256,9.556313993174061,83.95904436860067,6.484641638225256,77.47440273037543
E00070872,572,94,31,63,478,43,435,16.433566433566433,5.419580419580419,11.013986013986015,83.56643356643356,7.517482517482517,76.04895104895105
E00070873,285,52,15,37,233,26,207,18.24561403508772,5.263157894736842,12.982456140350877,81.75438596491227,9.12280701754386,72.63157894736842
E00070874,208,54,24,30,154,12,142,25.961538461538463,11.538461538461538,14.423076923076922,74.03846153846155,5.769230769230769,68.26923076923077
E00070875,247,46,22,24,201,36,165,18.62348178137652,8.906882591093117,9.7165991902834,81.37651821862349,14.5748987854251,66.80161943319838
E00070876,185,26,6,20,159,10,149,14.054054054054054,3.2432432432432434,10.81081081081081,85.94594594594595,5.405405405405405,80.54054054054053
E00070877,192,34,18,16,158,15,143,17.708333333333336,9.375,8.333333333333332,82.29166666666666,7.8125,74.47916666666666
E00070878,293,55,14,41,238,28,210,18.771331058020476,4.778156996587031,13.993174061433447,81.22866894197952,9.556313993174061,71.67235494880546
E00070879,274,67,20,47,207,34,173,24.45255474452555,7.2992700729927,17.153284671532848,75.54744525547446,12.408759124087592,63.138686131386855
E00070880,301,55,16,39,246,29,217,18.272425249169437,5.3156146179401995,12.956810631229235,81.72757475083057,9.634551495016613,72.09302325581395
E00070881,220,31,10,21,189,22,167,14.09090909090909,4.545454545454546,9.545454545454547,85.9090909090909,10,75.9090909090909
E00070882,251,31,6,25,220,27,193,12.350597609561753,2.3904382470119523,9.9601593625498,87.64940239043824,10.756972111553784,76.89243027888446
E00070883,289,62,21,41,227,20,207,21.453287197231834,7.26643598615917,14.186851211072666,78.54671280276817,6.920415224913495,71.62629757785467
E00070884,252,41,10,31,211,47,164,16.26984126984127,3.968253968253968,12.3015873015873,83.73015873015873,18.650793650793652,65.07936507936508
E00070885,278,71,33,38,207,19,188,25.539568345323744,11.870503597122301,13.66906474820144,74.46043165467626,6.83453237410072,67.62589928057554
E00070886,293,42,12,30,251,23,228,14.334470989761092,4.09556313993174,10.238907849829351,85.6655290102389,7.849829351535837,77.81569965870307
E00070887,334,56,31,25,278,23,255,16.766467065868262,9.281437125748502,7.48502994011976,83.23353293413174,6.88622754491018,76.34730538922156
E00070888,233,41,19,22,192,19,173,17.59656652360515,8.15450643776824,9.44206008583691,82.40343347639485,8.15450643776824,74.2489270386266
E00070889,185,41,12,29,144,11,133,22.162162162162165,6.486486486486487,15.675675675675677,77.83783783783784,5.9459459459459465,71.89189189189189
E00070890,317,50,11,39,267,28,239,15.772870662460567,3.4700315457413247,12.302839116719243,84.22712933753942,8.832807570977918,75.39432176656152
E00070891,193,38,6,32,155,24,131,19.689119170984455,3.1088082901554404,16.580310880829018,80.31088082901555,12.435233160621761,67.87564766839378
E00070892,237,46,12,34,191,19,172,19.40928270042194,5.063291139240507,14.345991561181433,80.59071729957806,8.016877637130802,72.57383966244726
E00070893,271,118,73,45,153,15,138,43.542435424354245,26.937269372693727,16.605166051660518,56.457564575645755,5.535055350553505,50.92250922509225
E00070894,269,65,32,33,204,9,195,24.1635687732342,11.895910780669144,12.267657992565056,75.8364312267658,3.3457249070631967,72.4907063197026
E00070895,285,55,34,21,230,20,210,19.298245614035086,11.929824561403509,7.368421052631578,80.7017543859649,7.017543859649122,73.68421052631578
E00070896,492,110,45,65,382,22,360,22.35772357723577,9.146341463414634,13.211382113821138,77.64227642276423,4.471544715447155,73.17073170731707
E00070897,327,69,30,39,258,28,230,21.100917431192663,9.174311926605505,11.926605504587156,78.89908256880734,8.56269113149847,70.33639143730886
E00070898,229,74,39,35,155,14,141,32.314410480349345,17.03056768558952,15.283842794759824,67.68558951965066,6.11353711790393,61.572052401746724
E00070899,327,49,14,35,278,23,255,14.984709480122325,4.281345565749235,10.703363914373089,85.01529051987767,7.033639143730887,77.98165137614679
E00070900,227,46,16,30,181,17,164,20.26431718061674,7.048458149779736,13.215859030837004,79.73568281938326,7.488986784140969,72.24669603524228
E00070901,205,54,28,26,151,13,138,26.34146341463415,13.658536585365855,12.682926829268293,73.65853658536585,6.341463414634147,67.31707317073172
E00070902,243,50,18,32,193,20,173,20.5761316872428,7.4074074074074066,13.168724279835391,79.42386831275721,8.23045267489712,71.19341563786008
E00070903,273,46,16,30,227,25,202,16.84981684981685,5.86080586080586,10.989010989010989,83.15018315018315,9.157509157509157,73.992673992674
E00070904,301,76,40,36,225,20,205,25.249169435215947,13.2890365448505,11.960132890365449,74.75083056478405,6.64451827242525,68.10631229235881
E00070905,191,74,36,38,117,20,97,38.7434554973822,18.848167539267017,19.895287958115183,61.25654450261781,10.471204188481675,50.78534031413613
E00070906,263,57,31,26,206,21,185,21.673003802281368,11.787072243346007,9.885931558935361,78.32699619771863,7.984790874524715,70.34220532319392
E00070907,360,55,14,41,305,28,277,15.277777777777779,3.888888888888889,11.38888888888889,84.72222222222221,7.777777777777778,76.94444444444444
E00070908,229,61,22,39,168,19,149,26.637554585152838,9.606986899563319,17.03056768558952,73.36244541484717,8.296943231441048,65.06550218340611
E00070909,303,59,23,36,244,29,215,19.471947194719473,7.590759075907591,11.881188118811881,80.52805280528052,9.570957095709572,70.95709570957096
E00070910,271,50,21,29,221,17,204,18.45018450184502,7.7490774907749085,10.70110701107011,81.54981549815497,6.273062730627306,75.27675276752768
E00070911,269,50,14,36,219,11,208,18.587360594795538,5.204460966542751,13.382899628252787,81.41263940520446,4.089219330855019,77.32342007434944
E00070912,354,65,23,42,289,30,259,18.361581920903955,6.497175141242938,11.864406779661017,81.63841807909604,8.47457627118644,73.1638418079096
E00070913,252,72,37,35,180,23,157,28.57142857142857,14.682539682539684,13.88888888888889,71.42857142857143,9.126984126984127,62.301587301587304
E00070914,295,101,45,56,194,22,172,34.23728813559322,15.254237288135593,18.983050847457626,65.76271186440678,7.457627118644068,58.30508474576271
E00070916,279,83,34,49,196,9,187,29.749103942652326,12.186379928315413,17.562724014336915,70.25089605734766,3.225806451612903,67.02508960573476
E00070917,296,119,69,50,177,16,161,40.2027027027027,23.31081081081081,16.89189189189189,59.797297297297305,5.405405405405405,54.391891891891895
E00070918,319,45,15,30,274,33,241,14.106583072100312,4.702194357366771,9.404388714733543,85.8934169278997,10.344827586206897,75.54858934169279
E00070919,264,54,21,33,210,28,182,20.454545454545457,7.954545454545454,12.5,79.54545454545455,10.606060606060606,68.93939393939394
E00070920,306,51,22,29,255,22,233,16.666666666666664,7.18954248366013,9.477124183006536,83.33333333333334,7.18954248366013,76.1437908496732
E00070921,347,65,26,39,282,24,258,18.73198847262248,7.492795389048991,11.239193083573488,81.26801152737752,6.9164265129683,74.35158501440922
E00070922,281,62,33,29,219,13,206,22.064056939501782,11.743772241992882,10.320284697508896,77.93594306049823,4.6263345195729535,73.30960854092527
E00070923,322,78,45,33,244,26,218,24.22360248447205,13.975155279503104,10.248447204968944,75.77639751552795,8.074534161490684,67.70186335403726
E00070924,252,67,34,33,185,17,168,26.58730158730159,13.492063492063492,13.095238095238097,73.4126984126984,6.746031746031746,66.66666666666666
E00070925,465,116,55,61,349,28,321,24.946236559139784,11.827956989247312,13.118279569892474,75.05376344086021,6.021505376344086,69.03225806451613
E00070926,251,54,23,31,197,15,182,21.51394422310757,9.163346613545817,12.350597609561753,78.48605577689243,5.9760956175298805,72.50996015936255
E00070927,283,55,22,33,228,15,213,19.434628975265017,7.773851590106007,11.66077738515901,80.56537102473497,5.30035335689046,75.26501766784452
E00070928,261,99,58,41,162,18,144,37.93103448275862,22.22222222222222,15.708812260536398,62.06896551724138,6.896551724137931,55.172413793103445
E00070929,320,59,23,36,261,29,232,18.4375,7.187499999999999,11.25,81.5625,9.0625,72.5
E00070931,337,79,35,44,258,28,230,23.44213649851632,10.385756676557865,13.056379821958458,76.55786350148368,8.30860534124629,68.24925816023739
E00070932,345,65,23,42,280,28,252,18.84057971014493,6.666666666666667,12.173913043478262,81.15942028985508,8.115942028985506,73.04347826086956
E00070933,299,65,27,38,234,23,211,21.73913043478261,9.03010033444816,12.709030100334449,78.26086956521739,7.6923076923076925,70.5685618729097
E00070934,280,68,19,49,212,20,192,24.285714285714285,6.785714285714286,17.5,75.71428571428571,7.142857142857142,68.57142857142857
E00070935,290,55,23,32,235,31,204,18.96551724137931,7.931034482758621,11.03448275862069,81.03448275862068,10.689655172413794,70.34482758620689
E00070936,317,61,11,50,256,27,229,19.242902208201894,3.4700315457413247,15.772870662460567,80.7570977917981,8.517350157728707,72.2397476340694
E00070937,332,42,15,27,290,30,260,12.650602409638553,4.518072289156627,8.132530120481928,87.34939759036145,9.036144578313253,78.3132530120482
E00070938,437,67,14,53,370,31,339,15.331807780320366,3.203661327231121,12.128146453089245,84.66819221967964,7.093821510297483,77.57437070938215
E00070939,404,46,21,25,358,34,324,11.386138613861387,5.198019801980198,6.188118811881188,88.61386138613861,8.415841584158416,80.19801980198021
E00070940,436,79,16,63,357,33,324,18.11926605504587,3.669724770642202,14.449541284403669,81.88073394495413,7.568807339449542,74.31192660550458
E00070941,246,33,9,24,213,20,193,13.414634146341465,3.6585365853658534,9.75609756097561,86.58536585365853,8.130081300813007,78.45528455284553
E00070942,317,50,17,33,267,22,245,15.772870662460567,5.3627760252365935,10.410094637223976,84.22712933753942,6.940063091482649,77.28706624605678
E00070943,135,21,5,16,114,13,101,15.555555555555555,3.7037037037037033,11.851851851851853,84.44444444444444,9.62962962962963,74.81481481481481
E00070944,359,54,14,40,305,28,277,15.041782729805014,3.8997214484679668,11.142061281337048,84.958217270195,7.7994428969359335,77.15877437325905
E00070945,188,29,11,18,159,12,147,15.425531914893616,5.851063829787234,9.574468085106384,84.57446808510637,6.382978723404255,78.19148936170212
E00070946,193,35,12,23,158,20,138,18.134715025906736,6.217616580310881,11.917098445595855,81.86528497409327,10.362694300518134,71.50259067357513
E00070947,139,23,9,14,116,10,106,16.546762589928058,6.474820143884892,10.071942446043165,83.45323741007195,7.1942446043165464,76.2589928057554
E00070948,171,24,2,22,147,16,131,14.035087719298245,1.1695906432748537,12.865497076023392,85.96491228070175,9.35672514619883,76.60818713450293
E00070949,355,66,26,40,289,27,262,18.591549295774648,7.323943661971831,11.267605633802818,81.40845070422536,7.605633802816901,73.80281690140845
E00070950,255,64,30,34,191,28,163,25.098039215686274,11.76470588235294,13.333333333333334,74.90196078431373,10.980392156862745,63.921568627450974
E00070951,297,40,11,29,257,34,223,13.468013468013467,3.7037037037037033,9.764309764309765,86.53198653198653,11.447811447811448,75.08417508417509
E00070952,161,29,9,20,132,20,112,18.012422360248447,5.590062111801243,12.422360248447205,81.98757763975155,12.422360248447205,69.56521739130434
E00070953,123,20,6,14,103,14,89,16.260162601626014,4.878048780487805,11.38211382113821,83.73983739837398,11.38211382113821,72.35772357723577
E00070954,148,19,5,14,129,13,116,12.837837837837837,3.3783783783783785,9.45945945945946,87.16216216216216,8.783783783783784,78.37837837837837
E00070955,532,110,40,70,422,37,385,20.676691729323306,7.518796992481203,13.157894736842104,79.32330827067669,6.954887218045112,72.36842105263158
E00070956,263,45,17,28,218,12,206,17.110266159695815,6.4638783269961975,10.646387832699618,82.88973384030417,4.562737642585551,78.32699619771863
E00070957,352,52,22,30,300,27,273,14.772727272727273,6.25,8.522727272727272,85.22727272727273,7.670454545454546,77.55681818181817
E00070958,232,60,35,25,172,17,155,25.862068965517242,15.086206896551724,10.775862068965516,74.13793103448276,7.327586206896551,66.8103448275862
E00070959,163,24,9,15,139,14,125,14.723926380368098,5.521472392638037,9.202453987730062,85.2760736196319,8.588957055214724,76.68711656441718
E00070960,135,25,5,20,110,10,100,18.51851851851852,3.7037037037037033,14.814814814814813,81.48148148148148,7.4074074074074066,74.07407407407408
E00070961,301,66,18,48,235,32,203,21.92691029900332,5.980066445182724,15.946843853820598,78.07308970099668,10.631229235880399,67.44186046511628
E00070962,345,51,23,28,294,31,263,14.782608695652174,6.666666666666667,8.115942028985506,85.21739130434783,8.985507246376812,76.23188405797102
E00070963,279,62,31,31,217,24,193,22.22222222222222,11.11111111111111,11.11111111111111,77.77777777777779,8.60215053763441,69.17562724014337
E00070964,314,65,23,42,249,18,231,20.70063694267516,7.32484076433121,13.375796178343949,79.29936305732484,5.7324840764331215,73.56687898089172
E00070965,284,42,14,28,242,28,214,14.788732394366196,4.929577464788732,9.859154929577464,85.2112676056338,9.859154929577464,75.35211267605634
E00070966,235,49,21,28,186,20,166,20.851063829787233,8.936170212765958,11.914893617021278,79.14893617021276,8.51063829787234,70.63829787234043
E00070967,253,27,12,15,226,15,211,10.67193675889328,4.743083003952568,5.928853754940711,89.32806324110672,5.928853754940711,83.399209486166
E00070968,211,30,11,19,181,19,162,14.218009478672986,5.213270142180095,9.004739336492891,85.78199052132702,9.004739336492891,76.77725118483413
E00070969,466,124,78,46,342,37,305,26.609442060085836,16.738197424892704,9.871244635193133,73.39055793991416,7.939914163090128,65.45064377682404
E00070970,250,36,12,24,214,29,185,14.399999999999999,4.8,9.6,85.6,11.600000000000001,74
E00070971,252,44,14,30,208,20,188,17.46031746031746,5.555555555555555,11.904761904761903,82.53968253968253,7.936507936507936,74.60317460317461
E00070972,261,35,7,28,226,30,196,13.409961685823754,2.681992337164751,10.727969348659004,86.59003831417624,11.494252873563218,75.09578544061303
E00070973,247,47,14,33,200,20,180,19.02834008097166,5.668016194331984,13.360323886639677,80.97165991902834,8.097165991902834,72.8744939271255
E00070974,289,40,15,25,249,25,224,13.84083044982699,5.190311418685121,8.650519031141869,86.159169550173,8.650519031141869,77.50865051903114
E00070975,298,49,12,37,249,31,218,16.44295302013423,4.026845637583892,12.416107382550337,83.55704697986577,10.40268456375839,73.15436241610739
E00070976,481,95,41,54,386,39,347,19.75051975051975,8.523908523908524,11.226611226611228,80.24948024948026,8.108108108108109,72.14137214137214
E00070977,153,32,11,21,121,13,108,20.915032679738562,7.18954248366013,13.725490196078432,79.08496732026144,8.49673202614379,70.58823529411765
E00070978,209,33,14,19,176,23,153,15.789473684210526,6.698564593301436,9.090909090909092,84.21052631578947,11.004784688995215,73.20574162679426
E00070979,265,41,14,27,224,16,208,15.471698113207546,5.283018867924529,10.18867924528302,84.52830188679246,6.037735849056604,78.49056603773586
E00070980,410,67,15,52,343,31,312,16.34146341463415,3.6585365853658534,12.682926829268293,83.65853658536585,7.560975609756097,76.09756097560975
E00070981,257,44,12,32,213,26,187,17.120622568093385,4.669260700389105,12.45136186770428,82.87937743190662,10.116731517509727,72.76264591439688
E00070982,325,70,29,41,255,20,235,21.53846153846154,8.923076923076923,12.615384615384615,78.46153846153847,6.153846153846154,72.3076923076923
E00070983,501,83,35,48,418,41,377,16.56686626746507,6.986027944111776,9.580838323353294,83.43313373253493,8.183632734530939,75.249500998004
E00070984,313,51,20,31,262,29,233,16.293929712460063,6.3897763578274756,9.904153354632587,83.70607028753993,9.26517571884984,74.4408945686901
E00070985,355,77,33,44,278,30,248,21.69014084507042,9.295774647887324,12.394366197183098,78.30985915492957,8.450704225352112,69.85915492957746
E00070986,331,54,19,35,277,35,242,16.314199395770395,5.740181268882175,10.574018126888216,83.68580060422961,10.574018126888216,73.111782477341393
E00070987,326,75,34,41,251,29,222,23.006134969325153,10.429447852760736,12.576687116564417,76.99386503067484,8.895705521472392,68.09815950920245
E00070988,387,70,23,47,317,32,285,18.087855297157624,5.943152454780361,12.144702842377262,81.91214470284238,8.2687338501292,73.64341085271317
E00070989,323,45,13,32,278,31,247,13.93188854489164,4.024767801857585,9.907120743034056,86.06811145510835,9.597523219814242,76.47058823529412
E00070990,439,67,26,41,372,46,326,15.261958997722095,5.922551252847381,9.339407744874716,84.73804100227791,10.478359908883828,74.25968109339408
E00070991,412,83,27,56,329,48,281,20.145631067961165,6.553398058252427,13.592233009708737,79.85436893203884,11.650485436893204,68.20388349514563
E00070992,282,36,9,27,246,19,227,12.76595744680851,3.1914893617021276,9.574468085106384,87.2340425531915,6.73758865248227,80.49645390070921
E00070993,380,61,26,35,319,36,283,16.05263157894737,6.842105263157896,9.210526315789473,83.94736842105263,9.473684210526317,74.47368421052632
E00070994,240,37,12,25,203,18,185,15.416666666666668,5,10.416666666666668,84.58333333333333,7.5,77.08333333333334
E00070995,270,48,14,34,222,26,196,17.77777777777778,5.185185185185185,12.592592592592592,82.22222222222221,9.62962962962963,72.5925925925926
E00070996,393,63,20,43,330,30,300,16.030534351145036,5.089058524173027,10.941475826972011,83.96946564885496,7.633587786259542,76.33587786259542
E00070997,421,63,25,38,358,42,316,14.964370546318289,5.938242280285035,9.026128266033254,85.03562945368171,9.97624703087886,75.05938242280284
E00070998,270,51,21,30,219,19,200,18.88888888888889,7.777777777777778,11.11111111111111,81.11111111111111,7.037037037037037,74.07407407407408
E00070999,376,57,26,31,319,27,292,15.159574468085108,6.914893617021277,8.24468085106383,84.8404255319149,7.180851063829788,77.6595744680851
E00071001,341,68,29,39,273,29,244,19.941348973607038,8.504398826979472,11.436950146627565,80.05865102639295,8.504398826979472,71.5542521994135
E00071002,233,82,39,43,151,5,146,35.1931330472103,16.738197424892704,18.4549356223176,64.8068669527897,2.1459227467811157,62.66094420600859
E00071003,279,43,17,26,236,24,212,15.412186379928317,6.093189964157706,9.31899641577061,84.58781362007169,8.60215053763441,75.98566308243727
E00071004,255,43,16,27,212,21,191,16.862745098039216,6.2745098039215685,10.588235294117647,83.13725490196079,8.235294117647058,74.90196078431373
E00071005,224,44,19,25,180,19,161,19.642857142857142,8.482142857142858,11.160714285714286,80.35714285714286,8.482142857142858,71.875
E00071006,433,89,45,44,344,25,319,20.554272517321014,10.392609699769054,10.161662817551962,79.44572748267899,5.773672055427252,73.67205542725173
E00071007,229,53,25,28,176,24,152,23.144104803493452,10.91703056768559,12.22707423580786,76.85589519650655,10.480349344978166,66.37554585152839
E00071008,519,69,20,49,450,26,424,13.294797687861271,3.8535645472061653,9.441233140655106,86.70520231213872,5.009633911368015,81.69556840077071
E00071009,260,49,20,29,211,22,189,18.846153846153847,7.6923076923076925,11.153846153846155,81.15384615384616,8.461538461538462,72.6923076923077
E00071011,265,47,19,28,218,25,193,17.735849056603772,7.169811320754717,10.566037735849058,82.26415094339623,9.433962264150944,72.83018867924528
E00071012,256,40,15,25,216,24,192,15.625,5.859375,9.765625,84.375,9.375,75
E00071013,269,47,12,35,222,24,198,17.472118959107807,4.4609665427509295,13.011152416356877,82.5278810408922,8.921933085501859,73.60594795539033
E00071014,242,52,13,39,190,21,169,21.487603305785125,5.371900826446281,16.115702479338843,78.51239669421489,8.677685950413224,69.83471074380165
E00071015,508,108,45,63,400,37,363,21.25984251968504,8.858267716535433,12.401574803149607,78.74015748031496,7.283464566929133,71.45669291338582
E00071016,246,63,25,38,183,31,152,25.609756097560975,10.16260162601626,15.447154471544716,74.39024390243902,12.601626016260163,61.78861788617886
E00071017,315,45,9,36,270,25,245,14.285714285714285,2.857142857142857,11.428571428571429,85.71428571428571,7.936507936507936,77.77777777777779
E00071018,305,40,13,27,265,21,244,13.114754098360656,4.2622950819672125,8.852459016393443,86.88524590163934,6.885245901639345,80
E00071019,235,56,30,26,179,12,167,23.829787234042556,12.76595744680851,11.063829787234042,76.17021276595744,5.106382978723404,71.06382978723404
E00071020,242,54,18,36,188,28,160,22.31404958677686,7.43801652892562,14.87603305785124,77.68595041322314,11.570247933884298,66.11570247933885
E00071021,269,40,14,26,229,29,200,14.869888475836431,5.204460966542751,9.66542750929368,85.13011152416357,10.780669144981413,74.34944237918215
E00071022,262,41,9,32,221,22,199,15.648854961832063,3.435114503816794,12.213740458015266,84.35114503816794,8.396946564885496,75.95419847328245
E00071023,324,58,26,32,266,18,248,17.901234567901234,8.024691358024691,9.876543209876543,82.09876543209876,5.555555555555555,76.5432098765432
E00071024,232,42,16,26,190,13,177,18.103448275862068,6.896551724137931,11.206896551724139,81.89655172413794,5.603448275862069,76.29310344827587
E00071025,331,61,26,35,270,23,247,18.429003021148034,7.854984894259818,10.574018126888216,81.57099697885197,6.948640483383686,74.62235649546828
E00071026,268,41,18,23,227,21,206,15.298507462686567,6.7164179104477615,8.582089552238806,84.70149253731343,7.835820895522389,76.86567164179104
E00071027,288,47,15,32,241,21,220,16.319444444444446,5.208333333333334,11.11111111111111,83.68055555555556,7.291666666666667,76.38888888888889
E00071028,289,54,16,38,235,32,203,18.685121107266436,5.536332179930796,13.148788927335639,81.31487889273356,11.072664359861593,70.24221453287197
E00071029,268,66,26,40,202,21,181,24.62686567164179,9.701492537313433,14.925373134328357,75.3731343283582,7.835820895522389,67.53731343283582
E00071030,229,70,35,35,159,12,147,30.567685589519648,15.283842794759824,15.283842794759824,69.43231441048034,5.240174672489083,64.19213973799127
E00071031,301,90,38,52,211,24,187,29.900332225913623,12.624584717607974,17.275747508305646,70.09966777408638,7.973421926910299,62.12624584717608
E00071032,337,72,38,34,265,18,247,21.364985163204746,11.275964391691394,10.089020771513352,78.63501483679525,5.341246290801187,73.29376854599407
E00071033,308,48,13,35,260,29,231,15.584415584415584,4.220779220779221,11.363636363636363,84.4155844155844,9.415584415584416,75
E00071034,320,60,28,32,260,32,228,18.75,8.75,10,81.25,10,71.25
E00071035,268,60,17,43,208,23,185,22.388059701492537,6.343283582089552,16.044776119402986,77.61194029850746,8.582089552238806,69.02985074626866
E00071036,193,34,17,17,159,14,145,17.616580310880828,8.808290155440414,8.808290155440414,82.38341968911918,7.253886010362693,75.12953367875647
E00071037,256,46,20,26,210,19,191,17.96875,7.8125,10.15625,82.03125,7.421875,74.609375
E00071038,272,42,12,30,230,23,207,15.441176470588236,4.411764705882353,11.029411764705882,84.55882352941177,8.455882352941178,76.10294117647058
E00071039,353,53,17,36,300,18,282,15.01416430594901,4.815864022662889,10.198300283286118,84.98583569405099,5.099150141643059,79.88668555240793
E00071040,488,74,28,46,414,31,383,15.163934426229508,5.737704918032787,9.426229508196721,84.8360655737705,6.352459016393443,78.48360655737704
E00071041,408,75,29,46,333,36,297,18.38235294117647,7.107843137254902,11.27450980392157,81.61764705882352,8.823529411764707,72.79411764705883
E00071042,550,42,17,25,508,34,474,7.636363636363637,3.090909090909091,4.545454545454546,92.36363636363636,6.181818181818182,86.18181818181819
E00071044,323,61,32,29,262,27,235,18.885448916408667,9.907120743034056,8.978328173374612,81.11455108359134,8.359133126934983,72.75541795665634
E00071045,245,52,22,30,193,13,180,21.224489795918366,8.979591836734693,12.244897959183673,78.77551020408163,5.3061224489795915,73.46938775510205
E00071046,209,36,20,16,173,20,153,17.22488038277512,9.569377990430622,7.655502392344498,82.77511961722487,9.569377990430622,73.20574162679426
E00071047,210,69,33,36,141,9,132,32.857142857142854,15.714285714285714,17.142857142857142,67.14285714285714,4.285714285714286,62.857142857142854
E00071048,244,57,29,28,187,13,174,23.36065573770492,11.885245901639344,11.475409836065573,76.63934426229508,5.327868852459016,71.31147540983606
E00071049,305,43,22,21,262,13,249,14.098360655737704,7.213114754098362,6.885245901639345,85.90163934426229,4.2622950819672125,81.63934426229508
E00071050,349,57,24,33,292,16,276,16.332378223495702,6.876790830945559,9.455587392550143,83.66762177650429,4.584527220630372,79.08309455587393
E00071051,252,62,26,36,190,18,172,24.6031746031746,10.317460317460316,14.285714285714285,75.39682539682539,7.142857142857142,68.25396825396825
E00071052,300,61,25,36,239,17,222,20.333333333333332,8.333333333333332,12,79.66666666666666,5.666666666666666,74
E00071053,279,80,45,35,199,13,186,28.673835125448026,16.129032258064516,12.544802867383511,71.32616487455196,4.659498207885305,66.66666666666666
E00071054,257,55,28,27,202,12,190,21.40077821011673,10.894941634241246,10.505836575875486,78.59922178988327,4.669260700389105,73.92996108949417
E00071055,319,53,22,31,266,19,247,16.614420062695924,6.896551724137931,9.717868338557993,83.38557993730407,5.956112852664576,77.4294670846395
E00071056,215,66,40,26,149,10,139,30.697674418604652,18.6046511627907,12.093023255813954,69.30232558139535,4.651162790697675,64.65116279069767
E00071057,317,57,20,37,260,18,242,17.981072555205046,6.309148264984227,11.67192429022082,82.01892744479495,5.678233438485805,76.34069400630915
E00071058,265,69,38,31,196,18,178,26.037735849056602,14.339622641509434,11.69811320754717,73.9622641509434,6.7924528301886795,67.16981132075472
E00071059,307,56,22,34,251,18,233,18.241042345276874,7.166123778501629,11.074918566775244,81.75895765472313,5.863192182410423,75.8957654723127
E00071060,302,68,30,38,234,21,213,22.516556291390728,9.933774834437086,12.582781456953644,77.48344370860927,6.95364238410596,70.52980132450331
E00071061,250,40,21,19,210,11,199,16,8.4,7.6,84,4.3999999999999995,79.60000000000001
E00071062,313,73,39,34,240,18,222,23.322683706070286,12.460063897763577,10.86261980830671,76.6773162939297,5.7507987220447285,70.92651757188499
E00071063,484,62,29,33,422,43,379,12.8099173553719,5.991735537190083,6.8181818181818175,87.19008264462809,8.884297520661157,78.30578512396694
E00071064,295,78,35,43,217,13,204,26.440677966101696,11.864406779661017,14.576271186440678,73.5593220338983,4.406779661016949,69.15254237288136
E00071065,259,55,22,33,204,17,187,21.235521235521233,8.494208494208493,12.741312741312742,78.76447876447877,6.563706563706563,72.2007722007722
E00071067,258,62,32,30,196,22,174,24.031007751937985,12.4031007751938,11.627906976744185,75.96899224806202,8.527131782945736,67.44186046511628
E00071068,156,63,39,24,93,10,83,40.38461538461539,25,15.384615384615385,59.61538461538461,6.41025641025641,53.205128205128204
E00071069,280,68,27,41,212,21,191,24.285714285714285,9.642857142857144,14.642857142857144,75.71428571428571,7.5,68.21428571428572
E00071070,220,54,24,30,166,18,148,24.545454545454547,10.909090909090908,13.636363636363635,75.45454545454545,8.181818181818182,67.27272727272727
E00071072,285,72,38,34,213,22,191,25.263157894736842,13.333333333333334,11.929824561403509,74.73684210526315,7.719298245614035,67.01754385964912
E00071073,238,35,20,15,203,13,190,14.705882352941178,8.403361344537815,6.302521008403361,85.29411764705883,5.46218487394958,79.83193277310924
E00071074,329,54,20,34,275,14,261,16.41337386018237,6.079027355623101,10.33434650455927,83.58662613981764,4.25531914893617,79.33130699088146
E00071075,394,63,29,34,331,33,298,15.989847715736042,7.3604060913705585,8.629441624365482,84.01015228426397,8.375634517766498,75.63451776649747
E00071076,276,52,25,27,224,19,205,18.84057971014493,9.057971014492754,9.782608695652174,81.15942028985508,6.884057971014493,74.27536231884058
E00071077,311,48,16,32,263,17,246,15.434083601286176,5.144694533762058,10.289389067524116,84.56591639871382,5.466237942122187,79.09967845659163
E00071078,285,53,17,36,232,16,216,18.596491228070175,5.964912280701754,12.631578947368421,81.40350877192982,5.614035087719298,75.78947368421053
E00071079,231,34,15,19,197,14,183,14.71861471861472,6.493506493506493,8.225108225108226,85.28138528138528,6.0606060606060606,79.22077922077922
E00071080,270,44,15,29,226,6,220,16.296296296296298,5.555555555555555,10.74074074074074,83.7037037037037,2.2222222222222223,81.48148148148148
E00071081,266,48,24,24,218,16,202,18.045112781954884,9.022556390977442,9.022556390977442,81.95488721804512,6.015037593984962,75.93984962406014
E00071082,304,56,15,41,248,12,236,18.421052631578945,4.934210526315789,13.486842105263158,81.57894736842105,3.9473684210526314,77.63157894736842
E00071083,370,77,35,42,293,31,262,20.81081081081081,9.45945945945946,11.351351351351353,79.1891891891892,8.378378378378379,70.8108108108108
E00071084,322,89,58,31,233,23,210,27.639751552795033,18.012422360248447,9.627329192546584,72.36024844720497,7.142857142857142,65.21739130434783
E00071085,314,39,20,19,275,23,252,12.420382165605096,6.369426751592357,6.050955414012739,87.57961783439491,7.32484076433121,80.2547770700637
E00071086,265,34,14,20,231,21,210,12.830188679245284,5.283018867924529,7.547169811320755,87.16981132075472,7.9245283018867925,79.24528301886792
E00071087,271,36,10,26,235,14,221,13.284132841328415,3.6900369003690034,9.59409594095941,86.71586715867159,5.166051660516605,81.54981549815497
E00071088,395,76,28,48,319,37,282,19.240506329113924,7.088607594936709,12.151898734177214,80.75949367088607,9.367088607594937,71.39240506329114
E00071089,505,58,19,39,447,48,399,11.485148514851486,3.762376237623762,7.7227722772277225,88.51485148514851,9.504950495049505,79.00990099009901
E00071090,274,47,18,29,227,18,209,17.153284671532848,6.569343065693431,10.583941605839415,82.84671532846716,6.569343065693431,76.27737226277372
E00071091,455,71,31,40,384,37,347,15.604395604395604,6.813186813186813,8.791208791208792,84.3956043956044,8.131868131868131,76.26373626373626
E00071092,406,43,17,26,363,29,334,10.591133004926109,4.1871921182266005,6.403940886699508,89.4088669950739,7.142857142857142,82.26600985221675
E00071093,119,49,24,25,70,9,61,41.17647058823529,20.168067226890756,21.008403361344538,58.82352941176471,7.563025210084033,51.26050420168067
E00071094,255,29,6,23,226,23,203,11.372549019607844,2.3529411764705883,9.019607843137255,88.62745098039215,9.019607843137255,79.6078431372549
E00071095,315,86,45,41,229,16,213,27.3015873015873,14.285714285714285,13.015873015873018,72.6984126984127,5.079365079365079,67.61904761904762
E00071096,342,66,26,40,276,19,257,19.298245614035086,7.602339181286549,11.695906432748536,80.7017543859649,5.555555555555555,75.14619883040936
E00071097,560,87,33,54,473,44,429,15.535714285714286,5.892857142857142,9.642857142857144,84.46428571428571,7.857142857142857,76.60714285714286
E00071098,302,86,42,44,216,27,189,28.47682119205298,13.90728476821192,14.56953642384106,71.52317880794702,8.940397350993377,62.58278145695364
E00071099,438,86,26,60,352,38,314,19.63470319634703,5.93607305936073,13.698630136986301,80.36529680365297,8.67579908675799,71.68949771689498
E00071100,336,71,37,34,265,20,245,21.13095238095238,11.011904761904761,10.119047619047619,78.86904761904762,5.952380952380952,72.91666666666666
E00071101,413,79,24,55,334,37,297,19.128329297820823,5.811138014527845,13.317191283292978,80.87167070217917,8.958837772397095,71.91283292978208
E00071102,449,75,30,45,374,31,343,16.70378619153675,6.6815144766147,10.022271714922049,83.29621380846325,6.904231625835189,76.39198218262806
E00071103,490,94,36,58,396,44,352,19.183673469387756,7.346938775510205,11.83673469387755,80.81632653061224,8.979591836734693,71.83673469387755
E00071104,295,63,24,39,232,27,205,21.35593220338983,8.135593220338983,13.220338983050848,78.64406779661017,9.152542372881356,69.49152542372882
E00071105,223,39,15,24,184,23,161,17.48878923766816,6.726457399103139,10.762331838565023,82.51121076233184,10.31390134529148,72.19730941704036
E00071106,424,71,28,43,353,16,337,16.745283018867923,6.60377358490566,10.141509433962264,83.25471698113208,3.7735849056603774,79.48113207547169
E00071107,322,51,18,33,271,28,243,15.838509316770185,5.590062111801243,10.248447204968944,84.16149068322981,8.695652173913043,75.46583850931677
E00071108,310,43,15,28,267,22,245,13.870967741935484,4.838709677419355,9.032258064516128,86.12903225806451,7.096774193548387,79.03225806451613
E00071109,256,54,22,32,202,15,187,21.09375,8.59375,12.5,78.90625,5.859375,73.046875
E00071110,326,43,19,24,283,31,252,13.190184049079754,5.828220858895705,7.361963190184049,86.80981595092024,9.509202453987731,77.30061349693251
E00071111,256,47,21,26,209,29,180,18.359375,8.203125,10.15625,81.640625,11.328125,70.3125
E00071112,380,52,22,30,328,33,295,13.684210526315791,5.7894736842105265,7.894736842105263,86.31578947368422,8.68421052631579,77.63157894736842
E00071113,291,61,32,29,230,21,209,20.962199312714777,10.996563573883162,9.965635738831615,79.03780068728523,7.216494845360824,71.8213058419244
E00071114,273,56,27,29,217,18,199,20.51282051282051,9.89010989010989,10.622710622710622,79.48717948717949,6.593406593406594,72.89377289377289
E00071115,196,60,27,33,136,18,118,30.612244897959183,13.77551020408163,16.83673469387755,69.38775510204081,9.183673469387756,60.204081632653065
E00071116,437,75,26,49,362,36,326,17.162471395881006,5.949656750572083,11.212814645308924,82.83752860411899,8.237986270022883,74.59954233409611
E00071117,308,58,25,33,250,21,229,18.83116883116883,8.116883116883116,10.714285714285714,81.16883116883116,6.8181818181818175,74.35064935064936
E00071118,258,49,21,28,209,20,189,18.992248062015506,8.13953488372093,10.852713178294573,81.0077519379845,7.751937984496124,73.25581395348837
E00071119,234,48,22,26,186,12,174,20.51282051282051,9.401709401709402,11.11111111111111,79.48717948717949,5.128205128205128,74.35897435897436
E00071120,533,115,45,70,418,44,374,21.575984990619137,8.442776735459661,13.133208255159476,78.42401500938087,8.25515947467167,70.1688555347092
E00071121,199,28,11,17,171,19,152,14.07035175879397,5.527638190954774,8.542713567839195,85.92964824120602,9.547738693467336,76.38190954773869
E00071122,175,37,22,15,138,17,121,21.142857142857142,12.571428571428573,8.571428571428571,78.85714285714286,9.714285714285714,69.14285714285714
E00071123,243,39,11,28,204,16,188,16.049382716049383,4.526748971193416,11.522633744855968,83.9506172839506,6.584362139917696,77.36625514403292
E00071124,185,26,9,17,159,15,144,14.054054054054054,4.864864864864865,9.18918918918919,85.94594594594595,8.108108108108109,77.83783783783784
E00071125,317,43,17,26,274,29,245,13.564668769716087,5.3627760252365935,8.201892744479496,86.43533123028391,9.14826498422713,77.28706624605678
E00071126,230,68,25,43,162,18,144,29.565217391304348,10.869565217391305,18.695652173913043,70.43478260869566,7.82608695652174,62.60869565217392
E00071127,215,28,12,16,187,26,161,13.023255813953488,5.5813953488372094,7.441860465116279,86.9767441860465,12.093023255813954,74.88372093023256
E00071128,247,39,22,17,208,22,186,15.789473684210526,8.906882591093117,6.882591093117409,84.21052631578947,8.906882591093117,75.30364372469636
E00071129,207,44,21,23,163,16,147,21.256038647342994,10.144927536231885,11.11111111111111,78.74396135265701,7.729468599033816,71.01449275362319
E00071130,252,58,23,35,194,18,176,23.015873015873016,9.126984126984127,13.88888888888889,76.98412698412699,7.142857142857142,69.84126984126983
E00071131,219,26,8,18,193,11,182,11.87214611872146,3.65296803652968,8.21917808219178,88.12785388127854,5.0228310502283104,83.10502283105022
E00071132,228,42,15,27,186,13,173,18.421052631578945,6.578947368421052,11.842105263157894,81.57894736842105,5.701754385964912,75.87719298245614
E00071133,264,43,16,27,221,25,196,16.28787878787879,6.0606060606060606,10.227272727272728,83.71212121212122,9.469696969696969,74.24242424242425
E00071134,386,59,18,41,327,27,300,15.284974093264248,4.66321243523316,10.621761658031089,84.71502590673575,6.994818652849741,77.720207253886
E00071135,347,37,10,27,310,29,281,10.662824207492795,2.881844380403458,7.780979827089338,89.33717579250721,8.357348703170029,80.97982708933718
E00071136,295,33,11,22,262,25,237,11.186440677966102,3.728813559322034,7.457627118644068,88.8135593220339,8.47457627118644,80.33898305084746
E00071137,298,47,19,28,251,25,226,15.771812080536913,6.375838926174497,9.395973154362416,84.22818791946308,8.389261744966444,75.83892617449665
E00071138,300,46,13,33,254,24,230,15.333333333333332,4.333333333333334,11,84.66666666666667,8,76.66666666666667
E00071139,303,50,20,30,253,16,237,16.5016501650165,6.6006600660066,9.900990099009901,83.4983498349835,5.2805280528052805,78.21782178217822
E00071140,272,42,10,32,230,22,208,15.441176470588236,3.6764705882352944,11.76470588235294,84.55882352941177,8.088235294117647,76.47058823529412
E00071141,323,87,41,46,236,20,216,26.93498452012384,12.693498452012383,14.241486068111456,73.06501547987617,6.191950464396285,66.87306501547987
E00071142,311,66,31,35,245,12,233,21.221864951768488,9.967845659163988,11.254019292604502,78.77813504823152,3.858520900321544,74.91961414790997
E00071143,278,42,14,28,236,21,215,15.107913669064748,5.0359712230215825,10.071942446043165,84.89208633093526,7.553956834532374,77.33812949640287
E00071144,224,29,1,28,195,12,183,12.946428571428573,0.4464285714285714,12.5,87.05357142857143,5.357142857142857,81.69642857142857
E00071145,242,46,25,21,196,16,180,19.00826446280992,10.330578512396695,8.677685950413224,80.99173553719008,6.6115702479338845,74.3801652892562
E00071146,228,53,26,27,175,19,156,23.24561403508772,11.403508771929824,11.842105263157894,76.75438596491229,8.333333333333332,68.42105263157895
E00071147,228,34,18,16,194,11,183,14.912280701754385,7.894736842105263,7.017543859649122,85.08771929824562,4.824561403508771,80.26315789473685
E00071148,222,49,25,24,173,17,156,22.07207207207207,11.26126126126126,10.81081081081081,77.92792792792793,7.657657657657657,70.27027027027027
E00071149,122,31,17,14,91,10,81,25.40983606557377,13.934426229508196,11.475409836065573,74.59016393442623,8.19672131147541,66.39344262295081
E00071150,150,38,18,20,112,10,102,25.333333333333336,12,13.333333333333334,74.66666666666667,6.666666666666667,68
E00071151,221,29,5,24,192,19,173,13.122171945701359,2.262443438914027,10.85972850678733,86.87782805429865,8.597285067873303,78.28054298642535
E00071152,146,28,12,16,118,13,105,19.17808219178082,8.21917808219178,10.95890410958904,80.82191780821918,8.904109589041095,71.91780821917808
E00071153,273,34,7,27,239,19,220,12.454212454212454,2.564102564102564,9.89010989010989,87.54578754578755,6.95970695970696,80.58608058608058
E00071154,203,73,24,49,130,13,117,35.960591133004925,11.822660098522167,24.137931034482758,64.03940886699507,6.403940886699508,57.635467980295566
E00071155,298,45,15,30,253,22,231,15.100671140939598,5.033557046979865,10.06711409395973,84.8993288590604,7.38255033557047,77.51677852348993
E00071156,246,47,12,35,199,25,174,19.10569105691057,4.878048780487805,14.227642276422763,80.89430894308943,10.16260162601626,70.73170731707317
E00071157,301,52,22,30,249,19,230,17.275747508305646,7.308970099667775,9.966777408637874,82.72425249169434,6.312292358803987,76.41196013289037
E00071158,278,36,14,22,242,24,218,12.949640287769784,5.0359712230215825,7.913669064748201,87.05035971223022,8.633093525179856,78.41726618705036
E00071159,289,34,13,21,255,26,229,11.76470588235294,4.498269896193772,7.26643598615917,88.23529411764706,8.996539792387544,79.23875432525952
E00071160,278,45,17,28,233,29,204,16.18705035971223,6.115107913669065,10.071942446043165,83.81294964028777,10.431654676258994,73.38129496402878
E00071161,297,47,13,34,250,18,232,15.824915824915825,4.377104377104377,11.447811447811448,84.17508417508418,6.0606060606060606,78.11447811447812
E00071162,316,49,11,38,267,29,238,15.50632911392405,3.481012658227848,12.025316455696203,84.49367088607595,9.177215189873419,75.31645569620254
E00071163,337,63,25,38,274,14,260,18.694362017804153,7.418397626112759,11.275964391691394,81.30563798219585,4.154302670623145,77.1513353115727
E00071164,342,46,22,24,296,21,275,13.450292397660817,6.432748538011696,7.017543859649122,86.54970760233918,6.140350877192982,80.4093567251462
E00071165,275,49,22,27,226,12,214,17.81818181818182,8,9.818181818181818,82.18181818181817,4.363636363636364,77.81818181818181
E00071166,323,58,14,44,265,28,237,17.956656346749224,4.3343653250774,13.622291021671826,82.04334365325077,8.6687306501548,73.37461300309597
E00071167,284,57,18,39,227,15,212,20.070422535211268,6.338028169014084,13.732394366197184,79.92957746478874,5.28169014084507,74.64788732394366
E00071168,295,47,18,29,248,24,224,15.932203389830507,6.101694915254238,9.830508474576272,84.06779661016948,8.135593220338983,75.9322033898305
E00071169,234,40,10,30,194,10,184,17.094017094017094,4.273504273504273,12.82051282051282,82.90598290598291,4.273504273504273,78.63247863247864
E00071170,307,64,28,36,243,27,216,20.846905537459286,9.120521172638437,11.726384364820847,79.15309446254072,8.794788273615636,70.35830618892508
E00071171,264,54,20,34,210,32,178,20.454545454545457,7.575757575757576,12.878787878787879,79.54545454545455,12.121212121212121,67.42424242424242
E00071172,244,41,13,28,203,21,182,16.80327868852459,5.327868852459016,11.475409836065573,83.19672131147541,8.60655737704918,74.59016393442623
E00071173,394,63,27,36,331,37,294,15.989847715736042,6.852791878172589,9.137055837563452,84.01015228426397,9.390862944162437,74.61928934010153
E00071174,240,50,21,29,190,18,172,20.833333333333336,8.75,12.083333333333334,79.16666666666666,7.5,71.66666666666667
E00071175,337,75,39,36,262,21,241,22.255192878338278,11.572700296735905,10.682492581602373,77.74480712166172,6.231454005934718,71.51335311572701
E00071176,326,68,25,43,258,29,229,20.858895705521473,7.668711656441718,13.190184049079754,79.14110429447852,8.895705521472392,70.24539877300614
E00071177,256,36,17,19,220,16,204,14.0625,6.640625,7.421875,85.9375,6.25,79.6875
E00071178,275,45,17,28,230,17,213,16.363636363636363,6.181818181818182,10.181818181818182,83.63636363636363,6.181818181818182,77.45454545454545
E00071179,320,53,20,33,267,20,247,16.5625,6.25,10.3125,83.4375,6.25,77.1875
E00071180,306,57,26,31,249,27,222,18.627450980392158,8.49673202614379,10.130718954248366,81.37254901960785,8.823529411764707,72.54901960784314
E00071181,316,52,19,33,264,27,237,16.455696202531644,6.012658227848101,10.443037974683545,83.54430379746836,8.544303797468354,75
E00071182,267,41,19,22,226,20,206,15.355805243445692,7.116104868913857,8.239700374531834,84.6441947565543,7.490636704119851,77.15355805243446
E00071183,288,48,22,26,240,18,222,16.666666666666664,7.638888888888889,9.027777777777777,83.33333333333334,6.25,77.08333333333334
E00071184,336,66,28,38,270,23,247,19.642857142857142,8.333333333333332,11.30952380952381,80.35714285714286,6.845238095238096,73.51190476190477
E00071185,403,63,23,40,340,35,305,15.632754342431761,5.707196029776675,9.925558312655088,84.36724565756823,8.6848635235732,75.68238213399503
E00071186,162,22,7,15,140,10,130,13.580246913580247,4.320987654320987,9.25925925925926,86.41975308641975,6.172839506172839,80.24691358024691
E00071187,116,18,4,14,98,15,83,15.517241379310345,3.4482758620689653,12.068965517241379,84.48275862068965,12.931034482758621,71.55172413793103
E00071188,197,38,16,22,159,12,147,19.289340101522843,8.121827411167512,11.16751269035533,80.71065989847716,6.091370558375635,74.61928934010153
E00071189,271,40,16,24,231,17,214,14.760147601476014,5.904059040590406,8.856088560885608,85.23985239852398,6.273062730627306,78.96678966789668
E00071190,142,19,3,16,123,5,118,13.380281690140844,2.112676056338028,11.267605633802818,86.61971830985915,3.5211267605633805,83.09859154929578
E00071191,388,73,29,44,315,22,293,18.814432989690722,7.474226804123711,11.34020618556701,81.18556701030928,5.670103092783505,75.51546391752578
E00071192,182,33,11,22,149,16,133,18.13186813186813,6.043956043956044,12.087912087912088,81.86813186813187,8.791208791208792,73.07692307692307
E00071193,345,74,21,53,271,32,239,21.44927536231884,6.086956521739131,15.36231884057971,78.55072463768116,9.27536231884058,69.27536231884058
E00071194,260,46,16,30,214,21,193,17.692307692307693,6.153846153846154,11.538461538461538,82.3076923076923,8.076923076923077,74.23076923076923
E00071195,302,65,30,35,237,18,219,21.52317880794702,9.933774834437086,11.589403973509933,78.47682119205298,5.960264900662252,72.51655629139073
E00071196,249,33,12,21,216,21,195,13.253012048192772,4.819277108433735,8.433734939759036,86.74698795180723,8.433734939759036,78.3132530120482
E00071197,175,41,19,22,134,19,115,23.42857142857143,10.857142857142858,12.571428571428573,76.57142857142857,10.857142857142858,65.71428571428571
E00071198,117,17,8,9,100,8,92,14.529914529914532,6.837606837606838,7.6923076923076925,85.47008547008546,6.837606837606838,78.63247863247864
E00071199,152,36,13,23,116,13,103,23.684210526315788,8.552631578947368,15.131578947368421,76.31578947368422,8.552631578947368,67.76315789473685
E00071201,345,89,44,45,256,18,238,25.79710144927536,12.753623188405797,13.043478260869565,74.20289855072464,5.217391304347826,68.98550724637681
E00071202,402,56,21,35,346,21,325,13.930348258706468,5.223880597014925,8.706467661691542,86.06965174129353,5.223880597014925,80.84577114427861
E00071203,282,44,22,22,238,26,212,15.602836879432624,7.801418439716312,7.801418439716312,84.39716312056737,9.219858156028367,75.177304964539
E00071204,470,77,33,44,393,24,369,16.382978723404253,7.021276595744681,9.361702127659575,83.61702127659575,5.106382978723404,78.51063829787233
E00071205,204,73,41,32,131,13,118,35.78431372549019,20.098039215686274,15.686274509803921,64.2156862745098,6.372549019607843,57.84313725490197
E00071206,122,23,10,13,99,12,87,18.852459016393443,8.19672131147541,10.655737704918032,81.14754098360656,9.836065573770492,71.31147540983606
E00071207,360,70,38,32,290,17,273,19.444444444444446,10.555555555555555,8.88888888888889,80.55555555555556,4.722222222222222,75.83333333333333
E00071209,195,45,16,29,150,16,134,23.076923076923077,8.205128205128204,14.871794871794872,76.92307692307693,8.205128205128204,68.71794871794872
E00071210,122,17,5,12,105,14,91,13.934426229508196,4.098360655737705,9.836065573770492,86.0655737704918,11.475409836065573,74.59016393442623
E00071211,187,23,4,19,164,17,147,12.299465240641712,2.13903743315508,10.16042780748663,87.70053475935828,9.090909090909092,78.6096256684492
E00071212,453,63,16,47,390,35,355,13.90728476821192,3.532008830022075,10.375275938189846,86.09271523178808,7.72626931567329,78.36644591611478
E00071213,280,44,21,23,236,27,209,15.714285714285714,7.5,8.214285714285714,84.28571428571429,9.642857142857144,74.64285714285714
E00071214,260,33,12,21,227,28,199,12.692307692307692,4.615384615384616,8.076923076923077,87.3076923076923,10.76923076923077,76.53846153846153
E00071215,135,30,13,17,105,14,91,22.22222222222222,9.62962962962963,12.592592592592592,77.77777777777779,10.37037037037037,67.4074074074074
E00071216,420,46,18,28,374,46,328,10.952380952380953,4.285714285714286,6.666666666666667,89.04761904761904,10.952380952380953,78.0952380952381
E00071217,332,60,25,35,272,27,245,18.072289156626507,7.530120481927711,10.542168674698797,81.92771084337349,8.132530120481928,73.79518072289156
E00071218,286,54,19,35,232,40,192,18.88111888111888,6.643356643356643,12.237762237762238,81.11888111888112,13.986013986013987,67.13286713286713
E00071219,112,30,10,20,82,5,77,26.785714285714285,8.928571428571429,17.857142857142858,73.21428571428571,4.464285714285714,68.75
E00168505,344,47,24,23,297,28,269,13.662790697674417,6.976744186046512,6.686046511627906,86.33720930232558,8.13953488372093,78.19767441860465
E00168506,373,69,20,49,304,33,271,18.498659517426276,5.361930294906166,13.136729222520108,81.50134048257372,8.847184986595174,72.65415549597856
E00168508,282,50,26,24,232,24,208,17.73049645390071,9.219858156028367,8.51063829787234,82.26950354609929,8.51063829787234,73.75886524822694
E00168510,325,44,17,27,281,28,253,13.538461538461538,5.230769230769231,8.307692307692308,86.46153846153845,8.615384615384615,77.84615384615384
E00168511,278,52,14,38,226,26,200,18.705035971223023,5.0359712230215825,13.66906474820144,81.29496402877699,9.352517985611511,71.94244604316546
E00168513,296,59,26,33,237,19,218,19.93243243243243,8.783783783783784,11.14864864864865,80.06756756756756,6.418918918918918,73.64864864864865
E00168514,463,82,21,61,381,53,328,17.71058315334773,4.535637149028078,13.174946004319654,82.28941684665226,11.447084233261338,70.84233261339092
E00168516,314,61,28,33,253,22,231,19.426751592356688,8.9171974522293,10.509554140127388,80.57324840764332,7.006369426751593,73.56687898089172
E00168517,194,33,13,20,161,29,132,17.010309278350515,6.701030927835052,10.309278350515463,82.9896907216495,14.948453608247423,68.04123711340206
E00168519,163,45,20,25,118,17,101,27.607361963190186,12.269938650306749,15.337423312883436,72.39263803680981,10.429447852760736,61.963190184049076
E00168520,176,51,23,28,125,13,112,28.97727272727273,13.068181818181818,15.909090909090908,71.02272727272727,7.386363636363637,63.63636363636363
E00168522,286,35,12,23,251,27,224,12.237762237762238,4.195804195804196,8.041958041958042,87.76223776223776,9.44055944055944,78.32167832167832
E00168524,271,28,7,21,243,20,223,10.33210332103321,2.5830258302583027,7.7490774907749085,89.66789667896678,7.380073800738007,82.28782287822878
E00168525,298,46,20,26,252,22,230,15.436241610738255,6.7114093959731544,8.724832214765101,84.56375838926175,7.38255033557047,77.18120805369128
E00168527,294,45,21,24,249,23,226,15.306122448979592,7.142857142857142,8.16326530612245,84.6938775510204,7.8231292517006805,76.87074829931973
E00168528,188,38,20,18,150,11,139,20.212765957446805,10.638297872340425,9.574468085106384,79.7872340425532,5.851063829787234,73.93617021276596
E00168530,325,49,18,31,276,37,239,15.076923076923077,5.538461538461538,9.538461538461538,84.92307692307692,11.384615384615385,73.53846153846155
E00168531,277,39,12,27,238,20,218,14.079422382671481,4.332129963898916,9.747292418772563,85.92057761732852,7.2202166064981945,78.70036101083032
E00168533,310,44,14,30,266,18,248,14.193548387096774,4.516129032258064,9.67741935483871,85.80645161290322,5.806451612903226,80
E00168534,310,13,2,11,297,16,281,4.193548387096775,0.6451612903225806,3.5483870967741935,95.80645161290322,5.161290322580645,90.64516129032259
E00168536,518,103,49,54,415,30,385,19.884169884169882,9.45945945945946,10.424710424710424,80.11583011583011,5.7915057915057915,74.32432432432432
E00168538,270,35,15,20,235,21,214,12.962962962962962,5.555555555555555,7.4074074074074066,87.03703703703704,7.777777777777778,79.25925925925927
E00187154,370,127,57,70,243,29,214,34.32432432432432,15.405405405405407,18.91891891891892,65.67567567567568,7.837837837837839,57.83783783783784
E00187155,248,43,12,31,205,15,190,17.338709677419356,4.838709677419355,12.5,82.66129032258065,6.048387096774194,76.61290322580645
E00187156,439,72,26,46,367,35,332,16.40091116173121,5.922551252847381,10.478359908883828,83.5990888382688,7.972665148063782,75.62642369020502
E00187157,319,51,12,39,268,28,240,15.987460815047022,3.761755485893417,12.225705329153605,84.01253918495298,8.77742946708464,75.23510971786834
E00187184,441,111,81,30,330,21,309,25.170068027210885,18.367346938775512,6.802721088435375,74.82993197278913,4.761904761904762,70.06802721088435
E00187187,389,49,14,35,340,29,311,12.596401028277635,3.5989717223650386,8.997429305912597,87.40359897172236,7.455012853470437,79.94858611825192
E00187201,117,22,9,13,95,6,89,18.803418803418804,7.6923076923076925,11.11111111111111,81.19658119658119,5.128205128205128,76.06837606837607
E00187224,240,38,18,20,202,10,192,15.833333333333332,7.5,8.333333333333332,84.16666666666667,4.166666666666666,80
E00187227,490,93,28,65,397,49,348,18.979591836734695,5.714285714285714,13.26530612244898,81.0204081632653,10,71.0204081632653
E00187232,396,46,12,34,350,25,325,11.616161616161616,3.0303030303030303,8.585858585858585,88.38383838383838,6.313131313131313,82.07070707070707
E00187238,621,115,68,47,506,46,460,18.51851851851852,10.950080515297907,7.568438003220612,81.48148148148148,7.4074074074074066,74.07407407407408
E00187241,190,70,38,32,120,14,106,36.84210526315789,20,16.842105263157894,63.1578947368421,7.368421052631578,55.78947368421052
E00187245,187,23,8,15,164,8,156,12.299465240641712,4.27807486631016,8.0213903743315509,87.70053475935828,4.27807486631016,83.42245989304813
E00187284,316,31,15,16,285,16,269,9.81012658227848,4.746835443037975,5.063291139240507,90.18987341772153,5.063291139240507,85.12658227848101
E00187285,229,22,10,12,207,12,195,9.606986899563319,4.366812227074235,5.240174672489083,90.39301310043668,5.240174672489083,85.1528384279476
E00187291,122,16,8,8,106,8,98,13.114754098360656,6.557377049180328,6.557377049180328,86.88524590163934,6.557377049180328,80.32786885245902
E00187292,342,63,30,33,279,23,256,18.421052631578945,8.771929824561402,9.649122807017543,81.57894736842105,6.725146198830409,74.85380116959064
E00187294,221,48,15,33,173,7,166,21.71945701357466,6.787330316742081,14.93212669683258,78.28054298642535,3.167420814479638,75.1131221719457
E00187298,302,53,24,29,249,20,229,17.549668874172188,7.9470198675496695,9.602649006622517,82.45033112582782,6.622516556291391,75.82781456953643
E00187303,216,39,15,24,177,11,166,18.055555555555554,6.944444444444445,11.11111111111111,81.94444444444444,5.092592592592593,76.85185185185185
E00187314,382,66,32,34,316,34,282,17.277486910994764,8.37696335078534,8.900523560209423,82.72251308900523,8.900523560209423,73.82198952879581
E00187315,244,45,15,30,199,20,179,18.442622950819672,6.147540983606557,12.295081967213115,81.55737704918032,8.19672131147541,73.36065573770492
