OA,ts0380001,ts0380002,ts0380003,ts0380004,ts0380005,ts0380006,ts0380007,ts0380002_PCT,ts0380003_PCT,ts0380004_PCT,ts0380005_PCT,ts0380006_PCT,ts0380007_PCT
E00083053,477,72,28,44,405,18,387,15.09433962264151,5.870020964360587,9.224318658280922,84.90566037735849,3.7735849056603774,81.13207547169812
E00083054,466,37,19,18,429,17,412,7.939914163090128,4.07725321888412,3.862660944206009,92.06008583690986,3.648068669527897,88.41201716738198
E00083056,467,74,33,41,393,13,380,15.845824411134904,7.066381156316917,8.779443254817988,84.1541755888651,2.7837259100642395,81.37044967880087
E00083057,412,44,13,31,368,22,346,10.679611650485436,3.1553398058252426,7.524271844660194,89.32038834951457,5.339805825242718,83.98058252427184
E00083058,536,55,28,27,481,27,454,10.261194029850747,5.223880597014925,5.037313432835821,89.73880597014924,5.037313432835821,84.70149253731343
E00083059,439,57,25,32,382,11,371,12.984054669703873,5.694760820045558,7.289293849658314,87.01594533029613,2.5056947608200453,84.51025056947609
E00083060,450,56,26,30,394,42,352,12.444444444444445,5.777777777777778,6.666666666666667,87.55555555555556,9.333333333333334,78.22222222222223
E00083061,439,54,25,29,385,13,372,12.300683371298406,5.694760820045558,6.605922551252847,87.6993166287016,2.9612756264236904,84.73804100227791
E00083062,541,55,20,35,486,16,470,10.166358595194085,3.6968576709796674,6.469500924214418,89.83364140480592,2.957486136783734,86.87615526802219
E00083063,428,38,20,18,390,12,378,8.878504672897195,4.672897196261682,4.205607476635514,91.1214953271028,2.803738317757009,88.3177570093458
E00083065,425,55,27,28,370,17,353,12.941176470588237,6.352941176470588,6.588235294117648,87.05882352941177,4,83.05882352941177
E00083066,494,58,25,33,436,16,420,11.740890688259109,5.060728744939271,6.680161943319838,88.25910931174089,3.2388663967611335,85.02024291497976
E00083067,443,61,29,32,382,13,369,13.769751693002258,6.5462753950338595,7.223476297968396,86.23024830699775,2.9345372460496613,83.29571106094808
E00083068,517,58,25,33,459,17,442,11.218568665377177,4.835589941972921,6.382978723404255,88.78143133462282,3.2882011605415857,85.49323017408123
E00083069,467,44,17,27,423,13,410,9.421841541755889,3.640256959314775,5.781584582441114,90.5781584582441,2.7837259100642395,87.79443254817987
E00083070,488,68,31,37,420,26,394,13.934426229508196,6.352459016393443,7.581967213114754,86.0655737704918,5.327868852459016,80.73770491803278
E00083071,359,70,25,45,289,6,283,19.498607242339833,6.963788300835655,12.534818941504177,80.50139275766016,1.6713091922005572,78.8300835654596
E00083073,389,50,25,25,339,5,334,12.853470437017995,6.426735218508997,6.426735218508997,87.146529562982,1.2853470437017995,85.8611825192802
E00083074,404,61,27,34,343,16,327,15.099009900990099,6.683168316831684,8.415841584158416,84.9009900990099,3.9603960396039604,80.94059405940595
E00083075,514,53,23,30,461,11,450,10.311284046692606,4.474708171206226,5.836575875486381,89.6887159533074,2.140077821011673,87.54863813229572
E00083076,436,47,21,26,389,13,376,10.77981651376147,4.81651376146789,5.963302752293578,89.22018348623854,2.981651376146789,86.23853211009175
E00083077,419,63,22,41,356,15,341,15.035799522673033,5.250596658711217,9.785202863961814,84.96420047732697,3.579952267303103,81.38424821002387
E00083078,469,60,31,29,409,12,397,12.79317697228145,6.609808102345416,6.183368869936034,87.20682302771856,2.55863539445629,84.64818763326227
E00083079,389,53,19,34,336,15,321,13.624678663239074,4.884318766066838,8.740359897172237,86.37532133676092,3.8560411311053984,82.51928020565553
E00083080,326,51,24,27,275,21,254,15.644171779141105,7.361963190184049,8.282208588957054,84.3558282208589,6.441717791411043,77.91411042944786
E00083082,358,29,20,9,329,12,317,8.100558659217876,5.58659217877095,2.5139664804469275,91.89944134078212,3.35195530726257,88.54748603351955
E00083083,268,56,25,31,212,8,204,20.8955223880597,9.328358208955224,11.567164179104477,79.1044776119403,2.9850746268656714,76.11940298507463
E00083084,326,47,20,27,279,11,268,14.417177914110429,6.134969325153374,8.282208588957054,85.58282208588957,3.374233128834356,82.20858895705521
E00083085,383,58,20,38,325,23,302,15.143603133159269,5.221932114882506,9.921671018276761,84.85639686684074,6.005221932114883,78.85117493472585
E00083086,413,49,19,30,364,20,344,11.864406779661017,4.600484261501211,7.263922518159806,88.13559322033898,4.8426150121065374,83.29297820823246
E00083087,308,32,12,20,276,9,267,10.38961038961039,3.896103896103896,6.493506493506493,89.6103896103896,2.922077922077922,86.68831168831169
E00083088,354,34,15,19,320,7,313,9.6045197740113,4.23728813559322,5.367231638418079,90.3954802259887,1.977401129943503,88.4180790960452
E00083089,354,52,27,25,302,11,291,14.689265536723164,7.627118644067797,7.062146892655368,85.31073446327684,3.1073446327683616,82.20338983050848
E00083090,409,67,31,36,342,21,321,16.381418092909534,7.579462102689487,8.80195599022005,83.61858190709046,5.134474327628362,78.4841075794621
E00083091,470,57,27,30,413,19,394,12.127659574468085,5.74468085106383,6.382978723404255,87.87234042553192,4.042553191489362,83.82978723404256
E00083092,396,37,15,22,359,13,346,9.343434343434344,3.787878787878788,5.555555555555555,90.65656565656566,3.2828282828282833,87.37373737373737
E00083093,305,50,20,30,255,11,244,16.39344262295082,6.557377049180328,9.836065573770492,83.60655737704919,3.606557377049181,80
E00083094,401,31,19,12,370,12,358,7.73067331670823,4.738154613466334,2.9925187032418954,92.26932668329178,2.9925187032418954,89.27680798004988
E00083095,337,71,36,35,266,17,249,21.068249258160236,10.682492581602373,10.385756676557865,78.93175074183976,5.044510385756676,73.88724035608308
E00083096,353,47,23,24,306,18,288,13.314447592067987,6.515580736543909,6.79886685552408,86.68555240793201,5.099150141643059,81.58640226628894
E00083097,300,60,29,31,240,15,225,20,9.666666666666666,10.333333333333334,80,5,75
E00083098,310,43,17,26,267,15,252,13.870967741935484,5.483870967741936,8.38709677419355,86.12903225806451,4.838709677419355,81.29032258064515
E00083099,404,53,16,37,351,8,343,13.118811881188119,3.9603960396039604,9.158415841584159,86.88118811881188,1.9801980198019802,84.9009900990099
E00083100,314,34,13,21,280,14,266,10.828025477707007,4.140127388535031,6.687898089171974,89.171974522293,4.45859872611465,84.71337579617835
E00083101,364,57,26,31,307,11,296,15.659340659340659,7.142857142857142,8.516483516483516,84.34065934065934,3.021978021978022,81.31868131868131
E00083102,277,43,22,21,234,19,215,15.523465703971121,7.9422382671480145,7.581227436823104,84.47653429602889,6.859205776173286,77.6173285198556
E00083103,384,63,29,34,321,15,306,16.40625,7.552083333333333,8.854166666666668,83.59375,3.90625,79.6875
E00083104,330,38,18,20,292,21,271,11.515151515151516,5.454545454545454,6.0606060606060606,88.48484848484848,6.363636363636363,82.12121212121211
E00083105,359,50,25,25,309,20,289,13.92757660167131,6.963788300835655,6.963788300835655,86.0724233983287,5.571030640668524,80.50139275766016
E00083106,359,49,25,24,310,18,292,13.649025069637883,6.963788300835655,6.685236768802229,86.35097493036211,5.013927576601671,81.33704735376045
E00083108,557,48,16,32,509,20,489,8.617594254937163,2.872531418312388,5.745062836624776,91.38240574506284,3.5906642728904847,87.79174147217235
E00083109,494,57,21,36,437,16,421,11.538461538461538,4.251012145748987,7.28744939271255,88.46153846153845,3.2388663967611335,85.22267206477733
E00083110,453,67,28,39,386,18,368,14.79028697571744,6.181015452538632,8.609271523178808,85.20971302428256,3.9735099337748347,81.23620309050773
E00083112,452,30,13,17,422,18,404,6.637168141592921,2.8761061946902653,3.761061946902655,93.36283185840708,3.982300884955752,89.38053097345133
E00083113,410,34,12,22,376,14,362,8.292682926829269,2.9268292682926833,5.365853658536586,91.70731707317074,3.414634146341464,88.29268292682927
E00083114,334,25,13,12,309,8,301,7.48502994011976,3.8922155688622757,3.592814371257485,92.51497005988024,2.3952095808383236,90.11976047904191
E00083115,558,49,30,19,509,18,491,8.781362007168457,5.376344086021505,3.405017921146954,91.21863799283155,3.225806451612903,87.99283154121864
E00083116,463,40,21,19,423,16,407,8.639308855291576,4.535637149028078,4.103671706263499,91.36069114470843,3.455723542116631,87.90496760259178
E00083117,571,35,10,25,536,15,521,6.129597197898424,1.7513134851138354,4.378283712784588,93.87040280210157,2.626970227670753,91.24343257443083
E00083120,465,60,21,39,405,15,390,12.903225806451612,4.516129032258064,8.38709677419355,87.09677419354838,3.225806451612903,83.87096774193549
E00083121,595,56,33,23,539,11,528,9.411764705882353,5.546218487394958,3.865546218487395,90.58823529411765,1.8487394957983194,88.73949579831933
E00083122,382,36,20,16,346,13,333,9.424083769633508,5.2356020942408374,4.18848167539267,90.57591623036649,3.4031413612565444,87.17277486910994
E00083123,258,68,30,38,190,6,184,26.356589147286826,11.627906976744185,14.728682170542637,73.64341085271317,2.3255813953488373,71.31782945736434
E00083124,561,49,26,23,512,15,497,8.73440285204991,4.634581105169341,4.09982174688057,91.26559714795009,2.6737967914438503,88.59180035650624
E00083125,399,36,18,18,363,7,356,9.022556390977442,4.511278195488721,4.511278195488721,90.97744360902256,1.7543859649122806,89.22305764411027
E00083127,398,39,16,23,359,15,344,9.798994974874372,4.0201005025125625,5.778894472361809,90.20100502512562,3.7688442211055273,86.4321608040201
E00083128,597,67,35,32,530,17,513,11.222780569514237,5.8626465661641545,5.360134003350084,88.77721943048577,2.8475711892797317,85.92964824120602
E00083129,470,89,56,33,381,8,373,18.93617021276596,11.914893617021278,7.021276595744681,81.06382978723404,1.702127659574468,79.36170212765957
E00083130,405,86,40,46,319,6,313,21.23456790123457,9.876543209876543,11.358024691358025,78.76543209876543,1.4814814814814816,77.28395061728395
E00083132,528,80,36,44,448,21,427,15.151515151515152,6.8181818181818175,8.333333333333332,84.84848484848484,3.977272727272727,80.87121212121212
E00083134,565,42,20,22,523,23,500,7.433628318584071,3.5398230088495577,3.893805309734513,92.56637168141593,4.070796460176991,88.49557522123894
E00083139,475,52,26,26,423,15,408,10.947368421052632,5.473684210526316,5.473684210526316,89.05263157894737,3.1578947368421053,85.89473684210527
E00083141,463,60,41,19,403,15,388,12.958963282937367,8.855291576673865,4.103671706263499,87.04103671706264,3.2397408207343417,83.8012958963283
E00083142,614,67,30,37,547,19,528,10.912052117263844,4.88599348534202,6.026058631921824,89.08794788273615,3.0944625407166124,85.99348534201955
E00083144,370,36,16,20,334,8,326,9.72972972972973,4.324324324324325,5.405405405405405,90.27027027027027,2.1621621621621623,88.10810810810811
E00083145,533,49,20,29,484,14,470,9.193245778611631,3.75234521575985,5.440900562851782,90.80675422138836,2.6266416510318953,88.18011257035647
E00083146,592,91,52,39,501,14,487,15.371621621621623,8.783783783783784,6.587837837837837,84.62837837837837,2.364864864864865,82.26351351351352
E00083148,458,46,19,27,412,9,403,10.043668122270741,4.148471615720524,5.895196506550218,89.95633187772926,1.9650655021834063,87.99126637554585
E00083150,361,43,24,19,318,11,307,11.911357340720222,6.64819944598338,5.263157894736842,88.08864265927978,3.0470914127423825,85.0415512465374
E00083151,428,69,40,29,359,24,335,16.121495327102803,9.345794392523365,6.775700934579438,83.8785046728972,5.607476635514018,78.27102803738318
E00083153,441,52,22,30,389,11,378,11.791383219954648,4.988662131519274,6.802721088435375,88.20861678004536,2.494331065759637,85.71428571428571
E00083154,334,36,14,22,298,9,289,10.778443113772456,4.191616766467066,6.58682634730539,89.22155688622755,2.694610778443114,86.52694610778443
E00083155,382,44,18,26,338,11,327,11.518324607329843,4.712041884816754,6.806282722513089,88.48167539267016,2.8795811518324608,85.6020942408377
E00083156,301,36,19,17,265,19,246,11.960132890365449,6.312292358803987,5.647840531561462,88.03986710963456,6.312292358803987,81.72757475083057
E00083157,421,28,13,15,393,16,377,6.65083135391924,3.0878859857482186,3.5629453681710213,93.34916864608076,3.800475059382423,89.54869358669833
E00083158,329,49,16,33,280,21,259,14.893617021276595,4.86322188449848,10.030395136778116,85.1063829787234,6.382978723404255,78.72340425531915
E00083159,341,58,26,32,283,19,264,17.008797653958943,7.624633431085044,9.3841642228739,82.99120234604106,5.571847507331378,77.41935483870968
E00083160,375,67,25,42,308,20,288,17.866666666666667,6.666666666666667,11.200000000000001,82.13333333333334,5.333333333333334,76.8
E00083162,368,44,14,30,324,14,310,11.956521739130435,3.804347826086957,8.152173913043478,88.04347826086956,3.804347826086957,84.23913043478261
E00083163,287,43,24,19,244,22,222,14.982578397212542,8.362369337979095,6.620209059233449,85.01742160278745,7.665505226480835,77.35191637630662
E00083164,369,43,17,26,326,17,309,11.653116531165312,4.607046070460704,7.046070460704606,88.34688346883469,4.607046070460704,83.73983739837398
E00083165,371,29,8,21,342,21,321,7.816711590296496,2.15633423180593,5.660377358490567,92.18328840970351,5.660377358490567,86.52291105121293
E00083166,348,42,17,25,306,17,289,12.068965517241379,4.885057471264368,7.183908045977011,87.93103448275862,4.885057471264368,83.04597701149426
E00083167,392,54,15,39,338,22,316,13.77551020408163,3.826530612244898,9.948979591836734,86.22448979591837,5.612244897959184,80.61224489795919
E00083168,450,54,30,24,396,25,371,12,6.666666666666667,5.333333333333334,88,5.555555555555555,82.44444444444444
E00083169,328,50,27,23,278,18,260,15.24390243902439,8.231707317073171,7.01219512195122,84.7560975609756,5.487804878048781,79.26829268292683
E00083170,424,41,15,26,383,20,363,9.669811320754718,3.5377358490566038,6.132075471698113,90.33018867924528,4.716981132075472,85.61320754716981
E00083171,284,37,13,24,247,15,232,13.028169014084506,4.577464788732395,8.450704225352112,86.97183098591549,5.28169014084507,81.69014084507043
E00083172,411,57,21,36,354,17,337,13.86861313868613,5.109489051094891,8.75912408759124,86.13138686131386,4.13625304136253,81.99513381995133
E00083173,529,51,17,34,478,18,460,9.640831758034027,3.213610586011342,6.427221172022684,90.35916824196597,3.402646502835539,86.95652173913044
E00083174,354,33,9,24,321,17,304,9.322033898305085,2.5423728813559325,6.779661016949152,90.67796610169492,4.80225988700565,85.87570621468926
E00083175,320,46,16,30,274,19,255,14.374999999999998,5,9.375,85.625,5.9375,79.6875
E00083176,325,28,7,21,297,18,279,8.615384615384615,2.1538461538461537,6.461538461538462,91.38461538461539,5.538461538461538,85.84615384615385
E00083177,455,47,16,31,408,18,390,10.329670329670328,3.5164835164835164,6.813186813186813,89.67032967032968,3.9560439560439558,85.71428571428571
E00083178,385,39,16,23,346,14,332,10.129870129870131,4.1558441558441555,5.974025974025974,89.87012987012987,3.6363636363636362,86.23376623376623
E00083179,373,37,16,21,336,19,317,9.919571045576408,4.289544235924933,5.630026809651475,90.0804289544236,5.093833780160858,84.98659517426273
E00083180,368,44,24,20,324,15,309,11.956521739130435,6.521739130434782,5.434782608695652,88.04347826086956,4.076086956521739,83.96739130434783
E00083181,348,46,21,25,302,21,281,13.218390804597702,6.0344827586206895,7.183908045977011,86.7816091954023,6.0344827586206895,80.74712643678161
E00083182,281,29,7,22,252,9,243,10.320284697508896,2.491103202846975,7.829181494661921,89.6797153024911,3.202846975088968,86.47686832740213
E00083183,344,41,19,22,303,22,281,11.918604651162791,5.523255813953488,6.395348837209303,88.0813953488372,6.395348837209303,81.68604651162791
E00083184,231,15,2,13,216,14,202,6.493506493506493,0.8658008658008658,5.627705627705628,93.5064935064935,6.0606060606060606,87.44588744588745
E00083185,333,38,18,20,295,19,276,11.411411411411411,5.405405405405405,6.006006006006006,88.58858858858859,5.7057057057057055,82.88288288288288
E00083186,417,31,12,19,386,15,371,7.434052757793765,2.877697841726619,4.556354916067146,92.56594724220624,3.5971223021582732,88.96882494004797
E00083187,494,74,32,42,420,23,397,14.979757085020243,6.477732793522267,8.502024291497975,85.02024291497976,4.65587044534413,80.36437246963563
E00083188,400,44,23,21,356,15,341,11,5.75,5.25,89,3.75,85.25
E00083189,444,50,21,29,394,12,382,11.26126126126126,4.72972972972973,6.531531531531531,88.73873873873875,2.7027027027027026,86.03603603603604
E00083192,302,24,7,17,278,13,265,7.9470198675496695,2.3178807947019866,5.629139072847682,92.05298013245033,4.304635761589404,87.74834437086093
E00083193,308,26,6,20,282,10,272,8.441558441558442,1.948051948051948,6.493506493506493,91.55844155844156,3.2467532467532463,88.31168831168831
E00083194,442,46,14,32,396,9,387,10.407239819004525,3.167420814479638,7.239819004524888,89.59276018099548,2.0361990950226243,87.55656108597285
E00083195,477,44,23,21,433,22,411,9.224318658280922,4.821802935010482,4.40251572327044,90.77568134171908,4.612159329140461,86.16352201257862
E00083196,355,31,11,20,324,16,308,8.732394366197182,3.0985915492957745,5.633802816901409,91.26760563380282,4.507042253521127,86.76056338028168
E00083197,343,32,10,22,311,13,298,9.329446064139942,2.9154518950437316,6.41399416909621,90.67055393586006,3.7900874635568513,86.88046647230321
E00083198,242,62,34,28,180,13,167,25.6198347107438,14.049586776859504,11.570247933884298,74.3801652892562,5.371900826446281,69.00826446280992
E00083199,379,40,17,23,339,15,324,10.554089709762533,4.485488126649076,6.068601583113456,89.44591029023746,3.95778364116095,85.4881266490765
E00083200,290,29,17,12,261,16,245,10,5.862068965517241,4.137931034482759,90,5.517241379310345,84.48275862068965
E00083202,325,48,29,19,277,10,267,14.76923076923077,8.923076923076923,5.846153846153846,85.23076923076923,3.076923076923077,82.15384615384616
E00083203,588,77,37,40,511,18,493,13.095238095238097,6.292517006802721,6.802721088435375,86.90476190476191,3.061224489795918,83.84353741496598
E00083204,420,53,18,35,367,26,341,12.619047619047619,4.285714285714286,8.333333333333332,87.38095238095238,6.190476190476191,81.19047619047619
E00083205,354,49,24,25,305,15,290,13.841807909604519,6.779661016949152,7.062146892655368,86.15819209039547,4.23728813559322,81.92090395480226
E00083207,282,18,9,9,264,15,249,6.382978723404255,3.1914893617021276,3.1914893617021276,93.61702127659575,5.319148936170213,88.29787234042553
E00083208,296,45,14,31,251,14,237,15.202702702702704,4.72972972972973,10.472972972972974,84.7972972972973,4.72972972972973,80.06756756756756
E00083209,353,28,11,17,325,15,310,7.932011331444759,3.1161473087818696,4.815864022662889,92.06798866855524,4.2492917847025495,87.81869688385268
E00083210,256,17,4,13,239,15,224,6.640625,1.5625,5.078125,93.359375,5.859375,87.5
E00083211,385,29,14,15,356,12,344,7.532467532467532,3.6363636363636362,3.896103896103896,92.46753246753246,3.116883116883117,89.35064935064935
E00083212,308,15,9,6,293,9,284,4.870129870129871,2.922077922077922,1.948051948051948,95.12987012987013,2.922077922077922,92.20779220779221
E00083213,535,41,18,23,494,13,481,7.663551401869159,3.364485981308411,4.299065420560748,92.33644859813084,2.4299065420560746,89.90654205607477
E00083214,411,48,19,29,363,11,352,11.678832116788321,4.622871046228711,7.0559610705596105,88.32116788321169,2.67639902676399,85.64476885644768
E00083215,255,17,2,15,238,10,228,6.666666666666667,0.7843137254901961,5.88235294117647,93.33333333333333,3.9215686274509802,89.41176470588236
E00083216,404,60,32,28,344,27,317,14.85148514851485,7.920792079207921,6.9306930693069315,85.14851485148515,6.683168316831684,78.46534653465346
E00083217,365,40,23,17,325,18,307,10.95890410958904,6.301369863013699,4.657534246575342,89.04109589041096,4.931506849315069,84.10958904109589
E00083218,516,43,17,26,473,24,449,8.333333333333332,3.2945736434108532,5.038759689922481,91.66666666666666,4.651162790697675,87.01550387596899
E00083219,369,23,5,18,346,12,334,6.233062330623306,1.3550135501355014,4.878048780487805,93.76693766937669,3.2520325203252036,90.5149051490515
E00083220,418,44,16,28,374,21,353,10.526315789473683,3.827751196172249,6.698564593301436,89.47368421052632,5.023923444976076,84.44976076555024
E00083221,262,36,13,23,226,16,210,13.740458015267176,4.961832061068702,8.778625954198473,86.25954198473282,6.106870229007633,80.1526717557252
E00083222,306,47,19,28,259,21,238,15.359477124183007,6.209150326797386,9.15032679738562,84.640522875817,6.862745098039216,77.77777777777779
E00083223,387,60,43,17,327,25,302,15.503875968992247,11.11111111111111,4.3927648578811365,84.49612403100775,6.459948320413436,78.0361757105943
E00083224,242,21,9,12,221,11,210,8.677685950413224,3.71900826446281,4.958677685950414,91.32231404958677,4.545454545454546,86.77685950413223
E00083225,374,31,12,19,343,15,328,8.288770053475936,3.2085561497326207,5.080213903743315,91.71122994652407,4.0106951871657754,87.70053475935828
E00083226,347,34,9,25,313,11,302,9.798270893371757,2.5936599423631126,7.204610951008646,90.20172910662824,3.170028818443804,87.03170028818444
E00083227,433,37,19,18,396,16,380,8.545034642032332,4.387990762124711,4.157043879907621,91.45496535796767,3.695150115473441,87.75981524249423
E00083228,264,26,10,16,238,17,221,9.848484848484848,3.787878787878788,6.0606060606060606,90.15151515151516,6.4393939393939394,83.71212121212122
E00083229,314,36,19,17,278,10,268,11.464968152866243,6.050955414012739,5.414012738853503,88.53503184713377,3.1847133757961785,85.35031847133759
E00083230,352,51,23,28,301,24,277,14.488636363636365,6.534090909090909,7.954545454545454,85.51136363636364,6.8181818181818175,78.69318181818183
E00083231,404,37,16,21,367,19,348,9.158415841584159,3.9603960396039604,5.198019801980198,90.84158415841584,4.702970297029703,86.13861386138613
E00083232,333,27,12,15,306,9,297,8.108108108108109,3.6036036036036037,4.504504504504505,91.8918918918919,2.7027027027027026,89.1891891891892
E00083233,415,40,13,27,375,20,355,9.63855421686747,3.132530120481928,6.506024096385541,90.36144578313254,4.819277108433735,85.54216867469879
E00083234,331,32,10,22,299,11,288,9.667673716012084,3.0211480362537766,6.646525679758309,90.33232628398792,3.3232628398791544,87.00906344410876
E00083235,445,42,18,24,403,13,390,9.438202247191011,4.044943820224719,5.393258426966292,90.56179775280899,2.9213483146067416,87.64044943820225
E00083236,555,76,38,38,479,17,462,13.693693693693692,6.846846846846846,6.846846846846846,86.3063063063063,3.063063063063063,83.24324324324324
E00083237,366,36,15,21,330,11,319,9.836065573770492,4.098360655737705,5.737704918032787,90.1639344262295,3.0054644808743167,87.1584699453552
E00083238,536,51,22,29,485,11,474,9.514925373134329,4.104477611940299,5.410447761194029,90.48507462686567,2.0522388059701493,88.43283582089553
E00083239,406,31,11,20,375,12,363,7.635467980295567,2.70935960591133,4.926108374384237,92.36453201970444,2.955665024630542,89.4088669950739
E00083240,305,38,20,18,267,8,259,12.459016393442624,6.557377049180328,5.901639344262295,87.54098360655738,2.622950819672131,84.91803278688525
E00083241,447,42,13,29,405,30,375,9.395973154362416,2.9082774049217,6.487695749440715,90.60402684563759,6.7114093959731544,83.89261744966443
E00083242,304,54,23,31,250,11,239,17.763157894736842,7.565789473684211,10.197368421052632,82.23684210526315,3.618421052631579,78.61842105263158
E00083243,341,48,23,25,293,10,283,14.076246334310852,6.744868035190615,7.331378299120235,85.92375366568915,2.932551319648094,82.99120234604106
E00083244,533,29,16,13,504,24,480,5.440900562851782,3.0018761726078798,2.4390243902439024,94.55909943714822,4.50281425891182,90.0562851782364
E00083245,483,47,17,30,436,18,418,9.730848861283643,3.5196687370600417,6.211180124223603,90.26915113871635,3.7267080745341614,86.5424430641822
E00083246,550,88,56,32,462,20,442,16,10.181818181818182,5.818181818181818,84,3.6363636363636362,80.36363636363636
E00083247,549,35,17,18,514,15,499,6.375227686703097,3.096539162112933,3.278688524590164,93.6247723132969,2.73224043715847,90.89253187613843
E00083248,459,46,19,27,413,15,398,10.021786492374728,4.139433551198257,5.88235294117647,89.97821350762527,3.2679738562091507,86.71023965141612
E00083249,361,42,21,21,319,15,304,11.634349030470915,5.8171745152354575,5.8171745152354575,88.36565096952909,4.1551246537396125,84.21052631578947
E00083250,299,29,8,21,270,15,255,9.698996655518394,2.6755852842809364,7.023411371237458,90.3010033444816,5.016722408026756,85.28428093645485
E00083251,585,54,25,29,531,26,505,9.230769230769232,4.273504273504273,4.957264957264957,90.76923076923077,4.444444444444445,86.32478632478633
E00083252,521,56,28,28,465,14,451,10.748560460652591,5.3742802303262955,5.3742802303262955,89.25143953934742,2.6871401151631478,86.56429942418427
E00083253,540,83,39,44,457,17,440,15.37037037037037,7.222222222222221,8.148148148148149,84.62962962962963,3.148148148148148,81.48148148148148
E00083254,414,42,20,22,372,14,358,10.144927536231885,4.830917874396135,5.314009661835748,89.85507246376811,3.3816425120772946,86.47342995169082
E00083255,500,50,20,30,450,8,442,10,4,6,90,1.6,88.4
E00083256,368,47,23,24,321,15,306,12.771739130434783,6.25,6.521739130434782,87.22826086956522,4.076086956521739,83.15217391304348
E00083257,338,34,16,18,304,17,287,10.059171597633137,4.733727810650888,5.325443786982249,89.94082840236686,5.029585798816568,84.91124260355029
E00083258,366,41,13,28,325,14,311,11.202185792349727,3.551912568306011,7.650273224043716,88.79781420765028,3.825136612021858,84.97267759562843
E00083259,378,50,18,32,328,10,318,13.227513227513226,4.761904761904762,8.465608465608465,86.77248677248677,2.6455026455026456,84.12698412698413
E00083260,439,60,30,30,379,10,369,13.66742596810934,6.83371298405467,6.83371298405467,86.33257403189066,2.277904328018223,84.05466970387245
E00083261,396,46,12,34,350,18,332,11.616161616161616,3.0303030303030303,8.585858585858585,88.38383838383838,4.545454545454546,83.83838383838383
E00083262,354,52,29,23,302,14,288,14.689265536723164,8.192090395480225,6.497175141242938,85.31073446327684,3.954802259887006,81.35593220338984
E00083263,374,29,15,14,345,26,319,7.754010695187167,4.0106951871657754,3.7433155080213902,92.24598930481284,6.951871657754011,85.29411764705883
E00083264,362,50,24,26,312,15,297,13.812154696132598,6.629834254143646,7.18232044198895,86.1878453038674,4.143646408839778,82.04419889502762
E00083265,294,45,14,31,249,18,231,15.306122448979592,4.761904761904762,10.54421768707483,84.6938775510204,6.122448979591836,78.57142857142857
E00083266,327,42,14,28,285,14,271,12.844036697247708,4.281345565749235,8.56269113149847,87.1559633027523,4.281345565749235,82.87461773700305
E00083267,365,31,10,21,334,11,323,8.493150684931507,2.73972602739726,5.7534246575342465,91.5068493150685,3.0136986301369864,88.4931506849315
E00083268,356,33,10,23,323,22,301,9.269662921348315,2.8089887640449436,6.460674157303371,90.73033707865169,6.179775280898876,84.5505617977528
E00083269,407,33,11,22,374,8,366,8.108108108108109,2.7027027027027026,5.405405405405405,91.8918918918919,1.9656019656019657,89.92628992628993
E00083270,238,32,13,19,206,11,195,13.445378151260504,5.46218487394958,7.9831932773109235,86.5546218487395,4.621848739495799,81.9327731092437
E00083271,341,41,9,32,300,14,286,12.023460410557185,2.6392961876832843,9.3841642228739,87.97653958944281,4.105571847507331,83.87096774193549
E00083272,362,51,28,23,311,19,292,14.088397790055248,7.734806629834254,6.353591160220995,85.91160220994475,5.248618784530387,80.66298342541437
E00083273,302,55,22,33,247,18,229,18.211920529801322,7.28476821192053,10.927152317880795,81.78807947019867,5.960264900662252,75.82781456953643
E00083274,276,37,19,18,239,14,225,13.405797101449277,6.884057971014493,6.521739130434782,86.59420289855072,5.072463768115942,81.52173913043478
E00083275,361,56,31,25,305,17,288,15.512465373961218,8.587257617728532,6.9252077562326875,84.48753462603878,4.7091412742382275,79.77839335180056
E00083276,563,110,49,61,453,23,430,19.538188277087034,8.703374777975133,10.8348134991119,80.46181172291297,4.085257548845471,76.3765541740675
E00083278,199,30,11,19,169,11,158,15.07537688442211,5.527638190954774,9.547738693467336,84.92462311557789,5.527638190954774,79.39698492462311
E00083279,386,49,25,24,337,15,322,12.694300518134716,6.476683937823833,6.217616580310881,87.30569948186529,3.8860103626943006,83.41968911917098
E00083280,555,61,30,31,494,31,463,10.99099099099099,5.405405405405405,5.585585585585585,89.009009009009,5.585585585585585,83.42342342342343
E00083281,309,48,11,37,261,19,242,15.53398058252427,3.559870550161812,11.974110032362459,84.46601941747572,6.148867313915858,78.31715210355988
E00083282,209,46,14,32,163,9,154,22.00956937799043,6.698564593301436,15.311004784688995,77.99043062200957,4.30622009569378,73.68421052631578
E00083283,334,28,9,19,306,17,289,8.383233532934131,2.694610778443114,5.688622754491018,91.61676646706587,5.089820359281437,86.52694610778443
E00083284,377,39,15,24,338,11,327,10.344827586206897,3.978779840848806,6.36604774535809,89.65517241379311,2.9177718832891246,86.73740053050398
E00083285,342,53,19,34,289,14,275,15.497076023391813,5.555555555555555,9.941520467836257,84.50292397660819,4.093567251461988,80.4093567251462
E00083286,216,30,15,15,186,18,168,13.88888888888889,6.944444444444445,6.944444444444445,86.11111111111111,8.333333333333332,77.77777777777779
E00083287,261,19,4,15,242,15,227,7.2796934865900385,1.532567049808429,5.747126436781609,92.72030651340997,5.747126436781609,86.97318007662835
E00083288,313,41,16,25,272,12,260,13.099041533546327,5.111821086261981,7.987220447284344,86.90095846645367,3.8338658146964857,83.06709265175719
E00083289,344,47,21,26,297,19,278,13.662790697674417,6.104651162790697,7.55813953488372,86.33720930232558,5.523255813953488,80.81395348837209
E00083290,283,44,19,25,239,12,227,15.547703180212014,6.713780918727916,8.8339222614841,84.45229681978799,4.240282685512367,80.21201413427562
E00083291,322,33,19,14,289,16,273,10.248447204968944,5.900621118012422,4.3478260869565215,89.75155279503106,4.968944099378882,84.78260869565217
E00083292,339,42,17,25,297,17,280,12.389380530973451,5.014749262536873,7.374631268436578,87.61061946902655,5.014749262536873,82.59587020648968
E00083293,403,49,21,28,354,21,333,12.158808933002481,5.2109181141439205,6.9478908188585615,87.84119106699751,5.2109181141439205,82.6302729528536
E00083294,285,43,16,27,242,10,232,15.087719298245613,5.614035087719298,9.473684210526317,84.91228070175438,3.508771929824561,81.40350877192982
E00083295,211,37,18,19,174,9,165,17.535545023696685,8.530805687203792,9.004739336492891,82.46445497630332,4.265402843601896,78.19905213270142
E00083296,370,49,21,28,321,20,301,13.243243243243244,5.675675675675676,7.567567567567568,86.75675675675676,5.405405405405405,81.35135135135135
E00083297,317,35,16,19,282,27,255,11.041009463722396,5.047318611987381,5.993690851735016,88.95899053627761,8.517350157728707,80.4416403785489
E00083298,443,65,24,41,378,16,362,14.672686230248308,5.417607223476298,9.255079006772009,85.32731376975168,3.611738148984198,81.7155756207675
E00083299,345,44,22,22,301,15,286,12.753623188405797,6.3768115942028984,6.3768115942028984,87.2463768115942,4.3478260869565215,82.89855072463767
E00083300,367,53,20,33,314,24,290,14.441416893732969,5.449591280653951,8.991825613079019,85.55858310626702,6.539509536784741,79.01907356948229
E00083301,262,34,19,15,228,10,218,12.977099236641221,7.251908396946565,5.7251908396946565,87.02290076335878,3.816793893129771,83.20610687022901
E00083302,396,35,14,21,361,12,349,8.83838383838384,3.535353535353535,5.303030303030303,91.16161616161617,3.0303030303030303,88.13131313131312
E00083303,302,24,9,15,278,13,265,7.9470198675496695,2.980132450331126,4.966887417218543,92.05298013245033,4.304635761589404,87.74834437086093
E00083304,219,25,6,19,194,11,183,11.415525114155251,2.73972602739726,8.67579908675799,88.58447488584474,5.0228310502283104,83.56164383561644
E00083305,288,42,20,22,246,22,224,14.583333333333334,6.944444444444445,7.638888888888889,85.41666666666666,7.638888888888889,77.77777777777779
E00083306,304,30,13,17,274,17,257,9.868421052631579,4.276315789473684,5.592105263157895,90.13157894736842,5.592105263157895,84.53947368421053
E00083307,312,61,31,30,251,7,244,19.55128205128205,9.935897435897436,9.615384615384617,80.44871794871796,2.2435897435897436,78.2051282051282
E00083308,389,46,19,27,343,24,319,11.825192802056556,4.884318766066838,6.940874035989718,88.17480719794345,6.169665809768637,82.0051413881748
E00083309,317,45,18,27,272,16,256,14.195583596214512,5.678233438485805,8.517350157728707,85.8044164037855,5.047318611987381,80.7570977917981
E00083310,451,27,6,21,424,20,404,5.986696230598669,1.3303769401330376,4.656319290465632,94.01330376940133,4.434589800443459,89.57871396895787
E00083311,259,39,15,24,220,18,202,15.057915057915059,5.7915057915057915,9.266409266409266,84.94208494208493,6.94980694980695,77.99227799227799
E00083312,398,56,25,31,342,6,336,14.07035175879397,6.281407035175879,7.788944723618091,85.92964824120602,1.507537688442211,84.42211055276381
E00083313,475,88,37,51,387,25,362,18.526315789473685,7.7894736842105265,10.73684210526316,81.47368421052632,5.263157894736842,76.21052631578948
E00083314,418,40,17,23,378,23,355,9.569377990430622,4.0669856459330145,5.502392344497608,90.43062200956938,5.502392344497608,84.92822966507177
E00083315,421,47,22,25,374,13,361,11.163895486935866,5.225653206650831,5.938242280285035,88.83610451306413,3.0878859857482186,85.74821852731591
E00083316,372,38,14,24,334,10,324,10.21505376344086,3.763440860215054,6.451612903225806,89.78494623655914,2.6881720430107525,87.09677419354838
E00083317,362,40,14,26,322,26,296,11.049723756906078,3.867403314917127,7.18232044198895,88.95027624309392,7.18232044198895,81.76795580110497
E00083318,375,33,14,19,342,22,320,8.799999999999999,3.733333333333334,5.066666666666666,91.2,5.866666666666666,85.33333333333334
E00083319,301,46,24,22,255,9,246,15.282392026578073,7.973421926910299,7.308970099667775,84.71760797342192,2.990033222591362,81.72757475083057
E00083320,379,59,23,36,320,16,304,15.567282321899736,6.068601583113456,9.498680738786279,84.43271767810026,4.221635883905013,80.21108179419525
E00083321,379,29,10,19,350,12,338,7.651715039577836,2.638522427440633,5.013192612137203,92.34828496042216,3.16622691292876,89.18205804749341
E00083322,314,49,21,28,265,7,258,15.605095541401273,6.687898089171974,8.9171974522293,84.39490445859873,2.229299363057325,82.16560509554141
E00083323,434,41,17,24,393,16,377,9.44700460829493,3.9170506912442393,5.529953917050691,90.55299539170507,3.686635944700461,86.8663594470046
E00083324,372,40,20,20,332,16,316,10.75268817204301,5.376344086021505,5.376344086021505,89.24731182795699,4.301075268817205,84.94623655913979
E00083325,328,54,21,33,274,13,261,16.463414634146343,6.402439024390244,10.060975609756099,83.53658536585365,3.9634146341463414,79.57317073170732
E00083326,373,64,30,34,309,14,295,17.158176943699733,8.04289544235925,9.115281501340483,82.84182305630027,3.753351206434316,79.08847184986595
E00083327,321,45,19,26,276,20,256,14.018691588785046,5.919003115264798,8.09968847352025,85.98130841121495,6.230529595015576,79.75077881619937
E00083328,336,47,21,26,289,14,275,13.988095238095239,6.25,7.738095238095238,86.01190476190477,4.166666666666666,81.84523809523809
E00083329,485,50,29,21,435,30,405,10.309278350515463,5.979381443298969,4.329896907216495,89.69072164948454,6.185567010309279,83.50515463917526
E00083330,415,58,33,25,357,21,336,13.975903614457833,7.951807228915662,6.024096385542169,86.02409638554217,5.0602409638554215,80.96385542168674
E00083331,343,57,24,33,286,19,267,16.61807580174927,6.997084548104956,9.620991253644315,83.38192419825073,5.539358600583091,77.84256559766763
E00083332,326,39,18,21,287,16,271,11.96319018404908,5.521472392638037,6.441717791411043,88.03680981595092,4.9079754601226995,83.12883435582822
E00083333,494,37,17,20,457,13,444,7.489878542510121,3.4412955465587043,4.048582995951417,92.51012145748987,2.631578947368421,89.87854251012146
E00083334,253,40,16,24,213,8,205,15.810276679841898,6.324110671936759,9.486166007905137,84.18972332015811,3.1620553359683794,81.02766798418972
E00083335,381,43,19,24,338,11,327,11.286089238845145,4.986876640419948,6.299212598425196,88.71391076115486,2.8871391076115485,85.8267716535433
E00083337,302,34,17,17,268,10,258,11.258278145695364,5.629139072847682,5.629139072847682,88.74172185430463,3.3112582781456954,85.43046357615894
E00083338,237,35,15,20,202,11,191,14.767932489451477,6.329113924050633,8.438818565400844,85.23206751054853,4.641350210970464,80.59071729957806
E00083339,213,44,18,26,169,12,157,20.657276995305164,8.450704225352112,12.206572769953052,79.34272300469483,5.633802816901409,73.70892018779342
E00083340,305,32,17,15,273,16,257,10.491803278688524,5.573770491803279,4.918032786885246,89.50819672131148,5.245901639344262,84.26229508196721
E00083342,289,31,11,20,258,14,244,10.726643598615917,3.8062283737024223,6.920415224913495,89.27335640138409,4.844290657439446,84.42906574394463
E00083343,351,40,15,25,311,18,293,11.396011396011396,4.273504273504273,7.122507122507122,88.6039886039886,5.128205128205128,83.47578347578347
E00083344,290,27,11,16,263,20,243,9.310344827586208,3.793103448275862,5.517241379310345,90.6896551724138,6.896551724137931,83.79310344827586
E00083345,365,64,23,41,301,13,288,17.534246575342465,6.301369863013699,11.232876712328768,82.46575342465754,3.5616438356164384,78.9041095890411
E00083347,365,42,19,23,323,20,303,11.506849315068493,5.205479452054795,6.301369863013699,88.4931506849315,5.47945205479452,83.01369863013699
E00083348,508,65,29,36,443,23,420,12.795275590551181,5.708661417322835,7.086614173228346,87.20472440944881,4.52755905511811,82.67716535433071
E00083349,348,35,17,18,313,17,296,10.057471264367816,4.885057471264368,5.172413793103448,89.9425287356322,4.885057471264368,85.0574712643678
E00083350,425,29,10,19,396,18,378,6.8235294117647065,2.3529411764705883,4.470588235294118,93.17647058823529,4.235294117647059,88.94117647058823
E00083351,370,54,31,23,316,13,303,14.594594594594595,8.378378378378379,6.216216216216217,85.4054054054054,3.5135135135135136,81.89189189189189
E00083352,308,31,15,16,277,19,258,10.064935064935066,4.870129870129871,5.194805194805195,89.93506493506493,6.1688311688311686,83.76623376623377
E00083353,463,36,9,27,427,22,405,7.775377969762419,1.9438444924406046,5.831533477321814,92.22462203023758,4.751619870410368,87.47300215982722
E00083354,285,24,7,17,261,18,243,8.421052631578947,2.456140350877193,5.964912280701754,91.57894736842105,6.315789473684211,85.26315789473684
E00083356,387,36,16,20,351,13,338,9.30232558139535,4.1343669250646,5.167958656330749,90.69767441860465,3.359173126614987,87.33850129198967
E00083357,410,51,28,23,359,17,342,12.439024390243903,6.829268292682928,5.609756097560976,87.5609756097561,4.146341463414634,83.41463414634146
E00083358,393,35,8,27,358,21,337,8.9058524173028,2.035623409669211,6.870229007633588,91.0941475826972,5.343511450381679,85.75063613231552
E00083359,359,28,4,24,331,20,311,7.7994428969359335,1.1142061281337048,6.685236768802229,92.20055710306406,5.571030640668524,86.62952646239555
E00083360,354,41,17,24,313,13,300,11.581920903954803,4.80225988700565,6.779661016949152,88.4180790960452,3.672316384180791,84.7457627118644
E00083362,417,43,22,21,374,17,357,10.311750599520384,5.275779376498801,5.0359712230215825,89.68824940047962,4.07673860911271,85.61151079136691
E00083363,393,44,17,27,349,9,340,11.195928753180661,4.325699745547073,6.870229007633588,88.80407124681933,2.2900763358778624,86.51399491094148
E00083364,279,40,19,21,239,8,231,14.336917562724013,6.810035842293908,7.526881720430108,85.66308243727599,2.867383512544803,82.79569892473118
E00083367,517,62,25,37,455,17,438,11.992263056092844,4.835589941972921,7.156673114119923,88.00773694390716,3.2882011605415857,84.71953578336557
E00083368,344,39,23,16,305,8,297,11.337209302325581,6.686046511627906,4.651162790697675,88.66279069767442,2.3255813953488373,86.33720930232558
E00083369,463,40,18,22,423,14,409,8.639308855291576,3.8876889848812093,4.751619870410368,91.36069114470843,3.023758099352052,88.33693304535637
E00083370,310,29,15,14,281,9,272,9.35483870967742,4.838709677419355,4.516129032258064,90.64516129032259,2.903225806451613,87.74193548387098
E00083371,319,41,18,23,278,12,266,12.852664576802509,5.6426332288401255,7.210031347962382,87.14733542319749,3.761755485893417,83.38557993730407
E00083372,424,54,18,36,370,17,353,12.735849056603774,4.245283018867925,8.49056603773585,87.26415094339622,4.009433962264151,83.25471698113208
E00083373,413,37,15,22,376,15,361,8.958837772397095,3.631961259079903,5.326876513317192,91.0411622276029,3.631961259079903,87.40920096852301
E00083374,348,25,5,20,323,11,312,7.183908045977011,1.4367816091954022,5.747126436781609,92.81609195402298,3.1609195402298855,89.65517241379311
E00083375,341,68,39,29,273,16,257,19.941348973607038,11.436950146627565,8.504398826979472,80.05865102639295,4.69208211143695,75.366568914956
E00083376,198,21,5,16,177,10,167,10.606060606060606,2.525252525252525,8.080808080808081,89.39393939393939,5.05050505050505,84.34343434343434
E00083378,368,46,22,24,322,19,303,12.5,5.978260869565218,6.521739130434782,87.5,5.163043478260869,82.33695652173914
E00083379,389,36,16,20,353,12,341,9.254498714652955,4.113110539845758,5.141388174807198,90.74550128534705,3.0848329048843186,87.66066838046272
E00083380,290,43,14,29,247,14,233,14.827586206896552,4.827586206896552,10,85.17241379310346,4.827586206896552,80.3448275862069
E00083381,312,44,10,34,268,13,255,14.102564102564102,3.205128205128205,10.897435897435898,85.8974358974359,4.166666666666666,81.73076923076923
E00083382,406,52,25,27,354,17,337,12.807881773399016,6.157635467980295,6.65024630541872,87.192118226601,4.1871921182266005,83.00492610837439
E00083383,436,62,22,40,374,24,350,14.220183486238533,5.045871559633028,9.174311926605505,85.77981651376146,5.5045871559633035,80.27522935779817
E00083384,421,50,26,24,371,25,346,11.87648456057007,6.175771971496437,5.7007125890736345,88.12351543942994,5.938242280285035,82.18527315914488
E00083386,415,36,14,22,379,15,364,8.674698795180722,3.3734939759036147,5.301204819277109,91.32530120481928,3.614457831325301,87.71084337349397
E00083387,423,45,13,32,378,18,360,10.638297872340425,3.0732860520094563,7.5650118203309695,89.36170212765957,4.25531914893617,85.1063829787234
E00083388,569,66,24,42,503,17,486,11.599297012302284,4.21792618629174,7.381370826010544,88.40070298769771,2.987697715289982,85.41300527240774
E00083389,470,36,20,16,434,13,421,7.659574468085106,4.25531914893617,3.404255319148936,92.34042553191489,2.7659574468085104,89.57446808510639
E00083390,516,56,26,30,460,15,445,10.852713178294573,5.038759689922481,5.813953488372093,89.14728682170544,2.9069767441860463,86.24031007751938
E00083391,316,26,12,14,290,12,278,8.227848101265822,3.79746835443038,4.430379746835443,91.77215189873418,3.79746835443038,87.9746835443038
E00083392,363,24,10,14,339,9,330,6.6115702479338845,2.7548209366391188,3.8567493112947657,93.38842975206612,2.479338842975207,90.9090909090909
E00083393,288,27,10,17,261,19,242,9.375,3.4722222222222223,5.902777777777778,90.625,6.597222222222222,84.02777777777779
E00083394,497,85,44,41,412,24,388,17.102615694164992,8.853118712273641,8.249496981891348,82.897384305835,4.82897384305835,78.06841046277665
E00083395,410,59,28,31,351,14,337,14.390243902439023,6.829268292682928,7.560975609756097,85.60975609756098,3.414634146341464,82.1951219512195
E00083396,559,51,28,23,508,13,495,9.123434704830053,5.008944543828265,4.114490161001789,90.87656529516994,2.3255813953488373,88.5509838998211
E00083397,442,39,17,22,403,11,392,8.823529411764707,3.8461538461538463,4.97737556561086,91.17647058823529,2.48868778280543,88.68778280542986
E00083398,536,66,27,39,470,20,450,12.313432835820896,5.037313432835821,7.276119402985075,87.68656716417911,3.731343283582089,83.95522388059702
E00083399,416,58,31,27,358,17,341,13.942307692307693,7.451923076923077,6.490384615384616,86.0576923076923,4.086538461538462,81.97115384615384
E00083400,500,62,27,35,438,9,429,12.4,5.4,7.000000000000001,87.6,1.7999999999999998,85.8
E00083401,536,56,27,29,480,17,463,10.44776119402985,5.037313432835821,5.410447761194029,89.55223880597015,3.171641791044776,86.38059701492537
E00083402,361,50,22,28,311,20,291,13.850415512465375,6.094182825484765,7.756232686980609,86.14958448753463,5.540166204986149,80.60941828254848
E00083403,218,29,12,17,189,9,180,13.302752293577983,5.5045871559633035,7.79816513761468,86.69724770642202,4.128440366972478,82.56880733944955
E00083404,385,48,23,25,337,10,327,12.467532467532468,5.974025974025974,6.493506493506493,87.53246753246754,2.5974025974025974,84.93506493506493
E00083406,398,43,16,27,355,16,339,10.804020100502512,4.0201005025125625,6.78391959798995,89.19597989949749,4.0201005025125625,85.17587939698493
E00083407,466,52,18,34,414,16,398,11.158798283261802,3.862660944206009,7.296137339055794,88.8412017167382,3.4334763948497855,85.40772532188842
E00083408,434,41,20,21,393,13,380,9.44700460829493,4.6082949308755765,4.838709677419355,90.55299539170507,2.995391705069124,87.55760368663594
E00083409,350,37,14,23,313,13,300,10.571428571428571,4,6.571428571428571,89.42857142857143,3.7142857142857144,85.71428571428571
E00083410,566,48,22,26,518,19,499,8.480565371024735,3.8869257950530036,4.593639575971731,91.51943462897526,3.356890459363958,88.16254416961131
E00083411,307,47,26,21,260,19,241,15.309446254071663,8.469055374592834,6.840390879478828,84.69055374592834,6.188925081433225,78.50162866449512
E00083412,491,44,24,20,447,14,433,8.961303462321792,4.887983706720977,4.0733197556008145,91.0386965376782,2.8513238289205702,88.18737270875764
E00083413,311,64,29,35,247,13,234,20.578778135048232,9.32475884244373,11.254019292604502,79.42122186495176,4.180064308681672,75.2411575562701
E00166679,425,48,27,21,377,10,367,11.294117647058824,6.352941176470588,4.941176470588235,88.70588235294117,2.3529411764705883,86.3529411764706
E00166680,618,39,15,24,579,16,563,6.310679611650485,2.4271844660194173,3.8834951456310676,93.68932038834951,2.5889967637540456,91.10032362459548
E00166681,321,63,43,20,258,9,249,19.626168224299064,13.395638629283487,6.230529595015576,80.37383177570094,2.803738317757009,77.57009345794393
E00166682,622,63,23,40,559,25,534,10.128617363344052,3.697749196141479,6.430868167202572,89.87138263665595,4.019292604501608,85.85209003215434
E00166683,126,10,5,5,116,4,112,7.936507936507936,3.968253968253968,3.968253968253968,92.06349206349206,3.1746031746031744,88.88888888888889
E00166684,167,2,0,2,165,3,162,1.1976047904191618,0,1.1976047904191618,98.80239520958084,1.7964071856287425,97.0059880239521
E00166685,261,24,9,15,237,0,237,9.195402298850574,3.4482758620689653,5.747126436781609,90.80459770114942,0,90.80459770114942
E00166686,245,31,17,14,214,10,204,12.653061224489795,6.938775510204081,5.714285714285714,87.34693877551021,4.081632653061225,83.26530612244898
E00166687,330,45,19,26,285,10,275,13.636363636363635,5.757575757575758,7.878787878787878,86.36363636363636,3.0303030303030303,83.33333333333334
E00166688,483,95,68,27,388,9,379,19.66873706004141,14.078674948240167,5.590062111801243,80.33126293995859,1.8633540372670807,78.4679089026915
E00166690,504,31,11,20,473,16,457,6.15079365079365,2.1825396825396823,3.968253968253968,93.84920634920636,3.1746031746031744,90.67460317460318
E00166691,435,71,35,36,364,13,351,16.32183908045977,8.045977011494253,8.275862068965518,83.67816091954023,2.9885057471264367,80.6896551724138
E00166692,422,34,14,20,388,21,367,8.056872037914692,3.3175355450236967,4.739336492890995,91.9431279620853,4.976303317535545,86.96682464454977
E00166693,276,20,10,10,256,14,242,7.246376811594203,3.6231884057971016,3.6231884057971016,92.7536231884058,5.072463768115942,87.68115942028986
E00166694,191,23,6,17,168,7,161,12.041884816753926,3.1413612565445024,8.900523560209423,87.95811518324608,3.664921465968586,84.29319371727748
E00166695,382,34,23,11,348,13,335,8.900523560209423,6.020942408376963,2.8795811518324608,91.09947643979058,3.4031413612565444,87.69633507853402
E00166696,349,34,13,21,315,15,300,9.742120343839542,3.7249283667621778,6.017191977077363,90.25787965616045,4.297994269340974,85.95988538681948
E00166697,445,45,23,22,400,4,396,10.112359550561797,5.168539325842696,4.943820224719101,89.8876404494382,0.8988764044943821,88.98876404494382
E00166699,326,49,30,19,277,19,258,15.030674846625766,9.202453987730062,5.828220858895705,84.96932515337423,5.828220858895705,79.14110429447852
E00166700,205,22,11,11,183,9,174,10.731707317073171,5.365853658536586,5.365853658536586,89.26829268292683,4.390243902439024,84.8780487804878
E00166701,365,59,20,39,306,18,288,16.164383561643834,5.47945205479452,10.684931506849315,83.83561643835617,4.931506849315069,78.9041095890411
E00166702,375,24,12,12,351,15,336,6.4,3.2,3.2,93.60000000000001,4,89.60000000000001
E00166703,384,47,17,30,337,25,312,12.239583333333332,4.427083333333334,7.8125,87.76041666666666,6.510416666666667,81.25
E00166704,420,31,11,20,389,10,379,7.380952380952381,2.619047619047619,4.761904761904762,92.61904761904762,2.380952380952381,90.23809523809524
E00166705,415,36,18,18,379,16,363,8.674698795180722,4.337349397590361,4.337349397590361,91.32530120481928,3.8554216867469884,87.46987951807229
E00166706,261,14,6,8,247,8,239,5.363984674329502,2.2988505747126435,3.065134099616858,94.6360153256705,3.065134099616858,91.57088122605363
E00166708,350,32,9,23,318,13,305,9.142857142857142,2.571428571428571,6.571428571428571,90.85714285714286,3.7142857142857144,87.14285714285714
E00166709,528,156,97,59,372,21,351,29.545454545454547,18.37121212121212,11.174242424242424,70.45454545454545,3.977272727272727,66.47727272727273
E00166710,290,30,12,18,260,6,254,10.344827586206897,4.137931034482759,6.206896551724138,89.65517241379311,2.0689655172413794,87.58620689655172
E00166711,408,24,8,16,384,21,363,5.88235294117647,1.9607843137254901,3.9215686274509802,94.11764705882352,5.147058823529411,88.97058823529412
E00166712,293,20,7,13,273,13,260,6.825938566552901,2.3890784982935154,4.436860068259386,93.1740614334471,4.436860068259386,88.73720136518772
E00166714,235,25,11,14,210,12,198,10.638297872340425,4.680851063829787,5.957446808510639,89.36170212765957,5.106382978723404,84.25531914893617
E00166715,420,48,25,23,372,12,360,11.428571428571429,5.952380952380952,5.476190476190476,88.57142857142857,2.857142857142857,85.71428571428571
E00166716,334,42,22,20,292,16,276,12.574850299401197,6.58682634730539,5.9880239520958085,87.42514970059881,4.790419161676647,82.63473053892216
E00166717,539,50,18,32,489,20,469,9.276437847866418,3.339517625231911,5.936920222634509,90.72356215213358,3.710575139146568,87.01298701298701
E00166718,559,54,21,33,505,16,489,9.66010733452594,3.7567084078711988,5.903398926654741,90.33989266547407,2.862254025044723,87.47763864042933
E00166719,311,29,14,15,282,22,260,9.32475884244373,4.501607717041801,4.823151125401929,90.67524115755627,7.07395498392283,83.60128617363344
E00166720,248,39,21,18,209,18,191,15.725806451612904,8.46774193548387,7.258064516129033,84.2741935483871,7.258064516129033,77.01612903225806
E00188339,524,57,25,32,467,16,451,10.877862595419847,4.770992366412214,6.106870229007633,89.12213740458014,3.0534351145038165,86.06870229007633
E00188340,499,49,30,19,450,5,445,9.819639278557114,6.012024048096192,3.807615230460922,90.18036072144288,1.002004008016032,89.17835671342685
E00188348,187,17,2,15,170,12,158,9.090909090909092,1.06951871657754,8.0213903743315509,90.9090909090909,6.417112299465241,84.49197860962568
E00188353,338,4,0,4,334,8,326,1.183431952662722,0,1.183431952662722,98.81656804733728,2.366863905325444,96.44970414201184
E00188356,421,42,16,26,379,16,363,9.97624703087886,3.800475059382423,6.175771971496437,90.02375296912113,3.800475059382423,86.22327790973871
E00188358,310,41,18,23,269,9,260,13.225806451612904,5.806451612903226,7.419354838709677,86.7741935483871,2.903225806451613,83.87096774193549
E00188359,498,38,13,25,460,27,433,7.630522088353414,2.610441767068273,5.020080321285141,92.3694779116466,5.421686746987952,86.94779116465864
E00188361,388,15,6,9,373,10,363,3.865979381443299,1.5463917525773196,2.3195876288659796,96.1340206185567,2.5773195876288657,93.55670103092784
E00188367,437,26,9,17,411,14,397,5.949656750572083,2.059496567505721,3.8901601830663615,94.05034324942791,3.203661327231121,90.8466819221968
E00188373,198,27,12,15,171,10,161,13.636363636363635,6.0606060606060606,7.575757575757576,86.36363636363636,5.05050505050505,81.31313131313132
E00188375,296,21,7,14,275,12,263,7.094594594594595,2.364864864864865,4.72972972972973,92.9054054054054,4.054054054054054,88.85135135135135
E00188380,344,37,14,23,307,10,297,10.755813953488373,4.069767441860465,6.686046511627906,89.24418604651163,2.9069767441860463,86.33720930232558
E00188398,170,15,3,12,155,4,151,8.823529411764707,1.7647058823529411,7.0588235294117645,91.17647058823529,2.3529411764705883,88.8235294117647
E00188409,362,31,14,17,331,5,326,8.56353591160221,3.867403314917127,4.696132596685083,91.4364640883978,1.3812154696132597,90.05524861878453
E00188410,345,20,3,17,325,9,316,5.797101449275362,0.8695652173913043,4.9275362318840585,94.20289855072464,2.608695652173913,91.59420289855072
E00188411,339,43,19,24,296,18,278,12.684365781710916,5.604719764011799,7.079646017699115,87.31563421828909,5.3097345132743365,82.00589970501476
E00188413,281,30,12,18,251,12,239,10.676156583629894,4.270462633451958,6.405693950177936,89.32384341637011,4.270462633451958,85.05338078291815
E00188414,308,34,19,15,274,9,265,11.03896103896104,6.1688311688311686,4.870129870129871,88.96103896103897,2.922077922077922,86.03896103896103
E00188416,415,35,7,28,380,12,368,8.433734939759036,1.6867469879518073,6.746987951807229,91.56626506024097,2.891566265060241,88.67469879518072
E00188421,384,53,35,18,331,8,323,13.802083333333334,9.114583333333332,4.6875,86.19791666666666,2.083333333333333,84.11458333333334
E00188423,266,30,12,18,236,6,230,11.278195488721805,4.511278195488721,6.7669172932330826,88.7218045112782,2.2556390977443606,86.46616541353383
E00188429,258,15,5,10,243,13,230,5.813953488372093,1.937984496124031,3.875968992248062,94.18604651162791,5.038759689922481,89.14728682170544
E00188431,468,50,22,28,418,16,402,10.683760683760683,4.700854700854701,5.982905982905983,89.31623931623932,3.418803418803419,85.8974358974359
E00188432,210,15,1,14,195,9,186,7.142857142857142,0.4761904761904762,6.666666666666667,92.85714285714286,4.285714285714286,88.57142857142857
E00188435,239,24,7,17,215,12,203,10.0418410041841,2.928870292887029,7.112970711297072,89.9581589958159,5.02092050209205,84.93723849372385
E00188439,348,37,17,20,311,11,300,10.632183908045976,4.885057471264368,5.747126436781609,89.36781609195403,3.1609195402298855,86.20689655172413
E00188441,493,47,20,27,446,22,424,9.533468559837727,4.056795131845842,5.476673427991886,90.46653144016227,4.462474645030426,86.00405679513185
E00188452,433,25,7,18,408,7,401,5.773672055427252,1.6166281755196306,4.157043879907621,94.22632794457274,1.6166281755196306,92.60969976905312
E00188453,336,21,8,13,315,16,299,6.25,2.380952380952381,3.869047619047619,93.75,4.761904761904762,88.98809523809523
E00188454,560,34,9,25,526,15,511,6.071428571428571,1.607142857142857,4.464285714285714,93.92857142857143,2.6785714285714284,91.25
E00188456,454,43,19,24,411,9,402,9.47136563876652,4.185022026431718,5.286343612334802,90.52863436123349,1.9823788546255507,88.54625550660793
E00188457,381,38,17,21,343,7,336,9.973753280839896,4.4619422572178475,5.511811023622047,90.02624671916011,1.837270341207349,88.18897637795276
E00188460,429,21,3,18,408,12,396,4.895104895104895,0.6993006993006993,4.195804195804196,95.1048951048951,2.797202797202797,92.3076923076923
E00188471,295,23,9,14,272,14,258,7.796610169491526,3.050847457627119,4.745762711864407,92.20338983050847,4.745762711864407,87.45762711864407
E00188480,354,31,17,14,323,8,315,8.757062146892656,4.80225988700565,3.954802259887006,91.24293785310734,2.2598870056497176,88.98305084745762
E00188483,286,24,9,15,262,5,257,8.391608391608392,3.146853146853147,5.244755244755245,91.6083916083916,1.7482517482517483,89.86013986013987
E00188485,212,24,10,14,188,5,183,11.320754716981133,4.716981132075472,6.60377358490566,88.67924528301887,2.358490566037736,86.32075471698113
E00188489,304,23,7,16,281,9,272,7.565789473684211,2.302631578947368,5.263157894736842,92.43421052631578,2.9605263157894735,89.47368421052632
E00188495,239,16,6,10,223,15,208,6.694560669456067,2.510460251046025,4.184100418410042,93.30543933054393,6.2761506276150625,87.02928870292888
E00188496,414,39,15,24,375,21,354,9.420289855072465,3.6231884057971016,5.797101449275362,90.57971014492753,5.072463768115942,85.5072463768116
E00188499,230,14,7,7,216,16,200,6.086956521739131,3.0434782608695654,3.0434782608695654,93.91304347826087,6.956521739130435,86.95652173913044
E00188504,255,12,2,10,243,15,228,4.705882352941177,0.7843137254901961,3.9215686274509802,95.29411764705881,5.88235294117647,89.41176470588236
E00188509,398,29,8,21,369,8,361,7.2864321608040195,2.0100502512562812,5.276381909547738,92.71356783919597,2.0100502512562812,90.7035175879397
E00188510,512,21,4,17,491,14,477,4.1015625,0.78125,3.3203125,95.8984375,2.734375,93.1640625
E00188514,340,10,4,6,330,4,326,2.941176470588235,1.1764705882352942,1.7647058823529411,97.05882352941177,1.1764705882352942,95.88235294117648
E00188520,478,39,11,28,439,27,412,8.158995815899582,2.301255230125523,5.857740585774058,91.84100418410041,5.648535564853557,86.19246861924687
E00188522,350,29,14,15,321,14,307,8.285714285714285,4,4.285714285714286,91.71428571428571,4,87.71428571428571
E00188528,190,18,7,11,172,7,165,9.473684210526317,3.684210526315789,5.7894736842105265,90.52631578947368,3.684210526315789,86.8421052631579
E00188535,563,18,7,11,545,13,532,3.197158081705151,1.2433392539964476,1.9538188277087036,96.80284191829485,2.3090586145648313,94.49378330373001
E00188542,369,38,15,23,331,17,314,10.29810298102981,4.0650406504065035,6.233062330623306,89.70189701897019,4.607046070460704,85.09485094850947
E00188543,150,20,9,11,130,4,126,13.333333333333334,6,7.333333333333333,86.66666666666667,2.666666666666667,84
E00188544,237,16,8,8,221,13,208,6.751054852320674,3.375527426160337,3.375527426160337,93.24894514767934,5.485232067510549,87.76371308016878
E00188545,210,23,10,13,187,6,181,10.952380952380953,4.761904761904762,6.190476190476191,89.04761904761904,2.857142857142857,86.19047619047619
E00188546,578,114,54,60,464,20,444,19.72318339100346,9.342560553633218,10.380622837370241,80.27681660899654,3.4602076124567476,76.8166089965398
