OA,ts0590001,ts0590002,ts0590003,ts0590004,ts0590005,ts0590006,ts0590007,ts0590002_PCT,ts0590003_PCT,ts0590004_PCT,ts0590005_PCT,ts0590006_PCT,ts0590007_PCT
E00036010,129,42,20,22,87,83,4,32.55813953488372,15.503875968992247,17.05426356589147,67.44186046511628,64.34108527131784,3.10077519379845
E00036011,146,37,8,29,109,97,12,25.34246575342466,5.47945205479452,19.863013698630137,74.65753424657534,66.43835616438356,8.21917808219178
E00036012,198,74,19,55,124,112,12,37.37373737373738,9.595959595959595,27.77777777777778,62.62626262626263,56.56565656565656,6.0606060606060606
E00036013,107,32,12,20,75,67,8,29.906542056074763,11.214953271028037,18.69158878504673,70.09345794392523,62.616822429906534,7.476635514018691
E00036014,148,35,11,24,113,103,10,23.64864864864865,7.4324324324324325,16.216216216216218,76.35135135135135,69.5945945945946,6.756756756756757
E00036015,147,39,9,30,108,102,6,26.53061224489796,6.122448979591836,20.408163265306122,73.46938775510205,69.38775510204081,4.081632653061225
E00036016,97,29,7,22,68,49,19,29.896907216494846,7.216494845360824,22.68041237113402,70.10309278350515,50.51546391752577,19.587628865979383
E00036017,165,47,11,36,118,103,15,28.484848484848484,6.666666666666667,21.818181818181817,71.51515151515152,62.42424242424243,9.090909090909092
E00036018,138,35,9,26,103,90,13,25.36231884057971,6.521739130434782,18.84057971014493,74.63768115942028,65.21739130434783,9.420289855072465
E00036019,167,52,15,37,115,97,18,31.137724550898206,8.982035928143713,22.15568862275449,68.8622754491018,58.08383233532935,10.778443113772456
E00036020,149,48,12,36,101,89,12,32.21476510067114,8.053691275167784,24.161073825503358,67.78523489932886,59.73154362416108,8.053691275167784
E00036021,133,34,10,24,99,92,7,25.563909774436087,7.518796992481203,18.045112781954884,74.43609022556392,69.17293233082707,5.263157894736842
E00036022,152,55,14,41,97,86,11,36.18421052631579,9.210526315789473,26.973684210526315,63.81578947368421,56.57894736842105,7.236842105263158
E00036023,149,36,10,26,113,95,18,24.161073825503358,6.7114093959731544,17.449664429530202,75.83892617449665,63.758389261744966,12.080536912751679
E00036024,98,30,10,20,68,60,8,30.612244897959183,10.204081632653061,20.408163265306122,69.38775510204081,61.224489795918366,8.16326530612245
E00036025,132,46,11,35,86,76,10,34.84848484848485,8.333333333333332,26.515151515151516,65.15151515151516,57.57575757575758,7.575757575757576
E00036026,140,38,12,26,102,91,11,27.142857142857142,8.571428571428571,18.571428571428573,72.85714285714285,65,7.857142857142857
E00036027,175,48,18,30,127,111,16,27.42857142857143,10.285714285714285,17.142857142857142,72.57142857142857,63.42857142857142,9.142857142857142
E00036028,109,29,10,19,80,72,8,26.605504587155966,9.174311926605505,17.431192660550458,73.39449541284404,66.05504587155964,7.339449541284404
E00036029,116,24,8,16,92,79,13,20.689655172413794,6.896551724137931,13.793103448275861,79.3103448275862,68.10344827586206,11.206896551724139
E00036030,157,55,16,39,102,91,11,35.03184713375796,10.191082802547772,24.840764331210192,64.96815286624204,57.961783439490446,7.006369426751593
E00036031,193,55,10,45,138,125,13,28.497409326424872,5.181347150259067,23.316062176165804,71.50259067357513,64.76683937823834,6.7357512953367875
E00036032,182,55,14,41,127,114,13,30.21978021978022,7.6923076923076925,22.52747252747253,69.78021978021978,62.637362637362635,7.142857142857142
E00036033,102,37,9,28,65,53,12,36.27450980392157,8.823529411764707,27.450980392156865,63.725490196078425,51.9607843137255,11.76470588235294
E00036034,154,44,13,31,110,105,5,28.57142857142857,8.441558441558442,20.12987012987013,71.42857142857143,68.18181818181817,3.2467532467532463
E00036035,108,34,7,27,74,67,7,31.48148148148148,6.481481481481481,25,68.51851851851852,62.03703703703704,6.481481481481481
E00036036,141,41,11,30,100,91,9,29.078014184397162,7.801418439716312,21.27659574468085,70.92198581560284,64.53900709219859,6.382978723404255
E00036037,161,51,14,37,110,104,6,31.67701863354037,8.695652173913043,22.981366459627328,68.32298136645963,64.59627329192547,3.7267080745341614
E00036038,135,39,13,26,96,87,9,28.888888888888886,9.62962962962963,19.25925925925926,71.11111111111111,64.44444444444444,6.666666666666667
E00036039,154,50,16,34,104,87,17,32.467532467532465,10.38961038961039,22.07792207792208,67.53246753246754,56.493506493506494,11.03896103896104
E00036040,163,49,18,31,114,96,18,30.061349693251532,11.042944785276074,19.018404907975462,69.93865030674846,58.895705521472394,11.042944785276074
E00036041,122,33,13,20,89,76,13,27.049180327868854,10.655737704918032,16.39344262295082,72.95081967213115,62.295081967213115,10.655737704918032
E00036042,189,48,18,30,141,125,16,25.396825396825395,9.523809523809524,15.873015873015872,74.60317460317461,66.13756613756614,8.465608465608465
E00036043,144,32,7,25,112,103,9,22.22222222222222,4.861111111111112,17.36111111111111,77.77777777777779,71.52777777777779,6.25
E00036044,151,46,14,32,105,95,10,30.4635761589404,9.271523178807946,21.192052980132452,69.5364238410596,62.913907284768214,6.622516556291391
E00036045,141,42,15,27,99,86,13,29.78723404255319,10.638297872340425,19.148936170212767,70.2127659574468,60.99290780141844,9.219858156028367
E00036046,131,31,13,18,100,87,13,23.66412213740458,9.923664122137405,13.740458015267176,76.33587786259542,66.41221374045801,9.923664122137405
E00036047,164,54,18,36,110,97,13,32.926829268292686,10.975609756097562,21.951219512195124,67.07317073170732,59.14634146341463,7.926829268292683
E00036048,143,36,15,21,107,90,17,25.174825174825177,10.48951048951049,14.685314685314685,74.82517482517483,62.93706293706294,11.888111888111888
E00036049,108,28,6,22,80,71,9,25.925925925925924,5.555555555555555,20.37037037037037,74.07407407407408,65.74074074074075,8.333333333333332
E00036050,86,27,11,16,59,53,6,31.3953488372093,12.790697674418606,18.6046511627907,68.6046511627907,61.627906976744185,6.976744186046512
E00036051,67,18,9,9,49,44,5,26.865671641791046,13.432835820895523,13.432835820895523,73.13432835820896,65.67164179104478,7.462686567164178
E00036052,102,37,9,28,65,58,7,36.27450980392157,8.823529411764707,27.450980392156865,63.725490196078425,56.86274509803921,6.862745098039216
E00036053,164,53,15,38,111,96,15,32.31707317073171,9.146341463414634,23.170731707317074,67.6829268292683,58.536585365853654,9.146341463414634
E00036054,126,46,19,27,80,73,7,36.507936507936506,15.079365079365079,21.428571428571427,63.49206349206349,57.936507936507944,5.555555555555555
E00036055,142,35,7,28,107,102,5,24.647887323943664,4.929577464788732,19.718309859154928,75.35211267605634,71.83098591549296,3.5211267605633805
E00036056,105,43,9,34,62,58,4,40.95238095238095,8.571428571428571,32.38095238095238,59.04761904761905,55.23809523809524,3.8095238095238098
E00036057,210,61,11,50,149,138,11,29.04761904761905,5.238095238095238,23.809523809523807,70.95238095238095,65.71428571428571,5.238095238095238
E00036058,69,29,6,23,40,39,1,42.028985507246375,8.695652173913043,33.33333333333333,57.971014492753625,56.52173913043478,1.4492753623188406
E00036059,110,60,22,38,50,45,5,54.54545454545454,20,34.54545454545455,45.45454545454545,40.909090909090914,4.545454545454546
E00036060,162,63,14,49,99,93,6,38.88888888888889,8.641975308641975,30.246913580246915,61.111111111111114,57.407407407407405,3.7037037037037033
E00036061,94,33,15,18,61,55,6,35.1063829787234,15.957446808510639,19.148936170212767,64.8936170212766,58.51063829787234,6.382978723404255
E00036062,149,44,12,32,105,93,12,29.53020134228188,8.053691275167784,21.476510067114095,70.46979865771812,62.41610738255034,8.053691275167784
E00036063,96,33,11,22,63,57,6,34.375,11.458333333333332,22.916666666666664,65.625,59.375,6.25
E00036064,125,44,10,34,81,72,9,35.199999999999996,8,27.200000000000003,64.8,57.599999999999994,7.199999999999999
E00036066,185,44,15,29,141,114,27,23.783783783783786,8.108108108108109,15.675675675675677,76.21621621621621,61.62162162162163,14.594594594594595
E00036067,120,43,11,32,77,69,8,35.833333333333336,9.166666666666666,26.666666666666668,64.16666666666667,57.49999999999999,6.666666666666667
E00036069,121,35,9,26,86,75,11,28.92561983471074,7.43801652892562,21.487603305785125,71.07438016528926,61.98347107438017,9.090909090909092
E00036070,103,41,17,24,62,58,4,39.80582524271845,16.50485436893204,23.300970873786408,60.19417475728155,56.310679611650485,3.8834951456310676
E00036071,104,40,8,32,64,59,5,38.46153846153847,7.6923076923076925,30.76923076923077,61.53846153846154,56.730769230769226,4.807692307692308
E00036072,130,39,12,27,91,84,7,30,9.230769230769232,20.76923076923077,70,64.61538461538461,5.384615384615385
E00036073,123,43,8,35,80,72,8,34.959349593495936,6.504065040650407,28.455284552845526,65.04065040650406,58.536585365853654,6.504065040650407
E00036074,84,24,3,21,60,55,5,28.57142857142857,3.571428571428571,25,71.42857142857143,65.47619047619048,5.952380952380952
E00036075,60,22,8,14,38,34,4,36.666666666666664,13.333333333333334,23.333333333333332,63.33333333333333,56.666666666666664,6.666666666666667
E00036076,61,26,7,19,35,33,2,42.62295081967213,11.475409836065573,31.147540983606557,57.377049180327866,54.09836065573771,3.278688524590164
E00036077,107,29,10,19,78,67,11,27.102803738317753,9.345794392523365,17.75700934579439,72.89719626168224,62.616822429906534,10.2803738317757
E00036078,104,37,15,22,67,60,7,35.57692307692308,14.423076923076922,21.153846153846153,64.42307692307693,57.692307692307686,6.730769230769231
E00036079,168,61,18,43,107,101,6,36.30952380952381,10.714285714285714,25.595238095238095,63.69047619047619,60.11904761904761,3.571428571428571
E00036080,117,36,5,31,81,69,12,30.76923076923077,4.273504273504273,26.495726495726498,69.23076923076923,58.97435897435898,10.256410256410255
E00036081,94,50,13,37,44,44,0,53.191489361702125,13.829787234042554,39.361702127659576,46.808510638297875,46.808510638297875,0
E00036082,86,29,7,22,57,52,5,33.72093023255814,8.13953488372093,25.581395348837212,66.27906976744185,60.46511627906976,5.813953488372093
E00036083,133,41,13,28,92,87,5,30.82706766917293,9.774436090225564,21.052631578947366,69.17293233082707,65.41353383458647,3.7593984962406015
E00036084,103,30,4,26,73,66,7,29.126213592233007,3.8834951456310676,25.24271844660194,70.87378640776699,64.07766990291263,6.796116504854369
E00036085,150,45,8,37,105,93,12,30,5.333333333333334,24.666666666666668,70,62,8
E00036086,99,24,8,16,75,69,6,24.242424242424242,8.080808080808081,16.161616161616163,75.75757575757575,69.6969696969697,6.0606060606060606
E00036087,116,36,13,23,80,74,6,31.03448275862069,11.206896551724139,19.82758620689655,68.96551724137932,63.793103448275865,5.172413793103448
E00036088,105,33,6,27,72,66,6,31.428571428571427,5.714285714285714,25.71428571428571,68.57142857142857,62.857142857142854,5.714285714285714
E00036089,174,53,23,30,121,108,13,30.45977011494253,13.218390804597702,17.24137931034483,69.54022988505747,62.06896551724138,7.471264367816093
E00036090,92,40,18,22,52,51,1,43.47826086956522,19.565217391304348,23.91304347826087,56.52173913043478,55.434782608695656,1.0869565217391304
E00036091,87,39,9,30,48,44,4,44.827586206896555,10.344827586206897,34.48275862068966,55.172413793103445,50.57471264367817,4.597701149425287
E00036092,86,27,5,22,59,54,5,31.3953488372093,5.813953488372093,25.581395348837212,68.6046511627907,62.7906976744186,5.813953488372093
E00036093,52,22,6,16,30,30,0,42.30769230769231,11.538461538461538,30.76923076923077,57.692307692307686,57.692307692307686,0
E00036095,124,39,14,25,85,73,12,31.451612903225808,11.29032258064516,20.161290322580644,68.54838709677419,58.87096774193549,9.67741935483871
E00036096,131,33,13,20,98,85,13,25.190839694656486,9.923664122137405,15.267175572519085,74.80916030534351,64.8854961832061,9.923664122137405
E00036097,118,39,8,31,79,69,10,33.05084745762712,6.779661016949152,26.27118644067797,66.94915254237289,58.47457627118644,8.47457627118644
E00036098,125,47,19,28,78,67,11,37.6,15.2,22.400000000000002,62.4,53.6,8.799999999999999
E00036099,121,51,25,26,70,65,5,42.14876033057851,20.66115702479339,21.487603305785125,57.85123966942148,53.71900826446281,4.132231404958678
E00036100,151,49,16,33,102,94,8,32.450331125827816,10.596026490066226,21.85430463576159,67.54966887417218,62.251655629139066,5.298013245033113
E00036101,149,65,26,39,84,78,6,43.624161073825505,17.449664429530202,26.174496644295303,56.375838926174495,52.348993288590606,4.026845637583892
E00036102,125,54,15,39,71,66,5,43.2,12,31.2,56.8,52.800000000000004,4
E00036103,135,42,18,24,93,84,9,31.11111111111111,13.333333333333334,17.77777777777778,68.88888888888889,62.22222222222222,6.666666666666667
E00036104,96,27,7,20,69,63,6,28.125,7.291666666666667,20.833333333333336,71.875,65.625,6.25
E00036105,143,25,12,13,118,93,25,17.482517482517483,8.391608391608392,9.090909090909092,82.51748251748252,65.03496503496503,17.482517482517483
E00036107,92,41,17,24,51,44,7,44.565217391304344,18.478260869565215,26.08695652173913,55.434782608695656,47.82608695652174,7.608695652173914
E00036111,133,35,7,28,98,86,12,26.31578947368421,5.263157894736842,21.052631578947366,73.68421052631578,64.66165413533834,9.022556390977442
E00036112,181,49,10,39,132,124,8,27.071823204419886,5.524861878453039,21.54696132596685,72.92817679558011,68.50828729281768,4.41988950276243
E00036113,111,42,14,28,69,61,8,37.83783783783784,12.612612612612612,25.225225225225223,62.16216216216216,54.95495495495496,7.207207207207207
E00036114,145,43,10,33,102,96,6,29.655172413793103,6.896551724137931,22.758620689655174,70.34482758620689,66.20689655172414,4.137931034482759
E00036115,64,32,5,27,32,32,0,50,7.8125,42.1875,50,50,0
E00036116,179,40,12,28,139,127,12,22.3463687150838,6.70391061452514,15.64245810055866,77.6536312849162,70.94972067039106,6.70391061452514
E00036117,122,39,11,28,83,70,13,31.967213114754102,9.01639344262295,22.950819672131146,68.0327868852459,57.377049180327866,10.655737704918032
E00036118,72,13,0,13,59,50,9,18.055555555555554,0,18.055555555555554,81.94444444444444,69.44444444444444,12.5
E00036119,166,47,14,33,119,105,14,28.313253012048197,8.433734939759036,19.879518072289155,71.6867469879518,63.25301204819277,8.433734939759036
E00036120,57,25,9,16,32,29,3,43.859649122807014,15.789473684210526,28.07017543859649,56.14035087719298,50.877192982456144,5.263157894736842
E00036121,95,29,6,23,66,61,5,30.526315789473685,6.315789473684211,24.210526315789473,69.47368421052632,64.21052631578948,5.263157894736842
E00036122,83,38,7,31,45,44,1,45.78313253012048,8.433734939759036,37.34939759036144,54.21686746987952,53.01204819277109,1.2048192771084338
E00036123,39,15,3,12,24,22,2,38.46153846153847,7.6923076923076925,30.76923076923077,61.53846153846154,56.41025641025641,5.128205128205128
E00036124,84,44,15,29,40,35,5,52.38095238095239,17.857142857142858,34.523809523809526,47.61904761904761,41.66666666666667,5.952380952380952
E00036125,111,37,22,15,74,67,7,33.33333333333333,19.81981981981982,13.513513513513514,66.66666666666666,60.36036036036037,6.306306306306306
E00036126,147,47,19,28,100,86,14,31.97278911564626,12.925170068027212,19.047619047619047,68.02721088435374,58.50340136054422,9.523809523809524
E00036127,74,23,9,14,51,50,1,31.08108108108108,12.162162162162163,18.91891891891892,68.91891891891892,67.56756756756756,1.3513513513513513
E00036128,113,59,18,41,54,51,3,52.21238938053098,15.929203539823009,36.283185840707965,47.78761061946903,45.13274336283185,2.6548672566371683
E00036129,109,41,8,33,68,62,6,37.61467889908257,7.339449541284404,30.275229357798167,62.38532110091744,56.88073394495413,5.5045871559633035
E00036130,105,37,13,24,68,60,8,35.23809523809524,12.380952380952381,22.857142857142858,64.76190476190476,57.14285714285714,7.6190476190476195
E00036131,145,36,9,27,109,103,6,24.82758620689655,6.206896551724138,18.620689655172416,75.17241379310344,71.03448275862068,4.137931034482759
E00036132,94,32,15,17,62,57,5,34.04255319148936,15.957446808510639,18.085106382978726,65.95744680851064,60.63829787234043,5.319148936170213
E00036133,55,22,7,15,33,30,3,40,12.727272727272727,27.27272727272727,60,54.54545454545454,5.454545454545454
E00036134,75,22,9,13,53,42,11,29.333333333333332,12,17.333333333333336,70.66666666666667,56.00000000000001,14.666666666666666
E00036135,90,36,8,28,54,47,7,40,8.88888888888889,31.11111111111111,60,52.22222222222223,7.777777777777778
E00036136,144,63,15,48,81,75,6,43.75,10.416666666666668,33.33333333333333,56.25,52.083333333333336,4.166666666666666
E00036137,140,54,20,34,86,79,7,38.57142857142858,14.285714285714285,24.285714285714285,61.42857142857143,56.42857142857143,5
E00036138,140,55,8,47,85,76,9,39.285714285714285,5.714285714285714,33.57142857142857,60.71428571428571,54.285714285714285,6.428571428571428
E00036139,97,30,11,19,67,60,7,30.927835051546392,11.34020618556701,19.587628865979383,69.0721649484536,61.855670103092784,7.216494845360824
E00036140,146,53,10,43,93,77,16,36.3013698630137,6.8493150684931505,29.45205479452055,63.6986301369863,52.73972602739726,10.95890410958904
E00036141,111,36,13,23,75,67,8,32.432432432432435,11.711711711711711,20.72072072072072,67.56756756756756,60.36036036036037,7.207207207207207
E00036142,204,59,19,40,145,135,10,28.921568627450984,9.313725490196079,19.607843137254903,71.07843137254902,66.17647058823529,4.901960784313726
E00036143,157,37,9,28,120,103,17,23.56687898089172,5.7324840764331215,17.8343949044586,76.43312101910828,65.60509554140127,10.828025477707007
E00036144,107,35,9,26,72,64,8,32.71028037383177,8.411214953271028,24.299065420560748,67.28971962616822,59.813084112149525,7.476635514018691
E00036145,121,38,9,29,83,73,10,31.40495867768595,7.43801652892562,23.96694214876033,68.59504132231406,60.33057851239669,8.264462809917356
E00036146,128,41,14,27,87,66,21,32.03125,10.9375,21.09375,67.96875,51.5625,16.40625
E00036147,136,41,10,31,95,80,15,30.14705882352941,7.352941176470589,22.794117647058822,69.85294117647058,58.82352941176471,11.029411764705882
E00036148,161,36,10,26,125,113,12,22.36024844720497,6.211180124223603,16.149068322981368,77.63975155279503,70.1863354037267,7.453416149068323
E00036149,137,27,15,12,110,93,17,19.708029197080293,10.948905109489052,8.75912408759124,80.2919708029197,67.88321167883211,12.408759124087592
E00036150,133,50,12,38,83,76,7,37.59398496240601,9.022556390977442,28.57142857142857,62.40601503759399,57.14285714285714,5.263157894736842
E00036152,203,52,13,39,151,132,19,25.615763546798032,6.403940886699508,19.21182266009852,74.38423645320196,65.02463054187191,9.35960591133005
E00036155,141,35,13,22,106,95,11,24.822695035460992,9.219858156028367,15.602836879432624,75.177304964539,67.37588652482269,7.801418439716312
E00036156,124,35,17,18,89,70,19,28.225806451612907,13.709677419354838,14.516129032258066,71.7741935483871,56.451612903225815,15.32258064516129
E00036157,122,30,10,20,92,77,15,24.59016393442623,8.19672131147541,16.39344262295082,75.40983606557377,63.114754098360656,12.295081967213115
E00036158,190,58,17,41,132,116,16,30.526315789473685,8.947368421052632,21.578947368421055,69.47368421052632,61.05263157894737,8.421052631578947
E00036159,109,27,9,18,82,72,10,24.770642201834864,8.256880733944955,16.51376146788991,75.22935779816514,66.05504587155964,9.174311926605505
E00036160,136,33,8,25,103,92,11,24.264705882352942,5.88235294117647,18.38235294117647,75.73529411764706,67.64705882352942,8.088235294117647
E00036161,89,31,8,23,58,53,5,34.831460674157306,8.98876404494382,25.842696629213485,65.1685393258427,59.55056179775281,5.617977528089887
E00036162,160,43,21,22,117,101,16,26.875,13.125,13.750000000000002,73.125,63.125,10
E00036163,143,40,12,28,103,97,6,27.972027972027973,8.391608391608392,19.58041958041958,72.02797202797203,67.83216783216784,4.195804195804196
E00036164,185,47,16,31,138,125,13,25.405405405405407,8.64864864864865,16.756756756756758,74.5945945945946,67.56756756756756,7.027027027027027
E00036165,69,22,8,14,47,39,8,31.88405797101449,11.594202898550725,20.28985507246377,68.11594202898551,56.52173913043478,11.594202898550725
E00036166,129,38,12,26,91,82,9,29.457364341085274,9.30232558139535,20.155038759689923,70.54263565891473,63.565891472868216,6.976744186046512
E00036167,134,48,15,33,86,80,6,35.82089552238806,11.194029850746269,24.62686567164179,64.17910447761194,59.70149253731343,4.477611940298507
E00036168,125,41,17,24,84,74,10,32.800000000000004,13.600000000000001,19.2,67.2,59.199999999999996,8
E00036169,126,37,9,28,89,80,9,29.365079365079367,7.142857142857142,22.22222222222222,70.63492063492063,63.49206349206349,7.142857142857142
E00036170,118,43,5,38,75,63,12,36.440677966101696,4.23728813559322,32.20338983050847,63.559322033898304,53.38983050847458,10.16949152542373
E00036171,103,32,7,25,71,62,9,31.06796116504854,6.796116504854369,24.271844660194176,68.93203883495146,60.19417475728155,8.737864077669903
E00036172,100,32,7,25,68,60,8,32,7.000000000000001,25,68,60,8
E00036173,156,36,8,28,120,109,11,23.076923076923077,5.128205128205128,17.94871794871795,76.92307692307693,69.87179487179486,7.051282051282051
E00036174,73,18,2,16,55,50,5,24.65753424657534,2.73972602739726,21.91780821917808,75.34246575342466,68.4931506849315,6.8493150684931505
E00036175,161,51,12,39,110,92,18,31.67701863354037,7.453416149068323,24.22360248447205,68.32298136645963,57.14285714285714,11.180124223602485
E00036176,117,34,11,23,83,74,9,29.059829059829063,9.401709401709402,19.65811965811966,70.94017094017094,63.24786324786324,7.6923076923076925
E00036177,177,44,11,33,133,122,11,24.858757062146893,6.214689265536723,18.64406779661017,75.14124293785311,68.92655367231639,6.214689265536723
E00036178,136,40,11,29,96,91,5,29.411764705882355,8.088235294117647,21.323529411764707,70.58823529411765,66.91176470588235,3.6764705882352944
E00036179,130,46,15,31,84,73,11,35.38461538461539,11.538461538461538,23.846153846153847,64.61538461538461,56.15384615384615,8.461538461538462
E00036180,156,48,6,42,108,97,11,30.76923076923077,3.8461538461538463,26.923076923076923,69.23076923076923,62.17948717948718,7.051282051282051
E00036181,156,45,14,31,111,102,9,28.846153846153843,8.974358974358974,19.871794871794872,71.15384615384616,65.38461538461539,5.769230769230769
E00036182,145,41,11,30,104,96,8,28.27586206896552,7.586206896551724,20.689655172413794,71.72413793103448,66.20689655172414,5.517241379310345
E00036183,130,45,16,29,85,80,5,34.61538461538461,12.307692307692308,22.30769230769231,65.38461538461539,61.53846153846154,3.8461538461538463
E00036184,98,36,11,25,62,59,3,36.734693877551024,11.224489795918368,25.510204081632654,63.26530612244898,60.204081632653065,3.061224489795918
E00036185,135,40,16,24,95,85,10,29.629629629629626,11.851851851851853,17.77777777777778,70.37037037037037,62.96296296296296,7.4074074074074066
E00036186,97,30,9,21,67,58,9,30.927835051546392,9.278350515463918,21.649484536082475,69.0721649484536,59.79381443298969,9.278350515463918
E00036187,143,43,18,25,100,89,11,30.069930069930066,12.587412587412588,17.482517482517483,69.93006993006993,62.23776223776224,7.6923076923076925
E00036188,156,39,10,29,117,112,5,25,6.41025641025641,18.58974358974359,75,71.7948717948718,3.205128205128205
E00036189,131,39,5,34,92,87,5,29.770992366412212,3.816793893129771,25.954198473282442,70.22900763358778,66.41221374045801,3.816793893129771
E00036190,111,44,12,32,67,62,5,39.63963963963964,10.81081081081081,28.82882882882883,60.36036036036037,55.85585585585585,4.504504504504505
E00036191,104,26,7,19,78,67,11,25,6.730769230769231,18.269230769230766,75,64.42307692307693,10.576923076923077
E00036192,119,41,10,31,78,67,11,34.45378151260504,8.403361344537815,26.05042016806723,65.54621848739495,56.30252100840336,9.243697478991598
E00036193,166,35,14,21,131,119,12,21.084337349397593,8.433734939759036,12.650602409638553,78.91566265060241,71.6867469879518,7.228915662650602
E00036194,147,48,20,28,99,83,16,32.6530612244898,13.60544217687075,19.047619047619047,67.3469387755102,56.4625850340136,10.884353741496598
E00036195,125,39,17,22,86,77,9,31.2,13.600000000000001,17.599999999999998,68.8,61.6,7.199999999999999
E00036196,112,36,14,22,76,63,13,32.142857142857146,12.5,19.642857142857142,67.85714285714286,56.25,11.607142857142858
E00036197,111,31,11,20,80,73,7,27.927927927927925,9.90990990990991,18.01801801801802,72.07207207207207,65.76576576576578,6.306306306306306
E00036198,122,40,15,25,82,63,19,32.78688524590164,12.295081967213115,20.491803278688526,67.21311475409836,51.63934426229508,15.573770491803279
E00036199,100,40,14,26,60,56,4,40,14.000000000000002,26,60,56.00000000000001,4
E00036200,135,43,18,25,92,85,7,31.851851851851855,13.333333333333334,18.51851851851852,68.14814814814815,62.96296296296296,5.185185185185185
E00036201,99,30,16,14,69,61,8,30.303030303030305,16.161616161616163,14.14141414141414,69.6969696969697,61.61616161616161,8.080808080808081
E00036202,117,40,14,26,77,62,15,34.18803418803419,11.965811965811966,22.22222222222222,65.8119658119658,52.991452991452995,12.82051282051282
E00036203,148,43,12,31,105,93,12,29.054054054054053,8.108108108108109,20.945945945945947,70.94594594594594,62.83783783783784,8.108108108108109
E00036204,164,54,19,35,110,72,38,32.926829268292686,11.585365853658537,21.341463414634145,67.07317073170732,43.90243902439025,23.170731707317074
E00036205,113,27,8,19,86,82,4,23.893805309734514,7.079646017699115,16.8141592920354,76.10619469026548,72.56637168141593,3.5398230088495577
E00036206,114,26,13,13,88,78,10,22.807017543859647,11.403508771929824,11.403508771929824,77.19298245614034,68.42105263157895,8.771929824561402
E00036207,108,36,14,22,72,65,7,33.33333333333333,12.962962962962962,20.37037037037037,66.66666666666666,60.18518518518518,6.481481481481481
E00036208,156,47,19,28,109,89,20,30.128205128205128,12.179487179487179,17.94871794871795,69.87179487179486,57.05128205128205,12.82051282051282
E00036209,129,34,6,28,95,88,7,26.356589147286826,4.651162790697675,21.705426356589147,73.64341085271317,68.21705426356588,5.426356589147287
E00036210,136,46,24,22,90,78,12,33.82352941176471,17.647058823529413,16.176470588235293,66.17647058823529,57.35294117647059,8.823529411764707
E00036211,116,31,5,26,85,79,6,26.72413793103448,4.310344827586207,22.413793103448278,73.27586206896551,68.10344827586206,5.172413793103448
E00036212,137,42,13,29,95,80,15,30.656934306569344,9.48905109489051,21.16788321167883,69.34306569343066,58.3941605839416,10.948905109489052
E00036213,135,42,7,35,93,83,10,31.11111111111111,5.185185185185185,25.925925925925924,68.88888888888889,61.48148148148148,7.4074074074074066
E00036214,132,36,15,21,96,90,6,27.27272727272727,11.363636363636363,15.909090909090908,72.72727272727273,68.18181818181817,4.545454545454546
E00036215,134,33,7,26,101,92,9,24.62686567164179,5.223880597014925,19.402985074626866,75.3731343283582,68.65671641791045,6.7164179104477615
E00036216,152,35,9,26,117,102,15,23.026315789473685,5.921052631578947,17.105263157894736,76.97368421052632,67.10526315789474,9.868421052631579
E00036217,144,37,7,30,107,93,14,25.694444444444443,4.861111111111112,20.833333333333336,74.30555555555556,64.58333333333334,9.722222222222223
E00036218,139,37,17,20,102,88,14,26.618705035971225,12.23021582733813,14.388489208633093,73.38129496402878,63.30935251798561,10.071942446043165
E00036219,117,32,8,24,85,71,14,27.350427350427353,6.837606837606838,20.51282051282051,72.64957264957265,60.68376068376068,11.965811965811966
E00036220,49,22,4,18,27,22,5,44.89795918367347,8.16326530612245,36.734693877551024,55.10204081632652,44.89795918367347,10.204081632653061
E00036221,141,40,9,31,101,84,17,28.368794326241137,6.382978723404255,21.98581560283688,71.63120567375887,59.57446808510638,12.056737588652481
E00036222,53,19,4,15,34,30,4,35.84905660377358,7.547169811320755,28.30188679245283,64.15094339622641,56.60377358490566,7.547169811320755
E00036223,147,44,16,28,103,91,12,29.931972789115648,10.884353741496598,19.047619047619047,70.06802721088435,61.904761904761905,8.16326530612245
E00036224,116,41,14,27,75,62,13,35.3448275862069,12.068965517241379,23.275862068965516,64.65517241379311,53.44827586206896,11.206896551724139
E00036225,100,38,10,28,62,57,5,38,10,28.000000000000004,62,56.99999999999999,5
E00036226,206,50,14,36,156,143,13,24.271844660194176,6.796116504854369,17.475728155339805,75.72815533980582,69.41747572815534,6.310679611650485
E00036227,130,37,10,27,93,84,9,28.46153846153846,7.6923076923076925,20.76923076923077,71.53846153846153,64.61538461538461,6.923076923076923
E00036228,108,30,6,24,78,76,2,27.77777777777778,5.555555555555555,22.22222222222222,72.22222222222221,70.37037037037037,1.8518518518518516
E00036229,145,46,13,33,99,88,11,31.724137931034484,8.96551724137931,22.758620689655174,68.27586206896552,60.689655172413794,7.586206896551724
E00036230,150,36,7,29,114,102,12,24,4.666666666666667,19.333333333333332,76,68,8
E00036231,144,48,12,36,96,84,12,33.33333333333333,8.333333333333332,25,66.66666666666666,58.333333333333336,8.333333333333332
E00036232,128,36,11,25,92,74,18,28.125,8.59375,19.53125,71.875,57.8125,14.0625
E00036233,67,21,8,13,46,39,7,31.343283582089555,11.940298507462686,19.402985074626866,68.65671641791045,58.2089552238806,10.44776119402985
E00036234,127,39,12,27,88,77,11,30.708661417322837,9.448818897637794,21.25984251968504,69.29133858267717,60.629921259842526,8.661417322834646
E00036235,194,45,13,32,149,130,19,23.195876288659793,6.701030927835052,16.49484536082474,76.80412371134021,67.0103092783505,9.793814432989691
E00036236,164,48,14,34,116,103,13,29.268292682926827,8.536585365853659,20.73170731707317,70.73170731707317,62.80487804878049,7.926829268292683
E00036237,126,31,8,23,95,88,7,24.6031746031746,6.349206349206349,18.253968253968253,75.39682539682539,69.84126984126983,5.555555555555555
E00036238,137,34,8,26,103,92,11,24.817518248175183,5.839416058394161,18.97810218978102,75.18248175182481,67.15328467153284,8.02919708029197
E00036239,127,34,13,21,93,80,13,26.77165354330709,10.236220472440944,16.535433070866144,73.22834645669292,62.99212598425197,10.236220472440944
E00036240,108,31,13,18,77,66,11,28.703703703703702,12.037037037037036,16.666666666666664,71.29629629629629,61.111111111111114,10.185185185185185
E00036241,76,27,10,17,49,42,7,35.526315789473685,13.157894736842104,22.36842105263158,64.47368421052632,55.26315789473685,9.210526315789473
E00036242,131,47,17,30,84,78,6,35.87786259541985,12.977099236641221,22.900763358778626,64.12213740458014,59.541984732824424,4.580152671755725
E00036243,120,34,14,20,86,68,18,28.333333333333332,11.666666666666666,16.666666666666664,71.66666666666667,56.666666666666664,15
E00036244,157,47,11,36,110,103,7,29.936305732484076,7.006369426751593,22.929936305732486,70.06369426751591,65.60509554140127,4.45859872611465
E00036245,111,37,15,22,74,64,10,33.33333333333333,13.513513513513514,19.81981981981982,66.66666666666666,57.65765765765766,9.00900900900901
E00036246,116,22,10,12,94,75,19,18.96551724137931,8.620689655172415,10.344827586206897,81.03448275862068,64.65517241379311,16.379310344827587
E00036247,202,56,20,36,146,131,15,27.722772277227726,9.900990099009901,17.82178217821782,72.27722772277228,64.85148514851485,7.425742574257425
E00036248,146,47,14,33,99,93,6,32.19178082191781,9.58904109589041,22.602739726027394,67.8082191780822,63.6986301369863,4.10958904109589
E00036249,141,47,17,30,94,84,10,33.33333333333333,12.056737588652481,21.27659574468085,66.66666666666666,59.57446808510638,7.092198581560284
E00036251,146,34,10,24,112,97,15,23.28767123287671,6.8493150684931505,16.43835616438356,76.71232876712328,66.43835616438356,10.273972602739725
E00036252,178,51,14,37,127,110,17,28.651685393258425,7.865168539325842,20.786516853932586,71.34831460674157,61.79775280898876,9.550561797752808
E00036253,173,44,10,34,129,107,22,25.43352601156069,5.780346820809249,19.653179190751445,74.56647398843931,61.849710982658955,12.716763005780345
E00036254,164,34,14,20,130,122,8,20.73170731707317,8.536585365853659,12.195121951219512,79.26829268292683,74.39024390243902,4.878048780487805
E00036255,109,24,11,13,85,73,12,22.018348623853214,10.091743119266056,11.926605504587156,77.98165137614679,66.97247706422019,11.009174311926607
E00036256,167,57,26,31,110,84,26,34.13173652694611,15.568862275449103,18.562874251497004,65.86826347305389,50.29940119760479,15.568862275449103
E00036257,174,34,13,21,140,121,19,19.54022988505747,7.471264367816093,12.068965517241379,80.45977011494253,69.54022988505747,10.919540229885058
E00036258,50,5,5,0,45,36,9,10,10,0,90,72,18
E00036259,147,38,12,26,109,92,17,25.850340136054424,8.16326530612245,17.687074829931973,74.14965986394559,62.585034013605444,11.564625850340136
E00036260,94,25,12,13,69,57,12,26.595744680851062,12.76595744680851,13.829787234042554,73.40425531914893,60.63829787234043,12.76595744680851
E00036261,71,11,4,7,60,50,10,15.492957746478872,5.633802816901409,9.859154929577464,84.50704225352112,70.4225352112676,14.084507042253522
E00036262,123,35,12,23,88,75,13,28.455284552845526,9.75609756097561,18.69918699186992,71.54471544715447,60.97560975609756,10.569105691056912
E00036263,149,44,8,36,105,94,11,29.53020134228188,5.369127516778524,24.161073825503358,70.46979865771812,63.08724832214765,7.38255033557047
E00036264,110,32,12,20,78,64,14,29.09090909090909,10.909090909090908,18.181818181818183,70.9090909090909,58.18181818181818,12.727272727272727
E00036265,140,47,18,29,93,82,11,33.57142857142857,12.857142857142856,20.714285714285715,66.42857142857143,58.57142857142858,7.857142857142857
E00036266,155,55,25,30,100,86,14,35.483870967741936,16.129032258064516,19.35483870967742,64.51612903225806,55.483870967741936,9.032258064516128
E00036267,122,44,17,27,78,64,14,36.0655737704918,13.934426229508196,22.131147540983605,63.934426229508205,52.459016393442624,11.475409836065573
E00036268,178,53,16,37,125,103,22,29.775280898876407,8.98876404494382,20.786516853932586,70.2247191011236,57.865168539325836,12.359550561797752
E00036269,162,43,13,30,119,108,11,26.543209876543212,8.024691358024691,18.51851851851852,73.4567901234568,66.66666666666666,6.790123456790123
E00036270,133,24,10,14,109,96,13,18.045112781954884,7.518796992481203,10.526315789473683,81.95488721804512,72.18045112781954,9.774436090225564
E00036271,94,36,10,26,58,48,10,38.297872340425535,10.638297872340425,27.659574468085108,61.702127659574465,51.06382978723404,10.638297872340425
E00036272,112,44,21,23,68,63,5,39.285714285714285,18.75,20.535714285714285,60.71428571428571,56.25,4.464285714285714
E00036273,106,37,6,31,69,63,6,34.90566037735849,5.660377358490567,29.245283018867923,65.09433962264151,59.43396226415094,5.660377358490567
E00036274,79,36,11,25,43,42,1,45.56962025316456,13.924050632911392,31.645569620253166,54.43037974683544,53.16455696202531,1.2658227848101267
E00036275,94,32,6,26,62,54,8,34.04255319148936,6.382978723404255,27.659574468085108,65.95744680851064,57.446808510638306,8.51063829787234
E00036276,154,39,10,29,115,100,15,25.324675324675322,6.493506493506493,18.83116883116883,74.67532467532467,64.93506493506493,9.740259740259742
E00036277,87,33,8,25,54,47,7,37.93103448275862,9.195402298850574,28.735632183908045,62.06896551724138,54.02298850574713,8.045977011494253
E00036278,248,65,19,46,183,152,31,26.209677419354836,7.661290322580645,18.548387096774192,73.79032258064517,61.29032258064516,12.5
E00036279,140,44,4,40,96,85,11,31.428571428571427,2.857142857142857,28.57142857142857,68.57142857142857,60.71428571428571,7.857142857142857
E00036280,185,50,14,36,135,112,23,27.027027027027028,7.567567567567568,19.45945945945946,72.97297297297297,60.54054054054055,12.432432432432433
E00036281,137,43,11,32,94,84,10,31.386861313868614,8.02919708029197,23.357664233576642,68.61313868613139,61.31386861313869,7.2992700729927
E00036282,148,59,18,41,89,79,10,39.86486486486486,12.162162162162163,27.7027027027027,60.13513513513513,53.37837837837838,6.756756756756757
E00036283,152,42,7,35,110,97,13,27.631578947368425,4.605263157894736,23.026315789473685,72.36842105263158,63.81578947368421,8.552631578947368
E00036284,135,37,9,28,98,91,7,27.40740740740741,6.666666666666667,20.74074074074074,72.5925925925926,67.4074074074074,5.185185185185185
E00036285,166,45,11,34,121,109,12,27.10843373493976,6.626506024096386,20.481927710843372,72.89156626506023,65.66265060240963,7.228915662650602
E00036286,150,46,13,33,104,94,10,30.666666666666664,8.666666666666668,22,69.33333333333334,62.66666666666667,6.666666666666667
E00036287,89,18,6,12,71,63,8,20.224719101123593,6.741573033707865,13.48314606741573,79.7752808988764,70.78651685393258,8.98876404494382
E00036288,160,46,11,35,114,89,25,28.749999999999996,6.875000000000001,21.875,71.25,55.625,15.625
E00036289,167,59,17,42,108,83,25,35.32934131736527,10.179640718562874,25.149700598802394,64.67065868263472,49.700598802395206,14.97005988023952
E00036290,188,46,18,28,142,123,19,24.46808510638298,9.574468085106384,14.893617021276595,75.53191489361703,65.42553191489363,10.106382978723403
E00036291,144,42,9,33,102,97,5,29.166666666666668,6.25,22.916666666666664,70.83333333333334,67.36111111111111,3.4722222222222223
E00036292,194,36,7,29,158,142,16,18.556701030927837,3.608247422680412,14.948453608247423,81.44329896907216,73.19587628865979,8.24742268041237
E00036293,164,43,17,26,121,104,17,26.21951219512195,10.365853658536585,15.853658536585366,73.78048780487805,63.41463414634146,10.365853658536585
E00036294,168,42,11,31,126,115,11,25,6.547619047619048,18.452380952380953,75,68.45238095238095,6.547619047619048
E00036295,123,35,15,20,88,80,8,28.455284552845526,12.195121951219512,16.260162601626014,71.54471544715447,65.04065040650406,6.504065040650407
E00036296,130,28,6,22,102,85,17,21.53846153846154,4.615384615384616,16.923076923076923,78.46153846153847,65.38461538461539,13.076923076923078
E00036297,161,53,12,41,108,105,3,32.91925465838509,7.453416149068323,25.465838509316768,67.08074534161491,65.21739130434783,1.8633540372670807
E00036298,163,51,15,36,112,102,10,31.28834355828221,9.202453987730062,22.085889570552148,68.71165644171779,62.57668711656442,6.134969325153374
E00036299,111,27,11,16,84,77,7,24.324324324324326,9.90990990990991,14.414414414414415,75.67567567567568,69.36936936936937,6.306306306306306
E00036300,95,25,8,17,70,60,10,26.31578947368421,8.421052631578947,17.894736842105264,73.68421052631578,63.1578947368421,10.526315789473683
E00036301,120,30,10,20,90,80,10,25,8.333333333333332,16.666666666666664,75,66.66666666666666,8.333333333333332
E00036302,118,41,15,26,77,72,5,34.74576271186441,12.711864406779661,22.033898305084744,65.2542372881356,61.016949152542374,4.23728813559322
E00036303,140,54,24,30,86,73,13,38.57142857142858,17.142857142857142,21.428571428571427,61.42857142857143,52.142857142857146,9.285714285714286
E00036304,169,47,13,34,122,110,12,27.810650887573964,7.6923076923076925,20.118343195266274,72.18934911242604,65.08875739644971,7.100591715976331
E00036305,140,42,12,30,98,88,10,30,8.571428571428571,21.428571428571427,70,62.857142857142854,7.142857142857142
E00036306,132,43,14,29,89,74,15,32.57575757575758,10.606060606060606,21.96969696969697,67.42424242424242,56.060606060606055,11.363636363636363
E00036307,113,34,7,27,79,68,11,30.08849557522124,6.1946902654867255,23.893805309734514,69.91150442477876,60.17699115044248,9.734513274336283
E00036308,121,36,19,17,85,72,13,29.75206611570248,15.702479338842975,14.049586776859504,70.24793388429752,59.50413223140496,10.743801652892563
E00036309,148,45,10,35,103,92,11,30.405405405405407,6.756756756756757,23.64864864864865,69.5945945945946,62.16216216216216,7.4324324324324325
E00036310,155,46,20,26,109,93,16,29.677419354838708,12.903225806451612,16.7741935483871,70.3225806451613,60,10.32258064516129
E00036311,108,33,6,27,75,66,9,30.555555555555557,5.555555555555555,25,69.44444444444444,61.111111111111114,8.333333333333332
E00036312,108,35,9,26,73,69,4,32.407407407407405,8.333333333333332,24.074074074074073,67.5925925925926,63.888888888888886,3.7037037037037033
E00036313,138,43,13,30,95,91,4,31.15942028985507,9.420289855072465,21.73913043478261,68.84057971014492,65.94202898550725,2.898550724637681
E00036314,127,35,7,28,92,88,4,27.559055118110237,5.511811023622047,22.04724409448819,72.44094488188976,69.29133858267717,3.149606299212598
E00036315,97,26,5,21,71,68,3,26.804123711340207,5.154639175257731,21.649484536082475,73.19587628865979,70.10309278350515,3.0927835051546393
E00036316,121,41,8,33,80,73,7,33.88429752066116,6.6115702479338845,27.27272727272727,66.11570247933885,60.33057851239669,5.785123966942149
E00036317,139,39,11,28,100,87,13,28.05755395683453,7.913669064748201,20.14388489208633,71.94244604316546,62.589928057553955,9.352517985611511
E00036318,150,34,9,25,116,102,14,22.666666666666664,6,16.666666666666664,77.33333333333333,68,9.333333333333334
E00036319,161,40,17,23,121,107,14,24.84472049689441,10.559006211180124,14.285714285714285,75.15527950310559,66.45962732919256,8.695652173913043
E00036321,151,44,13,31,107,95,12,29.13907284768212,8.609271523178808,20.52980132450331,70.86092715231787,62.913907284768214,7.9470198675496695
E00036322,117,34,8,26,83,75,8,29.059829059829063,6.837606837606838,22.22222222222222,70.94017094017094,64.1025641025641,6.837606837606838
E00036323,117,39,13,26,78,64,14,33.33333333333333,11.11111111111111,22.22222222222222,66.66666666666666,54.700854700854705,11.965811965811966
E00036324,119,29,10,19,90,79,11,24.369747899159663,8.403361344537815,15.966386554621847,75.63025210084034,66.38655462184873,9.243697478991598
E00036325,159,44,14,30,115,108,7,27.67295597484277,8.80503144654088,18.867924528301888,72.32704402515722,67.9245283018868,4.40251572327044
E00036326,52,12,4,8,40,35,5,23.076923076923077,7.6923076923076925,15.384615384615385,76.92307692307693,67.3076923076923,9.615384615384617
E00036327,106,33,6,27,73,71,2,31.132075471698112,5.660377358490567,25.471698113207548,68.86792452830188,66.98113207547169,1.8867924528301887
E00036328,215,55,20,35,160,131,29,25.581395348837212,9.30232558139535,16.27906976744186,74.4186046511628,60.93023255813953,13.488372093023257
E00036329,140,49,9,40,91,77,14,35,6.428571428571428,28.57142857142857,65,55.00000000000001,10
E00036330,140,42,15,27,98,86,12,30,10.714285714285714,19.28571428571429,70,61.42857142857143,8.571428571428571
E00036331,178,52,15,37,126,119,7,29.213483146067414,8.426966292134832,20.786516853932586,70.78651685393258,66.85393258426966,3.932584269662921
E00036332,135,29,9,20,106,98,8,21.48148148148148,6.666666666666667,14.814814814814813,78.51851851851852,72.5925925925926,5.9259259259259265
E00036333,107,32,14,18,75,68,7,29.906542056074763,13.084112149532709,16.822429906542055,70.09345794392523,63.55140186915887,6.5420560747663545
E00036334,149,40,12,28,109,92,17,26.845637583892618,8.053691275167784,18.79194630872483,73.15436241610739,61.74496644295302,11.409395973154362
E00036335,130,42,12,30,88,77,11,32.30769230769231,9.230769230769232,23.076923076923077,67.6923076923077,59.23076923076923,8.461538461538462
E00036336,99,33,7,26,66,65,1,33.33333333333333,7.07070707070707,26.262626262626267,66.66666666666666,65.65656565656566,1.0101010101010102
E00036337,128,40,11,29,88,81,7,31.25,8.59375,22.65625,68.75,63.28125,5.46875
E00036338,148,50,15,35,98,83,15,33.78378378378378,10.135135135135135,23.64864864864865,66.21621621621621,56.08108108108109,10.135135135135135
E00036339,155,40,11,29,115,101,14,25.806451612903224,7.096774193548387,18.70967741935484,74.19354838709677,65.16129032258064,9.032258064516128
E00036340,145,45,13,32,100,86,14,31.03448275862069,8.96551724137931,22.06896551724138,68.96551724137932,59.310344827586206,9.655172413793103
E00036341,116,46,10,36,70,59,11,39.6551724137931,8.620689655172415,31.03448275862069,60.3448275862069,50.86206896551724,9.482758620689655
E00036342,111,37,8,29,74,67,7,33.33333333333333,7.207207207207207,26.126126126126124,66.66666666666666,60.36036036036037,6.306306306306306
E00036343,113,39,12,27,74,64,10,34.51327433628318,10.619469026548673,23.893805309734514,65.48672566371681,56.63716814159292,8.849557522123893
E00036344,138,50,6,44,88,81,7,36.231884057971016,4.3478260869565215,31.88405797101449,63.76811594202898,58.69565217391305,5.072463768115942
E00036345,136,61,27,34,75,65,10,44.85294117647059,19.852941176470587,25,55.14705882352941,47.794117647058826,7.352941176470589
E00036346,147,38,15,23,109,95,14,25.850340136054424,10.204081632653061,15.646258503401361,74.14965986394559,64.62585034013605,9.523809523809524
E00036347,98,25,12,13,73,64,9,25.510204081632654,12.244897959183673,13.26530612244898,74.48979591836735,65.3061224489796,9.183673469387756
E00036348,115,37,12,25,78,67,11,32.17391304347826,10.434782608695652,21.73913043478261,67.82608695652173,58.26086956521739,9.565217391304348
E00036349,218,60,20,40,158,134,24,27.522935779816514,9.174311926605505,18.34862385321101,72.47706422018348,61.46788990825688,11.009174311926607
E00036350,139,45,14,31,94,84,10,32.37410071942446,10.071942446043165,22.302158273381295,67.62589928057554,60.431654676258994,7.1942446043165464
E00036351,153,37,9,28,116,106,10,24.183006535947712,5.88235294117647,18.30065359477124,75.81699346405229,69.28104575163398,6.535947712418301
E00036352,153,39,10,29,114,93,21,25.49019607843137,6.535947712418301,18.954248366013072,74.50980392156863,60.78431372549019,13.725490196078432
E00036353,111,38,11,27,73,67,6,34.234234234234236,9.90990990990991,24.324324324324326,65.76576576576578,60.36036036036037,5.405405405405405
E00036354,134,35,9,26,99,83,16,26.119402985074625,6.7164179104477615,19.402985074626866,73.88059701492537,61.940298507462686,11.940298507462686
E00036355,139,43,22,21,96,86,10,30.935251798561154,15.827338129496402,15.107913669064748,69.06474820143885,61.87050359712231,7.1942446043165464
E00036356,152,53,16,37,99,94,5,34.868421052631575,10.526315789473683,24.342105263157894,65.13157894736842,61.8421052631579,3.289473684210526
E00036357,125,41,13,28,84,69,15,32.800000000000004,10.4,22.400000000000002,67.2,55.2,12
E00036358,113,47,12,35,66,59,7,41.5929203539823,10.619469026548673,30.973451327433626,58.4070796460177,52.21238938053098,6.1946902654867255
E00036359,129,46,8,38,83,76,7,35.65891472868217,6.2015503875969,29.457364341085274,64.34108527131784,58.91472868217055,5.426356589147287
E00036360,134,46,12,34,88,82,6,34.32835820895522,8.955223880597014,25.37313432835821,65.67164179104478,61.19402985074627,4.477611940298507
E00036361,181,55,10,45,126,109,17,30.386740331491712,5.524861878453039,24.861878453038674,69.61325966850829,60.22099447513812,9.392265193370166
E00036362,113,26,8,18,87,84,3,23.008849557522122,7.079646017699115,15.929203539823009,76.99115044247787,74.33628318584071,2.6548672566371683
E00036363,119,37,12,25,82,70,12,31.092436974789916,10.084033613445378,21.008403361344538,68.90756302521008,58.82352941176471,10.084033613445378
E00036364,82,29,10,19,53,45,8,35.36585365853659,12.195121951219512,23.170731707317074,64.63414634146342,54.87804878048781,9.75609756097561
E00036365,64,26,8,18,38,37,1,40.625,12.5,28.125,59.375,57.8125,1.5625
E00036366,164,51,16,35,113,107,6,31.097560975609756,9.75609756097561,21.341463414634145,68.90243902439023,65.2439024390244,3.6585365853658534
E00036367,129,36,8,28,93,82,11,27.906976744186046,6.2015503875969,21.705426356589147,72.09302325581395,63.565891472868216,8.527131782945736
E00036368,164,60,21,39,104,95,9,36.58536585365854,12.804878048780488,23.78048780487805,63.41463414634146,57.92682926829268,5.487804878048781
E00036369,149,55,13,42,94,85,9,36.91275167785235,8.724832214765101,28.187919463087248,63.08724832214765,57.04697986577181,6.0402684563758395
E00036370,90,27,6,21,63,52,11,30,6.666666666666667,23.333333333333332,70,57.77777777777777,12.222222222222221
E00036371,128,49,12,37,79,70,9,38.28125,9.375,28.90625,61.71875,54.6875,7.03125
E00036372,126,29,11,18,97,86,11,23.015873015873016,8.73015873015873,14.285714285714285,76.98412698412699,68.25396825396825,8.73015873015873
E00036373,132,36,6,30,96,83,13,27.27272727272727,4.545454545454546,22.727272727272727,72.72727272727273,62.878787878787875,9.848484848484848
E00036374,136,46,13,33,90,81,9,33.82352941176471,9.558823529411764,24.264705882352942,66.17647058823529,59.55882352941176,6.61764705882353
E00036375,136,42,11,31,94,86,8,30.88235294117647,8.088235294117647,22.794117647058822,69.11764705882352,63.23529411764706,5.88235294117647
E00036376,153,47,8,39,106,91,15,30.718954248366014,5.228758169934641,25.49019607843137,69.28104575163398,59.47712418300654,9.803921568627452
E00036377,168,42,16,26,126,117,9,25,9.523809523809524,15.476190476190476,75,69.64285714285714,5.357142857142857
E00036378,113,35,9,26,78,72,6,30.973451327433626,7.964601769911504,23.008849557522122,69.02654867256636,63.716814159292035,5.3097345132743365
E00036379,242,69,21,48,173,157,16,28.512396694214875,8.677685950413224,19.834710743801654,71.48760330578511,64.87603305785123,6.6115702479338845
E00036380,126,46,15,31,80,72,8,36.507936507936506,11.904761904761903,24.6031746031746,63.49206349206349,57.14285714285714,6.349206349206349
E00036381,142,39,7,32,103,96,7,27.464788732394368,4.929577464788732,22.535211267605636,72.53521126760563,67.6056338028169,4.929577464788732
E00036382,137,44,12,32,93,80,13,32.11678832116788,8.75912408759124,23.357664233576642,67.88321167883211,58.3941605839416,9.48905109489051
E00036383,99,32,13,19,67,59,8,32.323232323232325,13.131313131313133,19.19191919191919,67.67676767676768,59.59595959595959,8.080808080808081
E00036384,133,49,16,33,84,62,22,36.84210526315789,12.030075187969924,24.81203007518797,63.1578947368421,46.616541353383454,16.541353383458645
E00036385,111,42,20,22,69,55,14,37.83783783783784,18.01801801801802,19.81981981981982,62.16216216216216,49.549549549549546,12.612612612612612
E00036386,142,48,21,27,94,69,25,33.80281690140845,14.788732394366196,19.014084507042252,66.19718309859155,48.59154929577465,17.6056338028169
E00036387,113,40,17,23,73,59,14,35.39823008849557,15.04424778761062,20.353982300884958,64.60176991150442,52.21238938053098,12.389380530973451
E00036388,104,37,19,18,67,49,18,35.57692307692308,18.269230769230766,17.307692307692307,64.42307692307693,47.11538461538461,17.307692307692307
E00036389,147,40,12,28,107,94,13,27.2108843537415,8.16326530612245,19.047619047619047,72.78911564625851,63.94557823129252,8.843537414965986
E00036390,141,48,21,27,93,71,22,34.04255319148936,14.893617021276595,19.148936170212767,65.95744680851064,50.35460992907801,15.602836879432624
E00036391,124,40,18,22,84,63,21,32.25806451612903,14.516129032258066,17.741935483870968,67.74193548387096,50.806451612903224,16.93548387096774
E00036392,153,52,21,31,101,89,12,33.98692810457516,13.725490196078432,20.26143790849673,66.01307189542483,58.16993464052288,7.8431372549019605
E00036393,155,55,15,40,100,75,25,35.483870967741936,9.67741935483871,25.806451612903224,64.51612903225806,48.38709677419355,16.129032258064516
E00036394,113,38,20,18,75,58,17,33.6283185840708,17.699115044247787,15.929203539823009,66.3716814159292,51.32743362831859,15.04424778761062
E00036395,113,38,12,26,75,63,12,33.6283185840708,10.619469026548673,23.008849557522122,66.3716814159292,55.75221238938053,10.619469026548673
E00036396,85,23,11,12,62,50,12,27.058823529411764,12.941176470588237,14.117647058823529,72.94117647058823,58.82352941176471,14.117647058823529
E00036397,143,50,19,31,93,71,22,34.96503496503497,13.286713286713287,21.678321678321677,65.03496503496503,49.65034965034965,15.384615384615385
E00036398,159,51,19,32,108,94,14,32.075471698113205,11.949685534591195,20.125786163522015,67.9245283018868,59.11949685534591,8.80503144654088
E00036399,111,36,20,16,75,53,22,32.432432432432435,18.01801801801802,14.414414414414415,67.56756756756756,47.74774774774775,19.81981981981982
E00036400,104,28,9,19,76,58,18,26.923076923076923,8.653846153846153,18.269230769230766,73.07692307692307,55.769230769230774,17.307692307692307
E00036401,105,46,18,28,59,49,10,43.80952380952381,17.142857142857142,26.666666666666668,56.19047619047619,46.666666666666664,9.523809523809524
E00036402,108,35,21,14,73,61,12,32.407407407407405,19.444444444444446,12.962962962962962,67.5925925925926,56.481481481481474,11.11111111111111
E00036403,132,43,15,28,89,67,22,32.57575757575758,11.363636363636363,21.21212121212121,67.42424242424242,50.75757575757576,16.666666666666664
E00036404,155,64,25,39,91,77,14,41.29032258064516,16.129032258064516,25.161290322580644,58.70967741935483,49.67741935483871,9.032258064516128
E00036405,158,56,23,33,102,78,24,35.44303797468354,14.556962025316455,20.88607594936709,64.55696202531645,49.36708860759494,15.18987341772152
E00036406,107,30,9,21,77,63,14,28.037383177570092,8.411214953271028,19.626168224299064,71.96261682242991,58.87850467289719,13.084112149532709
E00036407,115,42,15,27,73,54,19,36.52173913043478,13.043478260869565,23.47826086956522,63.47826086956522,46.95652173913044,16.52173913043478
E00036408,103,36,8,28,67,60,7,34.95145631067961,7.766990291262135,27.184466019417474,65.0485436893204,58.252427184466015,6.796116504854369
E00036409,107,37,9,28,70,56,14,34.57943925233645,8.411214953271028,26.168224299065418,65.42056074766354,52.336448598130836,13.084112149532709
E00036410,40,12,4,8,28,28,0,30,10,20,70,70,0
E00036411,71,24,9,15,47,40,7,33.80281690140845,12.676056338028168,21.12676056338028,66.19718309859155,56.33802816901409,9.859154929577464
E00036412,139,37,6,31,102,86,16,26.618705035971225,4.316546762589928,22.302158273381295,73.38129496402878,61.87050359712231,11.510791366906476
E00036413,129,40,7,33,89,69,20,31.007751937984494,5.426356589147287,25.581395348837212,68.9922480620155,53.48837209302325,15.503875968992247
E00036414,125,34,14,20,91,72,19,27.200000000000003,11.200000000000001,16,72.8,57.599999999999994,15.2
E00036415,165,49,8,41,116,104,12,29.6969696969697,4.848484848484849,24.848484848484848,70.3030303030303,63.030303030303024,7.2727272727272725
E00036416,132,39,12,27,93,75,18,29.545454545454547,9.090909090909092,20.454545454545457,70.45454545454545,56.81818181818182,13.636363636363635
E00036417,116,33,13,20,83,64,19,28.448275862068968,11.206896551724139,17.24137931034483,71.55172413793103,55.172413793103445,16.379310344827587
E00036418,103,38,13,25,65,57,8,36.89320388349515,12.62135922330097,24.271844660194176,63.10679611650486,55.33980582524271,7.766990291262135
E00036419,143,37,1,36,106,89,17,25.874125874125873,0.6993006993006993,25.174825174825177,74.12587412587412,62.23776223776224,11.888111888111888
E00036420,106,37,14,23,69,53,16,34.90566037735849,13.20754716981132,21.69811320754717,65.09433962264151,50,15.09433962264151
E00036421,149,42,21,21,107,85,22,28.187919463087248,14.093959731543624,14.093959731543624,71.81208053691275,57.04697986577181,14.76510067114094
E00036422,163,52,15,37,111,97,14,31.901840490797547,9.202453987730062,22.699386503067483,68.09815950920245,59.50920245398773,8.588957055214724
E00036423,152,42,18,24,110,89,21,27.631578947368425,11.842105263157894,15.789473684210526,72.36842105263158,58.55263157894737,13.815789473684212
E00036424,170,50,19,31,120,102,18,29.411764705882355,11.176470588235295,18.235294117647058,70.58823529411765,60,10.588235294117647
E00036425,134,42,13,29,92,76,16,31.343283582089555,9.701492537313433,21.641791044776117,68.65671641791045,56.71641791044776,11.940298507462686
E00036426,114,36,17,19,78,62,16,31.57894736842105,14.912280701754385,16.666666666666664,68.42105263157895,54.385964912280706,14.035087719298245
E00036427,142,41,17,24,101,83,18,28.87323943661972,11.971830985915492,16.901408450704224,71.12676056338029,58.45070422535211,12.676056338028168
E00036428,96,35,11,24,61,56,5,36.45833333333333,11.458333333333332,25,63.541666666666664,58.333333333333336,5.208333333333334
E00036429,193,51,18,33,142,129,13,26.42487046632124,9.32642487046632,17.098445595854923,73.57512953367875,66.83937823834198,6.7357512953367875
E00036430,87,27,8,19,60,48,12,31.03448275862069,9.195402298850574,21.839080459770116,68.96551724137932,55.172413793103445,13.793103448275861
E00036431,173,50,22,28,123,106,17,28.901734104046245,12.716763005780345,16.184971098265898,71.09826589595376,61.27167630057804,9.826589595375722
E00036432,69,27,10,17,42,35,7,39.130434782608695,14.492753623188406,24.637681159420293,60.86956521739131,50.72463768115942,10.144927536231885
E00036433,122,41,17,24,81,61,20,33.60655737704918,13.934426229508196,19.672131147540984,66.39344262295081,50,16.39344262295082
E00036434,154,42,15,27,112,90,22,27.27272727272727,9.740259740259742,17.532467532467532,72.72727272727273,58.44155844155844,14.285714285714285
E00036435,144,46,17,29,98,73,25,31.944444444444443,11.805555555555555,20.13888888888889,68.05555555555556,50.69444444444444,17.36111111111111
E00036436,111,48,18,30,63,52,11,43.24324324324324,16.216216216216218,27.027027027027028,56.75675675675676,46.846846846846844,9.90990990990991
E00036437,89,21,7,14,68,56,12,23.595505617977526,7.865168539325842,15.730337078651685,76.40449438202246,62.92134831460674,13.48314606741573
E00036438,126,39,21,18,87,71,16,30.952380952380953,16.666666666666664,14.285714285714285,69.04761904761905,56.34920634920635,12.698412698412698
E00036439,102,23,9,14,79,61,18,22.54901960784314,8.823529411764707,13.725490196078432,77.45098039215686,59.80392156862745,17.647058823529413
E00036440,116,44,24,20,72,59,13,37.93103448275862,20.689655172413794,17.24137931034483,62.06896551724138,50.86206896551724,11.206896551724139
E00036441,107,39,14,25,68,55,13,36.44859813084112,13.084112149532709,23.364485981308412,63.55140186915887,51.4018691588785,12.149532710280374
E00036442,73,24,5,19,49,47,2,32.87671232876712,6.8493150684931505,26.027397260273972,67.12328767123287,64.38356164383562,2.73972602739726
E00036443,150,56,25,31,94,70,24,37.333333333333336,16.666666666666664,20.666666666666668,62.66666666666667,46.666666666666664,16
E00036444,168,57,22,35,111,83,28,33.92857142857143,13.095238095238097,20.833333333333336,66.07142857142857,49.404761904761905,16.666666666666664
E00036445,138,34,7,27,104,85,19,24.637681159420293,5.072463768115942,19.565217391304348,75.36231884057972,61.59420289855072,13.768115942028986
E00036446,151,45,16,29,106,97,9,29.80132450331126,10.596026490066226,19.205298013245034,70.19867549668875,64.23841059602648,5.960264900662252
E00036447,123,33,13,20,90,80,10,26.82926829268293,10.569105691056912,16.260162601626014,73.17073170731707,65.04065040650406,8.130081300813007
E00036448,174,57,23,34,117,103,14,32.758620689655174,13.218390804597702,19.54022988505747,67.24137931034483,59.195402298850574,8.045977011494253
E00036449,140,45,14,31,95,79,16,32.142857142857146,10,22.142857142857142,67.85714285714286,56.42857142857143,11.428571428571429
E00036450,160,55,16,39,105,87,18,34.375,10,24.375,65.625,54.37499999999999,11.25
E00036451,122,43,16,27,79,71,8,35.24590163934426,13.114754098360656,22.131147540983605,64.75409836065575,58.19672131147541,6.557377049180328
E00036452,116,40,13,27,76,55,21,34.48275862068966,11.206896551724139,23.275862068965516,65.51724137931035,47.41379310344828,18.103448275862068
E00036453,116,29,16,13,87,65,22,25,13.793103448275861,11.206896551724139,75,56.03448275862068,18.96551724137931
E00036454,126,42,18,24,84,71,13,33.33333333333333,14.285714285714285,19.047619047619047,66.66666666666666,56.34920634920635,10.317460317460316
E00036455,115,40,15,25,75,65,10,34.78260869565217,13.043478260869565,21.73913043478261,65.21739130434783,56.52173913043478,8.695652173913043
E00036456,128,44,15,29,84,73,11,34.375,11.71875,22.65625,65.625,57.03125,8.59375
E00036457,86,22,10,12,64,54,10,25.581395348837212,11.627906976744185,13.953488372093023,74.4186046511628,62.7906976744186,11.627906976744185
E00036458,74,22,11,11,52,52,0,29.72972972972973,14.864864864864865,14.864864864864865,70.27027027027027,70.27027027027027,0
E00036459,109,37,10,27,72,59,13,33.94495412844037,9.174311926605505,24.770642201834864,66.05504587155964,54.12844036697248,11.926605504587156
E00036460,153,50,19,31,103,85,18,32.6797385620915,12.418300653594772,20.26143790849673,67.3202614379085,55.55555555555556,11.76470588235294
E00036461,141,43,18,25,98,81,17,30.49645390070922,12.76595744680851,17.73049645390071,69.50354609929079,57.446808510638306,12.056737588652481
E00036462,88,28,8,20,60,44,16,31.818181818181817,9.090909090909092,22.727272727272727,68.18181818181817,50,18.181818181818183
E00036463,113,37,13,24,76,65,11,32.743362831858406,11.504424778761061,21.238938053097346,67.2566371681416,57.52212389380531,9.734513274336283
E00036464,114,36,16,20,78,60,18,31.57894736842105,14.035087719298245,17.543859649122805,68.42105263157895,52.63157894736842,15.789473684210526
E00036465,112,35,13,22,77,64,13,31.25,11.607142857142858,19.642857142857142,68.75,57.14285714285714,11.607142857142858
E00036466,108,31,10,21,77,63,14,28.703703703703702,9.25925925925926,19.444444444444446,71.29629629629629,58.333333333333336,12.962962962962962
E00036467,130,49,19,30,81,71,10,37.69230769230769,14.615384615384617,23.076923076923077,62.30769230769231,54.61538461538461,7.6923076923076925
E00036468,118,39,14,25,79,58,21,33.05084745762712,11.864406779661017,21.1864406779661,66.94915254237289,49.152542372881356,17.796610169491526
E00036469,130,40,17,23,90,72,18,30.76923076923077,13.076923076923078,17.692307692307693,69.23076923076923,55.38461538461539,13.846153846153847
E00036470,123,32,9,23,91,80,11,26.01626016260163,7.317073170731707,18.69918699186992,73.98373983739837,65.04065040650406,8.94308943089431
E00036471,136,48,25,23,88,74,14,35.294117647058826,18.38235294117647,16.911764705882355,64.70588235294117,54.41176470588235,10.294117647058822
E00036472,163,52,17,35,111,92,19,31.901840490797547,10.429447852760736,21.472392638036812,68.09815950920245,56.44171779141104,11.65644171779141
E00036473,136,36,11,25,100,89,11,26.47058823529412,8.088235294117647,18.38235294117647,73.52941176470588,65.44117647058823,8.088235294117647
E00036474,134,43,18,25,91,74,17,32.08955223880597,13.432835820895523,18.65671641791045,67.91044776119402,55.223880597014926,12.686567164179104
E00036475,161,49,14,35,112,104,8,30.434782608695656,8.695652173913043,21.73913043478261,69.56521739130434,64.59627329192547,4.968944099378882
E00036476,166,51,19,32,115,99,16,30.72289156626506,11.44578313253012,19.27710843373494,69.27710843373494,59.63855421686747,9.63855421686747
E00036477,140,42,12,30,98,84,14,30,8.571428571428571,21.428571428571427,70,60,10
E00036478,133,38,13,25,95,83,12,28.57142857142857,9.774436090225564,18.796992481203006,71.42857142857143,62.40601503759399,9.022556390977442
E00036479,142,46,19,27,96,68,28,32.3943661971831,13.380281690140844,19.014084507042252,67.6056338028169,47.88732394366197,19.718309859154928
E00036480,119,36,14,22,83,64,19,30.252100840336134,11.76470588235294,18.487394957983195,69.74789915966386,53.78151260504202,15.966386554621847
E00036481,158,45,17,28,113,96,17,28.48101265822785,10.759493670886076,17.72151898734177,71.51898734177216,60.75949367088608,10.759493670886076
E00036482,136,41,12,29,95,79,16,30.14705882352941,8.823529411764707,21.323529411764707,69.85294117647058,58.08823529411765,11.76470588235294
E00036483,155,41,12,29,114,103,11,26.451612903225808,7.741935483870968,18.70967741935484,73.54838709677419,66.45161290322581,7.096774193548387
E00036484,138,41,12,29,97,87,10,29.71014492753623,8.695652173913043,21.014492753623188,70.28985507246377,63.04347826086957,7.246376811594203
E00036485,175,59,17,42,116,90,26,33.714285714285715,9.714285714285714,24,66.28571428571428,51.42857142857142,14.857142857142858
E00036486,134,42,13,29,92,78,14,31.343283582089555,9.701492537313433,21.641791044776117,68.65671641791045,58.2089552238806,10.44776119402985
E00036487,163,52,15,37,111,98,13,31.901840490797547,9.202453987730062,22.699386503067483,68.09815950920245,60.122699386503065,7.975460122699387
E00036488,85,26,12,14,59,49,10,30.58823529411765,14.117647058823529,16.470588235294116,69.41176470588235,57.647058823529406,11.76470588235294
E00036489,75,20,8,12,55,45,10,26.666666666666668,10.666666666666668,16,73.33333333333333,60,13.333333333333334
E00036490,135,38,12,26,97,84,13,28.14814814814815,8.88888888888889,19.25925925925926,71.85185185185186,62.22222222222222,9.62962962962963
E00036491,204,73,23,50,131,117,14,35.78431372549019,11.27450980392157,24.509803921568626,64.2156862745098,57.35294117647059,6.862745098039216
E00036492,80,26,5,21,54,53,1,32.5,6.25,26.25,67.5,66.25,1.25
E00036493,132,47,17,30,85,83,2,35.60606060606061,12.878787878787879,22.727272727272727,64.39393939393939,62.878787878787875,1.5151515151515151
E00036494,109,41,17,24,68,60,8,37.61467889908257,15.59633027522936,22.018348623853214,62.38532110091744,55.04587155963303,7.339449541284404
E00036495,118,40,5,35,78,68,10,33.89830508474576,4.23728813559322,29.66101694915254,66.10169491525424,57.6271186440678,8.47457627118644
E00036496,144,44,9,35,100,86,14,30.555555555555557,6.25,24.305555555555554,69.44444444444444,59.72222222222222,9.722222222222223
E00036497,135,40,7,33,95,84,11,29.629629629629626,5.185185185185185,24.444444444444443,70.37037037037037,62.22222222222222,8.148148148148149
E00036498,194,60,16,44,134,119,15,30.927835051546392,8.24742268041237,22.68041237113402,69.0721649484536,61.34020618556701,7.731958762886598
E00036499,90,33,8,25,57,49,8,36.666666666666664,8.88888888888889,27.77777777777778,63.33333333333333,54.44444444444444,8.88888888888889
E00036500,269,79,21,58,190,167,23,29.36802973977695,7.806691449814126,21.561338289962826,70.63197026022306,62.0817843866171,8.550185873605948
E00036501,156,41,10,31,115,105,10,26.282051282051285,6.41025641025641,19.871794871794872,73.71794871794873,67.3076923076923,6.41025641025641
E00036502,105,43,15,28,62,50,12,40.95238095238095,14.285714285714285,26.666666666666668,59.04761904761905,47.61904761904761,11.428571428571429
E00036503,108,33,13,20,75,67,8,30.555555555555557,12.037037037037036,18.51851851851852,69.44444444444444,62.03703703703704,7.4074074074074066
E00036504,109,27,8,19,82,74,8,24.770642201834864,7.339449541284404,17.431192660550458,75.22935779816514,67.88990825688074,7.339449541284404
E00036505,127,33,10,23,94,79,15,25.984251968503933,7.874015748031496,18.11023622047244,74.01574803149606,62.20472440944882,11.811023622047244
E00036506,122,47,9,38,75,67,8,38.52459016393443,7.377049180327869,31.147540983606557,61.47540983606557,54.91803278688525,6.557377049180328
E00036507,88,33,12,21,55,50,5,37.5,13.636363636363635,23.863636363636363,62.5,56.81818181818182,5.681818181818182
E00036508,114,33,10,23,81,75,6,28.947368421052634,8.771929824561402,20.175438596491226,71.05263157894737,65.78947368421053,5.263157894736842
E00036509,200,59,17,42,141,122,19,29.5,8.5,21,70.5,61,9.5
E00036510,126,33,9,24,93,81,12,26.190476190476193,7.142857142857142,19.047619047619047,73.80952380952381,64.28571428571429,9.523809523809524
E00036511,134,42,14,28,92,85,7,31.343283582089555,10.44776119402985,20.8955223880597,68.65671641791045,63.43283582089553,5.223880597014925
E00036512,173,40,9,31,133,121,12,23.121387283236995,5.202312138728324,17.91907514450867,76.878612716763,69.94219653179191,6.9364161849710975
E00036513,124,29,12,17,95,78,17,23.387096774193548,9.67741935483871,13.709677419354838,76.61290322580645,62.903225806451616,13.709677419354838
E00036514,135,41,10,31,94,83,11,30.37037037037037,7.4074074074074066,22.962962962962962,69.62962962962963,61.48148148148148,8.148148148148149
E00036515,88,28,7,21,60,54,6,31.818181818181817,7.954545454545454,23.863636363636363,68.18181818181817,61.36363636363637,6.8181818181818175
E00036516,98,30,6,24,68,55,13,30.612244897959183,6.122448979591836,24.489795918367346,69.38775510204081,56.12244897959183,13.26530612244898
E00036517,167,45,13,32,122,112,10,26.94610778443114,7.784431137724551,19.16167664670659,73.05389221556887,67.06586826347305,5.9880239520958085
E00036518,97,25,9,16,72,60,12,25.773195876288657,9.278350515463918,16.49484536082474,74.22680412371135,61.855670103092784,12.371134020618557
E00036519,193,63,18,45,130,109,21,32.64248704663213,9.32642487046632,23.316062176165804,67.35751295336787,56.476683937823836,10.880829015544041
E00036520,143,49,14,35,94,82,12,34.26573426573427,9.79020979020979,24.475524475524477,65.73426573426573,57.34265734265735,8.391608391608392
E00036521,105,34,10,24,71,61,10,32.38095238095238,9.523809523809524,22.857142857142858,67.61904761904762,58.0952380952381,9.523809523809524
E00036522,69,27,6,21,42,40,2,39.130434782608695,8.695652173913043,30.434782608695656,60.86956521739131,57.971014492753625,2.898550724637681
E00036523,61,22,6,16,39,33,6,36.0655737704918,9.836065573770492,26.229508196721312,63.934426229508205,54.09836065573771,9.836065573770492
E00036524,27,11,5,6,16,14,2,40.74074074074074,18.51851851851852,22.22222222222222,59.25925925925925,51.85185185185185,7.4074074074074066
E00036525,134,34,18,16,100,92,8,25.37313432835821,13.432835820895523,11.940298507462686,74.6268656716418,68.65671641791045,5.970149253731343
E00036526,147,58,22,36,89,69,20,39.455782312925166,14.965986394557824,24.489795918367346,60.544217687074834,46.93877551020408,13.60544217687075
E00036527,86,24,4,20,62,62,0,27.906976744186046,4.651162790697675,23.25581395348837,72.09302325581395,72.09302325581395,0
E00036528,103,26,7,19,77,69,8,25.24271844660194,6.796116504854369,18.446601941747574,74.75728155339806,66.99029126213593,7.766990291262135
E00036531,109,43,11,32,66,62,4,39.44954128440367,10.091743119266056,29.357798165137616,60.550458715596335,56.88073394495413,3.669724770642202
E00036532,101,21,4,17,80,71,9,20.792079207920793,3.9603960396039604,16.831683168316832,79.20792079207921,70.29702970297029,8.91089108910891
E00036533,94,17,1,16,77,68,9,18.085106382978726,1.0638297872340425,17.02127659574468,81.91489361702128,72.3404255319149,9.574468085106384
E00036534,133,37,14,23,96,85,11,27.819548872180448,10.526315789473683,17.293233082706767,72.18045112781954,63.90977443609023,8.270676691729323
E00036535,170,47,15,32,123,109,14,27.647058823529413,8.823529411764707,18.823529411764707,72.35294117647058,64.11764705882354,8.235294117647058
E00036536,140,45,11,34,95,84,11,32.142857142857146,7.857142857142857,24.285714285714285,67.85714285714286,60,7.857142857142857
E00036537,157,55,13,42,102,93,9,35.03184713375796,8.280254777070063,26.751592356687897,64.96815286624204,59.23566878980891,5.7324840764331215
E00036538,143,40,7,33,103,90,13,27.972027972027973,4.895104895104895,23.076923076923077,72.02797202797203,62.93706293706294,9.090909090909092
E00036539,115,40,8,32,75,68,7,34.78260869565217,6.956521739130435,27.82608695652174,65.21739130434783,59.130434782608695,6.086956521739131
E00036540,119,42,18,24,77,71,6,35.294117647058826,15.126050420168067,20.168067226890756,64.70588235294117,59.66386554621849,5.042016806722689
E00036541,151,38,14,24,113,102,11,25.165562913907287,9.271523178807946,15.894039735099339,74.83443708609272,67.54966887417218,7.28476821192053
E00036542,91,39,11,28,52,45,7,42.857142857142854,12.087912087912088,30.76923076923077,57.14285714285714,49.45054945054945,7.6923076923076925
E00036543,137,35,12,23,102,99,3,25.547445255474454,8.75912408759124,16.78832116788321,74.45255474452554,72.26277372262774,2.18978102189781
E00036544,118,37,9,28,81,64,17,31.35593220338983,7.627118644067797,23.728813559322035,68.64406779661016,54.23728813559322,14.40677966101695
E00036545,94,32,5,27,62,53,9,34.04255319148936,5.319148936170213,28.723404255319153,65.95744680851064,56.38297872340425,9.574468085106384
E00036546,111,30,13,17,81,65,16,27.027027027027028,11.711711711711711,15.315315315315313,72.97297297297297,58.55855855855856,14.414414414414415
E00036547,141,55,19,36,86,78,8,39.00709219858156,13.47517730496454,25.53191489361702,60.99290780141844,55.319148936170215,5.673758865248227
E00036548,141,39,14,25,102,90,12,27.659574468085108,9.929078014184398,17.73049645390071,72.3404255319149,63.829787234042556,8.51063829787234
E00036549,164,53,19,34,111,99,12,32.31707317073171,11.585365853658537,20.73170731707317,67.6829268292683,60.36585365853659,7.317073170731707
E00036550,132,43,19,24,89,80,9,32.57575757575758,14.393939393939394,18.181818181818183,67.42424242424242,60.60606060606061,6.8181818181818175
E00036551,106,33,10,23,73,67,6,31.132075471698112,9.433962264150944,21.69811320754717,68.86792452830188,63.20754716981132,5.660377358490567
E00036552,132,39,10,29,93,82,11,29.545454545454547,7.575757575757576,21.96969696969697,70.45454545454545,62.121212121212125,8.333333333333332
E00036553,156,43,9,34,113,106,7,27.564102564102566,5.769230769230769,21.794871794871796,72.43589743589743,67.94871794871796,4.487179487179487
E00036554,98,38,10,28,60,53,7,38.775510204081634,10.204081632653061,28.57142857142857,61.224489795918366,54.08163265306123,7.142857142857142
E00036555,112,32,10,22,80,69,11,28.57142857142857,8.928571428571429,19.642857142857142,71.42857142857143,61.60714285714286,9.821428571428571
E00036556,122,41,18,23,81,75,6,33.60655737704918,14.754098360655737,18.852459016393443,66.39344262295081,61.47540983606557,4.918032786885246
E00036557,5,3,2,1,2,2,0,60,40,20,40,40,0
E00036558,149,51,16,35,98,88,10,34.22818791946309,10.738255033557047,23.48993288590604,65.77181208053692,59.06040268456376,6.7114093959731544
E00036559,133,51,16,35,82,73,9,38.34586466165413,12.030075187969924,26.31578947368421,61.65413533834586,54.88721804511278,6.7669172932330826
E00036560,128,29,6,23,99,89,10,22.65625,4.6875,17.96875,77.34375,69.53125,7.8125
E00036561,167,67,18,49,100,90,10,40.119760479041915,10.778443113772456,29.34131736526946,59.88023952095808,53.89221556886228,5.9880239520958085
E00036562,125,34,9,25,91,84,7,27.200000000000003,7.199999999999999,20,72.8,67.2,5.6000000000000005
E00036563,142,40,11,29,102,89,13,28.169014084507044,7.746478873239436,20.422535211267608,71.83098591549296,62.676056338028175,9.15492957746479
E00036564,49,15,6,9,34,24,10,30.612244897959183,12.244897959183673,18.367346938775512,69.38775510204081,48.97959183673469,20.408163265306122
E00036565,151,42,12,30,109,101,8,27.81456953642384,7.9470198675496695,19.867549668874172,72.18543046357617,66.88741721854305,5.298013245033113
E00036566,34,11,6,5,23,21,2,32.35294117647059,17.647058823529413,14.705882352941178,67.64705882352942,61.76470588235294,5.88235294117647
E00036567,141,51,17,34,90,78,12,36.17021276595745,12.056737588652481,24.113475177304963,63.829787234042556,55.319148936170215,8.51063829787234
E00036568,123,37,11,26,86,82,4,30.081300813008134,8.94308943089431,21.138211382113823,69.91869918699187,66.66666666666666,3.2520325203252036
E00036569,145,47,9,38,98,87,11,32.41379310344827,6.206896551724138,26.20689655172414,67.58620689655173,60,7.586206896551724
E00036570,155,43,16,27,112,102,10,27.741935483870968,10.32258064516129,17.419354838709676,72.25806451612902,65.80645161290323,6.451612903225806
E00036571,129,38,6,32,91,81,10,29.457364341085274,4.651162790697675,24.8062015503876,70.54263565891473,62.7906976744186,7.751937984496124
E00036572,132,45,17,28,87,77,10,34.090909090909086,12.878787878787879,21.21212121212121,65.9090909090909,58.333333333333336,7.575757575757576
E00036573,73,19,5,14,54,50,4,26.027397260273972,6.8493150684931505,19.17808219178082,73.97260273972603,68.4931506849315,5.47945205479452
E00036574,167,48,15,33,119,101,18,28.74251497005988,8.982035928143713,19.760479041916167,71.25748502994011,60.47904191616767,10.778443113772456
E00036575,130,36,8,28,94,84,10,27.692307692307693,6.153846153846154,21.53846153846154,72.3076923076923,64.61538461538461,7.6923076923076925
E00036576,130,40,11,29,90,85,5,30.76923076923077,8.461538461538462,22.30769230769231,69.23076923076923,65.38461538461539,3.8461538461538463
E00036577,129,32,8,24,97,80,17,24.8062015503876,6.2015503875969,18.6046511627907,75.1937984496124,62.01550387596899,13.178294573643413
E00036578,176,56,15,41,120,112,8,31.818181818181817,8.522727272727272,23.295454545454543,68.18181818181817,63.63636363636363,4.545454545454546
E00036579,115,44,16,28,71,58,13,38.26086956521739,13.91304347826087,24.347826086956523,61.73913043478261,50.43478260869565,11.304347826086957
E00036580,158,54,18,36,104,95,9,34.177215189873415,11.39240506329114,22.78481012658228,65.82278481012658,60.12658227848101,5.69620253164557
E00036581,119,40,12,28,79,69,10,33.61344537815126,10.084033613445378,23.52941176470588,66.38655462184873,57.98319327731093,8.403361344537815
E00036582,141,37,13,24,104,98,6,26.24113475177305,9.219858156028367,17.02127659574468,73.75886524822694,69.50354609929079,4.25531914893617
E00036583,167,52,17,35,115,98,17,31.137724550898206,10.179640718562874,20.958083832335326,68.8622754491018,58.68263473053892,10.179640718562874
E00036584,120,33,11,22,87,82,5,27.500000000000004,9.166666666666666,18.333333333333332,72.5,68.33333333333333,4.166666666666666
E00036585,156,57,16,41,99,91,8,36.53846153846153,10.256410256410255,26.282051282051285,63.46153846153846,58.333333333333336,5.128205128205128
E00036586,101,28,6,22,73,70,3,27.722772277227726,5.9405940594059405,21.782178217821784,72.27722772277228,69.3069306930693,2.9702970297029703
E00036587,249,70,21,49,179,162,17,28.11244979919679,8.433734939759036,19.67871485943775,71.8875502008032,65.06024096385542,6.827309236947792
E00036588,167,42,7,35,125,114,11,25.149700598802394,4.191616766467066,20.958083832335326,74.8502994011976,68.26347305389223,6.58682634730539
E00036589,92,26,8,18,66,61,5,28.26086956521739,8.695652173913043,19.565217391304348,71.73913043478261,66.30434782608695,5.434782608695652
E00036590,182,51,13,38,131,125,6,28.021978021978022,7.142857142857142,20.87912087912088,71.97802197802197,68.68131868131869,3.296703296703297
E00036591,101,34,11,23,67,62,5,33.663366336633665,10.891089108910892,22.772277227722775,66.33663366336634,61.386138613861384,4.9504950495049505
E00036592,110,31,11,20,79,66,13,28.18181818181818,10,18.181818181818183,71.81818181818181,60,11.818181818181818
E00036593,137,49,16,33,88,80,8,35.76642335766424,11.678832116788321,24.087591240875913,64.23357664233576,58.3941605839416,5.839416058394161
E00036594,138,57,17,40,81,71,10,41.30434782608695,12.318840579710146,28.985507246376812,58.69565217391305,51.449275362318836,7.246376811594203
E00036595,114,38,15,23,76,70,6,33.33333333333333,13.157894736842104,20.175438596491226,66.66666666666666,61.40350877192983,5.263157894736842
E00036597,80,29,10,19,51,44,7,36.25,12.5,23.75,63.74999999999999,55.00000000000001,8.75
E00036598,111,31,7,24,80,68,12,27.927927927927925,6.306306306306306,21.62162162162162,72.07207207207207,61.261261261261254,10.81081081081081
E00036599,97,37,13,24,60,53,7,38.144329896907216,13.402061855670103,24.742268041237114,61.855670103092784,54.63917525773196,7.216494845360824
E00036601,157,54,13,41,103,92,11,34.394904458598724,8.280254777070063,26.11464968152866,65.60509554140127,58.59872611464968,7.006369426751593
E00036602,105,31,8,23,74,70,4,29.523809523809526,7.6190476190476195,21.904761904761905,70.47619047619048,66.66666666666666,3.8095238095238098
E00036603,117,31,7,24,86,77,9,26.495726495726498,5.982905982905983,20.51282051282051,73.50427350427351,65.8119658119658,7.6923076923076925
E00036604,104,34,13,21,70,66,4,32.69230769230769,12.5,20.192307692307693,67.3076923076923,63.46153846153846,3.8461538461538463
E00036606,96,42,10,32,54,47,7,43.75,10.416666666666668,33.33333333333333,56.25,48.95833333333333,7.291666666666667
E00036607,172,56,20,36,116,106,10,32.55813953488372,11.627906976744185,20.930232558139537,67.44186046511628,61.627906976744185,5.813953488372093
E00036608,63,22,6,16,41,38,3,34.92063492063492,9.523809523809524,25.396825396825395,65.07936507936508,60.317460317460316,4.761904761904762
E00036609,62,19,9,10,43,37,6,30.64516129032258,14.516129032258066,16.129032258064516,69.35483870967742,59.67741935483871,9.67741935483871
E00036610,108,42,9,33,66,60,6,38.88888888888889,8.333333333333332,30.555555555555557,61.111111111111114,55.55555555555556,5.555555555555555
E00036611,79,24,7,17,55,53,2,30.37974683544304,8.860759493670885,21.518987341772153,69.62025316455697,67.08860759493672,2.5316455696202533
E00036612,168,40,11,29,128,114,14,23.809523809523807,6.547619047619048,17.261904761904763,76.19047619047619,67.85714285714286,8.333333333333332
E00036613,124,38,15,23,86,78,8,30.64516129032258,12.096774193548388,18.548387096774192,69.35483870967742,62.903225806451616,6.451612903225806
E00036614,117,38,16,22,79,73,6,32.47863247863248,13.675213675213676,18.803418803418804,67.52136752136752,62.39316239316239,5.128205128205128
E00036615,138,39,11,28,99,92,7,28.26086956521739,7.971014492753622,20.28985507246377,71.73913043478261,66.66666666666666,5.072463768115942
E00036616,137,46,11,35,91,78,13,33.57664233576642,8.02919708029197,25.547445255474454,66.42335766423358,56.934306569343065,9.48905109489051
E00036617,138,48,13,35,90,80,10,34.78260869565217,9.420289855072465,25.36231884057971,65.21739130434783,57.971014492753625,7.246376811594203
E00036618,104,35,6,29,69,66,3,33.65384615384615,5.769230769230769,27.884615384615387,66.34615384615384,63.46153846153846,2.8846153846153846
E00036619,111,33,13,20,78,66,12,29.72972972972973,11.711711711711711,18.01801801801802,70.27027027027027,59.45945945945946,10.81081081081081
E00036620,73,22,8,14,51,45,6,30.136986301369863,10.95890410958904,19.17808219178082,69.86301369863014,61.64383561643836,8.21917808219178
E00036621,144,39,8,31,105,93,12,27.083333333333332,5.555555555555555,21.52777777777778,72.91666666666666,64.58333333333334,8.333333333333332
E00036622,120,36,12,24,84,74,10,30,10,20,70,61.66666666666667,8.333333333333332
E00036623,180,54,18,36,126,116,10,30,10,20,70,64.44444444444444,5.555555555555555
E00036624,132,43,12,31,89,83,6,32.57575757575758,9.090909090909092,23.484848484848484,67.42424242424242,62.878787878787875,4.545454545454546
E00036625,172,51,16,35,121,108,13,29.651162790697676,9.30232558139535,20.348837209302324,70.34883720930233,62.7906976744186,7.55813953488372
E00036626,125,33,13,20,92,79,13,26.400000000000002,10.4,16,73.6,63.2,10.4
E00036627,174,52,18,34,122,106,16,29.88505747126437,10.344827586206897,19.54022988505747,70.11494252873564,60.91954022988506,9.195402298850574
E00036628,116,31,8,23,85,77,8,26.72413793103448,6.896551724137931,19.82758620689655,73.27586206896551,66.37931034482759,6.896551724137931
E00036629,181,49,15,34,132,112,20,27.071823204419886,8.287292817679557,18.784530386740332,72.92817679558011,61.87845303867403,11.049723756906078
E00036630,152,45,11,34,107,92,15,29.605263157894733,7.236842105263158,22.36842105263158,70.39473684210526,60.526315789473685,9.868421052631579
E00036631,148,41,15,26,107,97,10,27.7027027027027,10.135135135135135,17.56756756756757,72.2972972972973,65.54054054054053,6.756756756756757
E00036632,147,43,12,31,104,88,16,29.25170068027211,8.16326530612245,21.08843537414966,70.74829931972789,59.863945578231295,10.884353741496598
E00036633,167,53,20,33,114,101,13,31.736526946107784,11.976047904191617,19.760479041916167,68.26347305389223,60.47904191616767,7.784431137724551
E00036634,173,42,9,33,131,121,10,24.277456647398843,5.202312138728324,19.07514450867052,75.72254335260115,69.94219653179191,5.780346820809249
E00036635,160,51,14,37,109,92,17,31.874999999999996,8.75,23.125,68.125,57.49999999999999,10.625
E00036636,136,27,9,18,109,92,17,19.852941176470587,6.61764705882353,13.23529411764706,80.14705882352942,67.64705882352942,12.5
E00036637,83,27,10,17,56,47,9,32.53012048192771,12.048192771084338,20.481927710843372,67.46987951807229,56.62650602409639,10.843373493975903
E00036638,123,31,11,20,92,84,8,25.203252032520325,8.94308943089431,16.260162601626014,74.79674796747967,68.29268292682927,6.504065040650407
E00036639,115,27,5,22,88,83,5,23.47826086956522,4.3478260869565215,19.130434782608695,76.52173913043478,72.17391304347827,4.3478260869565215
E00036640,109,38,8,30,71,63,8,34.862385321100916,7.339449541284404,27.522935779816514,65.13761467889908,57.798165137614674,7.339449541284404
E00036641,105,26,2,24,79,65,14,24.761904761904763,1.9047619047619049,22.857142857142858,75.23809523809524,61.904761904761905,13.333333333333334
E00036642,113,45,14,31,68,59,9,39.823008849557525,12.389380530973451,27.43362831858407,60.17699115044248,52.21238938053098,7.964601769911504
E00036643,107,34,9,25,73,68,5,31.775700934579437,8.411214953271028,23.364485981308412,68.22429906542055,63.55140186915887,4.672897196261682
E00036644,38,11,2,9,27,23,4,28.947368421052634,5.263157894736842,23.684210526315788,71.05263157894737,60.526315789473685,10.526315789473683
E00036645,65,17,5,12,48,44,4,26.153846153846157,7.6923076923076925,18.461538461538463,73.84615384615385,67.6923076923077,6.153846153846154
E00036646,110,29,18,11,81,71,10,26.36363636363636,16.363636363636363,10,73.63636363636363,64.54545454545455,9.090909090909092
E00036647,144,45,14,31,99,89,10,31.25,9.722222222222223,21.52777777777778,68.75,61.80555555555556,6.944444444444445
E00036648,152,36,10,26,116,103,13,23.684210526315788,6.578947368421052,17.105263157894736,76.31578947368422,67.76315789473685,8.552631578947368
E00036649,81,20,8,12,61,55,6,24.691358024691358,9.876543209876543,14.814814814814813,75.30864197530865,67.90123456790124,7.4074074074074066
E00036650,160,34,12,22,126,112,14,21.25,7.5,13.750000000000002,78.75,70,8.75
E00036651,112,35,12,23,77,65,12,31.25,10.714285714285714,20.535714285714285,68.75,58.03571428571429,10.714285714285714
E00036652,56,21,4,17,35,28,7,37.5,7.142857142857142,30.357142857142854,62.5,50,12.5
E00036653,163,46,18,28,117,100,17,28.22085889570552,11.042944785276074,17.177914110429448,71.77914110429448,61.34969325153374,10.429447852760736
E00036654,129,38,10,28,91,86,5,29.457364341085274,7.751937984496124,21.705426356589147,70.54263565891473,66.66666666666666,3.875968992248062
E00036655,134,43,12,31,91,78,13,32.08955223880597,8.955223880597014,23.134328358208954,67.91044776119402,58.2089552238806,9.701492537313433
E00036656,215,65,19,46,150,139,11,30.23255813953488,8.837209302325581,21.3953488372093,69.76744186046511,64.65116279069767,5.116279069767442
E00036657,167,40,20,20,127,114,13,23.952095808383234,11.976047904191617,11.976047904191617,76.04790419161677,68.26347305389223,7.784431137724551
E00036658,149,48,15,33,101,94,7,32.21476510067114,10.06711409395973,22.14765100671141,67.78523489932886,63.08724832214765,4.697986577181208
E00036659,194,53,16,37,141,133,8,27.31958762886598,8.24742268041237,19.072164948453608,72.68041237113401,68.55670103092784,4.123711340206185
E00036660,117,44,13,31,73,61,12,37.60683760683761,11.11111111111111,26.495726495726498,62.39316239316239,52.13675213675214,10.256410256410255
E00036661,149,45,11,34,104,95,9,30.201342281879196,7.38255033557047,22.818791946308725,69.79865771812081,63.758389261744966,6.0402684563758395
E00036662,161,58,20,38,103,84,19,36.024844720496894,12.422360248447205,23.60248447204969,63.975155279503106,52.17391304347826,11.801242236024844
E00036663,127,41,16,25,86,74,12,32.28346456692913,12.598425196850393,19.68503937007874,67.71653543307087,58.26771653543307,9.448818897637794
E00036664,170,57,19,38,113,101,12,33.52941176470588,11.176470588235295,22.35294117647059,66.47058823529412,59.411764705882355,7.0588235294117645
E00036665,172,62,19,43,110,98,12,36.04651162790697,11.046511627906977,25,63.95348837209303,56.97674418604651,6.976744186046512
E00036666,92,31,7,24,61,51,10,33.69565217391305,7.608695652173914,26.08695652173913,66.30434782608695,55.434782608695656,10.869565217391305
E00036667,156,50,12,38,106,93,13,32.05128205128205,7.6923076923076925,24.358974358974358,67.94871794871796,59.61538461538461,8.333333333333332
E00036668,140,41,18,23,99,89,10,29.28571428571429,12.857142857142856,16.428571428571427,70.71428571428572,63.57142857142857,7.142857142857142
E00036669,132,51,24,27,81,65,16,38.63636363636363,18.181818181818183,20.454545454545457,61.36363636363637,49.24242424242424,12.121212121212121
E00036670,156,48,21,27,108,90,18,30.76923076923077,13.461538461538462,17.307692307692307,69.23076923076923,57.692307692307686,11.538461538461538
E00036671,160,65,21,44,95,81,14,40.625,13.125,27.500000000000004,59.375,50.625,8.75
E00036672,145,51,11,40,94,86,8,35.172413793103445,7.586206896551724,27.586206896551722,64.82758620689654,59.310344827586206,5.517241379310345
E00036673,139,40,9,31,99,88,11,28.776978417266186,6.474820143884892,22.302158273381295,71.22302158273382,63.30935251798561,7.913669064748201
E00036674,100,27,9,18,73,68,5,27,9,18,73,68,5
E00036675,150,43,11,32,107,95,12,28.666666666666668,7.333333333333333,21.333333333333336,71.33333333333334,63.33333333333333,8
E00036676,144,45,18,27,99,88,11,31.25,12.5,18.75,68.75,61.111111111111114,7.638888888888889
E00036677,150,52,9,43,98,88,10,34.66666666666667,6,28.666666666666668,65.33333333333333,58.666666666666664,6.666666666666667
E00036678,128,51,9,42,77,66,11,39.84375,7.03125,32.8125,60.15625,51.5625,8.59375
E00036679,124,41,9,32,83,71,12,33.064516129032256,7.258064516129033,25.806451612903224,66.93548387096774,57.25806451612904,9.67741935483871
E00036680,111,30,9,21,81,74,7,27.027027027027028,8.108108108108109,18.91891891891892,72.97297297297297,66.66666666666666,6.306306306306306
E00036681,118,23,8,15,95,76,19,19.491525423728813,6.779661016949152,12.711864406779661,80.50847457627118,64.40677966101694,16.101694915254235
E00036682,189,41,17,24,148,135,13,21.693121693121693,8.994708994708994,12.698412698412698,78.3068783068783,71.42857142857143,6.878306878306878
E00036683,117,47,20,27,70,55,15,40.17094017094017,17.094017094017094,23.076923076923077,59.82905982905983,47.008547008547005,12.82051282051282
E00036684,44,12,4,8,32,26,6,27.27272727272727,9.090909090909092,18.181818181818183,72.72727272727273,59.09090909090909,13.636363636363635
E00036685,152,42,20,22,110,90,20,27.631578947368425,13.157894736842104,14.473684210526317,72.36842105263158,59.210526315789465,13.157894736842104
E00036686,168,53,16,37,115,105,10,31.547619047619047,9.523809523809524,22.023809523809522,68.45238095238095,62.5,5.952380952380952
E00036687,148,31,8,23,117,97,20,20.945945945945947,5.405405405405405,15.54054054054054,79.05405405405406,65.54054054054053,13.513513513513514
E00036688,153,45,8,37,108,97,11,29.411764705882355,5.228758169934641,24.183006535947712,70.58823529411765,63.39869281045751,7.18954248366013
E00036689,122,34,8,26,88,72,16,27.86885245901639,6.557377049180328,21.311475409836063,72.1311475409836,59.01639344262295,13.114754098360656
E00036690,166,59,19,40,107,90,17,35.54216867469879,11.44578313253012,24.096385542168676,64.45783132530121,54.21686746987952,10.240963855421686
E00036691,119,33,11,22,86,70,16,27.73109243697479,9.243697478991598,18.487394957983195,72.26890756302521,58.82352941176471,13.445378151260504
E00036692,130,43,17,26,87,77,10,33.07692307692307,13.076923076923078,20,66.92307692307692,59.23076923076923,7.6923076923076925
E00036693,67,16,7,9,51,46,5,23.88059701492537,10.44776119402985,13.432835820895523,76.11940298507463,68.65671641791045,7.462686567164178
E00036694,154,35,17,18,119,108,11,22.727272727272727,11.03896103896104,11.688311688311687,77.27272727272727,70.12987012987013,7.142857142857142
E00036695,184,59,25,34,125,104,21,32.065217391304344,13.586956521739129,18.478260869565215,67.93478260869566,56.52173913043478,11.41304347826087
E00036696,108,35,7,28,73,67,6,32.407407407407405,6.481481481481481,25.925925925925924,67.5925925925926,62.03703703703704,5.555555555555555
E00036697,172,36,13,23,136,132,4,20.930232558139537,7.55813953488372,13.372093023255813,79.06976744186046,76.74418604651163,2.3255813953488373
E00036698,82,26,10,16,56,41,15,31.70731707317073,12.195121951219512,19.51219512195122,68.29268292682927,50,18.29268292682927
E00036699,122,40,18,22,82,77,5,32.78688524590164,14.754098360655737,18.0327868852459,67.21311475409836,63.114754098360656,4.098360655737705
E00036700,149,42,20,22,107,92,15,28.187919463087248,13.422818791946309,14.76510067114094,71.81208053691275,61.74496644295302,10.06711409395973
E00036701,128,34,11,23,94,75,19,26.5625,8.59375,17.96875,73.4375,58.59375,14.84375
E00036702,140,38,15,23,102,88,14,27.142857142857142,10.714285714285714,16.428571428571427,72.85714285714285,62.857142857142854,10
E00036703,122,34,15,19,88,67,21,27.86885245901639,12.295081967213115,15.573770491803279,72.1311475409836,54.91803278688525,17.21311475409836
E00036704,267,79,19,60,188,163,25,29.588014981273407,7.116104868913857,22.47191011235955,70.4119850187266,61.04868913857678,9.363295880149813
E00036705,111,30,7,23,81,69,12,27.027027027027028,6.306306306306306,20.72072072072072,72.97297297297297,62.16216216216216,10.81081081081081
E00036706,104,32,12,20,72,60,12,30.76923076923077,11.538461538461538,19.230769230769234,69.23076923076923,57.692307692307686,11.538461538461538
E00036707,127,28,7,21,99,86,13,22.04724409448819,5.511811023622047,16.535433070866144,77.95275590551181,67.71653543307087,10.236220472440944
E00036708,135,45,19,26,90,76,14,33.33333333333333,14.074074074074074,19.25925925925926,66.66666666666666,56.2962962962963,10.37037037037037
E00036709,134,40,13,27,94,87,7,29.850746268656714,9.701492537313433,20.149253731343283,70.1492537313433,64.92537313432835,5.223880597014925
E00036710,160,45,14,31,115,102,13,28.125,8.75,19.375,71.875,63.74999999999999,8.125
E00036711,158,42,11,31,116,106,10,26.582278481012654,6.962025316455696,19.62025316455696,73.41772151898735,67.08860759493672,6.329113924050633
E00036712,301,86,25,61,215,183,32,28.57142857142857,8.305647840531561,20.26578073089701,71.42857142857143,60.797342192691026,10.631229235880399
E00036713,141,43,10,33,98,89,9,30.49645390070922,7.092198581560284,23.404255319148938,69.50354609929079,63.12056737588653,6.382978723404255
E00036714,113,26,8,18,87,79,8,23.008849557522122,7.079646017699115,15.929203539823009,76.99115044247787,69.91150442477876,7.079646017699115
E00036715,65,21,9,12,44,43,1,32.30769230769231,13.846153846153847,18.461538461538463,67.6923076923077,66.15384615384615,1.5384615384615385
E00036716,116,37,6,31,79,73,6,31.896551724137932,5.172413793103448,26.72413793103448,68.10344827586206,62.93103448275862,5.172413793103448
E00036717,136,38,7,31,98,87,11,27.941176470588236,5.147058823529411,22.794117647058822,72.05882352941177,63.970588235294116,8.088235294117647
E00036718,144,47,14,33,97,84,13,32.63888888888889,9.722222222222223,22.916666666666664,67.36111111111111,58.333333333333336,9.027777777777777
E00036719,146,44,10,34,102,85,17,30.136986301369863,6.8493150684931505,23.28767123287671,69.86301369863014,58.21917808219178,11.643835616438356
E00036720,98,31,13,18,67,59,8,31.63265306122449,13.26530612244898,18.367346938775512,68.36734693877551,60.204081632653065,8.16326530612245
E00036721,198,45,17,28,153,132,21,22.727272727272727,8.585858585858585,14.14141414141414,77.27272727272727,66.66666666666666,10.606060606060606
E00036722,171,27,12,15,144,108,36,15.789473684210526,7.017543859649122,8.771929824561402,84.21052631578947,63.1578947368421,21.052631578947366
E00036723,54,22,10,12,32,29,3,40.74074074074074,18.51851851851852,22.22222222222222,59.25925925925925,53.70370370370371,5.555555555555555
E00036724,103,26,11,15,77,71,6,25.24271844660194,10.679611650485436,14.563106796116504,74.75728155339806,68.93203883495146,5.825242718446602
E00036725,67,25,13,12,42,33,9,37.3134328358209,19.402985074626866,17.91044776119403,62.68656716417911,49.25373134328358,13.432835820895523
E00036726,154,48,16,32,106,100,6,31.16883116883117,10.38961038961039,20.77922077922078,68.83116883116884,64.93506493506493,3.896103896103896
E00036727,131,32,9,23,99,72,27,24.427480916030532,6.870229007633588,17.557251908396946,75.57251908396947,54.961832061068705,20.610687022900763
E00036728,108,30,10,20,78,69,9,27.77777777777778,9.25925925925926,18.51851851851852,72.22222222222221,63.888888888888886,8.333333333333332
E00036729,136,41,8,33,95,84,11,30.14705882352941,5.88235294117647,24.264705882352942,69.85294117647058,61.76470588235294,8.088235294117647
E00036730,106,37,9,28,69,60,9,34.90566037735849,8.49056603773585,26.41509433962264,65.09433962264151,56.60377358490566,8.49056603773585
E00036731,58,25,8,17,33,33,0,43.103448275862064,13.793103448275861,29.310344827586203,56.896551724137936,56.896551724137936,0
E00036732,144,45,14,31,99,90,9,31.25,9.722222222222223,21.52777777777778,68.75,62.5,6.25
E00036733,104,42,9,33,62,56,6,40.38461538461539,8.653846153846153,31.73076923076923,59.61538461538461,53.84615384615385,5.769230769230769
E00036734,117,48,8,40,69,59,10,41.02564102564102,6.837606837606838,34.18803418803419,58.97435897435898,50.427350427350426,8.547008547008547
E00036735,172,38,11,27,134,117,17,22.093023255813954,6.395348837209303,15.69767441860465,77.90697674418605,68.02325581395348,9.883720930232558
E00036736,129,35,6,29,94,82,12,27.131782945736433,4.651162790697675,22.48062015503876,72.86821705426357,63.565891472868216,9.30232558139535
E00036737,77,23,8,15,54,37,17,29.87012987012987,10.38961038961039,19.480519480519483,70.12987012987013,48.05194805194805,22.07792207792208
E00036738,113,39,11,28,74,69,5,34.51327433628318,9.734513274336283,24.778761061946902,65.48672566371681,61.06194690265486,4.424778761061947
E00036739,227,76,23,53,151,134,17,33.480176211453745,10.13215859030837,23.348017621145374,66.51982378854625,59.03083700440529,7.488986784140969
E00036740,137,48,13,35,89,76,13,35.03649635036496,9.48905109489051,25.547445255474454,64.96350364963503,55.47445255474452,9.48905109489051
E00036741,122,39,11,28,83,80,3,31.967213114754102,9.01639344262295,22.950819672131146,68.0327868852459,65.57377049180327,2.459016393442623
E00036742,129,42,16,26,87,76,11,32.55813953488372,12.4031007751938,20.155038759689923,67.44186046511628,58.91472868217055,8.527131782945736
E00036743,83,22,9,13,61,54,7,26.506024096385545,10.843373493975903,15.66265060240964,73.49397590361446,65.06024096385542,8.433734939759036
E00036744,76,26,6,20,50,46,4,34.21052631578947,7.894736842105263,26.31578947368421,65.78947368421053,60.526315789473685,5.263157894736842
E00036745,137,49,15,34,88,66,22,35.76642335766424,10.948905109489052,24.817518248175183,64.23357664233576,48.175182481751825,16.05839416058394
E00036746,62,19,6,13,43,37,6,30.64516129032258,9.67741935483871,20.967741935483872,69.35483870967742,59.67741935483871,9.67741935483871
E00036747,105,39,10,29,66,61,5,37.142857142857146,9.523809523809524,27.61904761904762,62.857142857142854,58.0952380952381,4.761904761904762
E00036748,147,48,17,31,99,77,22,32.6530612244898,11.564625850340136,21.08843537414966,67.3469387755102,52.38095238095239,14.965986394557824
E00036749,124,41,15,26,83,69,14,33.064516129032256,12.096774193548388,20.967741935483872,66.93548387096774,55.64516129032258,11.29032258064516
E00036750,149,45,11,34,104,92,12,30.201342281879196,7.38255033557047,22.818791946308725,69.79865771812081,61.74496644295302,8.053691275167784
E00036751,149,41,13,28,108,91,17,27.516778523489933,8.724832214765101,18.79194630872483,72.48322147651007,61.07382550335571,11.409395973154362
E00036752,101,31,9,22,70,64,6,30.693069306930692,8.91089108910891,21.782178217821784,69.3069306930693,63.366336633663366,5.9405940594059405
E00036753,67,15,7,8,52,46,6,22.388059701492537,10.44776119402985,11.940298507462686,77.61194029850746,68.65671641791045,8.955223880597014
E00036754,110,44,13,31,66,56,10,40,11.818181818181818,28.18181818181818,60,50.90909090909091,9.090909090909092
E00036755,137,48,11,37,89,81,8,35.03649635036496,8.02919708029197,27.00729927007299,64.96350364963503,59.12408759124088,5.839416058394161
E00036756,89,32,5,27,57,52,5,35.95505617977528,5.617977528089887,30.337078651685395,64.04494382022472,58.42696629213483,5.617977528089887
E00036757,85,30,7,23,55,47,8,35.294117647058826,8.235294117647058,27.058823529411764,64.70588235294117,55.294117647058826,9.411764705882353
E00036758,78,30,9,21,48,42,6,38.46153846153847,11.538461538461538,26.923076923076923,61.53846153846154,53.84615384615385,7.6923076923076925
E00036759,154,47,17,30,107,94,13,30.519480519480517,11.03896103896104,19.480519480519483,69.48051948051948,61.038961038961034,8.441558441558442
E00036760,138,52,12,40,86,75,11,37.68115942028986,8.695652173913043,28.985507246376812,62.31884057971014,54.347826086956516,7.971014492753622
E00036761,189,68,25,43,121,106,15,35.978835978835974,13.227513227513226,22.75132275132275,64.02116402116403,56.08465608465608,7.936507936507936
E00036762,148,50,15,35,98,90,8,33.78378378378378,10.135135135135135,23.64864864864865,66.21621621621621,60.810810810810814,5.405405405405405
E00036763,127,37,12,25,90,68,22,29.133858267716533,9.448818897637794,19.68503937007874,70.86614173228347,53.54330708661418,17.322834645669293
E00036764,145,44,12,32,101,90,11,30.344827586206897,8.275862068965518,22.06896551724138,69.6551724137931,62.06896551724138,7.586206896551724
E00036765,119,35,11,24,84,66,18,29.411764705882355,9.243697478991598,20.168067226890756,70.58823529411765,55.46218487394958,15.126050420168067
E00036766,78,26,10,16,52,46,6,33.33333333333333,12.82051282051282,20.51282051282051,66.66666666666666,58.97435897435898,7.6923076923076925
E00036767,139,39,7,32,100,92,8,28.05755395683453,5.0359712230215825,23.021582733812952,71.94244604316546,66.18705035971223,5.755395683453238
E00036768,115,33,9,24,82,76,6,28.695652173913043,7.82608695652174,20.869565217391305,71.30434782608695,66.08695652173913,5.217391304347826
E00036769,148,42,13,29,106,85,21,28.37837837837838,8.783783783783784,19.594594594594593,71.62162162162163,57.432432432432435,14.18918918918919
E00036770,129,41,14,27,88,74,14,31.782945736434108,10.852713178294573,20.930232558139537,68.21705426356588,57.36434108527132,10.852713178294573
E00036771,131,37,12,25,94,79,15,28.24427480916031,9.16030534351145,19.083969465648856,71.7557251908397,60.30534351145038,11.450381679389313
E00036772,146,45,15,30,101,89,12,30.82191780821918,10.273972602739725,20.54794520547945,69.17808219178082,60.95890410958904,8.21917808219178
E00036773,127,26,9,17,101,83,18,20.47244094488189,7.086614173228346,13.385826771653544,79.52755905511812,65.35433070866141,14.173228346456693
E00036774,158,42,16,26,116,106,10,26.582278481012654,10.126582278481013,16.455696202531644,73.41772151898735,67.08860759493672,6.329113924050633
E00036775,111,42,9,33,69,61,8,37.83783783783784,8.108108108108109,29.72972972972973,62.16216216216216,54.95495495495496,7.207207207207207
E00036776,150,47,9,38,103,93,10,31.333333333333336,6,25.333333333333336,68.66666666666667,62,6.666666666666667
E00036777,93,31,14,17,62,53,9,33.33333333333333,15.053763440860216,18.27956989247312,66.66666666666666,56.98924731182796,9.67741935483871
E00036778,173,46,11,35,127,118,9,26.589595375722542,6.358381502890173,20.23121387283237,73.41040462427746,68.20809248554913,5.202312138728324
E00036779,198,53,21,32,145,112,33,26.767676767676768,10.606060606060606,16.161616161616163,73.23232323232324,56.56565656565656,16.666666666666664
E00036780,138,41,10,31,97,89,8,29.71014492753623,7.246376811594203,22.463768115942027,70.28985507246377,64.4927536231884,5.797101449275362
E00036781,148,49,13,36,99,88,11,33.108108108108105,8.783783783783784,24.324324324324326,66.8918918918919,59.45945945945946,7.4324324324324325
E00036782,140,33,10,23,107,91,16,23.57142857142857,7.142857142857142,16.428571428571427,76.42857142857142,65,11.428571428571429
E00036783,119,37,9,28,82,64,18,31.092436974789916,7.563025210084033,23.52941176470588,68.90756302521008,53.78151260504202,15.126050420168067
E00036784,63,21,9,12,42,36,6,33.33333333333333,14.285714285714285,19.047619047619047,66.66666666666666,57.14285714285714,9.523809523809524
E00036785,105,37,13,24,68,62,6,35.23809523809524,12.380952380952381,22.857142857142858,64.76190476190476,59.04761904761905,5.714285714285714
E00036786,152,51,15,36,101,89,12,33.55263157894737,9.868421052631579,23.684210526315788,66.44736842105263,58.55263157894737,7.894736842105263
E00036787,99,35,12,23,64,58,6,35.35353535353536,12.121212121212121,23.232323232323232,64.64646464646465,58.58585858585859,6.0606060606060606
E00036788,150,50,20,30,100,86,14,33.33333333333333,13.333333333333334,20,66.66666666666666,57.333333333333336,9.333333333333334
E00036789,149,36,8,28,113,98,15,24.161073825503358,5.369127516778524,18.79194630872483,75.83892617449665,65.77181208053692,10.06711409395973
E00036790,118,31,13,18,87,72,15,26.27118644067797,11.016949152542372,15.254237288135593,73.72881355932203,61.016949152542374,12.711864406779661
E00036791,104,34,14,20,70,53,17,32.69230769230769,13.461538461538462,19.230769230769234,67.3076923076923,50.96153846153846,16.346153846153847
E00036792,132,40,17,23,92,81,11,30.303030303030305,12.878787878787879,17.424242424242426,69.6969696969697,61.36363636363637,8.333333333333332
E00036793,152,43,10,33,109,98,11,28.289473684210524,6.578947368421052,21.710526315789476,71.71052631578947,64.47368421052632,7.236842105263158
E00036794,125,42,14,28,83,71,12,33.6,11.200000000000001,22.400000000000002,66.4,56.8,9.6
E00036795,119,30,9,21,89,74,15,25.210084033613445,7.563025210084033,17.647058823529413,74.78991596638656,62.18487394957983,12.605042016806722
E00036796,162,54,14,40,108,92,16,33.33333333333333,8.641975308641975,24.691358024691358,66.66666666666666,56.79012345679012,9.876543209876543
E00036797,102,34,13,21,68,53,15,33.33333333333333,12.745098039215685,20.588235294117645,66.66666666666666,51.9607843137255,14.705882352941178
E00036798,115,35,9,26,80,56,24,30.434782608695656,7.82608695652174,22.608695652173914,69.56521739130434,48.69565217391305,20.869565217391305
E00036799,110,27,6,21,83,67,16,24.545454545454547,5.454545454545454,19.090909090909093,75.45454545454545,60.909090909090914,14.545454545454545
E00036800,139,44,13,31,95,79,16,31.654676258992804,9.352517985611511,22.302158273381295,68.34532374100719,56.83453237410072,11.510791366906476
E00036801,114,27,9,18,87,71,16,23.684210526315788,7.894736842105263,15.789473684210526,76.31578947368422,62.28070175438597,14.035087719298245
E00036802,98,21,4,17,77,68,9,21.428571428571427,4.081632653061225,17.346938775510203,78.57142857142857,69.38775510204081,9.183673469387756
E00036803,64,19,7,12,45,35,10,29.6875,10.9375,18.75,70.3125,54.6875,15.625
E00036804,156,51,17,34,105,86,19,32.69230769230769,10.897435897435898,21.794871794871796,67.3076923076923,55.12820512820513,12.179487179487179
E00036805,99,33,14,19,66,52,14,33.33333333333333,14.14141414141414,19.19191919191919,66.66666666666666,52.52525252525253,14.14141414141414
E00036806,167,65,33,32,102,79,23,38.92215568862276,19.760479041916167,19.16167664670659,61.07784431137725,47.30538922155689,13.77245508982036
E00036807,125,45,17,28,80,68,12,36,13.600000000000001,22.400000000000002,64,54.400000000000006,9.6
E00036808,118,38,15,23,80,63,17,32.20338983050847,12.711864406779661,19.491525423728813,67.79661016949152,53.38983050847458,14.40677966101695
E00036809,180,54,18,36,126,95,31,30,10,20,70,52.77777777777778,17.22222222222222
E00036810,153,48,12,36,105,92,13,31.372549019607842,7.8431372549019605,23.52941176470588,68.62745098039215,60.130718954248366,8.49673202614379
E00036811,182,62,18,44,120,105,15,34.065934065934066,9.89010989010989,24.175824175824175,65.93406593406593,57.692307692307686,8.241758241758241
E00036812,173,43,13,30,130,115,15,24.85549132947977,7.514450867052023,17.341040462427745,75.14450867052022,66.47398843930635,8.670520231213873
E00036813,133,41,21,20,92,78,14,30.82706766917293,15.789473684210526,15.037593984962406,69.17293233082707,58.64661654135338,10.526315789473683
E00036814,147,50,12,38,97,87,10,34.01360544217687,8.16326530612245,25.850340136054424,65.98639455782312,59.183673469387756,6.802721088435375
E00036815,147,38,16,22,109,93,16,25.850340136054424,10.884353741496598,14.965986394557824,74.14965986394559,63.26530612244898,10.884353741496598
E00036816,104,30,9,21,74,66,8,28.846153846153843,8.653846153846153,20.192307692307693,71.15384615384616,63.46153846153846,7.6923076923076925
E00036817,136,37,10,27,99,85,14,27.205882352941174,7.352941176470589,19.852941176470587,72.79411764705883,62.5,10.294117647058822
E00036818,157,42,9,33,115,101,14,26.751592356687897,5.7324840764331215,21.019108280254777,73.24840764331209,64.3312101910828,8.9171974522293
E00036819,113,43,17,26,70,58,12,38.05309734513274,15.04424778761062,23.008849557522122,61.94690265486725,51.32743362831859,10.619469026548673
E00036820,110,44,17,27,66,57,9,40,15.454545454545453,24.545454545454547,60,51.81818181818182,8.181818181818182
E00036821,128,35,7,28,93,85,8,27.34375,5.46875,21.875,72.65625,66.40625,6.25
E00036822,119,44,10,34,75,69,6,36.97478991596639,8.403361344537815,28.57142857142857,63.02521008403361,57.98319327731093,5.042016806722689
E00036823,85,21,5,16,64,57,7,24.705882352941178,5.88235294117647,18.823529411764707,75.29411764705883,67.05882352941175,8.235294117647058
E00036824,141,46,15,31,95,83,12,32.62411347517731,10.638297872340425,21.98581560283688,67.37588652482269,58.86524822695035,8.51063829787234
E00036825,131,37,11,26,94,82,12,28.24427480916031,8.396946564885496,19.84732824427481,71.7557251908397,62.59541984732825,9.16030534351145
E00036826,100,28,13,15,72,66,6,28.000000000000004,13,15,72,66,6
E00036827,69,28,9,19,41,40,1,40.57971014492754,13.043478260869565,27.536231884057973,59.42028985507246,57.971014492753625,1.4492753623188406
E00036828,131,57,15,42,74,68,6,43.51145038167939,11.450381679389313,32.06106870229007,56.48854961832062,51.908396946564885,4.580152671755725
E00036829,13,1,1,0,12,12,0,7.6923076923076925,7.6923076923076925,0,92.3076923076923,92.3076923076923,0
E00036830,150,44,14,30,106,95,11,29.333333333333332,9.333333333333334,20,70.66666666666667,63.33333333333333,7.333333333333333
E00036831,160,52,14,38,108,88,20,32.5,8.75,23.75,67.5,55.00000000000001,12.5
E00036832,140,40,14,26,100,85,15,28.57142857142857,10,18.571428571428573,71.42857142857143,60.71428571428571,10.714285714285714
E00036833,145,43,13,30,102,93,9,29.655172413793103,8.96551724137931,20.689655172413794,70.34482758620689,64.13793103448275,6.206896551724138
E00036834,111,38,7,31,73,70,3,34.234234234234236,6.306306306306306,27.927927927927925,65.76576576576578,63.06306306306306,2.7027027027027026
E00036835,134,62,21,41,72,63,9,46.26865671641791,15.671641791044777,30.597014925373134,53.73134328358209,47.01492537313433,6.7164179104477615
E00036836,81,17,5,12,64,57,7,20.98765432098765,6.172839506172839,14.814814814814813,79.01234567901234,70.37037037037037,8.641975308641975
E00036837,108,34,14,20,74,62,12,31.48148148148148,12.962962962962962,18.51851851851852,68.51851851851852,57.407407407407405,11.11111111111111
E00036838,127,55,15,40,72,67,5,43.30708661417323,11.811023622047244,31.496062992125985,56.69291338582677,52.75590551181102,3.937007874015748
E00036839,114,34,13,21,80,75,5,29.82456140350877,11.403508771929824,18.421052631578945,70.17543859649122,65.78947368421053,4.385964912280701
E00036840,126,44,14,30,82,72,10,34.92063492063492,11.11111111111111,23.809523809523807,65.07936507936508,57.14285714285714,7.936507936507936
E00036841,143,44,14,30,99,90,9,30.76923076923077,9.79020979020979,20.97902097902098,69.23076923076923,62.93706293706294,6.293706293706294
E00036842,109,28,8,20,81,72,9,25.688073394495415,7.339449541284404,18.34862385321101,74.31192660550458,66.05504587155964,8.256880733944955
E00036843,127,48,10,38,79,74,5,37.79527559055118,7.874015748031496,29.92125984251969,62.20472440944882,58.26771653543307,3.937007874015748
E00036844,59,33,10,23,26,25,1,55.932203389830505,16.94915254237288,38.983050847457626,44.06779661016949,42.3728813559322,1.694915254237288
E00036845,131,41,6,35,90,83,7,31.297709923664126,4.580152671755725,26.717557251908396,68.70229007633588,63.358778625954194,5.343511450381679
E00036846,92,27,10,17,65,53,12,29.347826086956523,10.869565217391305,18.478260869565215,70.65217391304348,57.608695652173914,13.043478260869565
E00036847,55,20,6,14,35,34,1,36.36363636363637,10.909090909090908,25.454545454545453,63.63636363636363,61.81818181818181,1.8181818181818181
E00036848,57,18,4,14,39,36,3,31.57894736842105,7.017543859649122,24.561403508771928,68.42105263157895,63.1578947368421,5.263157894736842
E00036849,71,26,8,18,45,38,7,36.61971830985916,11.267605633802818,25.352112676056336,63.38028169014085,53.52112676056338,9.859154929577464
E00036850,85,30,12,18,55,54,1,35.294117647058826,14.117647058823529,21.176470588235293,64.70588235294117,63.52941176470588,1.1764705882352942
E00036851,95,30,8,22,65,61,4,31.57894736842105,8.421052631578947,23.157894736842106,68.42105263157895,64.21052631578948,4.2105263157894735
E00036852,118,41,17,24,77,65,12,34.74576271186441,14.40677966101695,20.33898305084746,65.2542372881356,55.08474576271186,10.16949152542373
E00036853,135,41,13,28,94,86,8,30.37037037037037,9.62962962962963,20.74074074074074,69.62962962962963,63.70370370370371,5.9259259259259265
E00036854,79,38,12,26,41,41,0,48.10126582278481,15.18987341772152,32.91139240506329,51.89873417721519,51.89873417721519,0
E00036855,120,43,18,25,77,68,9,35.833333333333336,15,20.833333333333336,64.16666666666667,56.666666666666664,7.5
E00036856,134,43,10,33,91,85,6,32.08955223880597,7.462686567164178,24.62686567164179,67.91044776119402,63.43283582089553,4.477611940298507
E00036857,93,29,11,18,64,59,5,31.182795698924732,11.827956989247312,19.35483870967742,68.81720430107528,63.44086021505376,5.376344086021505
E00036858,74,25,9,16,49,44,5,33.78378378378378,12.162162162162163,21.62162162162162,66.21621621621621,59.45945945945946,6.756756756756757
E00036859,92,31,5,26,61,58,3,33.69565217391305,5.434782608695652,28.26086956521739,66.30434782608695,63.04347826086957,3.260869565217391
E00036860,88,27,7,20,61,57,4,30.681818181818183,7.954545454545454,22.727272727272727,69.31818181818183,64.77272727272727,4.545454545454546
E00036861,103,43,9,34,60,57,3,41.74757281553398,8.737864077669903,33.00970873786408,58.252427184466015,55.33980582524271,2.912621359223301
E00036863,91,28,7,21,63,55,8,30.76923076923077,7.6923076923076925,23.076923076923077,69.23076923076923,60.43956043956044,8.791208791208792
E00036864,78,31,5,26,47,47,0,39.743589743589745,6.41025641025641,33.33333333333333,60.256410256410255,60.256410256410255,0
E00036865,138,50,14,36,88,81,7,36.231884057971016,10.144927536231885,26.08695652173913,63.76811594202898,58.69565217391305,5.072463768115942
E00036866,166,55,15,40,111,101,10,33.13253012048193,9.036144578313253,24.096385542168676,66.86746987951807,60.8433734939759,6.024096385542169
E00036867,59,31,12,19,28,24,4,52.54237288135594,20.33898305084746,32.20338983050847,47.45762711864407,40.67796610169492,6.779661016949152
E00036868,123,45,11,34,78,71,7,36.58536585365854,8.94308943089431,27.64227642276423,63.41463414634146,57.72357723577236,5.691056910569105
E00036869,134,51,10,41,83,77,6,38.059701492537314,7.462686567164178,30.597014925373134,61.940298507462686,57.46268656716418,4.477611940298507
E00036870,121,52,14,38,69,62,7,42.97520661157025,11.570247933884298,31.40495867768595,57.02479338842975,51.2396694214876,5.785123966942149
E00036871,137,46,8,38,91,85,6,33.57664233576642,5.839416058394161,27.73722627737226,66.42335766423358,62.04379562043796,4.37956204379562
E00036872,113,37,9,28,76,69,7,32.743362831858406,7.964601769911504,24.778761061946902,67.2566371681416,61.06194690265486,6.1946902654867255
E00036873,127,42,11,31,85,77,8,33.07086614173229,8.661417322834646,24.409448818897637,66.92913385826772,60.629921259842526,6.299212598425196
E00036874,113,36,16,20,77,61,16,31.858407079646017,14.15929203539823,17.699115044247787,68.14159292035397,53.98230088495575,14.15929203539823
E00036875,107,45,11,34,62,57,5,42.05607476635514,10.2803738317757,31.775700934579437,57.943925233644855,53.271028037383175,4.672897196261682
E00036876,146,46,16,30,100,90,10,31.506849315068493,10.95890410958904,20.54794520547945,68.4931506849315,61.64383561643836,6.8493150684931505
E00036877,142,43,14,29,99,94,5,30.28169014084507,9.859154929577464,20.422535211267608,69.71830985915493,66.19718309859155,3.5211267605633805
E00036878,147,37,12,25,110,103,7,25.170068027210885,8.16326530612245,17.006802721088434,74.82993197278913,70.06802721088435,4.761904761904762
E00036879,95,29,9,20,66,56,10,30.526315789473685,9.473684210526317,21.052631578947366,69.47368421052632,58.94736842105262,10.526315789473683
E00036880,117,32,8,24,85,78,7,27.350427350427353,6.837606837606838,20.51282051282051,72.64957264957265,66.66666666666666,5.982905982905983
E00036881,100,42,8,34,58,45,13,42,8,34,57.99999999999999,45,13
E00036882,91,41,9,32,50,43,7,45.05494505494506,9.89010989010989,35.16483516483517,54.94505494505495,47.25274725274725,7.6923076923076925
E00036883,108,30,9,21,78,66,12,27.77777777777778,8.333333333333332,19.444444444444446,72.22222222222221,61.111111111111114,11.11111111111111
E00036884,35,5,0,5,30,25,5,14.285714285714285,0,14.285714285714285,85.71428571428571,71.42857142857143,14.285714285714285
E00036885,129,50,17,33,79,65,14,38.759689922480625,13.178294573643413,25.581395348837212,61.240310077519375,50.3875968992248,10.852713178294573
E00036886,143,45,17,28,98,77,21,31.46853146853147,11.888111888111888,19.58041958041958,68.53146853146853,53.84615384615385,14.685314685314685
E00036887,159,47,13,34,112,100,12,29.559748427672954,8.176100628930817,21.38364779874214,70.44025157232704,62.893081761006286,7.547169811320755
E00036888,130,47,11,36,83,78,5,36.15384615384615,8.461538461538462,27.692307692307693,63.84615384615384,60,3.8461538461538463
E00036889,90,30,13,17,60,49,11,33.33333333333333,14.444444444444443,18.88888888888889,66.66666666666666,54.44444444444444,12.222222222222221
E00036890,125,37,10,27,88,83,5,29.599999999999998,8,21.6,70.39999999999999,66.4,4
E00036891,147,40,13,27,107,99,8,27.2108843537415,8.843537414965986,18.367346938775512,72.78911564625851,67.3469387755102,5.442176870748299
E00036892,152,54,20,34,98,84,14,35.526315789473685,13.157894736842104,22.36842105263158,64.47368421052632,55.26315789473685,9.210526315789473
E00036893,124,46,18,28,78,58,20,37.096774193548384,14.516129032258066,22.58064516129032,62.903225806451616,46.774193548387096,16.129032258064516
E00036894,138,55,19,36,83,59,24,39.85507246376812,13.768115942028986,26.08695652173913,60.14492753623188,42.7536231884058,17.391304347826086
E00036895,136,53,30,23,83,63,20,38.970588235294116,22.058823529411764,16.911764705882355,61.029411764705884,46.32352941176471,14.705882352941178
E00036896,122,36,8,28,86,81,5,29.508196721311474,6.557377049180328,22.950819672131146,70.49180327868852,66.39344262295081,4.098360655737705
E00036897,138,42,13,29,96,83,13,30.434782608695656,9.420289855072465,21.014492753623188,69.56521739130434,60.14492753623188,9.420289855072465
E00036898,132,45,12,33,87,74,13,34.090909090909086,9.090909090909092,25,65.9090909090909,56.060606060606055,9.848484848484848
E00036899,95,38,17,21,57,39,18,40,17.894736842105264,22.105263157894736,60,41.05263157894737,18.947368421052634
E00036900,135,36,11,25,99,84,15,26.666666666666668,8.148148148148149,18.51851851851852,73.33333333333333,62.22222222222222,11.11111111111111
E00036901,89,28,5,23,61,51,10,31.46067415730337,5.617977528089887,25.842696629213485,68.53932584269663,57.30337078651685,11.235955056179774
E00036902,129,46,13,33,83,71,12,35.65891472868217,10.077519379844961,25.581395348837212,64.34108527131784,55.03875968992248,9.30232558139535
E00036903,91,27,8,19,64,56,8,29.67032967032967,8.791208791208792,20.87912087912088,70.32967032967034,61.53846153846154,8.791208791208792
E00036904,114,33,12,21,81,67,14,28.947368421052634,10.526315789473683,18.421052631578945,71.05263157894737,58.77192982456141,12.280701754385964
E00036905,140,39,17,22,101,86,15,27.857142857142858,12.142857142857142,15.714285714285714,72.14285714285714,61.42857142857143,10.714285714285714
E00036906,127,45,13,32,82,71,11,35.43307086614173,10.236220472440944,25.196850393700785,64.56692913385827,55.90551181102362,8.661417322834646
E00036907,135,46,19,27,89,61,28,34.074074074074076,14.074074074074074,20,65.92592592592592,45.18518518518518,20.74074074074074
E00036908,131,40,13,27,91,81,10,30.53435114503817,9.923664122137405,20.610687022900763,69.46564885496184,61.832061068702295,7.633587786259542
E00036909,124,41,13,28,83,62,21,33.064516129032256,10.483870967741936,22.58064516129032,66.93548387096774,50,16.93548387096774
E00036910,146,51,18,33,95,78,17,34.93150684931507,12.32876712328767,22.602739726027394,65.06849315068493,53.42465753424658,11.643835616438356
E00036911,117,43,16,27,74,69,5,36.75213675213676,13.675213675213676,23.076923076923077,63.24786324786324,58.97435897435898,4.273504273504273
E00036912,123,44,20,24,79,72,7,35.77235772357724,16.260162601626014,19.51219512195122,64.22764227642277,58.536585365853654,5.691056910569105
E00036913,121,33,8,25,88,82,6,27.27272727272727,6.6115702479338845,20.66115702479339,72.72727272727273,67.76859504132231,4.958677685950414
E00036914,107,36,14,22,71,64,7,33.64485981308411,13.084112149532709,20.5607476635514,66.35514018691589,59.813084112149525,6.5420560747663545
E00036915,120,43,16,27,77,70,7,35.833333333333336,13.333333333333334,22.5,64.16666666666667,58.333333333333336,5.833333333333333
E00036916,86,28,9,19,58,46,12,32.55813953488372,10.465116279069768,22.093023255813954,67.44186046511628,53.48837209302325,13.953488372093023
E00036917,98,37,15,22,61,50,11,37.755102040816325,15.306122448979592,22.448979591836736,62.244897959183675,51.02040816326531,11.224489795918368
E00036918,106,42,10,32,64,58,6,39.62264150943396,9.433962264150944,30.18867924528302,60.37735849056604,54.71698113207547,5.660377358490567
E00036919,113,29,10,19,84,73,11,25.663716814159294,8.849557522123893,16.8141592920354,74.33628318584071,64.60176991150442,9.734513274336283
E00036920,122,32,10,22,90,83,7,26.229508196721312,8.19672131147541,18.0327868852459,73.77049180327869,68.0327868852459,5.737704918032787
E00036921,124,38,23,15,86,79,7,30.64516129032258,18.548387096774192,12.096774193548388,69.35483870967742,63.70967741935484,5.64516129032258
E00036922,107,35,9,26,72,65,7,32.71028037383177,8.411214953271028,24.299065420560748,67.28971962616822,60.747663551401864,6.5420560747663545
E00036923,147,45,10,35,102,92,10,30.612244897959183,6.802721088435375,23.809523809523807,69.38775510204081,62.585034013605444,6.802721088435375
E00036924,161,51,17,34,110,102,8,31.67701863354037,10.559006211180124,21.11801242236025,68.32298136645963,63.35403726708074,4.968944099378882
E00036925,125,40,18,22,85,75,10,32,14.399999999999999,17.599999999999998,68,60,8
E00036926,71,32,14,18,39,39,0,45.07042253521127,19.718309859154928,25.352112676056336,54.929577464788736,54.929577464788736,0
E00036927,105,28,12,16,77,72,5,26.666666666666668,11.428571428571429,15.238095238095239,73.33333333333333,68.57142857142857,4.761904761904762
E00036928,173,43,10,33,130,118,12,24.85549132947977,5.780346820809249,19.07514450867052,75.14450867052022,68.20809248554913,6.9364161849710975
E00036929,86,29,13,16,57,48,9,33.72093023255814,15.11627906976744,18.6046511627907,66.27906976744185,55.81395348837209,10.465116279069768
E00036930,210,60,22,38,150,127,23,28.57142857142857,10.476190476190476,18.095238095238095,71.42857142857143,60.476190476190474,10.952380952380953
E00036931,189,57,19,38,132,104,28,30.158730158730158,10.052910052910052,20.105820105820104,69.84126984126983,55.026455026455025,14.814814814814813
E00036932,91,32,14,18,59,43,16,35.16483516483517,15.384615384615385,19.78021978021978,64.83516483516483,47.25274725274725,17.582417582417584
E00036933,94,28,8,20,66,56,10,29.78723404255319,8.51063829787234,21.27659574468085,70.2127659574468,59.57446808510638,10.638297872340425
E00036934,114,36,15,21,78,63,15,31.57894736842105,13.157894736842104,18.421052631578945,68.42105263157895,55.26315789473685,13.157894736842104
E00036935,132,45,9,36,87,77,10,34.090909090909086,6.8181818181818175,27.27272727272727,65.9090909090909,58.333333333333336,7.575757575757576
E00036936,120,40,23,17,80,62,18,33.33333333333333,19.166666666666668,14.166666666666666,66.66666666666666,51.66666666666667,15
E00036937,133,43,23,20,90,73,17,32.33082706766917,17.293233082706767,15.037593984962406,67.66917293233082,54.88721804511278,12.781954887218044
E00036938,133,45,19,26,88,68,20,33.83458646616541,14.285714285714285,19.548872180451127,66.16541353383458,51.127819548872175,15.037593984962406
E00036939,113,46,19,27,67,56,11,40.707964601769916,16.8141592920354,23.893805309734514,59.29203539823009,49.557522123893804,9.734513274336283
E00036940,127,45,14,31,82,72,10,35.43307086614173,11.023622047244094,24.409448818897637,64.56692913385827,56.69291338582677,7.874015748031496
E00036941,141,56,16,40,85,75,10,39.71631205673759,11.347517730496454,28.368794326241137,60.28368794326241,53.191489361702125,7.092198581560284
E00036942,98,36,9,27,62,55,7,36.734693877551024,9.183673469387756,27.55102040816326,63.26530612244898,56.12244897959183,7.142857142857142
E00036943,151,42,15,27,109,101,8,27.81456953642384,9.933774834437086,17.880794701986755,72.18543046357617,66.88741721854305,5.298013245033113
E00036945,157,52,15,37,105,93,12,33.12101910828025,9.554140127388536,23.56687898089172,66.87898089171973,59.23566878980891,7.643312101910828
E00036946,129,44,14,30,85,74,11,34.10852713178294,10.852713178294573,23.25581395348837,65.89147286821705,57.36434108527132,8.527131782945736
E00036947,134,44,11,33,90,81,9,32.83582089552239,8.208955223880597,24.62686567164179,67.16417910447761,60.447761194029844,6.7164179104477615
E00036949,150,51,11,40,99,93,6,34,7.333333333333333,26.666666666666668,66,62,4
E00036950,128,41,20,21,87,78,9,32.03125,15.625,16.40625,67.96875,60.9375,7.03125
E00036951,143,49,15,34,94,89,5,34.26573426573427,10.48951048951049,23.776223776223777,65.73426573426573,62.23776223776224,3.4965034965034967
E00036952,84,31,4,27,53,49,4,36.904761904761905,4.761904761904762,32.142857142857146,63.095238095238095,58.333333333333336,4.761904761904762
E00036953,140,38,8,30,102,94,8,27.142857142857142,5.714285714285714,21.428571428571427,72.85714285714285,67.14285714285714,5.714285714285714
E00036954,133,48,12,36,85,78,7,36.09022556390977,9.022556390977442,27.06766917293233,63.90977443609023,58.64661654135338,5.263157894736842
E00036955,120,45,12,33,75,65,10,37.5,10,27.500000000000004,62.5,54.166666666666664,8.333333333333332
E00036956,108,33,7,26,75,69,6,30.555555555555557,6.481481481481481,24.074074074074073,69.44444444444444,63.888888888888886,5.555555555555555
E00036957,84,38,3,35,46,40,6,45.23809523809524,3.571428571428571,41.66666666666667,54.761904761904766,47.61904761904761,7.142857142857142
E00036958,161,54,14,40,107,96,11,33.54037267080746,8.695652173913043,24.84472049689441,66.45962732919256,59.62732919254658,6.832298136645963
E00036959,111,32,14,18,79,69,10,28.82882882882883,12.612612612612612,16.216216216216218,71.17117117117117,62.16216216216216,9.00900900900901
E00036960,117,31,8,23,86,80,6,26.495726495726498,6.837606837606838,19.65811965811966,73.50427350427351,68.37606837606837,5.128205128205128
E00036961,40,17,8,9,23,23,0,42.5,20,22.5,57.49999999999999,57.49999999999999,0
E00036962,136,44,16,28,92,85,7,32.35294117647059,11.76470588235294,20.588235294117645,67.64705882352942,62.5,5.147058823529411
E00036963,116,28,11,17,88,79,9,24.137931034482758,9.482758620689655,14.655172413793101,75.86206896551724,68.10344827586206,7.758620689655173
E00036964,100,22,11,11,78,66,12,22,11,11,78,66,12
E00036965,147,47,12,35,100,88,12,31.97278911564626,8.16326530612245,23.809523809523807,68.02721088435374,59.863945578231295,8.16326530612245
E00036967,183,65,28,37,118,105,13,35.51912568306011,15.300546448087433,20.21857923497268,64.48087431693989,57.377049180327866,7.103825136612022
E00036968,160,60,18,42,100,95,5,37.5,11.25,26.25,62.5,59.375,3.125
E00036969,95,28,7,21,67,59,8,29.47368421052631,7.368421052631578,22.105263157894736,70.52631578947368,62.10526315789474,8.421052631578947
E00036970,225,69,19,50,156,141,15,30.666666666666664,8.444444444444445,22.22222222222222,69.33333333333334,62.66666666666667,6.666666666666667
E00036971,98,30,10,20,68,61,7,30.612244897959183,10.204081632653061,20.408163265306122,69.38775510204081,62.244897959183675,7.142857142857142
E00036972,101,44,14,30,57,51,6,43.56435643564357,13.861386138613863,29.7029702970297,56.43564356435643,50.495049504950494,5.9405940594059405
E00036973,123,40,10,30,83,79,4,32.52032520325203,8.130081300813007,24.390243902439025,67.47967479674797,64.22764227642277,3.2520325203252036
E00036974,75,28,10,18,47,38,9,37.333333333333336,13.333333333333334,24,62.66666666666667,50.66666666666667,12
E00036975,107,39,14,25,68,60,8,36.44859813084112,13.084112149532709,23.364485981308412,63.55140186915887,56.074766355140184,7.476635514018691
E00036976,36,9,1,8,27,26,1,25,2.7777777777777777,22.22222222222222,75,72.22222222222221,2.7777777777777777
E00036977,104,30,6,24,74,71,3,28.846153846153843,5.769230769230769,23.076923076923077,71.15384615384616,68.26923076923077,2.8846153846153846
E00036978,111,27,8,19,84,77,7,24.324324324324326,7.207207207207207,17.117117117117118,75.67567567567568,69.36936936936937,6.306306306306306
E00036979,142,41,12,29,101,93,8,28.87323943661972,8.450704225352112,20.422535211267608,71.12676056338029,65.49295774647888,5.633802816901409
E00036981,122,28,10,18,94,78,16,22.950819672131146,8.19672131147541,14.754098360655737,77.04918032786885,63.934426229508205,13.114754098360656
E00036982,141,44,14,30,97,78,19,31.20567375886525,9.929078014184398,21.27659574468085,68.79432624113475,55.319148936170215,13.47517730496454
E00036983,62,18,4,14,44,36,8,29.03225806451613,6.451612903225806,22.58064516129032,70.96774193548387,58.06451612903226,12.903225806451612
E00036984,150,46,16,30,104,87,17,30.666666666666664,10.666666666666668,20,69.33333333333334,57.99999999999999,11.333333333333332
E00036985,147,51,13,38,96,86,10,34.69387755102041,8.843537414965986,25.850340136054424,65.3061224489796,58.50340136054422,6.802721088435375
E00036986,157,51,11,40,106,94,12,32.48407643312102,7.006369426751593,25.477707006369428,67.51592356687898,59.87261146496815,7.643312101910828
E00036987,117,47,17,30,70,64,6,40.17094017094017,14.529914529914532,25.64102564102564,59.82905982905983,54.700854700854705,5.128205128205128
E00036988,119,38,9,29,81,74,7,31.932773109243694,7.563025210084033,24.369747899159663,68.0672268907563,62.18487394957983,5.88235294117647
E00036989,115,35,6,29,80,73,7,30.434782608695656,5.217391304347826,25.217391304347824,69.56521739130434,63.47826086956522,6.086956521739131
E00036990,89,26,4,22,63,58,5,29.213483146067414,4.49438202247191,24.719101123595504,70.78651685393258,65.1685393258427,5.617977528089887
E00036991,123,49,20,29,74,68,6,39.83739837398374,16.260162601626014,23.577235772357724,60.16260162601627,55.28455284552846,4.878048780487805
E00036992,94,18,5,13,76,68,8,19.148936170212767,5.319148936170213,13.829787234042554,80.85106382978722,72.3404255319149,8.51063829787234
E00036993,151,53,17,36,98,90,8,35.099337748344375,11.258278145695364,23.841059602649008,64.90066225165563,59.60264900662252,5.298013245033113
E00036994,123,36,12,24,87,80,7,29.268292682926827,9.75609756097561,19.51219512195122,70.73170731707317,65.04065040650406,5.691056910569105
E00036995,129,36,11,25,93,85,8,27.906976744186046,8.527131782945736,19.379844961240313,72.09302325581395,65.89147286821705,6.2015503875969
E00036996,44,20,3,17,24,22,2,45.45454545454545,6.8181818181818175,38.63636363636363,54.54545454545454,50,4.545454545454546
E00036997,144,43,11,32,101,90,11,29.86111111111111,7.638888888888889,22.22222222222222,70.13888888888889,62.5,7.638888888888889
E00036998,125,46,14,32,79,73,6,36.8,11.200000000000001,25.6,63.2,58.4,4.8
E00036999,138,43,12,31,95,78,17,31.15942028985507,8.695652173913043,22.463768115942027,68.84057971014492,56.52173913043478,12.318840579710146
E00037000,148,41,7,34,107,94,13,27.7027027027027,4.72972972972973,22.972972972972975,72.2972972972973,63.51351351351351,8.783783783783784
E00037001,164,42,14,28,122,111,11,25.609756097560975,8.536585365853659,17.073170731707318,74.39024390243902,67.6829268292683,6.707317073170732
E00037002,154,42,9,33,112,97,15,27.27272727272727,5.844155844155844,21.428571428571427,72.72727272727273,62.98701298701299,9.740259740259742
E00037003,153,38,11,27,115,107,8,24.836601307189543,7.18954248366013,17.647058823529413,75.16339869281046,69.93464052287581,5.228758169934641
E00037004,160,46,12,34,114,90,24,28.749999999999996,7.5,21.25,71.25,56.25,15
E00037005,134,43,15,28,91,77,14,32.08955223880597,11.194029850746269,20.8955223880597,67.91044776119402,57.46268656716418,10.44776119402985
E00037006,131,38,12,26,93,77,16,29.00763358778626,9.16030534351145,19.84732824427481,70.99236641221374,58.778625954198475,12.213740458015266
E00037007,123,43,15,28,80,69,11,34.959349593495936,12.195121951219512,22.76422764227642,65.04065040650406,56.09756097560976,8.94308943089431
E00037008,128,33,17,16,95,78,17,25.78125,13.28125,12.5,74.21875,60.9375,13.28125
E00037009,143,42,14,28,101,92,9,29.37062937062937,9.79020979020979,19.58041958041958,70.62937062937063,64.33566433566433,6.293706293706294
E00037010,137,48,21,27,89,57,32,35.03649635036496,15.328467153284672,19.708029197080293,64.96350364963503,41.605839416058394,23.357664233576642
E00037011,154,52,17,35,102,89,13,33.76623376623377,11.03896103896104,22.727272727272727,66.23376623376623,57.7922077922078,8.441558441558442
E00037012,103,31,12,19,72,64,8,30.097087378640776,11.650485436893204,18.446601941747574,69.90291262135922,62.13592233009708,7.766990291262135
E00037013,87,24,7,17,63,48,15,27.586206896551722,8.045977011494253,19.54022988505747,72.41379310344827,55.172413793103445,17.24137931034483
E00037014,109,33,9,24,76,67,9,30.275229357798167,8.256880733944955,22.018348623853214,69.72477064220183,61.46788990825688,8.256880733944955
E00037015,110,34,10,24,76,69,7,30.909090909090907,9.090909090909092,21.818181818181817,69.0909090909091,62.727272727272734,6.363636363636363
E00037016,138,36,11,25,102,91,11,26.08695652173913,7.971014492753622,18.115942028985508,73.91304347826086,65.94202898550725,7.971014492753622
E00037017,136,48,13,35,88,77,11,35.294117647058826,9.558823529411764,25.735294117647058,64.70588235294117,56.61764705882353,8.088235294117647
E00037018,122,36,11,25,86,80,6,29.508196721311474,9.01639344262295,20.491803278688526,70.49180327868852,65.57377049180327,4.918032786885246
E00037020,113,43,8,35,70,64,6,38.05309734513274,7.079646017699115,30.973451327433626,61.94690265486725,56.63716814159292,5.3097345132743365
E00037021,169,66,22,44,103,89,14,39.053254437869825,13.017751479289942,26.035502958579883,60.946745562130175,52.662721893491124,8.284023668639055
E00037022,159,39,9,30,120,104,16,24.528301886792452,5.660377358490567,18.867924528301888,75.47169811320755,65.40880503144653,10.062893081761008
E00037024,133,42,7,35,91,77,14,31.57894736842105,5.263157894736842,26.31578947368421,68.42105263157895,57.89473684210527,10.526315789473683
E00037025,142,58,16,42,84,77,7,40.845070422535215,11.267605633802818,29.577464788732392,59.154929577464785,54.22535211267606,4.929577464788732
E00037026,117,44,12,32,73,71,2,37.60683760683761,10.256410256410255,27.350427350427353,62.39316239316239,60.68376068376068,1.7094017094017095
E00037028,139,54,17,37,85,74,11,38.84892086330935,12.23021582733813,26.618705035971225,61.15107913669065,53.23741007194245,7.913669064748201
E00037030,43,12,7,5,31,28,3,27.906976744186046,16.27906976744186,11.627906976744185,72.09302325581395,65.11627906976744,6.976744186046512
E00037031,107,28,3,25,79,76,3,26.168224299065418,2.803738317757009,23.364485981308412,73.83177570093457,71.02803738317756,2.803738317757009
E00037032,104,42,10,32,62,57,5,40.38461538461539,9.615384615384617,30.76923076923077,59.61538461538461,54.807692307692314,4.807692307692308
E00037033,120,46,15,31,74,61,13,38.333333333333336,12.5,25.833333333333336,61.66666666666667,50.83333333333333,10.833333333333334
E00037034,114,31,13,18,83,73,10,27.192982456140353,11.403508771929824,15.789473684210526,72.80701754385966,64.03508771929825,8.771929824561402
E00037035,134,36,11,25,98,87,11,26.865671641791046,8.208955223880597,18.65671641791045,73.13432835820896,64.92537313432835,8.208955223880597
E00037036,154,51,11,40,103,94,9,33.116883116883116,7.142857142857142,25.97402597402597,66.88311688311688,61.038961038961034,5.844155844155844
E00037037,176,46,14,32,130,112,18,26.136363636363637,7.954545454545454,18.181818181818183,73.86363636363636,63.63636363636363,10.227272727272728
E00037038,158,42,10,32,116,108,8,26.582278481012654,6.329113924050633,20.253164556962027,73.41772151898735,68.35443037974683,5.063291139240507
E00037039,176,54,20,34,122,103,19,30.681818181818183,11.363636363636363,19.318181818181817,69.31818181818183,58.52272727272727,10.795454545454545
E00037040,112,38,22,16,74,65,9,33.92857142857143,19.642857142857142,14.285714285714285,66.07142857142857,58.03571428571429,8.035714285714286
E00037041,91,35,10,25,56,51,5,38.46153846153847,10.989010989010989,27.472527472527474,61.53846153846154,56.043956043956044,5.4945054945054945
E00037042,160,37,14,23,123,109,14,23.125,8.75,14.374999999999998,76.875,68.125,8.75
E00037043,137,42,15,27,95,76,19,30.656934306569344,10.948905109489052,19.708029197080293,69.34306569343066,55.47445255474452,13.86861313868613
E00037044,197,61,23,38,136,113,23,30.96446700507614,11.6751269035533,19.289340101522843,69.03553299492386,57.360406091370564,11.6751269035533
E00037045,72,20,4,16,52,43,9,27.77777777777778,5.555555555555555,22.22222222222222,72.22222222222221,59.72222222222222,12.5
E00037046,140,34,12,22,106,99,7,24.285714285714285,8.571428571428571,15.714285714285714,75.71428571428571,70.71428571428572,5
E00037047,69,24,8,16,45,42,3,34.78260869565217,11.594202898550725,23.18840579710145,65.21739130434783,60.86956521739131,4.3478260869565215
E00037048,154,60,19,41,94,80,14,38.961038961038966,12.337662337662337,26.623376623376622,61.038961038961034,51.94805194805194,9.090909090909092
E00037049,126,29,10,19,97,79,18,23.015873015873016,7.936507936507936,15.079365079365079,76.98412698412699,62.698412698412696,14.285714285714285
E00037050,173,57,21,36,116,98,18,32.947976878612714,12.138728323699421,20.809248554913296,67.05202312138728,56.64739884393064,10.404624277456648
E00037051,141,41,13,28,100,85,15,29.078014184397162,9.219858156028367,19.858156028368796,70.92198581560284,60.28368794326241,10.638297872340425
E00037052,145,47,14,33,98,82,16,32.41379310344827,9.655172413793103,22.758620689655174,67.58620689655173,56.55172413793104,11.03448275862069
E00037053,90,24,10,14,66,56,10,26.666666666666668,11.11111111111111,15.555555555555555,73.33333333333333,62.22222222222222,11.11111111111111
E00037054,165,56,15,41,109,97,12,33.939393939393945,9.090909090909092,24.848484848484848,66.06060606060606,58.78787878787879,7.2727272727272725
E00037055,157,50,13,37,107,98,9,31.84713375796178,8.280254777070063,23.56687898089172,68.15286624203821,62.42038216560509,5.7324840764331215
E00037056,160,48,13,35,112,95,17,30,8.125,21.875,70,59.375,10.625
E00037057,186,52,20,32,134,116,18,27.956989247311824,10.75268817204301,17.20430107526882,72.04301075268818,62.365591397849464,9.67741935483871
E00037058,148,38,12,26,110,97,13,25.675675675675674,8.108108108108109,17.56756756756757,74.32432432432432,65.54054054054053,8.783783783783784
E00037059,149,48,9,39,101,91,10,32.21476510067114,6.0402684563758395,26.174496644295303,67.78523489932886,61.07382550335571,6.7114093959731544
E00037060,99,37,12,25,62,50,12,37.37373737373738,12.121212121212121,25.252525252525253,62.62626262626263,50.505050505050505,12.121212121212121
E00037061,137,29,7,22,108,99,9,21.16788321167883,5.109489051094891,16.05839416058394,78.83211678832117,72.26277372262774,6.569343065693431
E00037062,190,48,13,35,142,122,20,25.263157894736842,6.842105263157896,18.421052631578945,74.73684210526315,64.21052631578948,10.526315789473683
E00037063,141,35,15,20,106,95,11,24.822695035460992,10.638297872340425,14.184397163120568,75.177304964539,67.37588652482269,7.801418439716312
E00037064,136,48,11,37,88,81,7,35.294117647058826,8.088235294117647,27.205882352941174,64.70588235294117,59.55882352941176,5.147058823529411
E00037065,111,36,7,29,75,66,9,32.432432432432435,6.306306306306306,26.126126126126124,67.56756756756756,59.45945945945946,8.108108108108109
E00037066,150,38,13,25,112,106,6,25.333333333333336,8.666666666666668,16.666666666666664,74.66666666666667,70.66666666666667,4
E00037067,132,37,16,21,95,80,15,28.030303030303028,12.121212121212121,15.909090909090908,71.96969696969697,60.60606060606061,11.363636363636363
E00037068,127,32,9,23,95,88,7,25.196850393700785,7.086614173228346,18.11023622047244,74.80314960629921,69.29133858267717,5.511811023622047
E00037069,130,49,16,33,81,67,14,37.69230769230769,12.307692307692308,25.384615384615383,62.30769230769231,51.53846153846153,10.76923076923077
E00037070,73,25,4,21,48,43,5,34.24657534246575,5.47945205479452,28.767123287671232,65.75342465753424,58.9041095890411,6.8493150684931505
E00037071,121,43,10,33,78,63,15,35.53719008264463,8.264462809917356,27.27272727272727,64.46280991735537,52.066115702479344,12.396694214876034
E00037072,159,45,13,32,114,110,4,28.30188679245283,8.176100628930817,20.125786163522015,71.69811320754717,69.18238993710692,2.515723270440252
E00037073,139,45,15,30,94,80,14,32.37410071942446,10.79136690647482,21.58273381294964,67.62589928057554,57.55395683453237,10.071942446043165
E00037074,158,53,10,43,105,93,12,33.54430379746836,6.329113924050633,27.21518987341772,66.45569620253164,58.86075949367089,7.59493670886076
E00037075,129,35,9,26,94,84,10,27.131782945736433,6.976744186046512,20.155038759689923,72.86821705426357,65.11627906976744,7.751937984496124
E00037076,144,44,13,31,100,86,14,30.555555555555557,9.027777777777777,21.52777777777778,69.44444444444444,59.72222222222222,9.722222222222223
E00037077,156,54,17,37,102,88,14,34.61538461538461,10.897435897435898,23.717948717948715,65.38461538461539,56.41025641025641,8.974358974358974
E00037078,162,49,16,33,113,99,14,30.246913580246915,9.876543209876543,20.37037037037037,69.75308641975309,61.111111111111114,8.641975308641975
E00037079,80,25,7,18,55,50,5,31.25,8.75,22.5,68.75,62.5,6.25
E00037080,109,28,11,17,81,72,9,25.688073394495415,10.091743119266056,15.59633027522936,74.31192660550458,66.05504587155964,8.256880733944955
E00037081,150,50,26,24,100,77,23,33.33333333333333,17.333333333333336,16,66.66666666666666,51.33333333333333,15.333333333333332
E00037082,147,36,13,23,111,102,9,24.489795918367346,8.843537414965986,15.646258503401361,75.51020408163265,69.38775510204081,6.122448979591836
E00037083,139,51,19,32,88,66,22,36.69064748201439,13.66906474820144,23.021582733812952,63.30935251798561,47.482014388489205,15.827338129496402
E00037084,167,37,11,26,130,110,20,22.15568862275449,6.58682634730539,15.568862275449103,77.84431137724552,65.86826347305389,11.976047904191617
E00168412,175,31,13,18,144,125,19,17.71428571428571,7.428571428571429,10.285714285714285,82.28571428571428,71.42857142857143,10.857142857142858
E00168413,83,33,6,27,50,45,5,39.75903614457831,7.228915662650602,32.53012048192771,60.24096385542169,54.21686746987952,6.024096385542169
E00168414,69,23,14,9,46,41,5,33.33333333333333,20.28985507246377,13.043478260869565,66.66666666666666,59.42028985507246,7.246376811594203
E00168415,132,30,11,19,102,89,13,22.727272727272727,8.333333333333332,14.393939393939394,77.27272727272727,67.42424242424242,9.848484848484848
E00168416,210,55,23,32,155,136,19,26.190476190476193,10.952380952380953,15.238095238095239,73.80952380952381,64.76190476190476,9.047619047619047
E00168417,164,49,15,34,115,105,10,29.878048780487802,9.146341463414634,20.73170731707317,70.1219512195122,64.02439024390245,6.097560975609756
E00168418,221,55,19,36,166,148,18,24.8868778280543,8.597285067873303,16.289592760180994,75.1131221719457,66.9683257918552,8.144796380090497
E00168419,202,55,18,37,147,135,12,27.22772277227723,8.91089108910891,18.316831683168317,72.77227722772277,66.83168316831683,5.9405940594059405
E00168420,192,64,18,46,128,109,19,33.33333333333333,9.375,23.958333333333336,66.66666666666666,56.770833333333336,9.895833333333332
E00168421,108,33,11,22,75,68,7,30.555555555555557,10.185185185185185,20.37037037037037,69.44444444444444,62.96296296296296,6.481481481481481
E00168422,88,28,5,23,60,51,9,31.818181818181817,5.681818181818182,26.136363636363637,68.18181818181817,57.95454545454546,10.227272727272728
E00168423,158,68,17,51,90,84,6,43.037974683544306,10.759493670886076,32.278481012658226,56.9620253164557,53.16455696202531,3.79746835443038
E00168424,196,55,14,41,141,127,14,28.061224489795915,7.142857142857142,20.918367346938776,71.93877551020408,64.79591836734694,7.142857142857142
E00168425,84,32,8,24,52,47,5,38.095238095238095,9.523809523809524,28.57142857142857,61.904761904761905,55.952380952380956,5.952380952380952
E00168426,203,67,15,52,136,121,15,33.004926108374384,7.389162561576355,25.615763546798032,66.99507389162561,59.60591133004927,7.389162561576355
E00185140,192,66,24,42,126,115,11,34.375,12.5,21.875,65.625,59.895833333333336,5.729166666666666
E00185146,185,48,25,23,137,118,19,25.945945945945947,13.513513513513514,12.432432432432433,74.05405405405405,63.78378378378379,10.27027027027027
E00185148,261,53,20,33,208,177,31,20.306513409961685,7.662835249042145,12.643678160919542,79.6934865900383,67.81609195402298,11.877394636015326
E00185151,173,24,1,23,149,132,17,13.872832369942195,0.5780346820809248,13.294797687861271,86.1271676300578,76.30057803468208,9.826589595375722
E00185153,213,50,11,39,163,135,28,23.474178403755868,5.164319248826291,18.30985915492958,76.52582159624414,63.38028169014085,13.145539906103288
E00185154,243,49,19,30,194,178,16,20.16460905349794,7.818930041152264,12.345679012345679,79.83539094650206,73.25102880658436,6.584362139917696
E00185156,114,32,7,25,82,76,6,28.07017543859649,6.140350877192982,21.929824561403507,71.9298245614035,66.66666666666666,5.263157894736842
E00185158,82,12,1,11,70,62,8,14.634146341463413,1.2195121951219512,13.414634146341465,85.36585365853658,75.60975609756098,9.75609756097561
E00185159,141,48,16,32,93,84,9,34.04255319148936,11.347517730496454,22.69503546099291,65.95744680851064,59.57446808510638,6.382978723404255
E00185164,267,83,23,60,184,166,18,31.086142322097377,8.614232209737828,22.47191011235955,68.91385767790263,62.172284644194754,6.741573033707865
E00185168,115,27,8,19,88,75,13,23.47826086956522,6.956521739130435,16.52173913043478,76.52173913043478,65.21739130434783,11.304347826086957
E00185169,151,38,11,27,113,98,15,25.165562913907287,7.28476821192053,17.880794701986755,74.83443708609272,64.90066225165563,9.933774834437086
E00185170,112,35,13,22,77,66,11,31.25,11.607142857142858,19.642857142857142,68.75,58.92857142857143,9.821428571428571
E00185172,292,58,11,47,234,194,40,19.863013698630137,3.767123287671233,16.095890410958905,80.13698630136986,66.43835616438356,13.698630136986301
E00185174,164,50,14,36,114,96,18,30.48780487804878,8.536585365853659,21.951219512195124,69.51219512195121,58.536585365853654,10.975609756097562
E00185177,256,56,19,37,200,180,20,21.875,7.421875,14.453125,78.125,70.3125,7.8125
