OA,ts0380001,ts0380002,ts0380003,ts0380004,ts0380005,ts0380006,ts0380007,ts0380002_PCT,ts0380003_PCT,ts0380004_PCT,ts0380005_PCT,ts0380006_PCT,ts0380007_PCT
E00155162,249,41,14,27,208,21,187,16.46586345381526,5.622489959839357,10.843373493975903,83.53413654618474,8.433734939759036,75.1004016064257
E00155163,303,40,23,17,263,35,228,13.2013201320132,7.590759075907591,5.6105610561056105,86.79867986798679,11.55115511551155,75.24752475247524
E00155164,289,32,10,22,257,28,229,11.072664359861593,3.4602076124567476,7.612456747404845,88.92733564013841,9.688581314878892,79.23875432525952
E00155165,356,42,10,32,314,27,287,11.797752808988763,2.8089887640449436,8.98876404494382,88.20224719101124,7.584269662921349,80.6179775280899
E00155166,243,22,9,13,221,17,204,9.053497942386832,3.7037037037037033,5.349794238683128,90.94650205761316,6.995884773662551,83.9506172839506
E00155167,272,47,21,26,225,30,195,17.27941176470588,7.720588235294118,9.558823529411764,82.72058823529412,11.029411764705882,71.69117647058823
E00155168,307,39,13,26,268,22,246,12.703583061889251,4.234527687296417,8.469055374592834,87.29641693811075,7.166123778501629,80.13029315960912
E00155169,163,54,32,22,109,12,97,33.12883435582822,19.631901840490798,13.496932515337424,66.87116564417178,7.361963190184049,59.50920245398773
E00155170,318,26,9,17,292,34,258,8.176100628930817,2.8301886792452833,5.345911949685535,91.82389937106919,10.69182389937107,81.13207547169812
E00155171,357,50,17,33,307,19,288,14.005602240896359,4.761904761904762,9.243697478991598,85.99439775910365,5.322128851540616,80.67226890756302
E00155172,268,66,21,45,202,23,179,24.62686567164179,7.835820895522389,16.791044776119403,75.3731343283582,8.582089552238806,66.7910447761194
E00155173,233,27,5,22,206,11,195,11.587982832618025,2.1459227467811157,9.44206008583691,88.41201716738198,4.721030042918455,83.69098712446352
E00155174,554,52,15,37,502,47,455,9.386281588447654,2.707581227436823,6.678700361010831,90.61371841155234,8.483754512635379,82.12996389891697
E00155175,299,42,15,27,257,34,223,14.046822742474916,5.016722408026756,9.03010033444816,85.95317725752508,11.37123745819398,74.5819397993311
E00155176,289,42,13,29,247,22,225,14.53287197231834,4.498269896193772,10.034602076124568,85.46712802768167,7.612456747404845,77.85467128027682
E00155177,262,44,23,21,218,29,189,16.793893129770993,8.778625954198473,8.015267175572518,83.20610687022901,11.068702290076336,72.13740458015268
E00155178,214,23,5,18,191,11,180,10.74766355140187,2.336448598130841,8.411214953271028,89.25233644859813,5.14018691588785,84.11214953271028
E00155179,583,72,29,43,511,41,470,12.34991423670669,4.974271012006861,7.375643224699828,87.6500857632933,7.0325900514579764,80.61749571183533
E00155180,294,44,27,17,250,15,235,14.965986394557824,9.183673469387756,5.782312925170068,85.03401360544217,5.1020408163265305,79.93197278911565
E00155181,246,41,19,22,205,17,188,16.666666666666664,7.723577235772358,8.94308943089431,83.33333333333334,6.910569105691057,76.42276422764228
E00155182,257,24,8,16,233,20,213,9.33852140077821,3.11284046692607,6.22568093385214,90.6614785992218,7.782101167315175,82.87937743190662
E00155183,291,38,9,29,253,28,225,13.058419243986256,3.0927835051546393,9.965635738831615,86.94158075601375,9.621993127147768,77.31958762886599
E00155184,284,50,21,29,234,15,219,17.6056338028169,7.394366197183098,10.211267605633804,82.3943661971831,5.28169014084507,77.11267605633803
E00155185,335,44,13,31,291,26,265,13.134328358208954,3.880597014925373,9.253731343283581,86.86567164179104,7.761194029850746,79.1044776119403
E00155186,292,63,23,40,229,18,211,21.575342465753426,7.876712328767123,13.698630136986301,78.42465753424658,6.164383561643835,72.26027397260275
E00155187,374,52,12,40,322,23,299,13.903743315508022,3.2085561497326207,10.695187165775401,86.09625668449198,6.149732620320856,79.94652406417111
E00155188,302,49,21,28,253,21,232,16.225165562913908,6.95364238410596,9.271523178807946,83.77483443708608,6.95364238410596,76.82119205298014
E00155189,139,15,3,12,124,6,118,10.79136690647482,2.158273381294964,8.633093525179856,89.20863309352518,4.316546762589928,84.89208633093526
E00155190,333,60,24,36,273,22,251,18.01801801801802,7.207207207207207,10.81081081081081,81.98198198198197,6.606606606606606,75.37537537537537
E00155191,301,27,9,18,274,25,249,8.970099667774086,2.990033222591362,5.980066445182724,91.0299003322259,8.305647840531561,82.72425249169434
E00155192,221,33,11,22,188,20,168,14.93212669683258,4.97737556561086,9.95475113122172,85.06787330316742,9.049773755656108,76.01809954751131
E00155193,314,46,14,32,268,22,246,14.64968152866242,4.45859872611465,10.191082802547772,85.35031847133759,7.006369426751593,78.343949044586
E00155194,288,50,18,32,238,24,214,17.36111111111111,6.25,11.11111111111111,82.63888888888889,8.333333333333332,74.30555555555556
E00155195,302,37,11,26,265,23,242,12.251655629139073,3.642384105960265,8.609271523178808,87.74834437086093,7.6158940397351,80.13245033112582
E00155196,331,35,13,22,296,23,273,10.574018126888216,3.927492447129909,6.646525679758309,89.42598187311178,6.948640483383686,82.4773413897281
E00155197,277,55,24,31,222,21,201,19.855595667870034,8.664259927797833,11.191335740072201,80.14440433212997,7.581227436823104,72.56317689530685
E00155198,323,56,24,32,267,26,241,17.3374613003096,7.430340557275541,9.907120743034056,82.6625386996904,8.04953560371517,74.61300309597523
E00155199,234,39,10,29,195,19,176,16.666666666666664,4.273504273504273,12.393162393162394,83.33333333333334,8.11965811965812,75.21367521367522
E00155200,425,66,27,39,359,21,338,15.529411764705884,6.352941176470588,9.176470588235293,84.47058823529412,4.941176470588235,79.52941176470588
E00155201,304,46,15,31,258,30,228,15.131578947368421,4.934210526315789,10.197368421052632,84.86842105263158,9.868421052631579,75
E00155202,294,40,10,30,254,29,225,13.60544217687075,3.4013605442176873,10.204081632653061,86.39455782312925,9.863945578231291,76.53061224489795
E00155203,264,36,14,22,228,30,198,13.636363636363635,5.303030303030303,8.333333333333332,86.36363636363636,11.363636363636363,75
E00155204,255,35,8,27,220,22,198,13.725490196078432,3.1372549019607843,10.588235294117647,86.27450980392157,8.627450980392156,77.64705882352942
E00155205,268,47,15,32,221,15,206,17.537313432835823,5.597014925373134,11.940298507462686,82.46268656716418,5.597014925373134,76.86567164179104
E00155206,180,37,15,22,143,17,126,20.555555555555554,8.333333333333332,12.222222222222221,79.44444444444444,9.444444444444445,70
E00155207,247,41,17,24,206,20,186,16.599190283400812,6.882591093117409,9.7165991902834,83.40080971659918,8.097165991902834,75.30364372469636
E00155208,300,24,5,19,276,27,249,8,1.6666666666666667,6.333333333333334,92,9,83
E00155209,269,36,16,20,233,30,203,13.382899628252787,5.947955390334572,7.434944237918216,86.61710037174721,11.152416356877323,75.46468401486989
E00155210,296,31,12,19,265,28,237,10.472972972972974,4.054054054054054,6.418918918918918,89.52702702702703,9.45945945945946,80.06756756756756
E00155211,395,89,40,49,306,32,274,22.531645569620252,10.126582278481013,12.405063291139239,77.46835443037975,8.10126582278481,69.36708860759494
E00155212,309,48,19,29,261,30,231,15.53398058252427,6.148867313915858,9.385113268608414,84.46601941747572,9.70873786407767,74.75728155339806
E00155213,329,53,20,33,276,30,246,16.109422492401215,6.079027355623101,10.030395136778116,83.89057750759878,9.118541033434651,74.77203647416414
E00155214,345,53,20,33,292,24,268,15.36231884057971,5.797101449275362,9.565217391304348,84.63768115942028,6.956521739130435,77.68115942028986
E00155215,302,58,26,32,244,30,214,19.205298013245034,8.609271523178808,10.596026490066226,80.79470198675497,9.933774834437086,70.86092715231787
E00155216,241,27,10,17,214,21,193,11.20331950207469,4.149377593360995,7.053941908713693,88.79668049792531,8.71369294605809,80.08298755186722
E00155217,313,64,26,38,249,28,221,20.447284345047922,8.30670926517572,12.140575079872203,79.55271565495208,8.945686900958465,70.6070287539936
E00155218,305,66,31,35,239,24,215,21.639344262295083,10.163934426229508,11.475409836065573,78.36065573770492,7.868852459016394,70.49180327868852
E00155219,265,33,18,15,232,32,200,12.452830188679245,6.7924528301886795,5.660377358490567,87.54716981132076,12.075471698113208,75.47169811320755
E00155220,275,37,12,25,238,21,217,13.454545454545455,4.363636363636364,9.090909090909092,86.54545454545455,7.636363636363637,78.9090909090909
E00155221,288,61,26,35,227,15,212,21.180555555555554,9.027777777777777,12.152777777777777,78.81944444444444,5.208333333333334,73.61111111111111
E00155222,357,53,27,26,304,30,274,14.84593837535014,7.563025210084033,7.282913165266107,85.15406162464986,8.403361344537815,76.75070028011206
E00155223,372,59,24,35,313,30,283,15.86021505376344,6.451612903225806,9.408602150537634,84.13978494623656,8.064516129032258,76.0752688172043
E00155224,304,31,8,23,273,32,241,10.197368421052632,2.631578947368421,7.565789473684211,89.80263157894737,10.526315789473683,79.27631578947368
E00155225,200,33,4,29,167,25,142,16.5,2,14.499999999999998,83.5,12.5,71
E00155226,255,45,21,24,210,24,186,17.647058823529413,8.235294117647058,9.411764705882353,82.35294117647058,9.411764705882353,72.94117647058823
E00155227,370,68,32,36,302,27,275,18.37837837837838,8.64864864864865,9.72972972972973,81.62162162162161,7.297297297297297,74.32432432432432
E00155228,252,44,13,31,208,27,181,17.46031746031746,5.158730158730158,12.3015873015873,82.53968253968253,10.714285714285714,71.82539682539682
E00155229,267,40,15,25,227,22,205,14.981273408239701,5.617977528089887,9.363295880149813,85.0187265917603,8.239700374531834,76.77902621722846
E00155230,307,21,6,15,286,21,265,6.840390879478828,1.9543973941368076,4.88599348534202,93.15960912052117,6.840390879478828,86.31921824104235
E00155231,284,38,12,26,246,33,213,13.380281690140844,4.225352112676056,9.15492957746479,86.61971830985915,11.619718309859154,75
E00155232,308,40,10,30,268,27,241,12.987012987012985,3.2467532467532463,9.740259740259742,87.01298701298701,8.766233766233766,78.24675324675324
E00155233,323,36,10,26,287,29,258,11.145510835913312,3.0959752321981426,8.04953560371517,88.85448916408669,8.978328173374612,79.87616099071208
E00155234,205,32,6,26,173,26,147,15.609756097560975,2.9268292682926833,12.682926829268293,84.39024390243902,12.682926829268293,71.70731707317073
E00155235,225,24,11,13,201,15,186,10.666666666666668,4.888888888888889,5.777777777777778,89.33333333333333,6.666666666666667,82.66666666666667
E00155236,278,29,7,22,249,24,225,10.431654676258994,2.5179856115107913,7.913669064748201,89.568345323741,8.633093525179856,80.93525179856115
E00155237,295,36,11,25,259,29,230,12.203389830508476,3.728813559322034,8.47457627118644,87.79661016949153,9.830508474576272,77.96610169491525
E00155238,360,42,11,31,318,32,286,11.666666666666666,3.0555555555555554,8.61111111111111,88.33333333333333,8.88888888888889,79.44444444444444
E00155239,367,23,1,22,344,25,319,6.267029972752043,0.2724795640326975,5.994550408719346,93.73297002724796,6.811989100817439,86.92098092643052
E00155240,439,66,20,46,373,33,340,15.034168564920272,4.555808656036446,10.478359908883828,84.96583143507974,7.517084282460136,77.44874715261959
E00155241,260,26,5,21,234,23,211,10,1.9230769230769231,8.076923076923077,90,8.846153846153847,81.15384615384616
E00155242,351,36,8,28,315,29,286,10.256410256410255,2.2792022792022792,7.977207977207977,89.74358974358975,8.262108262108262,81.48148148148148
E00155243,319,42,14,28,277,28,249,13.166144200626958,4.38871473354232,8.77742946708464,86.83385579937304,8.77742946708464,78.0564263322884
E00155244,388,69,37,32,319,32,287,17.783505154639176,9.536082474226804,8.24742268041237,82.21649484536083,8.24742268041237,73.96907216494846
E00155245,473,44,15,29,429,33,396,9.30232558139535,3.171247357293869,6.13107822410148,90.69767441860465,6.976744186046512,83.72093023255815
E00155246,258,38,16,22,220,20,200,14.728682170542637,6.2015503875969,8.527131782945736,85.27131782945736,7.751937984496124,77.51937984496125
E00155247,338,37,11,26,301,18,283,10.946745562130179,3.2544378698224854,7.6923076923076925,89.05325443786982,5.325443786982249,83.72781065088756
E00155248,363,32,5,27,331,23,308,8.81542699724518,1.3774104683195594,7.43801652892562,91.18457300275482,6.336088154269973,84.84848484848484
E00155249,299,58,27,31,241,28,213,19.39799331103679,9.03010033444816,10.367892976588628,80.60200668896321,9.364548494983277,71.23745819397993
E00155250,341,30,3,27,311,22,289,8.797653958944283,0.8797653958944283,7.9178885630498534,91.20234604105572,6.451612903225806,84.75073313782991
E00155251,325,29,10,19,296,40,256,8.923076923076923,3.076923076923077,5.846153846153846,91.07692307692308,12.307692307692308,78.76923076923077
E00155252,319,34,12,22,285,33,252,10.658307210031348,3.761755485893417,6.896551724137931,89.34169278996865,10.344827586206897,78.99686520376176
E00155253,343,39,5,34,304,28,276,11.370262390670554,1.4577259475218658,9.912536443148689,88.62973760932945,8.16326530612245,80.466472303207
E00155254,326,46,14,32,280,32,248,14.11042944785276,4.294478527607362,9.815950920245399,85.88957055214725,9.815950920245399,76.07361963190185
E00155255,314,42,12,30,272,26,246,13.375796178343949,3.821656050955414,9.554140127388536,86.62420382165605,8.280254777070063,78.343949044586
E00155256,382,27,11,16,355,30,325,7.068062827225131,2.8795811518324608,4.18848167539267,92.93193717277487,7.853403141361256,85.07853403141361
E00155257,309,42,18,24,267,22,245,13.592233009708737,5.825242718446602,7.766990291262135,86.40776699029125,7.119741100323624,79.28802588996764
E00155259,255,28,8,20,227,25,202,10.980392156862745,3.1372549019607843,7.8431372549019605,89.01960784313725,9.803921568627452,79.2156862745098
E00155260,362,41,13,28,321,23,298,11.32596685082873,3.591160220994475,7.734806629834254,88.67403314917127,6.353591160220995,82.32044198895028
E00155261,293,34,16,18,259,23,236,11.604095563139932,5.460750853242321,6.143344709897611,88.39590443686008,7.849829351535837,80.54607508532423
E00155262,416,66,36,30,350,31,319,15.865384615384615,8.653846153846153,7.211538461538461,84.13461538461539,7.451923076923077,76.6826923076923
E00155263,431,44,12,32,387,45,342,10.208816705336426,2.784222737819025,7.424593967517401,89.79118329466357,10.440835266821345,79.35034802784223
E00155264,313,38,4,34,275,26,249,12.140575079872203,1.2779552715654952,10.86261980830671,87.8594249201278,8.30670926517572,79.55271565495208
E00155265,243,39,12,27,204,11,193,16.049382716049383,4.938271604938271,11.11111111111111,83.9506172839506,4.526748971193416,79.42386831275721
E00155266,425,48,12,36,377,37,340,11.294117647058824,2.823529411764706,8.470588235294118,88.70588235294117,8.705882352941176,80
E00155267,115,7,1,6,108,7,101,6.086956521739131,0.8695652173913043,5.217391304347826,93.91304347826087,6.086956521739131,87.82608695652175
E00155268,287,33,14,19,254,21,233,11.498257839721255,4.878048780487805,6.620209059233449,88.50174216027874,7.317073170731707,81.18466898954703
E00155269,361,30,10,20,331,17,314,8.310249307479225,2.7700831024930745,5.540166204986149,91.68975069252078,4.7091412742382275,86.98060941828255
E00155270,308,36,8,28,272,22,250,11.688311688311687,2.5974025974025974,9.090909090909092,88.31168831168831,7.142857142857142,81.16883116883116
E00155271,297,25,12,13,272,19,253,8.417508417508419,4.040404040404041,4.377104377104377,91.58249158249158,6.397306397306397,85.18518518518519
E00155272,284,22,1,21,262,17,245,7.746478873239436,0.35211267605633806,7.394366197183098,92.25352112676056,5.985915492957746,86.26760563380282
E00155273,363,22,1,21,341,28,313,6.0606060606060606,0.27548209366391185,5.785123966942149,93.93939393939394,7.7134986225895315,86.22589531680441
E00155274,234,26,11,15,208,17,191,11.11111111111111,4.700854700854701,6.41025641025641,88.88888888888889,7.264957264957266,81.62393162393163
E00155275,298,51,15,36,247,35,212,17.114093959731544,5.033557046979865,12.080536912751679,82.88590604026845,11.74496644295302,71.14093959731544
E00155276,337,28,9,19,309,32,277,8.30860534124629,2.6706231454005933,5.637982195845697,91.69139465875371,9.495548961424333,82.19584569732937
E00155277,321,43,16,27,278,26,252,13.395638629283487,4.984423676012461,8.411214953271028,86.6043613707165,8.09968847352025,78.50467289719626
E00155278,290,70,38,32,220,15,205,24.137931034482758,13.10344827586207,11.03448275862069,75.86206896551724,5.172413793103448,70.6896551724138
E00155279,358,33,7,26,325,29,296,9.217877094972067,1.9553072625698324,7.262569832402235,90.78212290502793,8.100558659217876,82.68156424581005
E00155280,333,43,5,38,290,25,265,12.912912912912914,1.5015015015015014,11.411411411411411,87.08708708708708,7.5075075075075075,79.57957957957959
E00155281,292,58,22,36,234,17,217,19.863013698630137,7.534246575342466,12.32876712328767,80.13698630136986,5.821917808219178,74.31506849315068
E00155282,310,54,39,15,256,26,230,17.419354838709676,12.580645161290322,4.838709677419355,82.58064516129032,8.38709677419355,74.19354838709677
E00155283,183,33,12,21,150,22,128,18.0327868852459,6.557377049180328,11.475409836065573,81.9672131147541,12.021857923497267,69.94535519125684
E00155284,295,42,13,29,253,20,233,14.237288135593221,4.406779661016949,9.830508474576272,85.76271186440678,6.779661016949152,78.98305084745762
E00155285,334,45,26,19,289,35,254,13.47305389221557,7.784431137724551,5.688622754491018,86.52694610778443,10.479041916167663,76.04790419161677
E00155286,295,29,8,21,266,25,241,9.830508474576272,2.711864406779661,7.118644067796611,90.16949152542372,8.47457627118644,81.69491525423729
E00155287,354,44,12,32,310,28,282,12.429378531073446,3.389830508474576,9.03954802259887,87.57062146892656,7.909604519774012,79.66101694915254
E00155288,296,23,8,15,273,27,246,7.77027027027027,2.7027027027027026,5.0675675675675675,92.22972972972973,9.121621621621621,83.1081081081081
E00155289,368,43,8,35,325,24,301,11.684782608695652,2.1739130434782608,9.510869565217392,88.31521739130434,6.521739130434782,81.79347826086956
E00155290,269,37,15,22,232,22,210,13.754646840148698,5.5762081784386615,8.178438661710038,86.2453531598513,8.178438661710038,78.06691449814126
E00155291,325,32,9,23,293,22,271,9.846153846153847,2.769230769230769,7.076923076923077,90.15384615384615,6.769230769230769,83.38461538461537
E00155292,374,40,13,27,334,29,305,10.695187165775401,3.4759358288770055,7.219251336898395,89.3048128342246,7.754010695187167,81.55080213903744
E00155293,314,33,10,23,281,25,256,10.509554140127388,3.1847133757961785,7.32484076433121,89.49044585987261,7.961783439490445,81.52866242038218
E00155294,399,43,12,31,356,21,335,10.776942355889723,3.007518796992481,7.769423558897243,89.22305764411027,5.263157894736842,83.95989974937343
E00155295,364,28,9,19,336,16,320,7.6923076923076925,2.4725274725274726,5.21978021978022,92.3076923076923,4.395604395604396,87.91208791208791
E00155296,133,27,11,16,106,11,95,20.30075187969925,8.270676691729323,12.030075187969924,79.69924812030075,8.270676691729323,71.42857142857143
E00155297,241,17,5,12,224,11,213,7.053941908713693,2.0746887966804977,4.979253112033195,92.9460580912863,4.564315352697095,88.38174273858921
E00155298,324,34,10,24,290,28,262,10.493827160493826,3.0864197530864197,7.4074074074074066,89.50617283950618,8.641975308641975,80.8641975308642
E00155299,314,44,8,36,270,26,244,14.012738853503185,2.547770700636943,11.464968152866243,85.98726114649682,8.280254777070063,77.70700636942675
E00155300,274,34,10,24,240,25,215,12.408759124087592,3.64963503649635,8.75912408759124,87.59124087591242,9.124087591240876,78.46715328467153
E00155301,368,69,26,43,299,32,267,18.75,7.065217391304348,11.684782608695652,81.25,8.695652173913043,72.55434782608695
E00155302,308,42,12,30,266,29,237,13.636363636363635,3.896103896103896,9.740259740259742,86.36363636363636,9.415584415584416,76.94805194805194
E00155303,332,57,33,24,275,22,253,17.16867469879518,9.939759036144578,7.228915662650602,82.83132530120481,6.626506024096386,76.20481927710844
E00155304,292,37,18,19,255,24,231,12.67123287671233,6.164383561643835,6.506849315068493,87.32876712328768,8.21917808219178,79.1095890410959
E00155305,338,36,4,32,302,20,282,10.650887573964498,1.183431952662722,9.467455621301776,89.3491124260355,5.9171597633136095,83.4319526627219
E00155306,264,42,16,26,222,14,208,15.909090909090908,6.0606060606060606,9.848484848484848,84.0909090909091,5.303030303030303,78.78787878787878
E00155307,220,34,9,25,186,16,170,15.454545454545453,4.090909090909091,11.363636363636363,84.54545454545455,7.2727272727272725,77.27272727272727
E00155309,248,22,5,17,226,20,206,8.870967741935484,2.0161290322580645,6.854838709677419,91.12903225806451,8.064516129032258,83.06451612903226
E00155310,526,95,41,54,431,42,389,18.06083650190114,7.79467680608365,10.26615969581749,81.93916349809885,7.984790874524715,73.95437262357414
E00155311,397,35,11,24,362,31,331,8.816120906801007,2.770780856423174,6.045340050377834,91.183879093199,7.8085642317380355,83.37531486146096
E00155312,254,48,20,28,206,18,188,18.89763779527559,7.874015748031496,11.023622047244094,81.10236220472441,7.086614173228346,74.01574803149606
E00155313,193,34,10,24,159,20,139,17.616580310880828,5.181347150259067,12.435233160621761,82.38341968911918,10.362694300518134,72.02072538860104
E00155314,347,36,7,29,311,22,289,10.37463976945245,2.0172910662824206,8.357348703170029,89.62536023054754,6.340057636887608,83.28530259365994
E00155315,341,28,8,20,313,29,284,8.211143695014663,2.346041055718475,5.865102639296188,91.78885630498533,8.504398826979472,83.28445747800586
E00155316,351,28,9,19,323,31,292,7.977207977207977,2.564102564102564,5.413105413105413,92.02279202279202,8.831908831908832,83.1908831908832
E00155317,382,49,8,41,333,35,298,12.827225130890053,2.094240837696335,10.732984293193718,87.17277486910994,9.162303664921465,78.01047120418848
E00155318,270,84,34,50,186,22,164,31.11111111111111,12.592592592592592,18.51851851851852,68.88888888888889,8.148148148148149,60.74074074074074
E00155319,330,34,3,31,296,36,260,10.303030303030303,0.9090909090909091,9.393939393939393,89.6969696969697,10.909090909090908,78.78787878787878
E00155320,355,25,5,20,330,28,302,7.042253521126761,1.4084507042253522,5.633802816901409,92.95774647887323,7.887323943661972,85.07042253521126
E00155321,365,34,5,29,331,39,292,9.315068493150685,1.36986301369863,7.9452054794520555,90.68493150684932,10.684931506849315,80
E00155322,230,31,9,22,199,20,179,13.478260869565217,3.91304347826087,9.565217391304348,86.52173913043478,8.695652173913043,77.82608695652173
E00155323,220,38,14,24,182,19,163,17.272727272727273,6.363636363636363,10.909090909090908,82.72727272727273,8.636363636363637,74.0909090909091
E00155324,329,28,7,21,301,36,265,8.51063829787234,2.127659574468085,6.382978723404255,91.48936170212765,10.94224924012158,80.54711246200608
E00155325,240,23,7,16,217,22,195,9.583333333333334,2.9166666666666665,6.666666666666667,90.41666666666667,9.166666666666666,81.25
E00155326,284,44,17,27,240,21,219,15.492957746478872,5.985915492957746,9.507042253521126,84.50704225352112,7.394366197183098,77.11267605633803
E00155327,368,45,15,30,323,34,289,12.228260869565217,4.076086956521739,8.152173913043478,87.77173913043478,9.239130434782608,78.53260869565217
E00155328,404,47,17,30,357,34,323,11.633663366336634,4.207920792079208,7.425742574257425,88.36633663366337,8.415841584158416,79.95049504950495
E00155329,334,30,7,23,304,27,277,8.982035928143713,2.095808383233533,6.88622754491018,91.01796407185628,8.08383233532934,82.93413173652695
E00155330,534,56,18,38,478,38,440,10.486891385767791,3.3707865168539324,7.116104868913857,89.51310861423221,7.116104868913857,82.39700374531836
E00155331,377,31,5,26,346,39,307,8.222811671087534,1.3262599469496021,6.896551724137931,91.77718832891246,10.344827586206897,81.43236074270557
E00155332,278,14,1,13,264,36,228,5.0359712230215825,0.3597122302158274,4.676258992805756,94.96402877697841,12.949640287769784,82.01438848920863
E00155333,296,26,4,22,270,21,249,8.783783783783784,1.3513513513513513,7.4324324324324325,91.21621621621621,7.094594594594595,84.12162162162163
E00155334,435,59,12,47,376,25,351,13.563218390804598,2.7586206896551726,10.804597701149426,86.4367816091954,5.747126436781609,80.6896551724138
E00155335,409,27,11,16,382,29,353,6.601466992665037,2.689486552567237,3.9119804400977993,93.39853300733496,7.090464547677261,86.3080684596577
E00155336,339,36,13,23,303,30,273,10.619469026548673,3.8348082595870205,6.784660766961652,89.38053097345133,8.849557522123893,80.53097345132744
E00155337,296,46,22,24,250,30,220,15.54054054054054,7.4324324324324325,8.108108108108109,84.45945945945947,10.135135135135135,74.32432432432432
E00155338,261,32,11,21,229,20,209,12.260536398467432,4.21455938697318,8.045977011494253,87.73946360153256,7.662835249042145,80.07662835249042
E00155339,436,42,12,30,394,29,365,9.63302752293578,2.7522935779816518,6.8807339449541285,90.36697247706422,6.651376146788992,83.71559633027523
E00155340,233,23,5,18,210,18,192,9.871244635193133,2.1459227467811157,7.725321888412018,90.12875536480686,7.725321888412018,82.40343347639485
E00155341,205,28,6,22,177,17,160,13.658536585365855,2.9268292682926833,10.731707317073171,86.34146341463415,8.292682926829269,78.04878048780488
E00155342,373,34,12,22,339,23,316,9.115281501340483,3.2171581769436997,5.898123324396782,90.88471849865952,6.166219839142091,84.71849865951742
E00155343,370,42,11,31,328,27,301,11.351351351351353,2.9729729729729732,8.378378378378379,88.64864864864866,7.297297297297297,81.35135135135135
E00155344,357,43,5,38,314,28,286,12.044817927170868,1.400560224089636,10.644257703081232,87.95518207282913,7.8431372549019605,80.11204481792717
E00155345,299,42,15,27,257,26,231,14.046822742474916,5.016722408026756,9.03010033444816,85.95317725752508,8.695652173913043,77.25752508361204
E00155346,290,46,17,29,244,26,218,15.862068965517242,5.862068965517241,10,84.13793103448276,8.96551724137931,75.17241379310344
E00155347,272,30,7,23,242,29,213,11.029411764705882,2.5735294117647056,8.455882352941178,88.97058823529412,10.661764705882353,78.30882352941177
E00155348,262,22,8,14,240,16,224,8.396946564885496,3.0534351145038165,5.343511450381679,91.6030534351145,6.106870229007633,85.49618320610686
E00155349,271,47,17,30,224,22,202,17.343173431734318,6.273062730627306,11.07011070110701,82.65682656826569,8.118081180811808,74.53874538745387
E00155350,230,23,6,17,207,17,190,10,2.608695652173913,7.391304347826087,90,7.391304347826087,82.6086956521739
E00155351,188,25,12,13,163,15,148,13.297872340425531,6.382978723404255,6.914893617021277,86.70212765957447,7.9787234042553195,78.72340425531915
E00155352,351,85,49,36,266,22,244,24.216524216524217,13.96011396011396,10.256410256410255,75.78347578347578,6.267806267806268,69.51566951566952
E00155353,301,35,5,30,266,28,238,11.627906976744185,1.6611295681063125,9.966777408637874,88.37209302325581,9.30232558139535,79.06976744186046
E00155354,156,22,7,15,134,5,129,14.102564102564102,4.487179487179487,9.615384615384617,85.8974358974359,3.205128205128205,82.6923076923077
E00155355,334,31,9,22,303,30,273,9.281437125748502,2.694610778443114,6.58682634730539,90.71856287425149,8.982035928143713,81.73652694610777
E00155356,204,17,6,11,187,25,162,8.333333333333332,2.941176470588235,5.392156862745098,91.66666666666666,12.254901960784313,79.41176470588235
E00155357,300,42,14,28,258,21,237,14.000000000000002,4.666666666666667,9.333333333333334,86,7.000000000000001,79
E00155358,218,24,6,18,194,10,184,11.009174311926607,2.7522935779816518,8.256880733944955,88.9908256880734,4.587155963302752,84.40366972477065
E00155359,271,15,4,11,256,21,235,5.535055350553505,1.4760147601476015,4.059040590405904,94.4649446494465,7.7490774907749085,86.71586715867159
E00155360,414,49,14,35,365,30,335,11.83574879227053,3.3816425120772946,8.454106280193237,88.16425120772948,7.246376811594203,80.91787439613528
E00155361,359,91,39,52,268,30,238,25.348189415041784,10.86350974930362,14.484679665738161,74.65181058495823,8.356545961002785,66.29526462395543
E00155362,331,38,10,28,293,28,265,11.48036253776435,3.0211480362537766,8.459214501510575,88.51963746223565,8.459214501510575,80.06042296072508
E00155363,260,39,16,23,221,17,204,15,6.153846153846154,8.846153846153847,85,6.538461538461539,78.46153846153847
E00155364,404,61,21,40,343,21,322,15.099009900990099,5.198019801980198,9.900990099009901,84.9009900990099,5.198019801980198,79.70297029702971
E00155365,311,105,25,80,206,41,165,33.762057877813504,8.038585209003216,25.723472668810288,66.2379421221865,13.183279742765272,53.054662379421224
E00155366,356,40,12,28,316,20,296,11.235955056179774,3.3707865168539324,7.865168539325842,88.76404494382022,5.617977528089887,83.14606741573034
E00155367,178,19,6,13,159,11,148,10.674157303370785,3.3707865168539324,7.303370786516854,89.32584269662921,6.179775280898876,83.14606741573034
E00155368,341,31,6,25,310,20,290,9.090909090909092,1.7595307917888565,7.331378299120235,90.9090909090909,5.865102639296188,85.04398826979472
E00155369,313,40,6,34,273,22,251,12.779552715654951,1.9169329073482428,10.86261980830671,87.22044728434504,7.0287539936102235,80.19169329073482
E00155370,346,67,23,44,279,24,255,19.36416184971098,6.6473988439306355,12.716763005780345,80.63583815028902,6.9364161849710975,73.69942196531792
E00155371,292,32,6,26,260,27,233,10.95890410958904,2.054794520547945,8.904109589041095,89.04109589041096,9.246575342465754,79.7945205479452
E00155372,322,28,11,17,294,26,268,8.695652173913043,3.4161490683229814,5.279503105590062,91.30434782608695,8.074534161490684,83.22981366459628
E00155373,419,52,18,34,367,31,336,12.410501193317423,4.295942720763723,8.1145584725537,87.58949880668257,7.398568019093078,80.1909307875895
E00155374,247,26,8,18,221,20,201,10.526315789473683,3.2388663967611335,7.28744939271255,89.47368421052632,8.097165991902834,81.37651821862349
E00155375,328,34,8,26,294,21,273,10.365853658536585,2.4390243902439024,7.926829268292683,89.63414634146342,6.402439024390244,83.23170731707317
E00155376,323,66,32,34,257,22,235,20.43343653250774,9.907120743034056,10.526315789473683,79.56656346749226,6.811145510835913,72.75541795665634
E00155378,378,50,20,30,328,32,296,13.227513227513226,5.291005291005291,7.936507936507936,86.77248677248677,8.465608465608465,78.3068783068783
E00155379,280,41,18,23,239,11,228,14.642857142857144,6.428571428571428,8.214285714285714,85.35714285714285,3.9285714285714284,81.42857142857143
E00155381,313,40,18,22,273,16,257,12.779552715654951,5.7507987220447285,7.0287539936102235,87.22044728434504,5.111821086261981,82.10862619808307
E00155382,372,26,9,17,346,34,312,6.989247311827956,2.4193548387096775,4.56989247311828,93.01075268817203,9.13978494623656,83.87096774193549
E00155383,347,33,12,21,314,27,287,9.510086455331413,3.45821325648415,6.051873198847262,90.48991354466858,7.780979827089338,82.70893371757924
E00155384,310,51,10,41,259,27,232,16.451612903225808,3.225806451612903,13.225806451612904,83.54838709677419,8.709677419354838,74.83870967741936
E00155385,283,50,15,35,233,20,213,17.6678445229682,5.30035335689046,12.36749116607774,82.3321554770318,7.06713780918728,75.26501766784452
E00155386,382,48,15,33,334,32,302,12.56544502617801,3.926701570680628,8.638743455497382,87.43455497382199,8.37696335078534,79.05759162303664
E00155387,292,26,7,19,266,30,236,8.904109589041095,2.3972602739726026,6.506849315068493,91.0958904109589,10.273972602739725,80.82191780821918
E00155388,269,31,7,24,238,24,214,11.524163568773234,2.6022304832713754,8.921933085501859,88.47583643122677,8.921933085501859,79.5539033457249
E00155389,303,38,10,28,265,21,244,12.541254125412541,3.3003300330033,9.24092409240924,87.45874587458746,6.9306930693069315,80.52805280528052
E00155390,262,31,8,23,231,12,219,11.83206106870229,3.0534351145038165,8.778625954198473,88.16793893129771,4.580152671755725,83.58778625954199
E00155391,321,19,8,11,302,28,274,5.919003115264798,2.4922118380062304,3.4267912772585665,94.0809968847352,8.722741433021806,85.35825545171339
E00155392,273,36,14,22,237,21,216,13.186813186813188,5.128205128205128,8.058608058608058,86.81318681318682,7.6923076923076925,79.12087912087912
E00155393,317,40,17,23,277,24,253,12.618296529968454,5.3627760252365935,7.255520504731862,87.38170347003155,7.570977917981073,79.81072555205047
E00155394,389,43,9,34,346,31,315,11.053984575835475,2.313624678663239,8.740359897172237,88.94601542416453,7.969151670951156,80.97686375321337
E00155395,290,71,24,47,219,27,192,24.482758620689655,8.275862068965518,16.206896551724135,75.51724137931033,9.310344827586208,66.20689655172414
E00155396,208,28,10,18,180,18,162,13.461538461538462,4.807692307692308,8.653846153846153,86.53846153846155,8.653846153846153,77.88461538461539
E00155397,262,29,10,19,233,18,215,11.068702290076336,3.816793893129771,7.251908396946565,88.93129770992367,6.870229007633588,82.06106870229007
E00155398,352,45,14,31,307,38,269,12.784090909090908,3.977272727272727,8.806818181818182,87.2159090909091,10.795454545454545,76.42045454545455
E00155399,343,64,30,34,279,33,246,18.658892128279884,8.746355685131196,9.912536443148689,81.34110787172013,9.620991253644315,71.7201166180758
E00155400,275,49,15,34,226,28,198,17.81818181818182,5.454545454545454,12.363636363636363,82.18181818181817,10.181818181818182,72
E00155401,304,49,20,29,255,27,228,16.11842105263158,6.578947368421052,9.539473684210527,83.88157894736842,8.881578947368421,75
E00155402,430,73,22,51,357,36,321,16.97674418604651,5.116279069767442,11.86046511627907,83.02325581395348,8.372093023255815,74.65116279069768
E00155403,256,75,38,37,181,25,156,29.296875,14.84375,14.453125,70.703125,9.765625,60.9375
E00155404,328,37,12,25,291,29,262,11.28048780487805,3.6585365853658534,7.621951219512195,88.71951219512195,8.841463414634147,79.8780487804878
E00155405,332,26,8,18,306,30,276,7.83132530120482,2.4096385542168677,5.421686746987952,92.16867469879519,9.036144578313253,83.13253012048193
E00155406,366,33,9,24,333,37,296,9.01639344262295,2.459016393442623,6.557377049180328,90.98360655737704,10.10928961748634,80.87431693989072
E00155407,358,41,10,31,317,31,286,11.452513966480447,2.793296089385475,8.659217877094973,88.54748603351955,8.659217877094973,79.88826815642457
E00155409,364,66,28,38,298,26,272,18.13186813186813,7.6923076923076925,10.43956043956044,81.86813186813187,7.142857142857142,74.72527472527473
E00155410,376,43,10,33,333,32,301,11.436170212765957,2.6595744680851063,8.77659574468085,88.56382978723404,8.51063829787234,80.0531914893617
E00155412,453,57,10,47,396,34,362,12.582781456953644,2.207505518763797,10.375275938189846,87.41721854304636,7.505518763796909,79.91169977924945
E00155413,384,63,25,38,321,23,298,16.40625,6.510416666666667,9.895833333333332,83.59375,5.989583333333334,77.60416666666666
E00155415,379,62,17,45,317,34,283,16.358839050131927,4.485488126649076,11.87335092348285,83.64116094986808,8.970976253298153,74.67018469656992
E00155416,339,29,6,23,310,23,287,8.55457227138643,1.7699115044247788,6.784660766961652,91.44542772861357,6.784660766961652,84.66076696165192
E00155417,322,40,12,28,282,29,253,12.422360248447205,3.7267080745341614,8.695652173913043,87.5776397515528,9.006211180124224,78.57142857142857
E00155418,255,82,43,39,173,18,155,32.15686274509804,16.862745098039216,15.294117647058824,67.84313725490196,7.0588235294117645,60.78431372549019
E00155419,371,48,14,34,323,36,287,12.93800539083558,3.7735849056603774,9.164420485175203,87.06199460916442,9.703504043126685,77.35849056603774
E00155420,346,31,7,24,315,32,283,8.959537572254336,2.023121387283237,6.9364161849710975,91.04046242774567,9.248554913294797,81.79190751445087
E00155421,303,39,21,18,264,25,239,12.871287128712872,6.9306930693069315,5.9405940594059405,87.12871287128714,8.25082508250825,78.87788778877888
E00155422,287,46,21,25,241,22,219,16.02787456445993,7.317073170731707,8.710801393728223,83.97212543554006,7.665505226480835,76.30662020905923
E00155423,220,20,4,16,200,23,177,9.090909090909092,1.8181818181818181,7.2727272727272725,90.9090909090909,10.454545454545453,80.45454545454545
E00155424,283,33,5,28,250,20,230,11.66077738515901,1.76678445229682,9.89399293286219,88.33922261484098,7.06713780918728,81.2720848056537
E00155425,393,52,17,35,341,37,304,13.231552162849871,4.325699745547073,8.9058524173028,86.76844783715013,9.414758269720101,77.35368956743002
E00155426,321,49,21,28,272,27,245,15.264797507788161,6.5420560747663545,8.722741433021806,84.73520249221184,8.411214953271028,76.32398753894081
E00155427,187,14,8,6,173,13,160,7.4866310160427805,4.27807486631016,3.2085561497326207,92.51336898395722,6.951871657754011,85.56149732620321
E00155428,201,17,8,9,184,18,166,8.45771144278607,3.9800995024875623,4.477611940298507,91.54228855721394,8.955223880597014,82.58706467661692
E00155429,360,57,32,25,303,31,272,15.833333333333332,8.88888888888889,6.944444444444445,84.16666666666667,8.61111111111111,75.55555555555556
E00155430,214,34,10,24,180,16,164,15.887850467289718,4.672897196261682,11.214953271028037,84.11214953271028,7.476635514018691,76.63551401869158
E00155432,357,30,13,17,327,25,302,8.403361344537815,3.6414565826330536,4.761904761904762,91.59663865546219,7.002801120448179,84.593837535014
E00155433,363,42,12,30,321,26,295,11.570247933884298,3.3057851239669422,8.264462809917356,88.42975206611571,7.162534435261708,81.26721763085399
E00155434,335,51,20,31,284,18,266,15.223880597014924,5.970149253731343,9.253731343283581,84.77611940298507,5.3731343283582085,79.40298507462687
E00155435,424,39,5,34,385,35,350,9.19811320754717,1.179245283018868,8.018867924528301,90.80188679245283,8.254716981132075,82.54716981132076
E00155436,306,22,4,18,284,9,275,7.18954248366013,1.3071895424836601,5.88235294117647,92.81045751633987,2.941176470588235,89.86928104575163
E00155437,319,44,18,26,275,26,249,13.793103448275861,5.6426332288401255,8.150470219435736,86.20689655172413,8.150470219435736,78.0564263322884
E00155438,369,29,9,20,340,15,325,7.8590785907859075,2.4390243902439024,5.420054200542006,92.14092140921409,4.0650406504065035,88.07588075880759
E00155439,363,64,26,38,299,22,277,17.63085399449036,7.162534435261708,10.46831955922865,82.36914600550963,6.0606060606060606,76.30853994490359
E00155440,272,36,11,25,236,24,212,13.23529411764706,4.044117647058823,9.191176470588236,86.76470588235294,8.823529411764707,77.94117647058823
E00155441,266,62,27,35,204,13,191,23.308270676691727,10.150375939849624,13.157894736842104,76.69172932330827,4.887218045112782,71.80451127819549
E00155442,285,34,9,25,251,29,222,11.929824561403509,3.1578947368421053,8.771929824561402,88.0701754385965,10.175438596491228,77.89473684210526
E00155443,262,26,9,17,236,20,216,9.923664122137405,3.435114503816794,6.488549618320611,90.07633587786259,7.633587786259542,82.44274809160305
E00155444,282,36,18,18,246,25,221,12.76595744680851,6.382978723404255,6.382978723404255,87.2340425531915,8.865248226950355,78.36879432624113
E00155445,287,26,6,20,261,21,240,9.059233449477352,2.0905923344947737,6.968641114982578,90.94076655052264,7.317073170731707,83.62369337979094
E00155446,244,38,15,23,206,20,186,15.573770491803279,6.147540983606557,9.426229508196721,84.42622950819673,8.19672131147541,76.22950819672131
E00155447,381,39,14,25,342,34,308,10.236220472440944,3.674540682414698,6.561679790026247,89.76377952755905,8.923884514435695,80.83989501312337
E00155448,151,23,10,13,128,10,118,15.2317880794702,6.622516556291391,8.609271523178808,84.76821192052981,6.622516556291391,78.1456953642384
E00155449,307,36,6,30,271,30,241,11.726384364820847,1.9543973941368076,9.77198697068404,88.27361563517914,9.77198697068404,78.50162866449512
E00155450,290,42,8,34,248,26,222,14.482758620689657,2.7586206896551726,11.724137931034482,85.51724137931035,8.96551724137931,76.55172413793103
E00155451,278,55,22,33,223,25,198,19.784172661870503,7.913669064748201,11.870503597122301,80.2158273381295,8.992805755395683,71.22302158273382
E00155452,315,29,10,19,286,31,255,9.206349206349207,3.1746031746031744,6.031746031746032,90.7936507936508,9.841269841269842,80.95238095238095
E00155453,257,30,14,16,227,22,205,11.673151750972762,5.447470817120623,6.22568093385214,88.32684824902724,8.560311284046692,79.76653696498055
E00155454,339,60,35,25,279,29,250,17.699115044247787,10.32448377581121,7.374631268436578,82.30088495575221,8.55457227138643,73.74631268436578
E00155455,450,69,37,32,381,31,350,15.333333333333332,8.222222222222223,7.111111111111111,84.66666666666667,6.888888888888889,77.77777777777779
E00155456,293,54,22,32,239,23,216,18.43003412969283,7.508532423208192,10.921501706484642,81.56996587030717,7.849829351535837,73.72013651877133
E00155457,306,34,10,24,272,21,251,11.11111111111111,3.2679738562091507,7.8431372549019605,88.88888888888889,6.862745098039216,82.02614379084967
E00155458,404,47,9,38,357,20,337,11.633663366336634,2.2277227722772275,9.405940594059405,88.36633663366337,4.9504950495049505,83.41584158415841
E00155459,270,40,18,22,230,22,208,14.814814814814813,6.666666666666667,8.148148148148149,85.18518518518519,8.148148148148149,77.03703703703704
E00155460,469,106,50,56,363,29,334,22.60127931769723,10.660980810234541,11.940298507462686,77.39872068230277,6.183368869936034,71.21535181236673
E00155461,328,41,17,24,287,26,261,12.5,5.182926829268292,7.317073170731707,87.5,7.926829268292683,79.57317073170732
E00155462,234,34,14,20,200,20,180,14.529914529914532,5.982905982905983,8.547008547008547,85.47008547008546,8.547008547008547,76.92307692307693
E00155463,350,46,9,37,304,40,264,13.142857142857142,2.571428571428571,10.571428571428571,86.85714285714286,11.428571428571429,75.42857142857143
E00155464,290,58,23,35,232,24,208,20,7.931034482758621,12.068965517241379,80,8.275862068965518,71.72413793103448
E00155465,262,33,12,21,229,23,206,12.595419847328243,4.580152671755725,8.015267175572518,87.40458015267176,8.778625954198473,78.62595419847328
E00155466,240,61,25,36,179,27,152,25.416666666666664,10.416666666666668,15,74.58333333333333,11.25,63.33333333333333
E00155467,343,26,8,18,317,38,279,7.580174927113703,2.3323615160349855,5.247813411078718,92.4198250728863,11.078717201166182,81.34110787172013
E00155468,360,48,14,34,312,26,286,13.333333333333334,3.888888888888889,9.444444444444445,86.66666666666667,7.222222222222221,79.44444444444444
E00155469,295,40,15,25,255,19,236,13.559322033898304,5.084745762711865,8.47457627118644,86.4406779661017,6.440677966101695,80
E00155470,330,43,15,28,287,26,261,13.030303030303031,4.545454545454546,8.484848484848486,86.96969696969697,7.878787878787878,79.0909090909091
E00155471,391,93,31,62,298,33,265,23.785166240409207,7.928388746803069,15.856777493606138,76.21483375959079,8.439897698209718,67.77493606138107
E00155472,223,64,25,39,159,12,147,28.699551569506728,11.210762331838566,17.48878923766816,71.30044843049326,5.381165919282512,65.91928251121077
E00155473,392,61,18,43,331,34,297,15.561224489795919,4.591836734693878,10.96938775510204,84.43877551020408,8.673469387755102,75.76530612244898
E00155474,300,53,25,28,247,21,226,17.666666666666668,8.333333333333332,9.333333333333334,82.33333333333334,7.000000000000001,75.33333333333333
E00155475,335,88,43,45,247,20,227,26.268656716417908,12.835820895522387,13.432835820895523,73.73134328358208,5.970149253731343,67.76119402985074
E00155476,392,61,30,31,331,21,310,15.561224489795919,7.653061224489796,7.908163265306123,84.43877551020408,5.357142857142857,79.08163265306123
E00155477,338,80,32,48,258,26,232,23.668639053254438,9.467455621301776,14.201183431952662,76.33136094674556,7.6923076923076925,68.63905325443787
E00155478,260,41,18,23,219,22,197,15.769230769230768,6.923076923076923,8.846153846153847,84.23076923076923,8.461538461538462,75.76923076923077
E00155479,270,62,34,28,208,16,192,22.962962962962962,12.592592592592592,10.37037037037037,77.03703703703704,5.9259259259259265,71.11111111111111
E00155480,390,71,28,43,319,29,290,18.205128205128204,7.179487179487179,11.025641025641026,81.7948717948718,7.435897435897436,74.35897435897436
E00155481,380,60,23,37,320,27,293,15.789473684210526,6.052631578947368,9.736842105263158,84.21052631578947,7.105263157894736,77.10526315789473
E00155482,355,75,33,42,280,23,257,21.12676056338028,9.295774647887324,11.830985915492958,78.87323943661971,6.478873239436619,72.3943661971831
E00155483,346,48,17,31,298,35,263,13.872832369942195,4.913294797687861,8.959537572254336,86.1271676300578,10.115606936416185,76.01156069364163
E00155484,368,58,20,38,310,36,274,15.760869565217392,5.434782608695652,10.326086956521738,84.23913043478261,9.782608695652174,74.45652173913044
E00155485,368,61,26,35,307,23,284,16.57608695652174,7.065217391304348,9.510869565217392,83.42391304347827,6.25,77.17391304347827
E00155486,293,50,16,34,243,20,223,17.064846416382252,5.460750853242321,11.604095563139932,82.93515358361775,6.825938566552901,76.10921501706484
E00155487,323,55,24,31,268,29,239,17.027863777089784,7.430340557275541,9.597523219814242,82.97213622291022,8.978328173374612,73.9938080495356
E00155488,349,62,19,43,287,28,259,17.765042979942695,5.444126074498568,12.320916905444127,82.23495702005731,8.022922636103152,74.21203438395415
E00155489,305,48,12,36,257,18,239,15.737704918032788,3.934426229508197,11.80327868852459,84.26229508196721,5.901639344262295,78.36065573770492
E00155490,275,34,13,21,241,17,224,12.363636363636363,4.7272727272727275,7.636363636363637,87.63636363636364,6.181818181818182,81.45454545454545
E00155491,314,57,19,38,257,24,233,18.152866242038215,6.050955414012739,12.101910828025478,81.84713375796179,7.643312101910828,74.20382165605095
E00155492,320,30,9,21,290,23,267,9.375,2.8125,6.5625,90.625,7.187499999999999,83.4375
E00155493,328,44,11,33,284,24,260,13.414634146341465,3.353658536585366,10.060975609756099,86.58536585365853,7.317073170731707,79.26829268292683
E00155495,525,66,24,42,459,38,421,12.571428571428573,4.571428571428571,8,87.42857142857143,7.238095238095238,80.19047619047619
E00155497,340,43,13,30,297,23,274,12.647058823529411,3.823529411764706,8.823529411764707,87.3529411764706,6.764705882352941,80.58823529411765
E00155498,134,34,22,12,100,14,86,25.37313432835821,16.417910447761194,8.955223880597014,74.6268656716418,10.44776119402985,64.17910447761194
E00155499,314,45,7,38,269,25,244,14.331210191082802,2.229299363057325,12.101910828025478,85.6687898089172,7.961783439490445,77.70700636942675
E00155501,302,33,9,24,269,22,247,10.927152317880795,2.980132450331126,7.9470198675496695,89.0728476821192,7.28476821192053,81.78807947019867
E00155502,291,42,11,31,249,24,225,14.432989690721648,3.7800687285223367,10.652920962199312,85.56701030927834,8.24742268041237,77.31958762886599
E00155503,319,33,12,21,286,27,259,10.344827586206897,3.761755485893417,6.583072100313479,89.65517241379311,8.463949843260188,81.19122257053291
E00155504,318,32,8,24,286,25,261,10.062893081761008,2.515723270440252,7.547169811320755,89.937106918239,7.861635220125786,82.0754716981132
E00155505,339,43,10,33,296,22,274,12.684365781710916,2.949852507374631,9.734513274336283,87.31563421828909,6.489675516224189,80.8259587020649
E00155506,325,35,10,25,290,40,250,10.76923076923077,3.076923076923077,7.6923076923076925,89.23076923076924,12.307692307692308,76.92307692307693
E00155507,393,103,67,36,290,23,267,26.208651399491096,17.048346055979643,9.16030534351145,73.79134860050891,5.852417302798982,67.93893129770993
E00155508,251,27,4,23,224,26,198,10.756972111553784,1.593625498007968,9.163346613545817,89.2430278884462,10.358565737051793,78.88446215139442
E00155509,387,40,14,26,347,28,319,10.335917312661499,3.6175710594315245,6.718346253229974,89.66408268733849,7.235142118863049,82.42894056847545
E00155510,312,32,10,22,280,22,258,10.256410256410255,3.205128205128205,7.051282051282051,89.74358974358975,7.051282051282051,82.6923076923077
E00155511,318,42,17,25,276,21,255,13.20754716981132,5.345911949685535,7.861635220125786,86.79245283018868,6.60377358490566,80.18867924528303
E00155512,231,40,12,28,191,15,176,17.316017316017316,5.194805194805195,12.121212121212121,82.68398268398268,6.493506493506493,76.19047619047619
E00155513,326,43,10,33,283,23,260,13.190184049079754,3.067484662576687,10.122699386503067,86.80981595092024,7.05521472392638,79.75460122699386
E00155514,350,48,15,33,302,30,272,13.714285714285715,4.285714285714286,9.428571428571429,86.28571428571429,8.571428571428571,77.71428571428571
E00155515,211,30,7,23,181,18,163,14.218009478672986,3.3175355450236967,10.90047393364929,85.78199052132702,8.530805687203792,77.25118483412322
E00155516,307,46,20,26,261,22,239,14.983713355048861,6.514657980456026,8.469055374592834,85.01628664495115,7.166123778501629,77.85016286644951
E00155517,229,29,9,20,200,24,176,12.663755458515283,3.9301310043668125,8.73362445414847,87.33624454148472,10.480349344978166,76.85589519650655
E00155518,289,39,12,27,250,21,229,13.494809688581316,4.1522491349480966,9.342560553633218,86.50519031141869,7.26643598615917,79.23875432525952
E00155519,352,45,13,32,307,25,282,12.784090909090908,3.6931818181818183,9.090909090909092,87.2159090909091,7.1022727272727275,80.11363636363636
E00155520,383,25,10,15,358,27,331,6.527415143603134,2.610966057441253,3.91644908616188,93.47258485639686,7.049608355091384,86.42297650130548
E00155521,330,52,9,43,278,38,240,15.757575757575756,2.727272727272727,13.030303030303031,84.24242424242424,11.515151515151516,72.72727272727273
E00155522,341,33,12,21,308,27,281,9.67741935483871,3.519061583577713,6.158357771260997,90.32258064516128,7.9178885630498534,82.40469208211144
E00155523,258,35,13,22,223,13,210,13.565891472868216,5.038759689922481,8.527131782945736,86.43410852713178,5.038759689922481,81.3953488372093
E00155524,327,54,22,32,273,30,243,16.51376146788991,6.727828746177369,9.785932721712538,83.4862385321101,9.174311926605505,74.31192660550458
E00155525,153,23,8,15,130,7,123,15.032679738562091,5.228758169934641,9.803921568627452,84.9673202614379,4.57516339869281,80.3921568627451
E00155526,325,63,19,44,262,31,231,19.384615384615383,5.846153846153846,13.538461538461538,80.61538461538461,9.538461538461538,71.07692307692308
E00155527,324,35,20,15,289,18,271,10.802469135802468,6.172839506172839,4.62962962962963,89.19753086419753,5.555555555555555,83.64197530864197
E00155528,299,47,17,30,252,20,232,15.719063545150503,5.68561872909699,10.033444816053512,84.2809364548495,6.688963210702341,77.59197324414716
E00155529,279,34,14,20,245,20,225,12.186379928315413,5.017921146953405,7.168458781362006,87.81362007168458,7.168458781362006,80.64516129032258
E00155530,275,31,7,24,244,28,216,11.272727272727273,2.5454545454545454,8.727272727272728,88.72727272727273,10.181818181818182,78.54545454545455
E00155531,305,29,12,17,276,30,246,9.508196721311474,3.934426229508197,5.573770491803279,90.49180327868852,9.836065573770492,80.65573770491802
E00155532,268,22,10,12,246,24,222,8.208955223880597,3.731343283582089,4.477611940298507,91.7910447761194,8.955223880597014,82.83582089552239
E00155533,234,26,10,16,208,20,188,11.11111111111111,4.273504273504273,6.837606837606838,88.88888888888889,8.547008547008547,80.34188034188034
E00155534,375,60,16,44,315,40,275,16,4.266666666666667,11.733333333333333,84,10.666666666666668,73.33333333333333
E00155535,334,37,7,30,297,29,268,11.077844311377245,2.095808383233533,8.982035928143713,88.92215568862275,8.682634730538922,80.23952095808383
E00155536,299,38,13,25,261,22,239,12.709030100334449,4.3478260869565215,8.361204013377927,87.29096989966555,7.357859531772576,79.93311036789298
E00155537,348,62,26,36,286,21,265,17.81609195402299,7.471264367816093,10.344827586206897,82.18390804597702,6.0344827586206895,76.14942528735632
E00155538,386,56,22,34,330,30,300,14.507772020725387,5.699481865284974,8.808290155440414,85.49222797927462,7.772020725388601,77.720207253886
E00155539,320,65,23,42,255,13,242,20.3125,7.187499999999999,13.125,79.6875,4.0625,75.625
E00155540,345,64,28,36,281,22,259,18.55072463768116,8.115942028985506,10.434782608695652,81.44927536231884,6.3768115942028984,75.07246376811594
E00155541,385,87,37,50,298,29,269,22.597402597402596,9.61038961038961,12.987012987012985,77.40259740259741,7.532467532467532,69.87012987012987
E00155542,242,47,19,28,195,15,180,19.421487603305785,7.851239669421488,11.570247933884298,80.57851239669421,6.198347107438017,74.3801652892562
E00155543,445,62,18,44,383,31,352,13.93258426966292,4.044943820224719,9.887640449438202,86.06741573033709,6.96629213483146,79.10112359550561
E00155544,344,58,19,39,286,21,265,16.86046511627907,5.523255813953488,11.337209302325581,83.13953488372093,6.104651162790697,77.03488372093024
E00155545,276,61,26,35,215,22,193,22.10144927536232,9.420289855072465,12.681159420289855,77.89855072463769,7.971014492753622,69.92753623188406
E00155546,369,70,30,40,299,35,264,18.97018970189702,8.130081300813007,10.840108401084011,81.02981029810297,9.48509485094851,71.54471544715447
E00155547,335,71,23,48,264,18,246,21.19402985074627,6.865671641791045,14.328358208955224,78.80597014925374,5.3731343283582085,73.43283582089552
E00155548,256,57,25,32,199,13,186,22.265625,9.765625,12.5,77.734375,5.078125,72.65625
E00155549,357,44,7,37,313,24,289,12.324929971988796,1.9607843137254901,10.364145658263306,87.6750700280112,6.722689075630252,80.95238095238095
E00155550,324,41,15,26,283,25,258,12.654320987654321,4.62962962962963,8.024691358024691,87.34567901234568,7.716049382716049,79.62962962962963
E00155551,319,39,16,23,280,33,247,12.225705329153605,5.015673981191222,7.210031347962382,87.7742946708464,10.344827586206897,77.4294670846395
E00155552,387,50,12,38,337,22,315,12.919896640826872,3.10077519379845,9.819121447028424,87.08010335917312,5.684754521963824,81.3953488372093
E00155553,321,63,32,31,258,20,238,19.626168224299064,9.968847352024921,9.657320872274143,80.37383177570094,6.230529595015576,74.14330218068535
E00155554,287,35,14,21,252,22,230,12.195121951219512,4.878048780487805,7.317073170731707,87.8048780487805,7.665505226480835,80.13937282229965
E00155555,463,64,14,50,399,25,374,13.822894168466524,3.023758099352052,10.799136069114471,86.17710583153347,5.399568034557236,80.77753779697623
E00155556,323,57,15,42,266,19,247,17.647058823529413,4.643962848297214,13.003095975232199,82.35294117647058,5.88235294117647,76.47058823529412
E00155557,371,63,17,46,308,26,282,16.9811320754717,4.5822102425876015,12.398921832884097,83.01886792452831,7.008086253369273,76.01078167115904
E00155558,389,46,10,36,343,29,314,11.825192802056556,2.570694087403599,9.254498714652955,88.17480719794345,7.455012853470437,80.719794344473
E00155559,396,69,23,46,327,27,300,17.424242424242426,5.808080808080808,11.616161616161616,82.57575757575758,6.8181818181818175,75.75757575757575
E00155560,303,55,16,39,248,25,223,18.151815181518153,5.2805280528052805,12.871287128712872,81.84818481848185,8.25082508250825,73.5973597359736
E00155561,339,56,23,33,283,24,259,16.519174041297934,6.784660766961652,9.734513274336283,83.48082595870207,7.079646017699115,76.40117994100295
E00155562,384,51,11,40,333,25,308,13.28125,2.864583333333333,10.416666666666668,86.71875,6.510416666666667,80.20833333333334
E00155563,526,50,19,31,476,39,437,9.505703422053232,3.6121673003802277,5.893536121673003,90.49429657794677,7.41444866920152,83.07984790874525
E00155564,316,48,14,34,268,28,240,15.18987341772152,4.430379746835443,10.759493670886076,84.81012658227847,8.860759493670885,75.9493670886076
E00155565,248,32,8,24,216,28,188,12.903225806451612,3.225806451612903,9.67741935483871,87.09677419354838,11.29032258064516,75.80645161290323
E00155566,317,43,13,30,274,27,247,13.564668769716087,4.100946372239748,9.46372239747634,86.43533123028391,8.517350157728707,77.91798107255521
E00155567,332,38,17,21,294,25,269,11.44578313253012,5.120481927710843,6.325301204819277,88.55421686746988,7.530120481927711,81.02409638554217
E00155568,283,44,21,23,239,23,216,15.547703180212014,7.420494699646643,8.12720848056537,84.45229681978799,8.12720848056537,76.32508833922262
E00155569,294,24,11,13,270,26,244,8.16326530612245,3.741496598639456,4.421768707482993,91.83673469387756,8.843537414965986,82.99319727891157
E00155570,482,82,30,52,400,30,370,17.012448132780083,6.224066390041494,10.78838174273859,82.98755186721992,6.224066390041494,76.76348547717843
E00155571,332,69,34,35,263,23,240,20.783132530120483,10.240963855421686,10.542168674698797,79.21686746987952,6.927710843373494,72.28915662650603
E00155572,257,47,26,21,210,23,187,18.28793774319066,10.116731517509727,8.171206225680933,81.71206225680933,8.949416342412452,72.76264591439688
E00155573,342,40,14,26,302,21,281,11.695906432748536,4.093567251461988,7.602339181286549,88.30409356725146,6.140350877192982,82.16374269005848
E00155574,224,22,3,19,202,20,182,9.821428571428571,1.3392857142857142,8.482142857142858,90.17857142857143,8.928571428571429,81.25
E00155575,332,42,16,26,290,28,262,12.650602409638553,4.819277108433735,7.83132530120482,87.34939759036145,8.433734939759036,78.91566265060241
E00155576,378,36,12,24,342,29,313,9.523809523809524,3.1746031746031744,6.349206349206349,90.47619047619048,7.671957671957672,82.8042328042328
E00155577,256,30,9,21,226,19,207,11.71875,3.515625,8.203125,88.28125,7.421875,80.859375
E00155578,298,36,13,23,262,31,231,12.080536912751679,4.3624161073825505,7.718120805369128,87.91946308724832,10.40268456375839,77.51677852348993
E00155579,309,57,24,33,252,26,226,18.446601941747574,7.766990291262135,10.679611650485436,81.55339805825243,8.414239482200648,73.13915857605178
E00155580,301,66,28,38,235,25,210,21.92691029900332,9.30232558139535,12.624584717607974,78.07308970099668,8.305647840531561,69.76744186046511
E00155581,260,47,11,36,213,24,189,18.076923076923077,4.230769230769231,13.846153846153847,81.92307692307692,9.230769230769232,72.6923076923077
E00155582,307,43,21,22,264,28,236,14.006514657980457,6.840390879478828,7.166123778501629,85.99348534201955,9.120521172638437,76.8729641693811
E00155583,250,58,22,36,192,19,173,23.200000000000003,8.799999999999999,14.399999999999999,76.8,7.6,69.19999999999999
E00155584,256,57,16,41,199,21,178,22.265625,6.25,16.015625,77.734375,8.203125,69.53125
E00155585,312,36,9,27,276,25,251,11.538461538461538,2.8846153846153846,8.653846153846153,88.46153846153845,8.012820512820513,80.44871794871796
E00155586,388,46,12,34,342,36,306,11.855670103092782,3.0927835051546393,8.762886597938143,88.14432989690721,9.278350515463918,78.8659793814433
E00155587,300,40,13,27,260,19,241,13.333333333333334,4.333333333333334,9,86.66666666666667,6.333333333333334,80.33333333333333
E00155588,278,55,19,36,223,12,211,19.784172661870503,6.83453237410072,12.949640287769784,80.2158273381295,4.316546762589928,75.89928057553958
E00155589,279,35,10,25,244,26,218,12.544802867383511,3.584229390681003,8.960573476702509,87.45519713261649,9.31899641577061,78.13620071684588
E00167770,1736,75,19,56,1661,44,1617,4.320276497695852,1.0944700460829493,3.225806451612903,95.67972350230414,2.5345622119815667,93.14516129032258
E00167771,134,8,2,6,126,5,121,5.970149253731343,1.4925373134328357,4.477611940298507,94.02985074626866,3.731343283582089,90.29850746268657
E00167772,403,59,26,33,344,37,307,14.640198511166252,6.451612903225806,8.188585607940446,85.35980148883374,9.181141439205955,76.1786600496278
E00167773,446,40,17,23,406,32,374,8.968609865470851,3.811659192825112,5.15695067264574,91.03139013452915,7.174887892376682,83.85650224215246
E00167774,328,77,49,28,251,26,225,23.47560975609756,14.939024390243901,8.536585365853659,76.52439024390245,7.926829268292683,68.59756097560977
E00167775,328,27,3,24,301,35,266,8.231707317073171,0.9146341463414633,7.317073170731707,91.76829268292683,10.670731707317072,81.09756097560977
E00167776,319,47,18,29,272,32,240,14.733542319749215,5.6426332288401255,9.090909090909092,85.26645768025078,10.031347962382444,75.23510971786834
E00167777,293,36,13,23,257,24,233,12.286689419795222,4.436860068259386,7.849829351535837,87.71331058020478,8.19112627986348,79.5221843003413
E00167778,248,26,7,19,222,14,208,10.483870967741936,2.82258064516129,7.661290322580645,89.51612903225806,5.64516129032258,83.87096774193549
E00190470,432,84,31,53,348,34,314,19.444444444444446,7.175925925925926,12.268518518518519,80.55555555555556,7.87037037037037,72.68518518518519
E00190471,2499,302,55,247,2197,167,2030,12.08483393357343,2.200880352140856,9.883953581432573,87.91516606642658,6.6826730692276914,81.23249299719888
E00190472,3591,429,47,382,3162,229,2933,11.946532999164578,1.3088276246170982,10.63770537454748,88.05346700083541,6.3770537454747975,81.67641325536063
E00190479,235,20,4,16,215,16,199,8.51063829787234,1.702127659574468,6.808510638297872,91.48936170212765,6.808510638297872,84.68085106382979
E00190485,307,24,8,16,283,25,258,7.81758957654723,2.6058631921824107,5.211726384364821,92.18241042345277,8.143322475570033,84.03908794788273
E00190499,341,40,15,25,301,26,275,11.730205278592376,4.398826979472141,7.331378299120235,88.26979472140762,7.624633431085044,80.64516129032258
E00190506,415,32,8,24,383,30,353,7.710843373493977,1.9277108433734942,5.783132530120482,92.28915662650601,7.228915662650602,85.06024096385542
E00190509,242,36,12,24,206,20,186,14.87603305785124,4.958677685950414,9.917355371900827,85.12396694214877,8.264462809917356,76.85950413223141
E00190513,190,24,7,17,166,13,153,12.631578947368421,3.684210526315789,8.947368421052632,87.36842105263159,6.842105263157896,80.52631578947368
E00190521,141,19,6,13,122,8,114,13.47517730496454,4.25531914893617,9.219858156028367,86.52482269503547,5.673758865248227,80.85106382978722
