OA,ts0590001,ts0590002,ts0590003,ts0590004,ts0590005,ts0590006,ts0590007,ts0590002_PCT,ts0590003_PCT,ts0590004_PCT,ts0590005_PCT,ts0590006_PCT,ts0590007_PCT
E00158950,106,36,10,26,70,56,14,33.9622641509434,9.433962264150944,24.528301886792452,66.0377358490566,52.83018867924528,13.20754716981132
E00158951,158,48,21,27,110,90,20,30.37974683544304,13.291139240506327,17.088607594936708,69.62025316455697,56.9620253164557,12.658227848101266
E00158952,121,42,17,25,79,66,13,34.710743801652896,14.049586776859504,20.66115702479339,65.28925619834712,54.54545454545454,10.743801652892563
E00158953,131,40,17,23,91,75,16,30.53435114503817,12.977099236641221,17.557251908396946,69.46564885496184,57.25190839694656,12.213740458015266
E00158954,112,34,11,23,78,60,18,30.357142857142854,9.821428571428571,20.535714285714285,69.64285714285714,53.57142857142857,16.071428571428573
E00158955,126,50,14,36,76,58,18,39.682539682539684,11.11111111111111,28.57142857142857,60.317460317460316,46.03174603174603,14.285714285714285
E00158956,123,40,20,20,83,65,18,32.52032520325203,16.260162601626014,16.260162601626014,67.47967479674797,52.84552845528455,14.634146341463413
E00158957,165,56,16,40,109,90,19,33.939393939393945,9.696969696969697,24.242424242424242,66.06060606060606,54.54545454545454,11.515151515151516
E00158958,141,41,14,27,100,81,19,29.078014184397162,9.929078014184398,19.148936170212767,70.92198581560284,57.446808510638306,13.47517730496454
E00158959,128,42,15,27,86,71,15,32.8125,11.71875,21.09375,67.1875,55.46875,11.71875
E00158960,45,19,6,13,26,22,4,42.22222222222222,13.333333333333334,28.888888888888886,57.77777777777777,48.888888888888886,8.88888888888889
E00158961,137,40,12,28,97,85,12,29.1970802919708,8.75912408759124,20.437956204379564,70.8029197080292,62.04379562043796,8.75912408759124
E00158962,151,49,22,27,102,81,21,32.450331125827816,14.56953642384106,17.880794701986755,67.54966887417218,53.64238410596026,13.90728476821192
E00158963,165,47,19,28,118,93,25,28.484848484848484,11.515151515151516,16.969696969696972,71.51515151515152,56.36363636363636,15.151515151515152
E00158964,164,52,11,41,112,95,17,31.70731707317073,6.707317073170732,25,68.29268292682927,57.92682926829268,10.365853658536585
E00158965,156,46,16,30,110,77,33,29.48717948717949,10.256410256410255,19.230769230769234,70.51282051282051,49.358974358974365,21.153846153846153
E00158966,160,47,12,35,113,100,13,29.375,7.5,21.875,70.625,62.5,8.125
E00158967,124,30,6,24,94,79,15,24.193548387096776,4.838709677419355,19.35483870967742,75.80645161290323,63.70967741935484,12.096774193548388
E00158968,117,33,9,24,84,70,14,28.205128205128204,7.6923076923076925,20.51282051282051,71.7948717948718,59.82905982905983,11.965811965811966
E00158969,149,47,14,33,102,84,18,31.543624161073826,9.395973154362416,22.14765100671141,68.45637583892618,56.375838926174495,12.080536912751679
E00158970,111,37,14,23,74,55,19,33.33333333333333,12.612612612612612,20.72072072072072,66.66666666666666,49.549549549549546,17.117117117117118
E00158971,172,60,20,40,112,83,29,34.883720930232556,11.627906976744185,23.25581395348837,65.11627906976744,48.25581395348838,16.86046511627907
E00158972,132,38,16,22,94,73,21,28.78787878787879,12.121212121212121,16.666666666666664,71.21212121212122,55.3030303030303,15.909090909090908
E00158973,141,45,25,20,96,78,18,31.914893617021278,17.73049645390071,14.184397163120568,68.08510638297872,55.319148936170215,12.76595744680851
E00158974,120,37,19,18,83,57,26,30.833333333333336,15.833333333333332,15,69.16666666666667,47.5,21.666666666666668
E00158975,38,13,5,8,25,19,6,34.21052631578947,13.157894736842104,21.052631578947366,65.78947368421053,50,15.789473684210526
E00158976,36,10,5,5,26,21,5,27.77777777777778,13.88888888888889,13.88888888888889,72.22222222222221,58.333333333333336,13.88888888888889
E00158977,120,34,13,21,86,73,13,28.333333333333332,10.833333333333334,17.5,71.66666666666667,60.83333333333333,10.833333333333334
E00158978,100,34,13,21,66,53,13,34,13,21,66,53,13
E00158979,180,63,21,42,117,97,20,35,11.666666666666666,23.333333333333332,65,53.888888888888886,11.11111111111111
E00158980,86,34,18,16,52,36,16,39.53488372093023,20.930232558139537,18.6046511627907,60.46511627906976,41.86046511627907,18.6046511627907
E00158981,127,46,20,26,81,64,17,36.22047244094488,15.748031496062993,20.47244094488189,63.77952755905512,50.39370078740157,13.385826771653544
E00158982,34,9,6,3,25,21,4,26.47058823529412,17.647058823529413,8.823529411764707,73.52941176470588,61.76470588235294,11.76470588235294
E00158984,135,42,14,28,93,75,18,31.11111111111111,10.37037037037037,20.74074074074074,68.88888888888889,55.55555555555556,13.333333333333334
E00158985,111,36,15,21,75,57,18,32.432432432432435,13.513513513513514,18.91891891891892,67.56756756756756,51.35135135135135,16.216216216216218
E00158986,221,69,21,48,152,121,31,31.221719457013574,9.502262443438914,21.71945701357466,68.77828054298642,54.75113122171946,14.027149321266968
E00158987,122,49,19,30,73,68,5,40.16393442622951,15.573770491803279,24.59016393442623,59.83606557377049,55.73770491803278,4.098360655737705
E00158988,296,90,40,50,206,180,26,30.405405405405407,13.513513513513514,16.89189189189189,69.5945945945946,60.810810810810814,8.783783783783784
E00158989,137,45,16,29,92,66,26,32.846715328467155,11.678832116788321,21.16788321167883,67.15328467153284,48.175182481751825,18.97810218978102
E00158990,165,46,17,29,119,95,24,27.878787878787882,10.303030303030303,17.575757575757574,72.12121212121212,57.57575757575758,14.545454545454545
E00158991,211,63,28,35,148,123,25,29.85781990521327,13.270142180094787,16.587677725118482,70.14218009478674,58.29383886255924,11.848341232227488
E00158992,220,74,33,41,146,119,27,33.63636363636363,15,18.636363636363637,66.36363636363637,54.090909090909086,12.272727272727273
E00158994,163,62,24,38,101,83,18,38.036809815950924,14.723926380368098,23.31288343558282,61.963190184049076,50.920245398773,11.042944785276074
E00158995,180,53,15,38,127,114,13,29.444444444444446,8.333333333333332,21.11111111111111,70.55555555555556,63.33333333333333,7.222222222222221
E00158996,154,47,19,28,107,97,10,30.519480519480517,12.337662337662337,18.181818181818183,69.48051948051948,62.98701298701299,6.493506493506493
E00158997,105,33,17,16,72,55,17,31.428571428571427,16.19047619047619,15.238095238095239,68.57142857142857,52.38095238095239,16.19047619047619
E00158998,287,81,34,47,206,165,41,28.222996515679444,11.846689895470384,16.376306620209057,71.77700348432056,57.491289198606275,14.285714285714285
E00158999,125,36,17,19,89,73,16,28.799999999999997,13.600000000000001,15.2,71.2,58.4,12.8
E00159001,132,43,14,29,89,70,19,32.57575757575758,10.606060606060606,21.96969696969697,67.42424242424242,53.03030303030303,14.393939393939394
E00159002,154,47,13,34,107,90,17,30.519480519480517,8.441558441558442,22.07792207792208,69.48051948051948,58.44155844155844,11.03896103896104
E00159003,181,54,24,30,127,100,27,29.83425414364641,13.259668508287293,16.574585635359114,70.1657458563536,55.24861878453039,14.917127071823206
E00159004,145,56,22,34,89,76,13,38.62068965517241,15.172413793103448,23.448275862068964,61.37931034482759,52.41379310344828,8.96551724137931
E00159005,247,83,36,47,164,127,37,33.603238866396765,14.5748987854251,19.02834008097166,66.39676113360325,51.417004048582996,14.979757085020243
E00159006,127,52,25,27,75,61,14,40.94488188976378,19.68503937007874,21.25984251968504,59.055118110236215,48.031496062992126,11.023622047244094
E00159007,71,24,12,12,47,34,13,33.80281690140845,16.901408450704224,16.901408450704224,66.19718309859155,47.88732394366197,18.30985915492958
E00159008,71,25,7,18,46,34,12,35.2112676056338,9.859154929577464,25.352112676056336,64.7887323943662,47.88732394366197,16.901408450704224
E00159010,151,53,14,39,98,82,16,35.099337748344375,9.271523178807946,25.82781456953642,64.90066225165563,54.3046357615894,10.596026490066226
E00159012,133,34,13,21,99,71,28,25.563909774436087,9.774436090225564,15.789473684210526,74.43609022556392,53.383458646616546,21.052631578947366
E00159013,106,36,18,18,70,48,22,33.9622641509434,16.9811320754717,16.9811320754717,66.0377358490566,45.28301886792453,20.754716981132077
E00159014,83,24,7,17,59,44,15,28.915662650602407,8.433734939759036,20.481927710843372,71.08433734939759,53.01204819277109,18.072289156626507
E00159015,117,41,20,21,76,47,29,35.04273504273504,17.094017094017094,17.94871794871795,64.95726495726495,40.17094017094017,24.786324786324787
E00159016,203,87,45,42,116,83,33,42.857142857142854,22.167487684729064,20.689655172413794,57.14285714285714,40.88669950738916,16.25615763546798
E00159017,138,44,25,19,94,75,19,31.88405797101449,18.115942028985508,13.768115942028986,68.11594202898551,54.347826086956516,13.768115942028986
E00159018,152,32,12,20,120,91,29,21.052631578947366,7.894736842105263,13.157894736842104,78.94736842105263,59.86842105263158,19.078947368421055
E00159020,111,33,16,17,78,53,25,29.72972972972973,14.414414414414415,15.315315315315313,70.27027027027027,47.74774774774775,22.52252252252252
E00159021,170,55,24,31,115,88,27,32.35294117647059,14.117647058823529,18.235294117647058,67.64705882352942,51.76470588235295,15.88235294117647
E00159022,121,44,14,30,77,56,21,36.36363636363637,11.570247933884298,24.793388429752067,63.63636363636363,46.28099173553719,17.355371900826448
E00159023,148,45,27,18,103,76,27,30.405405405405407,18.243243243243242,12.162162162162163,69.5945945945946,51.35135135135135,18.243243243243242
E00159024,166,60,22,38,106,99,7,36.144578313253014,13.253012048192772,22.89156626506024,63.85542168674698,59.63855421686747,4.216867469879518
E00159025,157,54,27,27,103,82,21,34.394904458598724,17.197452229299362,17.197452229299362,65.60509554140127,52.22929936305732,13.375796178343949
E00159026,105,31,11,20,74,61,13,29.523809523809526,10.476190476190476,19.047619047619047,70.47619047619048,58.0952380952381,12.380952380952381
E00159027,135,58,24,34,77,52,25,42.96296296296296,17.77777777777778,25.185185185185183,57.03703703703704,38.51851851851852,18.51851851851852
E00159028,150,49,20,29,101,78,23,32.666666666666664,13.333333333333334,19.333333333333332,67.33333333333333,52,15.333333333333332
E00159029,229,83,41,42,146,96,50,36.24454148471616,17.903930131004365,18.340611353711793,63.75545851528385,41.92139737991266,21.83406113537118
E00159030,80,24,8,16,56,41,15,30,10,20,70,51.24999999999999,18.75
E00159031,58,21,11,10,37,24,13,36.206896551724135,18.96551724137931,17.24137931034483,63.793103448275865,41.37931034482759,22.413793103448278
E00159032,154,49,20,29,105,80,25,31.818181818181817,12.987012987012985,18.83116883116883,68.18181818181817,51.94805194805194,16.233766233766232
E00159033,127,42,27,15,85,63,22,33.07086614173229,21.25984251968504,11.811023622047244,66.92913385826772,49.60629921259843,17.322834645669293
E00159034,94,37,19,18,57,31,26,39.361702127659576,20.212765957446805,19.148936170212767,60.63829787234043,32.97872340425532,27.659574468085108
E00159035,280,84,39,45,196,147,49,30,13.928571428571429,16.071428571428573,70,52.5,17.5
E00159036,144,43,22,21,101,75,26,29.86111111111111,15.277777777777779,14.583333333333334,70.13888888888889,52.083333333333336,18.055555555555554
E00159037,119,41,17,24,78,63,15,34.45378151260504,14.285714285714285,20.168067226890756,65.54621848739495,52.94117647058824,12.605042016806722
E00159038,172,54,19,35,118,82,36,31.3953488372093,11.046511627906977,20.348837209302324,68.6046511627907,47.674418604651166,20.930232558139537
E00159039,179,66,34,32,113,85,28,36.87150837988827,18.994413407821227,17.877094972067038,63.128491620111724,47.486033519553075,15.64245810055866
E00159040,134,42,18,24,92,67,25,31.343283582089555,13.432835820895523,17.91044776119403,68.65671641791045,50,18.65671641791045
E00159041,138,47,24,23,91,65,26,34.05797101449276,17.391304347826086,16.666666666666664,65.94202898550725,47.10144927536232,18.84057971014493
E00159042,186,55,25,30,131,100,31,29.56989247311828,13.440860215053762,16.129032258064516,70.43010752688173,53.76344086021505,16.666666666666664
E00159043,149,40,14,26,109,88,21,26.845637583892618,9.395973154362416,17.449664429530202,73.15436241610739,59.06040268456376,14.093959731543624
E00159044,123,43,18,25,80,52,28,34.959349593495936,14.634146341463413,20.32520325203252,65.04065040650406,42.27642276422765,22.76422764227642
E00159045,139,37,15,22,102,69,33,26.618705035971225,10.79136690647482,15.827338129496402,73.38129496402878,49.64028776978417,23.741007194244602
E00159046,71,24,7,17,47,26,21,33.80281690140845,9.859154929577464,23.943661971830984,66.19718309859155,36.61971830985916,29.577464788732392
E00159047,154,53,19,34,101,69,32,34.41558441558442,12.337662337662337,22.07792207792208,65.5844155844156,44.8051948051948,20.77922077922078
E00159048,164,39,14,25,125,88,37,23.78048780487805,8.536585365853659,15.24390243902439,76.21951219512195,53.65853658536586,22.5609756097561
E00159049,116,28,8,20,88,54,34,24.137931034482758,6.896551724137931,17.24137931034483,75.86206896551724,46.55172413793103,29.310344827586203
E00159050,188,54,21,33,134,110,24,28.723404255319153,11.170212765957446,17.5531914893617,71.27659574468085,58.51063829787234,12.76595744680851
E00159051,173,55,19,36,118,104,14,31.79190751445087,10.982658959537572,20.809248554913296,68.20809248554913,60.115606936416185,8.092485549132949
E00159052,150,36,13,23,114,85,29,24,8.666666666666668,15.333333333333332,76,56.666666666666664,19.333333333333332
E00159053,253,48,15,33,205,181,24,18.972332015810274,5.928853754940711,13.043478260869565,81.02766798418972,71.54150197628458,9.486166007905137
E00159054,249,70,23,47,179,147,32,28.11244979919679,9.236947791164658,18.87550200803213,71.8875502008032,59.036144578313255,12.851405622489958
E00159055,143,30,9,21,113,99,14,20.97902097902098,6.293706293706294,14.685314685314685,79.02097902097903,69.23076923076923,9.79020979020979
E00159056,171,53,21,32,118,99,19,30.994152046783626,12.280701754385964,18.71345029239766,69.00584795321637,57.89473684210527,11.11111111111111
E00159057,77,23,9,14,54,42,12,29.87012987012987,11.688311688311687,18.181818181818183,70.12987012987013,54.54545454545454,15.584415584415584
E00159058,136,42,18,24,94,77,17,30.88235294117647,13.23529411764706,17.647058823529413,69.11764705882352,56.61764705882353,12.5
E00159059,175,54,15,39,121,104,17,30.857142857142854,8.571428571428571,22.285714285714285,69.14285714285714,59.42857142857143,9.714285714285714
E00159060,106,28,13,15,78,53,25,26.41509433962264,12.264150943396226,14.150943396226415,73.58490566037736,50,23.58490566037736
E00159062,148,46,24,22,102,75,27,31.08108108108108,16.216216216216218,14.864864864864865,68.91891891891892,50.67567567567568,18.243243243243242
E00159063,131,44,17,27,87,71,16,33.587786259541986,12.977099236641221,20.610687022900763,66.41221374045801,54.19847328244275,12.213740458015266
E00159064,107,34,11,23,73,53,20,31.775700934579437,10.2803738317757,21.49532710280374,68.22429906542055,49.532710280373834,18.69158878504673
E00159065,185,56,26,30,129,104,25,30.270270270270274,14.054054054054054,16.216216216216218,69.72972972972973,56.21621621621622,13.513513513513514
E00159066,125,38,16,22,87,63,24,30.4,12.8,17.599999999999998,69.6,50.4,19.2
E00159067,91,30,13,17,61,50,11,32.967032967032964,14.285714285714285,18.681318681318682,67.03296703296702,54.94505494505495,12.087912087912088
E00159068,127,37,11,26,90,84,6,29.133858267716533,8.661417322834646,20.47244094488189,70.86614173228347,66.14173228346458,4.724409448818897
E00159069,140,50,12,38,90,77,13,35.714285714285715,8.571428571428571,27.142857142857142,64.28571428571429,55.00000000000001,9.285714285714286
E00159070,140,46,17,29,94,71,23,32.857142857142854,12.142857142857142,20.714285714285715,67.14285714285714,50.71428571428571,16.428571428571427
E00159071,185,48,22,26,137,106,31,25.945945945945947,11.891891891891893,14.054054054054054,74.05405405405405,57.2972972972973,16.756756756756758
E00159072,106,30,11,19,76,53,23,28.30188679245283,10.377358490566039,17.92452830188679,71.69811320754717,50,21.69811320754717
E00159073,88,33,13,20,55,49,6,37.5,14.772727272727273,22.727272727272727,62.5,55.68181818181818,6.8181818181818175
E00159074,73,22,7,15,51,38,13,30.136986301369863,9.58904109589041,20.54794520547945,69.86301369863014,52.054794520547944,17.80821917808219
E00159075,139,43,15,28,96,76,20,30.935251798561154,10.79136690647482,20.14388489208633,69.06474820143885,54.67625899280576,14.388489208633093
E00159076,137,49,23,26,88,73,15,35.76642335766424,16.78832116788321,18.97810218978102,64.23357664233576,53.284671532846716,10.948905109489052
E00159077,140,44,17,27,96,70,26,31.428571428571427,12.142857142857142,19.28571428571429,68.57142857142857,50,18.571428571428573
E00159078,155,51,19,32,104,80,24,32.903225806451616,12.258064516129032,20.64516129032258,67.0967741935484,51.61290322580645,15.483870967741936
E00159079,37,22,10,12,15,12,3,59.45945945945946,27.027027027027028,32.432432432432435,40.54054054054054,32.432432432432435,8.108108108108109
E00159080,200,72,21,51,128,99,29,36,10.5,25.5,64,49.5,14.499999999999998
E00159081,75,28,9,19,47,38,9,37.333333333333336,12,25.333333333333336,62.66666666666667,50.66666666666667,12
E00159082,134,47,25,22,87,62,25,35.07462686567165,18.65671641791045,16.417910447761194,64.92537313432835,46.26865671641791,18.65671641791045
E00159083,90,29,10,19,61,40,21,32.22222222222222,11.11111111111111,21.11111111111111,67.77777777777779,44.44444444444444,23.333333333333332
E00159084,43,14,7,7,29,22,7,32.55813953488372,16.27906976744186,16.27906976744186,67.44186046511628,51.162790697674424,16.27906976744186
E00159085,304,84,31,53,220,176,44,27.631578947368425,10.197368421052632,17.434210526315788,72.36842105263158,57.89473684210527,14.473684210526317
E00159086,178,48,21,27,130,112,18,26.96629213483146,11.797752808988763,15.168539325842698,73.03370786516854,62.92134831460674,10.112359550561797
E00159087,167,44,14,30,123,100,23,26.34730538922156,8.383233532934131,17.964071856287426,73.65269461077844,59.88023952095808,13.77245508982036
E00159088,192,55,23,32,137,107,30,28.645833333333332,11.979166666666668,16.666666666666664,71.35416666666666,55.729166666666664,15.625
E00159089,212,71,23,48,141,117,24,33.490566037735846,10.849056603773585,22.641509433962266,66.50943396226415,55.188679245283026,11.320754716981133
E00159090,158,53,28,25,105,88,17,33.54430379746836,17.72151898734177,15.822784810126583,66.45569620253164,55.69620253164557,10.759493670886076
E00159091,121,38,12,26,83,68,15,31.40495867768595,9.917355371900827,21.487603305785125,68.59504132231406,56.19834710743802,12.396694214876034
E00159092,285,78,30,48,207,172,35,27.368421052631582,10.526315789473683,16.842105263157894,72.63157894736842,60.35087719298245,12.280701754385964
E00159093,194,69,32,37,125,96,29,35.56701030927835,16.49484536082474,19.072164948453608,64.43298969072166,49.48453608247423,14.948453608247423
E00159094,181,45,16,29,136,124,12,24.861878453038674,8.83977900552486,16.022099447513813,75.13812154696133,68.50828729281768,6.629834254143646
E00159095,154,22,6,16,132,118,14,14.285714285714285,3.896103896103896,10.38961038961039,85.71428571428571,76.62337662337663,9.090909090909092
E00159096,183,37,14,23,146,117,29,20.21857923497268,7.650273224043716,12.568306010928962,79.78142076502732,63.934426229508205,15.846994535519126
E00159097,136,49,21,28,87,68,19,36.029411764705884,15.441176470588236,20.588235294117645,63.970588235294116,50,13.970588235294118
E00159098,139,48,23,25,91,68,23,34.53237410071942,16.546762589928058,17.985611510791365,65.46762589928058,48.92086330935252,16.546762589928058
E00159099,84,30,8,22,54,46,8,35.714285714285715,9.523809523809524,26.190476190476193,64.28571428571429,54.761904761904766,9.523809523809524
E00159100,58,19,4,15,39,33,6,32.758620689655174,6.896551724137931,25.862068965517242,67.24137931034483,56.896551724137936,10.344827586206897
E00159101,133,37,15,22,96,78,18,27.819548872180448,11.278195488721805,16.541353383458645,72.18045112781954,58.64661654135338,13.533834586466165
E00159102,260,73,28,45,187,163,24,28.076923076923077,10.76923076923077,17.307692307692307,71.92307692307692,62.69230769230769,9.230769230769232
E00159103,131,33,14,19,98,85,13,25.190839694656486,10.687022900763358,14.50381679389313,74.80916030534351,64.8854961832061,9.923664122137405
E00159104,114,49,17,32,65,45,20,42.98245614035088,14.912280701754385,28.07017543859649,57.01754385964912,39.473684210526315,17.543859649122805
E00159105,114,31,12,19,83,58,25,27.192982456140353,10.526315789473683,16.666666666666664,72.80701754385966,50.877192982456144,21.929824561403507
E00159107,183,58,25,33,125,90,35,31.693989071038253,13.661202185792352,18.0327868852459,68.30601092896174,49.18032786885246,19.12568306010929
E00159109,155,49,22,27,106,76,30,31.61290322580645,14.193548387096774,17.419354838709676,68.38709677419355,49.03225806451613,19.35483870967742
E00159110,152,46,20,26,106,79,27,30.263157894736842,13.157894736842104,17.105263157894736,69.73684210526315,51.973684210526315,17.763157894736842
E00159111,106,44,19,25,62,42,20,41.509433962264154,17.92452830188679,23.58490566037736,58.490566037735846,39.62264150943396,18.867924528301888
E00159112,70,27,10,17,43,33,10,38.57142857142858,14.285714285714285,24.285714285714285,61.42857142857143,47.14285714285714,14.285714285714285
E00159113,150,55,24,31,95,70,25,36.666666666666664,16,20.666666666666668,63.33333333333333,46.666666666666664,16.666666666666664
E00159114,118,44,21,23,74,64,10,37.28813559322034,17.796610169491526,19.491525423728813,62.71186440677966,54.23728813559322,8.47457627118644
E00159115,109,28,12,16,81,69,12,25.688073394495415,11.009174311926607,14.678899082568808,74.31192660550458,63.30275229357798,11.009174311926607
E00159116,201,55,22,33,146,114,32,27.363184079601986,10.945273631840797,16.417910447761194,72.636815920398,56.71641791044776,15.92039800995025
E00159118,122,43,22,21,79,62,17,35.24590163934426,18.0327868852459,17.21311475409836,64.75409836065575,50.81967213114754,13.934426229508196
E00159119,203,54,24,30,149,117,32,26.60098522167488,11.822660098522167,14.77832512315271,73.39901477832512,57.635467980295566,15.763546798029557
E00159120,192,65,24,41,127,115,12,33.85416666666667,12.5,21.354166666666664,66.14583333333334,59.895833333333336,6.25
E00159125,134,44,10,34,90,66,24,32.83582089552239,7.462686567164178,25.37313432835821,67.16417910447761,49.25373134328358,17.91044776119403
E00159126,123,36,11,25,87,72,15,29.268292682926827,8.94308943089431,20.32520325203252,70.73170731707317,58.536585365853654,12.195121951219512
E00159128,143,37,12,25,106,88,18,25.874125874125873,8.391608391608392,17.482517482517483,74.12587412587412,61.53846153846154,12.587412587412588
E00159129,344,89,35,54,255,203,52,25.872093023255815,10.174418604651162,15.69767441860465,74.12790697674419,59.01162790697675,15.11627906976744
E00159131,89,32,10,22,57,42,15,35.95505617977528,11.235955056179774,24.719101123595504,64.04494382022472,47.19101123595505,16.853932584269664
E00159133,152,52,21,31,100,78,22,34.21052631578947,13.815789473684212,20.394736842105264,65.78947368421053,51.31578947368421,14.473684210526317
E00159134,148,46,17,29,102,75,27,31.08108108108108,11.486486486486488,19.594594594594593,68.91891891891892,50.67567567567568,18.243243243243242
E00159135,96,30,10,20,66,52,14,31.25,10.416666666666668,20.833333333333336,68.75,54.166666666666664,14.583333333333334
E00159136,203,54,26,28,149,102,47,26.60098522167488,12.807881773399016,13.793103448275861,73.39901477832512,50.24630541871922,23.15270935960591
E00159137,97,32,13,19,65,53,12,32.98969072164948,13.402061855670103,19.587628865979383,67.0103092783505,54.63917525773196,12.371134020618557
E00159139,142,52,19,33,90,70,20,36.61971830985916,13.380281690140844,23.239436619718308,63.38028169014085,49.29577464788733,14.084507042253522
E00159140,134,46,18,28,88,72,16,34.32835820895522,13.432835820895523,20.8955223880597,65.67164179104478,53.73134328358209,11.940298507462686
E00159141,124,39,17,22,85,73,12,31.451612903225808,13.709677419354838,17.741935483870968,68.54838709677419,58.87096774193549,9.67741935483871
E00159142,176,59,19,40,117,96,21,33.52272727272727,10.795454545454545,22.727272727272727,66.47727272727273,54.54545454545454,11.931818181818182
E00159143,123,29,8,21,94,75,19,23.577235772357724,6.504065040650407,17.073170731707318,76.42276422764228,60.97560975609756,15.447154471544716
E00159144,270,78,19,59,192,164,28,28.888888888888886,7.037037037037037,21.85185185185185,71.11111111111111,60.74074074074074,10.37037037037037
E00159145,151,46,17,29,105,89,16,30.4635761589404,11.258278145695364,19.205298013245034,69.5364238410596,58.94039735099338,10.596026490066226
E00159146,96,31,12,19,65,55,10,32.29166666666667,12.5,19.791666666666664,67.70833333333334,57.291666666666664,10.416666666666668
E00159147,102,27,7,20,75,62,13,26.47058823529412,6.862745098039216,19.607843137254903,73.52941176470588,60.78431372549019,12.745098039215685
E00159148,210,53,13,40,157,132,25,25.238095238095237,6.190476190476191,19.047619047619047,74.76190476190476,62.857142857142854,11.904761904761903
E00159149,153,45,13,32,108,87,21,29.411764705882355,8.49673202614379,20.915032679738562,70.58823529411765,56.86274509803921,13.725490196078432
E00159150,120,44,17,27,76,64,12,36.666666666666664,14.166666666666666,22.5,63.33333333333333,53.333333333333336,10
E00159151,89,31,13,18,58,48,10,34.831460674157306,14.606741573033707,20.224719101123593,65.1685393258427,53.93258426966292,11.235955056179774
E00159152,247,83,29,54,164,137,27,33.603238866396765,11.740890688259109,21.86234817813765,66.39676113360325,55.465587044534416,10.931174089068826
E00159153,75,36,13,23,39,32,7,48,17.333333333333336,30.666666666666664,52,42.66666666666667,9.333333333333334
E00159155,109,29,10,19,80,63,17,26.605504587155966,9.174311926605505,17.431192660550458,73.39449541284404,57.798165137614674,15.59633027522936
E00159156,101,36,14,22,65,39,26,35.64356435643564,13.861386138613863,21.782178217821784,64.35643564356435,38.613861386138616,25.742574257425744
E00159157,169,60,34,26,109,88,21,35.50295857988166,20.118343195266274,15.384615384615385,64.49704142011834,52.071005917159766,12.42603550295858
E00159158,156,51,26,25,105,86,19,32.69230769230769,16.666666666666664,16.025641025641026,67.3076923076923,55.12820512820513,12.179487179487179
E00159159,173,60,16,44,113,91,22,34.68208092485549,9.248554913294797,25.43352601156069,65.3179190751445,52.601156069364166,12.716763005780345
E00159160,161,61,28,33,100,72,28,37.88819875776397,17.391304347826086,20.496894409937887,62.11180124223602,44.72049689440994,17.391304347826086
E00159161,114,46,17,29,68,44,24,40.35087719298245,14.912280701754385,25.438596491228072,59.64912280701754,38.59649122807017,21.052631578947366
E00159162,148,52,21,31,96,84,12,35.13513513513514,14.18918918918919,20.945945945945947,64.86486486486487,56.75675675675676,8.108108108108109
E00159163,107,31,14,17,76,59,17,28.971962616822427,13.084112149532709,15.887850467289718,71.02803738317756,55.140186915887845,15.887850467289718
E00159164,162,49,11,38,113,91,22,30.246913580246915,6.790123456790123,23.456790123456788,69.75308641975309,56.17283950617284,13.580246913580247
E00159166,241,72,18,54,169,142,27,29.87551867219917,7.468879668049793,22.40663900414938,70.12448132780082,58.921161825726145,11.20331950207469
E00159167,116,22,6,16,94,86,8,18.96551724137931,5.172413793103448,13.793103448275861,81.03448275862068,74.13793103448276,6.896551724137931
E00159168,75,18,6,12,57,43,14,24,8,16,76,57.333333333333336,18.666666666666668
E00159169,147,38,15,23,109,91,18,25.850340136054424,10.204081632653061,15.646258503401361,74.14965986394559,61.904761904761905,12.244897959183673
E00159170,137,40,18,22,97,82,15,29.1970802919708,13.138686131386862,16.05839416058394,70.8029197080292,59.854014598540154,10.948905109489052
E00159172,118,38,15,23,80,68,12,32.20338983050847,12.711864406779661,19.491525423728813,67.79661016949152,57.6271186440678,10.16949152542373
E00159173,238,73,27,46,165,151,14,30.672268907563026,11.344537815126051,19.327731092436977,69.32773109243698,63.4453781512605,5.88235294117647
E00159174,169,40,17,23,129,112,17,23.668639053254438,10.059171597633137,13.609467455621301,76.33136094674556,66.27218934911244,10.059171597633137
E00159176,182,48,17,31,134,119,15,26.373626373626376,9.340659340659341,17.032967032967033,73.62637362637363,65.38461538461539,8.241758241758241
E00159177,169,40,18,22,129,115,14,23.668639053254438,10.650887573964498,13.017751479289942,76.33136094674556,68.04733727810651,8.284023668639055
E00159178,261,67,18,49,194,171,23,25.67049808429119,6.896551724137931,18.773946360153257,74.32950191570882,65.51724137931035,8.812260536398467
E00159179,113,35,13,22,78,70,8,30.973451327433626,11.504424778761061,19.469026548672566,69.02654867256636,61.94690265486725,7.079646017699115
E00159180,154,55,23,32,99,87,12,35.714285714285715,14.935064935064934,20.77922077922078,64.28571428571429,56.493506493506494,7.792207792207792
E00159181,121,31,12,19,90,77,13,25.6198347107438,9.917355371900827,15.702479338842975,74.3801652892562,63.63636363636363,10.743801652892563
E00159182,179,42,14,28,137,121,16,23.463687150837988,7.82122905027933,15.64245810055866,76.53631284916202,67.59776536312849,8.938547486033519
E00159183,150,43,12,31,107,95,12,28.666666666666668,8,20.666666666666668,71.33333333333334,63.33333333333333,8
E00159184,214,57,19,38,157,136,21,26.635514018691588,8.878504672897195,17.75700934579439,73.36448598130842,63.55140186915887,9.813084112149532
E00159185,207,78,30,48,129,93,36,37.68115942028986,14.492753623188406,23.18840579710145,62.31884057971014,44.927536231884055,17.391304347826086
E00159186,166,45,16,29,121,94,27,27.10843373493976,9.63855421686747,17.46987951807229,72.89156626506023,56.62650602409639,16.265060240963855
E00159187,193,60,21,39,133,106,27,31.088082901554404,10.880829015544041,20.207253886010363,68.9119170984456,54.92227979274611,13.989637305699482
E00159188,164,42,15,27,122,97,25,25.609756097560975,9.146341463414634,16.463414634146343,74.39024390243902,59.14634146341463,15.24390243902439
E00159189,178,51,17,34,127,105,22,28.651685393258425,9.550561797752808,19.101123595505616,71.34831460674157,58.98876404494382,12.359550561797752
E00159190,183,42,18,24,141,126,15,22.950819672131146,9.836065573770492,13.114754098360656,77.04918032786885,68.85245901639344,8.19672131147541
E00159191,293,73,25,48,220,183,37,24.914675767918087,8.532423208191126,16.38225255972696,75.0853242320819,62.45733788395904,12.627986348122866
E00159192,182,42,14,28,140,112,28,23.076923076923077,7.6923076923076925,15.384615384615385,76.92307692307693,61.53846153846154,15.384615384615385
E00159193,68,27,11,16,41,35,6,39.705882352941174,16.176470588235293,23.52941176470588,60.29411764705882,51.470588235294116,8.823529411764707
E00159194,159,65,34,31,94,70,24,40.88050314465409,21.38364779874214,19.49685534591195,59.11949685534591,44.0251572327044,15.09433962264151
E00159195,166,52,21,31,114,82,32,31.32530120481928,12.650602409638553,18.67469879518072,68.67469879518072,49.39759036144578,19.27710843373494
E00159196,146,47,23,24,99,75,24,32.19178082191781,15.753424657534246,16.43835616438356,67.8082191780822,51.369863013698634,16.43835616438356
E00159197,157,49,13,36,108,85,23,31.210191082802545,8.280254777070063,22.929936305732486,68.78980891719745,54.14012738853503,14.64968152866242
E00159198,165,50,24,26,115,97,18,30.303030303030305,14.545454545454545,15.757575757575756,69.6969696969697,58.78787878787879,10.909090909090908
E00159199,135,45,14,31,90,75,15,33.33333333333333,10.37037037037037,22.962962962962962,66.66666666666666,55.55555555555556,11.11111111111111
E00159200,157,58,26,32,99,78,21,36.94267515923567,16.560509554140125,20.382165605095544,63.05732484076433,49.681528662420384,13.375796178343949
E00159201,195,60,24,36,135,100,35,30.76923076923077,12.307692307692308,18.461538461538463,69.23076923076923,51.28205128205128,17.94871794871795
E00159202,109,43,19,24,66,45,21,39.44954128440367,17.431192660550458,22.018348623853214,60.550458715596335,41.284403669724774,19.26605504587156
E00159204,135,38,17,21,97,69,28,28.14814814814815,12.592592592592592,15.555555555555555,71.85185185185186,51.11111111111111,20.74074074074074
E00159205,194,67,33,34,127,106,21,34.5360824742268,17.010309278350515,17.525773195876287,65.4639175257732,54.63917525773196,10.824742268041238
E00159206,135,48,17,31,87,63,24,35.55555555555556,12.592592592592592,22.962962962962962,64.44444444444444,46.666666666666664,17.77777777777778
E00159207,146,50,20,30,96,80,16,34.24657534246575,13.698630136986301,20.54794520547945,65.75342465753424,54.794520547945204,10.95890410958904
E00159208,187,66,24,42,121,91,30,35.294117647058826,12.834224598930483,22.459893048128343,64.70588235294117,48.663101604278076,16.042780748663102
E00159210,121,44,13,31,77,67,10,36.36363636363637,10.743801652892563,25.6198347107438,63.63636363636363,55.371900826446286,8.264462809917356
E00159211,157,45,17,28,112,103,9,28.662420382165603,10.828025477707007,17.8343949044586,71.3375796178344,65.60509554140127,5.7324840764331215
E00159212,130,32,13,19,98,83,15,24.615384615384617,10,14.615384615384617,75.38461538461539,63.84615384615384,11.538461538461538
E00159213,233,53,19,34,180,160,20,22.746781115879827,8.15450643776824,14.592274678111588,77.25321888412017,68.6695278969957,8.583690987124463
E00159214,169,56,30,26,113,96,17,33.13609467455622,17.75147928994083,15.384615384615385,66.86390532544378,56.80473372781065,10.059171597633137
E00159215,144,40,20,20,104,90,14,27.77777777777778,13.88888888888889,13.88888888888889,72.22222222222221,62.5,9.722222222222223
E00159216,100,43,17,26,57,47,10,43,17,26,56.99999999999999,47,10
E00159218,244,68,25,43,176,155,21,27.86885245901639,10.245901639344263,17.62295081967213,72.1311475409836,63.52459016393443,8.60655737704918
E00159219,105,25,11,14,80,68,12,23.809523809523807,10.476190476190476,13.333333333333334,76.19047619047619,64.76190476190476,11.428571428571429
E00159220,147,48,21,27,99,71,28,32.6530612244898,14.285714285714285,18.367346938775512,67.3469387755102,48.29931972789115,19.047619047619047
E00159221,108,36,11,25,72,57,15,33.33333333333333,10.185185185185185,23.14814814814815,66.66666666666666,52.77777777777778,13.88888888888889
E00159222,153,38,14,24,115,97,18,24.836601307189543,9.15032679738562,15.686274509803921,75.16339869281046,63.39869281045751,11.76470588235294
E00159223,136,35,15,20,101,87,14,25.735294117647058,11.029411764705882,14.705882352941178,74.26470588235294,63.970588235294116,10.294117647058822
E00159225,89,24,9,15,65,44,21,26.96629213483146,10.112359550561797,16.853932584269664,73.03370786516854,49.43820224719101,23.595505617977526
E00159227,88,26,16,10,62,45,17,29.545454545454547,18.181818181818183,11.363636363636363,70.45454545454545,51.13636363636363,19.318181818181817
E00159228,95,27,10,17,68,58,10,28.421052631578945,10.526315789473683,17.894736842105264,71.57894736842105,61.05263157894737,10.526315789473683
E00159229,163,57,18,39,106,88,18,34.96932515337423,11.042944785276074,23.92638036809816,65.03067484662577,53.987730061349694,11.042944785276074
E00159230,149,38,12,26,111,94,17,25.503355704697988,8.053691275167784,17.449664429530202,74.49664429530202,63.08724832214765,11.409395973154362
E00159231,163,60,21,39,103,90,13,36.809815950920246,12.883435582822086,23.92638036809816,63.190184049079754,55.21472392638037,7.975460122699387
E00159232,116,42,16,26,74,54,20,36.206896551724135,13.793103448275861,22.413793103448278,63.793103448275865,46.55172413793103,17.24137931034483
E00159233,203,71,28,43,132,118,14,34.97536945812808,13.793103448275861,21.182266009852217,65.02463054187191,58.128078817733986,6.896551724137931
E00159234,207,62,21,41,145,115,30,29.951690821256037,10.144927536231885,19.806763285024154,70.04830917874396,55.55555555555556,14.492753623188406
E00159235,44,15,6,9,29,22,7,34.090909090909086,13.636363636363635,20.454545454545457,65.9090909090909,50,15.909090909090908
E00159236,219,69,29,40,150,126,24,31.506849315068493,13.24200913242009,18.2648401826484,68.4931506849315,57.534246575342465,10.95890410958904
E00159237,118,45,19,26,73,55,18,38.13559322033898,16.101694915254235,22.033898305084744,61.86440677966102,46.61016949152542,15.254237288135593
E00159238,168,51,15,36,117,92,25,30.357142857142854,8.928571428571429,21.428571428571427,69.64285714285714,54.761904761904766,14.880952380952381
E00159239,182,65,22,43,117,98,19,35.714285714285715,12.087912087912088,23.626373626373624,64.28571428571429,53.84615384615385,10.43956043956044
E00159240,121,36,17,19,85,71,14,29.75206611570248,14.049586776859504,15.702479338842975,70.24793388429752,58.67768595041323,11.570247933884298
E00159241,125,37,17,20,88,68,20,29.599999999999998,13.600000000000001,16,70.39999999999999,54.400000000000006,16
E00159242,79,28,17,11,51,44,7,35.44303797468354,21.518987341772153,13.924050632911392,64.55696202531645,55.69620253164557,8.860759493670885
E00159243,130,43,12,31,87,71,16,33.07692307692307,9.230769230769232,23.846153846153847,66.92307692307692,54.61538461538461,12.307692307692308
E00159244,113,34,14,20,79,64,15,30.08849557522124,12.389380530973451,17.699115044247787,69.91150442477876,56.63716814159292,13.274336283185843
E00159245,146,41,15,26,105,92,13,28.08219178082192,10.273972602739725,17.80821917808219,71.91780821917808,63.013698630136986,8.904109589041095
E00159246,224,74,28,46,150,129,21,33.035714285714285,12.5,20.535714285714285,66.96428571428571,57.58928571428571,9.375
E00159247,148,50,23,27,98,75,23,33.78378378378378,15.54054054054054,18.243243243243242,66.21621621621621,50.67567567567568,15.54054054054054
E00159248,106,36,15,21,70,62,8,33.9622641509434,14.150943396226415,19.81132075471698,66.0377358490566,58.490566037735846,7.547169811320755
E00159249,146,40,17,23,106,90,16,27.397260273972602,11.643835616438356,15.753424657534246,72.6027397260274,61.64383561643836,10.95890410958904
E00159250,166,62,32,30,104,82,22,37.34939759036144,19.27710843373494,18.072289156626507,62.65060240963856,49.39759036144578,13.253012048192772
E00159252,80,28,14,14,52,42,10,35,17.5,17.5,65,52.5,12.5
E00159253,164,72,25,47,92,64,28,43.90243902439025,15.24390243902439,28.65853658536585,56.09756097560976,39.02439024390244,17.073170731707318
E00159254,140,32,15,17,108,87,21,22.857142857142858,10.714285714285714,12.142857142857142,77.14285714285715,62.142857142857146,15
E00159255,72,23,6,17,49,45,4,31.944444444444443,8.333333333333332,23.61111111111111,68.05555555555556,62.5,5.555555555555555
E00159256,96,34,15,19,62,53,9,35.41666666666667,15.625,19.791666666666664,64.58333333333334,55.208333333333336,9.375
E00159257,184,60,35,25,124,99,25,32.608695652173914,19.021739130434785,13.586956521739129,67.3913043478261,53.80434782608695,13.586956521739129
E00159258,63,18,9,9,45,35,10,28.57142857142857,14.285714285714285,14.285714285714285,71.42857142857143,55.55555555555556,15.873015873015872
E00159259,115,41,18,23,74,56,18,35.65217391304348,15.65217391304348,20,64.34782608695652,48.69565217391305,15.65217391304348
E00159260,176,54,17,37,122,102,20,30.681818181818183,9.659090909090908,21.022727272727273,69.31818181818183,57.95454545454546,11.363636363636363
E00159261,128,43,9,34,85,73,12,33.59375,7.03125,26.5625,66.40625,57.03125,9.375
E00159262,123,26,13,13,97,77,20,21.138211382113823,10.569105691056912,10.569105691056912,78.86178861788618,62.601626016260155,16.260162601626014
E00159263,135,46,22,24,89,78,11,34.074074074074076,16.296296296296298,17.77777777777778,65.92592592592592,57.77777777777777,8.148148148148149
E00159264,165,44,15,29,121,100,21,26.666666666666668,9.090909090909092,17.575757575757574,73.33333333333333,60.60606060606061,12.727272727272727
E00159265,130,38,15,23,92,76,16,29.230769230769234,11.538461538461538,17.692307692307693,70.76923076923077,58.46153846153847,12.307692307692308
E00159266,206,53,18,35,153,135,18,25.728155339805824,8.737864077669903,16.990291262135923,74.27184466019418,65.53398058252428,8.737864077669903
E00159267,103,46,9,37,57,53,4,44.66019417475729,8.737864077669903,35.92233009708738,55.33980582524271,51.45631067961165,3.8834951456310676
E00159268,126,47,20,27,79,71,8,37.301587301587304,15.873015873015872,21.428571428571427,62.698412698412696,56.34920634920635,6.349206349206349
E00159269,188,73,23,50,115,97,18,38.82978723404255,12.23404255319149,26.595744680851062,61.170212765957444,51.59574468085106,9.574468085106384
E00159270,109,45,18,27,64,57,7,41.284403669724774,16.51376146788991,24.770642201834864,58.71559633027523,52.293577981651374,6.422018348623854
E00159271,127,36,14,22,91,82,9,28.346456692913385,11.023622047244094,17.322834645669293,71.65354330708661,64.56692913385827,7.086614173228346
E00159272,143,46,11,35,97,79,18,32.16783216783217,7.6923076923076925,24.475524475524477,67.83216783216784,55.24475524475524,12.587412587412588
E00159273,119,41,12,29,78,66,12,34.45378151260504,10.084033613445378,24.369747899159663,65.54621848739495,55.46218487394958,10.084033613445378
E00159274,168,62,23,39,106,95,11,36.904761904761905,13.690476190476192,23.214285714285715,63.095238095238095,56.547619047619044,6.547619047619048
E00159275,142,44,12,32,98,85,13,30.985915492957744,8.450704225352112,22.535211267605636,69.01408450704226,59.859154929577464,9.15492957746479
E00159276,121,38,13,25,83,73,10,31.40495867768595,10.743801652892563,20.66115702479339,68.59504132231406,60.33057851239669,8.264462809917356
E00159277,125,40,14,26,85,73,12,32,11.200000000000001,20.8,68,58.4,9.6
E00159278,143,48,18,30,95,84,11,33.56643356643357,12.587412587412588,20.97902097902098,66.43356643356644,58.74125874125874,7.6923076923076925
E00159279,211,57,23,34,154,132,22,27.014218009478675,10.90047393364929,16.113744075829384,72.98578199052133,62.55924170616114,10.42654028436019
E00159280,107,28,10,18,79,65,14,26.168224299065418,9.345794392523365,16.822429906542055,73.83177570093457,60.747663551401864,13.084112149532709
E00159281,167,53,17,36,114,93,21,31.736526946107784,10.179640718562874,21.55688622754491,68.26347305389223,55.688622754491014,12.574850299401197
E00159282,138,39,18,21,99,75,24,28.26086956521739,13.043478260869565,15.217391304347828,71.73913043478261,54.347826086956516,17.391304347826086
E00159283,72,25,9,16,47,37,10,34.72222222222222,12.5,22.22222222222222,65.27777777777779,51.388888888888886,13.88888888888889
E00159284,152,42,13,29,110,98,12,27.631578947368425,8.552631578947368,19.078947368421055,72.36842105263158,64.47368421052632,7.894736842105263
E00159285,138,44,13,31,94,78,16,31.88405797101449,9.420289855072465,22.463768115942027,68.11594202898551,56.52173913043478,11.594202898550725
E00159286,147,40,7,33,107,93,14,27.2108843537415,4.761904761904762,22.448979591836736,72.78911564625851,63.26530612244898,9.523809523809524
E00159287,189,54,20,34,135,119,16,28.57142857142857,10.582010582010582,17.989417989417987,71.42857142857143,62.96296296296296,8.465608465608465
E00159288,147,51,15,36,96,81,15,34.69387755102041,10.204081632653061,24.489795918367346,65.3061224489796,55.10204081632652,10.204081632653061
E00159289,126,35,14,21,91,81,10,27.77777777777778,11.11111111111111,16.666666666666664,72.22222222222221,64.28571428571429,7.936507936507936
E00159290,140,54,23,31,86,73,13,38.57142857142858,16.428571428571427,22.142857142857142,61.42857142857143,52.142857142857146,9.285714285714286
E00159291,134,36,12,24,98,87,11,26.865671641791046,8.955223880597014,17.91044776119403,73.13432835820896,64.92537313432835,8.208955223880597
E00159292,128,35,10,25,93,85,8,27.34375,7.8125,19.53125,72.65625,66.40625,6.25
E00159293,150,47,16,31,103,81,22,31.333333333333336,10.666666666666668,20.666666666666668,68.66666666666667,54,14.666666666666666
E00159294,124,37,7,30,87,78,9,29.838709677419356,5.64516129032258,24.193548387096776,70.16129032258065,62.903225806451616,7.258064516129033
E00159295,203,65,28,37,138,95,43,32.01970443349754,13.793103448275861,18.226600985221676,67.98029556650246,46.79802955665024,21.182266009852217
E00159296,162,43,19,24,119,90,29,26.543209876543212,11.728395061728394,14.814814814814813,73.4567901234568,55.55555555555556,17.901234567901234
E00159297,168,61,22,39,107,78,29,36.30952380952381,13.095238095238097,23.214285714285715,63.69047619047619,46.42857142857143,17.261904761904763
E00159298,134,44,12,32,90,70,20,32.83582089552239,8.955223880597014,23.88059701492537,67.16417910447761,52.23880597014925,14.925373134328357
E00159299,164,62,20,42,102,69,33,37.80487804878049,12.195121951219512,25.609756097560975,62.19512195121951,42.073170731707314,20.121951219512198
E00159300,160,55,24,31,105,57,48,34.375,15,19.375,65.625,35.625,30
E00159301,172,54,19,35,118,81,37,31.3953488372093,11.046511627906977,20.348837209302324,68.6046511627907,47.093023255813954,21.511627906976745
E00159302,122,41,12,29,81,63,18,33.60655737704918,9.836065573770492,23.770491803278688,66.39344262295081,51.63934426229508,14.754098360655737
E00159303,94,28,16,12,66,54,12,29.78723404255319,17.02127659574468,12.76595744680851,70.2127659574468,57.446808510638306,12.76595744680851
E00159304,171,53,21,32,118,85,33,30.994152046783626,12.280701754385964,18.71345029239766,69.00584795321637,49.707602339181285,19.298245614035086
E00159305,173,64,29,35,109,85,24,36.99421965317919,16.76300578034682,20.23121387283237,63.005780346820806,49.13294797687861,13.872832369942195
E00159306,165,58,27,31,107,77,30,35.15151515151515,16.363636363636363,18.787878787878785,64.84848484848484,46.666666666666664,18.181818181818183
E00159307,97,41,13,28,56,38,18,42.2680412371134,13.402061855670103,28.865979381443296,57.73195876288659,39.175257731958766,18.556701030927837
E00159308,132,51,20,31,81,61,20,38.63636363636363,15.151515151515152,23.484848484848484,61.36363636363637,46.21212121212121,15.151515151515152
E00159309,107,35,22,13,72,44,28,32.71028037383177,20.5607476635514,12.149532710280374,67.28971962616822,41.1214953271028,26.168224299065418
E00159310,123,45,22,23,78,54,24,36.58536585365854,17.88617886178862,18.69918699186992,63.41463414634146,43.90243902439025,19.51219512195122
E00159311,167,57,28,29,110,86,24,34.13173652694611,16.766467065868262,17.365269461077844,65.86826347305389,51.49700598802395,14.37125748502994
E00159312,226,65,28,37,161,131,30,28.761061946902654,12.389380530973451,16.371681415929203,71.23893805309734,57.9646017699115,13.274336283185843
E00159313,192,56,19,37,136,113,23,29.166666666666668,9.895833333333332,19.270833333333336,70.83333333333334,58.854166666666664,11.979166666666668
E00159314,105,37,17,20,68,48,20,35.23809523809524,16.19047619047619,19.047619047619047,64.76190476190476,45.714285714285715,19.047619047619047
E00159315,80,28,9,19,52,33,19,35,11.25,23.75,65,41.25,23.75
E00159316,127,43,20,23,84,66,18,33.85826771653544,15.748031496062993,18.11023622047244,66.14173228346458,51.96850393700787,14.173228346456693
E00159317,187,62,29,33,125,92,33,33.155080213903744,15.508021390374333,17.647058823529413,66.84491978609626,49.19786096256685,17.647058823529413
E00159318,84,25,11,14,59,39,20,29.761904761904763,13.095238095238097,16.666666666666664,70.23809523809523,46.42857142857143,23.809523809523807
E00159319,158,50,27,23,108,77,31,31.645569620253166,17.088607594936708,14.556962025316455,68.35443037974683,48.734177215189874,19.62025316455696
E00159320,161,61,30,31,100,65,35,37.88819875776397,18.633540372670808,19.25465838509317,62.11180124223602,40.37267080745342,21.73913043478261
E00159321,136,39,14,25,97,76,21,28.676470588235293,10.294117647058822,18.38235294117647,71.32352941176471,55.88235294117647,15.441176470588236
E00159322,150,50,24,26,100,76,24,33.33333333333333,16,17.333333333333336,66.66666666666666,50.66666666666667,16
E00159323,154,44,18,26,110,67,43,28.57142857142857,11.688311688311687,16.883116883116884,71.42857142857143,43.506493506493506,27.92207792207792
E00159324,75,22,4,18,53,41,12,29.333333333333332,5.333333333333334,24,70.66666666666667,54.666666666666664,16
E00159325,211,83,26,57,128,89,39,39.33649289099526,12.322274881516588,27.014218009478675,60.66350710900474,42.18009478672986,18.48341232227488
E00159326,75,26,14,12,49,36,13,34.66666666666667,18.666666666666668,16,65.33333333333333,48,17.333333333333336
E00159327,205,63,34,29,142,107,35,30.73170731707317,16.585365853658537,14.146341463414632,69.26829268292683,52.19512195121951,17.073170731707318
E00159328,175,64,29,35,111,65,46,36.57142857142857,16.57142857142857,20,63.42857142857142,37.142857142857146,26.285714285714285
E00159329,208,78,36,42,130,93,37,37.5,17.307692307692307,20.192307692307693,62.5,44.71153846153847,17.78846153846154
E00159330,161,46,21,25,115,87,28,28.57142857142857,13.043478260869565,15.527950310559005,71.42857142857143,54.037267080745345,17.391304347826086
E00159331,92,28,6,22,64,43,21,30.434782608695656,6.521739130434782,23.91304347826087,69.56521739130434,46.73913043478261,22.82608695652174
E00159332,184,54,23,31,130,101,29,29.347826086956523,12.5,16.847826086956523,70.65217391304348,54.891304347826086,15.760869565217392
E00159333,205,69,36,33,136,104,32,33.65853658536586,17.560975609756095,16.097560975609756,66.34146341463415,50.73170731707317,15.609756097560975
E00159334,145,47,24,23,98,76,22,32.41379310344827,16.551724137931036,15.862068965517242,67.58620689655173,52.41379310344828,15.172413793103448
E00159336,119,29,9,20,90,80,10,24.369747899159663,7.563025210084033,16.80672268907563,75.63025210084034,67.22689075630252,8.403361344537815
E00159337,154,44,11,33,110,92,18,28.57142857142857,7.142857142857142,21.428571428571427,71.42857142857143,59.74025974025974,11.688311688311687
E00159338,178,53,10,43,125,95,30,29.775280898876407,5.617977528089887,24.15730337078652,70.2247191011236,53.37078651685393,16.853932584269664
E00159339,79,22,14,8,57,48,9,27.848101265822784,17.72151898734177,10.126582278481013,72.15189873417721,60.75949367088608,11.39240506329114
E00159340,105,39,16,23,66,61,5,37.142857142857146,15.238095238095239,21.904761904761905,62.857142857142854,58.0952380952381,4.761904761904762
E00159341,111,43,15,28,68,53,15,38.73873873873874,13.513513513513514,25.225225225225223,61.261261261261254,47.74774774774775,13.513513513513514
E00159342,201,69,24,45,132,111,21,34.32835820895522,11.940298507462686,22.388059701492537,65.67164179104478,55.223880597014926,10.44776119402985
E00159343,132,39,15,24,93,82,11,29.545454545454547,11.363636363636363,18.181818181818183,70.45454545454545,62.121212121212125,8.333333333333332
E00159344,94,30,15,15,64,54,10,31.914893617021278,15.957446808510639,15.957446808510639,68.08510638297872,57.446808510638306,10.638297872340425
E00159345,119,42,19,23,77,62,15,35.294117647058826,15.966386554621847,19.327731092436977,64.70588235294117,52.10084033613446,12.605042016806722
E00159346,138,38,17,21,100,84,16,27.536231884057973,12.318840579710146,15.217391304347828,72.46376811594203,60.86956521739131,11.594202898550725
E00159347,142,36,21,15,106,87,19,25.352112676056336,14.788732394366196,10.56338028169014,74.64788732394366,61.267605633802816,13.380281690140844
E00159348,104,34,14,20,70,57,13,32.69230769230769,13.461538461538462,19.230769230769234,67.3076923076923,54.807692307692314,12.5
E00159349,122,35,15,20,87,70,17,28.688524590163933,12.295081967213115,16.39344262295082,71.31147540983606,57.377049180327866,13.934426229508196
E00159350,124,46,10,36,78,63,15,37.096774193548384,8.064516129032258,29.03225806451613,62.903225806451616,50.806451612903224,12.096774193548388
E00159351,111,35,18,17,76,65,11,31.53153153153153,16.216216216216218,15.315315315315313,68.46846846846847,58.55855855855856,9.90990990990991
E00159352,136,56,23,33,80,59,21,41.17647058823529,16.911764705882355,24.264705882352942,58.82352941176471,43.38235294117647,15.441176470588236
E00159353,143,40,16,24,103,92,11,27.972027972027973,11.188811188811188,16.783216783216783,72.02797202797203,64.33566433566433,7.6923076923076925
E00172277,150,56,26,30,94,77,17,37.333333333333336,17.333333333333336,20,62.66666666666667,51.33333333333333,11.333333333333332
E00172278,70,29,10,19,41,29,12,41.42857142857143,14.285714285714285,27.142857142857142,58.57142857142858,41.42857142857143,17.142857142857142
E00172279,152,36,13,23,116,96,20,23.684210526315788,8.552631578947368,15.131578947368421,76.31578947368422,63.1578947368421,13.157894736842104
E00172280,172,51,27,24,121,107,14,29.651162790697676,15.69767441860465,13.953488372093023,70.34883720930233,62.2093023255814,8.13953488372093
E00172281,156,32,12,20,124,104,20,20.51282051282051,7.6923076923076925,12.82051282051282,79.48717948717949,66.66666666666666,12.82051282051282
E00172282,175,54,27,27,121,89,32,30.857142857142854,15.428571428571427,15.428571428571427,69.14285714285714,50.857142857142854,18.285714285714285
E00172283,256,51,14,37,205,177,28,19.921875,5.46875,14.453125,80.078125,69.140625,10.9375
E00172284,140,41,12,29,99,82,17,29.28571428571429,8.571428571428571,20.714285714285715,70.71428571428572,58.57142857142858,12.142857142857142
E00172285,174,49,19,30,125,102,23,28.160919540229884,10.919540229885058,17.24137931034483,71.83908045977012,58.620689655172406,13.218390804597702
E00172286,159,47,21,26,112,91,21,29.559748427672954,13.20754716981132,16.352201257861633,70.44025157232704,57.23270440251572,13.20754716981132
E00172287,104,33,13,20,71,58,13,31.73076923076923,12.5,19.230769230769234,68.26923076923077,55.769230769230774,12.5
E00172288,205,63,33,30,142,91,51,30.73170731707317,16.097560975609756,14.634146341463413,69.26829268292683,44.390243902439025,24.878048780487806
E00172291,277,91,30,61,186,145,41,32.851985559566785,10.830324909747292,22.021660649819495,67.14801444043322,52.34657039711191,14.801444043321299
E00172292,236,65,19,46,171,132,39,27.54237288135593,8.050847457627118,19.491525423728813,72.45762711864407,55.932203389830505,16.52542372881356
E00172293,121,38,10,28,83,75,8,31.40495867768595,8.264462809917356,23.140495867768596,68.59504132231406,61.98347107438017,6.6115702479338845
E00172294,254,71,22,49,183,157,26,27.95275590551181,8.661417322834646,19.291338582677163,72.04724409448819,61.811023622047244,10.236220472440944
E00172295,130,35,12,23,95,80,15,26.923076923076923,9.230769230769232,17.692307692307693,73.07692307692307,61.53846153846154,11.538461538461538
E00172296,240,69,24,45,171,144,27,28.749999999999996,10,18.75,71.25,60,11.25
E00172297,115,41,16,25,74,61,13,35.65217391304348,13.91304347826087,21.73913043478261,64.34782608695652,53.04347826086957,11.304347826086957
E00172298,121,46,18,28,75,63,12,38.01652892561984,14.87603305785124,23.140495867768596,61.98347107438017,52.066115702479344,9.917355371900827
E00172299,68,25,8,17,43,34,9,36.76470588235294,11.76470588235294,25,63.23529411764706,50,13.23529411764706
E00172300,183,58,21,37,125,97,28,31.693989071038253,11.475409836065573,20.21857923497268,68.30601092896174,53.00546448087432,15.300546448087433
E00172301,241,63,20,43,178,137,41,26.141078838174277,8.29875518672199,17.842323651452283,73.85892116182573,56.84647302904564,17.012448132780083
E00186844,158,54,23,31,104,74,30,34.177215189873415,14.556962025316455,19.62025316455696,65.82278481012658,46.835443037974684,18.9873417721519
E00186863,132,41,8,33,91,82,9,31.060606060606062,6.0606060606060606,25,68.93939393939394,62.121212121212125,6.8181818181818175
E00186871,81,15,4,11,66,58,8,18.51851851851852,4.938271604938271,13.580246913580247,81.48148148148148,71.60493827160494,9.876543209876543
E00186872,203,49,19,30,154,132,22,24.137931034482758,9.35960591133005,14.77832512315271,75.86206896551724,65.02463054187191,10.83743842364532
E00186873,225,46,15,31,179,143,36,20.444444444444446,6.666666666666667,13.777777777777779,79.55555555555556,63.55555555555556,16
E00186876,158,56,26,30,102,68,34,35.44303797468354,16.455696202531644,18.9873417721519,64.55696202531645,43.037974683544306,21.518987341772153
E00186879,70,15,4,11,55,46,9,21.428571428571427,5.714285714285714,15.714285714285714,78.57142857142857,65.71428571428571,12.857142857142856
E00186882,181,27,8,19,154,128,26,14.917127071823206,4.41988950276243,10.497237569060774,85.0828729281768,70.71823204419888,14.3646408839779
E00186887,214,60,20,40,154,127,27,28.037383177570092,9.345794392523365,18.69158878504673,71.96261682242991,59.345794392523366,12.616822429906541
E00186891,179,55,23,32,124,110,14,30.726256983240223,12.849162011173185,17.877094972067038,69.27374301675978,61.452513966480446,7.82122905027933
E00186892,110,38,16,22,72,60,12,34.54545454545455,14.545454545454545,20,65.45454545454545,54.54545454545454,10.909090909090908
E00186894,224,54,20,34,170,135,35,24.107142857142858,8.928571428571429,15.178571428571427,75.89285714285714,60.26785714285714,15.625
E00186898,246,44,12,32,202,182,20,17.88617886178862,4.878048780487805,13.008130081300814,82.11382113821138,73.98373983739837,8.130081300813007
E00186903,208,49,10,39,159,132,27,23.557692307692307,4.807692307692308,18.75,76.4423076923077,63.46153846153846,12.980769230769232
E00186914,196,56,22,34,140,114,26,28.57142857142857,11.224489795918368,17.346938775510203,71.42857142857143,58.16326530612245,13.26530612244898
E00186917,228,55,29,26,173,135,38,24.12280701754386,12.719298245614036,11.403508771929824,75.87719298245614,59.210526315789465,16.666666666666664
E00186919,190,42,7,35,148,130,18,22.105263157894736,3.684210526315789,18.421052631578945,77.89473684210526,68.42105263157895,9.473684210526317
E00186929,200,52,19,33,148,130,18,26,9.5,16.5,74,65,9
E00186931,202,58,22,36,144,119,25,28.71287128712871,10.891089108910892,17.82178217821782,71.28712871287128,58.91089108910891,12.376237623762377
E00186932,317,72,28,44,245,204,41,22.71293375394322,8.832807570977918,13.880126182965299,77.28706624605678,64.35331230283911,12.933753943217665
E00186934,95,25,9,16,70,60,10,26.31578947368421,9.473684210526317,16.842105263157894,73.68421052631578,63.1578947368421,10.526315789473683
E00186937,263,65,23,42,198,169,29,24.714828897338403,8.745247148288973,15.96958174904943,75.2851711026616,64.25855513307985,11.02661596958175
E00186939,186,54,18,36,132,111,21,29.03225806451613,9.67741935483871,19.35483870967742,70.96774193548387,59.67741935483871,11.29032258064516
E00186941,192,58,23,35,134,113,21,30.208333333333332,11.979166666666668,18.229166666666664,69.79166666666666,58.854166666666664,10.9375
E00186942,95,34,16,18,61,54,7,35.78947368421053,16.842105263157894,18.947368421052634,64.21052631578948,56.84210526315789,7.368421052631578
E00186953,145,31,11,20,114,100,14,21.379310344827587,7.586206896551724,13.793103448275861,78.62068965517241,68.96551724137932,9.655172413793103
E00186961,123,28,8,20,95,74,21,22.76422764227642,6.504065040650407,16.260162601626014,77.23577235772358,60.16260162601627,17.073170731707318
E00186968,123,39,13,26,84,72,12,31.70731707317073,10.569105691056912,21.138211382113823,68.29268292682927,58.536585365853654,9.75609756097561
E00186969,140,34,15,19,106,84,22,24.285714285714285,10.714285714285714,13.571428571428571,75.71428571428571,60,15.714285714285714
E00186970,291,69,24,45,222,190,32,23.711340206185564,8.24742268041237,15.463917525773196,76.28865979381443,65.29209621993127,10.996563573883162
E00186971,286,81,28,53,205,170,35,28.321678321678323,9.79020979020979,18.53146853146853,71.67832167832168,59.44055944055944,12.237762237762238
E00186973,298,76,19,57,222,199,23,25.503355704697988,6.375838926174497,19.12751677852349,74.49664429530202,66.77852348993288,7.718120805369128
E00186974,57,18,3,15,39,30,9,31.57894736842105,5.263157894736842,26.31578947368421,68.42105263157895,52.63157894736842,15.789473684210526
E00186979,74,15,3,12,59,49,10,20.27027027027027,4.054054054054054,16.216216216216218,79.72972972972973,66.21621621621621,13.513513513513514
E00186983,159,45,20,25,114,98,16,28.30188679245283,12.578616352201259,15.723270440251572,71.69811320754717,61.63522012578616,10.062893081761008
E00186985,212,35,12,23,177,151,26,16.50943396226415,5.660377358490567,10.849056603773585,83.49056603773585,71.22641509433963,12.264150943396226
E00186988,83,19,3,16,64,54,10,22.89156626506024,3.614457831325301,19.27710843373494,77.10843373493977,65.06024096385542,12.048192771084338
E00186991,176,37,11,26,139,114,25,21.022727272727273,6.25,14.772727272727273,78.97727272727273,64.77272727272727,14.204545454545455
E00186992,159,45,17,28,114,94,20,28.30188679245283,10.69182389937107,17.61006289308176,71.69811320754717,59.11949685534591,12.578616352201259
E00186995,57,20,10,10,37,29,8,35.08771929824561,17.543859649122805,17.543859649122805,64.91228070175438,50.877192982456144,14.035087719298245
E00187000,130,38,9,29,92,78,14,29.230769230769234,6.923076923076923,22.30769230769231,70.76923076923077,60,10.76923076923077
E00187004,54,16,8,8,38,23,15,29.629629629629626,14.814814814814813,14.814814814814813,70.37037037037037,42.592592592592595,27.77777777777778
E00187005,146,35,12,23,111,93,18,23.972602739726025,8.21917808219178,15.753424657534246,76.02739726027397,63.6986301369863,12.32876712328767
E00187010,220,62,21,41,158,129,29,28.18181818181818,9.545454545454547,18.636363636363637,71.81818181818181,58.63636363636363,13.18181818181818
E00187016,215,55,16,39,160,125,35,25.581395348837212,7.441860465116279,18.13953488372093,74.4186046511628,58.139534883720934,16.27906976744186
E00187019,170,51,10,41,119,93,26,30,5.88235294117647,24.11764705882353,70,54.70588235294118,15.294117647058824
