OA,ts0380001,ts0380002,ts0380003,ts0380004,ts0380005,ts0380006,ts0380007,ts0380002_PCT,ts0380003_PCT,ts0380004_PCT,ts0380005_PCT,ts0380006_PCT,ts0380007_PCT
E00085919,314,56,25,31,258,39,219,17.8343949044586,7.961783439490445,9.872611464968154,82.16560509554141,12.420382165605096,69.7452229299363
E00085920,336,53,20,33,283,18,265,15.773809523809524,5.952380952380952,9.821428571428571,84.22619047619048,5.357142857142857,78.86904761904762
E00085921,347,103,40,63,244,21,223,29.68299711815562,11.527377521613833,18.155619596541786,70.31700288184439,6.051873198847262,64.26512968299711
E00085922,466,96,50,46,370,33,337,20.600858369098713,10.72961373390558,9.871244635193133,79.39914163090128,7.081545064377683,72.3175965665236
E00085923,460,64,21,43,396,32,364,13.91304347826087,4.565217391304348,9.347826086956522,86.08695652173914,6.956521739130435,79.13043478260869
E00085924,473,69,30,39,404,25,379,14.587737843551796,6.342494714587738,8.24524312896406,85.41226215644821,5.2854122621564485,80.12684989429175
E00085925,441,89,36,53,352,26,326,20.181405895691608,8.16326530612245,12.01814058956916,79.81859410430839,5.895691609977324,73.92290249433107
E00085926,311,40,23,17,271,27,244,12.861736334405144,7.395498392282958,5.466237942122187,87.13826366559485,8.681672025723474,78.45659163987139
E00085927,233,33,15,18,200,20,180,14.163090128755366,6.437768240343347,7.725321888412018,85.83690987124464,8.583690987124463,77.25321888412017
E00085928,261,30,15,15,231,21,210,11.494252873563218,5.747126436781609,5.747126436781609,88.50574712643679,8.045977011494253,80.45977011494253
E00085929,467,154,111,43,313,24,289,32.97644539614561,23.768736616702355,9.207708779443255,67.02355460385438,5.139186295503212,61.88436830835118
E00085930,261,53,25,28,208,25,183,20.306513409961685,9.578544061302683,10.727969348659004,79.6934865900383,9.578544061302683,70.11494252873564
E00085931,201,34,19,15,167,13,154,16.91542288557214,9.45273631840796,7.462686567164178,83.08457711442786,6.467661691542288,76.61691542288557
E00085932,306,58,20,38,248,17,231,18.954248366013072,6.535947712418301,12.418300653594772,81.04575163398692,5.555555555555555,75.49019607843137
E00085933,304,49,14,35,255,31,224,16.11842105263158,4.605263157894736,11.513157894736842,83.88157894736842,10.197368421052632,73.68421052631578
E00085934,304,50,22,28,254,26,228,16.447368421052634,7.236842105263158,9.210526315789473,83.55263157894737,8.552631578947368,75
E00085935,314,46,21,25,268,21,247,14.64968152866242,6.687898089171974,7.961783439490445,85.35031847133759,6.687898089171974,78.6624203821656
E00085936,441,75,29,46,366,25,341,17.006802721088434,6.575963718820861,10.430839002267573,82.99319727891157,5.6689342403628125,77.32426303854876
E00085937,358,51,20,31,307,20,287,14.24581005586592,5.58659217877095,8.659217877094973,85.75418994413407,5.58659217877095,80.16759776536313
E00085938,313,49,19,30,264,25,239,15.654952076677317,6.070287539936102,9.584664536741213,84.34504792332268,7.987220447284344,76.35782747603834
E00085939,294,45,18,27,249,25,224,15.306122448979592,6.122448979591836,9.183673469387756,84.6938775510204,8.503401360544217,76.19047619047619
E00085940,400,63,24,39,337,40,297,15.75,6,9.75,84.25,10,74.25
E00085941,298,42,16,26,256,21,235,14.093959731543624,5.369127516778524,8.724832214765101,85.90604026845638,7.046979865771812,78.85906040268456
E00085942,249,32,11,21,217,20,197,12.851405622489958,4.417670682730924,8.433734939759036,87.14859437751004,8.032128514056225,79.11646586345381
E00085943,281,30,10,20,251,33,218,10.676156583629894,3.558718861209965,7.11743772241993,89.32384341637011,11.743772241992882,77.58007117437722
E00085944,381,64,21,43,317,31,286,16.79790026246719,5.511811023622047,11.286089238845145,83.2020997375328,8.136482939632545,75.06561679790026
E00085945,281,52,19,33,229,16,213,18.505338078291814,6.761565836298933,11.743772241992882,81.49466192170819,5.6939501779359425,75.80071174377224
E00085946,365,56,21,35,309,32,277,15.342465753424658,5.7534246575342465,9.58904109589041,84.65753424657534,8.767123287671232,75.89041095890411
E00085947,300,39,13,26,261,20,241,13,4.333333333333334,8.666666666666668,87,6.666666666666667,80.33333333333333
E00085948,302,50,15,35,252,17,235,16.55629139072848,4.966887417218543,11.589403973509933,83.44370860927152,5.629139072847682,77.81456953642383
E00085949,395,58,13,45,337,34,303,14.683544303797468,3.2911392405063293,11.39240506329114,85.31645569620252,8.60759493670886,76.70886075949367
E00085950,264,43,22,21,221,22,199,16.28787878787879,8.333333333333332,7.954545454545454,83.71212121212122,8.333333333333332,75.37878787878788
E00085951,345,72,25,47,273,20,253,20.869565217391305,7.246376811594203,13.623188405797102,79.13043478260869,5.797101449275362,73.33333333333333
E00085952,385,63,17,46,322,26,296,16.363636363636363,4.415584415584416,11.948051948051948,83.63636363636363,6.753246753246753,76.88311688311688
E00085953,370,75,29,46,295,32,263,20.27027027027027,7.837837837837839,12.432432432432433,79.72972972972973,8.64864864864865,71.08108108108108
E00085954,331,58,18,40,273,19,254,17.522658610271904,5.438066465256798,12.084592145015106,82.4773413897281,5.740181268882175,76.73716012084593
E00085955,297,49,24,25,248,20,228,16.4983164983165,8.080808080808081,8.417508417508419,83.5016835016835,6.7340067340067336,76.76767676767676
E00085956,295,62,30,32,233,20,213,21.01694915254237,10.16949152542373,10.847457627118644,78.98305084745762,6.779661016949152,72.20338983050848
E00085957,279,36,9,27,243,19,224,12.903225806451612,3.225806451612903,9.67741935483871,87.09677419354838,6.810035842293908,80.28673835125448
E00085958,451,63,24,39,388,33,355,13.968957871396896,5.321507760532151,8.647450110864744,86.0310421286031,7.317073170731707,78.7139689578714
E00085959,194,48,32,16,146,8,138,24.742268041237114,16.49484536082474,8.24742268041237,75.25773195876289,4.123711340206185,71.1340206185567
E00085960,370,55,10,45,315,36,279,14.864864864864865,2.7027027027027026,12.162162162162163,85.13513513513513,9.72972972972973,75.4054054054054
E00085961,281,38,9,29,243,17,226,13.523131672597867,3.202846975088968,10.320284697508896,86.47686832740213,6.049822064056939,80.42704626334519
E00085962,414,76,31,45,338,35,303,18.357487922705314,7.487922705314009,10.869565217391305,81.64251207729468,8.454106280193237,73.18840579710145
E00085963,286,54,15,39,232,19,213,18.88111888111888,5.244755244755245,13.636363636363635,81.11888111888112,6.643356643356643,74.47552447552448
E00085964,439,76,26,50,363,22,341,17.312072892938495,5.922551252847381,11.389521640091116,82.6879271070615,5.0113895216400905,77.67653758542141
E00085965,433,64,14,50,369,32,337,14.780600461893764,3.233256351039261,11.547344110854503,85.21939953810623,7.390300230946882,77.82909930715935
E00085966,325,52,18,34,273,23,250,16,5.538461538461538,10.461538461538462,84,7.076923076923077,76.92307692307693
E00085967,146,33,10,23,113,10,103,22.602739726027394,6.8493150684931505,15.753424657534246,77.3972602739726,6.8493150684931505,70.54794520547945
E00085968,365,41,10,31,324,15,309,11.232876712328768,2.73972602739726,8.493150684931507,88.76712328767124,4.10958904109589,84.65753424657534
E00085969,282,33,7,26,249,20,229,11.702127659574469,2.4822695035460995,9.219858156028367,88.29787234042553,7.092198581560284,81.20567375886525
E00085970,292,46,14,32,246,18,228,15.753424657534246,4.794520547945205,10.95890410958904,84.24657534246576,6.164383561643835,78.08219178082192
E00085971,318,31,8,23,287,29,258,9.748427672955975,2.515723270440252,7.232704402515723,90.25157232704403,9.119496855345911,81.13207547169812
E00085972,320,55,24,31,265,23,242,17.1875,7.5,9.6875,82.8125,7.187499999999999,75.625
E00085974,337,63,20,43,274,22,252,18.694362017804153,5.934718100890208,12.759643916913946,81.30563798219585,6.528189910979229,74.77744807121661
E00085975,378,55,16,39,323,36,287,14.550264550264549,4.232804232804233,10.317460317460316,85.44973544973546,9.523809523809524,75.92592592592592
E00085976,146,23,10,13,123,13,110,15.753424657534246,6.8493150684931505,8.904109589041095,84.24657534246576,8.904109589041095,75.34246575342466
E00085977,393,48,14,34,345,30,315,12.213740458015266,3.5623409669211195,8.651399491094146,87.78625954198473,7.633587786259542,80.1526717557252
E00085978,320,35,16,19,285,26,259,10.9375,5,5.9375,89.0625,8.125,80.9375
E00085979,347,49,15,34,298,26,272,14.121037463976945,4.322766570605188,9.798270893371757,85.87896253602305,7.492795389048991,78.38616714697406
E00085980,364,58,24,34,306,16,290,15.934065934065933,6.593406593406594,9.340659340659341,84.06593406593407,4.395604395604396,79.67032967032966
E00085981,305,46,11,35,259,20,239,15.081967213114755,3.606557377049181,11.475409836065573,84.91803278688525,6.557377049180328,78.36065573770492
E00085982,284,36,13,23,248,23,225,12.676056338028168,4.577464788732395,8.098591549295776,87.32394366197182,8.098591549295776,79.22535211267606
E00085983,383,51,18,33,332,26,306,13.315926892950392,4.699738903394255,8.616187989556137,86.68407310704961,6.7885117493472595,79.89556135770235
E00085984,280,30,8,22,250,24,226,10.714285714285714,2.857142857142857,7.857142857142857,89.28571428571429,8.571428571428571,80.71428571428572
E00085985,303,41,13,28,262,21,241,13.531353135313532,4.29042904290429,9.24092409240924,86.46864686468648,6.9306930693069315,79.53795379537954
E00085986,323,49,12,37,274,23,251,15.170278637770899,3.7151702786377707,11.455108359133128,84.82972136222911,7.120743034055728,77.70897832817337
E00085987,369,71,20,51,298,14,284,19.241192411924118,5.420054200542006,13.821138211382115,80.75880758807588,3.7940379403794036,76.96476964769647
E00085988,328,47,13,34,281,28,253,14.329268292682926,3.9634146341463414,10.365853658536585,85.67073170731707,8.536585365853659,77.13414634146342
E00085989,337,48,21,27,289,29,260,14.243323442136498,6.231454005934718,8.011869436201781,85.7566765578635,8.605341246290802,77.1513353115727
E00085990,288,48,14,34,240,27,213,16.666666666666664,4.861111111111112,11.805555555555555,83.33333333333334,9.375,73.95833333333334
E00085991,403,61,14,47,342,31,311,15.136476426799009,3.4739454094292808,11.662531017369728,84.863523573201,7.6923076923076925,77.1712158808933
E00085992,267,32,13,19,235,20,215,11.985018726591761,4.868913857677903,7.116104868913857,88.01498127340824,7.490636704119851,80.52434456928839
E00085993,314,42,17,25,272,17,255,13.375796178343949,5.414012738853503,7.961783439490445,86.62420382165605,5.414012738853503,81.21019108280255
E00085994,306,37,7,30,269,23,246,12.091503267973856,2.287581699346405,9.803921568627452,87.90849673202614,7.516339869281046,80.3921568627451
E00085995,446,69,20,49,377,24,353,15.47085201793722,4.484304932735426,10.986547085201794,84.52914798206278,5.381165919282512,79.14798206278026
E00085996,372,45,8,37,327,34,293,12.096774193548388,2.1505376344086025,9.946236559139784,87.90322580645162,9.13978494623656,78.76344086021506
E00085997,236,84,43,41,152,15,137,35.59322033898305,18.220338983050848,17.372881355932204,64.40677966101694,6.3559322033898304,58.05084745762712
E00085998,270,44,14,30,226,20,206,16.296296296296298,5.185185185185185,11.11111111111111,83.7037037037037,7.4074074074074066,76.29629629629629
E00085999,358,71,29,42,287,20,267,19.832402234636874,8.100558659217876,11.731843575418994,80.16759776536313,5.58659217877095,74.58100558659217
E00086000,291,57,23,34,234,26,208,19.587628865979383,7.903780068728522,11.683848797250858,80.41237113402062,8.934707903780069,71.47766323024055
E00086001,424,57,20,37,367,42,325,13.443396226415095,4.716981132075472,8.726415094339622,86.55660377358491,9.90566037735849,76.65094339622641
E00086002,264,43,7,36,221,30,191,16.28787878787879,2.6515151515151514,13.636363636363635,83.71212121212122,11.363636363636363,72.34848484848484
E00086003,324,40,16,24,284,31,253,12.345679012345679,4.938271604938271,7.4074074074074066,87.65432098765432,9.5679012345679,78.08641975308642
E00086004,341,41,14,27,300,16,284,12.023460410557185,4.105571847507331,7.9178885630498534,87.97653958944281,4.69208211143695,83.28445747800586
E00086005,389,41,7,34,348,30,318,10.539845758354756,1.7994858611825193,8.740359897172237,89.46015424164524,7.712082262210797,81.74807197943444
E00086006,238,40,15,25,198,14,184,16.80672268907563,6.302521008403361,10.504201680672269,83.19327731092437,5.88235294117647,77.31092436974791
E00086007,443,65,15,50,378,35,343,14.672686230248308,3.3860045146726865,11.286681715575622,85.32731376975168,7.900677200902935,77.42663656884876
E00086008,394,64,16,48,330,27,303,16.243654822335024,4.060913705583756,12.18274111675127,83.75634517766497,6.852791878172589,76.90355329949239
E00086009,234,60,28,32,174,24,150,25.64102564102564,11.965811965811966,13.675213675213676,74.35897435897436,10.256410256410255,64.1025641025641
E00086010,299,47,5,42,252,26,226,15.719063545150503,1.6722408026755853,14.046822742474916,84.2809364548495,8.695652173913043,75.58528428093646
E00086011,342,57,20,37,285,25,260,16.666666666666664,5.847953216374268,10.818713450292398,83.33333333333334,7.309941520467836,76.0233918128655
E00086012,333,65,35,30,268,16,252,19.51951951951952,10.51051051051051,9.00900900900901,80.48048048048048,4.804804804804805,75.67567567567568
E00086013,242,66,28,38,176,22,154,27.27272727272727,11.570247933884298,15.702479338842975,72.72727272727273,9.090909090909092,63.63636363636363
E00086014,236,62,30,32,174,11,163,26.27118644067797,12.711864406779661,13.559322033898304,73.72881355932203,4.661016949152542,69.0677966101695
E00086015,236,73,38,35,163,18,145,30.93220338983051,16.101694915254235,14.83050847457627,69.0677966101695,7.627118644067797,61.440677966101696
E00086016,394,104,54,50,290,23,267,26.39593908629442,13.705583756345177,12.690355329949238,73.60406091370558,5.83756345177665,67.76649746192894
E00086017,331,68,25,43,263,27,236,20.54380664652568,7.552870090634441,12.990936555891238,79.45619335347432,8.157099697885197,71.29909365558912
E00086018,155,96,41,55,59,4,55,61.935483870967744,26.451612903225808,35.483870967741936,38.064516129032256,2.5806451612903225,35.483870967741936
E00086020,572,121,41,80,451,33,418,21.153846153846153,7.167832167832168,13.986013986013987,78.84615384615384,5.769230769230769,73.07692307692307
E00086021,364,98,45,53,266,19,247,26.923076923076923,12.362637362637363,14.560439560439562,73.07692307692307,5.21978021978022,67.85714285714286
E00086022,240,59,30,29,181,15,166,24.583333333333332,12.5,12.083333333333334,75.41666666666667,6.25,69.16666666666667
E00086023,399,58,22,36,341,25,316,14.536340852130325,5.513784461152882,9.022556390977442,85.46365914786968,6.265664160401002,79.19799498746866
E00086024,318,71,28,43,247,16,231,22.32704402515723,8.80503144654088,13.522012578616351,77.67295597484278,5.031446540880504,72.64150943396226
E00086025,509,107,54,53,402,27,375,21.021611001964637,10.609037328094303,10.412573673870334,78.97838899803537,5.304518664047151,73.6738703339882
E00086026,227,87,54,33,140,9,131,38.32599118942731,23.788546255506606,14.537444933920703,61.67400881057269,3.9647577092511015,57.70925110132159
E00086027,359,81,47,34,278,20,258,22.56267409470752,13.09192200557103,9.47075208913649,77.43732590529248,5.571030640668524,71.86629526462396
E00086028,313,76,35,41,237,17,220,24.281150159744406,11.182108626198083,13.099041533546327,75.71884984025559,5.431309904153355,70.28753993610223
E00086029,271,75,36,39,196,14,182,27.67527675276753,13.284132841328415,14.391143911439114,72.32472324723247,5.166051660516605,67.15867158671587
E00086030,323,67,35,32,256,18,238,20.743034055727556,10.8359133126935,9.907120743034056,79.25696594427245,5.572755417956656,73.68421052631578
E00086031,365,85,43,42,280,11,269,23.28767123287671,11.78082191780822,11.506849315068493,76.71232876712328,3.0136986301369864,73.6986301369863
E00086032,280,67,32,35,213,14,199,23.92857142857143,11.428571428571429,12.5,76.07142857142857,5,71.07142857142857
E00086033,425,107,69,38,318,15,303,25.176470588235293,16.235294117647058,8.941176470588236,74.82352941176471,3.5294117647058822,71.29411764705881
E00086034,281,74,41,33,207,23,184,26.334519572953734,14.590747330960854,11.743772241992882,73.66548042704626,8.185053380782918,65.48042704626334
E00086035,360,75,34,41,285,14,271,20.833333333333336,9.444444444444445,11.38888888888889,79.16666666666666,3.888888888888889,75.27777777777777
E00086036,297,92,45,47,205,23,182,30.976430976430976,15.151515151515152,15.824915824915825,69.02356902356902,7.744107744107744,61.27946127946128
E00086037,356,91,47,44,265,26,239,25.56179775280899,13.202247191011235,12.359550561797752,74.43820224719101,7.303370786516854,67.13483146067416
E00086038,218,77,50,27,141,6,135,35.321100917431195,22.93577981651376,12.385321100917432,64.6788990825688,2.7522935779816518,61.92660550458715
E00086039,306,49,19,30,257,18,239,16.013071895424837,6.209150326797386,9.803921568627452,83.98692810457517,5.88235294117647,78.10457516339869
E00086041,431,93,39,54,338,27,311,21.57772621809745,9.048723897911833,12.529002320185615,78.42227378190255,6.2645011600928076,72.15777262180974
E00086042,350,82,46,36,268,17,251,23.42857142857143,13.142857142857142,10.285714285714285,76.57142857142857,4.857142857142857,71.71428571428572
E00086043,273,74,42,32,199,8,191,27.106227106227106,15.384615384615385,11.72161172161172,72.89377289377289,2.93040293040293,69.96336996336996
E00086044,470,103,55,48,367,23,344,21.914893617021278,11.702127659574469,10.212765957446807,78.08510638297872,4.8936170212765955,73.19148936170212
E00086045,274,97,42,55,177,11,166,35.4014598540146,15.328467153284672,20.072992700729927,64.59854014598541,4.014598540145985,60.58394160583942
E00086046,291,71,35,36,220,10,210,24.398625429553263,12.027491408934708,12.371134020618557,75.60137457044674,3.436426116838488,72.16494845360825
E00086047,486,70,28,42,416,35,381,14.40329218106996,5.761316872427984,8.641975308641975,85.59670781893004,7.20164609053498,78.39506172839506
E00086048,397,87,40,47,310,32,278,21.91435768261965,10.075566750629724,11.838790931989925,78.08564231738035,8.060453400503778,70.02518891687657
E00086049,297,79,39,40,218,17,201,26.599326599326602,13.131313131313133,13.468013468013467,73.4006734006734,5.723905723905724,67.67676767676768
E00086051,298,68,36,32,230,11,219,22.818791946308725,12.080536912751679,10.738255033557047,77.18120805369128,3.691275167785235,73.48993288590604
E00086052,336,74,38,36,262,8,254,22.023809523809522,11.30952380952381,10.714285714285714,77.97619047619048,2.380952380952381,75.59523809523809
E00086054,271,66,30,36,205,12,193,24.354243542435423,11.07011070110701,13.284132841328415,75.64575645756457,4.428044280442804,71.21771217712177
E00086055,328,68,26,42,260,13,247,20.73170731707317,7.926829268292683,12.804878048780488,79.26829268292683,3.9634146341463414,75.3048780487805
E00086056,122,29,12,17,93,3,90,23.770491803278688,9.836065573770492,13.934426229508196,76.22950819672131,2.459016393442623,73.77049180327869
E00086057,404,81,38,43,323,15,308,20.049504950495052,9.405940594059405,10.643564356435643,79.95049504950495,3.7128712871287126,76.23762376237624
E00086058,258,63,37,26,195,20,175,24.418604651162788,14.34108527131783,10.077519379844961,75.5813953488372,7.751937984496124,67.82945736434108
E00086060,268,61,35,26,207,23,184,22.761194029850746,13.059701492537313,9.701492537313433,77.23880597014924,8.582089552238806,68.65671641791045
E00086061,332,54,17,37,278,22,256,16.265060240963855,5.120481927710843,11.144578313253012,83.73493975903614,6.626506024096386,77.10843373493977
E00086062,395,71,25,46,324,24,300,17.974683544303797,6.329113924050633,11.645569620253164,82.02531645569621,6.075949367088607,75.9493670886076
E00086063,284,53,16,37,231,16,215,18.661971830985916,5.633802816901409,13.028169014084506,81.33802816901408,5.633802816901409,75.70422535211267
E00086064,214,35,7,28,179,13,166,16.355140186915886,3.2710280373831773,13.084112149532709,83.64485981308411,6.074766355140187,77.57009345794393
E00086065,312,34,14,20,278,29,249,10.897435897435898,4.487179487179487,6.41025641025641,89.1025641025641,9.294871794871796,79.8076923076923
E00086066,276,58,16,42,218,21,197,21.014492753623188,5.797101449275362,15.217391304347828,78.98550724637681,7.608695652173914,71.37681159420289
E00086067,222,42,14,28,180,19,161,18.91891891891892,6.306306306306306,12.612612612612612,81.08108108108108,8.558558558558559,72.52252252252252
E00086068,299,49,17,32,250,19,231,16.387959866220736,5.68561872909699,10.702341137123746,83.61204013377926,6.354515050167224,77.25752508361204
E00086069,255,31,15,16,224,23,201,12.156862745098039,5.88235294117647,6.2745098039215685,87.84313725490196,9.019607843137255,78.82352941176471
E00086070,317,39,18,21,278,25,253,12.302839116719243,5.678233438485805,6.624605678233439,87.69716088328076,7.886435331230284,79.81072555205047
E00086071,283,39,8,31,244,22,222,13.780918727915195,2.8268551236749118,10.954063604240282,86.21908127208481,7.773851590106007,78.4452296819788
E00086072,293,35,11,24,258,22,236,11.945392491467576,3.754266211604096,8.19112627986348,88.05460750853243,7.508532423208192,80.54607508532423
E00086073,325,45,11,34,280,31,249,13.846153846153847,3.3846153846153846,10.461538461538462,86.15384615384616,9.538461538461538,76.61538461538461
E00086074,307,46,19,27,261,34,227,14.983713355048861,6.188925081433225,8.794788273615636,85.01628664495115,11.074918566775244,73.9413680781759
E00086075,326,46,15,31,280,30,250,14.11042944785276,4.601226993865031,9.509202453987731,85.88957055214725,9.202453987730062,76.68711656441718
E00086076,337,36,12,24,301,23,278,10.682492581602373,3.5608308605341246,7.121661721068249,89.31750741839762,6.824925816023739,82.49258160237389
E00086077,393,37,12,25,356,41,315,9.414758269720101,3.0534351145038165,6.361323155216285,90.5852417302799,10.432569974554708,80.1526717557252
E00086078,301,58,25,33,243,17,226,19.269102990033225,8.305647840531561,10.96345514950166,80.73089700996677,5.647840531561462,75.08305647840533
E00086079,368,44,21,23,324,24,300,11.956521739130435,5.706521739130435,6.25,88.04347826086956,6.521739130434782,81.52173913043478
E00086080,275,31,17,14,244,24,220,11.272727272727273,6.181818181818182,5.090909090909091,88.72727272727273,8.727272727272728,80
E00086081,342,45,14,31,297,32,265,13.157894736842104,4.093567251461988,9.064327485380117,86.8421052631579,9.35672514619883,77.48538011695906
E00086082,336,40,12,28,296,25,271,11.904761904761903,3.571428571428571,8.333333333333332,88.09523809523809,7.440476190476191,80.65476190476191
E00086083,375,52,21,31,323,27,296,13.866666666666665,5.6000000000000005,8.266666666666666,86.13333333333333,7.199999999999999,78.93333333333334
E00086084,249,54,15,39,195,11,184,21.686746987951807,6.024096385542169,15.66265060240964,78.3132530120482,4.417670682730924,73.89558232931726
E00086085,308,46,18,28,262,20,242,14.935064935064934,5.844155844155844,9.090909090909092,85.06493506493507,6.493506493506493,78.57142857142857
E00086086,343,42,17,25,301,35,266,12.244897959183673,4.956268221574344,7.288629737609329,87.75510204081633,10.204081632653061,77.55102040816327
E00086087,358,81,29,52,277,29,248,22.62569832402235,8.100558659217876,14.52513966480447,77.37430167597765,8.100558659217876,69.27374301675978
E00086088,334,47,19,28,287,19,268,14.071856287425149,5.688622754491018,8.383233532934131,85.92814371257485,5.688622754491018,80.23952095808383
E00086089,343,56,21,35,287,32,255,16.3265306122449,6.122448979591836,10.204081632653061,83.6734693877551,9.329446064139942,74.34402332361516
E00086090,268,46,12,34,222,22,200,17.16417910447761,4.477611940298507,12.686567164179104,82.83582089552239,8.208955223880597,74.6268656716418
E00086091,289,30,14,16,259,19,240,10.380622837370241,4.844290657439446,5.536332179930796,89.61937716262976,6.5743944636678195,83.04498269896193
E00086092,316,55,11,44,261,23,238,17.405063291139243,3.481012658227848,13.924050632911392,82.59493670886076,7.2784810126582276,75.31645569620254
E00086093,367,65,24,41,302,29,273,17.71117166212534,6.539509536784741,11.1716621253406,82.28882833787466,7.901907356948229,74.38692098092643
E00086094,410,76,32,44,334,27,307,18.536585365853657,7.804878048780488,10.731707317073171,81.46341463414633,6.585365853658537,74.8780487804878
E00086095,337,46,13,33,291,22,269,13.649851632047477,3.857566765578635,9.792284866468842,86.35014836795251,6.528189910979229,79.82195845697329
E00086096,299,48,20,28,251,26,225,16.05351170568562,6.688963210702341,9.364548494983277,83.94648829431438,8.695652173913043,75.25083612040135
E00086097,355,57,25,32,298,28,270,16.056338028169016,7.042253521126761,9.014084507042254,83.94366197183099,7.887323943661972,76.05633802816901
E00086098,290,48,18,30,242,26,216,16.551724137931036,6.206896551724138,10.344827586206897,83.44827586206897,8.96551724137931,74.48275862068967
E00086099,369,99,63,36,270,29,241,26.82926829268293,17.073170731707318,9.75609756097561,73.17073170731707,7.8590785907859075,65.31165311653116
E00086100,317,44,14,30,273,36,237,13.880126182965299,4.416403785488959,9.46372239747634,86.1198738170347,11.35646687697161,74.76340694006309
E00086101,297,32,5,27,265,32,233,10.774410774410773,1.6835016835016834,9.090909090909092,89.22558922558923,10.774410774410773,78.45117845117845
E00086102,289,44,15,29,245,33,212,15.22491349480969,5.190311418685121,10.034602076124568,84.77508650519032,11.418685121107266,73.35640138408304
E00086103,318,62,29,33,256,27,229,19.49685534591195,9.119496855345911,10.377358490566039,80.50314465408806,8.49056603773585,72.0125786163522
E00086104,316,64,31,33,252,19,233,20.253164556962027,9.81012658227848,10.443037974683545,79.74683544303798,6.012658227848101,73.73417721518987
E00086105,376,56,26,30,320,40,280,14.893617021276595,6.914893617021277,7.9787234042553195,85.1063829787234,10.638297872340425,74.46808510638297
E00086106,265,82,41,41,183,14,169,30.943396226415093,15.471698113207546,15.471698113207546,69.0566037735849,5.283018867924529,63.77358490566037
E00086107,288,55,24,31,233,21,212,19.09722222222222,8.333333333333332,10.76388888888889,80.90277777777779,7.291666666666667,73.61111111111111
E00086108,377,79,41,38,298,23,275,20.954907161803714,10.875331564986737,10.079575596816976,79.04509283819628,6.10079575596817,72.94429708222812
E00086109,223,46,18,28,177,19,158,20.62780269058296,8.071748878923767,12.556053811659194,79.37219730941703,8.520179372197308,70.85201793721974
E00086110,420,68,33,35,352,18,334,16.19047619047619,7.857142857142857,8.333333333333332,83.80952380952381,4.285714285714286,79.52380952380952
E00086111,403,98,47,51,305,24,281,24.317617866004962,11.662531017369728,12.655086848635236,75.68238213399503,5.955334987593052,69.72704714640199
E00086112,347,84,44,40,263,16,247,24.207492795389047,12.680115273775217,11.527377521613833,75.79250720461094,4.610951008645533,71.18155619596543
E00086113,368,89,46,43,279,29,250,24.184782608695652,12.5,11.684782608695652,75.81521739130434,7.880434782608696,67.93478260869566
E00086114,513,71,24,47,442,33,409,13.840155945419102,4.678362573099415,9.161793372319687,86.15984405458089,6.432748538011696,79.72709551656921
E00086115,341,46,10,36,295,32,263,13.48973607038123,2.932551319648094,10.557184750733137,86.51026392961877,9.3841642228739,77.12609970674487
E00086116,260,58,24,34,202,21,181,22.30769230769231,9.230769230769232,13.076923076923078,77.6923076923077,8.076923076923077,69.61538461538461
E00086117,348,91,45,46,257,11,246,26.14942528735632,12.931034482758621,13.218390804597702,73.85057471264368,3.1609195402298855,70.6896551724138
E00086118,236,42,23,19,194,25,169,17.796610169491526,9.745762711864407,8.050847457627118,82.20338983050848,10.59322033898305,71.61016949152543
E00086119,288,45,19,26,243,22,221,15.625,6.597222222222222,9.027777777777777,84.375,7.638888888888889,76.73611111111111
E00086120,406,73,32,41,333,25,308,17.980295566502463,7.8817733990147785,10.098522167487685,82.01970443349754,6.157635467980295,75.86206896551724
E00086121,367,68,30,38,299,22,277,18.52861035422343,8.174386920980927,10.354223433242508,81.47138964577657,5.994550408719346,75.47683923705722
E00086122,275,70,27,43,205,20,185,25.454545454545453,9.818181818181818,15.636363636363637,74.54545454545455,7.2727272727272725,67.27272727272727
E00086123,345,42,17,25,303,31,272,12.173913043478262,4.9275362318840585,7.246376811594203,87.82608695652175,8.985507246376812,78.84057971014494
E00086124,300,89,49,40,211,26,185,29.666666666666668,16.333333333333332,13.333333333333334,70.33333333333334,8.666666666666668,61.66666666666667
E00086125,324,71,32,39,253,17,236,21.91358024691358,9.876543209876543,12.037037037037036,78.08641975308642,5.246913580246913,72.8395061728395
E00086127,309,40,15,25,269,22,247,12.944983818770226,4.854368932038835,8.090614886731391,87.05501618122977,7.119741100323624,79.93527508090615
E00086128,383,44,20,24,339,25,314,11.488250652741515,5.221932114882506,6.266318537859007,88.51174934725849,6.527415143603134,81.98433420365535
E00086129,382,49,14,35,333,41,292,12.827225130890053,3.664921465968586,9.162303664921465,87.17277486910994,10.732984293193718,76.43979057591623
E00086130,294,51,19,32,243,22,221,17.346938775510203,6.462585034013606,10.884353741496598,82.6530612244898,7.482993197278912,75.17006802721087
E00086131,314,47,21,26,267,20,247,14.968152866242038,6.687898089171974,8.280254777070063,85.03184713375796,6.369426751592357,78.6624203821656
E00086132,294,50,9,41,244,19,225,17.006802721088434,3.061224489795918,13.945578231292515,82.99319727891157,6.462585034013606,76.53061224489795
E00086133,264,30,8,22,234,22,212,11.363636363636363,3.0303030303030303,8.333333333333332,88.63636363636364,8.333333333333332,80.3030303030303
E00086134,362,58,22,36,304,27,277,16.022099447513813,6.077348066298343,9.94475138121547,83.97790055248619,7.458563535911603,76.51933701657458
E00086135,333,46,21,25,287,23,264,13.813813813813812,6.306306306306306,7.5075075075075075,86.18618618618619,6.906906906906906,79.27927927927928
E00086136,270,44,10,34,226,31,195,16.296296296296298,3.7037037037037033,12.592592592592592,83.7037037037037,11.481481481481481,72.22222222222221
E00086137,313,34,15,19,279,25,254,10.86261980830671,4.792332268370607,6.070287539936102,89.1373801916933,7.987220447284344,81.15015974440894
E00086138,282,73,39,34,209,15,194,25.886524822695034,13.829787234042554,12.056737588652481,74.11347517730496,5.319148936170213,68.79432624113475
E00086139,328,39,15,24,289,33,256,11.890243902439025,4.573170731707317,7.317073170731707,88.10975609756098,10.060975609756099,78.04878048780488
E00086140,234,33,11,22,201,14,187,14.102564102564102,4.700854700854701,9.401709401709402,85.8974358974359,5.982905982905983,79.91452991452992
E00086142,302,80,37,43,222,15,207,26.490066225165563,12.251655629139073,14.23841059602649,73.50993377483444,4.966887417218543,68.54304635761589
E00086143,279,59,27,32,220,11,209,21.14695340501792,9.67741935483871,11.469534050179211,78.85304659498208,3.942652329749104,74.91039426523297
E00086144,277,49,31,18,228,20,208,17.689530685920577,11.191335740072201,6.4981949458483745,82.31046931407943,7.2202166064981945,75.09025270758123
E00086145,266,35,11,24,231,19,212,13.157894736842104,4.135338345864661,9.022556390977442,86.8421052631579,7.142857142857142,79.69924812030075
E00086146,399,117,74,43,282,28,254,29.32330827067669,18.546365914786968,10.776942355889723,70.67669172932331,7.017543859649122,63.65914786967418
E00086147,294,40,16,24,254,30,224,13.60544217687075,5.442176870748299,8.16326530612245,86.39455782312925,10.204081632653061,76.19047619047619
E00086148,340,59,21,38,281,23,258,17.352941176470587,6.176470588235294,11.176470588235295,82.6470588235294,6.764705882352941,75.88235294117646
E00086149,327,66,22,44,261,21,240,20.18348623853211,6.727828746177369,13.455657492354739,79.81651376146789,6.422018348623854,73.39449541284404
E00086150,345,53,22,31,292,25,267,15.36231884057971,6.3768115942028984,8.985507246376812,84.63768115942028,7.246376811594203,77.39130434782608
E00086151,336,49,13,36,287,35,252,14.583333333333334,3.869047619047619,10.714285714285714,85.41666666666666,10.416666666666668,75
E00086152,355,61,22,39,294,20,274,17.183098591549296,6.197183098591549,10.985915492957748,82.8169014084507,5.633802816901409,77.1830985915493
E00086153,341,48,20,28,293,26,267,14.076246334310852,5.865102639296188,8.211143695014663,85.92375366568915,7.624633431085044,78.2991202346041
E00086154,385,49,19,30,336,28,308,12.727272727272727,4.935064935064935,7.792207792207792,87.27272727272727,7.2727272727272725,80
E00086155,320,44,26,18,276,25,251,13.750000000000002,8.125,5.625,86.25,7.8125,78.4375
E00086156,284,59,27,32,225,29,196,20.774647887323944,9.507042253521126,11.267605633802818,79.22535211267606,10.211267605633804,69.01408450704226
E00086157,609,82,34,48,527,50,477,13.464696223316913,5.582922824302135,7.8817733990147785,86.5353037766831,8.210180623973727,78.32512315270937
E00086158,336,42,12,30,294,26,268,12.5,3.571428571428571,8.928571428571429,87.5,7.738095238095238,79.76190476190477
E00086159,379,39,10,29,340,13,327,10.29023746701847,2.638522427440633,7.651715039577836,89.70976253298153,3.430079155672823,86.2796833773087
E00086160,377,51,22,29,326,35,291,13.527851458885943,5.835543766578249,7.6923076923076925,86.47214854111405,9.283819628647215,77.18832891246684
E00086161,305,51,16,35,254,28,226,16.721311475409838,5.245901639344262,11.475409836065573,83.27868852459017,9.180327868852459,74.09836065573771
E00086162,287,41,15,26,246,32,214,14.285714285714285,5.2264808362369335,9.059233449477352,85.71428571428571,11.149825783972126,74.56445993031359
E00086163,347,38,9,29,309,38,271,10.951008645533141,2.5936599423631126,8.357348703170029,89.04899135446685,10.951008645533141,78.09798270893373
E00086164,348,55,20,35,293,35,258,15.804597701149426,5.747126436781609,10.057471264367816,84.19540229885058,10.057471264367816,74.13793103448276
E00086165,373,44,16,28,329,28,301,11.796246648793565,4.289544235924933,7.506702412868632,88.20375335120644,7.506702412868632,80.6970509383378
E00086166,309,44,17,27,265,30,235,14.239482200647249,5.501618122977346,8.737864077669903,85.76051779935275,9.70873786407767,76.05177993527508
E00086167,368,39,16,23,329,31,298,10.597826086956522,4.3478260869565215,6.25,89.40217391304348,8.423913043478262,80.97826086956522
E00086168,273,25,7,18,248,17,231,9.157509157509157,2.564102564102564,6.593406593406594,90.84249084249085,6.227106227106227,84.61538461538461
E00086170,329,51,27,24,278,29,249,15.501519756838904,8.206686930091186,7.29483282674772,84.49848024316108,8.814589665653495,75.6838905775076
E00086171,233,46,8,38,187,24,163,19.742489270386265,3.4334763948497855,16.30901287553648,80.25751072961373,10.300429184549357,69.95708154506438
E00086172,346,70,34,36,276,27,249,20.23121387283237,9.826589595375722,10.404624277456648,79.76878612716763,7.803468208092486,71.96531791907515
E00086173,309,36,12,24,273,32,241,11.650485436893204,3.8834951456310676,7.766990291262135,88.3495145631068,10.355987055016183,77.99352750809061
E00086174,457,113,49,64,344,38,306,24.72647702407002,10.722100656455142,14.00437636761488,75.27352297592998,8.315098468271334,66.95842450765865
E00086175,341,51,18,33,290,23,267,14.95601173020528,5.278592375366569,9.67741935483871,85.04398826979472,6.744868035190615,78.2991202346041
E00086176,324,64,37,27,260,29,231,19.753086419753085,11.419753086419753,8.333333333333332,80.24691358024691,8.950617283950617,71.29629629629629
E00086177,395,99,63,36,296,24,272,25.063291139240505,15.949367088607595,9.113924050632912,74.9367088607595,6.075949367088607,68.86075949367088
E00086178,251,43,18,25,208,24,184,17.131474103585656,7.171314741035857,9.9601593625498,82.86852589641434,9.56175298804781,73.30677290836654
E00086179,315,52,14,38,263,18,245,16.507936507936506,4.444444444444445,12.063492063492063,83.4920634920635,5.714285714285714,77.77777777777779
E00086180,345,38,19,19,307,24,283,11.014492753623188,5.507246376811594,5.507246376811594,88.98550724637681,6.956521739130435,82.02898550724638
E00086181,330,57,24,33,273,22,251,17.272727272727273,7.2727272727272725,10,82.72727272727273,6.666666666666667,76.06060606060606
E00086182,307,63,23,40,244,28,216,20.521172638436482,7.491856677524431,13.029315960912053,79.47882736156352,9.120521172638437,70.35830618892508
E00086183,349,71,34,37,278,30,248,20.34383954154728,9.742120343839542,10.601719197707736,79.65616045845272,8.595988538681947,71.06017191977078
E00086184,506,64,32,32,442,39,403,12.648221343873518,6.324110671936759,6.324110671936759,87.35177865612648,7.707509881422925,79.64426877470355
E00086185,401,44,18,26,357,22,335,10.972568578553615,4.488778054862843,6.483790523690773,89.02743142144638,5.486284289276807,83.54114713216958
E00086186,475,74,34,40,401,41,360,15.578947368421053,7.157894736842104,8.421052631578947,84.42105263157896,8.631578947368421,75.78947368421053
E00086187,205,38,10,28,167,21,146,18.536585365853657,4.878048780487805,13.658536585365855,81.46341463414633,10.24390243902439,71.21951219512195
E00086188,238,27,6,21,211,18,193,11.344537815126051,2.5210084033613445,8.823529411764707,88.65546218487394,7.563025210084033,81.09243697478992
E00086189,308,40,13,27,268,25,243,12.987012987012985,4.220779220779221,8.766233766233766,87.01298701298701,8.116883116883116,78.8961038961039
E00086190,272,45,22,23,227,23,204,16.544117647058822,8.088235294117647,8.455882352941178,83.45588235294117,8.455882352941178,75
E00086191,247,57,29,28,190,20,170,23.076923076923077,11.740890688259109,11.336032388663968,76.92307692307693,8.097165991902834,68.82591093117408
E00086192,248,43,19,24,205,21,184,17.338709677419356,7.661290322580645,9.67741935483871,82.66129032258065,8.46774193548387,74.19354838709677
E00086193,278,65,24,41,213,25,188,23.381294964028775,8.633093525179856,14.748201438848922,76.61870503597122,8.992805755395683,67.62589928057554
E00086194,277,45,13,32,232,23,209,16.24548736462094,4.693140794223827,11.552346570397113,83.75451263537906,8.303249097472925,75.45126353790613
E00086195,296,54,17,37,242,30,212,18.243243243243242,5.743243243243244,12.5,81.75675675675676,10.135135135135135,71.62162162162163
E00086196,209,21,8,13,188,25,163,10.047846889952153,3.827751196172249,6.220095693779904,89.95215311004785,11.961722488038278,77.99043062200957
E00086197,230,43,14,29,187,21,166,18.695652173913043,6.086956521739131,12.608695652173912,81.30434782608695,9.130434782608695,72.17391304347827
E00086198,247,49,14,35,198,22,176,19.838056680161944,5.668016194331984,14.17004048582996,80.16194331983806,8.906882591093117,71.25506072874494
E00086199,270,29,6,23,241,21,220,10.74074074074074,2.2222222222222223,8.518518518518519,89.25925925925927,7.777777777777778,81.48148148148148
E00086200,235,34,13,21,201,14,187,14.468085106382977,5.531914893617021,8.936170212765958,85.53191489361703,5.957446808510639,79.57446808510639
E00086201,296,52,14,38,244,21,223,17.56756756756757,4.72972972972973,12.837837837837837,82.43243243243244,7.094594594594595,75.33783783783784
E00086202,336,58,35,23,278,29,249,17.261904761904763,10.416666666666668,6.845238095238096,82.73809523809523,8.630952380952381,74.10714285714286
E00086203,329,50,15,35,279,32,247,15.19756838905775,4.5592705167173255,10.638297872340425,84.80243161094225,9.72644376899696,75.07598784194529
E00086204,220,61,29,32,159,13,146,27.727272727272727,13.18181818181818,14.545454545454545,72.27272727272728,5.909090909090909,66.36363636363637
E00086205,182,28,9,19,154,20,134,15.384615384615385,4.945054945054945,10.43956043956044,84.61538461538461,10.989010989010989,73.62637362637363
E00086206,281,37,13,24,244,17,227,13.167259786476867,4.6263345195729535,8.540925266903916,86.83274021352312,6.049822064056939,80.78291814946618
E00086207,238,24,4,20,214,13,201,10.084033613445378,1.680672268907563,8.403361344537815,89.91596638655463,5.46218487394958,84.45378151260505
E00086208,304,63,33,30,241,31,210,20.723684210526315,10.855263157894738,9.868421052631579,79.27631578947368,10.197368421052632,69.07894736842105
E00086209,323,50,23,27,273,19,254,15.479876160990713,7.120743034055728,8.359133126934983,84.52012383900929,5.88235294117647,78.63777089783281
E00086210,250,28,10,18,222,21,201,11.200000000000001,4,7.199999999999999,88.8,8.4,80.4
E00086211,401,125,77,48,276,32,244,31.17206982543641,19.201995012468828,11.970074812967582,68.82793017456359,7.98004987531172,60.84788029925187
E00086212,183,42,15,27,141,6,135,22.950819672131146,8.19672131147541,14.754098360655737,77.04918032786885,3.278688524590164,73.77049180327869
E00086213,368,63,14,49,305,36,269,17.119565217391305,3.804347826086957,13.31521739130435,82.88043478260869,9.782608695652174,73.09782608695652
E00086214,298,40,8,32,258,20,238,13.422818791946309,2.684563758389262,10.738255033557047,86.57718120805369,6.7114093959731544,79.86577181208054
E00086215,262,30,9,21,232,11,221,11.450381679389313,3.435114503816794,8.015267175572518,88.54961832061069,4.198473282442748,84.35114503816794
E00086216,295,54,20,34,241,23,218,18.305084745762713,6.779661016949152,11.525423728813559,81.69491525423729,7.796610169491526,73.89830508474576
E00086217,310,41,9,32,269,24,245,13.225806451612904,2.903225806451613,10.32258064516129,86.7741935483871,7.741935483870968,79.03225806451613
E00086218,260,74,26,48,186,17,169,28.46153846153846,10,18.461538461538463,71.53846153846153,6.538461538461539,65
E00086219,282,41,14,27,241,12,229,14.539007092198581,4.964539007092199,9.574468085106384,85.46099290780141,4.25531914893617,81.20567375886525
E00086220,170,24,3,21,146,14,132,14.117647058823529,1.7647058823529411,12.352941176470589,85.88235294117646,8.235294117647058,77.64705882352942
E00086221,163,30,10,20,133,20,113,18.404907975460123,6.134969325153374,12.269938650306749,81.59509202453987,12.269938650306749,69.32515337423312
E00086222,247,53,15,38,194,26,168,21.45748987854251,6.0728744939271255,15.384615384615385,78.54251012145748,10.526315789473683,68.0161943319838
E00086223,260,44,21,23,216,25,191,16.923076923076923,8.076923076923077,8.846153846153847,83.07692307692308,9.615384615384617,73.46153846153847
E00086224,312,29,9,20,283,23,260,9.294871794871796,2.8846153846153846,6.41025641025641,90.7051282051282,7.371794871794872,83.33333333333334
E00086225,299,58,29,29,241,30,211,19.39799331103679,9.698996655518394,9.698996655518394,80.60200668896321,10.033444816053512,70.5685618729097
E00086227,238,45,13,32,193,19,174,18.907563025210084,5.46218487394958,13.445378151260504,81.09243697478992,7.9831932773109235,73.10924369747899
E00086228,208,43,17,26,165,22,143,20.673076923076923,8.173076923076923,12.5,79.32692307692307,10.576923076923077,68.75
E00086229,316,50,24,26,266,26,240,15.822784810126583,7.59493670886076,8.227848101265822,84.17721518987342,8.227848101265822,75.9493670886076
E00086230,429,81,32,49,348,40,308,18.88111888111888,7.459207459207459,11.421911421911423,81.11888111888112,9.324009324009324,71.7948717948718
E00086231,339,70,29,41,269,24,245,20.64896755162242,8.55457227138643,12.094395280235988,79.35103244837758,7.079646017699115,72.27138643067846
E00086232,331,43,15,28,288,28,260,12.990936555891238,4.531722054380665,8.459214501510575,87.00906344410876,8.459214501510575,78.54984894259819
E00086233,389,73,32,41,316,27,289,18.76606683804627,8.226221079691516,10.539845758354756,81.23393316195373,6.940874035989718,74.293059125964
E00086234,276,46,18,28,230,19,211,16.666666666666664,6.521739130434782,10.144927536231885,83.33333333333334,6.884057971014493,76.44927536231883
E00086235,373,58,27,31,315,18,297,15.549597855227882,7.238605898123325,8.310991957104557,84.45040214477211,4.825737265415549,79.62466487935657
E00086236,354,53,26,27,301,18,283,14.971751412429379,7.344632768361582,7.627118644067797,85.02824858757062,5.084745762711865,79.94350282485875
E00086237,410,58,24,34,352,25,327,14.146341463414632,5.853658536585367,8.292682926829269,85.85365853658537,6.097560975609756,79.75609756097562
E00086238,306,52,20,32,254,23,231,16.99346405228758,6.535947712418301,10.457516339869281,83.00653594771242,7.516339869281046,75.49019607843137
E00086239,317,49,16,33,268,23,245,15.457413249211358,5.047318611987381,10.410094637223976,84.54258675078864,7.255520504731862,77.28706624605678
E00086240,297,62,25,37,235,10,225,20.875420875420875,8.417508417508419,12.457912457912458,79.12457912457911,3.3670033670033668,75.75757575757575
E00086241,313,53,14,39,260,22,238,16.93290734824281,4.472843450479233,12.460063897763577,83.06709265175719,7.0287539936102235,76.03833865814697
E00086242,352,89,38,51,263,32,231,25.28409090909091,10.795454545454545,14.488636363636365,74.7159090909091,9.090909090909092,65.625
E00086243,348,62,24,38,286,24,262,17.81609195402299,6.896551724137931,10.919540229885058,82.18390804597702,6.896551724137931,75.28735632183908
E00086244,238,102,51,51,136,11,125,42.857142857142854,21.428571428571427,21.428571428571427,57.14285714285714,4.621848739495799,52.52100840336135
E00086245,260,40,13,27,220,15,205,15.384615384615385,5,10.384615384615385,84.61538461538461,5.769230769230769,78.84615384615384
E00086246,308,49,20,29,259,15,244,15.909090909090908,6.493506493506493,9.415584415584416,84.0909090909091,4.870129870129871,79.22077922077922
E00086247,371,104,73,31,267,25,242,28.03234501347709,19.67654986522911,8.355795148247978,71.96765498652292,6.738544474393531,65.22911051212938
E00086248,236,41,16,25,195,16,179,17.372881355932204,6.779661016949152,10.59322033898305,82.62711864406779,6.779661016949152,75.84745762711864
E00086249,304,40,9,31,264,29,235,13.157894736842104,2.9605263157894735,10.197368421052632,86.8421052631579,9.539473684210527,77.30263157894737
E00086250,255,56,13,43,199,24,175,21.96078431372549,5.098039215686274,16.862745098039216,78.03921568627452,9.411764705882353,68.62745098039215
E00086251,202,79,46,33,123,14,109,39.10891089108911,22.772277227722775,16.33663366336634,60.89108910891089,6.9306930693069315,53.960396039603964
E00086252,239,36,13,23,203,21,182,15.062761506276152,5.439330543933055,9.623430962343097,84.93723849372385,8.786610878661087,76.15062761506276
E00086253,296,51,18,33,245,23,222,17.22972972972973,6.081081081081082,11.14864864864865,82.77027027027027,7.77027027027027,75
E00086254,357,43,16,27,314,24,290,12.044817927170868,4.481792717086835,7.563025210084033,87.95518207282913,6.722689075630252,81.23249299719888
E00086255,261,27,8,19,234,14,220,10.344827586206897,3.065134099616858,7.2796934865900385,89.65517241379311,5.363984674329502,84.2911877394636
E00086256,439,50,20,30,389,27,362,11.389521640091116,4.555808656036446,6.83371298405467,88.61047835990888,6.150341685649203,82.46013667425967
E00086257,279,37,8,29,242,17,225,13.261648745519713,2.867383512544803,10.39426523297491,86.73835125448028,6.093189964157706,80.64516129032258
E00086258,253,42,13,29,211,17,194,16.600790513833992,5.138339920948617,11.462450592885375,83.399209486166,6.719367588932807,76.6798418972332
E00086259,255,36,14,22,219,20,199,14.117647058823529,5.490196078431373,8.627450980392156,85.88235294117646,7.8431372549019605,78.03921568627452
E00086260,292,58,25,33,234,24,210,19.863013698630137,8.561643835616438,11.301369863013697,80.13698630136986,8.21917808219178,71.91780821917808
E00086261,387,61,14,47,326,34,292,15.762273901808785,3.6175710594315245,12.144702842377262,84.23772609819122,8.785529715762273,75.45219638242894
E00086262,368,54,21,33,314,29,285,14.673913043478262,5.706521739130435,8.967391304347826,85.32608695652173,7.880434782608696,77.44565217391305
E00086263,318,55,18,37,263,31,232,17.29559748427673,5.660377358490567,11.635220125786164,82.70440251572327,9.748427672955975,72.95597484276729
E00086264,278,55,21,34,223,23,200,19.784172661870503,7.553956834532374,12.23021582733813,80.2158273381295,8.273381294964029,71.94244604316546
E00086265,467,68,23,45,399,27,372,14.5610278372591,4.925053533190578,9.635974304068522,85.4389721627409,5.781584582441114,79.65738758029978
E00086266,384,52,18,34,332,31,301,13.541666666666666,4.6875,8.854166666666668,86.45833333333334,8.072916666666668,78.38541666666666
E00086267,379,62,26,36,317,18,299,16.358839050131927,6.860158311345646,9.498680738786279,83.64116094986808,4.749340369393139,78.89182058047494
E00086268,284,37,20,17,247,15,232,13.028169014084506,7.042253521126761,5.985915492957746,86.97183098591549,5.28169014084507,81.69014084507043
E00086269,268,38,12,26,230,23,207,14.17910447761194,4.477611940298507,9.701492537313433,85.82089552238806,8.582089552238806,77.23880597014924
E00086270,304,43,13,30,261,32,229,14.144736842105262,4.276315789473684,9.868421052631579,85.85526315789474,10.526315789473683,75.32894736842105
E00086271,327,43,15,28,284,22,262,13.149847094801222,4.587155963302752,8.56269113149847,86.85015290519877,6.727828746177369,80.1223241590214
E00086272,287,34,11,23,253,17,236,11.846689895470384,3.8327526132404177,8.013937282229964,88.15331010452961,5.923344947735192,82.22996515679442
E00086273,297,40,11,29,257,24,233,13.468013468013467,3.7037037037037033,9.764309764309765,86.53198653198653,8.080808080808081,78.45117845117845
E00086274,349,56,22,34,293,29,264,16.045845272206304,6.303724928366762,9.742120343839542,83.95415472779369,8.30945558739255,75.64469914040114
E00086275,342,54,18,36,288,22,266,15.789473684210526,5.263157894736842,10.526315789473683,84.21052631578947,6.432748538011696,77.77777777777779
E00086276,334,55,16,39,279,25,254,16.46706586826347,4.790419161676647,11.676646706586826,83.53293413173652,7.48502994011976,76.04790419161677
E00086277,426,66,23,43,360,29,331,15.492957746478872,5.39906103286385,10.093896713615024,84.50704225352112,6.807511737089202,77.69953051643192
E00086278,462,44,11,33,418,30,388,9.523809523809524,2.380952380952381,7.142857142857142,90.47619047619048,6.493506493506493,83.98268398268398
E00086279,298,52,24,28,246,15,231,17.449664429530202,8.053691275167784,9.395973154362416,82.5503355704698,5.033557046979865,77.51677852348993
E00086280,237,46,20,26,191,19,172,19.40928270042194,8.438818565400844,10.970464135021098,80.59071729957806,8.016877637130802,72.57383966244726
E00086281,328,33,12,21,295,21,274,10.060975609756099,3.6585365853658534,6.402439024390244,89.9390243902439,6.402439024390244,83.53658536585365
E00086282,319,65,17,48,254,28,226,20.37617554858934,5.329153605015674,15.047021943573668,79.62382445141067,8.77742946708464,70.84639498432603
E00086283,305,57,23,34,248,22,226,18.688524590163937,7.540983606557377,11.147540983606557,81.31147540983606,7.213114754098362,74.09836065573771
E00086284,219,34,17,17,185,19,166,15.52511415525114,7.76255707762557,7.76255707762557,84.47488584474885,8.67579908675799,75.79908675799086
E00086285,279,55,18,37,224,26,198,19.71326164874552,6.451612903225806,13.261648745519713,80.28673835125448,9.31899641577061,70.96774193548387
E00086286,294,56,18,38,238,19,219,19.047619047619047,6.122448979591836,12.925170068027212,80.95238095238095,6.462585034013606,74.48979591836735
E00086287,325,48,12,36,277,19,258,14.76923076923077,3.6923076923076925,11.076923076923077,85.23076923076923,5.846153846153846,79.38461538461539
E00086288,440,55,17,38,385,37,348,12.5,3.8636363636363633,8.636363636363637,87.5,8.409090909090908,79.0909090909091
E00086289,376,36,13,23,340,32,308,9.574468085106384,3.4574468085106385,6.117021276595745,90.42553191489363,8.51063829787234,81.91489361702128
E00086290,375,88,31,57,287,36,251,23.466666666666665,8.266666666666666,15.2,76.53333333333333,9.6,66.93333333333334
E00086291,349,83,39,44,266,19,247,23.78223495702006,11.174785100286533,12.607449856733524,76.21776504297995,5.444126074498568,70.77363896848138
E00086292,417,58,22,36,359,27,332,13.908872901678656,5.275779376498801,8.633093525179856,86.09112709832134,6.474820143884892,79.61630695443645
E00086293,483,65,20,45,418,30,388,13.457556935817806,4.140786749482402,9.316770186335404,86.5424430641822,6.211180124223603,80.33126293995859
E00086294,356,64,25,39,292,23,269,17.97752808988764,7.02247191011236,10.955056179775282,82.02247191011236,6.460674157303371,75.56179775280899
E00086295,332,51,19,32,281,26,255,15.36144578313253,5.72289156626506,9.63855421686747,84.63855421686746,7.83132530120482,76.80722891566265
E00086296,289,105,51,54,184,14,170,36.332179930795846,17.647058823529413,18.685121107266436,63.667820069204154,4.844290657439446,58.82352941176471
E00086297,307,55,27,28,252,14,238,17.91530944625407,8.794788273615636,9.120521172638437,82.08469055374593,4.5602605863192185,77.52442996742671
E00086298,297,49,21,28,248,16,232,16.4983164983165,7.07070707070707,9.427609427609427,83.5016835016835,5.387205387205387,78.11447811447812
E00086299,212,62,29,33,150,11,139,29.245283018867923,13.679245283018867,15.566037735849056,70.75471698113208,5.188679245283019,65.56603773584906
E00086300,597,114,60,54,483,36,447,19.09547738693467,10.050251256281408,9.045226130653267,80.90452261306532,6.030150753768844,74.87437185929649
E00086301,323,133,87,46,190,24,166,41.17647058823529,26.93498452012384,14.241486068111456,58.82352941176471,7.430340557275541,51.39318885448917
E00086302,283,59,31,28,224,22,202,20.848056537102476,10.954063604240282,9.89399293286219,79.15194346289752,7.773851590106007,71.37809187279152
E00086303,356,52,23,29,304,21,283,14.606741573033707,6.460674157303371,8.146067415730338,85.39325842696628,5.8988764044943816,79.49438202247191
E00086304,264,47,14,33,217,25,192,17.803030303030305,5.303030303030303,12.5,82.1969696969697,9.469696969696969,72.72727272727273
E00086305,311,51,20,31,260,25,235,16.39871382636656,6.430868167202572,9.967845659163988,83.60128617363344,8.038585209003216,75.56270096463022
E00086306,293,55,30,25,238,17,221,18.771331058020476,10.238907849829351,8.532423208191126,81.22866894197952,5.802047781569966,75.42662116040955
E00086307,279,27,13,14,252,18,234,9.67741935483871,4.659498207885305,5.017921146953405,90.32258064516128,6.451612903225806,83.87096774193549
E00086308,292,67,27,40,225,16,209,22.945205479452056,9.246575342465754,13.698630136986301,77.05479452054794,5.47945205479452,71.57534246575342
E00086309,204,39,14,25,165,27,138,19.11764705882353,6.862745098039216,12.254901960784313,80.88235294117648,13.23529411764706,67.64705882352942
E00086310,300,37,13,24,263,12,251,12.333333333333334,4.333333333333334,8,87.66666666666667,4,83.66666666666667
E00086311,349,48,15,33,301,22,279,13.753581661891118,4.297994269340974,9.455587392550143,86.24641833810888,6.303724928366762,79.94269340974212
E00086312,344,48,15,33,296,28,268,13.953488372093023,4.3604651162790695,9.593023255813954,86.04651162790698,8.13953488372093,77.90697674418605
E00086313,280,34,13,21,246,28,218,12.142857142857142,4.642857142857143,7.5,87.85714285714286,10,77.85714285714286
E00086314,288,44,14,30,244,25,219,15.277777777777779,4.861111111111112,10.416666666666668,84.72222222222221,8.680555555555555,76.04166666666666
E00086315,305,38,15,23,267,32,235,12.459016393442624,4.918032786885246,7.540983606557377,87.54098360655738,10.491803278688524,77.04918032786885
E00086316,310,56,16,40,254,25,229,18.064516129032256,5.161290322580645,12.903225806451612,81.93548387096774,8.064516129032258,73.87096774193549
E00086317,413,41,14,27,372,28,344,9.927360774818402,3.389830508474576,6.5375302663438255,90.07263922518159,6.779661016949152,83.29297820823246
E00086318,201,29,10,19,172,13,159,14.427860696517413,4.975124378109453,9.45273631840796,85.57213930348259,6.467661691542288,79.1044776119403
E00086319,331,43,16,27,288,22,266,12.990936555891238,4.833836858006042,8.157099697885197,87.00906344410876,6.646525679758309,80.36253776435045
E00086320,296,46,11,35,250,19,231,15.54054054054054,3.7162162162162162,11.824324324324325,84.45945945945947,6.418918918918918,78.04054054054053
E00086321,337,43,14,29,294,33,261,12.759643916913946,4.154302670623145,8.605341246290802,87.24035608308606,9.792284866468842,77.44807121661721
E00086322,409,82,30,52,327,28,299,20.048899755501225,7.334963325183375,12.71393643031785,79.95110024449878,6.845965770171149,73.10513447432763
E00086323,313,48,15,33,265,18,247,15.335463258785943,4.792332268370607,10.543130990415335,84.66453674121406,5.7507987220447285,78.91373801916933
E00086324,284,44,13,31,240,21,219,15.492957746478872,4.577464788732395,10.915492957746478,84.50704225352112,7.394366197183098,77.11267605633803
E00086325,303,40,9,31,263,30,233,13.2013201320132,2.9702970297029703,10.231023102310232,86.79867986798679,9.900990099009901,76.89768976897689
E00086326,237,50,20,30,187,12,175,21.09704641350211,8.438818565400844,12.658227848101266,78.90295358649789,5.063291139240507,73.83966244725738
E00086327,259,86,38,48,173,21,152,33.204633204633204,14.671814671814673,18.53281853281853,66.79536679536679,8.108108108108109,58.68725868725869
E00086328,288,34,13,21,254,16,238,11.805555555555555,4.513888888888888,7.291666666666667,88.19444444444444,5.555555555555555,82.63888888888889
E00086329,292,40,15,25,252,25,227,13.698630136986301,5.136986301369863,8.561643835616438,86.3013698630137,8.561643835616438,77.73972602739725
E00086332,289,57,26,31,232,12,220,19.72318339100346,8.996539792387544,10.726643598615917,80.27681660899654,4.1522491349480966,76.12456747404845
E00086333,312,51,20,31,261,27,234,16.346153846153847,6.41025641025641,9.935897435897436,83.65384615384616,8.653846153846153,75
E00086334,338,46,13,33,292,35,257,13.609467455621301,3.8461538461538463,9.763313609467456,86.3905325443787,10.355029585798817,76.03550295857988
E00086335,256,44,14,30,212,20,192,17.1875,5.46875,11.71875,82.8125,7.8125,75
E00086336,324,41,19,22,283,21,262,12.654320987654321,5.864197530864197,6.790123456790123,87.34567901234568,6.481481481481481,80.8641975308642
E00086337,240,45,20,25,195,24,171,18.75,8.333333333333332,10.416666666666668,81.25,10,71.25
E00086338,322,48,18,30,274,32,242,14.906832298136646,5.590062111801243,9.316770186335404,85.09316770186336,9.937888198757763,75.15527950310559
E00086339,275,32,10,22,243,16,227,11.636363636363637,3.6363636363636362,8,88.36363636363636,5.818181818181818,82.54545454545455
E00086340,319,45,14,31,274,23,251,14.106583072100312,4.38871473354232,9.717868338557993,85.8934169278997,7.210031347962382,78.68338557993731
E00086341,255,45,13,32,210,26,184,17.647058823529413,5.098039215686274,12.549019607843137,82.35294117647058,10.196078431372548,72.15686274509804
E00086342,300,39,14,25,261,31,230,13,4.666666666666667,8.333333333333332,87,10.333333333333334,76.66666666666667
E00086343,218,34,11,23,184,16,168,15.59633027522936,5.045871559633028,10.550458715596331,84.40366972477065,7.339449541284404,77.06422018348624
E00086344,398,63,22,41,335,32,303,15.829145728643216,5.527638190954774,10.301507537688442,84.17085427135679,8.040201005025125,76.13065326633166
E00086345,349,50,23,27,299,33,266,14.326647564469914,6.59025787965616,7.736389684813753,85.67335243553008,9.455587392550143,76.21776504297995
E00086346,369,48,15,33,321,26,295,13.008130081300814,4.0650406504065035,8.94308943089431,86.99186991869918,7.046070460704606,79.94579945799458
E00086347,281,41,16,25,240,27,213,14.590747330960854,5.6939501779359425,8.896797153024911,85.40925266903915,9.608540925266903,75.80071174377224
E00086348,260,69,40,29,191,16,175,26.53846153846154,15.384615384615385,11.153846153846155,73.46153846153847,6.153846153846154,67.3076923076923
E00086350,204,57,25,32,147,12,135,27.941176470588236,12.254901960784313,15.686274509803921,72.05882352941177,5.88235294117647,66.17647058823529
E00086351,407,59,23,36,348,38,310,14.496314496314497,5.651105651105651,8.845208845208845,85.5036855036855,9.336609336609335,76.16707616707616
E00086352,301,44,16,28,257,24,233,14.61794019933555,5.3156146179401995,9.30232558139535,85.38205980066445,7.973421926910299,77.40863787375415
E00086353,353,47,20,27,306,29,277,13.314447592067987,5.6657223796034,7.64872521246459,86.68555240793201,8.21529745042493,78.47025495750708
E00086354,187,49,25,24,138,17,121,26.203208556149733,13.368983957219251,12.834224598930483,73.79679144385027,9.090909090909092,64.70588235294117
E00086355,451,77,26,51,374,44,330,17.073170731707318,5.764966740576496,11.30820399113082,82.92682926829268,9.75609756097561,73.17073170731707
E00086356,312,33,11,22,279,27,252,10.576923076923077,3.5256410256410255,7.051282051282051,89.42307692307693,8.653846153846153,80.76923076923077
E00086357,250,35,19,16,215,21,194,14.000000000000002,7.6,6.4,86,8.4,77.60000000000001
E00086358,337,54,18,36,283,29,254,16.023738872403563,5.341246290801187,10.682492581602373,83.97626112759644,8.605341246290802,75.37091988130564
E00086359,279,45,18,27,234,10,224,16.129032258064516,6.451612903225806,9.67741935483871,83.87096774193549,3.584229390681003,80.28673835125448
E00086361,289,47,17,30,242,29,213,16.26297577854671,5.88235294117647,10.380622837370241,83.73702422145328,10.034602076124568,73.70242214532871
E00086362,324,52,13,39,272,26,246,16.049382716049383,4.012345679012346,12.037037037037036,83.9506172839506,8.024691358024691,75.92592592592592
E00086363,251,51,22,29,200,21,179,20.318725099601593,8.764940239043826,11.553784860557768,79.6812749003984,8.366533864541832,71.31474103585657
E00086364,327,68,37,31,259,31,228,20.795107033639145,11.314984709480122,9.480122324159021,79.20489296636084,9.480122324159021,69.72477064220183
E00086365,268,55,20,35,213,15,198,20.522388059701495,7.462686567164178,13.059701492537313,79.47761194029852,5.597014925373134,73.88059701492537
E00086366,396,62,30,32,334,28,306,15.656565656565657,7.575757575757576,8.080808080808081,84.34343434343434,7.07070707070707,77.27272727272727
E00086367,267,52,23,29,215,13,202,19.475655430711612,8.614232209737828,10.861423220973784,80.52434456928839,4.868913857677903,75.65543071161048
E00086368,345,91,43,48,254,22,232,26.3768115942029,12.46376811594203,13.91304347826087,73.62318840579711,6.3768115942028984,67.2463768115942
E00086369,308,101,57,44,207,16,191,32.7922077922078,18.506493506493506,14.285714285714285,67.20779220779221,5.194805194805195,62.01298701298701
E00086370,422,83,40,43,339,33,306,19.66824644549763,9.47867298578199,10.189573459715639,80.33175355450237,7.819905213270142,72.51184834123224
E00086371,264,56,33,23,208,28,180,21.21212121212121,12.5,8.712121212121213,78.78787878787878,10.606060606060606,68.18181818181817
E00086372,312,69,31,38,243,15,228,22.115384615384613,9.935897435897436,12.179487179487179,77.88461538461539,4.807692307692308,73.07692307692307
E00086373,356,67,32,35,289,23,266,18.820224719101123,8.98876404494382,9.831460674157304,81.17977528089888,6.460674157303371,74.71910112359551
E00086374,242,77,48,29,165,19,146,31.818181818181817,19.834710743801654,11.983471074380166,68.18181818181817,7.851239669421488,60.33057851239669
E00086375,386,77,33,44,309,21,288,19.94818652849741,8.549222797927461,11.398963730569948,80.05181347150258,5.4404145077720205,74.61139896373057
E00086376,325,49,13,36,276,33,243,15.076923076923077,4,11.076923076923077,84.92307692307692,10.153846153846153,74.76923076923076
E00086377,302,48,21,27,254,30,224,15.894039735099339,6.95364238410596,8.940397350993377,84.10596026490066,9.933774834437086,74.17218543046357
E00086378,324,66,21,45,258,27,231,20.37037037037037,6.481481481481481,13.88888888888889,79.62962962962963,8.333333333333332,71.29629629629629
E00086379,341,70,19,51,271,27,244,20.527859237536656,5.571847507331378,14.95601173020528,79.47214076246334,7.9178885630498534,71.5542521994135
E00086380,292,57,20,37,235,15,220,19.52054794520548,6.8493150684931505,12.67123287671233,80.47945205479452,5.136986301369863,75.34246575342466
E00086381,310,75,34,41,235,22,213,24.193548387096776,10.967741935483872,13.225806451612904,75.80645161290323,7.096774193548387,68.70967741935485
E00086382,278,35,8,27,243,21,222,12.589928057553957,2.877697841726619,9.712230215827338,87.41007194244604,7.553956834532374,79.85611510791367
E00086383,306,45,15,30,261,16,245,14.705882352941178,4.901960784313726,9.803921568627452,85.29411764705883,5.228758169934641,80.06535947712419
E00086384,355,63,27,36,292,20,272,17.74647887323944,7.605633802816901,10.140845070422536,82.25352112676056,5.633802816901409,76.61971830985915
E00086385,321,70,29,41,251,31,220,21.806853582554517,9.034267912772584,12.77258566978193,78.19314641744548,9.657320872274143,68.53582554517133
E00086386,267,52,26,26,215,20,195,19.475655430711612,9.737827715355806,9.737827715355806,80.52434456928839,7.490636704119851,73.03370786516854
E00086387,325,53,22,31,272,18,254,16.307692307692307,6.769230769230769,9.538461538461538,83.6923076923077,5.538461538461538,78.15384615384615
E00086388,259,65,24,41,194,23,171,25.096525096525095,9.266409266409266,15.83011583011583,74.9034749034749,8.880308880308881,66.02316602316603
E00086389,358,54,19,35,304,30,274,15.083798882681565,5.307262569832402,9.776536312849162,84.91620111731844,8.379888268156424,76.53631284916202
E00086390,252,58,32,26,194,14,180,23.015873015873016,12.698412698412698,10.317460317460316,76.98412698412699,5.555555555555555,71.42857142857143
E00086391,391,39,14,25,352,24,328,9.974424552429667,3.580562659846547,6.3938618925831205,90.02557544757033,6.138107416879795,83.88746803069054
E00086392,295,53,23,30,242,20,222,17.966101694915253,7.796610169491526,10.16949152542373,82.03389830508473,6.779661016949152,75.2542372881356
E00086393,268,48,16,32,220,11,209,17.91044776119403,5.970149253731343,11.940298507462686,82.08955223880598,4.104477611940299,77.98507462686567
E00086394,276,56,24,32,220,26,194,20.28985507246377,8.695652173913043,11.594202898550725,79.71014492753623,9.420289855072465,70.28985507246377
E00086395,345,58,25,33,287,23,264,16.81159420289855,7.246376811594203,9.565217391304348,83.18840579710145,6.666666666666667,76.52173913043478
E00086396,263,92,40,52,171,16,155,34.98098859315589,15.209125475285171,19.771863117870723,65.0190114068441,6.083650190114068,58.935361216730044
E00086397,324,50,15,35,274,19,255,15.432098765432098,4.62962962962963,10.802469135802468,84.5679012345679,5.864197530864197,78.70370370370371
E00086398,295,43,25,18,252,21,231,14.576271186440678,8.47457627118644,6.101694915254238,85.42372881355932,7.118644067796611,78.30508474576271
E00086399,233,42,13,29,191,20,171,18.025751072961373,5.579399141630901,12.446351931330472,81.97424892703863,8.583690987124463,73.39055793991416
E00086400,291,53,18,35,238,23,215,18.213058419243985,6.185567010309279,12.027491408934708,81.78694158075601,7.903780068728522,73.8831615120275
E00086401,299,33,13,20,266,21,245,11.036789297658862,4.3478260869565215,6.688963210702341,88.96321070234113,7.023411371237458,81.93979933110369
E00086402,253,32,10,22,221,16,205,12.648221343873518,3.9525691699604746,8.695652173913043,87.35177865612648,6.324110671936759,81.02766798418972
E00086403,241,44,23,21,197,24,173,18.25726141078838,9.54356846473029,8.71369294605809,81.74273858921161,9.95850622406639,71.78423236514523
E00086404,364,57,26,31,307,23,284,15.659340659340659,7.142857142857142,8.516483516483516,84.34065934065934,6.318681318681318,78.02197802197803
E00086405,199,35,19,16,164,8,156,17.587939698492463,9.547738693467336,8.040201005025125,82.41206030150754,4.0201005025125625,78.39195979899498
E00086406,396,57,21,36,339,32,307,14.393939393939394,5.303030303030303,9.090909090909092,85.60606060606061,8.080808080808081,77.52525252525253
E00086407,272,40,17,23,232,21,211,14.705882352941178,6.25,8.455882352941178,85.29411764705883,7.720588235294118,77.57352941176471
E00086408,355,48,17,31,307,36,271,13.521126760563378,4.788732394366197,8.732394366197182,86.47887323943661,10.140845070422536,76.33802816901408
E00086409,298,40,18,22,258,21,237,13.422818791946309,6.0402684563758395,7.38255033557047,86.57718120805369,7.046979865771812,79.53020134228188
E00086410,291,41,15,26,250,24,226,14.0893470790378,5.154639175257731,8.934707903780069,85.91065292096219,8.24742268041237,77.66323024054984
E00086411,383,62,24,38,321,28,293,16.187989556135772,6.266318537859007,9.921671018276761,83.81201044386422,7.310704960835509,76.50130548302873
E00086412,292,39,20,19,253,25,228,13.356164383561644,6.8493150684931505,6.506849315068493,86.64383561643835,8.561643835616438,78.08219178082192
E00086413,379,52,20,32,327,31,296,13.720316622691293,5.277044854881266,8.443271767810026,86.2796833773087,8.179419525065963,78.10026385224275
E00086414,407,99,48,51,308,23,285,24.324324324324326,11.793611793611793,12.530712530712531,75.67567567567568,5.651105651105651,70.02457002457002
E00086415,326,70,25,45,256,27,229,21.472392638036812,7.668711656441718,13.803680981595093,78.52760736196319,8.282208588957054,70.24539877300614
E00086416,412,93,37,56,319,21,298,22.572815533980584,8.980582524271846,13.592233009708737,77.42718446601941,5.097087378640777,72.33009708737865
E00086417,373,68,31,37,305,16,289,18.230563002680967,8.310991957104557,9.919571045576408,81.76943699731903,4.289544235924933,77.4798927613941
E00086418,267,31,8,23,236,24,212,11.610486891385769,2.9962546816479403,8.614232209737828,88.38951310861424,8.98876404494382,79.40074906367042
E00086419,278,48,14,34,230,32,198,17.26618705035971,5.0359712230215825,12.23021582733813,82.73381294964028,11.510791366906476,71.22302158273382
E00086420,303,54,25,29,249,26,223,17.82178217821782,8.25082508250825,9.570957095709572,82.17821782178217,8.58085808580858,73.5973597359736
E00086421,325,85,45,40,240,7,233,26.153846153846157,13.846153846153847,12.307692307692308,73.84615384615385,2.1538461538461537,71.6923076923077
E00086422,389,95,44,51,294,16,278,24.42159383033419,11.311053984575835,13.110539845758353,75.57840616966581,4.113110539845758,71.46529562982005
E00086423,286,82,45,37,204,21,183,28.671328671328673,15.734265734265735,12.937062937062937,71.32867132867133,7.3426573426573425,63.98601398601399
E00086424,337,45,14,31,292,11,281,13.353115727002967,4.154302670623145,9.198813056379821,86.64688427299704,3.2640949554896146,83.38278931750742
E00086425,380,78,28,50,302,35,267,20.526315789473685,7.368421052631578,13.157894736842104,79.47368421052632,9.210526315789473,70.26315789473684
E00086426,270,50,26,24,220,19,201,18.51851851851852,9.62962962962963,8.88888888888889,81.48148148148148,7.037037037037037,74.44444444444444
E00086427,366,95,40,55,271,22,249,25.956284153005466,10.92896174863388,15.027322404371585,74.04371584699454,6.0109289617486334,68.0327868852459
E00086428,324,67,35,32,257,24,233,20.679012345679013,10.802469135802468,9.876543209876543,79.32098765432099,7.4074074074074066,71.91358024691358
E00086429,295,60,18,42,235,20,215,20.33898305084746,6.101694915254238,14.237288135593221,79.66101694915254,6.779661016949152,72.88135593220339
E00086430,318,65,28,37,253,20,233,20.440251572327046,8.80503144654088,11.635220125786164,79.55974842767296,6.289308176100629,73.27044025157232
E00086431,366,69,29,40,297,22,275,18.852459016393443,7.923497267759563,10.92896174863388,81.14754098360656,6.0109289617486334,75.13661202185791
E00086432,275,51,15,36,224,13,211,18.545454545454547,5.454545454545454,13.090909090909092,81.45454545454545,4.7272727272727275,76.72727272727272
E00086433,300,62,28,34,238,22,216,20.666666666666668,9.333333333333334,11.333333333333332,79.33333333333333,7.333333333333333,72
E00086434,303,67,33,34,236,21,215,22.112211221122113,10.891089108910892,11.221122112211221,77.88778877887789,6.9306930693069315,70.95709570957096
E00086435,310,81,43,38,229,24,205,26.129032258064516,13.870967741935484,12.258064516129032,73.87096774193549,7.741935483870968,66.12903225806451
E00086436,263,73,42,31,190,13,177,27.756653992395435,15.96958174904943,11.787072243346007,72.24334600760456,4.942965779467681,67.30038022813687
E00086437,290,56,23,33,234,21,213,19.310344827586206,7.931034482758621,11.379310344827587,80.6896551724138,7.241379310344828,73.44827586206897
E00086438,402,86,43,43,316,19,297,21.393034825870647,10.696517412935323,10.696517412935323,78.60696517412936,4.72636815920398,73.88059701492537
E00086439,291,75,41,34,216,14,202,25.773195876288657,14.0893470790378,11.683848797250858,74.22680412371135,4.810996563573884,69.41580756013745
E00086440,304,70,29,41,234,22,212,23.026315789473685,9.539473684210527,13.486842105263158,76.97368421052632,7.236842105263158,69.73684210526315
E00086441,379,82,34,48,297,42,255,21.63588390501319,8.970976253298153,12.66490765171504,78.3641160949868,11.081794195250659,67.28232189973615
E00086442,289,68,34,34,221,14,207,23.52941176470588,11.76470588235294,11.76470588235294,76.47058823529412,4.844290657439446,71.62629757785467
E00086443,397,105,53,52,292,28,264,26.448362720403022,13.350125944584383,13.09823677581864,73.55163727959699,7.052896725440807,66.49874055415617
E00086444,497,92,46,46,405,42,363,18.51106639839034,9.25553319919517,9.25553319919517,81.48893360160966,8.450704225352112,73.03822937625755
E00086445,305,46,14,32,259,31,228,15.081967213114755,4.590163934426229,10.491803278688524,84.91803278688525,10.163934426229508,74.75409836065575
E00086446,391,103,48,55,288,20,268,26.342710997442452,12.27621483375959,14.066496163682865,73.65728900255755,5.115089514066496,68.54219948849105
E00086447,357,62,28,34,295,23,272,17.366946778711483,7.8431372549019605,9.523809523809524,82.6330532212885,6.442577030812324,76.19047619047619
E00086448,225,51,23,28,174,18,156,22.666666666666664,10.222222222222223,12.444444444444445,77.33333333333333,8,69.33333333333334
E00086449,276,84,34,50,192,15,177,30.434782608695656,12.318840579710146,18.115942028985508,69.56521739130434,5.434782608695652,64.13043478260869
E00086450,270,74,35,39,196,17,179,27.40740740740741,12.962962962962962,14.444444444444443,72.5925925925926,6.296296296296296,66.2962962962963
E00086451,318,58,17,41,260,28,232,18.238993710691823,5.345911949685535,12.89308176100629,81.76100628930818,8.80503144654088,72.95597484276729
E00086452,406,93,39,54,313,18,295,22.906403940886698,9.60591133004926,13.30049261083744,77.0935960591133,4.433497536945813,72.66009852216749
E00086453,376,62,18,44,314,26,288,16.48936170212766,4.787234042553192,11.702127659574469,83.51063829787235,6.914893617021277,76.59574468085107
E00086454,347,61,17,44,286,21,265,17.579250720461097,4.899135446685879,12.680115273775217,82.42074927953891,6.051873198847262,76.36887608069163
E00086455,302,35,10,25,267,30,237,11.589403973509933,3.3112582781456954,8.27814569536424,88.41059602649007,9.933774834437086,78.47682119205298
E00086456,304,40,10,30,264,27,237,13.157894736842104,3.289473684210526,9.868421052631579,86.8421052631579,8.881578947368421,77.96052631578947
E00086457,266,31,14,17,235,23,212,11.654135338345863,5.263157894736842,6.390977443609022,88.34586466165413,8.646616541353383,79.69924812030075
E00086458,223,29,11,18,194,16,178,13.004484304932735,4.932735426008969,8.071748878923767,86.99551569506725,7.174887892376682,79.82062780269058
E00086459,303,49,15,34,254,29,225,16.17161716171617,4.9504950495049505,11.221122112211221,83.82838283828383,9.570957095709572,74.25742574257426
E00086460,353,58,20,38,295,21,274,16.43059490084986,5.6657223796034,10.764872521246458,83.56940509915015,5.94900849858357,77.62039660056658
E00086461,280,35,9,26,245,34,211,12.5,3.214285714285714,9.285714285714286,87.5,12.142857142857142,75.35714285714286
E00086462,322,51,18,33,271,26,245,15.838509316770185,5.590062111801243,10.248447204968944,84.16149068322981,8.074534161490684,76.08695652173914
E00086463,272,46,12,34,226,27,199,16.911764705882355,4.411764705882353,12.5,83.08823529411765,9.926470588235293,73.16176470588235
E00086464,264,41,13,28,223,17,206,15.530303030303031,4.924242424242424,10.606060606060606,84.46969696969697,6.4393939393939394,78.03030303030303
E00086465,214,63,31,32,151,14,137,29.439252336448597,14.485981308411214,14.953271028037381,70.56074766355141,6.5420560747663545,64.01869158878505
E00086466,286,50,8,42,236,20,216,17.482517482517483,2.797202797202797,14.685314685314685,82.51748251748252,6.993006993006993,75.52447552447552
E00086467,217,41,14,27,176,25,151,18.89400921658986,6.451612903225806,12.442396313364055,81.10599078341014,11.52073732718894,69.5852534562212
E00086468,243,68,40,28,175,14,161,27.983539094650205,16.46090534979424,11.522633744855968,72.0164609053498,5.761316872427984,66.2551440329218
E00086469,218,32,11,21,186,24,162,14.678899082568808,5.045871559633028,9.63302752293578,85.3211009174312,11.009174311926607,74.31192660550458
E00086470,284,33,11,22,251,24,227,11.619718309859154,3.873239436619718,7.746478873239436,88.38028169014085,8.450704225352112,79.92957746478874
E00086471,303,53,14,39,250,24,226,17.491749174917494,4.62046204620462,12.871287128712872,82.50825082508251,7.920792079207921,74.58745874587459
E00086472,267,68,45,23,199,21,178,25.468164794007492,16.853932584269664,8.614232209737828,74.53183520599251,7.865168539325842,66.66666666666666
E00086473,212,36,8,28,176,21,155,16.9811320754717,3.7735849056603774,13.20754716981132,83.01886792452831,9.90566037735849,73.11320754716981
E00086474,230,63,31,32,167,23,144,27.391304347826086,13.478260869565217,13.91304347826087,72.60869565217392,10,62.60869565217392
E00086475,267,47,16,31,220,13,207,17.60299625468165,5.992509363295881,11.610486891385769,82.39700374531836,4.868913857677903,77.52808988764045
E00086476,275,40,13,27,235,22,213,14.545454545454545,4.7272727272727275,9.818181818181818,85.45454545454545,8,77.45454545454545
E00086477,273,40,14,26,233,20,213,14.652014652014653,5.128205128205128,9.523809523809524,85.34798534798534,7.326007326007327,78.02197802197803
E00086478,293,53,22,31,240,35,205,18.088737201365188,7.508532423208192,10.580204778156997,81.91126279863481,11.945392491467576,69.96587030716724
E00086479,274,65,40,25,209,18,191,23.722627737226276,14.5985401459854,9.124087591240876,76.27737226277372,6.569343065693431,69.7080291970803
E00086480,222,34,13,21,188,23,165,15.315315315315313,5.8558558558558556,9.45945945945946,84.68468468468468,10.36036036036036,74.32432432432432
E00086481,264,27,13,14,237,24,213,10.227272727272728,4.924242424242424,5.303030303030303,89.77272727272727,9.090909090909092,80.68181818181817
E00086482,318,49,11,38,269,29,240,15.40880503144654,3.459119496855346,11.949685534591195,84.59119496855347,9.119496855345911,75.47169811320755
E00086483,199,41,22,19,158,15,143,20.603015075376884,11.055276381909549,9.547738693467336,79.39698492462311,7.537688442211055,71.85929648241206
E00086484,336,49,22,27,287,20,267,14.583333333333334,6.547619047619048,8.035714285714286,85.41666666666666,5.952380952380952,79.46428571428571
E00086485,204,63,26,37,141,19,122,30.88235294117647,12.745098039215685,18.137254901960784,69.11764705882352,9.313725490196079,59.80392156862745
E00086486,270,43,14,29,227,21,206,15.925925925925927,5.185185185185185,10.74074074074074,84.07407407407408,7.777777777777778,76.29629629629629
E00086487,139,37,16,21,102,8,94,26.618705035971225,11.510791366906476,15.107913669064748,73.38129496402878,5.755395683453238,67.62589928057554
E00086488,251,50,29,21,201,21,180,19.9203187250996,11.553784860557768,8.366533864541832,80.0796812749004,8.366533864541832,71.71314741035857
E00086489,223,33,7,26,190,23,167,14.798206278026907,3.1390134529147984,11.659192825112108,85.20179372197309,10.31390134529148,74.88789237668162
E00086490,258,41,8,33,217,22,195,15.891472868217054,3.10077519379845,12.790697674418606,84.10852713178295,8.527131782945736,75.5813953488372
E00086491,282,44,23,21,238,21,217,15.602836879432624,8.156028368794328,7.446808510638298,84.39716312056737,7.446808510638298,76.95035460992908
E00086492,287,44,18,26,243,18,225,15.33101045296167,6.2717770034843205,9.059233449477352,84.66898954703834,6.2717770034843205,78.397212543554
E00086493,385,49,15,34,336,28,308,12.727272727272727,3.896103896103896,8.831168831168831,87.27272727272727,7.2727272727272725,80
E00086494,196,38,12,26,158,12,146,19.387755102040817,6.122448979591836,13.26530612244898,80.61224489795919,6.122448979591836,74.48979591836735
E00086495,464,97,59,38,367,30,337,20.905172413793103,12.71551724137931,8.189655172413794,79.09482758620689,6.4655172413793105,72.62931034482759
E00086496,216,40,12,28,176,17,159,18.51851851851852,5.555555555555555,12.962962962962962,81.48148148148148,7.87037037037037,73.61111111111111
E00086497,262,66,37,29,196,11,185,25.190839694656486,14.122137404580155,11.068702290076336,74.80916030534351,4.198473282442748,70.61068702290076
E00086498,202,30,11,19,172,15,157,14.85148514851485,5.445544554455446,9.405940594059405,85.14851485148515,7.425742574257425,77.72277227722772
E00086499,317,67,31,36,250,24,226,21.13564668769716,9.779179810725552,11.35646687697161,78.86435331230284,7.570977917981073,71.29337539432177
E00086500,354,58,25,33,296,27,269,16.38418079096045,7.062146892655368,9.322033898305085,83.61581920903954,7.627118644067797,75.98870056497175
E00086501,246,37,11,26,209,33,176,15.040650406504067,4.471544715447155,10.569105691056912,84.95934959349594,13.414634146341465,71.54471544715447
E00086502,261,39,13,26,222,18,204,14.942528735632186,4.980842911877394,9.961685823754788,85.0574712643678,6.896551724137931,78.16091954022988
E00086503,352,59,12,47,293,18,275,16.761363636363637,3.4090909090909087,13.352272727272727,83.23863636363636,5.113636363636364,78.125
E00086504,232,59,26,33,173,13,160,25.43103448275862,11.206896551724139,14.224137931034484,74.56896551724138,5.603448275862069,68.96551724137932
E00086505,335,74,28,46,261,27,234,22.08955223880597,8.358208955223882,13.73134328358209,77.91044776119404,8.059701492537313,69.85074626865672
E00086506,201,48,14,34,153,20,133,23.88059701492537,6.965174129353234,16.91542288557214,76.11940298507463,9.950248756218906,66.16915422885572
E00086507,276,46,14,32,230,21,209,16.666666666666664,5.072463768115942,11.594202898550725,83.33333333333334,7.608695652173914,75.72463768115942
E00086508,247,44,12,32,203,27,176,17.813765182186234,4.8582995951417,12.955465587044534,82.18623481781377,10.931174089068826,71.25506072874494
E00086509,623,130,48,82,493,24,469,20.86677367576244,7.704654895666131,13.162118780096307,79.13322632423755,3.8523274478330656,75.28089887640449
E00086510,494,80,37,43,414,32,382,16.194331983805668,7.489878542510121,8.704453441295547,83.80566801619433,6.477732793522267,77.32793522267207
E00086511,392,66,15,51,326,29,297,16.83673469387755,3.826530612244898,13.010204081632654,83.16326530612244,7.3979591836734695,75.76530612244898
E00086514,315,53,26,27,262,13,249,16.825396825396826,8.253968253968253,8.571428571428571,83.17460317460318,4.1269841269841265,79.04761904761905
E00086517,223,71,24,47,152,10,142,31.838565022421523,10.762331838565023,21.076233183856502,68.16143497757847,4.484304932735426,63.67713004484305
E00086518,351,54,14,40,297,27,270,15.384615384615385,3.9886039886039883,11.396011396011396,84.61538461538461,7.6923076923076925,76.92307692307693
E00086519,199,21,4,17,178,14,164,10.552763819095476,2.0100502512562812,8.542713567839195,89.44723618090453,7.035175879396985,82.41206030150754
E00086520,244,82,39,43,162,11,151,33.60655737704918,15.983606557377051,17.62295081967213,66.39344262295081,4.508196721311475,61.885245901639344
E00086521,335,55,21,34,280,22,258,16.417910447761194,6.26865671641791,10.149253731343283,83.5820895522388,6.567164179104477,77.01492537313432
E00086522,425,78,32,46,347,11,336,18.352941176470587,7.529411764705881,10.823529411764705,81.64705882352942,2.588235294117647,79.05882352941175
E00086523,281,39,21,18,242,13,229,13.87900355871886,7.473309608540925,6.405693950177936,86.12099644128114,4.6263345195729535,81.49466192170819
E00086524,363,41,13,28,322,24,298,11.294765840220386,3.581267217630854,7.7134986225895315,88.70523415977961,6.6115702479338845,82.09366391184572
E00086525,427,89,41,48,338,13,325,20.843091334894616,9.601873536299765,11.241217798594848,79.15690866510539,3.0444964871194378,76.11241217798595
E00086526,312,41,10,31,271,17,254,13.141025641025642,3.205128205128205,9.935897435897436,86.85897435897436,5.448717948717949,81.41025641025641
E00086527,440,78,45,33,362,18,344,17.727272727272727,10.227272727272728,7.5,82.27272727272728,4.090909090909091,78.18181818181819
E00086528,169,55,31,24,114,9,105,32.544378698224854,18.34319526627219,14.201183431952662,67.45562130177515,5.325443786982249,62.1301775147929
E00086529,277,64,23,41,213,24,189,23.104693140794225,8.303249097472925,14.801444043321299,76.89530685920577,8.664259927797833,68.23104693140795
E00086530,354,80,37,43,274,21,253,22.598870056497177,10.451977401129943,12.146892655367232,77.40112994350282,5.932203389830509,71.46892655367232
E00086531,206,35,9,26,171,13,158,16.990291262135923,4.368932038834951,12.62135922330097,83.00970873786407,6.310679611650485,76.69902912621359
E00086532,518,66,17,49,452,26,426,12.741312741312742,3.2818532818532815,9.45945945945946,87.25868725868726,5.019305019305019,82.23938223938224
E00086533,185,47,18,29,138,12,126,25.405405405405407,9.72972972972973,15.675675675675677,74.5945945945946,6.486486486486487,68.10810810810811
E00086534,181,54,20,34,127,18,109,29.83425414364641,11.049723756906078,18.784530386740332,70.1657458563536,9.94475138121547,60.22099447513812
E00086535,212,49,27,22,163,15,148,23.11320754716981,12.735849056603774,10.377358490566039,76.88679245283019,7.0754716981132075,69.81132075471697
E00086536,212,33,11,22,179,30,149,15.566037735849056,5.188679245283019,10.377358490566039,84.43396226415094,14.150943396226415,70.28301886792453
E00086537,305,33,9,24,272,24,248,10.819672131147541,2.9508196721311477,7.868852459016394,89.18032786885246,7.868852459016394,81.31147540983606
E00086538,201,55,28,27,146,16,130,27.363184079601986,13.930348258706468,13.432835820895523,72.636815920398,7.960199004975125,64.6766169154229
E00086539,214,54,26,28,160,13,147,25.233644859813083,12.149532710280374,13.084112149532709,74.76635514018692,6.074766355140187,68.69158878504673
E00086540,213,35,13,22,178,15,163,16.431924882629108,6.103286384976526,10.328638497652582,83.56807511737088,7.042253521126761,76.52582159624414
E00086541,319,49,14,35,270,29,241,15.360501567398119,4.38871473354232,10.9717868338558,84.63949843260188,9.090909090909092,75.54858934169279
E00086542,323,51,22,29,272,17,255,15.789473684210526,6.811145510835913,8.978328173374612,84.21052631578947,5.263157894736842,78.94736842105263
E00086543,199,36,11,25,163,24,139,18.090452261306535,5.527638190954774,12.562814070351758,81.90954773869346,12.060301507537687,69.84924623115577
E00086544,263,61,18,43,202,17,185,23.193916349809886,6.844106463878327,16.34980988593156,76.80608365019012,6.4638783269961975,70.34220532319392
E00086545,341,71,28,43,270,34,236,20.821114369501466,8.211143695014663,12.609970674486803,79.17888563049853,9.970674486803519,69.20821114369502
E00086546,481,55,22,33,426,44,382,11.434511434511435,4.5738045738045745,6.860706860706861,88.56548856548856,9.147609147609149,79.41787941787942
E00086547,241,37,16,21,204,12,192,15.352697095435685,6.639004149377594,8.71369294605809,84.64730290456431,4.979253112033195,79.66804979253112
E00086548,248,37,13,24,211,28,183,14.919354838709678,5.241935483870968,9.67741935483871,85.08064516129032,11.29032258064516,73.79032258064517
E00165832,295,42,14,28,253,21,232,14.237288135593221,4.745762711864407,9.491525423728813,85.76271186440678,7.118644067796611,78.64406779661017
E00174427,114,23,9,14,91,11,80,20.175438596491226,7.894736842105263,12.280701754385964,79.82456140350878,9.649122807017543,70.17543859649122
E00174428,216,35,12,23,181,13,168,16.203703703703702,5.555555555555555,10.648148148148149,83.79629629629629,6.018518518518518,77.77777777777779
E00174430,288,33,12,21,255,14,241,11.458333333333332,4.166666666666666,7.291666666666667,88.54166666666666,4.861111111111112,83.68055555555556
E00174431,352,72,38,34,280,20,260,20.454545454545457,10.795454545454545,9.659090909090908,79.54545454545455,5.681818181818182,73.86363636363636
E00174433,191,28,17,11,163,13,150,14.659685863874344,8.900523560209423,5.7591623036649215,85.34031413612566,6.806282722513089,78.53403141361257
E00174434,156,34,16,18,122,17,105,21.794871794871796,10.256410256410255,11.538461538461538,78.2051282051282,10.897435897435898,67.3076923076923
E00174436,264,46,19,27,218,16,202,17.424242424242426,7.196969696969697,10.227272727272728,82.57575757575758,6.0606060606060606,76.51515151515152
E00174439,103,7,4,3,96,9,87,6.796116504854369,3.8834951456310676,2.912621359223301,93.20388349514563,8.737864077669903,84.46601941747572
E00174441,285,44,22,22,241,15,226,15.43859649122807,7.719298245614035,7.719298245614035,84.56140350877193,5.263157894736842,79.2982456140351
E00174442,218,30,9,21,188,10,178,13.761467889908257,4.128440366972478,9.63302752293578,86.23853211009175,4.587155963302752,81.65137614678899
E00174444,144,15,2,13,129,8,121,10.416666666666668,1.3888888888888888,9.027777777777777,89.58333333333334,5.555555555555555,84.02777777777779
E00174447,268,20,4,16,248,14,234,7.462686567164178,1.4925373134328357,5.970149253731343,92.53731343283582,5.223880597014925,87.31343283582089
E00174448,149,25,11,14,124,13,111,16.778523489932887,7.38255033557047,9.395973154362416,83.22147651006712,8.724832214765101,74.49664429530202
E00174450,179,39,10,29,140,13,127,21.787709497206702,5.58659217877095,16.201117318435752,78.2122905027933,7.262569832402235,70.94972067039106
E00174452,119,17,9,8,102,9,93,14.285714285714285,7.563025210084033,6.722689075630252,85.71428571428571,7.563025210084033,78.15126050420169
E00174453,181,33,10,23,148,12,136,18.23204419889503,5.524861878453039,12.70718232044199,81.76795580110497,6.629834254143646,75.13812154696133
E00174455,179,22,10,12,157,13,144,12.290502793296088,5.58659217877095,6.70391061452514,87.70949720670392,7.262569832402235,80.44692737430168
E00174456,178,13,2,11,165,7,158,7.303370786516854,1.1235955056179776,6.179775280898876,92.69662921348315,3.932584269662921,88.76404494382022
E00174458,231,33,12,21,198,14,184,14.285714285714285,5.194805194805195,9.090909090909092,85.71428571428571,6.0606060606060606,79.65367965367966
E00174461,491,83,37,46,408,18,390,16.90427698574338,7.535641547861507,9.368635437881874,83.09572301425662,3.6659877800407332,79.42973523421588
E00174462,563,107,68,39,456,21,435,19.005328596802844,12.078152753108348,6.927175843694494,80.99467140319716,3.7300177619893424,77.26465364120781
E00174464,239,97,47,50,142,15,127,40.58577405857741,19.665271966527197,20.920502092050206,59.41422594142259,6.2761506276150625,53.13807531380753
E00174466,151,23,10,13,128,10,118,15.2317880794702,6.622516556291391,8.609271523178808,84.76821192052981,6.622516556291391,78.1456953642384
E00174467,280,77,35,42,203,17,186,27.500000000000004,12.5,15,72.5,6.071428571428571,66.42857142857143
E00174470,243,57,27,30,186,16,170,23.456790123456788,11.11111111111111,12.345679012345679,76.5432098765432,6.584362139917696,69.95884773662551
E00174472,132,17,4,13,115,12,103,12.878787878787879,3.0303030303030303,9.848484848484848,87.12121212121212,9.090909090909092,78.03030303030303
E00179913,400,69,15,54,331,36,295,17.25,3.75,13.5,82.75,9,73.75
E00179918,416,74,24,50,342,29,313,17.78846153846154,5.769230769230769,12.01923076923077,82.21153846153845,6.971153846153847,75.24038461538461
E00179929,554,94,42,52,460,33,427,16.967509025270758,7.581227436823104,9.386281588447654,83.03249097472924,5.956678700361011,77.07581227436823
E00179937,143,8,0,8,135,9,126,5.594405594405594,0,5.594405594405594,94.4055944055944,6.293706293706294,88.11188811188812
E00179939,263,30,12,18,233,31,202,11.406844106463879,4.562737642585551,6.844106463878327,88.59315589353612,11.787072243346007,76.80608365019012
E00179941,442,49,17,32,393,23,370,11.085972850678733,3.8461538461538463,7.239819004524888,88.91402714932126,5.203619909502263,83.710407239819
E00179944,3354,390,63,327,2964,194,2770,11.627906976744185,1.8783542039355994,9.749552772808586,88.37209302325581,5.784138342277878,82.58795468097794
E00179945,177,31,13,18,146,12,134,17.51412429378531,7.344632768361582,10.16949152542373,82.485875706214685,6.779661016949152,75.70621468926554
E00179949,120,62,31,31,58,6,52,51.66666666666667,25.833333333333336,25.833333333333336,48.333333333333336,5,43.333333333333336
E00179952,310,29,12,17,281,14,267,9.35483870967742,3.870967741935484,5.483870967741936,90.64516129032259,4.516129032258064,86.12903225806451
E00179956,186,26,11,15,160,12,148,13.978494623655912,5.913978494623656,8.064516129032258,86.02150537634408,6.451612903225806,79.56989247311827
E00179959,299,58,24,34,241,21,220,19.39799331103679,8.02675585284281,11.37123745819398,80.60200668896321,7.023411371237458,73.57859531772574
E00179961,928,120,17,103,808,67,741,12.931034482758621,1.8318965517241377,11.099137931034484,87.06896551724138,7.219827586206897,79.84913793103449
E00179963,529,80,24,56,449,29,420,15.122873345935728,4.536862003780719,10.58601134215501,84.87712665406427,5.482041587901701,79.39508506616258
E00179966,180,40,21,19,140,4,136,22.22222222222222,11.666666666666666,10.555555555555555,77.77777777777779,2.2222222222222223,75.55555555555556
E00179970,380,66,28,38,314,32,282,17.36842105263158,7.368421052631578,10,82.63157894736842,8.421052631578947,74.21052631578947
E00179972,402,70,56,14,332,27,305,17.412935323383085,13.930348258706468,3.482587064676617,82.58706467661692,6.7164179104477615,75.87064676616916
E00179974,402,71,22,49,331,43,288,17.66169154228856,5.472636815920398,12.189054726368159,82.33830845771143,10.696517412935323,71.64179104477611
